30
1 0 61
2 0 15
2 1 57
3 0 18
3 1 54
3 2 56
4 0 6
4 1 3
4 2 31
4 3 77
5 0 33
5 1 14
5 2 74
5 3 27
5 4 66
6 0 79
6 1 71
6 2 34
6 3 29
6 4 58
6 5 64
7 0 72
7 1 66
7 2 57
7 3 43
7 4 60
7 5 13
7 6 4
8 0 36
8 1 38
8 2 14
8 3 6
8 4 42
8 5 11
8 6 10
8 7 75
9 0 45
9 1 28
9 2 78
9 3 27
9 4 18
9 5 43
9 6 65
9 7 9
9 8 39
10 0 18
10 1 41
10 2 79
10 3 65
10 4 77
10 5 45
10 6 13
10 7 4
10 8 26
10 9 65
11 0 11
11 1 72
11 2 4
11 3 41
11 4 11
11 5 41
11 6 6
11 7 65
11 8 1
11 9 35
11 10 30
12 0 54
12 1 38
12 2 11
12 3 48
12 4 72
12 5 1
12 6 47
12 7 73
12 8 46
12 9 68
12 10 73
12 11 61
13 0 20
13 1 71
13 2 75
13 3 18
13 4 62
13 5 25
13 6 1
13 7 16
13 8 25
13 9 38
13 10 57
13 11 68
13 12 8
14 0 14
14 1 16
14 2 55
14 3 14
14 4 37
14 5 18
14 6 34
14 7 57
14 8 33
14 9 8
14 10 43
14 11 11
14 12 69
14 13 27
15 0 77
15 1 64
15 2 57
15 3 37
15 4 42
15 5 8
15 6 35
15 7 26
15 8 75
15 9 23
15 10 77
15 11 9
15 12 48
15 13 16
15 14 64
16 0 42
16 1 32
16 2 80
16 3 42
16 4 6
16 5 17
16 6 16
16 7 43
16 8 38
16 9 1
16 10 74
16 11 73
16 12 28
16 13 43
16 14 11
16 15 73
17 0 77
17 1 11
17 2 77
17 3 12
17 4 57
17 5 9
17 6 66
17 7 58
17 8 29
17 9 55
17 10 53
17 11 55
17 12 29
17 13 41
17 14 42
17 15 56
17 16 76
18 0 14
18 1 40
18 2 71
18 3 41
18 4 31
18 5 36
18 6 72
18 7 49
18 8 39
18 9 20
18 10 4
18 11 60
18 12 50
18 13 40
18 14 68
18 15 36
18 16 67
18 17 58
19 0 18
19 1 43
19 2 57
19 3 62
19 4 49
19 5 54
19 6 34
19 7 54
19 8 20
19 9 22
19 10 25
19 11 32
19 12 47
19 13 46
19 14 29
19 15 11
19 16 59
19 17 45
19 18 12
20 0 4
20 1 17
20 2 59
20 3 17
20 4 63
20 5 29
20 6 12
20 7 68
20 8 66
20 9 34
20 10 16
20 11 65
20 12 73
20 13 77
20 14 76
20 15 29
20 16 64
20 17 9
20 18 5
20 19 61
21 0 19
21 1 79
21 2 57
21 3 12
21 4 72
21 5 10
21 6 70
21 7 13
21 8 38
21 9 61
21 10 73
21 11 2
21 12 46
21 13 35
21 14 42
21 15 76
21 16 56
21 17 9
21 18 16
21 19 64
21 20 54
22 0 68
22 1 77
22 2 49
22 3 28
22 4 63
22 5 1
22 6 37
22 7 13
22 8 63
22 9 29
22 10 39
22 11 20
22 12 19
22 13 69
22 14 27
22 15 80
22 16 53
22 17 7
22 18 22
22 19 10
22 20 19
22 21 63
23 0 49
23 1 74
23 2 28
23 3 16
23 4 24
23 5 9
23 6 63
23 7 26
23 8 70
23 9 33
23 10 17
23 11 58
23 12 77
23 13 69
23 14 73
23 15 63
23 16 11
23 17 34
23 18 17
23 19 29
23 20 71
23 21 44
23 22 59
24 0 9
24 1 62
24 2 37
24 3 51
24 4 12
24 5 24
24 6 46
24 7 35
24 8 64
24 9 73
24 10 25
24 11 72
24 12 31
24 13 8
24 14 5
24 15 39
24 16 46
24 17 63
24 18 13
24 19 69
24 20 47
24 21 11
24 22 8
24 23 62
25 0 18
25 1 50
25 2 32
25 3 24
25 4 61
25 5 14
25 6 65
25 7 2
25 8 75
25 9 26
25 10 59
25 11 76
25 12 48
25 13 8
25 14 9
25 15 2
25 16 73
25 17 61
25 18 7
25 19 49
25 20 2
25 21 67
25 22 26
25 23 23
25 24 48
26 0 77
26 1 54
26 2 68
26 3 59
26 4 36
26 5 38
26 6 32
26 7 3
26 8 59
26 9 78
26 10 62
26 11 80
26 12 74
26 13 35
26 14 67
26 15 66
26 16 23
26 17 71
26 18 29
26 19 37
26 20 18
26 21 61
26 22 40
26 23 28
26 24 23
26 25 56
27 0 78
27 1 24
27 2 1
27 3 33
27 4 56
27 5 39
27 6 71
27 7 23
27 8 25
27 9 22
27 10 46
27 11 6
27 12 67
27 13 51
27 14 16
27 15 8
27 16 43
27 17 15
27 18 37
27 19 37
27 20 44
27 21 17
27 22 57
27 23 37
27 24 79
27 25 14
27 26 28
28 0 12
28 1 46
28 2 36
28 3 16
28 4 45
28 5 74
28 6 41
28 7 48
28 8 31
28 9 4
28 10 56
28 11 45
28 12 61
28 13 70
28 14 17
28 15 1
28 16 46
28 17 45
28 18 3
28 19 9
28 20 53
28 21 9
28 22 4
28 23 21
28 24 41
28 25 44
28 26 26
28 27 71
29 0 36
29 1 47
29 2 39
29 3 52
29 4 35
29 5 47
29 6 49
29 7 25
29 8 80
29 9 12
29 10 80
29 11 35
29 12 69
29 13 73
29 14 79
29 15 71
29 16 21
29 17 6
29 18 22
29 19 36
29 20 7
29 21 70
29 22 61
29 23 27
29 24 30
29 25 79
29 26 64
29 27 28
29 28 50
