30
1 0 152
2 0 172
2 1 148
3 0 63
3 1 117
3 2 310
4 0 307
4 1 253
4 2 199
4 3 221
5 0 111
5 1 261
5 2 224
5 3 132
5 4 35
6 0 289
6 1 270
6 2 240
6 3 121
6 4 75
6 5 233
7 0 223
7 1 166
7 2 26
7 3 31
7 4 244
7 5 44
7 6 255
8 0 169
8 1 223
8 2 52
8 3 245
8 4 188
8 5 273
8 6 306
8 7 17
9 0 300
9 1 196
9 2 194
9 3 231
9 4 57
9 5 132
9 6 271
9 7 23
9 8 158
10 0 106
10 1 85
10 2 100
10 3 132
10 4 76
10 5 233
10 6 106
10 7 63
10 8 312
10 9 64
11 0 206
11 1 224
11 2 35
11 3 127
11 4 221
11 5 230
11 6 49
11 7 292
11 8 319
11 9 47
11 10 115
12 0 252
12 1 301
12 2 155
12 3 142
12 4 215
12 5 34
12 6 163
12 7 278
12 8 318
12 9 145
12 10 46
12 11 175
13 0 274
13 1 257
13 2 266
13 3 12
13 4 175
13 5 124
13 6 307
13 7 218
13 8 265
13 9 138
13 10 57
13 11 63
13 12 158
14 0 1
14 1 180
14 2 213
14 3 254
14 4 208
14 5 18
14 6 319
14 7 229
14 8 169
14 9 198
14 10 68
14 11 75
14 12 10
14 13 308
15 0 75
15 1 10
15 2 45
15 3 286
15 4 298
15 5 95
15 6 4
15 7 180
15 8 210
15 9 181
15 10 162
15 11 61
15 12 170
15 13 244
15 14 214
16 0 12
16 1 61
16 2 284
16 3 130
16 4 228
16 5 239
16 6 318
16 7 262
16 8 22
16 9 57
16 10 134
16 11 306
16 12 94
16 13 144
16 14 132
16 15 309
17 0 303
17 1 3
17 2 196
17 3 285
17 4 11
17 5 156
17 6 4
17 7 185
17 8 118
17 9 245
17 10 127
17 11 145
17 12 268
17 13 228
17 14 116
17 15 56
17 16 103
18 0 90
18 1 127
18 2 107
18 3 106
18 4 235
18 5 212
18 6 250
18 7 215
18 8 62
18 9 134
18 10 72
18 11 219
18 12 273
18 13 90
18 14 58
18 15 272
18 16 135
18 17 224
19 0 137
19 1 264
19 2 238
19 3 115
19 4 169
19 5 65
19 6 199
19 7 142
19 8 25
19 9 174
19 10 94
19 11 284
19 12 246
19 13 157
19 14 28
19 15 35
19 16 130
19 17 1
19 18 62
20 0 266
20 1 134
20 2 7
20 3 199
20 4 312
20 5 199
20 6 40
20 7 227
20 8 244
20 9 47
20 10 300
20 11 269
20 12 152
20 13 275
20 14 127
20 15 52
20 16 168
20 17 224
20 18 43
20 19 151
21 0 256
21 1 225
21 2 174
21 3 201
21 4 130
21 5 218
21 6 108
21 7 23
21 8 88
21 9 261
21 10 199
21 11 110
21 12 102
21 13 202
21 14 263
21 15 230
21 16 319
21 17 37
21 18 314
21 19 94
21 20 173
22 0 303
22 1 83
22 2 54
22 3 78
22 4 22
22 5 207
22 6 176
22 7 139
22 8 46
22 9 76
22 10 304
22 11 53
22 12 174
22 13 184
22 14 246
22 15 222
22 16 304
22 17 288
22 18 299
22 19 73
22 20 240
22 21 103
23 0 138
23 1 202
23 2 230
23 3 79
23 4 271
23 5 302
23 6 245
23 7 187
23 8 90
23 9 311
23 10 217
23 11 180
23 12 82
23 13 108
23 14 47
23 15 51
23 16 148
23 17 208
23 18 168
23 19 164
23 20 156
23 21 236
23 22 33
24 0 251
24 1 275
24 2 49
24 3 267
24 4 115
24 5 9
24 6 92
24 7 252
24 8 117
24 9 53
24 10 280
24 11 259
24 12 270
24 13 279
24 14 236
24 15 40
24 16 39
24 17 48
24 18 313
24 19 277
24 20 61
24 21 100
24 22 11
24 23 245
25 0 34
25 1 195
25 2 93
25 3 171
25 4 250
25 5 233
25 6 45
25 7 189
25 8 200
25 9 178
25 10 228
25 11 70
25 12 303
25 13 246
25 14 209
25 15 100
25 16 17
25 17 36
25 18 209
25 19 83
25 20 140
25 21 178
25 22 214
25 23 210
25 24 176
26 0 186
26 1 309
26 2 274
26 3 317
26 4 98
26 5 143
26 6 197
26 7 48
26 8 83
26 9 298
26 10 93
26 11 190
26 12 295
26 13 99
26 14 101
26 15 250
26 16 138
26 17 236
26 18 5
26 19 274
26 20 9
26 21 106
26 22 292
26 23 205
26 24 32
26 25 316
27 0 17
27 1 12
27 2 317
27 3 96
27 4 38
27 5 158
27 6 282
27 7 234
27 8 74
27 9 73
27 10 119
27 11 142
27 12 253
27 13 113
27 14 208
27 15 163
27 16 239
27 17 48
27 18 108
27 19 129
27 20 32
27 21 17
27 22 118
27 23 295
27 24 186
27 25 46
27 26 176
28 0 8
28 1 252
28 2 72
28 3 199
28 4 66
28 5 70
28 6 240
28 7 314
28 8 119
28 9 319
28 10 52
28 11 118
28 12 114
28 13 70
28 14 152
28 15 67
28 16 173
28 17 64
28 18 26
28 19 127
28 20 74
28 21 34
28 22 58
28 23 215
28 24 231
28 25 220
28 26 89
28 27 314
29 0 68
29 1 37
29 2 202
29 3 114
29 4 15
29 5 52
29 6 214
29 7 83
29 8 278
29 9 73
29 10 213
29 11 146
29 12 227
29 13 287
29 14 80
29 15 255
29 16 39
29 17 28
29 18 171
29 19 163
29 20 263
29 21 313
29 22 295
29 23 283
29 24 152
29 25 68
29 26 281
29 27 144
29 28 190
