30
1 0 17
2 0 88
2 1 35
3 0 112
3 1 148
3 2 86
4 0 114
4 1 74
4 2 132
4 3 73
5 0 40
5 1 123
5 2 31
5 3 158
5 4 105
6 0 67
6 1 87
6 2 146
6 3 66
6 4 75
6 5 90
7 0 87
7 1 132
7 2 35
7 3 93
7 4 139
7 5 26
7 6 119
8 0 130
8 1 71
8 2 101
8 3 116
8 4 146
8 5 67
8 6 67
8 7 97
9 0 100
9 1 53
9 2 40
9 3 37
9 4 93
9 5 81
9 6 4
9 7 85
9 8 96
10 0 34
10 1 97
10 2 155
10 3 152
10 4 137
10 5 128
10 6 112
10 7 71
10 8 151
10 9 12
11 0 118
11 1 64
11 2 93
11 3 92
11 4 92
11 5 123
11 6 104
11 7 76
11 8 5
11 9 149
11 10 8
12 0 121
12 1 44
12 2 12
12 3 93
12 4 137
12 5 50
12 6 15
12 7 61
12 8 147
12 9 55
12 10 55
12 11 153
13 0 80
13 1 137
13 2 140
13 3 37
13 4 147
13 5 46
13 6 127
13 7 39
13 8 120
13 9 104
13 10 155
13 11 38
13 12 1
14 0 76
14 1 42
14 2 68
14 3 11
14 4 146
14 5 145
14 6 104
14 7 73
14 8 143
14 9 124
14 10 107
14 11 141
14 12 106
14 13 101
15 0 121
15 1 44
15 2 26
15 3 111
15 4 2
15 5 112
15 6 144
15 7 149
15 8 66
15 9 54
15 10 75
15 11 13
15 12 77
15 13 156
15 14 130
16 0 43
16 1 52
16 2 100
16 3 124
16 4 104
16 5 22
16 6 45
16 7 107
16 8 86
16 9 93
16 10 147
16 11 140
16 12 142
16 13 102
16 14 33
16 15 107
17 0 25
17 1 129
17 2 91
17 3 125
17 4 131
17 5 113
17 6 91
17 7 74
17 8 20
17 9 92
17 10 119
17 11 153
17 12 146
17 13 13
17 14 56
17 15 117
17 16 70
18 0 86
18 1 111
18 2 137
18 3 103
18 4 67
18 5 150
18 6 53
18 7 57
18 8 115
18 9 95
18 10 51
18 11 28
18 12 104
18 13 20
18 14 85
18 15 27
18 16 91
18 17 51
19 0 44
19 1 111
19 2 48
19 3 59
19 4 136
19 5 122
19 6 25
19 7 131
19 8 51
19 9 147
19 10 42
19 11 134
19 12 149
19 13 96
19 14 22
19 15 72
19 16 90
19 17 35
19 18 83
20 0 113
20 1 9
20 2 106
20 3 144
20 4 141
20 5 58
20 6 140
20 7 53
20 8 39
20 9 113
20 10 108
20 11 63
20 12 154
20 13 58
20 14 3
20 15 64
20 16 24
20 17 109
20 18 53
20 19 37
21 0 28
21 1 61
21 2 110
21 3 70
21 4 109
21 5 61
21 6 135
21 7 64
21 8 5
21 9 96
21 10 83
21 11 119
21 12 3
21 13 90
21 14 63
21 15 47
21 16 12
21 17 100
21 18 102
21 19 37
21 20 68
22 0 45
22 1 8
22 2 55
22 3 130
22 4 136
22 5 19
22 6 59
22 7 112
22 8 57
22 9 75
22 10 150
22 11 40
22 12 104
22 13 101
22 14 100
22 15 52
22 16 144
22 17 10
22 18 2
22 19 60
22 20 154
22 21 122
23 0 139
23 1 154
23 2 79
23 3 12
23 4 134
23 5 36
23 6 96
23 7 64
23 8 31
23 9 107
23 10 66
23 11 154
23 12 89
23 13 145
23 14 160
23 15 132
23 16 115
23 17 64
23 18 63
23 19 127
23 20 137
23 21 32
23 22 114
24 0 152
24 1 136
24 2 47
24 3 90
24 4 149
24 5 71
24 6 20
24 7 50
24 8 25
24 9 82
24 10 33
24 11 140
24 12 108
24 13 102
24 14 13
24 15 10
24 16 50
24 17 124
24 18 160
24 19 111
24 20 45
24 21 114
24 22 155
24 23 156
25 0 70
25 1 86
25 2 26
25 3 143
25 4 139
25 5 73
25 6 132
25 7 100
25 8 77
25 9 90
25 10 19
25 11 16
25 12 118
25 13 67
25 14 85
25 15 63
25 16 125
25 17 90
25 18 141
25 19 76
25 20 89
25 21 56
25 22 156
25 23 76
25 24 103
26 0 106
26 1 67
26 2 95
26 3 155
26 4 64
26 5 42
26 6 35
26 7 91
26 8 141
26 9 52
26 10 147
26 11 12
26 12 73
26 13 75
26 14 56
26 15 102
26 16 4
26 17 36
26 18 51
26 19 55
26 20 40
26 21 60
26 22 73
26 23 84
26 24 95
26 25 82
27 0 38
27 1 57
27 2 99
27 3 116
27 4 62
27 5 108
27 6 9
27 7 125
27 8 136
27 9 160
27 10 86
27 11 87
27 12 141
27 13 15
27 14 28
27 15 90
27 16 142
27 17 87
27 18 42
27 19 148
27 20 23
27 21 49
27 22 118
27 23 139
27 24 79
27 25 13
27 26 48
28 0 136
28 1 104
28 2 156
28 3 40
28 4 146
28 5 109
28 6 146
28 7 76
28 8 91
28 9 137
28 10 100
28 11 15
28 12 111
28 13 140
28 14 45
28 15 123
28 16 151
28 17 32
28 18 5
28 19 103
28 20 129
28 21 3
28 22 5
28 23 59
28 24 52
28 25 153
28 26 120
28 27 133
29 0 160
29 1 123
29 2 101
29 3 58
29 4 78
29 5 65
29 6 51
29 7 107
29 8 11
29 9 49
29 10 23
29 11 114
29 12 6
29 13 135
29 14 86
29 15 41
29 16 71
29 17 26
29 18 83
29 19 143
29 20 138
29 21 149
29 22 75
29 23 110
29 24 16
29 25 111
29 26 135
29 27 121
29 28 13
