30
2 0 135
3 1 198
3 2 50
4 0 83
4 2 296
4 3 33
5 1 85
5 2 25
5 3 292
6 1 302
6 2 297
6 3 33
6 4 98
6 5 309
7 2 249
7 4 81
7 5 224
7 6 143
8 0 274
8 3 286
9 1 156
9 2 56
9 5 98
9 6 111
9 8 79
10 0 33
10 3 33
10 5 225
10 7 259
11 1 161
11 2 304
11 3 190
11 6 311
11 7 215
12 0 270
12 1 277
12 4 155
12 5 97
12 6 86
12 8 74
12 9 200
12 11 301
13 2 214
13 4 105
13 10 73
13 11 258
13 12 246
14 0 204
14 1 220
14 4 161
14 9 41
14 11 22
14 12 137
15 0 87
15 2 180
15 6 87
15 9 94
15 10 89
15 11 156
15 12 7
15 14 196
16 0 104
16 1 233
16 2 48
16 5 50
16 6 188
16 7 47
16 10 91
16 12 74
16 14 315
16 15 11
17 0 140
17 3 14
17 4 275
17 9 89
17 10 143
17 11 249
17 12 300
17 13 177
17 15 129
17 16 290
18 1 235
18 5 235
18 6 123
18 8 302
18 9 305
18 10 154
18 11 148
18 12 284
18 13 23
18 15 140
18 16 301
19 1 156
19 2 221
19 4 71
19 5 164
19 6 193
19 7 303
19 9 165
19 10 174
19 12 153
19 18 251
20 1 295
20 4 129
20 6 166
20 7 309
20 10 17
20 12 287
20 16 243
20 17 55
21 0 93
21 1 189
21 5 309
21 6 179
21 7 71
21 9 188
21 10 75
21 11 197
21 14 264
21 16 191
21 19 146
21 20 76
22 0 235
22 1 154
22 4 123
22 5 58
22 6 317
22 7 165
22 10 280
22 14 318
22 16 131
22 18 47
22 19 168
22 21 317
23 1 226
23 2 152
23 3 157
23 6 35
23 7 5
23 10 212
23 11 251
23 12 111
23 13 81
23 14 176
23 16 270
23 18 185
24 2 149
24 4 4
24 5 148
24 6 218
24 12 286
24 13 185
24 15 64
24 16 87
24 17 297
24 19 73
24 22 96
25 0 89
25 2 90
25 3 163
25 5 306
25 6 34
25 7 152
25 15 221
25 16 171
25 19 145
25 20 248
25 22 177
25 24 279
26 2 169
26 3 281
26 4 58
26 5 68
26 7 237
26 8 18
26 10 101
26 14 39
26 16 296
26 17 65
26 19 271
26 20 275
26 21 1
26 23 318
26 25 270
27 0 200
27 1 298
27 2 104
27 3 235
27 4 54
27 6 246
27 7 126
27 8 16
27 9 88
27 11 317
27 12 164
27 13 199
27 14 313
27 15 201
27 16 210
27 18 168
27 19 274
27 22 278
27 24 198
27 26 201
28 0 92
28 1 316
28 2 85
28 4 266
28 6 39
28 7 288
28 8 56
28 9 229
28 10 275
28 16 68
28 18 223
28 19 274
28 21 284
28 24 254
28 27 16
29 1 54
29 3 217
29 6 134
29 7 11
29 10 142
29 12 185
29 13 162
29 14 234
29 15 146
29 16 99
29 19 20
29 20 27
29 21 320
29 23 29
29 24 82
29 28 147
