30
1 0 4
2 0 11
3 0 12
3 2 17
4 3 19
5 0 17
5 2 20
5 4 7
6 1 18
6 2 13
6 3 18
6 4 15
6 5 14
7 0 1
7 1 8
7 2 8
7 3 5
7 5 20
8 1 15
8 2 1
8 3 2
8 4 2
8 6 8
9 0 18
9 2 12
9 3 4
9 7 1
10 0 9
10 1 3
10 3 7
10 6 4
10 7 20
11 0 11
11 1 13
11 5 17
11 6 4
11 7 6
11 9 8
11 10 3
12 2 2
12 5 16
12 6 16
12 10 7
12 11 1
13 0 8
13 1 7
13 3 1
13 5 2
13 7 3
13 8 15
13 9 14
13 10 8
14 0 2
14 1 18
14 3 15
14 4 14
14 7 13
14 12 17
14 13 6
15 0 3
15 3 7
15 4 16
15 6 13
15 8 19
15 9 4
15 13 7
16 2 16
16 4 9
16 8 9
16 9 6
16 15 17
17 1 7
17 3 12
17 4 15
17 7 9
17 8 14
17 12 4
17 13 4
17 15 3
17 16 1
18 0 1
18 1 9
18 2 9
18 3 6
18 5 3
18 7 2
18 11 14
18 12 11
18 13 20
18 16 7
19 0 9
19 1 3
19 2 6
19 3 10
19 6 1
19 7 8
19 8 9
19 9 9
19 11 7
19 13 5
19 17 8
20 1 18
20 3 8
20 4 13
20 5 17
20 8 11
20 9 6
20 10 10
20 13 16
20 14 17
20 18 12
21 2 12
21 3 20
21 4 16
21 6 3
21 7 6
21 9 2
21 10 11
21 11 10
21 12 12
21 15 4
21 18 5
22 1 18
22 2 3
22 4 13
22 5 12
22 6 17
22 7 15
22 8 20
22 11 6
22 13 12
22 15 4
22 16 1
22 18 18
22 20 15
23 1 3
23 3 5
23 4 6
23 8 5
23 9 13
23 12 9
23 13 19
23 14 8
23 16 3
23 17 4
23 18 9
23 19 15
23 20 2
23 22 5
24 0 14
24 5 12
24 10 8
24 12 10
24 14 10
24 17 7
24 18 10
24 19 9
24 21 5
24 23 17
25 0 3
25 2 10
25 5 11
25 6 10
25 10 9
25 12 7
25 13 10
25 15 11
25 16 11
25 18 2
25 21 8
25 23 20
26 3 8
26 4 6
26 5 18
26 7 10
26 8 2
26 10 4
26 13 8
26 19 8
26 20 5
26 21 1
26 22 5
26 25 2
27 1 20
27 2 12
27 3 1
27 8 11
27 11 14
27 12 19
27 20 4
27 21 19
27 26 16
28 2 12
28 7 17
28 8 15
28 12 3
28 13 5
28 15 4
28 18 3
28 20 14
28 22 9
28 27 8
29 1 10
29 3 11
29 4 19
29 5 8
29 6 20
29 7 17
29 8 8
29 9 8
29 10 14
29 11 7
29 15 20
29 20 8
29 21 14
29 22 10
29 25 3
29 27 9
