30
1 0 14
2 0 13
2 1 35
3 0 4
3 1 20
3 2 17
4 0 11
4 1 17
4 2 35
4 3 26
5 0 37
5 1 30
5 2 20
5 3 32
5 4 1
6 0 14
6 1 40
6 2 30
6 3 12
6 4 25
6 5 16
7 0 14
7 1 40
7 2 22
7 3 40
7 4 13
7 5 11
7 6 15
8 0 22
8 1 39
8 2 40
8 3 15
8 4 1
8 5 7
8 6 21
8 7 38
9 0 15
9 1 25
9 2 40
9 3 21
9 4 9
9 5 7
9 6 7
9 7 2
9 8 22
10 0 5
10 1 38
10 2 38
10 3 21
10 4 15
10 5 38
10 6 4
10 7 8
10 8 4
10 9 40
11 0 27
11 1 27
11 2 15
11 3 7
11 4 18
11 5 7
11 6 23
11 7 35
11 8 31
11 9 29
11 10 34
12 0 3
12 1 39
12 2 21
12 3 33
12 4 27
12 5 15
12 6 29
12 7 14
12 8 29
12 9 35
12 10 7
12 11 39
13 0 30
13 1 35
13 2 10
13 3 12
13 4 18
13 5 1
13 6 21
13 7 29
13 8 40
13 9 1
13 10 30
13 11 3
13 12 34
14 0 18
14 1 22
14 2 33
14 3 16
14 4 13
14 5 33
14 6 19
14 7 1
14 8 9
14 9 27
14 10 32
14 11 31
14 12 13
14 13 18
15 0 14
15 1 38
15 2 28
15 3 5
15 4 10
15 5 31
15 6 6
15 7 1
15 8 10
15 9 21
15 10 7
15 11 3
15 12 20
15 13 17
15 14 34
16 0 15
16 1 24
16 2 1
16 3 22
16 4 13
16 5 36
16 6 16
16 7 13
16 8 19
16 9 32
16 10 11
16 11 30
16 12 28
16 13 10
16 14 6
16 15 29
17 0 18
17 1 30
17 2 39
17 3 6
17 4 5
17 5 7
17 6 35
17 7 16
17 8 1
17 9 13
17 10 5
17 11 24
17 12 8
17 13 15
17 14 4
17 15 28
17 16 6
18 0 14
18 1 9
18 2 18
18 3 19
18 4 34
18 5 4
18 6 37
18 7 19
18 8 25
18 9 33
18 10 9
18 11 25
18 12 7
18 13 2
18 14 14
18 15 24
18 16 3
18 17 27
19 0 20
19 1 29
19 2 25
19 3 6
19 4 16
19 5 15
19 6 13
19 7 15
19 8 4
19 9 31
19 10 12
19 11 5
19 12 27
19 13 2
19 14 12
19 15 26
19 16 23
19 17 16
19 18 8
20 0 38
20 1 19
20 2 5
20 3 3
20 4 35
20 5 8
20 6 19
20 7 12
20 8 38
20 9 33
20 10 23
20 11 3
20 12 20
20 13 1
20 14 11
20 15 20
20 16 36
20 17 10
20 18 12
20 19 6
21 0 20
21 1 24
21 2 11
21 3 24
21 4 33
21 5 2
21 6 6
21 7 13
21 8 40
21 9 27
21 10 24
21 11 7
21 12 27
21 13 40
21 14 9
21 15 8
21 16 28
21 17 21
21 18 11
21 19 19
21 20 18
22 0 1
22 1 28
22 2 8
22 3 17
22 4 16
22 5 29
22 6 10
22 7 23
22 8 39
22 9 35
22 10 13
22 11 30
22 12 20
22 13 17
22 14 21
22 15 24
22 16 17
22 17 29
22 18 31
22 19 20
22 20 40
22 21 30
23 0 9
23 1 38
23 2 25
23 3 36
23 4 11
23 5 19
23 6 32
23 7 33
23 8 5
23 9 10
23 10 20
23 11 37
23 12 39
23 13 35
23 14 8
23 15 27
23 16 8
23 17 29
23 18 34
23 19 1
23 20 7
23 21 9
23 22 8
24 0 15
24 1 19
24 2 35
24 3 13
24 4 5
24 5 29
24 6 29
24 7 39
24 8 22
24 9 17
24 10 21
24 11 34
24 12 22
24 13 7
24 14 7
24 15 32
24 16 29
24 17 23
24 18 40
24 19 34
24 20 25
24 21 17
24 22 23
24 23 7
25 0 6
25 1 39
25 2 29
25 3 32
25 4 13
25 5 20
25 6 33
25 7 16
25 8 16
25 9 24
25 10 40
25 11 22
25 12 23
25 13 21
25 14 20
25 15 14
25 16 24
25 17 31
25 18 40
25 19 5
25 20 28
25 21 33
25 22 26
25 23 32
25 24 9
26 0 21
26 1 8
26 2 5
26 3 27
26 4 20
26 5 18
26 6 31
26 7 22
26 8 34
26 9 36
26 10 32
26 11 1
26 12 31
26 13 7
26 14 23
26 15 37
26 16 40
26 17 6
26 18 22
26 19 7
26 20 2
26 21 35
26 22 32
26 23 14
26 24 29
26 25 33
27 0 4
27 1 2
27 2 27
27 3 12
27 4 40
27 5 5
27 6 17
27 7 6
27 8 12
27 9 5
27 10 17
27 11 25
27 12 17
27 13 25
27 14 10
27 15 10
27 16 14
27 17 36
27 18 27
27 19 23
27 20 12
27 21 15
27 22 12
27 23 7
27 24 35
27 25 30
27 26 8
28 0 1
28 1 8
28 2 1
28 3 21
28 4 4
28 5 7
28 6 7
28 7 39
28 8 7
28 9 1
28 10 27
28 11 35
28 12 33
28 13 22
28 14 12
28 15 6
28 16 10
28 17 4
28 18 11
28 19 5
28 20 19
28 21 32
28 22 7
28 23 16
28 24 30
28 25 31
28 26 3
28 27 38
29 0 26
29 1 20
29 2 35
29 3 14
29 4 2
29 5 5
29 6 18
29 7 26
29 8 23
29 9 31
29 10 24
29 11 9
29 12 30
29 13 8
29 14 23
29 15 2
29 16 31
29 17 34
29 18 27
29 19 30
29 20 18
29 21 23
29 22 21
29 23 13
29 24 34
29 25 32
29 26 14
29 27 6
29 28 36
