30
1 0 7
2 0 8
2 1 3
3 0 3
3 1 8
3 2 10
4 0 6
4 1 2
4 2 5
4 3 4
5 0 6
5 1 10
5 2 4
5 3 1
5 4 10
6 0 2
6 1 9
6 2 6
6 3 5
6 4 1
6 5 7
7 0 9
7 1 4
7 2 6
7 3 7
7 4 1
7 5 4
7 6 6
8 0 10
8 1 5
8 2 3
8 3 3
8 4 9
8 5 7
8 6 3
8 7 4
9 0 1
9 1 2
9 2 10
9 3 10
9 4 5
9 5 5
9 6 2
9 7 7
9 8 8
10 0 2
10 1 7
10 2 6
10 3 10
10 4 9
10 5 8
10 6 7
10 7 9
10 8 9
10 9 10
11 0 9
11 1 6
11 2 10
11 3 8
11 4 10
11 5 5
11 6 8
11 7 5
11 8 7
11 9 7
11 10 8
12 0 1
12 1 9
12 2 4
12 3 4
12 4 5
12 5 5
12 6 8
12 7 1
12 8 9
12 9 2
12 10 6
12 11 7
13 0 8
13 1 2
13 2 7
13 3 5
13 4 7
13 5 3
13 6 2
13 7 9
13 8 7
13 9 4
13 10 4
13 11 4
13 12 8
14 0 9
14 1 1
14 2 1
14 3 10
14 4 7
14 5 8
14 6 3
14 7 4
14 8 2
14 9 2
14 10 2
14 11 10
14 12 1
14 13 8
15 0 3
15 1 7
15 2 8
15 3 3
15 4 4
15 5 7
15 6 2
15 7 5
15 8 1
15 9 3
15 10 8
15 11 4
15 12 9
15 13 8
15 14 9
16 0 7
16 1 6
16 2 6
16 3 1
16 4 8
16 5 8
16 6 7
16 7 2
16 8 9
16 9 5
16 10 6
16 11 4
16 12 4
16 13 2
16 14 7
16 15 6
17 0 9
17 1 9
17 2 10
17 3 2
17 4 8
17 5 2
17 6 4
17 7 6
17 8 3
17 9 10
17 10 6
17 11 4
17 12 3
17 13 9
17 14 10
17 15 3
17 16 8
18 0 6
18 1 6
18 2 7
18 3 1
18 4 4
18 5 10
18 6 7
18 7 8
18 8 2
18 9 2
18 10 2
18 11 7
18 12 5
18 13 5
18 14 7
18 15 4
18 16 5
18 17 5
19 0 5
19 1 1
19 2 9
19 3 2
19 4 9
19 5 5
19 6 9
19 7 5
19 8 7
19 9 10
19 10 8
19 11 9
19 12 9
19 13 10
19 14 5
19 15 10
19 16 3
19 17 7
19 18 6
20 0 9
20 1 8
20 2 4
20 3 5
20 4 6
20 5 8
20 6 8
20 7 8
20 8 7
20 9 2
20 10 10
20 11 1
20 12 5
20 13 5
20 14 10
20 15 4
20 16 10
20 17 5
20 18 1
20 19 4
21 0 7
21 1 3
21 2 10
21 3 1
21 4 1
21 5 2
21 6 1
21 7 1
21 8 10
21 9 6
21 10 4
21 11 4
21 12 6
21 13 5
21 14 5
21 15 5
21 16 7
21 17 7
21 18 5
21 19 10
21 20 10
22 0 4
22 1 5
22 2 4
22 3 2
22 4 2
22 5 6
22 6 2
22 7 10
22 8 7
22 9 4
22 10 9
22 11 6
22 12 10
22 13 5
22 14 3
22 15 7
22 16 5
22 17 5
22 18 9
22 19 9
22 20 7
22 21 1
23 0 6
23 1 6
23 2 8
23 3 4
23 4 5
23 5 3
23 6 9
23 7 2
23 8 10
23 9 3
23 10 5
23 11 7
23 12 5
23 13 1
23 14 5
23 15 8
23 16 6
23 17 5
23 18 5
23 19 8
23 20 5
23 21 10
23 22 7
24 0 4
24 1 8
24 2 10
24 3 1
24 4 3
24 5 10
24 6 2
24 7 6
24 8 8
24 9 10
24 10 8
24 11 7
24 12 6
24 13 6
24 14 5
24 15 4
24 16 9
24 17 1
24 18 7
24 19 4
24 20 3
24 21 5
24 22 7
24 23 2
25 0 8
25 1 5
25 2 3
25 3 9
25 4 1
25 5 1
25 6 6
25 7 1
25 8 2
25 9 3
25 10 3
25 11 2
25 12 6
25 13 2
25 14 5
25 15 6
25 16 1
25 17 4
25 18 9
25 19 2
25 20 8
25 21 10
25 22 1
25 23 5
25 24 5
26 0 6
26 1 4
26 2 4
26 3 9
26 4 2
26 5 4
26 6 6
26 7 10
26 8 4
26 9 7
26 10 3
26 11 10
26 12 10
26 13 1
26 14 6
26 15 3
26 16 1
26 17 1
26 18 7
26 19 10
26 20 4
26 21 9
26 22 6
26 23 7
26 24 8
26 25 8
27 0 3
27 1 4
27 2 4
27 3 1
27 4 2
27 5 3
27 6 1
27 7 4
27 8 4
27 9 9
27 10 2
27 11 3
27 12 8
27 13 3
27 14 9
27 15 5
27 16 8
27 17 2
27 18 2
27 19 7
27 20 6
27 21 9
27 22 4
27 23 6
27 24 2
27 25 4
27 26 1
28 0 7
28 1 6
28 2 7
28 3 5
28 4 1
28 5 4
28 6 2
28 7 4
28 8 7
28 9 8
28 10 8
28 11 9
28 12 8
28 13 5
28 14 2
28 15 2
28 16 5
28 17 3
28 18 6
28 19 6
28 20 8
28 21 9
28 22 4
28 23 9
28 24 9
28 25 9
28 26 4
28 27 1
29 0 10
29 1 8
29 2 7
29 3 10
29 4 5
29 5 1
29 6 1
29 7 8
29 8 5
29 9 9
29 10 3
29 11 2
29 12 5
29 13 2
29 14 1
29 15 7
29 16 4
29 17 10
29 18 4
29 19 9
29 20 6
29 21 1
29 22 9
29 23 5
29 24 10
29 25 4
29 26 9
29 27 7
29 28 10
