30
3 0 38
3 2 7
4 0 6
4 1 17
4 3 32
5 2 4
5 3 10
5 4 21
6 0 7
6 2 1
6 3 33
7 1 9
7 4 36
7 5 29
8 0 40
8 1 35
8 3 17
9 1 11
9 3 16
9 5 22
9 7 35
10 1 4
10 2 40
10 6 36
10 7 21
10 9 1
11 0 15
11 1 1
11 2 25
11 3 9
11 4 26
12 1 5
12 3 15
12 5 27
12 7 22
12 8 39
12 9 12
12 10 4
12 11 24
13 3 14
13 4 35
13 5 29
13 6 8
13 8 14
13 9 19
13 10 39
14 3 40
14 4 15
14 5 4
14 6 11
14 7 5
14 11 23
15 3 21
15 4 1
15 5 7
15 6 19
15 7 21
15 8 11
15 10 30
15 13 2
16 2 39
16 3 27
16 4 28
16 5 27
16 6 1
16 8 13
16 9 27
16 11 20
16 13 9
16 14 1
17 5 30
17 6 1
17 8 2
17 11 19
17 13 1
17 15 2
17 16 11
18 3 14
18 6 15
18 8 9
18 9 34
18 11 1
18 12 20
18 13 25
18 14 19
18 16 1
18 17 24
19 0 5
19 1 23
19 2 8
19 3 23
19 5 30
19 9 15
19 11 40
19 13 33
19 16 5
19 17 21
20 2 21
20 3 39
20 9 25
20 12 1
20 14 3
20 18 3
21 0 5
21 2 21
21 3 7
21 5 28
21 6 10
21 7 9
21 8 24
21 9 20
21 12 20
21 14 1
21 16 38
21 18 19
21 19 16
21 20 2
22 0 27
22 1 8
22 2 37
22 10 14
22 11 18
22 12 12
22 13 3
22 19 32
22 20 12
23 1 6
23 2 8
23 4 19
23 13 9
23 14 13
23 17 6
23 20 7
23 21 13
23 22 40
24 4 16
24 6 32
24 8 18
24 9 27
24 11 3
24 12 4
24 16 23
24 17 5
24 18 35
24 19 36
24 22 35
25 4 25
25 5 4
25 7 30
25 10 5
25 12 38
25 14 21
25 17 4
25 18 10
25 19 7
25 23 13
26 0 29
26 2 26
26 3 31
26 4 37
26 7 36
26 8 16
26 10 20
26 11 38
26 17 36
26 18 4
26 19 24
26 21 22
26 22 7
26 23 31
26 24 30
27 0 27
27 3 32
27 5 13
27 7 28
27 8 16
27 12 12
27 13 16
27 15 24
27 21 1
27 24 1
27 25 22
27 26 1
28 2 12
28 3 35
28 8 11
28 10 29
28 11 38
28 16 6
28 17 1
28 19 16
28 21 34
28 22 26
28 26 36
29 0 25
29 2 27
29 4 4
29 5 21
29 12 33
29 15 8
29 16 15
29 17 3
29 19 20
29 20 33
29 22 36
29 23 7
29 24 37
29 25 5
29 26 32
29 28 11
