30
1 0 67
2 0 38
3 2 67
5 1 66
5 3 73
6 1 49
6 3 42
6 5 35
7 1 61
7 2 32
7 3 16
7 5 15
7 6 39
8 2 68
8 4 22
8 6 45
9 0 64
9 5 62
9 8 68
10 1 59
10 2 42
10 3 19
10 5 44
10 7 39
10 8 72
11 0 23
11 4 48
11 5 35
11 10 29
12 1 61
12 2 53
12 3 35
12 4 66
12 5 34
12 6 49
12 9 14
12 10 59
12 11 16
13 0 75
13 1 68
13 6 46
13 9 6
14 4 71
14 7 75
14 8 24
14 9 78
14 10 15
14 11 16
14 13 32
15 0 14
15 1 34
15 2 59
15 3 55
15 4 28
15 7 49
15 9 15
15 10 45
15 13 52
15 14 75
16 0 70
16 3 34
16 6 24
16 8 27
16 9 8
16 10 14
16 13 59
16 15 58
17 2 59
17 3 10
17 4 68
17 7 69
17 8 5
17 9 62
18 0 2
18 3 23
18 5 77
18 6 11
18 8 78
18 9 68
18 10 75
18 13 31
18 15 35
18 16 68
19 3 2
19 5 53
19 6 34
19 9 3
19 14 73
19 15 43
19 17 66
19 18 65
20 0 20
20 1 58
20 2 23
20 3 10
20 5 24
20 6 44
20 9 37
20 12 26
20 13 21
20 14 43
20 15 56
20 16 44
20 17 39
20 18 61
21 1 9
21 3 20
21 4 74
21 5 30
21 6 74
21 7 37
21 8 67
21 9 43
21 10 6
21 11 4
21 14 66
21 15 39
21 16 21
21 17 35
21 18 3
22 0 22
22 1 8
22 2 56
22 4 73
22 6 54
22 7 70
22 8 24
22 9 7
22 11 68
22 14 6
22 15 37
22 16 24
22 17 27
22 20 44
23 0 51
23 2 30
23 3 47
23 4 36
23 6 20
23 7 24
23 10 13
23 11 71
23 13 32
23 18 62
23 20 7
23 21 78
23 22 51
24 0 75
24 1 46
24 3 64
24 4 78
24 7 25
24 9 76
24 11 68
24 14 25
24 17 53
24 18 47
24 19 61
24 21 40
25 3 16
25 4 29
25 8 3
25 9 20
25 16 27
25 17 59
25 19 11
25 20 75
25 21 69
25 23 77
25 24 9
26 1 25
26 2 42
26 6 15
26 10 27
26 11 43
26 13 44
26 16 6
26 21 50
26 22 41
26 23 3
26 25 30
27 0 65
27 1 48
27 5 48
27 6 41
27 7 29
27 9 61
27 11 25
27 13 71
27 14 58
27 15 21
27 16 11
27 18 69
27 19 12
27 23 75
27 25 60
27 26 71
28 1 64
28 2 27
28 4 51
28 5 31
28 7 37
28 8 47
28 11 69
28 15 80
28 18 53
28 20 42
28 21 75
28 22 60
28 23 31
28 24 28
28 25 76
28 26 43
28 27 41
29 2 3
29 3 3
29 5 50
29 7 30
29 16 30
29 19 73
29 20 43
29 21 25
29 23 44
29 25 36
29 26 77
29 27 3
29 28 16
