30
2 0 10
3 2 37
4 0 20
4 1 11
4 2 40
5 0 4
5 4 9
6 1 25
6 2 18
6 4 37
6 5 8
7 0 33
7 3 24
7 5 25
8 1 37
8 4 18
9 2 13
9 3 18
9 5 18
9 6 39
9 7 23
10 0 30
10 1 5
10 6 24
10 7 34
10 8 17
10 9 32
11 0 2
11 6 8
11 7 26
11 8 21
12 0 40
12 3 11
12 4 20
12 6 40
12 7 27
12 8 33
12 9 2
12 11 5
13 3 4
13 7 1
13 9 10
13 11 6
14 1 39
14 2 26
14 3 37
14 5 30
14 8 23
14 11 29
14 12 7
15 0 15
15 2 11
15 6 20
15 8 25
15 9 25
15 13 2
15 14 2
16 4 20
16 6 3
16 7 35
16 8 28
16 9 17
16 13 2
16 14 22
17 0 22
17 3 10
17 4 27
17 6 33
17 7 28
17 8 7
17 9 38
17 11 28
17 12 21
17 16 25
18 0 33
18 1 30
18 3 38
18 5 23
18 11 39
18 12 29
18 13 33
18 14 1
18 15 39
18 17 6
19 1 11
19 8 22
19 9 30
19 10 11
19 11 10
19 13 13
19 17 33
20 1 33
20 3 22
20 12 4
20 13 8
20 15 39
21 0 7
21 1 23
21 4 40
21 6 32
21 7 27
21 8 25
21 10 6
21 12 23
21 13 3
21 14 8
21 17 1
21 18 23
21 19 6
21 20 30
22 1 36
22 2 5
22 4 30
22 5 6
22 7 40
22 8 25
22 9 17
22 10 29
22 11 14
22 12 37
22 14 13
22 15 26
22 20 7
23 0 31
23 3 35
23 5 38
23 8 32
23 10 32
23 11 15
23 12 34
23 13 23
23 14 22
23 15 16
23 16 32
23 17 17
23 18 23
23 19 36
23 22 37
24 1 13
24 2 13
24 3 32
24 5 33
24 6 12
24 11 14
24 12 21
24 14 35
24 16 13
24 17 11
24 20 37
24 22 7
25 1 24
25 3 40
25 6 7
25 7 38
25 9 6
25 17 11
25 21 13
25 22 13
26 2 13
26 4 15
26 6 7
26 7 30
26 12 36
26 13 14
26 14 5
26 15 37
26 16 26
26 18 39
26 20 14
26 21 9
26 22 13
26 23 13
26 25 14
27 0 32
27 1 29
27 2 38
27 3 1
27 4 29
27 5 9
27 6 31
27 9 7
27 10 23
27 15 8
27 16 15
27 20 34
27 21 10
27 22 21
27 23 10
27 25 14
28 0 34
28 1 11
28 3 19
28 6 28
28 7 3
28 8 39
28 10 12
28 12 17
28 13 4
28 16 22
28 17 15
28 18 20
28 20 30
28 24 23
28 25 40
28 26 17
29 0 14
29 1 38
29 3 29
29 4 28
29 9 37
29 15 8
29 17 15
29 18 9
29 24 15
29 25 34
29 27 1
29 28 36
