30
1 0 7
2 0 19
2 1 5
3 0 35
3 1 22
3 2 20
4 0 38
4 1 30
4 2 12
4 3 37
5 0 26
5 1 32
5 2 17
5 3 31
5 4 8
6 0 12
6 1 13
6 2 28
6 3 10
6 4 3
6 5 23
7 0 23
7 1 17
7 2 17
7 3 7
7 4 16
7 5 40
7 6 16
8 0 18
8 1 10
8 2 38
8 3 12
8 4 39
8 5 25
8 6 1
8 7 38
9 0 17
9 1 28
9 2 25
9 3 20
9 4 39
9 5 13
9 6 24
9 7 39
9 8 22
10 0 7
10 1 7
10 2 30
10 3 20
10 4 19
10 5 27
10 6 5
10 7 3
10 8 9
10 9 24
11 0 25
11 1 39
11 2 10
11 3 18
11 4 6
11 5 31
11 6 27
11 7 14
11 8 25
11 9 37
11 10 8
12 0 3
12 1 3
12 2 40
12 3 31
12 4 15
12 5 7
12 6 39
12 7 4
12 8 19
12 9 28
12 10 24
12 11 14
13 0 8
13 1 12
13 2 35
13 3 37
13 4 15
13 5 34
13 6 19
13 7 5
13 8 30
13 9 1
13 10 28
13 11 10
13 12 18
14 0 31
14 1 37
14 2 40
14 3 6
14 4 12
14 5 29
14 6 35
14 7 26
14 8 8
14 9 37
14 10 20
14 11 17
14 12 40
14 13 29
15 0 40
15 1 22
15 2 27
15 3 37
15 4 11
15 5 2
15 6 7
15 7 36
15 8 16
15 9 3
15 10 24
15 11 26
15 12 30
15 13 14
15 14 17
16 0 10
16 1 14
16 2 40
16 3 21
16 4 19
16 5 29
16 6 1
16 7 26
16 8 21
16 9 15
16 10 4
16 11 37
16 12 31
16 13 7
16 14 10
16 15 32
17 0 22
17 1 34
17 2 36
17 3 21
17 4 30
17 5 2
17 6 37
17 7 3
17 8 12
17 9 24
17 10 2
17 11 2
17 12 17
17 13 11
17 14 24
17 15 40
17 16 12
18 0 36
18 1 17
18 2 11
18 3 38
18 4 26
18 5 22
18 6 4
18 7 26
18 8 34
18 9 32
18 10 34
18 11 4
18 12 39
18 13 21
18 14 17
18 15 20
18 16 4
18 17 9
19 0 11
19 1 13
19 2 11
19 3 21
19 4 24
19 5 3
19 6 31
19 7 37
19 8 21
19 9 19
19 10 38
19 11 13
19 12 27
19 13 11
19 14 40
19 15 2
19 16 39
19 17 24
19 18 7
20 0 6
20 1 31
20 2 28
20 3 13
20 4 35
20 5 39
20 6 9
20 7 12
20 8 38
20 9 10
20 10 11
20 11 2
20 12 30
20 13 27
20 14 20
20 15 13
20 16 30
20 17 27
20 18 13
20 19 11
21 0 25
21 1 22
21 2 10
21 3 19
21 4 35
21 5 23
21 6 6
21 7 33
21 8 12
21 9 2
21 10 21
21 11 34
21 12 1
21 13 30
21 14 13
21 15 3
21 16 11
21 17 4
21 18 6
21 19 11
21 20 8
22 0 17
22 1 8
22 2 17
22 3 10
22 4 26
22 5 39
22 6 37
22 7 31
22 8 36
22 9 9
22 10 36
22 11 10
22 12 3
22 13 33
22 14 18
22 15 1
22 16 12
22 17 20
22 18 8
22 19 18
22 20 31
22 21 14
23 0 28
23 1 40
23 2 22
23 3 7
23 4 40
23 5 21
23 6 9
23 7 20
23 8 4
23 9 37
23 10 16
23 11 2
23 12 28
23 13 33
23 14 25
23 15 36
23 16 21
23 17 36
23 18 2
23 19 37
23 20 11
23 21 2
23 22 2
24 0 35
24 1 30
24 2 37
24 3 20
24 4 12
24 5 34
24 6 26
24 7 27
24 8 13
24 9 23
24 10 20
24 11 19
24 12 33
24 13 4
24 14 30
24 15 40
24 16 19
24 17 17
24 18 20
24 19 14
24 20 37
24 21 19
24 22 35
24 23 5
25 0 40
25 1 23
25 2 14
25 3 16
25 4 14
25 5 15
25 6 11
25 7 26
25 8 19
25 9 40
25 10 37
25 11 7
25 12 33
25 13 37
25 14 32
25 15 39
25 16 5
25 17 29
25 18 17
25 19 6
25 20 25
25 21 34
25 22 20
25 23 5
25 24 24
26 0 34
26 1 39
26 2 19
26 3 12
26 4 40
26 5 39
26 6 38
26 7 16
26 8 4
26 9 16
26 10 6
26 11 12
26 12 31
26 13 1
26 14 35
26 15 8
26 16 33
26 17 23
26 18 3
26 19 26
26 20 11
26 21 15
26 22 39
26 23 30
26 24 1
26 25 2
27 0 28
27 1 27
27 2 24
27 3 31
27 4 27
27 5 32
27 6 11
27 7 3
27 8 19
27 9 32
27 10 18
27 11 32
27 12 29
27 13 20
27 14 39
27 15 3
27 16 33
27 17 6
27 18 6
27 19 11
27 20 33
27 21 31
27 22 20
27 23 19
27 24 9
27 25 18
27 26 1
28 0 19
28 1 20
28 2 20
28 3 19
28 4 37
28 5 17
28 6 28
28 7 38
28 8 30
28 9 26
28 10 10
28 11 12
28 12 1
28 13 37
28 14 6
28 15 16
28 16 2
28 17 12
28 18 37
28 19 17
28 20 6
28 21 29
28 22 36
28 23 28
28 24 30
28 25 6
28 26 10
28 27 2
29 0 5
29 1 5
29 2 39
29 3 34
29 4 25
29 5 9
29 6 33
29 7 24
29 8 32
29 9 39
29 10 38
29 11 10
29 12 34
29 13 8
29 14 8
29 15 25
29 16 16
29 17 29
29 18 4
29 19 8
29 20 11
29 21 3
29 22 17
29 23 16
29 24 4
29 25 11
29 26 2
29 27 20
29 28 30
