30
1 0 130
2 0 39
2 1 248
3 0 309
3 2 235
4 3 66
5 1 86
5 3 32
6 0 106
6 1 181
6 2 108
6 3 78
7 0 151
7 2 207
7 3 251
8 0 141
8 3 230
8 4 101
8 5 21
8 6 151
8 7 244
9 1 22
9 2 313
9 3 16
9 4 130
9 7 120
10 1 163
10 2 67
11 6 222
11 10 145
12 0 35
12 1 180
12 3 223
12 4 94
12 9 9
13 1 116
13 3 55
13 6 8
13 7 34
13 8 69
13 9 70
13 10 182
13 11 214
13 12 156
14 0 165
14 1 310
14 3 209
14 4 221
14 6 50
14 7 159
14 9 260
14 13 233
15 1 23
15 2 25
15 4 269
15 9 282
15 10 13
15 11 126
15 12 25
15 13 193
16 4 234
16 6 94
16 8 1
16 10 199
16 11 128
16 13 290
16 15 102
17 0 74
17 1 171
17 4 195
17 6 59
17 7 25
17 9 27
17 11 100
17 12 221
17 14 158
17 15 299
17 16 88
18 0 135
18 1 307
18 2 10
18 7 107
18 8 278
18 10 184
18 13 128
18 14 182
19 4 5
19 7 174
19 10 106
19 12 93
19 13 124
19 14 70
19 15 225
19 16 248
20 0 259
20 1 45
20 2 201
20 3 223
20 5 97
20 6 316
20 9 92
20 11 176
20 14 123
20 17 83
21 0 87
21 1 225
21 6 117
21 12 287
21 13 178
21 14 154
21 15 208
21 19 303
21 20 320
22 0 192
22 1 293
22 2 149
22 3 236
22 6 302
22 9 47
22 11 153
22 13 56
22 14 166
22 18 316
22 19 217
22 20 1
22 21 112
23 0 65
23 1 240
23 2 270
23 4 73
23 5 108
23 6 235
23 8 56
23 14 189
23 16 204
23 17 145
24 0 7
24 2 225
24 3 154
24 5 96
24 6 275
24 10 190
24 11 210
24 12 194
24 14 57
24 15 240
24 16 208
24 17 310
24 18 178
24 19 205
24 20 293
24 22 152
24 23 252
25 0 163
25 1 244
25 2 123
25 4 200
25 5 58
25 6 35
25 9 257
25 11 197
25 12 139
25 15 119
25 16 130
25 18 190
25 19 112
25 24 276
26 0 313
26 4 254
26 7 283
26 9 146
26 12 259
26 14 14
26 15 209
26 16 8
26 17 191
26 18 195
26 19 128
26 20 102
26 21 60
26 25 34
27 0 253
27 3 106
27 6 93
27 11 20
27 12 258
27 14 306
27 15 137
27 16 125
27 17 206
27 20 207
27 21 58
27 22 205
27 25 172
27 26 22
28 1 226
28 2 226
28 4 315
28 11 66
28 13 296
28 14 87
28 15 162
28 16 2
28 17 290
28 18 236
28 21 68
28 23 182
28 26 291
28 27 88
29 0 198
29 3 282
29 4 175
29 6 133
29 7 175
29 8 302
29 9 190
29 11 183
29 14 137
29 16 36
29 17 54
29 18 297
29 26 235
29 27 317
29 28 143
