30
1 0 10
3 1 7
4 0 3
4 1 8
5 2 6
5 4 6
6 1 7
6 2 1
6 3 3
6 4 2
7 0 3
7 5 10
7 6 2
8 2 9
8 5 1
8 6 4
9 0 1
9 3 9
9 4 4
9 5 10
9 6 7
9 7 5
9 8 4
10 0 2
10 4 8
10 6 9
10 7 10
10 8 10
11 9 3
11 10 4
12 0 7
12 9 2
12 10 1
12 11 4
13 0 9
13 2 4
13 3 1
13 4 7
13 8 5
13 9 7
13 12 9
14 0 6
14 2 1
14 4 5
14 5 7
14 6 4
14 8 2
14 9 9
14 13 8
15 0 6
15 3 9
15 5 1
15 6 8
15 7 6
15 8 9
15 9 5
15 12 9
15 13 9
16 0 6
16 1 1
16 3 1
16 4 4
16 6 6
16 8 4
16 9 1
16 11 5
16 14 1
16 15 6
17 1 1
17 2 2
17 5 3
17 7 3
17 8 5
17 9 10
17 11 3
17 12 4
17 14 10
17 16 9
18 2 9
18 4 10
18 8 3
18 9 10
18 10 10
18 13 3
18 14 2
18 15 9
18 17 6
19 0 2
19 3 9
19 5 2
19 7 6
19 8 5
19 9 1
19 10 6
19 12 6
19 15 7
20 0 4
20 3 5
20 5 5
20 9 6
20 13 2
20 15 4
20 17 1
21 0 7
21 2 6
21 3 4
21 4 1
21 5 4
21 6 5
21 8 4
21 9 5
21 14 4
21 18 5
21 19 1
22 1 2
22 3 5
22 6 10
22 7 3
22 8 2
22 10 2
22 12 10
22 14 7
22 15 8
22 16 3
22 19 9
22 20 3
22 21 1
23 2 3
23 4 7
23 6 3
23 7 4
23 8 5
23 10 3
23 15 8
23 16 9
23 19 1
23 21 1
23 22 7
24 1 9
24 2 3
24 9 3
24 11 10
24 13 8
24 16 10
24 17 3
24 19 9
24 22 3
25 0 8
25 4 1
25 5 9
25 6 2
25 7 2
25 8 1
25 9 4
25 10 9
25 13 6
25 14 6
25 15 7
25 16 9
25 17 8
25 18 6
25 19 6
25 24 6
26 1 2
26 5 1
26 6 4
26 8 1
26 9 10
26 11 3
26 13 4
26 14 9
26 15 6
26 16 3
26 17 10
26 18 8
26 19 9
26 21 3
26 23 2
26 24 10
27 2 9
27 3 1
27 4 3
27 6 2
27 7 4
27 8 1
27 9 9
27 10 2
27 11 7
27 12 1
27 14 9
27 15 4
27 17 5
27 18 5
27 20 10
27 21 8
27 26 5
28 1 8
28 4 1
28 6 10
28 8 8
28 11 9
28 12 10
28 13 8
28 14 4
28 18 2
28 19 8
28 20 3
28 25 8
28 26 9
29 0 2
29 1 6
29 2 7
29 7 3
29 8 5
29 10 8
29 13 1
29 14 8
29 15 5
29 19 1
29 21 5
29 22 8
29 23 6
29 24 9
29 28 3
