30
1 0 2
2 0 67
2 1 15
3 0 60
3 1 22
3 2 25
4 0 35
4 1 64
4 2 76
4 3 48
5 0 69
5 1 72
5 2 79
5 3 65
5 4 75
6 0 56
6 1 30
6 2 41
6 3 23
6 4 65
6 5 46
7 0 63
7 1 42
7 2 62
7 3 4
7 4 34
7 5 71
7 6 34
8 0 51
8 1 70
8 2 8
8 3 49
8 4 55
8 5 47
8 6 70
8 7 52
9 0 15
9 1 72
9 2 74
9 3 25
9 4 16
9 5 31
9 6 43
9 7 77
9 8 28
10 0 50
10 1 1
10 2 4
10 3 27
10 4 47
10 5 34
10 6 33
10 7 40
10 8 14
10 9 56
11 0 74
11 1 3
11 2 54
11 3 70
11 4 20
11 5 35
11 6 73
11 7 69
11 8 2
11 9 4
11 10 62
12 0 40
12 1 57
12 2 8
12 3 3
12 4 19
12 5 56
12 6 26
12 7 59
12 8 4
12 9 50
12 10 20
12 11 52
13 0 32
13 1 77
13 2 54
13 3 49
13 4 11
13 5 13
13 6 63
13 7 42
13 8 74
13 9 20
13 10 19
13 11 36
13 12 31
14 0 22
14 1 73
14 2 20
14 3 13
14 4 17
14 5 13
14 6 35
14 7 40
14 8 28
14 9 76
14 10 22
14 11 12
14 12 71
14 13 4
15 0 29
15 1 51
15 2 51
15 3 13
15 4 16
15 5 13
15 6 71
15 7 63
15 8 35
15 9 63
15 10 65
15 11 4
15 12 71
15 13 40
15 14 2
16 0 77
16 1 28
16 2 39
16 3 18
16 4 53
16 5 80
16 6 57
16 7 71
16 8 57
16 9 66
16 10 31
16 11 39
16 12 39
16 13 24
16 14 18
16 15 70
17 0 19
17 1 27
17 2 29
17 3 46
17 4 26
17 5 23
17 6 35
17 7 16
17 8 54
17 9 26
17 10 23
17 11 25
17 12 51
17 13 53
17 14 80
17 15 27
17 16 49
18 0 39
18 1 37
18 2 35
18 3 4
18 4 16
18 5 59
18 6 34
18 7 1
18 8 65
18 9 56
18 10 1
18 11 13
18 12 26
18 13 63
18 14 13
18 15 66
18 16 35
18 17 80
19 0 26
19 1 51
19 2 7
19 3 22
19 4 48
19 5 71
19 6 27
19 7 79
19 8 22
19 9 46
19 10 2
19 11 15
19 12 34
19 13 48
19 14 74
19 15 63
19 16 16
19 17 1
19 18 22
20 0 70
20 1 17
20 2 67
20 3 23
20 4 65
20 5 8
20 6 2
20 7 42
20 8 62
20 9 9
20 10 56
20 11 46
20 12 76
20 13 37
20 14 49
20 15 27
20 16 48
20 17 41
20 18 36
20 19 66
21 0 45
21 1 28
21 2 32
21 3 22
21 4 72
21 5 10
21 6 24
21 7 1
21 8 80
21 9 15
21 10 7
21 11 30
21 12 6
21 13 5
21 14 32
21 15 48
21 16 75
21 17 55
21 18 49
21 19 37
21 20 51
22 0 31
22 1 51
22 2 14
22 3 9
22 4 49
22 5 18
22 6 59
22 7 8
22 8 42
22 9 55
22 10 57
22 11 76
22 12 50
22 13 12
22 14 22
22 15 78
22 16 23
22 17 69
22 18 70
22 19 50
22 20 70
22 21 15
23 0 67
23 1 38
23 2 55
23 3 13
23 4 72
23 5 78
23 6 70
23 7 73
23 8 34
23 9 25
23 10 27
23 11 15
23 12 50
23 13 67
23 14 77
23 15 69
23 16 27
23 17 10
23 18 61
23 19 18
23 20 80
23 21 19
23 22 2
24 0 19
24 1 71
24 2 11
24 3 10
24 4 17
24 5 61
24 6 4
24 7 77
24 8 49
24 9 43
24 10 29
24 11 79
24 12 68
24 13 51
24 14 34
24 15 24
24 16 18
24 17 73
24 18 3
24 19 35
24 20 47
24 21 54
24 22 65
24 23 44
25 0 15
25 1 79
25 2 48
25 3 25
25 4 66
25 5 12
25 6 48
25 7 60
25 8 26
25 9 25
25 10 72
25 11 56
25 12 70
25 13 39
25 14 38
25 15 58
25 16 73
25 17 31
25 18 4
25 19 44
25 20 21
25 21 69
25 22 28
25 23 44
25 24 6
26 0 77
26 1 28
26 2 52
26 3 54
26 4 64
26 5 76
26 6 60
26 7 8
26 8 56
26 9 75
26 10 49
26 11 26
26 12 36
26 13 13
26 14 52
26 15 21
26 16 45
26 17 41
26 18 21
26 19 78
26 20 65
26 21 62
26 22 37
26 23 62
26 24 48
26 25 62
27 0 4
27 1 20
27 2 56
27 3 13
27 4 48
27 5 11
27 6 50
27 7 75
27 8 70
27 9 62
27 10 52
27 11 28
27 12 53
27 13 47
27 14 6
27 15 76
27 16 70
27 17 44
27 18 37
27 19 75
27 20 52
27 21 2
27 22 65
27 23 66
27 24 54
27 25 2
27 26 71
28 0 37
28 1 72
28 2 78
28 3 21
28 4 49
28 5 48
28 6 46
28 7 62
28 8 55
28 9 13
28 10 9
28 11 27
28 12 42
28 13 25
28 14 51
28 15 34
28 16 10
28 17 38
28 18 53
28 19 55
28 20 57
28 21 40
28 22 16
28 23 33
28 24 55
28 25 12
28 26 42
28 27 67
29 0 16
29 1 68
29 2 76
29 3 46
29 4 43
29 5 48
29 6 21
29 7 48
29 8 32
29 9 16
29 10 68
29 11 43
29 12 73
29 13 14
29 14 51
29 15 26
29 16 68
29 17 73
29 18 24
29 19 27
29 20 30
29 21 75
29 22 21
29 23 45
29 24 43
29 25 35
29 26 60
29 27 50
29 28 73
