30
1 0 35
2 0 50
2 1 36
3 0 36
3 1 10
3 2 73
4 0 79
4 1 31
4 2 26
4 3 19
5 0 36
5 1 50
5 2 10
5 3 33
5 4 59
6 0 1
6 1 10
6 2 21
6 3 2
6 4 40
6 5 60
7 0 2
7 1 74
7 2 6
7 3 58
7 4 15
7 5 39
7 6 65
8 0 52
8 1 31
8 2 70
8 3 54
8 4 4
8 5 78
8 6 64
8 7 55
9 0 52
9 1 21
9 2 60
9 3 62
9 4 40
9 5 25
9 6 54
9 7 26
9 8 30
10 0 21
10 1 63
10 2 15
10 3 39
10 4 18
10 5 38
10 6 70
10 7 34
10 8 18
10 9 45
11 0 76
11 1 68
11 2 73
11 3 37
11 4 77
11 5 38
11 6 72
11 7 67
11 8 44
11 9 22
11 10 76
12 0 73
12 1 24
12 2 68
12 3 32
12 4 43
12 5 53
12 6 47
12 7 46
12 8 44
12 9 1
12 10 79
12 11 75
13 0 19
13 1 49
13 2 14
13 3 38
13 4 59
13 5 5
13 6 41
13 7 23
13 8 62
13 9 33
13 10 7
13 11 48
13 12 9
14 0 25
14 1 6
14 2 46
14 3 39
14 4 41
14 5 37
14 6 41
14 7 1
14 8 64
14 9 63
14 10 60
14 11 30
14 12 11
14 13 42
15 0 57
15 1 12
15 2 46
15 3 45
15 4 37
15 5 6
15 6 25
15 7 68
15 8 42
15 9 24
15 10 58
15 11 75
15 12 49
15 13 58
15 14 38
16 0 29
16 1 77
16 2 9
16 3 1
16 4 63
16 5 8
16 6 38
16 7 70
16 8 39
16 9 16
16 10 73
16 11 60
16 12 47
16 13 47
16 14 9
16 15 27
17 0 5
17 1 75
17 2 64
17 3 13
17 4 46
17 5 17
17 6 19
17 7 5
17 8 33
17 9 29
17 10 37
17 11 4
17 12 29
17 13 29
17 14 43
17 15 52
17 16 11
18 0 13
18 1 41
18 2 78
18 3 46
18 4 42
18 5 46
18 6 10
18 7 9
18 8 76
18 9 42
18 10 55
18 11 67
18 12 80
18 13 63
18 14 30
18 15 21
18 16 66
18 17 35
19 0 11
19 1 65
19 2 65
19 3 76
19 4 28
19 5 31
19 6 30
19 7 62
19 8 52
19 9 52
19 10 41
19 11 62
19 12 65
19 13 69
19 14 57
19 15 20
19 16 57
19 17 34
19 18 7
20 0 7
20 1 74
20 2 36
20 3 4
20 4 12
20 5 80
20 6 79
20 7 63
20 8 6
20 9 12
20 10 65
20 11 26
20 12 4
20 13 74
20 14 63
20 15 9
20 16 12
20 17 15
20 18 24
20 19 18
21 0 33
21 1 33
21 2 17
21 3 53
21 4 65
21 5 15
21 6 30
21 7 32
21 8 38
21 9 24
21 10 60
21 11 13
21 12 16
21 13 75
21 14 25
21 15 3
21 16 75
21 17 68
21 18 62
21 19 27
21 20 53
22 0 32
22 1 41
22 2 44
22 3 6
22 4 77
22 5 13
22 6 1
22 7 72
22 8 11
22 9 9
22 10 63
22 11 51
22 12 40
22 13 34
22 14 79
22 15 19
22 16 15
22 17 22
22 18 16
22 19 80
22 20 21
22 21 61
23 0 14
23 1 36
23 2 62
23 3 53
23 4 46
23 5 24
23 6 6
23 7 48
23 8 47
23 9 51
23 10 36
23 11 50
23 12 63
23 13 64
23 14 47
23 15 9
23 16 34
23 17 63
23 18 8
23 19 50
23 20 3
23 21 8
23 22 14
24 0 8
24 1 8
24 2 23
24 3 27
24 4 27
24 5 13
24 6 54
24 7 38
24 8 76
24 9 39
24 10 6
24 11 72
24 12 78
24 13 34
24 14 25
24 15 8
24 16 78
24 17 68
24 18 77
24 19 21
24 20 24
24 21 26
24 22 62
24 23 76
25 0 59
25 1 10
25 2 28
25 3 23
25 4 69
25 5 76
25 6 29
25 7 59
25 8 63
25 9 4
25 10 16
25 11 17
25 12 76
25 13 26
25 14 68
25 15 7
25 16 34
25 17 25
25 18 40
25 19 41
25 20 56
25 21 23
25 22 8
25 23 67
25 24 72
26 0 63
26 1 65
26 2 20
26 3 1
26 4 34
26 5 15
26 6 73
26 7 41
26 8 60
26 9 36
26 10 12
26 11 42
26 12 35
26 13 20
26 14 35
26 15 20
26 16 7
26 17 57
26 18 24
26 19 39
26 20 48
26 21 55
26 22 33
26 23 28
26 24 50
26 25 52
27 0 39
27 1 50
27 2 59
27 3 20
27 4 48
27 5 20
27 6 25
27 7 1
27 8 15
27 9 71
27 10 13
27 11 26
27 12 77
27 13 52
27 14 48
27 15 56
27 16 16
27 17 28
27 18 17
27 19 18
27 20 29
27 21 71
27 22 58
27 23 27
27 24 73
27 25 58
27 26 58
28 0 54
28 1 67
28 2 27
28 3 5
28 4 32
28 5 20
28 6 22
28 7 10
28 8 19
28 9 79
28 10 19
28 11 36
28 12 34
28 13 14
28 14 17
28 15 31
28 16 75
28 17 9
28 18 43
28 19 49
28 20 69
28 21 1
28 22 41
28 23 59
28 24 68
28 25 30
28 26 6
28 27 41
29 0 73
29 1 12
29 2 22
29 3 12
29 4 77
29 5 58
29 6 71
29 7 66
29 8 1
29 9 56
29 10 29
29 11 38
29 12 66
29 13 67
29 14 63
29 15 23
29 16 32
29 17 40
29 18 60
29 19 49
29 20 54
29 21 65
29 22 7
29 23 19
29 24 21
29 25 2
29 26 8
29 27 9
29 28 15
