30
1 0 17
2 0 59
2 1 52
3 0 14
3 1 41
3 2 45
4 0 55
4 1 72
4 2 65
4 3 32
5 0 32
5 1 58
5 2 70
5 3 57
5 4 77
6 0 52
6 1 9
6 2 49
6 3 60
6 4 40
6 5 15
7 0 30
7 1 63
7 2 72
7 3 1
7 4 22
7 5 40
7 6 25
8 0 14
8 1 39
8 2 50
8 3 69
8 4 62
8 5 71
8 6 67
8 7 6
9 0 22
9 1 7
9 2 9
9 3 71
9 4 43
9 5 74
9 6 10
9 7 18
9 8 47
10 0 22
10 1 7
10 2 28
10 3 27
10 4 79
10 5 65
10 6 48
10 7 47
10 8 15
10 9 79
11 0 13
11 1 5
11 2 21
11 3 70
11 4 16
11 5 79
11 6 37
11 7 2
11 8 27
11 9 73
11 10 52
12 0 36
12 1 25
12 2 28
12 3 65
12 4 61
12 5 29
12 6 61
12 7 24
12 8 71
12 9 49
12 10 68
12 11 1
13 0 36
13 1 46
13 2 3
13 3 64
13 4 1
13 5 42
13 6 68
13 7 78
13 8 58
13 9 21
13 10 36
13 11 53
13 12 78
14 0 51
14 1 44
14 2 25
14 3 16
14 4 69
14 5 27
14 6 53
14 7 3
14 8 31
14 9 36
14 10 77
14 11 20
14 12 70
14 13 65
15 0 24
15 1 13
15 2 55
15 3 79
15 4 19
15 5 60
15 6 63
15 7 37
15 8 13
15 9 35
15 10 77
15 11 67
15 12 2
15 13 10
15 14 65
16 0 78
16 1 39
16 2 26
16 3 2
16 4 40
16 5 34
16 6 14
16 7 50
16 8 18
16 9 42
16 10 64
16 11 35
16 12 39
16 13 29
16 14 23
16 15 68
17 0 24
17 1 9
17 2 15
17 3 53
17 4 70
17 5 70
17 6 35
17 7 49
17 8 2
17 9 12
17 10 80
17 11 57
17 12 31
17 13 18
17 14 48
17 15 62
17 16 33
18 0 12
18 1 37
18 2 45
18 3 63
18 4 57
18 5 71
18 6 29
18 7 44
18 8 60
18 9 79
18 10 11
18 11 1
18 12 32
18 13 6
18 14 40
18 15 40
18 16 30
18 17 29
19 0 1
19 1 29
19 2 26
19 3 1
19 4 52
19 5 51
19 6 56
19 7 72
19 8 47
19 9 47
19 10 71
19 11 19
19 12 30
19 13 71
19 14 33
19 15 21
19 16 19
19 17 3
19 18 46
20 0 42
20 1 24
20 2 41
20 3 55
20 4 27
20 5 54
20 6 45
20 7 67
20 8 59
20 9 61
20 10 62
20 11 77
20 12 54
20 13 31
20 14 54
20 15 34
20 16 41
20 17 37
20 18 11
20 19 42
21 0 80
21 1 27
21 2 26
21 3 58
21 4 21
21 5 76
21 6 27
21 7 23
21 8 32
21 9 50
21 10 75
21 11 58
21 12 2
21 13 4
21 14 76
21 15 30
21 16 37
21 17 45
21 18 14
21 19 64
21 20 53
22 0 12
22 1 78
22 2 78
22 3 6
22 4 45
22 5 68
22 6 22
22 7 67
22 8 35
22 9 58
22 10 80
22 11 22
22 12 39
22 13 48
22 14 60
22 15 29
22 16 74
22 17 70
22 18 74
22 19 59
22 20 71
22 21 56
23 0 12
23 1 33
23 2 39
23 3 61
23 4 38
23 5 22
23 6 48
23 7 55
23 8 52
23 9 78
23 10 56
23 11 66
23 12 47
23 13 73
23 14 23
23 15 8
23 16 18
23 17 18
23 18 55
23 19 26
23 20 4
23 21 13
23 22 26
24 0 75
24 1 11
24 2 15
24 3 55
24 4 17
24 5 41
24 6 57
24 7 49
24 8 31
24 9 2
24 10 19
24 11 56
24 12 22
24 13 18
24 14 27
24 15 62
24 16 15
24 17 70
24 18 73
24 19 71
24 20 29
24 21 1
24 22 26
24 23 20
25 0 17
25 1 58
25 2 52
25 3 79
25 4 1
25 5 11
25 6 79
25 7 62
25 8 68
25 9 15
25 10 54
25 11 40
25 12 5
25 13 19
25 14 60
25 15 62
25 16 33
25 17 45
25 18 76
25 19 69
25 20 53
25 21 18
25 22 29
25 23 12
25 24 34
26 0 2
26 1 19
26 2 38
26 3 27
26 4 29
26 5 53
26 6 73
26 7 4
26 8 22
26 9 13
26 10 53
26 11 35
26 12 5
26 13 33
26 14 22
26 15 15
26 16 13
26 17 41
26 18 31
26 19 43
26 20 10
26 21 56
26 22 48
26 23 68
26 24 79
26 25 29
27 0 14
27 1 30
27 2 39
27 3 43
27 4 64
27 5 17
27 6 49
27 7 52
27 8 40
27 9 49
27 10 44
27 11 69
27 12 39
27 13 64
27 14 21
27 15 33
27 16 37
27 17 16
27 18 78
27 19 61
27 20 58
27 21 45
27 22 23
27 23 39
27 24 8
27 25 48
27 26 77
28 0 18
28 1 40
28 2 76
28 3 32
28 4 80
28 5 58
28 6 42
28 7 19
28 8 78
28 9 53
28 10 66
28 11 79
28 12 13
28 13 8
28 14 43
28 15 19
28 16 71
28 17 64
28 18 44
28 19 77
28 20 73
28 21 45
28 22 21
28 23 13
28 24 42
28 25 31
28 26 62
28 27 45
29 0 77
29 1 73
29 2 32
29 3 21
29 4 14
29 5 75
29 6 35
29 7 54
29 8 43
29 9 35
29 10 23
29 11 69
29 12 6
29 13 43
29 14 34
29 15 24
29 16 43
29 17 39
29 18 34
29 19 58
29 20 8
29 21 17
29 22 45
29 23 30
29 24 47
29 25 29
29 26 30
29 27 7
29 28 52
