30
3 0 17
3 1 78
3 2 69
4 1 24
5 0 68
5 1 15
5 4 23
6 3 60
7 5 79
7 6 67
8 0 42
9 0 31
9 1 5
9 2 57
9 8 40
10 0 21
10 1 47
10 2 70
10 3 6
10 5 50
10 6 78
10 7 58
10 8 64
11 2 2
11 3 18
11 5 66
11 8 4
11 10 9
12 0 65
12 1 14
12 4 70
12 5 70
12 6 8
12 7 36
12 8 22
12 9 18
13 3 32
13 5 38
13 7 69
13 8 63
13 10 64
13 11 25
13 12 54
14 2 17
14 3 18
14 8 13
14 10 16
14 12 63
14 13 39
15 1 56
15 2 25
15 3 63
15 4 44
15 5 60
15 7 12
15 8 38
15 11 19
16 0 61
16 1 37
16 4 29
16 5 45
16 9 42
16 10 39
16 12 34
16 13 16
16 14 35
16 15 54
17 0 14
17 1 29
17 3 35
17 4 72
17 6 70
17 7 50
17 8 64
17 10 72
17 12 28
17 13 44
17 15 35
17 16 10
18 1 1
18 4 62
18 5 40
18 7 19
18 12 54
18 13 25
18 14 15
18 15 34
18 16 30
19 0 11
19 1 2
19 4 67
19 6 66
19 7 73
19 8 11
19 9 42
19 11 30
19 16 22
19 17 12
20 0 66
20 1 47
20 4 43
20 7 35
20 8 5
20 9 48
20 10 76
20 15 49
20 17 73
20 18 51
21 0 19
21 1 71
21 2 38
21 5 48
21 6 13
21 9 26
21 11 67
21 12 29
21 13 45
21 14 9
21 16 53
21 18 27
21 20 50
22 1 45
22 2 64
22 4 74
22 5 74
22 6 55
22 7 61
22 8 65
22 9 71
22 12 75
22 13 27
22 14 27
22 16 1
22 17 78
22 18 78
22 21 53
23 0 12
23 2 15
23 4 25
23 7 60
23 9 12
23 11 18
23 13 18
23 14 8
23 15 22
23 16 63
23 17 34
23 18 30
23 20 59
24 0 41
24 2 11
24 3 75
24 4 52
24 7 3
24 8 18
24 9 35
24 11 70
24 14 52
24 17 61
24 20 25
24 21 25
24 23 19
25 0 2
25 3 67
25 4 22
25 5 33
25 8 13
25 10 71
25 11 3
25 12 53
25 14 7
25 16 24
25 18 55
25 19 11
25 20 22
25 21 53
25 23 48
25 24 14
26 1 65
26 2 18
26 3 12
26 5 74
26 9 74
26 11 70
26 14 34
26 16 25
26 18 56
26 21 68
26 23 13
26 24 27
27 0 27
27 1 31
27 5 34
27 6 33
27 8 63
27 10 4
27 11 33
27 12 10
27 18 77
27 19 42
27 20 17
27 23 12
27 24 3
27 25 41
27 26 9
28 0 78
28 4 80
28 5 37
28 9 39
28 11 62
28 12 22
28 14 78
28 18 63
28 19 16
28 20 44
28 24 39
28 25 8
28 27 11
29 1 22
29 2 6
29 3 22
29 5 13
29 6 47
29 9 1
29 10 51
29 11 67
29 12 77
29 13 58
29 14 50
29 15 6
29 17 66
29 18 6
29 19 50
29 22 77
29 24 15
29 26 74
29 28 8
