30
1 0 38
2 1 69
4 1 49
4 2 45
4 3 31
5 0 59
5 1 48
5 2 55
5 4 64
6 0 56
6 1 60
6 2 20
6 3 47
6 4 69
6 5 7
7 0 72
7 2 70
7 4 34
7 5 34
8 0 80
8 2 22
8 3 8
8 4 77
9 1 76
9 2 76
9 7 12
9 8 10
10 2 67
10 3 70
10 4 53
11 2 63
11 3 49
11 9 53
12 0 73
12 3 50
12 4 11
12 5 7
12 6 74
12 8 20
12 11 14
13 3 27
13 5 10
13 6 51
13 7 78
13 9 78
13 11 39
14 1 47
14 2 67
14 3 27
14 7 47
14 8 48
14 9 15
14 13 25
15 1 54
15 4 50
15 7 18
15 8 46
15 9 36
15 12 19
15 13 47
15 14 46
16 0 17
16 1 61
16 2 68
16 3 60
16 4 61
16 5 9
16 8 17
16 12 26
16 14 29
17 4 40
17 6 40
17 7 35
17 9 21
17 11 50
17 13 37
17 15 40
17 16 71
18 0 6
18 2 34
18 3 14
18 4 68
18 6 43
18 8 19
18 9 46
18 11 1
18 12 4
18 13 60
18 14 71
18 16 24
18 17 12
19 1 52
19 2 50
19 3 47
19 4 33
19 5 61
19 8 61
19 11 20
19 16 9
20 0 50
20 4 52
20 5 33
20 6 19
20 8 70
20 9 78
20 10 6
20 14 29
20 15 10
20 16 74
20 17 19
20 18 9
20 19 72
21 2 56
21 3 73
21 5 60
21 7 14
21 12 30
21 14 65
21 15 39
21 16 24
21 19 32
22 0 6
22 1 58
22 2 69
22 5 5
22 7 79
22 11 63
22 14 50
22 19 80
22 20 70
22 21 47
23 0 33
23 1 2
23 2 10
23 5 39
23 7 11
23 9 22
23 11 72
23 13 36
23 14 33
23 17 79
23 18 66
23 20 40
23 21 51
24 0 32
24 3 64
24 6 41
24 7 45
24 8 71
24 11 11
24 13 25
24 16 46
24 17 44
24 18 36
24 19 37
24 23 46
25 0 20
25 2 4
25 6 65
25 7 49
25 9 46
25 12 2
25 13 57
25 17 62
25 18 1
25 19 42
25 20 30
25 21 73
26 1 62
26 2 59
26 3 39
26 5 58
26 6 68
26 9 68
26 10 40
26 14 44
26 15 75
26 16 12
26 21 59
26 24 24
27 0 13
27 1 78
27 3 61
27 6 76
27 8 80
27 9 40
27 10 10
27 12 61
27 13 57
27 16 43
27 18 7
27 19 20
27 20 42
27 21 61
27 22 25
27 25 21
28 0 54
28 1 6
28 2 13
28 3 69
28 6 6
28 8 11
28 9 80
28 10 78
28 12 2
28 13 72
28 20 27
28 21 27
28 26 28
28 27 59
29 1 49
29 2 56
29 4 64
29 7 69
29 11 10
29 17 61
29 19 19
29 20 50
29 21 13
29 23 73
29 26 63
29 27 53
