30
1 0 158
2 0 96
2 1 5
3 0 139
3 1 113
3 2 148
4 0 145
4 1 120
4 2 53
4 3 115
5 0 95
5 1 76
5 2 16
5 3 23
5 4 69
6 0 72
6 1 9
6 2 148
6 3 136
6 4 21
6 5 86
7 0 32
7 1 142
7 2 72
7 3 137
7 4 37
7 5 57
7 6 28
8 0 92
8 1 67
8 2 154
8 3 27
8 4 44
8 5 15
8 6 120
8 7 121
9 0 140
9 1 19
9 2 90
9 3 126
9 4 114
9 5 45
9 6 70
9 7 156
9 8 5
10 0 143
10 1 16
10 2 104
10 3 100
10 4 35
10 5 7
10 6 14
10 7 112
10 8 93
10 9 123
11 0 144
11 1 46
11 2 41
11 3 31
11 4 46
11 5 109
11 6 80
11 7 59
11 8 4
11 9 127
11 10 65
12 0 154
12 1 93
12 2 64
12 3 52
12 4 19
12 5 112
12 6 100
12 7 11
12 8 112
12 9 42
12 10 37
12 11 35
13 0 2
13 1 74
13 2 66
13 3 25
13 4 85
13 5 65
13 6 46
13 7 105
13 8 28
13 9 119
13 10 46
13 11 35
13 12 33
14 0 3
14 1 6
14 2 70
14 3 124
14 4 112
14 5 77
14 6 4
14 7 108
14 8 36
14 9 61
14 10 70
14 11 144
14 12 64
14 13 68
15 0 11
15 1 148
15 2 9
15 3 86
15 4 87
15 5 159
15 6 131
15 7 21
15 8 91
15 9 100
15 10 50
15 11 69
15 12 50
15 13 50
15 14 34
16 0 19
16 1 63
16 2 1
16 3 159
16 4 139
16 5 130
16 6 140
16 7 39
16 8 89
16 9 77
16 10 83
16 11 136
16 12 32
16 13 31
16 14 73
16 15 86
17 0 157
17 1 27
17 2 124
17 3 77
17 4 128
17 5 76
17 6 13
17 7 158
17 8 39
17 9 5
17 10 40
17 11 83
17 12 159
17 13 159
17 14 90
17 15 72
17 16 159
18 0 101
18 1 40
18 2 68
18 3 138
18 4 17
18 5 85
18 6 34
18 7 69
18 8 118
18 9 103
18 10 51
18 11 69
18 12 95
18 13 80
18 14 138
18 15 94
18 16 88
18 17 142
19 0 70
19 1 123
19 2 35
19 3 72
19 4 150
19 5 134
19 6 44
19 7 126
19 8 102
19 9 76
19 10 14
19 11 69
19 12 148
19 13 1
19 14 126
19 15 90
19 16 84
19 17 9
19 18 18
20 0 110
20 1 16
20 2 99
20 3 102
20 4 106
20 5 95
20 6 114
20 7 43
20 8 126
20 9 106
20 10 138
20 11 15
20 12 134
20 13 6
20 14 160
20 15 159
20 16 45
20 17 123
20 18 93
20 19 93
21 0 3
21 1 93
21 2 144
21 3 55
21 4 65
21 5 135
21 6 3
21 7 21
21 8 70
21 9 143
21 10 122
21 11 51
21 12 42
21 13 114
21 14 103
21 15 42
21 16 81
21 17 21
21 18 112
21 19 149
21 20 4
22 0 23
22 1 104
22 2 128
22 3 2
22 4 160
22 5 127
22 6 68
22 7 113
22 8 19
22 9 92
22 10 31
22 11 4
22 12 154
22 13 121
22 14 44
22 15 144
22 16 83
22 17 94
22 18 120
22 19 21
22 20 155
22 21 76
23 0 55
23 1 9
23 2 98
23 3 148
23 4 59
23 5 59
23 6 50
23 7 149
23 8 120
23 9 126
23 10 136
23 11 149
23 12 31
23 13 84
23 14 8
23 15 7
23 16 153
23 17 109
23 18 87
23 19 46
23 20 116
23 21 14
23 22 82
24 0 140
24 1 90
24 2 20
24 3 132
24 4 138
24 5 150
24 6 93
24 7 59
24 8 119
24 9 50
24 10 108
24 11 77
24 12 115
24 13 126
24 14 96
24 15 131
24 16 122
24 17 123
24 18 68
24 19 13
24 20 120
24 21 113
24 22 18
24 23 53
25 0 34
25 1 42
25 2 147
25 3 155
25 4 77
25 5 93
25 6 94
25 7 77
25 8 57
25 9 75
25 10 4
25 11 92
25 12 78
25 13 102
25 14 52
25 15 57
25 16 21
25 17 46
25 18 65
25 19 89
25 20 159
25 21 131
25 22 96
25 23 11
25 24 41
26 0 51
26 1 153
26 2 42
26 3 13
26 4 18
26 5 11
26 6 130
26 7 27
26 8 102
26 9 124
26 10 8
26 11 10
26 12 51
26 13 149
26 14 8
26 15 72
26 16 38
26 17 27
26 18 150
26 19 80
26 20 128
26 21 59
26 22 35
26 23 12
26 24 107
26 25 24
27 0 5
27 1 56
27 2 106
27 3 120
27 4 96
27 5 13
27 6 65
27 7 155
27 8 63
27 9 122
27 10 148
27 11 19
27 12 111
27 13 22
27 14 70
27 15 27
27 16 98
27 17 8
27 18 18
27 19 72
27 20 115
27 21 78
27 22 79
27 23 107
27 24 132
27 25 42
27 26 133
28 0 21
28 1 107
28 2 130
28 3 94
28 4 52
28 5 74
28 6 147
28 7 127
28 8 47
28 9 80
28 10 74
28 11 22
28 12 89
28 13 68
28 14 63
28 15 126
28 16 55
28 17 131
28 18 98
28 19 69
28 20 78
28 21 7
28 22 70
28 23 18
28 24 46
28 25 119
28 26 126
28 27 107
29 0 10
29 1 52
29 2 56
29 3 158
29 4 54
29 5 43
29 6 46
29 7 52
29 8 120
29 9 25
29 10 47
29 11 64
29 12 43
29 13 123
29 14 4
29 15 18
29 16 33
29 17 110
29 18 39
29 19 144
29 20 12
29 21 9
29 22 35
29 23 41
29 24 76
29 25 109
29 26 17
29 27 140
29 28 53
