30
2 0 5
3 1 10
5 1 4
5 4 12
6 0 8
6 1 20
6 2 19
6 3 12
6 5 11
7 0 2
7 2 17
7 5 4
8 2 2
8 3 3
8 4 18
8 5 19
8 6 3
8 7 3
9 0 8
9 3 19
9 4 11
9 5 14
10 0 3
10 3 17
10 7 8
10 8 20
10 9 7
11 1 2
11 2 11
11 3 2
11 4 16
11 8 2
12 4 16
12 6 17
12 7 3
12 8 10
13 0 15
13 1 4
13 3 2
13 6 19
13 8 5
13 9 11
13 12 16
14 0 4
14 1 3
14 3 15
14 4 19
14 7 3
14 8 17
14 11 20
14 12 16
14 13 12
15 0 6
15 1 14
15 3 10
15 5 2
15 6 10
15 8 20
15 9 6
15 10 13
15 12 19
16 0 19
16 1 10
16 2 16
16 4 16
16 5 13
16 6 18
16 7 2
16 9 4
16 12 4
16 14 20
17 1 15
17 2 6
17 5 12
17 11 20
17 13 12
17 15 9
18 0 9
18 1 18
18 2 7
18 3 10
18 5 16
18 7 6
18 9 10
18 10 1
18 12 7
18 13 11
19 0 18
19 1 14
19 3 9
19 4 11
19 5 6
19 6 2
19 7 20
19 8 18
19 9 20
19 10 8
19 11 12
19 14 13
19 16 4
20 0 3
20 4 2
20 9 20
20 11 18
20 12 5
20 14 11
20 16 5
20 18 6
20 19 2
21 0 15
21 2 18
21 5 7
21 7 8
21 8 13
21 12 11
21 14 13
21 15 8
21 17 14
21 18 6
21 19 3
21 20 10
22 1 19
22 3 11
22 4 12
22 6 12
22 7 20
22 14 13
22 16 12
22 17 18
22 18 10
22 19 2
22 21 7
23 2 4
23 3 18
23 4 2
23 7 13
23 13 9
23 14 17
23 15 16
23 17 18
23 18 6
23 19 18
23 21 5
23 22 4
24 3 18
24 5 2
24 7 18
24 11 8
24 13 10
24 14 6
24 16 17
25 0 13
25 3 1
25 7 6
25 8 4
25 9 6
25 11 13
25 13 12
25 14 16
25 15 11
25 18 18
25 21 14
25 24 4
26 1 18
26 3 7
26 4 1
26 5 10
26 6 20
26 10 1
26 15 10
26 16 15
26 19 15
26 20 2
26 21 11
26 24 16
26 25 20
27 0 1
27 3 4
27 7 13
27 8 2
27 10 11
27 18 4
27 20 12
27 22 10
27 24 7
27 25 3
27 26 2
28 2 10
28 4 20
28 9 13
28 10 9
28 13 1
28 14 4
28 15 4
28 18 1
28 19 2
28 23 5
28 24 2
28 25 19
28 26 6
28 27 18
29 0 18
29 2 15
29 3 4
29 5 14
29 6 18
29 7 5
29 12 4
29 13 2
29 15 8
29 17 18
29 18 9
29 19 4
29 21 20
29 23 11
29 26 9
29 28 7
