30
1 0 24
3 1 33
4 0 8
4 3 12
5 1 21
5 2 31
5 3 36
5 4 1
6 2 15
6 5 29
7 2 35
7 3 15
7 4 33
7 5 25
8 4 6
8 5 31
8 7 1
9 1 31
9 3 10
9 5 2
9 8 31
10 3 30
10 6 16
10 9 6
11 1 21
11 2 3
11 3 1
11 5 34
11 6 39
11 7 6
11 8 20
12 0 14
12 2 7
12 3 16
12 5 29
12 8 12
12 9 9
12 10 7
13 0 30
13 4 31
13 7 5
13 9 24
13 10 15
13 12 29
14 1 23
14 3 39
14 4 2
14 6 2
14 11 38
14 13 15
15 0 37
15 4 8
15 5 39
15 7 30
15 8 1
15 10 27
15 12 30
15 14 29
16 0 20
16 3 25
16 4 18
16 7 40
16 8 22
16 9 17
16 15 28
17 0 38
17 3 27
17 4 11
17 6 5
17 8 8
17 9 24
17 11 9
17 12 37
17 13 8
17 14 23
17 15 37
18 6 33
18 8 22
18 10 8
18 11 4
18 16 22
19 2 17
19 3 37
19 4 40
19 5 40
19 7 30
19 8 10
19 11 7
19 12 34
19 13 31
19 15 27
19 17 31
20 0 16
20 3 33
20 5 25
20 7 11
20 9 35
20 10 13
20 12 38
20 15 24
20 17 1
20 18 9
21 3 11
21 9 19
21 10 40
21 14 40
21 16 3
21 19 28
22 0 15
22 2 32
22 3 25
22 4 40
22 6 16
22 8 37
22 10 6
22 12 1
22 14 26
22 15 33
22 16 12
22 21 1
23 6 11
23 7 9
23 8 33
23 9 19
23 10 9
23 11 40
23 12 5
23 19 40
23 20 11
23 21 12
23 22 32
24 2 40
24 4 10
24 6 11
24 8 29
24 9 19
24 10 29
24 11 30
24 17 12
24 20 1
24 23 21
25 0 35
25 1 23
25 3 20
25 6 23
25 9 24
25 10 35
25 11 29
25 15 36
25 18 5
25 19 19
25 20 30
25 22 30
25 24 5
26 1 34
26 3 17
26 5 16
26 9 20
26 12 17
26 14 6
26 22 20
26 24 24
26 25 2
27 0 35
27 2 6
27 3 31
27 9 23
27 14 16
27 16 38
27 20 11
27 22 39
27 23 13
27 26 11
28 0 20
28 3 28
28 7 32
28 8 6
28 12 12
28 13 15
28 15 21
28 16 13
28 17 19
28 18 1
28 21 14
28 23 31
28 27 31
29 0 26
29 1 1
29 2 14
29 3 34
29 7 5
29 10 10
29 11 4
29 14 25
29 17 30
29 20 4
29 21 25
29 24 11
29 25 22
29 26 9
29 27 29
