50
2 1 47
3 1 14
4 2 29
4 3 139
5 2 137
5 3 60
6 1 52
6 2 114
7 1 74
8 0 98
8 4 85
8 5 68
8 6 1
8 7 21
9 6 123
9 8 24
10 0 140
10 2 120
10 5 78
11 0 71
11 6 88
11 7 118
12 1 34
12 2 97
12 6 156
12 8 75
13 0 20
13 6 90
14 0 97
14 6 132
14 8 29
14 10 75
15 0 151
15 1 28
15 4 51
15 9 145
15 10 122
16 3 101
16 8 1
17 3 153
17 6 158
17 14 121
18 0 26
18 1 106
18 2 104
18 13 127
18 16 132
18 17 18
19 0 21
19 1 74
19 2 124
19 3 74
19 5 120
19 12 111
19 13 133
19 14 129
19 17 74
20 2 157
20 4 64
20 10 81
20 11 42
21 0 106
21 7 54
21 9 126
21 17 13
22 0 80
22 7 61
22 8 40
22 9 63
22 14 50
22 18 50
23 0 70
23 1 33
23 6 96
23 8 98
23 13 120
23 15 36
23 16 53
23 19 89
24 8 63
24 11 143
24 14 20
24 21 50
25 0 137
25 6 33
25 7 139
25 15 102
25 16 112
25 18 33
25 21 139
26 1 110
26 4 101
26 5 66
26 11 142
26 17 6
26 19 86
26 21 88
26 23 24
27 3 150
27 4 78
27 5 38
27 6 28
27 14 99
27 18 133
27 21 86
27 23 34
27 26 72
28 4 146
28 5 4
28 6 1
28 11 63
28 12 53
28 15 82
28 20 67
28 21 15
28 25 2
29 3 69
29 5 37
29 11 57
29 13 123
29 28 48
30 1 66
30 3 129
30 5 148
30 6 73
30 11 108
30 14 23
30 15 55
30 18 138
30 22 70
30 23 46
31 4 159
31 6 109
31 8 93
31 12 133
31 13 57
31 19 73
31 21 96
31 26 148
32 2 106
32 4 19
32 5 84
32 8 119
32 9 42
32 10 125
32 16 94
32 20 92
32 23 19
32 24 20
32 25 38
32 26 153
32 30 91
33 1 15
33 5 57
33 11 147
33 14 42
33 18 92
33 23 37
33 29 131
33 31 65
34 4 17
34 12 37
34 15 100
34 18 118
34 21 102
34 22 67
34 23 19
34 28 118
34 30 81
34 31 52
34 33 19
35 1 7
35 2 110
35 3 49
35 4 4
35 11 4
35 13 111
35 15 54
35 16 89
35 21 54
35 22 110
35 23 25
35 26 159
35 27 66
35 28 55
35 32 127
36 2 131
36 4 98
36 10 33
36 12 114
36 18 157
36 23 124
36 24 108
36 25 158
36 27 82
36 28 124
36 30 73
37 1 41
37 3 50
37 6 159
37 12 82
37 13 86
38 2 81
38 3 119
38 6 157
38 12 32
38 16 53
38 20 34
38 21 49
38 22 3
38 26 149
38 27 33
38 29 50
38 34 13
38 36 11
39 4 33
39 8 57
39 12 98
39 19 133
39 21 121
39 24 34
39 28 12
39 31 49
39 32 94
39 33 40
39 37 47
40 2 111
40 5 153
40 11 3
40 13 49
40 21 117
40 25 96
40 27 15
40 30 112
40 31 117
40 32 44
40 36 76
41 0 154
41 5 97
41 9 5
41 11 102
41 14 95
41 19 99
41 28 94
41 29 29
41 30 50
41 34 23
41 40 89
42 4 90
42 7 128
42 8 7
42 21 62
42 22 79
42 24 104
42 25 85
42 30 99
42 31 158
42 35 153
42 36 138
42 39 13
43 0 100
43 1 140
43 3 64
43 4 114
43 8 70
43 10 52
43 13 19
43 16 143
43 21 108
43 22 47
43 27 130
43 28 85
43 29 47
43 35 50
43 40 118
44 0 42
44 2 133
44 3 102
44 4 20
44 6 147
44 8 33
44 19 13
44 20 31
44 21 134
44 32 87
44 35 117
44 36 107
44 37 121
44 40 22
45 2 124
45 8 44
45 10 101
45 11 15
45 16 85
45 21 84
45 22 11
45 27 15
45 30 4
45 36 141
45 37 31
45 40 95
45 41 139
45 43 141
46 3 28
46 7 92
46 10 124
46 12 157
46 22 51
46 24 145
46 28 115
46 29 56
46 32 21
46 34 54
46 36 95
46 37 132
46 40 126
46 41 106
46 43 13
46 44 128
47 4 53
47 5 45
47 6 90
47 9 141
47 10 73
47 13 101
47 19 71
47 20 138
47 25 73
47 26 157
47 29 34
47 32 33
47 37 127
47 40 131
47 42 107
47 43 109
47 45 68
47 46 129
48 0 129
48 3 107
48 4 58
48 7 129
48 8 90
48 9 104
48 10 99
48 17 60
48 18 10
48 26 129
48 27 11
48 34 55
48 37 2
48 45 119
49 14 46
49 15 27
49 17 58
49 20 88
49 21 39
49 22 126
49 25 86
49 28 69
49 31 56
49 32 124
49 33 101
49 34 70
49 38 84
49 39 111
49 44 53
49 46 130
49 48 102
