70
1 0 3
2 0 5
2 1 8
3 0 7
3 1 1
3 2 2
4 0 7
4 1 1
4 2 2
4 3 3
5 0 2
5 1 4
5 2 3
5 3 4
5 4 9
6 0 1
6 1 10
6 2 4
6 3 2
6 4 9
6 5 6
7 0 6
7 1 7
7 2 10
7 3 4
7 4 8
7 5 6
7 6 3
8 0 10
8 1 2
8 2 1
8 3 5
8 4 8
8 5 6
8 6 5
8 7 6
9 0 8
9 1 7
9 2 9
9 3 5
9 4 1
9 5 3
9 6 10
9 7 10
9 8 9
10 0 7
10 1 4
10 2 4
10 3 4
10 4 10
10 5 8
10 6 2
10 7 5
10 8 3
10 9 10
11 0 10
11 1 1
11 2 3
11 3 10
11 4 4
11 5 7
11 6 9
11 7 9
11 8 4
11 9 5
11 10 10
12 0 1
12 1 7
12 2 7
12 3 9
12 4 7
12 5 2
12 6 9
12 7 7
12 8 8
12 9 8
12 10 1
12 11 7
13 0 10
13 1 5
13 2 5
13 3 1
13 4 4
13 5 9
13 6 2
13 7 1
13 8 7
13 9 6
13 10 10
13 11 6
13 12 6
14 0 9
14 1 10
14 2 7
14 3 6
14 4 4
14 5 8
14 6 1
14 7 1
14 8 3
14 9 8
14 10 1
14 11 3
14 12 9
14 13 1
15 0 4
15 1 8
15 2 8
15 3 3
15 4 6
15 5 10
15 6 7
15 7 2
15 8 8
15 9 3
15 10 7
15 11 3
15 12 4
15 13 8
15 14 1
16 0 9
16 1 2
16 2 2
16 3 4
16 4 1
16 5 1
16 6 10
16 7 2
16 8 2
16 9 1
16 10 2
16 11 10
16 12 10
16 13 3
16 14 4
16 15 7
17 0 1
17 1 2
17 2 6
17 3 6
17 4 7
17 5 9
17 6 4
17 7 5
17 8 7
17 9 2
17 10 8
17 11 8
17 12 4
17 13 10
17 14 4
17 15 10
17 16 4
18 0 9
18 1 9
18 2 3
18 3 10
18 4 10
18 5 10
18 6 9
18 7 8
18 8 9
18 9 2
18 10 9
18 11 10
18 12 9
18 13 2
18 14 9
18 15 8
18 16 6
18 17 3
19 0 9
19 1 6
19 2 2
19 3 10
19 4 7
19 5 5
19 6 5
19 7 6
19 8 10
19 9 9
19 10 2
19 11 5
19 12 8
19 13 10
19 14 4
19 15 4
19 16 4
19 17 5
19 18 1
20 0 9
20 1 2
20 2 6
20 3 5
20 4 2
20 5 4
20 6 7
20 7 5
20 8 4
20 9 6
20 10 3
20 11 4
20 12 4
20 13 8
20 14 2
20 15 2
20 16 5
20 17 8
20 18 9
20 19 2
21 0 5
21 1 1
21 2 7
21 3 10
21 4 4
21 5 6
21 6 5
21 7 4
21 8 3
21 9 1
21 10 9
21 11 8
21 12 6
21 13 7
21 14 7
21 15 8
21 16 10
21 17 6
21 18 2
21 19 6
21 20 7
22 0 5
22 1 9
22 2 4
22 3 6
22 4 9
22 5 2
22 6 8
22 7 5
22 8 7
22 9 4
22 10 1
22 11 6
22 12 7
22 13 6
22 14 6
22 15 7
22 16 10
22 17 5
22 18 5
22 19 8
22 20 10
22 21 8
23 0 9
23 1 5
23 2 1
23 3 7
23 4 9
23 5 9
23 6 4
23 7 9
23 8 1
23 9 4
23 10 4
23 11 1
23 12 1
23 13 3
23 14 7
23 15 7
23 16 10
23 17 10
23 18 3
23 19 8
23 20 7
23 21 8
23 22 9
24 0 2
24 1 6
24 2 5
24 3 5
24 4 4
24 5 7
24 6 4
24 7 6
24 8 3
24 9 8
24 10 9
24 11 1
24 12 2
24 13 5
24 14 2
24 15 8
24 16 10
24 17 9
24 18 2
24 19 9
24 20 7
24 21 3
24 22 3
24 23 4
25 0 3
25 1 8
25 2 5
25 3 4
25 4 5
25 5 2
25 6 8
25 7 5
25 8 7
25 9 5
25 10 9
25 11 1
25 12 9
25 13 4
25 14 6
25 15 6
25 16 1
25 17 1
25 18 10
25 19 7
25 20 8
25 21 7
25 22 1
25 23 8
25 24 2
26 0 7
26 1 9
26 2 9
26 3 4
26 4 8
26 5 2
26 6 5
26 7 4
26 8 4
26 9 9
26 10 10
26 11 5
26 12 5
26 13 7
26 14 4
26 15 1
26 16 5
26 17 3
26 18 4
26 19 3
26 20 4
26 21 5
26 22 10
26 23 9
26 24 10
26 25 3
27 0 4
27 1 5
27 2 4
27 3 10
27 4 8
27 5 1
27 6 8
27 7 9
27 8 8
27 9 5
27 10 9
27 11 6
27 12 2
27 13 4
27 14 1
27 15 7
27 16 10
27 17 6
27 18 8
27 19 4
27 20 5
27 21 2
27 22 9
27 23 5
27 24 5
27 25 1
27 26 2
28 0 5
28 1 7
28 2 3
28 3 10
28 4 4
28 5 3
28 6 4
28 7 4
28 8 4
28 9 5
28 10 5
28 11 3
28 12 10
28 13 3
28 14 3
28 15 5
28 16 1
28 17 8
28 18 7
28 19 2
28 20 6
28 21 5
28 22 5
28 23 5
28 24 6
28 25 1
28 26 10
28 27 10
29 0 3
29 1 5
29 2 4
29 3 3
29 4 8
29 5 7
29 6 10
29 7 10
29 8 5
29 9 1
29 10 4
29 11 3
29 12 5
29 13 2
29 14 3
29 15 3
29 16 8
29 17 9
29 18 1
29 19 10
29 20 7
29 21 3
29 22 10
29 23 10
29 24 9
29 25 3
29 26 3
29 27 10
29 28 1
30 0 9
30 1 9
30 2 5
30 3 8
30 4 6
30 5 8
30 6 3
30 7 3
30 8 4
30 9 10
30 10 4
30 11 1
30 12 9
30 13 10
30 14 2
30 15 1
30 16 1
30 17 6
30 18 10
30 19 8
30 20 10
30 21 5
30 22 7
30 23 7
30 24 10
30 25 2
30 26 1
30 27 4
30 28 6
30 29 9
31 0 6
31 1 9
31 2 1
31 3 4
31 4 7
31 5 7
31 6 8
31 7 10
31 8 6
31 9 10
31 10 7
31 11 10
31 12 10
31 13 8
31 14 2
31 15 7
31 16 3
31 17 6
31 18 3
31 19 3
31 20 9
31 21 4
31 22 9
31 23 6
31 24 10
31 25 10
31 26 8
31 27 9
31 28 9
31 29 1
31 30 3
32 0 1
32 1 1
32 2 3
32 3 6
32 4 10
32 5 2
32 6 1
32 7 9
32 8 2
32 9 4
32 10 9
32 11 1
32 12 1
32 13 7
32 14 10
32 15 3
32 16 7
32 17 3
32 18 5
32 19 6
32 20 6
32 21 10
32 22 4
32 23 10
32 24 7
32 25 4
32 26 10
32 27 4
32 28 4
32 29 8
32 30 5
32 31 3
33 0 10
33 1 2
33 2 1
33 3 3
33 4 7
33 5 8
33 6 1
33 7 7
33 8 3
33 9 9
33 10 5
33 11 1
33 12 10
33 13 9
33 14 10
33 15 6
33 16 6
33 17 7
33 18 3
33 19 7
33 20 7
33 21 8
33 22 8
33 23 1
33 24 3
33 25 7
33 26 5
33 27 9
33 28 7
33 29 6
33 30 8
33 31 6
33 32 7
34 0 3
34 1 9
34 2 2
34 3 2
34 4 7
34 5 5
34 6 1
34 7 9
34 8 3
34 9 6
34 10 8
34 11 8
34 12 7
34 13 5
34 14 1
34 15 3
34 16 8
34 17 7
34 18 9
34 19 8
34 20 8
34 21 2
34 22 5
34 23 3
34 24 2
34 25 7
34 26 7
34 27 10
34 28 6
34 29 8
34 30 1
34 31 7
34 32 4
34 33 8
35 0 3
35 1 6
35 2 7
35 3 3
35 4 4
35 5 8
35 6 5
35 7 6
35 8 8
35 9 2
35 10 9
35 11 5
35 12 6
35 13 1
35 14 6
35 15 10
35 16 8
35 17 3
35 18 2
35 19 8
35 20 9
35 21 9
35 22 7
35 23 4
35 24 3
35 25 6
35 26 4
35 27 4
35 28 5
35 29 3
35 30 4
35 31 3
35 32 2
35 33 1
35 34 6
36 0 9
36 1 1
36 2 4
36 3 4
36 4 8
36 5 7
36 6 6
36 7 1
36 8 7
36 9 6
36 10 1
36 11 6
36 12 7
36 13 10
36 14 6
36 15 2
36 16 8
36 17 1
36 18 3
36 19 10
36 20 6
36 21 2
36 22 10
36 23 7
36 24 8
36 25 8
36 26 3
36 27 8
36 28 7
36 29 8
36 30 1
36 31 7
36 32 9
36 33 5
36 34 8
36 35 7
37 0 2
37 1 7
37 2 4
37 3 1
37 4 1
37 5 8
37 6 9
37 7 1
37 8 4
37 9 4
37 10 8
37 11 5
37 12 1
37 13 4
37 14 3
37 15 7
37 16 9
37 17 5
37 18 3
37 19 7
37 20 10
37 21 5
37 22 5
37 23 6
37 24 7
37 25 9
37 26 6
37 27 6
37 28 4
37 29 7
37 30 4
37 31 9
37 32 1
37 33 5
37 34 7
37 35 9
37 36 10
38 0 8
38 1 4
38 2 4
38 3 2
38 4 8
38 5 4
38 6 1
38 7 8
38 8 6
38 9 10
38 10 4
38 11 4
38 12 1
38 13 3
38 14 10
38 15 10
38 16 2
38 17 5
38 18 9
38 19 5
38 20 8
38 21 5
38 22 1
38 23 4
38 24 5
38 25 10
38 26 5
38 27 9
38 28 7
38 29 5
38 30 8
38 31 4
38 32 8
38 33 4
38 34 10
38 35 5
38 36 10
38 37 8
39 0 3
39 1 5
39 2 6
39 3 10
39 4 2
39 5 1
39 6 3
39 7 4
39 8 3
39 9 8
39 10 7
39 11 5
39 12 2
39 13 8
39 14 3
39 15 1
39 16 3
39 17 7
39 18 8
39 19 3
39 20 7
39 21 4
39 22 4
39 23 3
39 24 8
39 25 5
39 26 4
39 27 10
39 28 2
39 29 9
39 30 3
39 31 3
39 32 5
39 33 1
39 34 6
39 35 10
39 36 5
39 37 9
39 38 2
40 0 10
40 1 6
40 2 6
40 3 10
40 4 5
40 5 4
40 6 1
40 7 8
40 8 1
40 9 9
40 10 1
40 11 1
40 12 8
40 13 5
40 14 10
40 15 4
40 16 9
40 17 4
40 18 9
40 19 7
40 20 6
40 21 2
40 22 9
40 23 4
40 24 1
40 25 6
40 26 1
40 27 3
40 28 5
40 29 1
40 30 10
40 31 7
40 32 8
40 33 3
40 34 2
40 35 6
40 36 5
40 37 6
40 38 9
40 39 3
41 0 10
41 1 2
41 2 6
41 3 7
41 4 1
41 5 7
41 6 8
41 7 10
41 8 3
41 9 10
41 10 8
41 11 8
41 12 4
41 13 4
41 14 1
41 15 7
41 16 8
41 17 7
41 18 7
41 19 5
41 20 1
41 21 8
41 22 6
41 23 10
41 24 4
41 25 9
41 26 6
41 27 7
41 28 9
41 29 3
41 30 5
41 31 2
41 32 8
41 33 4
41 34 5
41 35 9
41 36 9
41 37 2
41 38 7
41 39 4
41 40 5
42 0 2
42 1 6
42 2 7
42 3 3
42 4 2
42 5 3
42 6 2
42 7 3
42 8 1
42 9 2
42 10 3
42 11 7
42 12 10
42 13 6
42 14 9
42 15 2
42 16 3
42 17 9
42 18 3
42 19 8
42 20 3
42 21 7
42 22 5
42 23 10
42 24 8
42 25 7
42 26 5
42 27 3
42 28 1
42 29 7
42 30 1
42 31 5
42 32 4
42 33 9
42 34 3
42 35 8
42 36 6
42 37 2
42 38 1
42 39 10
42 40 3
42 41 7
43 0 3
43 1 6
43 2 4
43 3 3
43 4 4
43 5 8
43 6 7
43 7 8
43 8 2
43 9 6
43 10 5
43 11 6
43 12 10
43 13 4
43 14 5
43 15 6
43 16 1
43 17 9
43 18 9
43 19 7
43 20 4
43 21 5
43 22 8
43 23 1
43 24 1
43 25 8
43 26 8
43 27 7
43 28 4
43 29 2
43 30 3
43 31 8
43 32 1
43 33 8
43 34 7
43 35 9
43 36 2
43 37 9
43 38 10
43 39 1
43 40 3
43 41 5
43 42 2
44 0 9
44 1 4
44 2 10
44 3 4
44 4 5
44 5 5
44 6 10
44 7 5
44 8 4
44 9 3
44 10 7
44 11 4
44 12 6
44 13 8
44 14 1
44 15 1
44 16 4
44 17 6
44 18 6
44 19 9
44 20 4
44 21 6
44 22 9
44 23 10
44 24 5
44 25 3
44 26 7
44 27 10
44 28 6
44 29 10
44 30 2
44 31 1
44 32 7
44 33 5
44 34 4
44 35 5
44 36 7
44 37 5
44 38 7
44 39 6
44 40 5
44 41 9
44 42 3
44 43 6
45 0 1
45 1 7
45 2 2
45 3 3
45 4 6
45 5 5
45 6 3
45 7 5
45 8 9
45 9 2
45 10 5
45 11 8
45 12 10
45 13 10
45 14 8
45 15 6
45 16 9
45 17 7
45 18 6
45 19 8
45 20 3
45 21 3
45 22 4
45 23 6
45 24 6
45 25 1
45 26 9
45 27 6
45 28 7
45 29 2
45 30 5
45 31 10
45 32 9
45 33 10
45 34 8
45 35 3
45 36 6
45 37 5
45 38 5
45 39 5
45 40 3
45 41 10
45 42 10
45 43 5
45 44 8
46 0 2
46 1 7
46 2 2
46 3 5
46 4 8
46 5 5
46 6 4
46 7 9
46 8 1
46 9 9
46 10 1
46 11 7
46 12 2
46 13 10
46 14 10
46 15 3
46 16 1
46 17 9
46 18 4
46 19 6
46 20 5
46 21 4
46 22 1
46 23 7
46 24 7
46 25 5
46 26 4
46 27 6
46 28 8
46 29 4
46 30 2
46 31 6
46 32 1
46 33 4
46 34 3
46 35 1
46 36 9
46 37 1
46 38 3
46 39 8
46 40 10
46 41 4
46 42 5
46 43 2
46 44 9
46 45 2
47 0 4
47 1 6
47 2 2
47 3 4
47 4 6
47 5 6
47 6 2
47 7 3
47 8 2
47 9 7
47 10 10
47 11 3
47 12 1
47 13 9
47 14 5
47 15 8
47 16 7
47 17 6
47 18 1
47 19 4
47 20 2
47 21 5
47 22 1
47 23 8
47 24 9
47 25 6
47 26 6
47 27 9
47 28 4
47 29 7
47 30 4
47 31 6
47 32 7
47 33 1
47 34 4
47 35 5
47 36 9
47 37 2
47 38 4
47 39 8
47 40 3
47 41 3
47 42 6
47 43 3
47 44 7
47 45 2
47 46 1
48 0 9
48 1 5
48 2 8
48 3 3
48 4 9
48 5 2
48 6 3
48 7 9
48 8 10
48 9 8
48 10 4
48 11 6
48 12 10
48 13 6
48 14 6
48 15 6
48 16 6
48 17 3
48 18 3
48 19 9
48 20 6
48 21 5
48 22 8
48 23 6
48 24 3
48 25 9
48 26 3
48 27 5
48 28 10
48 29 1
48 30 10
48 31 7
48 32 9
48 33 7
48 34 7
48 35 9
48 36 8
48 37 8
48 38 5
48 39 6
48 40 10
48 41 10
48 42 1
48 43 2
48 44 2
48 45 2
48 46 2
48 47 6
49 0 5
49 1 10
49 2 4
49 3 2
49 4 8
49 5 8
49 6 9
49 7 8
49 8 5
49 9 2
49 10 6
49 11 4
49 12 5
49 13 6
49 14 3
49 15 10
49 16 3
49 17 5
49 18 2
49 19 5
49 20 1
49 21 1
49 22 9
49 23 2
49 24 10
49 25 5
49 26 1
49 27 5
49 28 10
49 29 10
49 30 9
49 31 7
49 32 4
49 33 7
49 34 10
49 35 4
49 36 4
49 37 4
49 38 3
49 39 10
49 40 7
49 41 4
49 42 8
49 43 2
49 44 2
49 45 8
49 46 6
49 47 3
49 48 9
50 0 2
50 1 2
50 2 10
50 3 8
50 4 6
50 5 2
50 6 8
50 7 3
50 8 5
50 9 9
50 10 2
50 11 1
50 12 4
50 13 3
50 14 9
50 15 6
50 16 9
50 17 6
50 18 4
50 19 9
50 20 10
50 21 5
50 22 5
50 23 5
50 24 7
50 25 7
50 26 8
50 27 7
50 28 1
50 29 3
50 30 5
50 31 4
50 32 10
50 33 9
50 34 9
50 35 3
50 36 6
50 37 2
50 38 6
50 39 10
50 40 7
50 41 2
50 42 2
50 43 5
50 44 9
50 45 2
50 46 3
50 47 6
50 48 5
50 49 5
51 0 1
51 1 10
51 2 4
51 3 4
51 4 10
51 5 5
51 6 5
51 7 8
51 8 6
51 9 10
51 10 2
51 11 7
51 12 5
51 13 1
51 14 2
51 15 9
51 16 5
51 17 5
51 18 1
51 19 10
51 20 2
51 21 1
51 22 2
51 23 7
51 24 4
51 25 8
51 26 7
51 27 3
51 28 1
51 29 1
51 30 2
51 31 9
51 32 2
51 33 1
51 34 5
51 35 9
51 36 1
51 37 1
51 38 7
51 39 5
51 40 2
51 41 6
51 42 9
51 43 2
51 44 2
51 45 3
51 46 9
51 47 5
51 48 9
51 49 6
51 50 3
52 0 9
52 1 7
52 2 7
52 3 1
52 4 8
52 5 9
52 6 2
52 7 4
52 8 5
52 9 2
52 10 5
52 11 7
52 12 4
52 13 9
52 14 1
52 15 5
52 16 8
52 17 9
52 18 10
52 19 9
52 20 2
52 21 2
52 22 8
52 23 9
52 24 5
52 25 8
52 26 6
52 27 4
52 28 7
52 29 3
52 30 10
52 31 5
52 32 10
52 33 5
52 34 7
52 35 1
52 36 2
52 37 6
52 38 4
52 39 9
52 40 10
52 41 6
52 42 10
52 43 6
52 44 10
52 45 6
52 46 1
52 47 2
52 48 1
52 49 8
52 50 7
52 51 10
53 0 5
53 1 4
53 2 8
53 3 3
53 4 6
53 5 7
53 6 4
53 7 8
53 8 7
53 9 9
53 10 7
53 11 4
53 12 10
53 13 2
53 14 7
53 15 1
53 16 4
53 17 6
53 18 6
53 19 7
53 20 7
53 21 4
53 22 3
53 23 8
53 24 9
53 25 3
53 26 8
53 27 10
53 28 10
53 29 9
53 30 6
53 31 1
53 32 3
53 33 3
53 34 8
53 35 2
53 36 3
53 37 10
53 38 2
53 39 2
53 40 5
53 41 7
53 42 8
53 43 10
53 44 4
53 45 1
53 46 6
53 47 3
53 48 10
53 49 2
53 50 6
53 51 6
53 52 6
54 0 4
54 1 4
54 2 4
54 3 4
54 4 5
54 5 2
54 6 3
54 7 1
54 8 8
54 9 2
54 10 3
54 11 7
54 12 8
54 13 1
54 14 5
54 15 9
54 16 4
54 17 4
54 18 7
54 19 4
54 20 7
54 21 7
54 22 1
54 23 7
54 24 6
54 25 7
54 26 8
54 27 3
54 28 1
54 29 7
54 30 7
54 31 4
54 32 3
54 33 3
54 34 2
54 35 2
54 36 8
54 37 6
54 38 1
54 39 7
54 40 5
54 41 9
54 42 7
54 43 7
54 44 5
54 45 4
54 46 4
54 47 8
54 48 4
54 49 8
54 50 10
54 51 2
54 52 9
54 53 2
55 0 5
55 1 8
55 2 5
55 3 6
55 4 9
55 5 10
55 6 7
55 7 6
55 8 7
55 9 8
55 10 10
55 11 5
55 12 7
55 13 3
55 14 7
55 15 8
55 16 9
55 17 8
55 18 7
55 19 10
55 20 10
55 21 1
55 22 2
55 23 10
55 24 2
55 25 1
55 26 5
55 27 4
55 28 2
55 29 2
55 30 10
55 31 6
55 32 4
55 33 6
55 34 8
55 35 2
55 36 9
55 37 2
55 38 10
55 39 7
55 40 5
55 41 3
55 42 10
55 43 9
55 44 9
55 45 6
55 46 7
55 47 2
55 48 2
55 49 3
55 50 5
55 51 7
55 52 1
55 53 3
55 54 4
56 0 8
56 1 9
56 2 5
56 3 6
56 4 9
56 5 2
56 6 4
56 7 7
56 8 9
56 9 6
56 10 8
56 11 1
56 12 1
56 13 4
56 14 3
56 15 10
56 16 8
56 17 3
56 18 4
56 19 8
56 20 8
56 21 3
56 22 6
56 23 9
56 24 9
56 25 3
56 26 3
56 27 2
56 28 4
56 29 7
56 30 2
56 31 1
56 32 3
56 33 8
56 34 8
56 35 3
56 36 6
56 37 4
56 38 7
56 39 9
56 40 9
56 41 1
56 42 5
56 43 10
56 44 7
56 45 7
56 46 5
56 47 7
56 48 10
56 49 9
56 50 1
56 51 9
56 52 5
56 53 10
56 54 10
56 55 7
57 0 9
57 1 6
57 2 8
57 3 9
57 4 10
57 5 5
57 6 6
57 7 6
57 8 3
57 9 4
57 10 3
57 11 4
57 12 8
57 13 5
57 14 1
57 15 6
57 16 5
57 17 1
57 18 7
57 19 6
57 20 10
57 21 3
57 22 8
57 23 2
57 24 1
57 25 4
57 26 9
57 27 4
57 28 4
57 29 9
57 30 1
57 31 9
57 32 6
57 33 7
57 34 6
57 35 3
57 36 5
57 37 7
57 38 9
57 39 6
57 40 5
57 41 6
57 42 2
57 43 7
57 44 7
57 45 1
57 46 6
57 47 5
57 48 7
57 49 6
57 50 4
57 51 2
57 52 5
57 53 1
57 54 1
57 55 3
57 56 3
58 0 9
58 1 2
58 2 5
58 3 6
58 4 8
58 5 1
58 6 5
58 7 2
58 8 9
58 9 6
58 10 9
58 11 9
58 12 10
58 13 10
58 14 7
58 15 1
58 16 9
58 17 3
58 18 3
58 19 7
58 20 1
58 21 8
58 22 8
58 23 9
58 24 3
58 25 7
58 26 2
58 27 4
58 28 3
58 29 6
58 30 9
58 31 2
58 32 1
58 33 1
58 34 3
58 35 8
58 36 8
58 37 1
58 38 2
58 39 6
58 40 6
58 41 7
58 42 2
58 43 8
58 44 2
58 45 5
58 46 3
58 47 4
58 48 5
58 49 3
58 50 6
58 51 5
58 52 10
58 53 4
58 54 3
58 55 8
58 56 7
58 57 8
59 0 5
59 1 9
59 2 7
59 3 6
59 4 8
59 5 6
59 6 3
59 7 10
59 8 4
59 9 9
59 10 1
59 11 1
59 12 8
59 13 2
59 14 4
59 15 6
59 16 10
59 17 8
59 18 7
59 19 7
59 20 5
59 21 6
59 22 4
59 23 4
59 24 7
59 25 5
59 26 8
59 27 3
59 28 9
59 29 9
59 30 5
59 31 6
59 32 4
59 33 1
59 34 10
59 35 10
59 36 6
59 37 4
59 38 2
59 39 2
59 40 6
59 41 4
59 42 3
59 43 6
59 44 3
59 45 10
59 46 4
59 47 9
59 48 3
59 49 6
59 50 3
59 51 3
59 52 1
59 53 6
59 54 9
59 55 8
59 56 6
59 57 5
59 58 1
60 0 7
60 1 6
60 2 5
60 3 3
60 4 3
60 5 8
60 6 3
60 7 8
60 8 2
60 9 10
60 10 1
60 11 8
60 12 8
60 13 3
60 14 7
60 15 8
60 16 3
60 17 3
60 18 9
60 19 1
60 20 4
60 21 8
60 22 2
60 23 6
60 24 8
60 25 7
60 26 10
60 27 3
60 28 1
60 29 9
60 30 1
60 31 8
60 32 1
60 33 6
60 34 7
60 35 6
60 36 1
60 37 6
60 38 2
60 39 6
60 40 4
60 41 6
60 42 10
60 43 8
60 44 8
60 45 7
60 46 8
60 47 3
60 48 6
60 49 7
60 50 10
60 51 7
60 52 2
60 53 4
60 54 10
60 55 10
60 56 3
60 57 7
60 58 7
60 59 2
61 0 7
61 1 4
61 2 1
61 3 3
61 4 10
61 5 3
61 6 8
61 7 9
61 8 8
61 9 4
61 10 8
61 11 2
61 12 6
61 13 4
61 14 10
61 15 2
61 16 7
61 17 10
61 18 9
61 19 9
61 20 3
61 21 3
61 22 3
61 23 3
61 24 10
61 25 3
61 26 9
61 27 3
61 28 2
61 29 10
61 30 7
61 31 10
61 32 7
61 33 10
61 34 1
61 35 9
61 36 2
61 37 9
61 38 4
61 39 6
61 40 6
61 41 2
61 42 1
61 43 9
61 44 10
61 45 10
61 46 10
61 47 4
61 48 10
61 49 1
61 50 5
61 51 4
61 52 4
61 53 6
61 54 4
61 55 1
61 56 9
61 57 3
61 58 6
61 59 1
61 60 6
62 0 4
62 1 4
62 2 4
62 3 1
62 4 2
62 5 2
62 6 5
62 7 8
62 8 1
62 9 4
62 10 9
62 11 5
62 12 10
62 13 7
62 14 4
62 15 10
62 16 4
62 17 2
62 18 2
62 19 8
62 20 4
62 21 1
62 22 10
62 23 7
62 24 4
62 25 2
62 26 2
62 27 9
62 28 6
62 29 7
62 30 7
62 31 6
62 32 3
62 33 7
62 34 2
62 35 9
62 36 8
62 37 8
62 38 3
62 39 7
62 40 6
62 41 4
62 42 2
62 43 3
62 44 5
62 45 10
62 46 3
62 47 4
62 48 5
62 49 8
62 50 2
62 51 1
62 52 5
62 53 1
62 54 1
62 55 3
62 56 4
62 57 4
62 58 3
62 59 10
62 60 3
62 61 8
63 0 6
63 1 9
63 2 8
63 3 2
63 4 2
63 5 5
63 6 5
63 7 9
63 8 6
63 9 4
63 10 10
63 11 5
63 12 6
63 13 9
63 14 9
63 15 8
63 16 7
63 17 5
63 18 2
63 19 6
63 20 4
63 21 2
63 22 5
63 23 3
63 24 8
63 25 5
63 26 8
63 27 3
63 28 3
63 29 2
63 30 2
63 31 8
63 32 3
63 33 6
63 34 5
63 35 5
63 36 10
63 37 4
63 38 5
63 39 4
63 40 10
63 41 5
63 42 3
63 43 10
63 44 9
63 45 2
63 46 9
63 47 1
63 48 10
63 49 2
63 50 1
63 51 1
63 52 5
63 53 9
63 54 3
63 55 4
63 56 6
63 57 3
63 58 2
63 59 4
63 60 10
63 61 8
63 62 5
64 0 7
64 1 9
64 2 10
64 3 2
64 4 10
64 5 8
64 6 10
64 7 3
64 8 9
64 9 6
64 10 4
64 11 4
64 12 9
64 13 1
64 14 8
64 15 6
64 16 3
64 17 7
64 18 5
64 19 6
64 20 2
64 21 5
64 22 8
64 23 5
64 24 1
64 25 2
64 26 10
64 27 10
64 28 2
64 29 7
64 30 5
64 31 5
64 32 3
64 33 6
64 34 8
64 35 6
64 36 2
64 37 2
64 38 1
64 39 4
64 40 10
64 41 1
64 42 9
64 43 1
64 44 8
64 45 10
64 46 2
64 47 8
64 48 4
64 49 6
64 50 1
64 51 9
64 52 9
64 53 3
64 54 7
64 55 6
64 56 1
64 57 9
64 58 10
64 59 2
64 60 3
64 61 10
64 62 6
64 63 8
65 0 9
65 1 7
65 2 2
65 3 5
65 4 2
65 5 5
65 6 5
65 7 6
65 8 8
65 9 3
65 10 1
65 11 5
65 12 2
65 13 10
65 14 2
65 15 6
65 16 1
65 17 9
65 18 1
65 19 3
65 20 6
65 21 8
65 22 2
65 23 5
65 24 6
65 25 5
65 26 5
65 27 9
65 28 1
65 29 3
65 30 10
65 31 6
65 32 8
65 33 9
65 34 2
65 35 3
65 36 3
65 37 4
65 38 1
65 39 3
65 40 4
65 41 6
65 42 6
65 43 7
65 44 5
65 45 8
65 46 7
65 47 4
65 48 1
65 49 7
65 50 8
65 51 5
65 52 2
65 53 10
65 54 2
65 55 1
65 56 1
65 57 7
65 58 9
65 59 3
65 60 3
65 61 4
65 62 7
65 63 8
65 64 10
66 0 3
66 1 9
66 2 9
66 3 5
66 4 9
66 5 6
66 6 3
66 7 8
66 8 7
66 9 7
66 10 8
66 11 4
66 12 5
66 13 3
66 14 3
66 15 1
66 16 4
66 17 10
66 18 1
66 19 4
66 20 10
66 21 3
66 22 10
66 23 6
66 24 1
66 25 7
66 26 9
66 27 5
66 28 4
66 29 4
66 30 3
66 31 8
66 32 5
66 33 2
66 34 9
66 35 7
66 36 8
66 37 5
66 38 3
66 39 3
66 40 7
66 41 8
66 42 8
66 43 8
66 44 2
66 45 1
66 46 10
66 47 10
66 48 9
66 49 1
66 50 6
66 51 6
66 52 4
66 53 2
66 54 1
66 55 1
66 56 4
66 57 9
66 58 5
66 59 1
66 60 1
66 61 3
66 62 8
66 63 9
66 64 1
66 65 2
67 0 5
67 1 6
67 2 5
67 3 4
67 4 10
67 5 3
67 6 9
67 7 8
67 8 1
67 9 4
67 10 7
67 11 9
67 12 10
67 13 1
67 14 8
67 15 5
67 16 10
67 17 4
67 18 4
67 19 6
67 20 3
67 21 3
67 22 7
67 23 2
67 24 7
67 25 5
67 26 9
67 27 7
67 28 1
67 29 3
67 30 6
67 31 6
67 32 3
67 33 10
67 34 4
67 35 8
67 36 10
67 37 10
67 38 3
67 39 1
67 40 4
67 41 8
67 42 10
67 43 5
67 44 9
67 45 2
67 46 3
67 47 1
67 48 4
67 49 5
67 50 9
67 51 4
67 52 3
67 53 1
67 54 5
67 55 10
67 56 6
67 57 5
67 58 1
67 59 7
67 60 8
67 61 6
67 62 3
67 63 3
67 64 6
67 65 10
67 66 6
68 0 7
68 1 4
68 2 10
68 3 8
68 4 4
68 5 2
68 6 3
68 7 3
68 8 8
68 9 4
68 10 8
68 11 6
68 12 4
68 13 4
68 14 9
68 15 5
68 16 7
68 17 10
68 18 6
68 19 6
68 20 3
68 21 5
68 22 2
68 23 2
68 24 9
68 25 5
68 26 2
68 27 1
68 28 2
68 29 5
68 30 2
68 31 9
68 32 4
68 33 3
68 34 9
68 35 8
68 36 8
68 37 4
68 38 4
68 39 10
68 40 8
68 41 4
68 42 2
68 43 8
68 44 8
68 45 2
68 46 2
68 47 1
68 48 4
68 49 3
68 50 2
68 51 8
68 52 6
68 53 4
68 54 10
68 55 7
68 56 5
68 57 6
68 58 4
68 59 1
68 60 7
68 61 3
68 62 4
68 63 10
68 64 10
68 65 7
68 66 9
68 67 3
69 0 9
69 1 1
69 2 2
69 3 3
69 4 10
69 5 4
69 6 8
69 7 5
69 8 2
69 9 10
69 10 3
69 11 5
69 12 10
69 13 8
69 14 9
69 15 8
69 16 2
69 17 10
69 18 4
69 19 4
69 20 10
69 21 3
69 22 7
69 23 10
69 24 6
69 25 9
69 26 7
69 27 5
69 28 1
69 29 2
69 30 10
69 31 1
69 32 3
69 33 3
69 34 7
69 35 6
69 36 6
69 37 6
69 38 1
69 39 5
69 40 3
69 41 7
69 42 4
69 43 2
69 44 6
69 45 2
69 46 3
69 47 2
69 48 10
69 49 7
69 50 3
69 51 10
69 52 8
69 53 8
69 54 6
69 55 2
69 56 5
69 57 10
69 58 5
69 59 3
69 60 4
69 61 4
69 62 5
69 63 5
69 64 4
69 65 1
69 66 8
69 67 8
69 68 2
