60
5 0 23
6 0 1
6 2 12
8 1 20
8 5 15
10 5 40
10 7 2
10 8 30
11 2 17
11 6 38
11 9 4
11 10 28
12 10 13
13 8 10
13 10 7
14 3 8
14 9 1
14 10 2
15 8 26
16 4 14
16 6 5
16 15 36
17 2 7
17 5 4
17 10 36
18 4 8
18 9 35
18 10 2
18 14 39
19 0 33
19 1 21
19 3 18
19 4 25
19 7 10
19 9 24
19 10 25
20 4 40
20 6 28
20 7 24
20 9 9
20 10 11
20 11 33
21 7 17
21 14 9
21 17 3
22 2 40
22 9 38
22 15 34
22 20 35
23 5 27
23 11 37
23 19 13
24 2 22
24 9 4
24 12 21
24 16 35
24 18 22
24 19 7
24 23 34
25 1 36
25 10 1
25 12 20
25 15 33
25 20 4
25 21 7
26 1 39
26 5 14
26 10 1
26 12 32
27 0 9
27 12 3
27 14 12
27 17 13
27 23 4
28 9 37
28 10 8
28 11 40
28 12 9
28 20 30
28 24 22
28 26 39
29 3 31
29 4 20
29 23 18
30 3 12
30 7 37
30 15 14
30 20 27
30 21 29
30 22 4
30 29 20
31 1 29
31 3 11
31 6 7
31 9 25
31 10 37
31 15 37
31 18 17
31 28 40
32 1 37
32 5 16
32 11 40
32 16 32
32 24 35
32 29 26
33 8 36
33 14 17
33 20 5
33 21 16
33 31 9
34 4 9
34 9 40
34 14 20
34 20 11
34 32 13
35 3 33
35 5 38
35 7 22
35 15 28
35 23 9
35 27 4
36 0 18
36 5 3
36 7 21
36 12 9
36 25 21
37 9 22
37 15 3
37 29 16
37 31 17
38 1 28
38 2 9
38 5 5
38 6 28
38 13 4
38 17 28
38 20 28
38 21 6
38 26 28
38 27 13
38 30 37
39 5 32
39 9 4
39 16 27
39 18 16
39 22 27
39 32 13
39 38 14
40 0 38
40 2 39
40 8 11
40 11 29
40 12 24
40 19 3
40 25 22
40 32 36
40 33 16
40 38 22
40 39 39
41 1 18
41 11 31
41 22 9
41 31 29
41 35 7
41 37 31
42 1 36
42 6 29
42 7 33
42 14 22
42 37 27
42 38 39
42 40 25
42 41 5
43 1 30
43 5 9
43 10 10
43 16 26
43 20 38
43 33 39
43 34 23
43 39 8
43 42 1
44 10 2
44 11 2
44 19 33
44 20 11
44 25 27
44 28 13
44 29 22
44 37 39
44 42 32
45 1 13
45 29 8
45 31 14
45 32 37
45 37 16
45 39 38
45 42 31
45 44 23
46 4 27
46 5 35
46 17 29
46 18 34
46 26 32
46 30 34
46 34 24
46 39 28
46 43 19
47 4 33
47 8 25
47 9 37
47 15 40
47 21 20
47 22 9
47 31 21
47 38 21
48 2 32
48 24 18
48 25 20
48 26 18
48 31 40
48 32 20
48 38 21
49 2 11
49 4 30
49 12 9
49 13 11
49 17 17
49 26 18
49 29 24
49 32 8
49 34 16
49 35 24
49 39 40
49 42 25
49 44 34
50 1 8
50 7 19
50 34 23
50 37 17
50 44 25
51 0 20
51 3 23
51 5 39
51 6 7
51 8 37
51 11 9
51 14 7
51 15 33
51 20 30
51 26 4
51 41 32
51 48 21
52 8 37
52 11 38
52 19 24
52 27 40
52 28 33
52 30 6
52 37 9
52 45 8
52 49 40
52 51 13
53 0 30
53 1 39
53 19 23
53 21 40
53 24 20
53 26 11
53 32 20
53 38 20
53 45 35
54 4 6
54 19 31
54 35 33
54 41 24
54 44 13
54 45 11
54 46 24
54 48 16
54 49 26
55 11 23
55 18 15
55 28 23
55 36 28
55 40 32
55 49 9
56 0 13
56 4 6
56 6 34
56 8 1
56 15 7
56 18 34
56 23 14
56 29 9
56 37 9
57 5 21
57 6 35
57 11 25
57 18 7
57 20 8
57 21 25
57 23 17
57 25 33
57 31 40
57 35 38
57 36 30
57 38 10
57 45 31
57 46 10
57 49 28
57 54 25
57 55 27
58 2 12
58 5 30
58 8 20
58 17 7
58 41 12
58 45 11
58 47 20
58 51 10
58 52 39
59 0 28
59 4 7
59 6 36
59 12 11
59 16 23
59 21 14
59 27 31
59 28 38
59 33 20
59 34 25
59 38 11
59 46 26
59 50 9
59 57 3
