60
3 0 78
3 1 283
4 1 191
4 2 148
4 3 230
5 0 113
6 0 204
6 3 91
6 4 4
6 5 144
7 3 113
7 4 136
7 5 174
7 6 273
8 1 5
8 3 48
8 4 234
8 5 122
8 6 275
8 7 135
9 0 72
9 1 236
9 2 27
9 6 147
10 2 213
10 4 217
10 5 282
10 7 300
10 9 121
11 0 101
11 1 111
11 3 33
11 4 214
11 5 312
11 8 298
11 9 56
12 0 66
12 1 294
12 5 251
12 6 250
12 7 135
12 8 98
12 10 261
12 11 238
13 0 171
13 1 100
13 2 264
13 3 1
13 4 292
13 7 193
13 9 33
13 10 254
13 12 58
14 1 174
14 2 285
14 3 45
14 7 299
14 8 48
14 10 257
14 11 218
14 12 26
14 13 111
15 3 164
15 5 244
15 7 273
15 9 300
15 13 84
16 1 266
16 2 320
16 3 9
16 4 48
16 5 239
16 6 55
16 7 170
16 8 266
16 9 56
16 10 172
16 12 212
16 13 284
16 14 84
17 0 128
17 1 27
17 4 179
17 5 221
17 6 89
17 10 72
17 12 264
17 13 184
17 14 210
17 15 264
17 16 52
18 1 300
18 4 310
18 6 211
18 7 92
18 8 248
18 9 76
18 12 14
18 15 178
18 16 39
18 17 215
19 1 91
19 2 238
19 4 285
19 5 234
19 6 84
19 9 226
19 10 128
19 12 81
19 13 10
19 14 165
19 16 122
19 18 77
20 0 117
20 2 61
20 3 79
20 4 250
20 5 217
20 8 32
20 10 316
20 13 264
20 15 194
20 16 169
20 19 31
21 4 220
21 7 280
21 11 252
21 15 245
21 17 148
21 20 313
22 1 313
22 2 37
22 6 55
22 8 219
22 9 310
22 13 125
22 14 35
22 15 272
22 18 140
22 19 73
23 2 195
23 3 21
23 5 102
23 6 7
23 7 128
23 9 263
23 12 91
23 13 27
23 14 136
23 17 205
23 18 39
23 21 85
23 22 138
24 1 60
24 3 44
24 5 156
24 6 139
24 9 161
24 10 274
24 14 262
24 15 39
24 16 152
24 17 196
24 18 303
24 20 269
24 22 26
25 0 69
25 1 10
25 4 13
25 5 101
25 10 70
25 11 75
25 13 6
25 15 308
25 17 19
25 19 219
25 20 65
25 22 106
25 23 223
25 24 40
26 0 2
26 5 287
26 6 127
26 7 285
26 8 181
26 9 111
26 10 243
26 11 309
26 13 6
26 14 43
26 15 3
26 21 114
26 24 306
26 25 288
27 2 129
27 3 193
27 7 108
27 8 165
27 13 306
27 16 129
27 24 192
27 26 184
28 0 230
28 1 14
28 6 223
28 7 69
28 8 244
28 9 304
28 11 315
28 14 275
28 15 146
28 24 307
28 25 162
28 26 219
29 1 61
29 4 275
29 6 182
29 7 45
29 9 165
29 16 130
29 18 304
29 20 303
29 21 257
29 23 167
29 24 144
29 27 92
29 28 255
30 4 259
30 5 225
30 7 90
30 12 239
30 14 141
30 15 292
30 18 14
30 21 178
30 22 148
30 23 136
30 25 141
30 26 46
30 27 266
31 0 39
31 2 196
31 4 80
31 5 291
31 6 44
31 7 207
31 11 286
31 14 253
31 16 243
31 18 54
31 19 267
31 20 101
31 21 130
31 22 88
31 25 45
31 29 149
31 30 43
32 1 294
32 2 35
32 3 185
32 7 273
32 8 21
32 9 145
32 11 231
32 12 205
32 16 259
32 17 133
32 18 294
32 20 41
32 22 134
32 23 248
32 26 255
32 27 42
32 30 226
32 31 316
33 1 219
33 2 8
33 5 267
33 6 218
33 9 187
33 10 316
33 14 55
33 16 210
33 17 269
33 23 277
33 25 174
33 26 211
33 30 215
33 31 119
34 0 284
34 1 88
34 4 57
34 6 315
34 7 100
34 9 18
34 11 313
34 18 107
34 21 236
34 23 281
34 27 86
34 31 186
34 33 87
35 3 272
35 4 21
35 6 260
35 8 127
35 9 67
35 13 291
35 15 305
35 25 97
35 28 184
35 29 265
35 33 299
35 34 76
36 0 34
36 1 160
36 3 35
36 5 275
36 11 266
36 14 18
36 15 48
36 16 199
36 21 149
36 24 234
36 28 214
36 30 248
36 31 42
36 34 308
36 35 292
37 2 238
37 5 313
37 7 164
37 9 85
37 10 219
37 11 259
37 12 93
37 13 133
37 14 200
37 16 125
37 17 98
37 19 165
37 26 16
37 29 201
37 31 245
37 32 165
37 33 307
37 34 59
37 35 56
37 36 173
38 1 220
38 2 136
38 3 116
38 7 119
38 8 201
38 10 230
38 11 31
38 13 167
38 14 294
38 15 72
38 17 180
38 19 297
38 20 318
38 22 96
38 23 88
38 24 182
38 25 157
38 29 14
38 31 265
38 35 178
38 36 258
38 37 279
39 0 194
39 3 236
39 5 267
39 6 289
39 7 226
39 8 87
39 9 76
39 10 32
39 13 273
39 14 255
39 15 104
39 17 109
39 18 302
39 19 134
39 20 127
39 21 133
39 25 217
39 27 71
39 28 189
39 32 175
39 35 109
39 36 104
39 37 1
39 38 78
40 1 213
40 3 74
40 4 65
40 6 110
40 7 282
40 9 213
40 11 257
40 12 79
40 14 65
40 15 307
40 17 211
40 18 298
40 19 136
40 20 5
40 21 144
40 26 200
40 29 305
40 32 55
40 33 102
40 36 150
40 38 228
40 39 232
41 0 126
41 1 99
41 3 96
41 7 272
41 9 277
41 10 207
41 15 1
41 16 265
41 17 302
41 20 151
41 23 211
41 25 180
41 27 185
41 28 171
41 31 316
41 34 304
41 37 61
42 0 70
42 3 235
42 4 121
42 5 117
42 7 144
42 8 81
42 9 155
42 11 106
42 13 288
42 14 105
42 17 313
42 19 52
42 20 28
42 21 142
42 24 308
42 25 262
42 26 186
42 31 97
42 32 294
42 33 183
42 37 258
43 2 149
43 4 248
43 5 9
43 8 59
43 10 158
43 12 314
43 13 225
43 16 273
43 19 44
43 20 183
43 21 319
43 26 14
43 27 298
43 29 50
43 30 186
43 31 248
43 32 98
43 33 64
43 36 234
43 40 155
43 42 251
44 0 214
44 2 50
44 3 38
44 5 120
44 6 140
44 7 316
44 8 126
44 10 267
44 12 282
44 14 252
44 15 65
44 18 57
44 19 54
44 20 168
44 24 167
44 27 3
44 29 240
44 31 1
44 32 305
44 33 199
44 37 13
44 38 41
44 39 107
44 41 17
44 42 124
45 0 232
45 2 295
45 4 189
45 5 159
45 6 306
45 7 43
45 8 18
45 9 198
45 11 300
45 12 140
45 13 231
45 15 229
45 16 153
45 17 93
45 19 293
45 22 237
45 23 210
45 24 278
45 25 254
45 27 205
45 29 100
45 30 40
45 35 151
45 38 246
45 39 132
45 40 109
45 42 180
45 44 317
46 0 125
46 4 165
46 6 135
46 8 286
46 9 255
46 10 33
46 12 218
46 13 278
46 14 212
46 15 283
46 16 246
46 18 81
46 19 199
46 21 35
46 23 233
46 25 271
46 27 304
46 28 209
46 30 276
46 31 172
46 32 134
46 40 127
46 41 182
46 43 274
46 44 7
46 45 84
47 3 192
47 4 28
47 6 232
47 7 68
47 10 50
47 12 275
47 13 127
47 15 128
47 16 227
47 18 35
47 19 17
47 20 38
47 22 190
47 27 128
47 28 299
47 31 235
47 32 19
47 36 86
47 39 117
47 42 36
47 43 277
47 44 129
47 45 27
48 0 166
48 1 257
48 2 128
48 3 290
48 4 149
48 7 152
48 8 312
48 13 157
48 15 20
48 17 305
48 18 162
48 21 211
48 23 77
48 24 272
48 25 251
48 32 240
48 34 30
48 38 259
48 40 239
48 41 234
48 43 292
48 45 233
48 46 106
48 47 5
49 1 125
49 4 230
49 8 35
49 12 224
49 14 255
49 15 300
49 16 238
49 23 229
49 24 8
49 27 132
49 28 287
49 29 154
49 30 206
49 36 90
49 38 281
49 40 187
49 41 252
49 43 174
49 44 122
49 45 125
49 48 125
50 0 270
50 3 106
50 4 20
50 5 153
50 6 157
50 8 320
50 9 301
50 10 65
50 11 223
50 16 31
50 17 47
50 20 16
50 22 73
50 24 278
50 25 258
50 28 97
50 30 86
50 31 273
50 32 79
50 35 298
50 36 57
50 40 83
50 42 25
50 43 96
50 44 274
50 47 115
50 48 193
51 2 207
51 3 262
51 8 127
51 9 212
51 12 245
51 13 145
51 15 124
51 16 98
51 17 141
51 20 247
51 22 218
51 24 275
51 25 281
51 27 211
51 29 221
51 31 58
51 33 45
51 35 274
51 36 139
51 38 174
51 43 253
51 44 7
51 45 81
51 47 166
51 48 198
51 49 136
51 50 314
52 0 227
52 1 98
52 5 306
52 6 191
52 8 254
52 11 89
52 18 173
52 19 70
52 20 286
52 26 209
52 27 62
52 28 128
52 31 70
52 34 124
52 35 38
52 36 260
52 39 122
52 40 214
52 42 260
52 43 111
52 44 51
52 49 50
53 2 3
53 4 259
53 6 50
53 7 66
53 8 218
53 9 121
53 12 25
53 14 270
53 15 72
53 17 237
53 19 84
53 22 144
53 23 320
53 24 160
53 25 49
53 26 11
53 27 43
53 29 316
53 31 39
53 35 164
53 36 177
53 40 137
53 42 191
53 44 183
53 50 261
53 51 9
53 52 102
54 2 29
54 7 300
54 9 72
54 10 17
54 12 265
54 18 142
54 22 56
54 28 273
54 30 184
54 32 83
54 36 166
54 37 131
54 38 153
54 39 167
54 40 175
54 41 158
54 44 13
54 47 56
54 49 58
54 52 145
55 7 34
55 9 180
55 10 281
55 11 52
55 12 31
55 13 135
55 16 48
55 18 221
55 20 230
55 23 8
55 24 8
55 27 268
55 30 23
55 32 190
55 33 252
55 34 48
55 35 53
55 36 246
55 37 302
55 38 262
55 41 169
55 44 67
55 45 312
55 46 223
55 47 274
55 48 247
55 50 178
55 52 1
56 3 123
56 4 100
56 5 261
56 7 310
56 8 177
56 9 33
56 10 83
56 11 179
56 15 208
56 16 145
56 20 274
56 21 276
56 23 238
56 27 95
56 28 71
56 29 175
56 30 134
56 31 256
56 33 9
56 35 178
56 38 165
56 42 88
56 44 119
56 46 315
56 47 211
56 49 175
56 50 46
56 54 131
57 0 205
57 1 274
57 2 100
57 6 314
57 10 178
57 12 188
57 17 126
57 20 22
57 23 87
57 26 27
57 30 215
57 32 10
57 38 31
57 41 161
57 42 86
57 43 98
57 45 111
57 46 227
57 47 24
57 48 217
57 50 275
57 51 12
57 52 71
57 55 198
58 0 45
58 3 264
58 5 233
58 7 234
58 11 305
58 16 277
58 18 54
58 19 37
58 21 237
58 22 279
58 23 145
58 24 236
58 28 254
58 29 231
58 31 206
58 34 298
58 35 265
58 38 139
58 39 123
58 40 85
58 41 218
58 47 16
58 49 220
58 50 183
58 53 200
58 55 249
58 56 174
58 57 285
59 4 35
59 10 158
59 11 286
59 12 247
59 13 245
59 15 272
59 18 237
59 20 9
59 25 287
59 33 58
59 36 24
59 38 234
59 39 45
59 40 9
59 42 192
59 45 233
59 49 83
59 51 179
59 53 87
59 56 220
59 58 294
