70
2 0 19
4 1 44
6 0 41
6 1 56
6 4 34
7 0 74
7 3 17
7 4 38
7 6 46
8 6 52
9 1 43
9 2 73
9 3 66
9 4 28
9 8 11
10 0 30
10 1 20
10 2 54
10 4 73
10 5 39
10 6 77
11 2 43
11 3 8
11 7 80
12 6 40
12 10 49
13 0 10
13 3 70
13 4 3
13 10 14
13 11 21
14 2 35
14 3 27
14 5 39
14 9 38
14 10 11
14 11 36
14 12 14
14 13 52
15 7 75
15 8 25
15 11 65
15 13 10
15 14 20
16 2 9
16 3 7
16 6 67
16 7 79
16 8 2
16 10 10
16 12 5
17 4 72
17 9 27
17 12 39
18 0 48
18 5 10
18 6 48
18 13 72
18 15 27
18 17 69
19 5 61
19 6 64
19 18 32
20 4 53
20 13 65
20 17 79
20 19 40
21 0 23
21 1 14
21 5 13
21 7 3
21 11 42
21 12 28
21 15 45
21 16 52
21 17 38
21 20 18
22 1 26
22 2 59
22 5 61
22 9 76
22 10 71
22 15 41
22 21 42
23 1 62
23 3 18
23 8 22
23 13 41
23 15 52
23 18 10
23 19 66
23 22 15
24 1 71
24 6 53
24 7 16
24 8 68
24 10 59
24 14 26
24 16 49
24 22 20
25 0 39
25 5 58
25 10 27
25 13 67
25 18 66
25 20 32
26 0 72
26 2 67
26 4 76
26 6 12
26 9 4
26 10 47
26 11 72
26 16 29
26 19 64
26 23 14
27 1 60
27 4 30
27 8 53
27 13 4
27 14 69
27 15 49
27 21 57
28 2 69
28 3 33
28 12 31
28 15 49
28 16 78
28 19 39
28 20 38
28 27 15
29 1 61
29 3 36
29 4 7
29 7 80
29 9 11
29 12 28
29 13 68
29 16 21
29 18 21
29 22 10
29 23 51
29 24 64
29 25 51
29 28 13
30 0 25
30 2 7
30 3 29
30 4 40
30 5 47
30 7 60
30 15 51
30 16 18
30 18 77
30 19 19
30 20 63
30 22 5
30 23 31
30 25 65
30 27 52
31 6 45
31 9 25
31 11 20
31 12 41
31 15 70
31 16 77
31 19 64
31 26 32
32 1 49
32 11 42
32 13 7
32 14 69
32 15 44
32 18 39
32 20 65
32 23 43
32 24 74
32 27 59
32 28 41
33 4 48
33 6 80
33 9 14
33 16 43
33 17 48
33 19 32
33 25 17
33 27 33
33 28 78
33 29 3
33 30 34
33 31 71
33 32 73
34 1 72
34 5 26
34 6 2
34 7 50
34 8 51
34 11 19
34 12 3
34 13 58
34 16 22
34 21 31
34 23 34
34 26 50
34 28 5
34 29 18
34 30 66
34 31 51
34 32 28
35 3 24
35 12 29
35 14 62
35 15 41
35 18 13
35 19 2
35 21 9
35 23 35
35 26 63
35 30 43
35 32 24
35 34 34
36 1 27
36 2 34
36 3 64
36 4 59
36 6 28
36 12 34
36 13 44
36 14 62
36 15 43
36 16 21
36 20 63
36 21 47
36 22 4
36 25 46
36 33 21
37 2 54
37 3 44
37 6 22
37 8 28
37 9 66
37 10 6
37 20 36
37 22 68
37 23 68
37 28 45
37 29 69
37 30 17
37 33 20
38 2 42
38 3 18
38 7 8
38 8 52
38 9 53
38 15 40
38 19 62
38 20 55
38 26 78
38 30 61
38 33 37
38 36 29
38 37 38
39 0 58
39 3 44
39 8 22
39 11 31
39 12 71
39 19 39
39 21 8
39 22 62
39 23 5
39 24 34
39 25 62
39 27 16
39 29 20
39 31 34
39 32 2
39 33 33
39 35 68
39 37 69
40 1 8
40 2 41
40 3 63
40 8 29
40 21 15
40 23 53
40 24 29
40 28 11
40 30 49
40 32 15
41 4 43
41 6 44
41 7 71
41 10 66
41 13 22
41 14 45
41 15 2
41 17 78
41 31 26
41 32 80
41 34 20
41 35 62
41 36 35
41 40 47
42 1 69
42 3 46
42 4 11
42 10 25
42 13 65
42 19 39
42 20 44
42 21 47
42 23 14
42 25 33
42 26 31
42 29 11
42 30 48
42 39 36
42 41 45
43 0 23
43 3 46
43 5 62
43 7 2
43 9 21
43 19 5
43 23 34
43 24 53
43 26 4
43 28 22
43 33 54
43 39 21
43 40 31
44 2 24
44 4 13
44 8 43
44 9 57
44 10 34
44 11 36
44 12 58
44 13 76
44 14 52
44 17 3
44 18 21
44 22 76
44 24 49
44 25 28
44 27 18
44 29 17
44 31 71
44 33 28
44 34 71
44 35 59
44 36 27
44 37 65
44 39 53
44 40 78
45 2 37
45 3 33
45 6 41
45 8 18
45 12 57
45 13 13
45 15 75
45 19 8
45 20 19
45 23 36
45 24 45
45 26 73
45 28 79
45 29 38
45 32 53
45 33 28
45 34 66
45 35 1
45 37 40
45 38 69
45 40 41
45 41 66
45 42 41
45 43 40
46 0 52
46 1 19
46 2 10
46 3 73
46 4 6
46 5 29
46 9 80
46 12 16
46 13 51
46 16 59
46 17 51
46 18 31
46 19 44
46 22 56
46 23 69
46 26 72
46 28 23
46 31 2
46 34 56
46 35 11
46 37 72
46 39 13
46 41 47
46 42 49
47 3 61
47 6 5
47 7 7
47 11 19
47 19 28
47 20 54
47 22 34
47 24 75
47 25 1
47 28 28
47 32 20
47 38 78
47 39 61
47 41 78
47 42 42
47 45 26
48 2 1
48 3 3
48 11 58
48 12 69
48 14 7
48 22 44
48 23 13
48 24 51
48 25 18
48 26 10
48 27 60
48 30 66
48 33 26
48 36 72
48 37 34
48 42 2
48 43 36
48 44 56
48 47 77
49 0 31
49 2 42
49 11 44
49 12 34
49 15 41
49 16 43
49 17 78
49 18 67
49 19 33
49 20 38
49 23 63
49 28 36
49 29 18
49 32 54
49 33 56
49 35 16
49 37 63
49 39 5
49 40 51
49 42 80
49 44 14
49 46 54
49 48 48
50 4 80
50 6 9
50 8 80
50 12 4
50 16 55
50 17 3
50 18 31
50 21 2
50 22 4
50 23 5
50 25 80
50 27 73
50 29 24
50 30 64
50 34 74
50 35 71
50 38 50
50 40 70
50 41 12
50 42 26
50 45 65
50 49 79
51 1 1
51 3 64
51 4 54
51 10 69
51 13 63
51 18 6
51 19 52
51 20 76
51 21 5
51 26 13
51 27 29
51 28 42
51 30 78
51 31 35
51 32 78
51 37 68
51 38 48
51 41 10
51 46 67
51 47 6
51 49 50
52 0 42
52 1 45
52 3 50
52 5 67
52 9 68
52 10 12
52 11 23
52 13 31
52 18 50
52 20 62
52 28 72
52 30 37
52 31 78
52 32 2
52 35 75
52 36 52
52 37 14
52 40 2
52 46 60
52 47 55
52 50 56
52 51 41
53 1 34
53 2 18
53 4 15
53 5 46
53 6 57
53 8 21
53 13 13
53 17 57
53 23 39
53 30 20
53 34 8
53 40 3
53 43 69
53 52 12
54 0 53
54 2 60
54 3 38
54 4 17
54 5 51
54 9 4
54 11 44
54 15 52
54 17 17
54 19 71
54 21 73
54 25 51
54 31 42
54 33 69
54 37 60
54 38 11
54 39 40
54 42 63
54 46 49
54 47 54
54 50 80
55 1 37
55 5 6
55 11 71
55 13 36
55 14 1
55 15 44
55 17 44
55 18 69
55 27 65
55 29 57
55 31 73
55 33 29
55 35 55
55 36 41
55 38 79
55 41 25
55 44 55
55 50 45
55 51 5
56 2 77
56 4 49
56 8 55
56 9 58
56 10 66
56 11 26
56 12 48
56 13 53
56 14 9
56 15 78
56 16 39
56 18 14
56 21 32
56 27 50
56 28 52
56 29 50
56 34 10
56 36 28
56 43 49
56 44 40
56 45 76
56 46 49
56 48 43
56 50 48
56 53 48
56 54 78
56 55 12
57 5 77
57 6 16
57 12 45
57 13 66
57 14 8
57 15 66
57 17 5
57 19 70
57 20 74
57 21 55
57 23 72
57 27 22
57 31 64
57 35 74
57 36 20
57 37 32
57 40 34
57 41 1
57 46 52
57 48 80
57 50 65
58 1 31
58 2 56
58 5 3
58 11 73
58 16 49
58 17 11
58 19 70
58 20 56
58 21 5
58 22 1
58 25 29
58 29 27
58 33 52
58 35 46
58 37 28
58 50 43
58 53 64
58 54 4
58 57 19
59 6 28
59 11 37
59 15 65
59 16 6
59 19 5
59 26 66
59 27 77
59 28 52
59 29 73
59 36 50
59 37 11
59 38 9
59 39 50
59 42 8
59 43 16
59 45 33
59 47 32
59 48 34
59 50 20
59 51 25
59 54 42
59 55 2
59 56 75
60 1 34
60 3 55
60 9 19
60 10 66
60 12 75
60 14 62
60 15 48
60 19 56
60 20 5
60 23 71
60 24 66
60 26 71
60 27 72
60 30 54
60 31 5
60 33 76
60 37 38
60 39 35
60 42 25
60 43 16
60 47 18
60 49 32
60 50 80
60 51 26
60 58 68
60 59 65
61 2 80
61 6 48
61 7 34
61 9 76
61 10 27
61 13 20
61 16 77
61 18 43
61 19 34
61 20 57
61 21 59
61 22 34
61 25 55
61 27 45
61 28 30
61 31 13
61 36 2
61 38 54
61 39 40
61 42 3
61 49 11
61 52 33
61 55 59
61 57 22
62 2 71
62 3 1
62 7 17
62 8 62
62 9 24
62 15 26
62 16 65
62 18 59
62 20 67
62 21 24
62 22 68
62 23 53
62 24 43
62 25 20
62 26 39
62 28 51
62 29 15
62 30 60
62 32 5
62 33 46
62 36 10
62 38 44
62 41 44
62 42 78
62 44 44
62 45 74
62 48 61
62 49 27
62 51 28
62 54 69
62 58 11
62 59 61
62 61 15
63 0 39
63 3 54
63 4 7
63 5 67
63 6 10
63 7 69
63 9 6
63 11 44
63 12 9
63 13 32
63 16 47
63 17 73
63 18 68
63 19 20
63 20 22
63 21 17
63 24 19
63 25 77
63 26 53
63 30 65
63 34 27
63 37 51
63 38 33
63 40 61
63 42 60
63 45 7
63 48 7
63 52 39
63 53 79
63 55 42
63 56 3
63 57 51
63 59 38
63 60 23
63 61 62
63 62 46
64 1 2
64 5 25
64 9 52
64 12 43
64 14 1
64 15 40
64 17 1
64 19 10
64 20 41
64 26 68
64 29 6
64 31 2
64 33 70
64 34 28
64 37 7
64 38 21
64 39 56
64 40 64
64 43 12
64 45 20
64 49 28
64 50 74
64 53 71
64 63 9
65 1 59
65 2 15
65 3 59
65 4 75
65 6 35
65 7 11
65 9 22
65 10 13
65 11 6
65 17 5
65 18 15
65 19 78
65 23 44
65 26 18
65 28 31
65 32 47
65 34 28
65 35 38
65 36 1
65 39 33
65 40 61
65 41 71
65 48 75
65 51 30
65 52 60
65 56 2
65 57 31
65 58 56
65 61 14
65 62 54
65 63 37
65 64 57
66 0 7
66 2 3
66 3 25
66 9 58
66 12 37
66 13 44
66 14 5
66 17 75
66 18 60
66 19 36
66 22 31
66 23 20
66 24 45
66 26 38
66 27 52
66 28 21
66 32 65
66 33 75
66 34 45
66 37 79
66 39 35
66 40 78
66 41 19
66 49 50
66 51 38
66 53 43
66 55 48
66 59 52
66 60 61
66 61 18
66 64 62
67 1 37
67 6 49
67 11 48
67 14 40
67 15 55
67 16 43
67 20 53
67 22 32
67 23 30
67 26 76
67 31 37
67 32 56
67 33 45
67 37 7
67 45 44
67 47 26
67 48 8
67 50 62
67 52 27
67 54 21
67 60 73
67 61 7
67 64 5
67 65 57
67 66 13
68 2 1
68 4 68
68 6 80
68 8 3
68 9 14
68 10 78
68 14 63
68 16 59
68 18 6
68 19 29
68 22 33
68 23 10
68 25 20
68 26 56
68 27 65
68 29 47
68 30 78
68 33 78
68 34 29
68 35 73
68 36 57
68 37 73
68 43 47
68 46 34
68 48 20
68 50 37
68 51 63
68 53 40
68 55 11
68 56 17
68 57 37
68 58 40
68 60 57
68 61 14
68 62 80
68 64 43
68 67 10
69 3 18
69 8 64
69 9 47
69 11 33
69 12 56
69 15 24
69 19 72
69 21 43
69 23 41
69 25 3
69 26 14
69 27 63
69 29 60
69 30 42
69 32 23
69 33 25
69 34 67
69 39 1
69 41 8
69 45 66
69 46 44
69 47 67
69 48 53
69 49 72
69 50 43
69 51 27
69 52 48
69 53 78
69 54 34
69 57 66
69 58 11
69 62 33
69 64 35
69 68 31
