20
1 0 93
2 0 53
2 1 11
3 0 59
3 1 139
3 2 7
4 0 136
4 1 12
4 2 36
4 3 91
5 1 122
5 2 93
5 3 72
5 4 147
6 0 98
6 1 59
6 2 2
6 3 138
6 4 31
6 5 110
7 0 99
7 4 4
7 5 20
7 6 74
8 0 138
8 1 122
8 2 73
8 3 48
8 4 47
8 5 22
8 6 109
8 7 114
9 0 103
9 1 159
9 2 33
9 3 117
9 4 19
9 5 29
9 6 14
9 7 75
10 0 65
10 1 132
10 2 94
10 3 54
10 4 124
10 6 119
10 7 159
10 8 140
10 9 52
11 0 149
11 1 150
11 2 104
11 3 134
11 4 16
11 5 53
11 7 15
11 8 31
11 9 35
11 10 103
12 1 28
12 2 7
12 3 140
12 4 22
12 5 42
12 6 113
12 7 136
12 8 156
12 9 121
12 10 96
12 11 94
13 0 27
13 1 107
13 2 87
13 3 3
13 4 37
13 6 55
13 7 137
13 8 122
13 9 56
13 10 106
13 11 129
13 12 112
14 0 31
14 1 159
14 2 123
14 4 136
14 5 12
14 6 124
14 7 7
14 8 121
14 9 152
14 10 52
14 11 38
14 12 144
14 13 126
15 0 114
15 1 109
15 2 129
15 3 46
15 4 103
15 5 142
15 6 48
15 8 114
15 9 4
15 10 81
15 11 22
15 12 109
15 13 138
15 14 32
16 0 74
16 1 75
16 2 72
16 3 58
16 6 132
16 7 51
16 8 100
16 10 82
16 11 84
16 12 105
16 13 17
16 14 69
16 15 38
17 2 45
17 3 44
17 4 132
17 5 38
17 6 128
17 7 155
17 8 125
17 9 48
17 10 93
17 11 71
17 13 144
17 14 21
17 15 42
17 16 48
18 0 37
18 1 135
18 2 158
18 4 153
18 5 65
18 6 122
18 7 127
18 8 46
18 9 42
18 10 133
18 11 120
18 13 26
18 14 98
18 15 9
18 16 105
18 17 36
19 2 160
19 3 95
19 4 112
19 5 73
19 6 96
19 7 41
19 8 85
19 9 114
19 11 91
19 12 78
19 13 58
19 14 20
19 15 20
19 16 105
19 17 149
19 18 26
