40
2 0 18
3 1 12
5 0 18
7 1 11
7 2 20
7 3 8
7 5 15
8 7 8
9 0 19
10 3 9
10 6 7
10 9 9
12 7 19
13 11 10
14 5 16
14 7 6
14 10 13
14 11 20
14 13 6
15 7 8
15 10 19
16 13 16
17 11 2
17 12 9
18 5 5
18 6 4
18 9 4
18 16 9
19 14 4
20 0 11
20 1 11
20 8 13
20 11 13
21 10 17
21 16 13
22 2 11
22 3 17
22 8 11
22 18 14
23 0 1
23 6 7
23 7 9
23 9 2
23 14 12
23 17 13
23 18 8
24 21 1
25 0 15
25 5 8
25 9 15
25 12 17
25 14 5
25 19 5
25 20 3
26 5 11
26 6 8
26 10 5
26 19 20
26 21 11
26 22 4
27 2 1
27 4 1
27 6 8
27 7 7
27 12 17
27 16 5
27 25 16
28 1 12
28 2 17
28 3 17
28 6 16
28 13 6
28 15 12
29 10 5
29 14 8
29 19 16
29 25 18
29 28 14
30 0 19
30 6 6
30 15 6
30 16 8
30 20 15
30 23 6
30 29 20
31 2 18
31 3 19
31 6 16
31 11 3
31 14 15
31 18 12
31 29 16
31 30 2
32 10 4
32 17 18
32 26 2
32 27 4
32 29 7
32 31 16
33 0 14
33 7 10
33 28 11
33 29 3
33 30 12
34 4 13
34 14 10
34 15 2
34 24 9
34 27 6
34 29 8
35 0 3
35 4 8
35 11 14
35 17 19
35 20 8
35 21 15
35 24 13
35 28 11
35 29 5
35 32 12
35 34 6
36 0 10
36 9 20
36 11 11
36 12 20
36 17 10
36 18 11
36 20 20
36 26 1
36 27 7
36 29 14
36 32 1
37 6 16
37 11 3
37 18 12
37 21 3
37 26 17
37 27 8
37 32 15
38 10 15
38 15 7
38 17 12
38 19 11
38 26 14
39 3 2
39 5 19
39 10 10
39 12 1
39 16 5
39 18 15
39 19 3
39 22 14
39 30 15
39 34 4
