50
3 1 7
4 0 101
5 0 1
5 2 139
6 2 17
8 1 144
8 3 75
8 5 58
9 4 29
10 4 8
10 9 86
11 1 135
12 1 16
12 5 145
13 10 43
14 2 47
14 3 23
14 4 30
15 4 42
15 5 114
16 2 40
17 10 115
17 14 122
18 11 79
19 9 105
20 17 64
21 10 101
21 12 37
22 17 97
23 0 151
23 8 139
23 13 129
23 14 12
23 17 64
23 19 32
24 4 65
25 2 49
25 5 94
25 7 134
25 12 46
26 1 53
26 2 6
26 23 40
27 6 132
27 12 48
27 20 132
28 8 70
28 21 113
29 11 2
29 21 150
29 26 14
30 6 149
30 16 114
30 21 44
30 25 20
30 28 47
31 26 34
32 6 146
32 19 57
33 8 155
33 14 154
33 23 26
34 8 159
35 6 116
35 19 1
35 24 119
35 25 57
35 28 42
36 0 23
37 13 101
37 19 157
37 29 79
38 4 102
39 3 106
39 7 17
39 8 6
40 4 50
40 12 125
40 30 65
41 6 3
41 11 81
41 16 152
41 25 48
41 32 72
42 15 60
42 17 26
42 21 67
42 22 141
42 23 49
42 38 157
43 14 121
43 22 123
43 35 87
43 42 101
44 0 23
44 9 38
44 12 135
44 14 68
44 20 61
44 36 115
45 0 115
45 5 33
45 21 76
46 6 118
46 13 17
46 22 111
46 28 1
46 41 62
47 0 22
47 1 147
47 2 132
47 16 143
47 32 85
48 8 69
48 20 34
48 27 35
48 29 26
48 39 10
49 9 68
49 20 154
49 30 78
