60
1 0 13
2 0 18
2 1 6
3 0 7
3 1 4
3 2 18
4 0 16
4 1 9
4 2 13
4 3 7
5 0 7
5 1 18
5 2 1
5 3 11
5 4 18
6 0 14
6 1 9
6 2 15
6 3 1
6 4 18
6 5 12
7 0 5
7 1 15
7 2 19
7 4 1
7 5 9
7 6 13
8 0 7
8 1 11
8 2 16
8 3 19
8 4 5
8 5 20
8 6 4
8 7 6
9 2 6
9 3 5
9 4 10
9 5 18
9 6 6
9 7 8
9 8 4
10 0 2
10 1 17
10 2 5
10 3 20
10 4 3
10 5 9
10 6 7
10 7 10
10 8 6
10 9 1
11 0 16
11 1 10
11 2 19
11 3 18
11 6 15
11 7 16
11 8 18
11 9 16
11 10 2
12 0 10
12 1 1
12 2 5
12 3 16
12 4 19
12 6 15
12 8 10
12 9 14
12 10 11
12 11 8
13 1 4
13 2 12
13 3 5
13 4 16
13 5 16
13 6 1
13 7 4
13 8 19
13 9 20
13 10 7
13 11 7
13 12 3
14 1 14
14 2 15
14 4 16
14 5 5
14 6 13
14 9 1
14 10 5
14 11 16
14 12 19
14 13 11
15 0 18
15 1 17
15 2 1
15 3 3
15 4 15
15 5 1
15 6 17
15 7 17
15 8 14
15 9 12
15 10 10
15 11 18
15 12 5
15 13 6
15 14 12
16 0 18
16 1 19
16 5 15
16 6 15
16 7 6
16 8 5
16 9 12
16 10 7
16 11 7
16 12 5
16 13 2
16 14 17
16 15 15
17 0 14
17 1 2
17 2 5
17 3 13
17 4 3
17 5 4
17 6 20
17 7 20
17 8 10
17 9 3
17 10 18
17 11 8
17 12 18
17 13 14
17 14 17
17 15 18
17 16 1
18 0 15
18 2 11
18 3 9
18 4 7
18 5 17
18 6 16
18 7 8
18 8 15
18 9 14
18 10 13
18 11 9
18 12 9
18 13 12
18 15 20
18 16 5
18 17 7
19 0 3
19 1 18
19 3 6
19 4 14
19 5 10
19 6 7
19 7 5
19 8 12
19 9 13
19 10 19
19 11 10
19 12 7
19 13 11
19 14 18
19 15 19
19 16 11
19 17 20
19 18 20
20 0 12
20 1 2
20 2 8
20 3 8
20 4 5
20 5 13
20 6 14
20 7 1
20 8 18
20 9 9
20 10 5
20 11 19
20 12 14
20 13 17
20 14 2
20 15 16
20 16 14
20 17 3
20 18 18
21 0 10
21 1 19
21 2 1
21 3 1
21 4 5
21 6 8
21 7 2
21 9 12
21 11 9
21 13 12
21 14 18
21 15 4
21 16 15
21 17 5
21 18 4
21 19 14
21 20 6
22 0 9
22 1 17
22 2 3
22 3 13
22 4 19
22 5 15
22 6 19
22 7 19
22 10 9
22 11 18
22 12 4
22 13 9
22 14 10
22 15 16
22 16 12
22 17 14
22 18 17
22 19 8
22 20 20
22 21 20
23 0 1
23 1 12
23 2 9
23 3 4
23 4 9
23 5 8
23 6 16
23 7 2
23 9 11
23 10 14
23 11 13
23 12 7
23 13 3
23 14 7
23 15 14
23 16 7
23 17 4
23 19 1
23 22 11
24 0 5
24 1 19
24 3 2
24 4 9
24 6 5
24 7 15
24 8 17
24 9 5
24 11 18
24 12 8
24 13 14
24 14 8
24 15 3
24 16 1
24 17 4
24 18 6
24 19 1
24 21 18
24 22 11
24 23 3
25 0 8
25 1 19
25 2 12
25 3 13
25 4 12
25 6 8
25 7 17
25 8 16
25 9 18
25 10 12
25 11 15
25 12 18
25 13 6
25 14 1
25 15 3
25 16 5
25 17 6
25 18 6
25 19 17
25 20 15
25 21 4
25 22 11
25 23 6
25 24 18
26 0 12
26 1 4
26 2 1
26 3 9
26 4 4
26 5 7
26 6 16
26 7 2
26 9 10
26 11 7
26 12 9
26 13 3
26 14 19
26 15 20
26 16 12
26 17 17
26 18 8
26 19 17
26 20 12
26 21 19
26 22 20
26 23 4
26 24 12
26 25 14
27 1 11
27 2 9
27 3 11
27 5 4
27 6 6
27 7 8
27 8 7
27 9 20
27 10 13
27 11 9
27 12 6
27 13 14
27 14 1
27 15 2
27 16 19
27 17 20
27 19 18
27 20 14
27 22 6
27 23 8
27 25 13
27 26 12
28 0 6
28 1 17
28 3 8
28 4 6
28 5 1
28 6 6
28 7 19
28 8 8
28 9 8
28 10 11
28 11 17
28 12 9
28 13 17
28 15 18
28 16 20
28 17 11
28 18 11
28 19 9
28 20 12
28 21 19
28 22 2
28 23 11
28 24 12
28 25 9
28 26 17
28 27 18
29 0 1
29 2 12
29 3 3
29 4 14
29 5 11
29 6 3
29 7 20
29 8 5
29 9 2
29 10 5
29 12 9
29 13 19
29 14 19
29 15 6
29 16 4
29 17 15
29 18 19
29 19 15
29 20 13
29 21 16
29 22 18
29 23 20
29 24 15
29 25 5
29 26 3
29 28 20
30 0 2
30 1 10
30 2 7
30 3 3
30 4 2
30 5 1
30 6 3
30 7 5
30 8 3
30 9 4
30 10 5
30 11 1
30 12 2
30 13 14
30 14 17
30 15 17
30 16 16
30 17 17
30 18 12
30 19 19
30 20 7
30 21 9
30 22 11
30 23 5
30 24 3
30 25 1
30 26 5
30 27 15
30 28 2
30 29 5
31 0 13
31 1 1
31 2 13
31 3 9
31 5 6
31 6 14
31 7 16
31 8 3
31 9 1
31 10 18
31 11 4
31 12 19
31 13 13
31 14 11
31 15 18
31 16 5
31 17 12
31 18 4
31 19 19
31 20 4
31 21 2
31 23 6
31 24 11
31 25 10
31 26 12
31 27 3
31 28 5
31 30 19
32 0 15
32 2 10
32 3 15
32 4 16
32 5 12
32 6 14
32 7 2
32 8 11
32 9 7
32 10 17
32 11 11
32 12 3
32 13 14
32 14 2
32 15 7
32 16 10
32 17 17
32 18 10
32 19 16
32 21 15
32 22 7
32 23 2
32 24 2
32 25 14
32 28 18
32 29 17
32 30 17
32 31 11
33 1 9
33 2 6
33 3 10
33 4 16
33 5 20
33 6 2
33 7 12
33 9 18
33 10 6
33 13 20
33 15 12
33 16 2
33 17 18
33 18 5
33 19 1
33 20 11
33 21 18
33 22 3
33 23 14
33 24 15
33 25 7
33 26 2
33 27 6
33 28 5
33 29 17
33 30 3
33 32 12
34 0 19
34 1 5
34 2 12
34 3 18
34 4 16
34 5 3
34 6 13
34 7 7
34 8 2
34 9 5
34 10 1
34 11 5
34 12 7
34 13 4
34 14 14
34 16 3
34 17 9
34 18 14
34 19 9
34 20 17
34 21 4
34 22 5
34 23 15
34 24 2
34 25 5
34 26 17
34 27 11
34 28 1
34 29 12
34 31 5
34 32 17
34 33 6
35 0 19
35 1 11
35 2 1
35 3 15
35 4 1
35 5 11
35 6 13
35 7 4
35 8 15
35 9 9
35 10 19
35 12 19
35 13 9
35 14 18
35 15 8
35 16 9
35 18 17
35 19 3
35 20 11
35 21 15
35 22 18
35 23 8
35 24 9
35 25 7
35 26 1
35 27 16
35 28 2
35 29 20
35 30 7
35 32 3
35 33 5
35 34 5
36 0 5
36 1 5
36 2 6
36 3 8
36 4 13
36 5 13
36 6 8
36 7 10
36 8 8
36 9 20
36 11 14
36 12 18
36 13 17
36 15 14
36 16 1
36 17 8
36 18 20
36 19 15
36 20 12
36 21 17
36 22 13
36 23 14
36 24 12
36 26 9
36 27 9
36 29 12
36 30 7
36 31 2
36 32 15
36 33 2
36 34 20
36 35 13
37 0 8
37 1 10
37 3 17
37 4 15
37 5 8
37 6 19
37 7 19
37 8 8
37 9 10
37 10 11
37 11 11
37 12 2
37 13 19
37 14 17
37 15 12
37 16 16
37 17 8
37 18 11
37 19 19
37 20 3
37 21 10
37 22 8
37 23 18
37 24 11
37 25 4
37 28 6
37 29 4
37 30 5
37 31 11
37 32 4
37 33 20
37 36 6
38 0 4
38 2 14
38 5 3
38 6 13
38 7 3
38 8 3
38 10 20
38 11 20
38 13 7
38 14 13
38 15 1
38 16 4
38 17 6
38 18 17
38 19 12
38 20 19
38 21 16
38 22 6
38 23 19
38 24 10
38 25 10
38 26 17
38 28 12
38 29 11
38 30 5
38 31 17
38 32 7
38 33 12
38 34 19
38 35 11
38 37 19
39 0 15
39 1 4
39 2 1
39 3 16
39 4 19
39 5 7
39 6 19
39 7 1
39 8 3
39 9 17
39 10 12
39 11 12
39 13 1
39 14 14
39 15 16
39 16 1
39 17 6
39 18 10
39 19 7
39 20 3
39 21 11
39 22 1
39 23 7
39 24 12
39 25 11
39 26 17
39 27 2
39 28 14
39 29 8
39 31 19
39 32 5
39 33 19
39 34 11
39 35 13
39 36 7
39 37 12
39 38 4
40 0 12
40 1 3
40 2 7
40 3 9
40 4 8
40 5 8
40 6 8
40 7 19
40 8 12
40 9 4
40 12 3
40 13 8
40 14 6
40 15 14
40 17 12
40 18 17
40 19 4
40 21 8
40 23 8
40 24 6
40 25 13
40 26 1
40 27 11
40 28 1
40 30 6
40 31 18
40 33 7
40 34 19
40 35 14
40 36 3
40 37 7
40 38 6
41 0 11
41 1 13
41 2 16
41 4 16
41 5 16
41 6 10
41 7 16
41 8 9
41 9 11
41 10 4
41 11 1
41 12 17
41 13 6
41 14 20
41 15 9
41 16 6
41 17 5
41 18 10
41 19 2
41 20 20
41 21 14
41 22 13
41 23 14
41 24 13
41 26 4
41 28 2
41 29 10
41 30 19
41 31 7
41 34 6
41 35 10
41 36 20
41 38 19
41 39 5
41 40 8
42 1 16
42 2 7
42 3 12
42 4 12
42 5 4
42 6 8
42 7 3
42 8 8
42 9 9
42 10 19
42 11 7
42 12 18
42 13 18
42 14 15
42 15 4
42 16 14
42 17 2
42 20 8
42 21 14
42 22 11
42 23 14
42 24 9
42 25 8
42 27 2
42 28 17
42 29 20
42 30 8
42 31 19
42 32 15
42 33 20
42 34 18
42 35 4
42 36 5
42 37 19
42 39 3
42 40 7
42 41 1
43 0 19
43 1 4
43 2 11
43 3 10
43 4 11
43 5 19
43 6 15
43 7 20
43 8 14
43 10 1
43 11 1
43 12 11
43 13 8
43 15 18
43 17 12
43 18 11
43 19 1
43 20 13
43 21 12
43 23 10
43 25 7
43 27 6
43 28 2
43 29 13
43 30 12
43 31 9
43 32 8
43 33 8
43 34 4
43 35 5
43 37 14
43 38 19
43 39 9
43 40 7
43 41 10
43 42 19
44 0 9
44 1 14
44 2 10
44 3 13
44 4 9
44 5 9
44 6 15
44 7 4
44 8 17
44 9 9
44 10 9
44 11 19
44 12 10
44 13 1
44 14 12
44 15 20
44 16 7
44 17 17
44 18 10
44 19 8
44 20 12
44 21 12
44 23 2
44 24 5
44 25 9
44 26 14
44 27 17
44 28 17
44 29 18
44 30 13
44 31 17
44 32 14
44 33 2
44 34 20
44 35 7
44 36 8
44 37 9
44 39 9
44 40 6
44 41 17
44 42 17
44 43 12
45 0 12
45 1 12
45 2 3
45 3 13
45 4 16
45 5 8
45 6 16
45 9 6
45 11 3
45 12 18
45 15 17
45 16 20
45 17 20
45 18 2
45 19 19
45 20 1
45 21 14
45 22 18
45 23 18
45 24 11
45 25 12
45 26 2
45 27 10
45 28 9
45 29 5
45 31 19
45 32 8
45 33 13
45 34 10
45 35 18
45 36 11
45 37 15
45 38 15
45 39 8
45 40 5
45 41 10
45 42 4
45 43 6
45 44 19
46 0 2
46 1 9
46 2 10
46 3 15
46 4 6
46 5 5
46 6 10
46 7 7
46 8 13
46 9 6
46 10 19
46 11 16
46 12 6
46 13 6
46 14 15
46 15 8
46 16 13
46 17 15
46 18 8
46 19 19
46 20 18
46 21 7
46 23 2
46 24 3
46 25 20
46 26 14
46 27 9
46 28 12
46 29 18
46 32 2
46 33 10
46 34 3
46 35 6
46 36 4
46 37 3
46 38 20
46 39 14
46 40 20
46 41 20
46 42 6
46 43 16
46 44 5
46 45 3
47 0 16
47 1 9
47 2 14
47 3 17
47 4 7
47 5 1
47 6 4
47 7 15
47 8 16
47 9 1
47 10 18
47 11 5
47 13 5
47 14 15
47 16 9
47 17 6
47 18 11
47 19 11
47 20 13
47 21 4
47 22 19
47 23 5
47 25 3
47 26 3
47 27 7
47 28 5
47 29 16
47 30 5
47 31 15
47 32 12
47 33 16
47 34 1
47 35 11
47 36 19
47 37 6
47 38 20
47 40 8
47 42 1
47 43 18
47 44 1
47 45 20
47 46 20
48 0 8
48 1 4
48 2 4
48 3 10
48 4 6
48 5 19
48 6 9
48 7 14
48 8 10
48 9 4
48 10 3
48 11 6
48 12 9
48 15 18
48 16 5
48 17 9
48 18 19
48 21 6
48 22 20
48 23 5
48 24 2
48 25 17
48 26 17
48 27 2
48 28 4
48 29 9
48 30 8
48 31 17
48 33 10
48 34 2
48 35 13
48 36 8
48 37 11
48 38 12
48 39 17
48 40 5
48 41 3
48 42 14
48 43 4
48 44 18
48 45 20
48 46 13
48 47 7
49 0 4
49 1 9
49 2 13
49 3 3
49 4 4
49 5 8
49 6 4
49 7 17
49 8 8
49 9 3
49 10 4
49 11 7
49 13 10
49 14 2
49 15 10
49 16 3
49 17 19
49 18 19
49 20 7
49 21 17
49 22 2
49 23 15
49 25 12
49 26 4
49 27 8
49 28 14
49 29 11
49 30 9
49 32 3
49 33 12
49 34 8
49 35 13
49 37 4
49 38 20
49 39 18
49 40 14
49 41 11
49 42 6
49 43 15
49 44 14
49 45 20
49 46 9
49 47 12
49 48 16
50 0 2
50 1 17
50 2 16
50 3 18
50 4 9
50 5 11
50 6 14
50 7 18
50 8 6
50 9 16
50 10 16
50 11 17
50 12 7
50 13 18
50 14 20
50 15 19
50 16 3
50 17 11
50 18 5
50 19 8
50 20 9
50 21 5
50 22 2
50 23 16
50 24 4
50 25 5
50 26 16
50 27 4
50 28 18
50 29 10
50 30 3
50 31 2
50 32 1
50 33 4
50 34 10
50 35 12
50 36 10
50 37 9
50 39 13
50 40 12
50 41 10
50 43 14
50 44 5
50 45 10
50 46 11
50 47 10
50 48 8
50 49 16
51 0 20
51 1 7
51 2 16
51 3 17
51 4 7
51 5 16
51 6 17
51 7 2
51 8 17
51 9 6
51 10 8
51 11 17
51 12 15
51 13 20
51 15 20
51 16 12
51 17 7
51 18 20
51 20 13
51 21 8
51 22 4
51 23 15
51 24 3
51 25 17
51 26 11
51 27 9
51 28 15
51 29 7
51 31 3
51 32 20
51 33 5
51 34 15
51 36 20
51 38 3
51 39 15
51 40 11
51 41 19
51 42 20
51 43 10
51 44 17
51 45 2
51 46 6
51 48 17
51 49 9
51 50 6
52 0 14
52 1 2
52 2 4
52 3 4
52 4 4
52 5 12
52 6 12
52 7 2
52 8 15
52 9 14
52 10 1
52 11 4
52 12 10
52 13 8
52 14 14
52 15 13
52 17 8
52 18 18
52 19 10
52 21 13
52 22 17
52 24 7
52 25 3
52 26 9
52 27 19
52 28 19
52 29 15
52 30 10
52 31 2
52 32 17
52 33 13
52 34 6
52 36 12
52 37 6
52 38 3
52 39 19
52 40 16
52 41 4
52 42 2
52 43 8
52 44 16
52 45 9
52 46 17
52 47 5
52 48 12
52 49 1
52 50 19
52 51 6
53 0 1
53 1 1
53 2 4
53 4 8
53 5 4
53 6 7
53 7 11
53 8 8
53 9 20
53 10 8
53 11 17
53 13 20
53 14 9
53 15 5
53 16 7
53 17 6
53 18 20
53 19 13
53 20 8
53 21 17
53 22 20
53 23 12
53 24 12
53 25 4
53 26 7
53 27 9
53 28 15
53 29 2
53 30 7
53 31 15
53 32 5
53 33 10
53 34 17
53 35 19
53 36 11
53 37 16
53 38 9
53 39 4
53 40 15
53 41 4
53 42 18
53 43 10
53 44 12
53 45 16
53 46 8
53 47 6
53 48 19
53 49 12
53 50 2
53 51 9
53 52 9
54 0 3
54 1 7
54 2 19
54 3 20
54 4 12
54 5 19
54 6 14
54 7 3
54 8 4
54 9 3
54 10 16
54 12 18
54 13 3
54 14 8
54 15 6
54 16 5
54 18 14
54 19 6
54 20 10
54 21 4
54 22 19
54 23 16
54 24 19
54 25 18
54 26 11
54 27 16
54 28 16
54 30 4
54 32 2
54 33 17
54 34 9
54 35 8
54 36 19
54 37 13
54 38 20
54 40 18
54 41 19
54 42 4
54 43 8
54 44 19
54 45 2
54 46 20
54 47 9
54 48 8
54 49 6
54 50 14
54 51 13
54 53 7
55 0 20
55 1 16
55 2 9
55 3 6
55 4 2
55 5 5
55 6 20
55 7 15
55 8 3
55 9 10
55 10 16
55 11 10
55 12 12
55 13 7
55 14 8
55 15 4
55 16 5
55 17 19
55 18 5
55 20 2
55 21 10
55 22 3
55 23 19
55 24 7
55 25 8
55 26 14
55 27 9
55 28 13
55 29 13
55 30 14
55 31 3
55 32 9
55 33 13
55 34 18
55 35 12
55 36 16
55 37 6
55 38 8
55 39 12
55 40 6
55 41 13
55 42 2
55 43 19
55 46 10
55 47 2
55 48 17
55 49 13
55 50 20
55 51 18
55 52 17
55 54 17
56 2 17
56 3 5
56 4 16
56 5 19
56 6 11
56 8 6
56 9 11
56 10 12
56 11 6
56 12 2
56 13 12
56 14 15
56 15 3
56 18 11
56 19 16
56 20 11
56 21 5
56 22 19
56 23 18
56 24 3
56 25 20
56 26 10
56 27 16
56 28 8
56 29 4
56 30 20
56 31 14
56 32 8
56 33 11
56 34 13
56 35 20
56 36 2
56 37 17
56 39 12
56 40 16
56 42 3
56 43 6
56 44 4
56 45 8
56 46 5
56 47 1
56 48 11
56 49 13
56 50 4
56 52 18
56 53 15
56 54 18
56 55 9
57 0 16
57 1 12
57 2 12
57 3 7
57 4 9
57 5 20
57 6 13
57 7 6
57 9 19
57 10 4
57 11 5
57 12 1
57 13 17
57 14 12
57 15 12
57 16 11
57 18 13
57 19 3
57 20 7
57 21 9
57 23 3
57 24 16
57 25 9
57 26 4
57 27 17
57 28 14
57 31 16
57 32 12
57 33 1
57 35 13
57 36 15
57 38 11
57 39 9
57 40 14
57 41 11
57 42 19
57 43 11
57 44 17
57 45 20
57 46 16
57 47 2
57 48 20
57 49 2
57 50 13
57 52 16
57 53 2
57 54 9
57 55 12
57 56 2
58 0 8
58 1 15
58 2 18
58 3 3
58 4 18
58 5 13
58 6 8
58 7 20
58 8 4
58 9 10
58 10 5
58 11 1
58 12 17
58 13 12
58 14 2
58 15 3
58 16 3
58 17 8
58 18 17
58 20 18
58 21 8
58 22 19
58 24 5
58 25 18
58 26 15
58 27 7
58 29 3
58 31 5
58 32 2
58 33 19
58 35 5
58 36 16
58 37 4
58 38 15
58 39 4
58 40 20
58 41 15
58 42 5
58 43 10
58 44 12
58 45 1
58 46 3
58 47 3
58 48 1
58 49 7
58 50 3
58 51 6
58 52 20
58 53 15
58 54 10
58 55 8
58 56 3
58 57 3
59 0 9
59 1 12
59 2 17
59 3 2
59 4 7
59 5 17
59 7 19
59 9 19
59 10 8
59 11 19
59 12 2
59 13 8
59 14 17
59 15 1
59 16 13
59 17 4
59 18 19
59 19 15
59 20 9
59 21 13
59 22 18
59 23 19
59 24 12
59 25 4
59 26 8
59 27 5
59 28 6
59 29 11
59 30 7
59 31 9
59 32 17
59 33 4
59 34 15
59 35 5
59 36 11
59 37 15
59 38 10
59 39 17
59 41 5
59 42 9
59 43 1
59 44 3
59 45 12
59 46 18
59 47 3
59 49 1
59 50 6
59 52 8
59 53 12
59 54 12
59 55 15
59 56 4
59 57 2
59 58 5
