70
1 0 2
2 0 114
2 1 41
3 0 109
3 1 54
3 2 31
4 0 11
4 1 85
4 2 8
4 3 82
5 0 132
5 1 155
5 2 159
5 3 38
5 4 79
6 0 41
6 1 4
6 2 51
6 3 111
6 4 37
6 5 119
7 0 150
7 1 20
7 2 155
7 3 156
7 4 77
7 5 25
7 6 99
8 0 151
8 2 27
8 3 11
8 4 155
8 5 115
8 6 24
8 7 71
9 0 10
9 1 155
9 3 89
9 4 115
9 5 120
9 6 121
9 8 144
10 0 6
10 1 144
10 2 43
10 3 116
10 4 60
10 5 119
10 6 105
10 7 147
10 8 74
10 9 16
11 0 96
11 1 68
11 2 115
11 3 20
11 4 19
11 5 65
11 6 62
11 7 155
11 10 87
12 0 144
12 1 137
12 2 10
12 3 107
12 4 76
12 5 146
12 6 93
12 7 56
12 8 15
12 9 5
12 10 86
12 11 67
13 0 142
13 1 47
13 2 62
13 3 72
13 4 77
13 6 154
13 7 75
13 8 159
13 9 43
13 10 152
13 11 40
13 12 11
14 0 141
14 2 76
14 3 64
14 4 70
14 5 63
14 7 111
14 8 3
14 9 106
14 10 134
14 11 54
14 12 91
14 13 124
15 0 118
15 1 22
15 2 15
15 3 20
15 4 54
15 5 26
15 6 89
15 7 102
15 8 41
15 9 60
15 10 60
15 12 7
15 13 42
15 14 91
16 0 158
16 1 95
16 2 76
16 3 106
16 4 73
16 6 85
16 7 148
16 8 35
16 9 74
16 10 114
16 11 30
16 12 50
16 13 108
16 14 114
16 15 62
17 0 94
17 1 17
17 2 128
17 3 158
17 4 142
17 5 2
17 6 8
17 7 140
17 9 122
17 10 6
17 11 155
17 12 143
17 13 77
17 14 53
17 15 135
17 16 156
18 0 67
18 1 102
18 3 44
18 4 156
18 5 36
18 6 117
18 7 59
18 8 126
18 10 127
18 11 84
18 12 8
18 13 38
18 14 46
18 16 57
18 17 44
19 0 75
19 1 39
19 2 20
19 3 74
19 4 31
19 5 144
19 6 133
19 7 1
19 8 49
19 9 62
19 10 4
19 11 113
19 12 138
19 13 27
19 14 89
19 15 37
19 16 30
19 17 152
19 18 156
20 0 63
20 1 140
20 2 158
20 3 82
20 4 110
20 5 139
20 6 11
20 7 18
20 8 25
20 9 122
20 10 153
20 11 156
20 12 21
20 13 65
20 14 46
20 15 100
20 16 71
20 17 65
20 18 55
20 19 88
21 1 106
21 2 58
21 3 38
21 4 43
21 5 140
21 6 45
21 7 81
21 8 79
21 9 158
21 10 19
21 11 59
21 12 8
21 13 51
21 14 26
21 15 134
21 16 86
21 17 85
21 18 130
21 19 37
21 20 49
22 1 45
22 2 138
22 3 25
22 4 34
22 5 67
22 7 32
22 8 17
22 9 155
22 10 93
22 11 14
22 12 2
22 13 77
22 14 62
22 15 129
22 16 8
22 17 2
22 18 117
22 19 16
22 20 97
22 21 130
23 0 92
23 2 79
23 3 66
23 5 40
23 6 102
23 7 160
23 8 152
23 10 25
23 11 95
23 12 88
23 13 19
23 14 67
23 15 73
23 16 2
23 17 59
23 18 59
23 19 89
23 21 123
23 22 134
24 0 51
24 1 114
24 3 30
24 4 71
24 5 46
24 6 53
24 7 124
24 10 49
24 11 67
24 12 11
24 13 36
24 14 33
24 15 28
24 16 40
24 17 73
24 18 21
24 19 96
24 20 102
24 21 97
24 23 160
25 0 8
25 1 90
25 2 58
25 3 7
25 4 75
25 5 129
25 7 137
25 8 138
25 9 118
25 10 23
25 11 125
25 12 88
25 13 45
25 14 59
25 15 147
25 16 119
25 17 104
25 18 30
25 19 40
25 21 88
25 22 22
25 23 3
25 24 1
26 0 6
26 1 29
26 2 115
26 3 15
26 4 85
26 5 37
26 6 22
26 7 160
26 8 105
26 9 47
26 11 21
26 12 78
26 14 60
26 16 12
26 17 75
26 18 27
26 19 116
26 20 6
26 21 122
26 22 54
26 25 156
27 0 43
27 2 13
27 3 26
27 4 25
27 5 134
27 6 153
27 7 90
27 8 20
27 9 103
27 10 159
27 11 78
27 12 12
27 13 126
27 14 41
27 15 48
27 16 4
27 18 138
27 19 103
27 20 57
27 21 93
27 22 85
27 23 35
27 24 69
27 25 18
27 26 30
28 1 1
28 2 128
28 3 1
28 4 139
28 5 40
28 7 82
28 8 53
28 9 95
28 10 12
28 11 36
28 12 5
28 13 127
28 14 105
28 15 153
28 16 126
28 17 88
28 18 62
28 19 96
28 20 112
28 21 6
28 22 47
28 23 72
28 24 148
28 26 94
28 27 131
29 0 136
29 1 67
29 2 110
29 3 155
29 5 145
29 6 78
29 7 127
29 8 57
29 9 10
29 10 31
29 11 147
29 12 117
29 13 74
29 14 3
29 15 78
29 16 153
29 19 158
29 20 5
29 21 94
29 25 49
29 26 11
29 27 6
29 28 152
30 0 122
30 1 102
30 2 23
30 3 148
30 4 15
30 5 21
30 6 1
30 7 110
30 8 87
30 9 5
30 10 45
30 11 60
30 12 36
30 13 63
30 14 64
30 15 48
30 16 133
30 17 57
30 18 89
30 19 127
30 20 139
30 21 139
30 22 91
30 23 22
30 24 141
30 25 15
30 26 95
30 27 123
30 28 29
31 0 80
31 1 122
31 2 23
31 4 47
31 5 125
31 6 101
31 7 105
31 8 96
31 9 91
31 10 61
31 11 90
31 12 77
31 13 97
31 14 2
31 15 25
31 16 40
31 17 75
31 18 159
31 19 8
31 20 34
31 22 110
31 23 97
31 24 29
31 25 152
31 26 145
31 27 1
31 28 132
31 30 70
32 0 122
32 1 54
32 2 118
32 3 96
32 4 127
32 5 26
32 6 70
32 7 21
32 8 2
32 9 39
32 10 118
32 11 48
32 12 155
32 13 46
32 14 150
32 15 156
32 16 111
32 17 64
32 18 151
32 19 145
32 20 63
32 21 50
32 22 53
32 24 136
32 25 52
32 26 53
32 27 45
32 28 1
32 29 42
32 30 122
32 31 143
33 0 81
33 2 9
33 3 12
33 4 145
33 5 95
33 6 152
33 7 144
33 8 39
33 9 122
33 10 141
33 12 97
33 14 19
33 15 9
33 16 28
33 17 106
33 18 114
33 19 130
33 20 125
33 21 98
33 22 150
33 23 88
33 24 125
33 25 11
33 26 10
33 27 26
33 28 58
33 29 152
33 30 44
33 31 75
33 32 108
34 0 66
34 1 76
34 2 7
34 3 85
34 4 81
34 5 69
34 6 72
34 7 63
34 8 34
34 9 158
34 10 131
34 11 13
34 12 108
34 13 61
34 14 33
34 15 122
34 17 134
34 19 39
34 20 33
34 21 114
34 23 64
34 25 58
34 26 104
34 27 41
34 28 126
34 29 121
34 30 76
34 32 128
34 33 119
35 0 103
35 1 28
35 2 76
35 3 87
35 6 82
35 7 101
35 8 148
35 9 22
35 10 23
35 11 110
35 12 108
35 13 126
35 14 83
35 15 84
35 16 11
35 17 83
35 18 144
35 19 117
35 20 2
35 21 134
35 22 65
35 23 21
35 24 151
35 25 23
35 26 77
35 27 44
35 28 36
35 29 117
35 31 129
35 32 124
35 33 100
35 34 58
36 0 156
36 1 118
36 2 151
36 3 48
36 4 110
36 5 111
36 6 131
36 7 39
36 8 32
36 9 93
36 10 81
36 11 134
36 12 102
36 13 142
36 14 54
36 15 57
36 16 40
36 17 89
36 18 33
36 19 124
36 21 54
36 22 148
36 23 19
36 25 51
36 27 43
36 28 93
36 29 112
36 30 120
36 31 31
36 32 108
36 33 18
36 34 148
36 35 39
37 0 157
37 1 111
37 2 72
37 3 73
37 4 9
37 5 52
37 6 49
37 7 114
37 8 67
37 9 50
37 11 68
37 12 72
37 13 59
37 14 134
37 16 143
37 17 146
37 18 53
37 20 104
37 21 77
37 23 11
37 24 123
37 25 104
37 26 17
37 27 103
37 28 140
37 29 111
37 30 36
37 32 5
37 33 90
37 34 82
37 35 3
37 36 97
38 0 24
38 1 62
38 3 121
38 4 140
38 5 101
38 6 71
38 7 19
38 8 109
38 9 160
38 10 125
38 11 73
38 13 36
38 14 45
38 15 123
38 16 88
38 17 119
38 18 159
38 19 51
38 20 116
38 21 74
38 23 39
38 24 119
38 25 45
38 26 55
38 27 45
38 28 14
38 29 38
38 30 35
38 31 3
38 32 117
38 33 48
38 34 4
38 35 94
38 36 143
38 37 83
39 0 141
39 2 140
39 3 54
39 4 45
39 5 150
39 6 121
39 8 118
39 9 122
39 10 126
39 11 79
39 12 24
39 13 137
39 14 68
39 15 140
39 16 71
39 17 104
39 18 3
39 19 6
39 20 89
39 21 7
39 22 138
39 23 76
39 24 59
39 25 158
39 26 72
39 27 2
39 28 39
39 29 89
39 30 109
39 31 19
39 32 153
39 33 9
39 34 120
39 36 103
39 38 160
40 0 71
40 1 22
40 2 80
40 3 11
40 4 125
40 5 47
40 6 127
40 7 62
40 8 28
40 9 40
40 10 74
40 11 127
40 13 159
40 14 33
40 16 144
40 17 94
40 18 38
40 20 147
40 21 146
40 22 112
40 23 151
40 24 134
40 25 57
40 26 24
40 27 100
40 28 153
40 29 7
40 30 89
40 31 24
40 32 112
40 33 61
40 34 37
40 35 10
40 37 13
40 38 73
40 39 151
41 0 86
41 1 135
41 2 9
41 3 7
41 4 113
41 6 82
41 7 38
41 8 110
41 9 77
41 10 125
41 11 108
41 12 64
41 14 56
41 15 155
41 16 150
41 17 46
41 18 97
41 19 113
41 20 15
41 21 82
41 22 84
41 23 1
41 24 31
41 26 158
41 27 115
41 28 105
41 29 29
41 30 101
41 32 38
41 33 16
41 34 109
41 35 44
41 36 77
41 37 96
41 38 21
41 39 124
41 40 138
42 0 133
42 1 111
42 2 5
42 3 81
42 4 16
42 5 89
42 6 115
42 7 141
42 8 78
42 9 37
42 10 17
42 11 150
42 12 104
42 13 42
42 14 36
42 15 28
42 16 13
42 17 96
42 18 101
42 19 58
42 20 58
42 21 141
42 23 67
42 24 127
42 25 149
42 26 19
42 27 7
42 28 110
42 30 9
42 31 47
42 33 58
42 34 73
42 36 44
42 37 28
42 38 76
42 39 17
42 41 34
43 0 83
43 1 104
43 2 72
43 3 14
43 4 69
43 5 91
43 6 20
43 7 72
43 8 106
43 9 28
43 11 10
43 12 151
43 13 7
43 14 10
43 15 121
43 16 147
43 17 127
43 18 85
43 19 25
43 20 46
43 21 50
43 22 16
43 23 67
43 24 14
43 25 130
43 26 140
43 27 64
43 29 108
43 30 87
43 31 40
43 32 29
43 33 115
43 34 3
43 35 132
43 36 50
43 37 91
43 38 127
43 39 138
43 40 108
43 42 105
44 0 107
44 1 125
44 2 151
44 3 54
44 4 35
44 5 89
44 6 80
44 7 23
44 8 109
44 9 123
44 10 143
44 11 49
44 12 11
44 13 48
44 14 102
44 15 86
44 16 94
44 17 113
44 18 85
44 19 83
44 20 99
44 21 69
44 22 43
44 23 68
44 24 122
44 25 134
44 26 125
44 27 60
44 28 95
44 29 112
44 31 89
44 32 29
44 33 91
44 35 149
44 36 94
44 37 93
44 38 1
44 39 58
44 40 67
44 41 151
44 42 81
44 43 49
45 0 87
45 2 4
45 4 119
45 5 157
45 6 38
45 7 21
45 8 136
45 9 152
45 11 55
45 12 67
45 13 5
45 14 28
45 15 5
45 16 103
45 17 12
45 18 29
45 19 100
45 20 133
45 21 131
45 22 73
45 24 31
45 25 78
45 26 135
45 27 27
45 28 49
45 29 31
45 30 35
45 33 147
45 35 14
45 37 64
45 38 95
45 40 114
45 41 127
45 43 108
45 44 159
46 1 41
46 2 110
46 3 103
46 4 77
46 5 42
46 6 106
46 7 7
46 8 98
46 9 26
46 10 100
46 11 114
46 12 2
46 13 99
46 14 102
46 15 55
46 16 133
46 17 43
46 18 57
46 19 140
46 20 50
46 22 50
46 23 106
46 24 66
46 25 33
46 26 80
46 27 33
46 28 73
46 29 117
46 30 145
46 31 130
46 32 18
46 33 144
46 34 38
46 35 71
46 36 124
46 37 76
46 38 51
46 39 29
46 40 82
46 41 13
46 42 34
46 43 41
46 44 42
46 45 85
47 1 126
47 2 160
47 3 21
47 4 145
47 5 103
47 6 82
47 7 137
47 8 39
47 10 147
47 12 148
47 13 103
47 14 75
47 15 140
47 16 29
47 17 67
47 18 37
47 19 75
47 20 131
47 22 136
47 23 85
47 25 51
47 26 8
47 27 159
47 28 103
47 29 65
47 30 19
47 31 36
47 32 117
47 33 93
47 36 54
47 37 26
47 38 58
47 39 124
47 40 145
47 41 125
47 42 46
47 43 55
47 44 54
47 45 15
47 46 37
48 2 5
48 3 65
48 4 118
48 5 31
48 6 93
48 7 125
48 8 37
48 9 40
48 10 100
48 11 136
48 12 80
48 13 45
48 14 31
48 15 89
48 16 106
48 18 43
48 19 51
48 20 133
48 21 43
48 22 122
48 23 89
48 24 122
48 25 36
48 26 149
48 28 154
48 29 101
48 30 159
48 31 57
48 32 122
48 33 90
48 34 137
48 35 154
48 36 53
48 37 74
48 38 1
48 39 151
48 40 26
48 41 30
48 42 40
48 43 159
48 44 56
48 46 58
48 47 110
49 0 153
49 1 3
49 2 98
49 3 83
49 4 109
49 5 88
49 7 92
49 8 78
49 9 127
49 10 42
49 11 77
49 12 92
49 14 11
49 16 147
49 17 59
49 19 54
49 20 34
49 21 94
49 22 129
49 23 64
49 24 59
49 25 115
49 26 130
49 28 103
49 29 55
49 31 101
49 33 150
49 34 56
49 35 4
49 36 117
49 37 108
49 38 59
49 39 13
49 40 16
49 41 27
49 42 11
49 43 104
49 44 55
49 45 144
49 46 15
49 47 49
49 48 103
50 0 85
50 1 130
50 2 81
50 3 20
50 4 36
50 5 99
50 6 147
50 7 93
50 8 136
50 9 2
50 10 130
50 11 93
50 12 33
50 13 73
50 14 13
50 16 34
50 17 77
50 18 154
50 19 19
50 22 124
50 23 131
50 24 103
50 25 46
50 27 86
50 28 107
50 29 144
50 31 129
50 32 94
50 34 18
50 35 158
50 37 67
50 38 154
50 39 128
50 40 24
50 41 19
50 42 32
50 43 127
50 44 137
50 45 18
50 46 112
50 47 25
50 48 84
50 49 148
51 0 96
51 3 94
51 4 32
51 5 20
51 6 153
51 7 93
51 8 39
51 9 82
51 10 100
51 11 89
51 12 158
51 13 60
51 14 34
51 15 66
51 17 103
51 18 121
51 19 75
51 20 40
51 21 124
51 22 135
51 23 110
51 24 51
51 25 148
51 26 44
51 28 127
51 29 131
51 30 115
51 31 38
51 32 116
51 33 33
51 34 92
51 35 139
51 36 54
51 37 124
51 38 106
51 39 117
51 40 17
51 41 107
51 42 37
51 43 22
51 44 30
51 45 65
51 46 92
51 47 142
51 48 42
51 49 1
51 50 107
52 0 33
52 1 122
52 2 121
52 3 94
52 4 107
52 5 112
52 6 103
52 7 73
52 8 90
52 10 3
52 11 17
52 12 73
52 13 72
52 14 69
52 15 32
52 16 10
52 17 60
52 18 93
52 20 144
52 22 119
52 23 16
52 25 107
52 26 48
52 27 72
52 28 66
52 29 53
52 30 69
52 31 5
52 32 112
52 33 45
52 34 85
52 35 115
52 36 31
52 38 139
52 39 49
52 40 97
52 41 126
52 42 78
52 43 86
52 44 3
52 45 62
52 46 15
52 47 114
52 48 25
52 49 111
52 50 109
52 51 23
53 0 91
53 2 76
53 3 158
53 4 18
53 5 109
53 6 117
53 7 151
53 8 17
53 9 129
53 10 149
53 11 44
53 12 93
53 13 51
53 16 135
53 17 85
53 19 146
53 20 146
53 21 8
53 22 155
53 23 106
53 24 154
53 25 23
53 26 30
53 27 93
53 28 65
53 29 21
53 30 159
53 31 21
53 32 31
53 34 85
53 35 72
53 36 148
53 37 100
53 38 65
53 39 89
53 41 156
53 42 112
53 43 108
53 44 92
53 46 114
53 47 62
53 48 145
53 49 93
53 50 146
53 51 50
53 52 20
54 0 3
54 1 140
54 3 61
54 4 83
54 5 114
54 6 127
54 8 126
54 9 109
54 10 44
54 11 150
54 12 48
54 13 129
54 14 26
54 15 144
54 16 135
54 17 9
54 18 18
54 19 134
54 20 132
54 21 137
54 22 46
54 23 155
54 24 160
54 26 91
54 27 69
54 29 11
54 30 84
54 31 29
54 32 140
54 33 98
54 34 125
54 35 135
54 36 18
54 37 42
54 38 152
54 39 68
54 40 99
54 41 11
54 43 41
54 44 159
54 45 96
54 46 22
54 47 123
54 48 125
54 49 26
54 50 62
54 51 121
54 53 83
55 0 145
55 1 80
55 2 97
55 3 37
55 4 18
55 5 109
55 6 67
55 7 7
55 8 139
55 10 106
55 11 59
55 12 41
55 13 68
55 14 8
55 15 27
55 17 86
55 18 5
55 19 58
55 20 152
55 21 86
55 23 51
55 24 32
55 25 116
55 26 22
55 27 78
55 30 89
55 31 93
55 32 21
55 33 31
55 34 52
55 35 153
55 36 112
55 37 6
55 38 114
55 39 115
55 40 153
55 41 29
55 42 68
55 43 68
55 44 43
55 45 34
55 46 153
55 47 93
55 48 90
55 49 58
55 50 64
55 51 20
55 52 81
55 53 11
56 0 2
56 1 25
56 2 160
56 3 40
56 6 120
56 7 72
56 8 68
56 9 38
56 11 112
56 12 29
56 13 85
56 14 78
56 15 111
56 16 133
56 17 87
56 18 62
56 20 154
56 21 33
56 23 83
56 24 70
56 25 89
56 27 21
56 28 98
56 29 81
56 30 59
56 31 23
56 32 23
56 33 46
56 34 96
56 35 129
56 37 18
56 38 22
56 40 102
56 41 85
56 42 80
56 43 42
56 44 109
56 45 72
56 46 52
56 47 10
56 48 159
56 49 140
56 50 92
56 51 139
56 52 40
56 53 49
56 55 24
57 0 46
57 1 146
57 2 13
57 3 33
57 4 3
57 5 50
57 6 148
57 7 77
57 9 59
57 10 110
57 11 49
57 12 58
57 13 98
57 15 67
57 16 57
57 17 51
57 18 135
57 19 100
57 20 25
57 21 95
57 22 3
57 23 138
57 24 91
57 25 47
57 26 19
57 27 43
57 28 144
57 29 48
57 30 56
57 31 44
57 32 137
57 33 63
57 35 62
57 36 139
57 37 60
57 38 86
57 39 134
57 40 156
57 41 110
57 42 118
57 43 93
57 44 30
57 45 75
57 46 74
57 47 8
57 48 68
57 49 40
57 50 153
57 51 39
57 53 130
57 54 1
57 56 39
58 0 146
58 1 25
58 2 98
58 3 38
58 4 59
58 5 135
58 6 147
58 7 7
58 8 154
58 9 26
58 11 118
58 12 72
58 13 41
58 14 140
58 16 77
58 17 10
58 18 144
58 19 71
58 21 84
58 22 88
58 23 126
58 24 22
58 25 28
58 26 98
58 27 16
58 28 100
58 29 75
58 30 101
58 31 135
58 32 124
58 33 73
58 36 51
58 37 23
58 38 115
58 39 10
58 40 159
58 41 152
58 43 78
58 44 2
58 45 11
58 46 146
58 47 3
58 48 5
58 49 35
58 50 40
58 51 90
58 52 64
58 53 130
58 54 60
58 55 71
58 56 33
58 57 45
59 0 17
59 1 70
59 2 57
59 3 4
59 5 51
59 6 101
59 7 160
59 8 91
59 9 103
59 10 34
59 11 94
59 12 12
59 13 122
59 14 45
59 15 72
59 16 112
59 17 124
59 18 84
59 19 121
59 20 23
59 21 20
59 23 118
59 24 2
59 25 69
59 26 103
59 27 138
59 28 34
59 29 100
59 30 53
59 31 10
59 32 155
59 33 106
59 34 136
59 35 157
59 36 111
59 37 94
59 38 108
59 39 117
59 40 139
59 41 14
59 42 7
59 43 138
59 44 71
59 45 29
59 46 77
59 47 57
59 48 73
59 51 88
59 52 33
59 53 22
59 54 90
59 55 112
59 56 37
59 57 3
60 1 62
60 3 2
60 6 89
60 9 87
60 11 11
60 12 114
60 13 125
60 14 35
60 15 11
60 16 121
60 17 25
60 18 20
60 19 68
60 20 119
60 21 88
60 22 57
60 23 71
60 24 152
60 25 98
60 26 158
60 27 11
60 28 127
60 29 45
60 30 48
60 31 13
60 32 139
60 33 79
60 34 13
60 35 131
60 36 114
60 37 10
60 38 27
60 39 8
60 40 103
60 41 5
60 42 48
60 43 137
60 44 70
60 45 135
60 46 88
60 47 100
60 49 38
60 50 155
60 52 87
60 53 1
60 54 126
60 57 25
60 58 127
60 59 28
61 0 15
61 1 148
61 2 101
61 3 3
61 4 128
61 5 133
61 6 140
61 7 105
61 9 102
61 10 149
61 11 49
61 12 99
61 13 64
61 15 159
61 16 37
61 17 154
61 18 57
61 19 24
61 20 149
61 21 99
61 22 36
61 23 8
61 24 99
61 25 80
61 26 62
61 27 8
61 28 73
61 29 11
61 31 7
61 32 1
61 33 152
61 34 13
61 35 65
61 36 67
61 37 144
61 38 27
61 39 127
61 40 68
61 41 101
61 42 8
61 43 4
61 44 98
61 45 21
61 46 6
61 47 73
61 48 75
61 49 18
61 50 47
61 51 107
61 52 100
61 54 37
61 55 18
61 56 2
61 57 105
61 59 107
61 60 142
62 0 92
62 1 147
62 2 112
62 3 132
62 4 15
62 6 82
62 8 158
62 9 42
62 10 51
62 11 104
62 12 1
62 13 2
62 14 56
62 15 131
62 16 104
62 17 110
62 18 74
62 19 138
62 20 149
62 21 120
62 22 38
62 23 124
62 24 127
62 26 17
62 27 1
62 28 34
62 29 8
62 30 143
62 31 85
62 32 47
62 33 31
62 34 69
62 35 152
62 36 17
62 37 60
62 38 80
62 39 35
62 40 18
62 41 49
62 42 100
62 43 7
62 44 18
62 45 131
62 46 122
62 47 53
62 48 122
62 49 84
62 51 151
62 52 93
62 53 8
62 54 16
62 55 73
62 56 50
62 57 57
62 58 154
62 59 150
62 60 144
62 61 77
63 1 72
63 2 146
63 3 116
63 4 49
63 6 4
63 7 36
63 9 146
63 10 3
63 11 19
63 13 18
63 14 36
63 15 20
63 17 144
63 18 137
63 19 28
63 20 98
63 21 46
63 22 100
63 23 31
63 24 102
63 25 66
63 26 123
63 27 41
63 28 147
63 29 71
63 30 114
63 31 74
63 32 141
63 34 52
63 35 22
63 36 102
63 37 114
63 38 154
63 39 93
63 40 2
63 41 18
63 42 64
63 43 19
63 44 126
63 45 21
63 46 125
63 47 106
63 48 44
63 49 131
63 50 142
63 51 136
63 52 151
63 53 23
63 54 132
63 55 142
63 56 86
63 57 109
63 58 11
63 59 69
63 60 71
63 61 67
63 62 69
64 0 74
64 1 79
64 2 47
64 3 146
64 4 66
64 5 147
64 6 40
64 7 91
64 8 153
64 9 154
64 10 149
64 11 126
64 13 118
64 14 155
64 15 135
64 16 152
64 17 127
64 18 10
64 19 60
64 20 147
64 21 139
64 22 116
64 23 52
64 24 17
64 25 99
64 26 60
64 27 19
64 28 102
64 29 78
64 30 71
64 31 153
64 33 101
64 34 14
64 35 32
64 36 113
64 37 38
64 38 24
64 39 156
64 40 41
64 41 17
64 42 93
64 43 23
64 44 57
64 45 21
64 46 41
64 47 142
64 48 66
64 49 131
64 50 142
64 51 15
64 52 70
64 53 33
64 54 127
64 55 128
64 56 40
64 57 64
64 59 2
64 60 9
64 61 104
64 62 32
64 63 92
65 0 64
65 1 124
65 3 132
65 4 51
65 5 4
65 6 15
65 7 30
65 8 24
65 9 53
65 10 20
65 11 80
65 12 74
65 14 30
65 15 23
65 16 122
65 17 66
65 18 54
65 19 140
65 20 16
65 21 130
65 24 158
65 25 36
65 26 74
65 27 88
65 28 82
65 29 44
65 31 71
65 32 66
65 34 89
65 35 34
65 36 78
65 37 134
65 38 99
65 41 50
65 42 107
65 43 25
65 45 34
65 46 54
65 49 1
65 50 57
65 51 41
65 52 156
65 53 25
65 54 95
65 55 3
65 56 102
65 57 59
65 58 143
65 59 93
65 60 116
65 61 122
65 62 83
65 63 110
66 1 1
66 3 16
66 4 142
66 5 119
66 6 51
66 7 93
66 10 100
66 11 24
66 12 36
66 13 6
66 14 10
66 15 78
66 16 150
66 17 64
66 18 1
66 19 80
66 20 56
66 21 20
66 23 61
66 24 30
66 25 28
66 26 48
66 27 134
66 28 89
66 29 77
66 30 64
66 31 57
66 33 23
66 34 20
66 35 65
66 36 76
66 37 150
66 38 107
66 39 47
66 40 80
66 41 13
66 42 94
66 43 2
66 44 152
66 45 112
66 46 123
66 47 5
66 48 159
66 49 2
66 50 144
66 51 104
66 52 115
66 53 75
66 54 110
66 55 98
66 56 127
66 57 66
66 58 75
66 59 77
66 60 28
66 61 9
66 62 133
66 64 156
66 65 126
67 0 153
67 1 111
67 2 43
67 3 120
67 4 36
67 5 142
67 6 67
67 7 71
67 8 111
67 9 21
67 10 3
67 11 45
67 12 156
67 13 141
67 14 118
67 15 124
67 16 32
67 17 71
67 18 75
67 19 9
67 20 19
67 21 116
67 22 48
67 23 71
67 24 65
67 25 1
67 26 157
67 27 123
67 28 76
67 29 43
67 30 116
67 31 139
67 32 43
67 34 148
67 35 97
67 36 75
67 37 150
67 38 95
67 39 12
67 40 108
67 41 1
67 42 153
67 43 15
67 44 103
67 45 150
67 46 44
67 47 129
67 48 94
67 49 51
67 50 63
67 51 43
67 52 59
67 53 96
67 54 130
67 56 33
67 57 37
67 58 151
67 59 89
67 60 3
67 62 108
67 63 110
67 64 68
67 65 104
67 66 94
68 0 85
68 1 142
68 2 105
68 3 125
68 4 135
68 5 12
68 6 132
68 7 160
68 8 11
68 10 124
68 11 57
68 12 134
68 13 33
68 14 72
68 15 148
68 16 67
68 17 12
68 19 80
68 20 72
68 21 82
68 22 76
68 23 110
68 24 124
68 25 115
68 26 70
68 27 28
68 28 21
68 29 12
68 30 49
68 31 137
68 32 115
68 33 11
68 34 102
68 35 129
68 36 156
68 37 46
68 38 29
68 40 50
68 41 99
68 42 79
68 43 90
68 44 113
68 45 119
68 47 36
68 48 158
68 49 125
68 50 8
68 51 12
68 52 94
68 53 32
68 54 50
68 55 106
68 56 14
68 57 145
68 58 123
68 59 10
68 60 143
68 61 16
68 62 88
68 63 153
68 64 110
68 65 151
68 67 152
69 0 58
69 1 37
69 2 89
69 3 135
69 4 121
69 5 77
69 6 72
69 7 142
69 8 103
69 9 79
69 10 61
69 11 118
69 12 136
69 13 82
69 14 21
69 15 126
69 16 26
69 17 86
69 18 115
69 19 6
69 20 100
69 21 133
69 22 49
69 23 17
69 25 103
69 26 66
69 27 79
69 28 65
69 29 113
69 30 72
69 31 25
69 32 33
69 33 35
69 34 18
69 35 15
69 36 4
69 37 45
69 38 1
69 39 58
69 41 75
69 42 148
69 44 133
69 45 19
69 46 99
69 47 64
69 49 51
69 50 102
69 51 148
69 52 75
69 53 103
69 54 115
69 55 156
69 56 58
69 57 89
69 58 26
69 60 152
69 61 114
69 62 11
69 64 113
69 65 137
69 66 111
69 67 142
69 68 61
