60
1 0 19
2 0 8
5 0 6
5 3 20
6 0 14
6 3 5
6 4 12
7 0 9
7 1 3
9 0 14
9 2 5
9 6 12
10 0 10
10 2 13
10 3 6
10 4 19
10 5 3
10 8 11
11 1 18
11 2 17
11 6 3
11 8 15
11 9 11
11 10 5
12 1 4
12 3 3
12 4 7
12 5 11
12 6 17
12 7 9
12 9 6
12 10 10
12 11 16
13 0 11
13 2 11
13 3 7
13 6 9
13 11 16
13 12 10
14 1 5
14 6 13
14 9 9
14 11 15
14 12 18
15 3 5
15 4 2
15 7 2
15 8 16
16 4 9
16 8 10
16 9 2
17 8 12
17 10 15
17 15 17
17 16 7
18 0 16
18 4 16
18 7 8
18 8 8
18 15 2
18 16 6
18 17 3
19 0 6
19 1 14
19 2 12
19 3 15
19 6 18
19 7 9
19 8 7
19 10 11
19 13 19
19 14 3
19 15 16
19 17 15
19 18 17
20 0 8
20 1 9
20 3 3
20 4 5
20 5 4
20 6 3
20 8 18
20 13 15
20 18 11
20 19 7
21 0 1
21 1 9
21 5 9
21 8 20
21 14 4
21 17 12
21 18 12
21 19 14
21 20 19
22 0 17
22 4 3
22 7 18
22 10 12
22 12 6
22 13 3
22 16 3
22 20 12
23 1 17
23 2 10
23 3 16
23 5 1
23 6 12
23 9 1
23 11 16
23 13 14
23 14 17
23 15 7
23 17 9
23 20 9
23 21 11
24 2 11
24 11 3
24 15 19
24 16 5
24 17 17
24 20 8
24 22 5
24 23 8
25 5 15
25 6 18
25 11 16
25 13 18
25 14 12
25 18 16
25 19 2
25 20 4
25 23 3
25 24 9
26 0 4
26 4 13
26 6 19
26 9 6
26 10 3
26 11 19
26 12 12
26 19 16
26 20 16
26 22 14
26 25 7
27 1 15
27 2 20
27 5 11
27 6 9
27 11 5
27 12 2
27 13 15
27 15 14
27 16 8
27 17 2
27 18 17
27 19 19
28 0 15
28 1 11
28 2 4
28 16 8
28 17 5
28 22 4
28 26 3
29 1 14
29 2 15
29 4 18
29 5 13
29 7 4
29 11 11
29 13 19
29 17 15
29 19 1
29 21 20
29 24 12
29 25 4
29 26 20
29 27 15
30 2 1
30 6 9
30 9 5
30 17 12
30 21 1
30 22 13
30 25 8
30 26 15
30 27 3
30 28 1
30 29 7
31 1 19
31 2 5
31 3 16
31 6 10
31 7 5
31 8 3
31 9 2
31 12 6
31 14 2
31 15 10
31 17 5
31 21 16
31 22 2
31 26 11
31 27 14
31 28 16
32 4 12
32 8 9
32 10 19
32 12 10
32 14 10
32 16 13
32 17 9
32 19 2
32 20 19
32 22 9
32 26 20
32 27 17
32 30 2
33 3 11
33 6 16
33 9 6
33 12 10
33 20 10
33 21 2
33 22 16
33 24 13
33 27 5
33 31 1
34 0 17
34 3 18
34 12 8
34 13 19
34 16 9
34 17 4
34 23 17
34 24 4
34 28 1
34 30 13
34 33 10
35 0 12
35 4 13
35 5 8
35 7 6
35 9 11
35 11 19
35 13 20
35 15 4
35 16 15
35 17 6
35 19 12
35 22 2
35 23 3
35 27 3
35 28 18
35 33 8
36 1 6
36 3 19
36 10 13
36 18 17
36 21 4
36 23 7
36 24 4
36 25 18
36 28 11
36 29 7
36 32 13
36 34 17
37 1 6
37 5 13
37 6 3
37 8 10
37 9 17
37 17 13
37 18 14
37 20 13
37 22 7
37 26 14
37 30 6
37 32 7
37 36 20
38 1 9
38 2 20
38 4 18
38 7 1
38 10 19
38 13 10
38 14 2
38 15 1
38 16 13
38 18 20
38 23 13
38 26 16
38 33 14
39 6 16
39 7 19
39 9 5
39 11 1
39 12 16
39 13 17
39 16 17
39 17 15
39 18 7
39 21 13
39 22 3
39 28 19
39 29 8
39 31 1
39 32 11
39 34 15
39 35 3
40 1 3
40 4 12
40 7 9
40 9 17
40 11 10
40 13 18
40 14 19
40 17 9
40 19 4
40 20 12
40 21 20
40 23 6
40 24 11
40 26 15
40 37 17
41 4 13
41 5 6
41 7 11
41 14 11
41 17 19
41 19 3
41 20 1
41 21 1
41 24 3
41 27 11
41 28 11
41 29 2
41 32 2
41 35 17
41 38 19
41 39 12
42 2 15
42 4 12
42 5 15
42 6 2
42 10 17
42 12 5
42 13 3
42 14 12
42 16 2
42 19 16
42 22 2
42 26 14
42 28 16
42 29 15
42 33 7
42 34 6
42 40 4
43 0 12
43 5 12
43 7 7
43 15 10
43 18 5
43 23 16
43 24 18
43 25 14
43 34 5
43 35 14
43 37 8
43 38 17
43 39 15
43 41 7
44 0 15
44 2 19
44 9 6
44 12 18
44 14 3
44 16 20
44 17 17
44 18 11
44 20 16
44 22 6
44 24 15
44 26 20
44 27 2
44 34 2
44 38 11
44 41 15
44 42 8
45 0 13
45 2 14
45 4 12
45 5 12
45 6 4
45 7 17
45 8 2
45 9 8
45 13 1
45 15 5
45 16 6
45 17 14
45 23 10
45 27 5
45 29 17
45 34 2
45 37 1
45 38 6
45 41 12
45 43 18
45 44 11
46 0 17
46 2 16
46 7 13
46 8 7
46 9 1
46 11 19
46 18 4
46 19 4
46 20 20
46 23 2
46 27 3
46 30 17
46 33 17
46 35 14
46 36 19
46 38 19
46 39 9
46 40 18
46 41 17
46 42 10
46 44 2
47 1 18
47 3 20
47 4 3
47 5 11
47 14 19
47 18 15
47 20 2
47 22 16
47 23 15
47 32 20
47 34 9
47 36 12
47 39 18
47 43 2
48 1 12
48 2 14
48 6 20
48 7 10
48 10 7
48 14 14
48 15 6
48 18 4
48 19 12
48 20 6
48 21 14
48 26 15
48 29 15
48 31 11
48 32 18
48 33 5
48 36 15
48 37 18
48 39 14
48 43 9
48 45 6
48 46 20
49 0 13
49 1 20
49 2 7
49 3 20
49 5 13
49 7 20
49 9 10
49 10 1
49 11 13
49 12 17
49 15 3
49 21 17
49 25 17
49 33 7
49 38 17
49 45 10
49 46 6
50 6 4
50 8 16
50 10 2
50 12 6
50 16 4
50 19 19
50 20 17
50 26 6
50 31 11
50 32 9
50 33 2
50 34 3
50 35 5
50 38 4
50 39 10
50 40 8
50 41 20
50 45 15
50 46 18
51 1 15
51 2 17
51 4 2
51 6 14
51 8 7
51 11 11
51 12 4
51 16 7
51 17 16
51 18 17
51 20 20
51 22 10
51 23 3
51 25 3
51 26 14
51 27 3
51 28 2
51 29 9
51 31 3
51 32 4
51 34 15
51 37 13
51 39 8
51 40 6
51 41 13
51 43 5
52 1 1
52 6 1
52 8 7
52 9 6
52 10 4
52 13 3
52 15 3
52 18 8
52 22 13
52 23 2
52 24 6
52 25 5
52 26 18
52 28 3
52 29 2
52 30 19
52 37 7
52 39 16
52 41 2
52 42 19
52 43 19
52 45 15
52 47 19
53 2 13
53 7 3
53 8 4
53 10 9
53 12 16
53 14 19
53 15 9
53 16 20
53 18 11
53 20 5
53 21 17
53 22 14
53 23 11
53 24 11
53 25 13
53 26 19
53 28 12
53 29 18
53 30 16
53 31 13
53 32 10
53 33 20
53 34 7
53 35 12
53 37 9
53 39 17
53 41 3
53 42 3
53 45 11
53 46 8
53 50 20
53 52 9
54 0 19
54 2 18
54 3 18
54 4 13
54 6 18
54 10 8
54 14 1
54 17 6
54 18 19
54 23 5
54 24 4
54 26 19
54 27 5
54 29 16
54 30 3
54 33 13
54 35 8
54 36 4
54 37 12
54 38 14
54 43 7
54 45 2
54 47 3
54 48 8
54 50 2
54 53 15
55 0 18
55 1 1
55 3 20
55 11 20
55 16 5
55 17 12
55 21 14
55 22 5
55 23 1
55 25 6
55 27 6
55 28 20
55 29 15
55 35 19
55 36 2
55 37 14
55 39 20
55 41 6
55 42 14
55 46 15
55 48 1
55 49 20
55 51 2
55 53 7
56 0 12
56 1 5
56 3 15
56 10 10
56 14 1
56 15 9
56 16 15
56 20 10
56 24 19
56 28 17
56 32 2
56 34 20
56 35 7
56 36 17
56 37 7
56 39 11
56 41 13
56 42 8
56 44 16
56 45 6
56 49 3
56 52 11
56 53 5
56 54 4
57 0 17
57 3 15
57 5 12
57 7 13
57 9 7
57 10 2
57 16 14
57 17 9
57 18 20
57 19 14
57 22 18
57 27 18
57 28 18
57 30 2
57 32 7
57 36 20
57 39 5
57 41 5
57 42 14
57 46 1
57 47 12
57 48 10
57 50 10
57 53 12
57 55 13
58 0 2
58 2 7
58 5 7
58 6 12
58 10 2
58 11 16
58 16 13
58 17 17
58 21 7
58 23 5
58 25 6
58 27 20
58 29 19
58 32 17
58 33 1
58 34 18
58 35 11
58 39 12
58 46 14
58 51 1
58 52 7
58 53 13
58 55 2
59 1 13
59 5 9
59 7 11
59 9 2
59 11 1
59 15 9
59 16 3
59 17 13
59 18 14
59 20 18
59 22 2
59 35 11
59 39 17
59 40 19
59 46 2
59 47 17
59 50 4
59 51 13
59 52 3
59 53 14
59 54 18
59 56 16
59 57 6
59 58 19
