40
3 0 44
3 1 79
4 1 66
4 2 51
5 0 33
5 1 39
6 0 63
6 1 22
6 2 32
6 4 5
7 5 47
8 2 24
8 5 69
8 7 70
9 0 48
9 1 67
9 5 29
9 6 8
10 4 57
10 5 80
10 6 23
10 7 41
10 9 51
11 0 53
11 2 72
11 3 42
11 4 32
11 6 13
11 8 71
11 10 46
12 1 29
12 3 64
12 4 57
12 8 74
12 9 63
12 10 31
12 11 55
13 1 16
13 4 28
13 5 78
13 6 44
13 7 7
13 9 71
13 10 54
14 3 17
14 4 63
14 6 15
14 7 30
14 9 56
14 10 55
15 2 9
15 3 42
15 6 48
15 7 42
15 13 58
15 14 37
16 2 14
16 4 64
16 6 65
16 8 20
16 9 20
16 10 77
17 1 34
17 2 15
17 3 21
17 4 21
17 7 1
17 11 58
17 12 18
18 1 31
18 4 57
18 5 38
18 8 64
18 10 29
18 12 5
18 13 25
18 16 75
19 6 66
19 9 35
19 13 6
19 16 30
19 18 2
20 4 29
20 8 17
20 12 77
20 14 13
20 16 71
20 19 41
21 2 26
21 4 8
21 6 29
21 16 6
21 17 52
21 18 48
22 2 13
22 6 7
22 7 51
22 9 62
22 16 30
22 18 6
22 19 44
22 21 16
23 0 72
23 2 32
23 3 32
23 5 30
23 6 24
23 7 3
23 10 59
23 16 21
23 20 70
23 21 55
24 2 72
24 3 22
24 8 71
24 10 79
24 11 11
24 15 15
24 17 45
24 18 58
24 19 54
25 6 35
25 8 51
25 14 72
25 16 36
25 17 12
25 18 23
25 19 9
25 20 49
25 21 1
26 2 10
26 6 20
26 11 21
26 14 33
26 16 67
26 20 6
26 25 19
27 1 34
27 3 57
27 4 43
27 6 29
27 8 27
27 9 63
27 10 41
27 22 25
28 1 44
28 5 37
28 13 71
28 15 54
28 23 62
28 24 74
28 25 11
29 0 34
29 2 52
29 3 51
29 6 73
29 12 66
29 20 23
29 21 40
29 22 70
29 23 55
29 24 63
29 25 25
29 26 48
30 3 70
30 5 18
30 11 9
30 12 78
30 15 5
30 17 70
30 18 33
30 21 3
30 22 13
30 23 6
30 26 29
30 29 59
31 0 6
31 1 2
31 2 62
31 6 13
31 7 72
31 13 64
31 14 13
31 16 48
31 19 34
31 21 28
31 24 54
31 28 28
32 1 10
32 5 45
32 6 30
32 8 10
32 9 56
32 10 62
32 12 7
32 13 42
32 16 19
32 17 78
32 18 17
32 19 69
32 27 42
32 28 3
32 29 56
33 0 6
33 1 50
33 2 76
33 3 63
33 13 33
33 18 25
33 21 21
33 23 63
33 27 56
33 29 18
34 0 22
34 3 36
34 4 23
34 5 21
34 11 32
34 13 36
34 14 43
34 16 66
34 19 50
34 20 62
34 22 53
34 24 27
34 26 74
34 28 1
34 29 9
34 32 47
35 0 45
35 1 44
35 9 44
35 13 23
35 15 12
35 16 40
35 18 10
35 21 47
35 25 28
35 27 53
35 29 46
35 30 20
36 0 40
36 2 63
36 4 5
36 7 52
36 8 19
36 14 54
36 15 62
36 16 66
36 20 47
36 21 6
36 31 63
37 4 55
37 5 54
37 9 38
37 14 9
37 15 19
37 16 51
37 20 64
37 21 50
37 24 57
37 25 77
38 2 10
38 7 7
38 9 49
38 10 29
38 12 16
38 13 40
38 14 22
38 16 48
38 19 68
38 24 62
38 27 67
38 32 19
38 33 60
38 35 52
38 36 76
39 2 3
39 4 66
39 7 31
39 8 73
39 9 16
39 10 16
39 11 43
39 12 76
39 15 53
39 20 19
39 21 24
39 24 9
39 32 31
39 35 22
39 38 60
