40
1 0 311
2 0 218
2 1 266
3 0 211
3 1 267
3 2 298
4 0 34
4 1 234
4 2 178
4 3 178
5 0 254
5 1 168
5 2 81
5 3 176
5 4 269
6 0 304
6 1 296
6 2 226
6 3 22
6 4 181
6 5 205
7 0 278
7 1 147
7 2 144
7 3 174
7 4 284
7 5 141
7 6 33
8 0 272
8 1 229
8 2 295
8 3 131
8 4 63
8 5 117
8 6 42
8 7 18
9 0 8
9 1 209
9 2 162
9 3 303
9 4 275
9 5 313
9 6 50
9 7 141
9 8 206
10 0 186
10 1 218
10 2 172
10 3 173
10 4 307
10 5 108
10 6 95
10 7 256
10 8 140
10 9 271
11 0 31
11 1 203
11 2 26
11 3 121
11 4 179
11 5 73
11 6 131
11 7 135
11 8 73
11 9 80
11 10 195
12 0 197
12 1 103
12 2 182
12 3 73
12 4 259
12 5 51
12 6 6
12 7 169
12 8 263
12 9 20
12 10 117
12 11 315
13 0 234
13 1 274
13 2 291
13 3 190
13 4 213
13 5 84
13 6 97
13 7 4
13 8 128
13 9 256
13 10 169
13 11 214
13 12 82
14 0 314
14 1 56
14 2 108
14 3 27
14 4 304
14 5 122
14 6 282
14 7 107
14 8 264
14 9 36
14 10 43
14 11 164
14 12 123
14 13 213
15 0 20
15 1 169
15 2 280
15 3 171
15 4 249
15 5 212
15 6 31
15 7 9
15 8 316
15 9 88
15 10 3
15 11 104
15 12 295
15 13 125
15 14 163
16 0 254
16 1 297
16 2 262
16 3 57
16 4 250
16 5 44
16 6 143
16 7 34
16 8 72
16 9 1
16 10 269
16 11 27
16 12 246
16 13 187
16 14 107
16 15 254
17 0 75
17 1 264
17 2 60
17 3 255
17 4 202
17 5 86
17 6 174
17 7 132
17 8 29
17 9 302
17 10 74
17 11 258
17 12 107
17 13 102
17 14 209
17 15 292
17 16 204
18 0 194
18 1 103
18 2 309
18 3 112
18 4 261
18 5 247
18 6 239
18 7 149
18 8 95
18 9 281
18 10 289
18 11 248
18 12 225
18 13 281
18 14 283
18 15 193
18 16 193
18 17 182
19 0 107
19 1 61
19 2 65
19 3 157
19 4 16
19 5 54
19 6 273
19 7 35
19 8 255
19 9 242
19 10 105
19 11 71
19 12 192
19 13 172
19 14 25
19 15 62
19 16 104
19 17 17
19 18 288
20 0 221
20 1 197
20 2 153
20 3 243
20 4 6
20 5 178
20 6 49
20 7 214
20 8 92
20 9 199
20 10 248
20 11 287
20 12 295
20 13 235
20 14 138
20 15 296
20 16 102
20 17 169
20 18 276
20 19 272
21 0 205
21 1 50
21 2 196
21 3 70
21 4 4
21 5 67
21 6 296
21 7 159
21 8 219
21 9 180
21 10 184
21 11 190
21 12 278
21 13 94
21 14 317
21 15 64
21 16 103
21 17 294
21 18 113
21 19 280
21 20 288
22 0 194
22 1 164
22 2 18
22 3 211
22 4 46
22 5 296
22 6 169
22 7 67
22 8 250
22 9 304
22 10 307
22 11 121
22 12 82
22 13 65
22 14 177
22 15 146
22 16 187
22 17 262
22 18 306
22 19 169
22 20 148
22 21 251
23 0 295
23 1 213
23 2 116
23 3 239
23 4 131
23 5 317
23 6 204
23 7 295
23 8 27
23 9 291
23 10 70
23 11 3
23 12 145
23 13 1
23 14 246
23 15 81
23 16 8
23 17 114
23 18 105
23 19 15
23 20 87
23 21 110
23 22 259
24 0 237
24 1 108
24 2 53
24 3 300
24 4 158
24 5 205
24 6 191
24 7 139
24 8 125
24 9 291
24 10 248
24 11 177
24 12 51
24 13 97
24 14 11
24 15 89
24 16 51
24 17 190
24 18 5
24 19 253
24 20 172
24 21 201
24 22 204
24 23 10
25 0 210
25 1 154
25 2 200
25 3 130
25 4 87
25 5 26
25 6 223
25 7 8
25 8 5
25 9 60
25 10 190
25 11 1
25 12 42
25 13 316
25 14 176
25 15 222
25 16 186
25 17 231
25 18 288
25 19 292
25 20 305
25 21 30
25 22 294
25 23 157
25 24 245
26 0 121
26 1 27
26 2 240
26 3 32
26 4 143
26 5 117
26 6 229
26 7 222
26 8 64
26 9 69
26 10 49
26 11 283
26 12 16
26 13 119
26 14 250
26 15 17
26 16 153
26 17 219
26 18 62
26 19 153
26 20 267
26 21 161
26 22 126
26 23 224
26 24 263
26 25 127
27 0 304
27 1 270
27 2 140
27 3 70
27 4 51
27 5 161
27 6 80
27 7 257
27 8 249
27 9 34
27 10 85
27 11 249
27 12 42
27 13 290
27 14 272
27 15 98
27 16 239
27 17 306
27 18 116
27 19 241
27 20 244
27 21 246
27 22 162
27 23 169
27 24 241
27 25 163
27 26 188
28 0 217
28 1 253
28 2 287
28 3 44
28 4 300
28 5 256
28 6 56
28 7 189
28 8 93
28 9 181
28 10 271
28 11 6
28 12 107
28 13 310
28 14 2
28 15 24
28 16 285
28 17 89
28 18 147
28 19 206
28 20 232
28 21 181
28 22 8
28 23 283
28 24 103
28 25 200
28 26 198
28 27 203
29 0 9
29 1 293
29 2 22
29 3 118
29 4 19
29 5 129
29 6 246
29 7 63
29 8 50
29 9 120
29 10 188
29 11 180
29 12 290
29 13 170
29 14 210
29 15 208
29 16 312
29 17 317
29 18 305
29 19 214
29 20 261
29 21 314
29 22 259
29 23 154
29 24 188
29 25 110
29 26 239
29 27 102
29 28 100
30 0 49
30 1 86
30 2 147
30 3 173
30 4 19
30 5 173
30 6 56
30 7 14
30 8 54
30 9 14
30 10 99
30 11 105
30 12 168
30 13 214
30 14 92
30 15 296
30 16 189
30 17 260
30 18 134
30 19 259
30 20 73
30 21 150
30 22 251
30 23 131
30 24 22
30 25 114
30 26 36
30 27 311
30 28 106
30 29 176
31 0 115
31 1 119
31 2 132
31 3 76
31 4 311
31 5 174
31 6 280
31 7 158
31 8 10
31 9 36
31 10 188
31 11 68
31 12 225
31 13 318
31 14 60
31 15 193
31 16 242
31 17 302
31 18 42
31 19 284
31 20 17
31 21 121
31 22 304
31 23 30
31 24 89
31 25 298
31 26 166
31 27 32
31 28 91
31 29 180
31 30 143
32 0 96
32 1 270
32 2 69
32 3 293
32 4 179
32 5 223
32 6 93
32 7 160
32 8 112
32 9 51
32 10 151
32 11 287
32 12 63
32 13 222
32 14 205
32 15 177
32 16 272
32 17 63
32 18 306
32 19 182
32 20 254
32 21 294
32 22 100
32 23 148
32 24 13
32 25 86
32 26 224
32 27 194
32 28 96
32 29 293
32 30 99
32 31 141
33 0 304
33 1 294
33 2 89
33 3 242
33 4 140
33 5 275
33 6 150
33 7 222
33 8 8
33 9 36
33 10 229
33 11 69
33 12 1
33 13 266
33 14 112
33 15 68
33 16 247
33 17 69
33 18 3
33 19 153
33 20 141
33 21 46
33 22 2
33 23 84
33 24 272
33 25 94
33 26 242
33 27 27
33 28 40
33 29 73
33 30 27
33 31 11
33 32 63
34 0 63
34 1 120
34 2 254
34 3 290
34 4 172
34 5 269
34 6 314
34 7 194
34 8 305
34 9 155
34 10 225
34 11 122
34 12 18
34 13 145
34 14 101
34 15 99
34 16 306
34 17 274
34 18 250
34 19 127
34 20 256
34 21 86
34 22 64
34 23 17
34 24 150
34 25 160
34 26 99
34 27 100
34 28 296
34 29 111
34 30 32
34 31 45
34 32 286
34 33 115
35 0 251
35 1 154
35 2 266
35 3 295
35 4 264
35 5 315
35 6 126
35 7 37
35 8 230
35 9 151
35 10 277
35 11 61
35 12 235
35 13 204
35 14 85
35 15 195
35 16 279
35 17 173
35 18 14
35 19 314
35 20 200
35 21 264
35 22 207
35 23 119
35 24 136
35 25 266
35 26 107
35 27 250
35 28 253
35 29 299
35 30 4
35 31 250
35 32 179
35 33 261
35 34 319
36 0 200
36 1 243
36 2 168
36 3 308
36 4 99
36 5 309
36 6 153
36 7 149
36 8 116
36 9 68
36 10 260
36 11 265
36 12 131
36 13 254
36 14 229
36 15 89
36 16 240
36 17 179
36 18 205
36 19 182
36 20 157
36 21 160
36 22 168
36 23 183
36 24 309
36 25 232
36 26 145
36 27 152
36 28 169
36 29 52
36 30 116
36 31 199
36 32 294
36 33 182
36 34 232
36 35 49
37 0 246
37 1 215
37 2 97
37 3 293
37 4 316
37 5 165
37 6 136
37 7 111
37 8 21
37 9 123
37 10 127
37 11 98
37 12 182
37 13 267
37 14 297
37 15 9
37 16 100
37 17 222
37 18 249
37 19 222
37 20 9
37 21 38
37 22 298
37 23 94
37 24 160
37 25 6
37 26 7
37 27 246
37 28 153
37 29 137
37 30 276
37 31 189
37 32 279
37 33 229
37 34 72
37 35 97
37 36 309
38 0 193
38 1 89
38 2 220
38 3 234
38 4 141
38 5 104
38 6 158
38 7 150
38 8 82
38 9 233
38 10 3
38 11 96
38 12 130
38 13 54
38 14 272
38 15 96
38 16 306
38 17 204
38 18 233
38 19 81
38 20 25
38 21 258
38 22 45
38 23 114
38 24 22
38 25 211
38 26 55
38 27 103
38 28 259
38 29 173
38 30 285
38 31 232
38 32 247
38 33 6
38 34 10
38 35 171
38 36 279
38 37 62
39 0 295
39 1 55
39 2 245
39 3 113
39 4 278
39 5 180
39 6 141
39 7 40
39 8 144
39 9 311
39 10 45
39 11 167
39 12 136
39 13 214
39 14 318
39 15 157
39 16 74
39 17 198
39 18 296
39 19 296
39 20 76
39 21 257
39 22 204
39 23 72
39 24 85
39 25 283
39 26 262
39 27 259
39 28 12
39 29 84
39 30 270
39 31 89
39 32 171
39 33 245
39 34 188
39 35 11
39 36 150
39 37 165
39 38 49
