20
2 0 6
2 1 4
3 1 7
4 1 5
4 2 1
4 3 1
5 3 5
6 1 5
6 2 6
6 3 8
6 4 8
6 5 7
7 0 6
7 1 3
7 3 9
7 4 9
7 5 9
7 6 2
8 0 5
8 1 1
8 2 7
8 4 4
8 5 1
8 6 5
9 0 9
9 1 10
9 2 3
9 3 2
9 4 10
9 6 4
9 7 8
9 8 8
10 0 7
10 1 9
10 2 10
10 3 2
10 4 1
10 5 2
10 6 5
10 7 1
10 8 7
10 9 6
11 0 7
11 4 10
11 5 6
11 6 9
11 7 3
11 8 8
11 9 9
11 10 8
12 0 7
12 1 3
12 2 8
12 4 10
12 5 9
12 6 2
12 7 5
12 8 2
12 9 7
13 0 3
13 1 10
13 3 8
13 4 7
13 5 1
13 6 10
13 7 9
13 8 4
13 9 6
13 11 5
13 12 2
14 0 6
14 1 4
14 2 3
14 5 9
14 6 3
14 7 5
14 9 1
14 10 6
14 12 3
15 3 6
15 4 10
15 6 8
15 7 10
15 8 6
15 9 1
15 11 9
15 12 3
15 13 1
15 14 10
16 0 4
16 1 5
16 2 5
16 3 9
16 6 2
16 7 1
16 9 3
16 10 4
16 11 6
16 12 6
16 13 6
16 15 10
17 1 8
17 2 10
17 3 1
17 4 8
17 5 7
17 6 5
17 7 5
17 8 6
17 10 8
17 11 10
17 12 5
17 14 5
18 1 7
18 2 8
18 3 7
18 7 7
18 9 3
18 10 7
18 11 2
18 13 10
18 14 1
18 15 10
18 16 7
18 17 7
19 0 1
19 1 10
19 2 6
19 4 6
19 5 1
19 6 9
19 7 9
19 10 2
19 12 10
19 13 3
19 16 3
19 17 1
19 18 9
