40
1 0 18
2 0 2
2 1 7
3 0 1
3 1 13
3 2 14
4 0 10
4 1 9
4 2 12
4 3 1
5 0 9
5 1 2
5 2 12
5 3 16
5 4 13
6 0 9
6 1 10
6 2 4
6 3 13
6 4 9
6 5 18
7 0 1
7 1 12
7 2 17
7 3 18
7 4 1
7 5 12
7 6 20
8 0 11
8 1 17
8 2 15
8 3 11
8 4 5
8 5 7
8 6 18
8 7 20
9 0 11
9 1 14
9 2 19
9 3 16
9 4 4
9 5 17
9 6 4
9 7 20
9 8 1
10 0 13
10 1 17
10 2 7
10 3 17
10 4 10
10 5 17
10 6 1
10 7 4
10 8 20
10 9 6
11 0 4
11 1 13
11 2 4
11 3 8
11 4 9
11 5 2
11 6 8
11 7 17
11 8 14
11 9 16
11 10 20
12 0 3
12 1 15
12 2 1
12 3 8
12 4 16
12 5 2
12 6 9
12 7 3
12 8 7
12 9 16
12 10 6
12 11 16
13 0 9
13 1 9
13 2 4
13 3 3
13 4 10
13 5 15
13 6 2
13 7 20
13 8 13
13 9 1
13 10 4
13 11 4
13 12 6
14 0 16
14 1 13
14 2 20
14 3 3
14 4 2
14 5 6
14 6 20
14 7 9
14 8 10
14 9 1
14 10 2
14 11 6
14 12 7
14 13 16
15 0 13
15 1 14
15 2 15
15 3 2
15 4 17
15 5 1
15 6 5
15 7 16
15 8 9
15 9 4
15 10 10
15 11 10
15 12 3
15 13 6
15 14 7
16 0 13
16 1 12
16 2 1
16 3 4
16 4 8
16 5 12
16 6 10
16 7 14
16 8 12
16 9 9
16 10 14
16 11 13
16 12 13
16 13 15
16 14 3
16 15 19
17 0 18
17 1 8
17 2 5
17 3 16
17 4 7
17 5 9
17 6 10
17 7 8
17 8 17
17 9 16
17 10 6
17 11 6
17 12 20
17 13 3
17 14 11
17 15 4
17 16 5
18 0 6
18 1 1
18 2 6
18 3 4
18 4 13
18 5 13
18 6 5
18 7 2
18 8 15
18 9 2
18 10 8
18 11 11
18 12 17
18 13 18
18 14 18
18 15 12
18 16 13
18 17 20
19 0 19
19 1 8
19 2 12
19 3 1
19 4 3
19 5 19
19 6 3
19 7 18
19 8 4
19 9 18
19 10 11
19 11 19
19 12 20
19 13 4
19 14 12
19 15 20
19 16 3
19 17 9
19 18 13
20 0 16
20 1 11
20 2 11
20 3 16
20 4 12
20 5 14
20 6 18
20 7 1
20 8 16
20 9 2
20 10 5
20 11 5
20 12 7
20 13 3
20 14 20
20 15 13
20 16 11
20 17 3
20 18 16
20 19 19
21 0 5
21 1 16
21 2 10
21 3 17
21 4 1
21 5 9
21 6 4
21 7 11
21 8 9
21 9 9
21 10 10
21 11 18
21 12 5
21 13 13
21 14 10
21 15 4
21 16 18
21 17 8
21 18 14
21 19 16
21 20 6
22 0 9
22 1 15
22 2 17
22 3 3
22 4 14
22 5 15
22 6 12
22 7 6
22 8 19
22 9 17
22 10 8
22 11 10
22 12 2
22 13 1
22 14 15
22 15 18
22 16 14
22 17 1
22 18 15
22 19 9
22 20 14
22 21 13
23 0 3
23 1 20
23 2 15
23 3 4
23 4 5
23 5 17
23 6 11
23 7 17
23 8 18
23 9 16
23 10 16
23 11 18
23 12 17
23 13 20
23 14 3
23 15 16
23 16 2
23 17 17
23 18 19
23 19 20
23 20 11
23 21 7
23 22 16
24 0 7
24 1 2
24 2 18
24 3 15
24 4 9
24 5 18
24 6 8
24 7 10
24 8 10
24 9 20
24 10 12
24 11 15
24 12 3
24 13 5
24 14 4
24 15 6
24 16 8
24 17 10
24 18 7
24 19 8
24 20 2
24 21 11
24 22 2
24 23 13
25 0 14
25 1 15
25 2 5
25 3 13
25 4 5
25 5 10
25 6 15
25 7 9
25 8 4
25 9 6
25 10 8
25 11 7
25 12 11
25 13 13
25 14 9
25 15 8
25 16 15
25 17 2
25 18 11
25 19 20
25 20 12
25 21 15
25 22 5
25 23 6
25 24 9
26 0 3
26 1 3
26 2 18
26 3 4
26 4 11
26 5 17
26 6 3
26 7 14
26 8 5
26 9 5
26 10 13
26 11 3
26 12 12
26 13 9
26 14 11
26 15 8
26 16 5
26 17 3
26 18 6
26 19 14
26 20 20
26 21 7
26 22 5
26 23 15
26 24 3
26 25 4
27 0 15
27 1 12
27 2 8
27 3 7
27 4 15
27 5 15
27 6 3
27 7 8
27 8 10
27 9 18
27 10 15
27 11 9
27 12 5
27 13 15
27 14 9
27 15 7
27 16 20
27 17 18
27 18 9
27 19 16
27 20 16
27 21 2
27 22 12
27 23 7
27 24 12
27 25 20
27 26 5
28 0 20
28 1 8
28 2 7
28 3 4
28 4 3
28 5 3
28 6 3
28 7 6
28 8 18
28 9 11
28 10 6
28 11 13
28 12 15
28 13 3
28 14 13
28 15 9
28 16 14
28 17 14
28 18 20
28 19 11
28 20 1
28 21 7
28 22 11
28 23 5
28 24 6
28 25 2
28 26 10
28 27 20
29 0 18
29 1 8
29 2 20
29 3 5
29 4 4
29 5 15
29 6 8
29 7 14
29 8 5
29 9 10
29 10 8
29 11 5
29 12 15
29 13 11
29 14 1
29 15 15
29 16 2
29 17 15
29 18 2
29 19 13
29 20 9
29 21 8
29 22 6
29 23 6
29 24 20
29 25 19
29 26 18
29 27 17
29 28 4
30 0 19
30 1 16
30 2 2
30 3 7
30 4 12
30 5 7
30 6 13
30 7 3
30 8 20
30 9 8
30 10 14
30 11 17
30 12 7
30 13 15
30 14 14
30 15 16
30 16 11
30 17 13
30 18 13
30 19 5
30 20 5
30 21 16
30 22 2
30 23 10
30 24 11
30 25 6
30 26 1
30 27 2
30 28 18
30 29 3
31 0 18
31 1 6
31 2 6
31 3 9
31 4 13
31 5 8
31 6 9
31 7 11
31 8 17
31 9 6
31 10 12
31 11 4
31 12 20
31 13 16
31 14 12
31 15 20
31 16 20
31 17 17
31 18 11
31 19 19
31 20 17
31 21 11
31 22 13
31 23 20
31 24 8
31 25 2
31 26 16
31 27 11
31 28 3
31 29 15
31 30 5
32 0 9
32 1 19
32 2 13
32 3 20
32 4 1
32 5 20
32 6 12
32 7 2
32 8 10
32 9 6
32 10 16
32 11 5
32 12 15
32 13 7
32 14 17
32 15 18
32 16 13
32 17 11
32 18 4
32 19 18
32 20 13
32 21 7
32 22 8
32 23 12
32 24 3
32 25 7
32 26 10
32 27 11
32 28 12
32 29 15
32 30 15
32 31 7
33 0 13
33 1 17
33 2 18
33 3 14
33 4 20
33 5 17
33 6 20
33 7 16
33 8 2
33 9 13
33 10 8
33 11 14
33 12 11
33 13 10
33 14 11
33 15 8
33 16 15
33 17 1
33 18 5
33 19 11
33 20 2
33 21 15
33 22 3
33 23 19
33 24 12
33 25 1
33 26 20
33 27 16
33 28 10
33 29 5
33 30 20
33 31 14
33 32 18
34 0 12
34 1 5
34 2 6
34 3 20
34 4 13
34 5 18
34 6 12
34 7 20
34 8 17
34 9 17
34 10 4
34 11 10
34 12 10
34 13 14
34 14 7
34 15 10
34 16 9
34 17 4
34 18 18
34 19 20
34 20 8
34 21 13
34 22 10
34 23 6
34 24 17
34 25 3
34 26 14
34 27 6
34 28 7
34 29 18
34 30 8
34 31 7
34 32 14
34 33 3
35 0 15
35 1 17
35 2 13
35 3 6
35 4 20
35 5 8
35 6 7
35 7 15
35 8 8
35 9 9
35 10 14
35 11 2
35 12 18
35 13 18
35 14 6
35 15 13
35 16 8
35 17 14
35 18 9
35 19 16
35 20 14
35 21 7
35 22 15
35 23 12
35 24 7
35 25 1
35 26 4
35 27 6
35 28 20
35 29 15
35 30 5
35 31 11
35 32 11
35 33 4
35 34 3
36 0 15
36 1 18
36 2 7
36 3 4
36 4 2
36 5 15
36 6 17
36 7 20
36 8 4
36 9 9
36 10 8
36 11 16
36 12 6
36 13 6
36 14 5
36 15 7
36 16 8
36 17 2
36 18 17
36 19 10
36 20 19
36 21 3
36 22 2
36 23 10
36 24 18
36 25 1
36 26 5
36 27 2
36 28 1
36 29 12
36 30 17
36 31 11
36 32 19
36 33 15
36 34 13
36 35 7
37 0 1
37 1 9
37 2 9
37 3 2
37 4 14
37 5 16
37 6 13
37 7 19
37 8 13
37 9 20
37 10 18
37 11 12
37 12 14
37 13 6
37 14 7
37 15 13
37 16 20
37 17 20
37 18 1
37 19 16
37 20 2
37 21 18
37 22 16
37 23 20
37 24 5
37 25 13
37 26 15
37 27 13
37 28 5
37 29 14
37 30 13
37 31 11
37 32 8
37 33 14
37 34 19
37 35 8
37 36 6
38 0 4
38 1 20
38 2 17
38 3 12
38 4 6
38 5 14
38 6 4
38 7 1
38 8 7
38 9 12
38 10 17
38 11 15
38 12 6
38 13 2
38 14 10
38 15 12
38 16 20
38 17 20
38 18 16
38 19 9
38 20 3
38 21 12
38 22 11
38 23 14
38 24 15
38 25 8
38 26 15
38 27 8
38 28 18
38 29 14
38 30 7
38 31 7
38 32 13
38 33 4
38 34 13
38 35 2
38 36 6
38 37 4
39 0 11
39 1 10
39 2 12
39 3 3
39 4 17
39 5 18
39 6 3
39 7 1
39 8 3
39 9 19
39 10 1
39 11 17
39 12 12
39 13 9
39 14 16
39 15 6
39 16 3
39 17 4
39 18 20
39 19 18
39 20 4
39 21 8
39 22 15
39 23 5
39 24 12
39 25 8
39 26 16
39 27 2
39 28 16
39 29 17
39 30 16
39 31 5
39 32 18
39 33 14
39 34 3
39 35 3
39 36 17
39 37 11
39 38 11
