40
9 3 6
9 6 20
10 3 3
13 10 4
14 5 16
14 8 10
14 10 4
15 1 10
15 11 6
16 0 17
16 4 2
16 15 20
17 1 9
18 9 14
18 10 1
20 9 16
20 12 7
21 5 4
21 8 15
21 15 4
22 4 10
22 9 4
23 1 17
23 14 1
24 9 2
24 12 8
24 19 20
25 2 17
25 5 20
25 6 7
26 25 5
27 11 15
28 1 20
28 4 2
28 24 1
29 5 18
29 13 4
29 16 17
29 19 1
29 26 13
29 28 18
30 4 4
30 22 13
31 7 9
31 29 14
31 30 19
33 0 14
33 4 20
33 8 20
33 13 8
33 19 13
33 23 4
33 25 16
33 28 13
34 1 20
35 9 16
35 14 11
35 22 6
36 5 19
36 11 3
36 16 4
36 20 16
36 22 20
37 16 16
37 34 12
38 15 2
38 21 7
38 25 12
38 26 11
38 37 7
39 12 7
39 16 4
39 28 10
