50
2 1 6
6 1 9
6 4 1
7 2 2
8 3 1
10 3 4
10 7 4
13 0 9
13 12 7
14 6 8
14 13 7
15 0 9
15 2 9
15 8 6
15 13 8
16 2 9
16 7 2
17 16 10
18 2 10
19 1 2
20 4 5
20 7 9
20 17 1
21 2 6
21 3 5
21 4 1
22 2 6
22 13 1
23 19 10
23 21 7
24 0 2
24 3 7
24 12 4
24 19 9
24 21 6
24 23 8
25 3 10
26 10 5
26 15 8
26 23 4
27 11 3
27 16 6
27 22 4
28 2 8
28 10 2
29 4 3
29 7 9
29 15 8
30 4 4
30 15 4
30 17 4
30 20 8
30 29 4
31 0 5
31 15 1
32 0 1
32 1 3
32 14 5
32 18 7
32 21 10
33 11 3
33 13 2
33 31 2
34 16 3
34 23 2
34 24 9
34 27 9
34 29 5
34 30 7
35 0 5
35 2 2
35 29 7
36 3 1
36 10 2
36 12 8
36 17 9
36 23 1
36 28 3
37 7 6
37 9 4
37 18 1
37 22 3
37 24 5
38 0 1
38 10 10
38 14 3
38 35 5
39 14 6
39 16 10
39 34 7
39 37 4
40 1 2
40 7 1
40 19 7
40 26 1
40 37 4
41 0 9
41 14 7
41 15 7
41 26 5
41 37 8
42 5 9
42 20 7
42 27 9
43 4 5
43 8 8
43 16 5
43 28 4
43 31 7
43 32 10
43 34 8
44 1 6
44 15 10
45 4 7
45 21 9
46 4 2
46 30 4
46 34 8
46 35 6
46 44 1
47 2 4
47 13 10
47 18 8
47 23 8
47 29 2
47 33 2
47 40 9
47 43 10
48 14 5
48 26 3
48 33 8
48 34 8
48 43 3
49 1 9
49 17 8
49 19 10
49 45 6
