50
1 0 14
2 0 10
2 1 8
3 0 6
3 1 12
3 2 13
4 0 9
4 1 17
4 2 15
4 3 12
5 0 1
5 1 5
5 2 20
5 3 18
5 4 18
6 0 18
6 1 20
6 2 16
6 3 13
6 4 13
6 5 20
7 0 2
7 1 15
7 2 5
7 3 17
7 4 15
7 5 10
7 6 15
8 0 8
8 1 19
8 2 2
8 3 13
8 4 2
8 5 10
8 6 20
8 7 5
9 0 17
9 1 17
9 2 6
9 3 14
9 4 16
9 5 16
9 6 8
9 7 13
9 8 13
10 0 4
10 1 5
10 2 1
10 3 11
10 4 15
10 5 19
10 6 14
10 7 1
10 8 4
10 9 7
11 0 20
11 1 11
11 2 13
11 3 12
11 4 1
11 5 10
11 6 4
11 7 7
11 8 3
11 9 14
11 10 6
12 0 12
12 1 9
12 2 7
12 3 11
12 4 1
12 5 6
12 6 10
12 7 2
12 8 3
12 9 16
12 10 10
12 11 19
13 0 20
13 1 3
13 2 3
13 3 2
13 4 3
13 5 8
13 6 12
13 7 7
13 8 16
13 9 15
13 10 3
13 11 15
13 12 3
14 0 18
14 1 1
14 2 8
14 3 3
14 4 9
14 5 15
14 6 4
14 7 3
14 8 2
14 9 11
14 10 5
14 11 5
14 12 9
14 13 1
15 0 13
15 1 18
15 2 17
15 3 13
15 4 2
15 5 4
15 6 3
15 7 10
15 8 9
15 9 10
15 10 11
15 11 13
15 12 5
15 13 4
15 14 2
16 0 1
16 1 15
16 2 5
16 3 17
16 4 11
16 5 7
16 6 14
16 7 11
16 8 6
16 9 4
16 10 6
16 11 3
16 12 7
16 13 12
16 14 2
16 15 14
17 0 17
17 1 3
17 2 8
17 3 13
17 4 9
17 5 5
17 6 11
17 7 7
17 8 1
17 9 15
17 10 2
17 11 19
17 12 8
17 13 10
17 14 10
17 15 14
17 16 12
18 0 19
18 1 10
18 2 20
18 3 12
18 4 6
18 5 1
18 6 8
18 7 20
18 8 20
18 9 11
18 10 3
18 11 12
18 12 5
18 13 20
18 14 4
18 15 20
18 16 19
18 17 1
19 0 2
19 1 1
19 2 5
19 3 5
19 4 10
19 5 5
19 6 14
19 7 1
19 8 14
19 9 12
19 10 13
19 11 3
19 12 9
19 13 10
19 14 3
19 15 2
19 16 13
19 17 4
19 18 18
20 0 16
20 1 14
20 2 19
20 3 14
20 4 16
20 5 5
20 6 5
20 7 13
20 8 19
20 9 13
20 10 14
20 11 17
20 12 2
20 13 14
20 14 13
20 15 9
20 16 17
20 17 10
20 18 20
20 19 8
21 0 2
21 1 13
21 2 19
21 3 2
21 4 5
21 5 2
21 6 6
21 7 13
21 8 11
21 9 7
21 10 3
21 11 1
21 12 7
21 13 17
21 14 13
21 15 17
21 16 15
21 17 20
21 18 5
21 19 20
21 20 15
22 0 3
22 1 14
22 2 1
22 3 6
22 4 15
22 5 1
22 6 8
22 7 4
22 8 11
22 9 19
22 10 7
22 11 19
22 12 14
22 13 14
22 14 18
22 15 19
22 16 5
22 17 14
22 18 1
22 19 16
22 20 15
22 21 13
23 0 19
23 1 7
23 2 19
23 3 18
23 4 6
23 5 5
23 6 6
23 7 7
23 8 7
23 9 13
23 10 3
23 11 11
23 12 2
23 13 20
23 14 2
23 15 1
23 16 18
23 17 9
23 18 15
23 19 4
23 20 6
23 21 15
23 22 12
24 0 15
24 1 17
24 2 3
24 3 9
24 4 1
24 5 5
24 6 18
24 7 11
24 8 7
24 9 17
24 10 2
24 11 9
24 12 15
24 13 4
24 14 13
24 15 6
24 16 20
24 17 3
24 18 12
24 19 8
24 20 4
24 21 13
24 22 18
24 23 19
25 0 15
25 1 12
25 2 11
25 3 6
25 4 6
25 5 3
25 6 5
25 7 13
25 8 7
25 9 5
25 10 11
25 11 17
25 12 14
25 13 4
25 14 4
25 15 9
25 16 3
25 17 1
25 18 1
25 19 7
25 20 7
25 21 17
25 22 9
25 23 7
25 24 10
26 0 9
26 1 15
26 2 13
26 3 5
26 4 11
26 5 4
26 6 2
26 7 20
26 8 8
26 9 18
26 10 4
26 11 1
26 12 20
26 13 11
26 14 17
26 15 4
26 16 17
26 17 6
26 18 3
26 19 9
26 20 3
26 21 16
26 22 17
26 23 6
26 24 16
26 25 18
27 0 20
27 1 16
27 2 8
27 3 7
27 4 16
27 5 11
27 6 15
27 7 16
27 8 17
27 9 11
27 10 14
27 11 2
27 12 9
27 13 18
27 14 18
27 15 9
27 16 5
27 17 12
27 18 16
27 19 5
27 20 15
27 21 3
27 22 15
27 23 5
27 24 13
27 25 17
27 26 20
28 0 3
28 1 20
28 2 1
28 3 2
28 4 9
28 5 19
28 6 5
28 7 4
28 8 20
28 9 1
28 10 8
28 11 15
28 12 9
28 13 18
28 14 5
28 15 16
28 16 5
28 17 5
28 18 2
28 19 11
28 20 5
28 21 18
28 22 2
28 23 10
28 24 2
28 25 5
28 26 11
28 27 7
29 0 10
29 1 1
29 2 16
29 3 17
29 4 2
29 5 15
29 6 16
29 7 16
29 8 14
29 9 16
29 10 11
29 11 6
29 12 4
29 13 7
29 14 13
29 15 8
29 16 14
29 17 9
29 18 14
29 19 10
29 20 19
29 21 15
29 22 5
29 23 10
29 24 15
29 25 7
29 26 16
29 27 17
29 28 1
30 0 13
30 1 7
30 2 3
30 3 12
30 4 6
30 5 14
30 6 6
30 7 14
30 8 12
30 9 14
30 10 7
30 11 4
30 12 6
30 13 9
30 14 11
30 15 6
30 16 14
30 17 5
30 18 17
30 19 8
30 20 1
30 21 8
30 22 2
30 23 18
30 24 6
30 25 5
30 26 9
30 27 9
30 28 2
30 29 17
31 0 6
31 1 19
31 2 9
31 3 20
31 4 16
31 5 6
31 6 14
31 7 1
31 8 18
31 9 6
31 10 9
31 11 20
31 12 14
31 13 16
31 14 3
31 15 3
31 16 9
31 17 15
31 18 16
31 19 5
31 20 5
31 21 12
31 22 18
31 23 13
31 24 12
31 25 6
31 26 2
31 27 1
31 28 14
31 29 20
31 30 3
32 0 7
32 1 17
32 2 20
32 3 7
32 4 9
32 5 18
32 6 12
32 7 12
32 8 18
32 9 11
32 10 2
32 11 10
32 12 9
32 13 8
32 14 15
32 15 17
32 16 13
32 17 2
32 18 9
32 19 1
32 20 20
32 21 11
32 22 19
32 23 14
32 24 20
32 25 10
32 26 9
32 27 4
32 28 12
32 29 17
32 30 16
32 31 17
33 0 20
33 1 4
33 2 16
33 3 20
33 4 15
33 5 19
33 6 6
33 7 8
33 8 1
33 9 17
33 10 11
33 11 7
33 12 14
33 13 4
33 14 3
33 15 16
33 16 3
33 17 3
33 18 20
33 19 5
33 20 12
33 21 16
33 22 20
33 23 17
33 24 8
33 25 18
33 26 1
33 27 8
33 28 12
33 29 18
33 30 8
33 31 15
33 32 8
34 0 5
34 1 2
34 2 1
34 3 8
34 4 5
34 5 8
34 6 8
34 7 11
34 8 14
34 9 13
34 10 15
34 11 14
34 12 5
34 13 11
34 14 18
34 15 8
34 16 9
34 17 6
34 18 12
34 19 5
34 20 11
34 21 18
34 22 17
34 23 17
34 24 1
34 25 12
34 26 2
34 27 13
34 28 1
34 29 16
34 30 9
34 31 8
34 32 10
34 33 2
35 0 3
35 1 16
35 2 15
35 3 13
35 4 18
35 5 3
35 6 8
35 7 11
35 8 10
35 9 4
35 10 17
35 11 20
35 12 15
35 13 6
35 14 6
35 15 18
35 16 14
35 17 17
35 18 3
35 19 8
35 20 17
35 21 16
35 22 11
35 23 17
35 24 5
35 25 16
35 26 14
35 27 19
35 28 14
35 29 13
35 30 10
35 31 16
35 32 10
35 33 11
35 34 3
36 0 12
36 1 16
36 2 15
36 3 7
36 4 15
36 5 9
36 6 20
36 7 6
36 8 19
36 9 8
36 10 2
36 11 2
36 12 9
36 13 6
36 14 4
36 15 9
36 16 13
36 17 18
36 18 6
36 19 6
36 20 5
36 21 6
36 22 1
36 23 3
36 24 1
36 25 1
36 26 17
36 27 20
36 28 10
36 29 3
36 30 1
36 31 10
36 32 9
36 33 15
36 34 12
36 35 3
37 0 14
37 1 6
37 2 8
37 3 20
37 4 2
37 5 5
37 6 17
37 7 10
37 8 20
37 9 6
37 10 11
37 11 16
37 12 7
37 13 6
37 14 15
37 15 2
37 16 5
37 17 20
37 18 10
37 19 14
37 20 4
37 21 1
37 22 7
37 23 16
37 24 3
37 25 13
37 26 14
37 27 7
37 28 2
37 29 19
37 30 19
37 31 10
37 32 1
37 33 13
37 34 15
37 35 4
37 36 6
38 0 1
38 1 19
38 2 20
38 3 8
38 4 14
38 5 17
38 6 20
38 7 5
38 8 10
38 9 2
38 10 17
38 11 17
38 12 9
38 13 19
38 14 12
38 15 9
38 16 18
38 17 8
38 18 15
38 19 13
38 20 20
38 21 8
38 22 11
38 23 14
38 24 1
38 25 6
38 26 19
38 27 1
38 28 14
38 29 13
38 30 19
38 31 12
38 32 15
38 33 6
38 34 2
38 35 16
38 36 7
38 37 6
39 0 18
39 1 10
39 2 13
39 3 4
39 4 6
39 5 15
39 6 15
39 7 4
39 8 14
39 9 10
39 10 9
39 11 10
39 12 10
39 13 10
39 14 14
39 15 20
39 16 5
39 17 1
39 18 4
39 19 17
39 20 18
39 21 3
39 22 7
39 23 10
39 24 20
39 25 18
39 26 8
39 27 20
39 28 2
39 29 3
39 30 20
39 31 13
39 32 16
39 33 3
39 34 18
39 35 8
39 36 20
39 37 3
39 38 5
40 0 11
40 1 13
40 2 19
40 3 4
40 4 1
40 5 8
40 6 1
40 7 10
40 8 12
40 9 13
40 10 20
40 11 14
40 12 17
40 13 10
40 14 4
40 15 20
40 16 17
40 17 16
40 18 3
40 19 2
40 20 11
40 21 20
40 22 5
40 23 3
40 24 16
40 25 18
40 26 11
40 27 1
40 28 18
40 29 5
40 30 14
40 31 3
40 32 4
40 33 12
40 34 16
40 35 1
40 36 11
40 37 13
40 38 19
40 39 7
41 0 1
41 1 1
41 2 18
41 3 1
41 4 4
41 5 13
41 6 19
41 7 10
41 8 16
41 9 5
41 10 18
41 11 16
41 12 6
41 13 11
41 14 12
41 15 19
41 16 19
41 17 11
41 18 12
41 19 12
41 20 20
41 21 17
41 22 5
41 23 14
41 24 11
41 25 3
41 26 17
41 27 6
41 28 1
41 29 19
41 30 8
41 31 7
41 32 7
41 33 14
41 34 20
41 35 20
41 36 12
41 37 14
41 38 9
41 39 1
41 40 9
42 0 12
42 1 15
42 2 6
42 3 17
42 4 18
42 5 10
42 6 2
42 7 2
42 8 17
42 9 6
42 10 13
42 11 14
42 12 6
42 13 5
42 14 15
42 15 14
42 16 7
42 17 18
42 18 10
42 19 13
42 20 9
42 21 18
42 22 12
42 23 18
42 24 14
42 25 12
42 26 3
42 27 3
42 28 11
42 29 9
42 30 1
42 31 6
42 32 13
42 33 10
42 34 5
42 35 10
42 36 15
42 37 10
42 38 17
42 39 11
42 40 17
42 41 3
43 0 12
43 1 20
43 2 7
43 3 16
43 4 20
43 5 16
43 6 10
43 7 10
43 8 8
43 9 13
43 10 16
43 11 6
43 12 1
43 13 4
43 14 18
43 15 19
43 16 2
43 17 13
43 18 9
43 19 14
43 20 2
43 21 10
43 22 4
43 23 18
43 24 15
43 25 15
43 26 2
43 27 18
43 28 15
43 29 4
43 30 5
43 31 11
43 32 9
43 33 7
43 34 3
43 35 10
43 36 13
43 37 11
43 38 2
43 39 3
43 40 19
43 41 8
43 42 17
44 0 8
44 1 13
44 2 19
44 3 17
44 4 5
44 5 5
44 6 1
44 7 18
44 8 13
44 9 18
44 10 11
44 11 8
44 12 16
44 13 12
44 14 7
44 15 4
44 16 3
44 17 13
44 18 1
44 19 8
44 20 3
44 21 5
44 22 2
44 23 3
44 24 12
44 25 11
44 26 9
44 27 14
44 28 12
44 29 18
44 30 5
44 31 16
44 32 6
44 33 19
44 34 14
44 35 13
44 36 3
44 37 15
44 38 17
44 39 13
44 40 10
44 41 19
44 42 10
44 43 7
45 0 12
45 1 19
45 2 3
45 3 11
45 4 3
45 5 12
45 6 9
45 7 3
45 8 6
45 9 8
45 10 14
45 11 17
45 12 9
45 13 16
45 14 9
45 15 20
45 16 12
45 17 2
45 18 4
45 19 16
45 20 18
45 21 4
45 22 1
45 23 17
45 24 5
45 25 6
45 26 8
45 27 11
45 28 16
45 29 16
45 30 6
45 31 1
45 32 16
45 33 9
45 34 5
45 35 12
45 36 15
45 37 16
45 38 13
45 39 15
45 40 8
45 41 6
45 42 8
45 43 17
45 44 19
46 0 19
46 1 1
46 2 10
46 3 18
46 4 1
46 5 5
46 6 5
46 7 2
46 8 4
46 9 4
46 10 11
46 11 9
46 12 6
46 13 12
46 14 7
46 15 19
46 16 14
46 17 10
46 18 11
46 19 4
46 20 18
46 21 9
46 22 19
46 23 2
46 24 7
46 25 4
46 26 19
46 27 8
46 28 6
46 29 9
46 30 13
46 31 19
46 32 15
46 33 18
46 34 10
46 35 1
46 36 3
46 37 18
46 38 4
46 39 8
46 40 3
46 41 8
46 42 19
46 43 8
46 44 8
46 45 20
47 0 17
47 1 6
47 2 11
47 3 5
47 4 10
47 5 10
47 6 5
47 7 12
47 8 18
47 9 3
47 10 7
47 11 4
47 12 11
47 13 5
47 14 16
47 15 11
47 16 14
47 17 11
47 18 20
47 19 4
47 20 2
47 21 9
47 22 6
47 23 6
47 24 17
47 25 6
47 26 15
47 27 2
47 28 11
47 29 16
47 30 14
47 31 5
47 32 12
47 33 18
47 34 20
47 35 2
47 36 7
47 37 11
47 38 12
47 39 3
47 40 13
47 41 19
47 42 15
47 43 20
47 44 13
47 45 20
47 46 18
48 0 5
48 1 3
48 2 14
48 3 15
48 4 3
48 5 19
48 6 19
48 7 18
48 8 20
48 9 17
48 10 9
48 11 18
48 12 13
48 13 19
48 14 17
48 15 13
48 16 15
48 17 16
48 18 12
48 19 20
48 20 2
48 21 1
48 22 17
48 23 1
48 24 10
48 25 2
48 26 2
48 27 1
48 28 6
48 29 7
48 30 13
48 31 7
48 32 11
48 33 17
48 34 8
48 35 15
48 36 2
48 37 8
48 38 7
48 39 18
48 40 1
48 41 15
48 42 10
48 43 11
48 44 11
48 45 15
48 46 15
48 47 15
49 0 15
49 1 9
49 2 15
49 3 20
49 4 9
49 5 1
49 6 18
49 7 11
49 8 6
49 9 14
49 10 3
49 11 11
49 12 14
49 13 15
49 14 4
49 15 14
49 16 18
49 17 5
49 18 7
49 19 17
49 20 5
49 21 20
49 22 10
49 23 11
49 24 12
49 25 9
49 26 1
49 27 19
49 28 18
49 29 9
49 30 19
49 31 11
49 32 19
49 33 18
49 34 7
49 35 15
49 36 14
49 37 5
49 38 13
49 39 16
49 40 20
49 41 9
49 42 19
49 43 2
49 44 3
49 45 16
49 46 4
49 47 18
49 48 19
