30
2 1 5
4 0 8
4 2 2
5 0 5
6 5 1
7 1 2
7 3 4
8 1 7
8 4 1
9 1 4
10 4 4
10 6 4
11 1 5
11 4 1
11 9 4
11 10 7
13 0 4
13 1 4
13 10 10
14 5 4
14 9 8
14 13 7
15 5 4
15 7 1
15 10 3
15 12 2
16 9 5
17 1 8
17 2 5
17 4 1
17 6 4
17 12 2
17 16 10
18 6 6
19 3 6
19 10 10
19 18 9
20 4 5
20 16 7
21 1 8
21 3 7
21 4 6
21 7 1
21 8 3
21 9 10
21 16 5
22 2 10
22 5 6
22 14 9
22 21 2
23 1 5
23 19 2
23 20 10
24 1 3
24 2 8
24 11 1
24 16 3
24 23 4
25 0 7
25 4 1
25 6 4
25 7 4
25 12 8
25 15 10
25 20 5
26 17 5
26 22 10
27 6 3
27 7 8
27 11 3
27 14 4
27 19 2
27 21 10
28 0 3
28 4 1
28 6 6
28 7 6
28 8 10
28 16 9
28 22 9
28 23 1
28 25 6
29 4 1
29 5 5
29 8 8
29 10 7
29 13 8
29 14 5
29 20 1
29 21 5
29 22 6
29 27 8
