40
1 0 7
2 0 1
3 0 8
3 1 3
4 0 9
4 2 9
5 0 7
5 1 4
5 3 7
5 4 5
6 0 1
6 4 3
6 5 2
7 1 7
7 2 9
7 3 9
7 4 8
7 5 6
7 6 8
8 0 8
8 2 5
8 3 8
8 4 5
8 5 2
8 6 1
9 0 3
9 1 7
9 2 10
9 3 8
9 4 10
9 5 1
9 6 2
9 7 1
10 3 6
10 5 5
10 7 1
10 8 6
10 9 6
11 0 1
11 1 2
11 2 10
11 3 8
11 5 6
11 8 4
11 9 8
12 0 4
12 1 1
12 2 9
12 4 1
12 5 10
12 7 5
12 8 10
12 9 4
12 10 7
12 11 8
13 1 8
13 4 10
13 5 7
13 10 9
13 11 7
13 12 8
14 1 1
14 2 7
14 3 4
14 4 6
14 6 9
14 8 2
14 9 10
15 1 3
15 3 3
15 4 5
15 5 4
15 6 5
15 7 7
15 8 10
15 10 1
15 11 10
15 13 8
16 0 6
16 1 6
16 2 9
16 3 10
16 10 6
16 12 5
16 13 3
16 14 6
16 15 6
17 2 1
17 3 4
17 4 5
17 6 9
17 10 4
17 13 5
17 14 1
17 15 10
17 16 1
18 0 3
18 4 9
18 5 9
18 6 3
18 7 7
18 8 4
18 10 6
18 11 5
18 12 2
18 16 1
19 1 5
19 3 3
19 4 4
19 8 5
19 10 9
19 11 5
19 12 9
19 15 3
19 18 2
20 0 9
20 1 10
20 3 4
20 4 1
20 6 7
20 8 6
20 9 5
20 12 9
20 14 2
20 16 7
20 18 7
20 19 7
21 0 6
21 1 10
21 2 4
21 3 4
21 4 5
21 5 10
21 7 7
21 8 9
21 11 6
21 15 9
21 16 6
21 18 4
21 19 8
21 20 1
22 0 7
22 1 6
22 3 3
22 4 2
22 6 3
22 7 8
22 10 4
22 13 2
22 15 1
22 16 6
22 17 4
23 0 10
23 1 2
23 2 10
23 6 8
23 7 7
23 9 3
23 10 7
23 11 6
23 14 10
23 15 2
23 17 3
23 18 8
23 19 8
23 20 4
23 21 9
24 0 5
24 1 3
24 4 4
24 5 6
24 6 2
24 7 8
24 8 1
24 10 4
24 11 8
24 13 10
24 15 10
24 17 5
24 18 5
24 23 10
25 0 4
25 2 1
25 4 10
25 6 4
25 7 6
25 8 10
25 10 5
25 11 3
25 13 8
25 14 5
25 15 5
25 17 2
25 19 8
25 21 2
26 0 3
26 1 7
26 2 8
26 3 1
26 4 3
26 8 7
26 10 7
26 12 1
26 14 2
26 15 1
26 17 6
26 19 4
26 20 2
26 21 9
26 22 9
26 24 8
26 25 3
27 1 2
27 2 10
27 3 6
27 4 2
27 6 10
27 7 8
27 11 1
27 13 8
27 14 2
27 15 9
27 16 6
27 17 7
27 18 4
27 20 5
27 21 8
27 23 5
27 24 6
27 26 7
28 1 6
28 4 3
28 7 3
28 8 10
28 14 1
28 15 9
28 16 6
28 17 6
28 18 1
28 19 1
28 22 9
28 24 5
28 26 10
28 27 6
29 1 6
29 4 3
29 6 4
29 9 6
29 10 4
29 13 4
29 18 8
29 20 9
29 21 1
29 22 4
29 25 3
29 27 2
29 28 9
30 1 8
30 3 2
30 5 5
30 6 8
30 7 10
30 8 3
30 10 6
30 11 5
30 14 1
30 16 7
30 18 5
30 19 3
30 20 1
30 22 8
30 24 8
30 25 4
30 27 7
30 28 7
30 29 4
31 0 2
31 1 9
31 2 2
31 8 4
31 9 2
31 10 3
31 11 10
31 12 8
31 13 5
31 15 2
31 17 5
31 20 6
31 21 1
31 22 9
31 23 7
31 26 10
31 27 2
31 29 7
32 0 7
32 5 1
32 8 8
32 9 10
32 11 3
32 14 1
32 15 5
32 16 5
32 17 10
32 18 8
32 19 8
32 20 1
32 23 5
32 24 7
32 26 10
32 27 3
32 31 1
33 0 3
33 1 1
33 2 8
33 6 8
33 7 2
33 10 2
33 11 1
33 15 2
33 21 6
33 22 1
33 24 10
33 25 6
33 26 7
33 27 10
33 30 8
33 31 2
33 32 2
34 0 10
34 1 9
34 3 5
34 4 3
34 6 5
34 7 1
34 10 9
34 11 5
34 13 6
34 14 9
34 17 1
34 18 5
34 20 3
34 23 8
34 26 1
34 27 10
34 28 4
34 31 8
34 32 6
34 33 8
35 1 5
35 2 4
35 3 10
35 4 5
35 5 6
35 6 7
35 10 3
35 13 5
35 14 2
35 15 9
35 18 5
35 19 8
35 21 10
35 23 9
35 25 4
35 26 9
35 27 5
35 28 6
35 29 9
35 30 10
35 31 8
35 32 9
35 33 5
35 34 1
36 1 4
36 2 2
36 3 7
36 4 9
36 5 3
36 6 2
36 8 3
36 9 6
36 11 8
36 12 4
36 13 2
36 14 9
36 16 3
36 17 8
36 18 4
36 19 10
36 22 5
36 23 6
36 24 1
36 25 7
36 27 2
36 28 8
36 29 2
36 30 4
36 32 10
36 33 3
36 35 6
37 0 2
37 1 8
37 5 5
37 9 4
37 13 3
37 17 6
37 19 6
37 22 2
37 23 10
37 26 7
37 27 7
37 28 2
37 31 1
37 32 3
37 33 3
38 0 4
38 1 5
38 2 2
38 3 3
38 5 2
38 6 5
38 7 4
38 8 6
38 10 5
38 11 10
38 16 8
38 17 2
38 20 7
38 22 6
38 24 2
38 26 2
38 30 6
38 31 3
38 35 9
38 36 8
38 37 8
39 0 4
39 1 4
39 2 7
39 4 10
39 5 8
39 10 7
39 11 1
39 14 9
39 15 8
39 16 9
39 17 6
39 19 8
39 23 5
39 24 8
39 25 2
39 26 10
39 27 9
39 31 3
39 32 1
39 33 8
39 34 8
39 35 2
39 36 3
39 38 5
