30
2 0 22
2 1 69
3 1 76
3 2 58
4 0 47
4 2 71
4 3 13
5 0 49
5 2 50
5 4 68
6 0 74
6 1 54
6 2 23
6 4 29
6 5 68
7 0 46
7 1 27
7 2 64
7 3 60
7 4 9
7 5 76
7 6 12
8 0 52
8 1 1
8 2 40
8 3 15
8 4 42
8 5 43
8 6 73
8 7 41
9 0 49
9 1 59
9 2 76
9 5 51
9 6 48
9 7 78
9 8 2
10 0 23
10 2 75
10 3 52
10 4 79
10 5 60
10 6 12
10 8 22
10 9 67
11 0 40
11 1 65
11 4 80
11 6 75
11 9 67
12 0 16
12 2 62
12 3 67
12 4 22
12 6 16
12 7 36
12 9 39
12 10 2
12 11 46
13 0 75
13 1 47
13 2 73
13 3 50
13 5 37
13 6 43
13 7 31
13 9 46
13 10 30
13 11 42
13 12 10
14 1 25
14 3 10
14 5 68
14 6 57
14 7 54
14 9 50
14 10 17
14 11 59
14 12 53
14 13 49
15 1 2
15 3 49
15 5 79
15 6 38
15 7 21
15 8 14
15 9 44
15 10 48
15 13 16
15 14 55
16 0 39
16 1 62
16 4 72
16 5 39
16 6 58
16 7 42
16 8 55
16 9 39
16 13 51
16 14 42
16 15 79
17 0 6
17 1 63
17 2 71
17 3 77
17 4 16
17 5 79
17 6 62
17 7 62
17 8 27
17 9 27
17 10 23
17 12 51
17 13 20
17 14 44
17 15 23
17 16 25
18 0 43
18 2 16
18 3 55
18 4 43
18 5 67
18 6 47
18 7 74
18 9 23
18 10 7
18 11 54
18 12 4
18 13 52
18 14 52
18 15 10
18 17 15
19 0 47
19 1 56
19 2 76
19 4 31
19 5 37
19 6 35
19 7 25
19 8 4
19 9 75
19 11 2
19 12 45
19 13 32
19 14 78
19 15 9
19 16 44
19 17 29
19 18 73
20 0 58
20 1 70
20 2 43
20 3 63
20 5 77
20 6 22
20 7 32
20 8 22
20 9 50
20 11 28
20 13 43
20 14 6
20 16 70
20 17 75
20 18 46
20 19 77
21 0 34
21 1 23
21 2 74
21 3 23
21 4 20
21 5 33
21 6 57
21 7 79
21 8 48
21 9 38
21 10 37
21 11 76
21 13 36
21 14 30
21 15 23
21 16 41
21 17 69
21 18 27
21 19 13
21 20 16
22 2 49
22 3 77
22 4 43
22 5 3
22 6 55
22 8 24
22 9 34
22 10 77
22 11 79
22 13 23
22 14 28
22 15 24
22 17 71
22 18 65
22 19 64
22 21 5
23 0 61
23 1 51
23 2 79
23 3 40
23 4 26
23 5 5
23 7 29
23 9 65
23 10 51
23 11 73
23 12 78
23 13 54
23 14 31
23 15 71
23 16 61
23 17 54
23 19 21
23 20 17
23 21 30
23 22 2
24 0 70
24 1 56
24 2 14
24 3 50
24 6 75
24 7 72
24 8 32
24 9 60
24 11 27
24 12 60
24 13 62
24 14 30
24 15 72
24 16 7
24 17 64
24 19 3
24 21 49
24 22 66
24 23 47
25 0 11
25 1 8
25 2 39
25 3 6
25 4 40
25 5 18
25 6 53
25 7 18
25 9 72
25 10 55
25 11 14
25 12 62
25 13 75
25 16 16
25 18 23
25 19 44
25 22 39
26 0 34
26 1 23
26 2 25
26 3 46
26 4 42
26 5 4
26 6 79
26 7 52
26 8 65
26 9 15
26 10 20
26 11 7
26 12 50
26 13 9
26 14 66
26 15 59
26 16 28
26 19 13
26 20 23
26 22 59
26 23 35
26 24 80
26 25 61
27 0 8
27 2 79
27 3 32
27 4 18
27 5 27
27 6 9
27 7 48
27 9 73
27 10 1
27 11 68
27 12 29
27 14 46
27 15 25
27 16 8
27 17 77
27 18 31
27 19 62
27 20 32
27 21 78
27 22 70
27 24 22
27 25 4
27 26 20
28 2 71
28 3 63
28 4 4
28 5 72
28 6 1
28 7 76
28 8 63
28 9 16
28 10 63
28 11 3
28 12 48
28 14 6
28 15 80
28 16 10
28 18 51
28 19 40
28 20 37
28 21 59
28 24 21
28 25 10
28 26 4
28 27 12
29 1 15
29 2 35
29 3 38
29 4 30
29 5 27
29 6 19
29 8 17
29 9 43
29 10 6
29 11 12
29 12 18
29 13 37
29 15 32
29 16 40
29 17 35
29 18 51
29 19 39
29 20 34
29 21 4
29 24 36
29 26 21
29 28 45
