70
3 1 10
4 1 3
7 0 8
8 5 2
9 5 5
9 6 5
11 4 6
12 8 6
13 9 2
14 1 9
14 5 4
14 11 8
15 6 9
16 1 10
16 15 10
17 4 5
17 6 7
17 7 4
18 10 2
19 3 8
19 7 8
19 10 3
20 2 1
21 4 10
21 9 4
21 14 7
22 16 7
22 17 7
22 18 3
22 20 1
23 1 5
23 19 3
24 5 10
24 6 10
24 21 2
25 11 5
25 22 9
26 4 10
26 10 2
26 12 5
27 16 4
28 6 3
28 7 4
28 27 3
29 9 10
29 10 1
29 26 4
30 6 2
30 15 3
30 24 5
30 29 6
31 3 6
31 12 2
31 14 1
31 24 7
32 7 10
32 23 9
33 11 7
33 12 1
33 24 3
33 25 3
34 6 1
34 31 2
34 33 4
35 2 3
35 13 7
35 16 3
35 20 5
35 23 5
35 32 1
36 3 8
36 32 2
36 35 9
37 4 4
37 13 10
37 15 2
37 35 7
38 2 3
38 6 9
38 11 5
38 12 5
38 20 10
38 29 2
39 2 5
39 33 7
39 36 7
40 5 8
40 33 2
41 5 9
41 20 4
41 39 2
42 17 2
42 23 7
43 27 3
43 29 1
43 36 2
43 41 2
44 9 5
44 11 8
44 19 4
44 26 4
44 34 7
45 8 1
45 10 3
45 15 7
45 36 4
45 41 10
46 1 2
46 37 6
46 40 7
47 0 7
47 8 8
47 9 4
47 30 4
48 3 3
48 17 5
48 19 6
48 21 2
48 26 6
48 27 4
48 44 5
48 46 8
49 1 6
49 6 2
49 21 9
49 24 7
49 39 10
50 2 7
50 22 2
50 40 2
51 5 10
51 8 10
51 11 10
51 21 8
51 25 9
51 34 4
51 37 5
51 43 9
51 47 5
51 49 6
52 10 10
52 16 8
52 25 3
52 36 6
52 37 10
53 3 6
53 8 4
53 9 6
53 14 1
53 15 5
53 51 10
53 52 4
54 15 5
54 18 10
54 20 4
54 27 2
54 29 3
55 0 4
55 4 9
55 5 1
55 14 7
55 19 2
55 38 6
55 39 3
55 41 8
55 48 5
56 0 3
56 20 3
56 22 5
56 28 5
56 37 8
57 8 3
57 14 3
57 33 10
58 2 8
58 30 2
58 33 2
58 38 4
58 39 3
58 44 1
58 48 1
59 1 5
59 6 5
59 11 3
59 15 6
59 18 8
59 40 2
59 57 10
60 8 10
60 13 3
60 20 2
60 23 9
60 38 10
60 40 9
60 48 2
61 38 1
62 9 2
62 12 4
62 19 3
62 27 3
62 40 10
62 41 5
62 51 2
62 60 10
63 19 1
63 21 5
63 23 6
63 31 9
63 36 9
63 45 7
63 59 1
64 0 6
64 3 10
64 10 9
64 12 1
64 37 5
64 62 4
65 5 4
65 16 1
65 25 1
65 29 1
65 31 3
65 57 6
65 58 3
65 60 2
65 62 6
66 2 10
66 3 3
66 8 8
66 9 8
66 12 5
66 41 1
66 58 4
66 64 7
67 6 4
67 42 7
67 55 7
68 1 10
68 8 9
68 15 9
68 17 7
68 18 4
68 20 10
68 22 2
68 23 6
68 32 5
68 37 6
68 38 8
68 44 9
68 51 4
69 11 9
69 21 3
69 23 1
69 47 5
