60
2 1 5
4 3 10
5 4 125
6 0 154
6 1 74
7 0 63
7 1 54
7 2 73
7 3 6
7 4 118
8 0 69
8 1 115
8 4 90
8 6 88
9 1 109
9 2 77
9 5 99
9 8 128
10 0 148
10 1 33
10 2 134
10 3 76
10 4 104
10 5 112
10 6 130
11 5 101
11 8 154
11 10 84
12 2 25
12 5 89
12 7 31
13 0 19
13 6 119
13 7 18
13 10 153
14 2 24
14 9 59
14 10 64
14 11 56
15 0 5
15 7 70
15 13 112
16 3 128
16 4 72
16 11 34
16 14 61
17 3 60
17 10 90
17 14 88
18 3 136
18 8 48
18 9 156
18 17 104
19 0 53
19 1 86
19 8 6
19 9 118
19 10 16
19 11 70
19 15 25
19 16 126
20 2 52
20 5 4
20 13 119
20 16 61
20 18 136
21 3 158
21 10 18
21 14 41
21 15 110
21 16 98
21 18 145
22 2 79
22 11 143
22 17 151
22 18 12
22 21 89
23 1 30
23 2 96
23 5 100
23 9 147
23 11 66
23 13 60
23 15 46
23 16 44
23 17 140
23 18 90
23 21 8
23 22 29
24 2 146
24 8 19
24 10 61
24 12 125
24 15 28
24 16 100
25 7 48
25 8 104
25 10 129
25 11 128
25 13 110
25 15 153
25 16 72
25 21 107
26 0 55
26 2 94
26 4 11
26 10 96
26 12 54
26 14 16
26 16 27
26 17 112
26 18 139
26 24 90
27 0 14
27 6 137
27 7 87
27 12 41
27 16 41
27 17 155
27 21 107
27 24 9
28 4 11
28 5 135
28 9 111
28 10 140
28 11 130
28 12 62
28 15 8
28 16 84
28 19 159
28 20 89
28 21 50
28 24 87
28 27 159
29 5 31
29 7 157
29 9 113
29 13 141
29 18 51
29 20 51
29 24 70
30 2 148
30 13 53
30 16 144
30 18 13
30 24 57
30 27 102
31 5 37
31 11 147
31 13 56
31 15 125
31 19 41
31 22 103
31 24 27
31 28 102
32 2 100
32 4 16
32 5 125
32 6 157
32 9 23
32 11 4
32 15 83
32 16 74
32 24 146
32 26 90
32 31 3
33 2 46
33 4 2
33 5 26
33 7 99
33 10 145
33 14 45
33 16 112
33 17 94
33 18 93
33 22 38
33 26 85
33 27 43
33 28 11
33 31 119
34 1 21
34 2 74
34 5 50
34 11 49
34 12 25
34 25 119
34 27 148
34 29 44
35 1 30
35 3 105
35 6 44
35 11 14
35 14 49
35 23 28
35 27 32
35 33 63
35 34 142
36 0 57
36 2 13
36 6 15
36 17 145
36 18 80
36 22 74
36 23 40
36 32 106
37 3 39
37 5 8
37 10 37
37 14 142
37 15 21
37 22 126
37 32 151
38 1 65
38 2 80
38 12 141
38 13 155
38 15 153
38 16 159
38 22 82
38 26 158
38 28 90
38 29 17
38 32 15
39 0 2
39 1 48
39 3 95
39 6 50
39 9 108
39 12 67
39 20 18
39 22 136
39 27 20
39 29 125
39 32 104
39 33 131
39 34 159
39 37 68
39 38 73
40 3 80
40 4 111
40 6 156
40 9 90
40 14 90
40 18 87
40 19 12
40 20 26
40 31 7
40 33 38
40 35 123
40 36 111
41 1 56
41 7 49
41 18 31
41 28 155
41 30 16
41 31 106
41 36 51
41 38 7
42 1 18
42 4 92
42 9 44
42 12 110
42 13 55
42 14 63
42 15 23
42 21 44
42 23 135
42 26 26
42 27 51
42 28 10
42 35 84
42 37 41
42 38 15
42 39 51
42 40 37
42 41 87
43 0 64
43 6 21
43 7 64
43 11 8
43 22 62
43 24 106
43 34 160
43 37 127
43 39 153
44 4 72
44 5 153
44 6 130
44 7 65
44 10 158
44 13 25
44 23 70
44 24 136
44 25 100
44 27 72
44 28 17
44 29 157
44 30 54
44 34 129
44 36 126
44 38 150
44 40 25
45 2 40
45 3 136
45 7 73
45 11 79
45 13 52
45 15 99
45 16 129
45 17 110
45 18 137
45 19 86
45 27 52
45 28 19
45 33 63
45 34 70
45 35 115
45 37 144
45 39 41
45 41 40
45 42 2
45 44 101
46 0 13
46 4 43
46 11 100
46 14 17
46 21 70
46 23 88
46 24 152
46 26 120
46 30 102
46 32 86
46 34 115
46 40 33
46 41 146
46 43 46
46 44 40
47 1 63
47 2 85
47 6 83
47 8 24
47 12 128
47 13 14
47 16 79
47 19 84
47 24 75
47 38 66
47 39 99
47 40 97
47 41 50
47 43 7
47 45 114
48 0 136
48 6 137
48 9 147
48 13 30
48 15 64
48 16 10
48 19 50
48 25 145
48 33 92
48 34 43
48 37 21
48 40 80
48 44 11
49 4 106
49 5 65
49 6 33
49 7 144
49 19 156
49 21 71
49 31 50
49 32 17
49 33 39
49 34 74
49 37 140
49 38 49
49 39 51
49 45 130
49 48 71
50 0 117
50 7 1
50 8 9
50 9 49
50 11 2
50 13 64
50 14 25
50 15 33
50 17 58
50 18 160
50 19 74
50 20 102
50 25 124
50 26 54
50 27 14
50 28 152
50 29 78
50 34 57
50 36 121
50 38 37
51 1 94
51 4 40
51 6 38
51 10 39
51 13 92
51 17 83
51 18 110
51 30 87
51 31 142
51 41 75
51 47 85
52 2 90
52 4 36
52 6 17
52 8 98
52 9 63
52 15 92
52 18 70
52 23 145
52 24 36
52 27 110
52 30 120
52 32 86
52 33 73
52 36 58
52 42 51
52 43 156
52 45 134
53 0 131
53 3 92
53 8 112
53 10 129
53 14 33
53 16 7
53 17 14
53 19 138
53 22 36
53 23 160
53 28 103
53 30 124
53 37 16
53 38 48
53 44 64
53 46 68
53 47 146
54 5 96
54 7 75
54 8 131
54 27 107
54 28 61
54 30 11
54 34 2
54 36 150
54 42 112
54 44 68
54 45 27
54 48 138
54 49 1
54 53 83
55 0 23
55 1 77
55 9 82
55 13 1
55 14 93
55 19 74
55 20 93
55 21 59
55 30 12
55 31 48
55 32 58
55 33 10
55 34 40
55 35 114
55 39 71
55 42 116
55 44 92
55 48 36
55 49 15
55 51 140
56 1 16
56 4 159
56 5 121
56 8 156
56 10 67
56 13 6
56 14 155
56 16 68
56 17 135
56 22 10
56 25 150
56 27 78
56 28 76
56 31 68
56 32 48
56 36 26
56 39 66
56 44 94
56 45 120
56 47 19
56 48 156
56 49 107
56 51 143
56 55 159
57 1 44
57 7 14
57 8 145
57 17 42
57 19 87
57 29 129
57 34 17
57 35 136
57 44 56
57 45 159
57 49 30
57 50 124
57 51 123
57 53 92
57 55 117
58 1 36
58 17 47
58 18 15
58 21 76
58 30 85
58 31 68
58 32 45
58 41 35
58 42 36
58 44 42
58 48 15
58 50 39
58 52 138
59 6 4
59 7 87
59 15 153
59 21 128
59 28 55
59 30 59
59 50 96
59 52 71
59 58 77
