30
3 0 9
4 0 22
4 2 19
4 3 67
6 0 29
6 1 30
6 3 49
6 5 18
7 6 28
8 3 80
8 5 31
10 8 61
11 1 26
11 5 11
11 7 35
11 8 65
11 10 28
12 0 16
12 2 20
13 3 32
13 4 1
13 7 51
13 10 77
14 2 51
14 4 51
14 5 67
14 9 48
14 10 55
14 13 5
15 0 4
15 1 72
15 4 51
15 6 46
15 9 57
15 13 42
16 1 52
16 2 6
16 5 41
16 8 24
16 15 69
17 5 19
17 6 17
17 7 77
17 8 16
17 10 78
17 11 37
17 13 16
17 16 74
18 0 79
18 3 21
18 4 74
18 8 68
18 9 40
18 11 23
18 12 9
18 14 53
19 4 68
19 5 61
19 6 67
19 12 55
19 15 32
19 16 55
19 17 26
20 0 9
20 10 2
20 13 23
20 14 36
21 2 34
21 4 77
21 5 20
21 7 65
21 15 8
21 18 30
22 2 19
22 16 33
23 1 28
23 2 58
23 4 12
23 12 21
23 16 15
23 17 5
23 21 59
23 22 72
24 0 58
24 1 3
24 7 13
24 8 76
24 12 28
24 13 27
24 14 13
25 2 71
25 3 32
25 5 5
25 6 56
25 17 10
25 18 60
25 21 69
25 23 37
26 6 6
26 7 7
26 10 34
26 11 33
26 13 18
26 14 26
26 18 24
26 19 7
26 22 64
27 0 58
27 1 45
27 2 71
27 4 2
27 7 55
27 8 27
27 11 33
27 12 18
27 18 52
27 20 11
27 25 45
28 0 29
28 3 14
28 5 58
28 8 59
28 9 58
28 12 32
28 13 16
28 17 58
28 18 65
28 19 30
28 26 23
28 27 33
29 8 17
29 11 11
29 13 31
29 14 40
29 15 71
29 18 21
29 23 13
