20
2 0 36
3 0 16
3 1 9
3 2 6
4 2 30
5 0 5
5 2 27
5 3 4
5 4 38
6 0 28
6 4 35
7 1 35
7 3 13
7 4 40
7 5 3
7 6 37
8 0 25
8 1 10
8 2 23
8 3 5
8 4 8
9 0 25
9 1 39
9 3 14
9 4 19
9 5 22
9 6 2
9 7 9
10 0 2
10 5 18
10 7 7
10 8 18
10 9 10
11 0 28
11 1 8
11 2 16
11 3 37
11 4 6
11 6 3
11 7 12
11 8 20
11 9 33
11 10 4
12 0 34
12 1 4
12 2 40
12 4 21
12 6 11
12 7 37
12 8 12
12 9 33
12 10 32
12 11 2
13 0 39
13 1 23
13 3 2
13 5 5
13 6 17
13 7 18
13 8 36
13 11 18
14 0 38
14 4 5
14 6 10
14 8 12
14 9 30
14 10 1
14 13 29
15 0 13
15 1 15
15 2 27
15 3 33
15 4 3
15 5 27
15 8 8
15 9 35
15 12 29
15 13 9
16 0 29
16 5 37
16 7 31
16 9 8
16 10 9
16 13 33
16 14 22
16 15 11
17 0 14
17 3 11
17 4 32
17 5 37
17 10 5
17 11 24
17 14 32
17 15 17
17 16 26
18 0 7
18 1 9
18 3 17
18 5 25
18 6 3
18 9 15
18 10 17
18 11 12
18 12 27
18 14 1
18 15 31
19 2 31
19 5 7
19 15 18
19 16 25
19 17 40
19 18 24
