70
1 0 4
3 0 16
3 1 11
3 2 9
4 1 11
4 2 14
5 0 14
5 1 2
5 3 4
5 4 8
6 0 6
6 1 2
6 3 17
6 4 9
6 5 17
7 0 9
7 2 13
7 4 14
7 5 16
7 6 7
8 2 4
8 3 1
8 6 5
8 7 15
9 1 10
9 3 8
9 4 19
9 5 11
9 6 2
9 7 3
9 8 4
10 0 15
10 1 3
10 3 4
10 4 12
10 5 7
10 9 13
11 0 14
11 1 4
11 2 12
11 3 11
11 4 7
11 5 11
11 6 20
11 7 1
11 8 20
11 9 12
11 10 8
12 0 2
12 2 2
12 4 10
12 5 18
12 6 16
12 7 1
12 8 20
12 9 15
12 11 9
13 1 10
13 4 6
13 6 11
13 8 1
13 9 4
13 10 3
13 12 5
14 0 17
14 2 17
14 3 4
14 6 3
14 7 9
14 8 17
14 9 9
14 11 9
14 12 13
14 13 6
15 0 1
15 1 8
15 4 5
15 5 2
15 6 17
15 8 9
15 10 11
15 12 19
15 14 13
16 0 7
16 1 10
16 3 16
16 4 1
16 5 8
16 6 15
16 7 2
16 8 6
16 10 12
16 11 5
16 12 11
16 13 1
16 15 9
17 1 5
17 2 2
17 3 13
17 4 1
17 5 8
17 6 17
17 7 15
17 9 10
17 11 15
17 12 17
17 14 13
17 16 10
18 1 3
18 4 20
18 5 10
18 7 4
18 8 5
18 9 10
18 10 14
18 11 8
18 12 20
18 14 6
18 15 13
18 16 2
19 0 11
19 2 10
19 3 2
19 5 20
19 6 20
19 7 13
19 9 11
19 10 7
19 11 17
19 15 5
19 17 8
19 18 15
20 0 1
20 1 15
20 2 10
20 3 3
20 4 2
20 5 4
20 7 15
20 8 10
20 12 19
20 13 17
20 14 13
20 15 1
20 16 10
20 17 15
20 18 3
20 19 19
21 0 20
21 1 13
21 3 16
21 4 14
21 7 10
21 10 12
21 11 14
21 13 10
21 14 18
21 15 20
21 17 18
21 18 9
21 19 17
22 1 12
22 2 19
22 3 6
22 6 1
22 8 8
22 9 15
22 13 10
22 14 3
22 15 12
22 17 5
22 18 2
22 19 3
22 20 6
22 21 9
23 0 2
23 1 17
23 3 3
23 4 17
23 5 17
23 7 19
23 8 17
23 9 15
23 10 13
23 11 17
23 13 14
23 14 2
23 15 6
23 16 7
23 17 4
23 18 4
23 20 10
23 21 7
23 22 6
24 0 14
24 4 14
24 6 20
24 7 3
24 9 3
24 10 3
24 12 7
24 13 14
24 16 6
24 17 1
24 18 5
24 19 18
24 20 1
24 21 12
25 0 20
25 1 3
25 2 16
25 3 3
25 5 9
25 6 12
25 7 17
25 8 1
25 9 2
25 10 13
25 11 13
25 12 10
25 13 9
25 14 13
25 15 15
25 17 13
25 19 15
25 20 1
25 21 15
25 22 14
25 24 13
26 0 15
26 1 4
26 3 5
26 7 1
26 8 2
26 9 20
26 10 16
26 11 1
26 12 14
26 13 18
26 14 2
26 18 5
26 19 7
26 20 11
26 21 9
26 22 2
26 24 12
26 25 6
27 0 7
27 2 3
27 3 4
27 4 6
27 5 7
27 7 14
27 10 15
27 11 11
27 13 20
27 15 6
27 17 17
27 18 20
27 19 15
27 20 17
27 23 8
27 25 18
27 26 19
28 1 20
28 2 8
28 3 17
28 4 4
28 5 9
28 6 11
28 7 15
28 8 3
28 9 6
28 10 17
28 11 7
28 12 13
28 13 9
28 14 16
28 15 6
28 16 17
28 17 13
28 18 5
28 20 5
28 22 5
28 23 10
28 24 13
28 25 19
28 26 3
29 0 12
29 2 2
29 3 11
29 7 17
29 9 1
29 11 16
29 12 6
29 13 10
29 14 4
29 15 1
29 18 8
29 19 20
29 20 2
29 22 20
29 23 12
29 25 6
29 26 12
29 27 7
29 28 20
30 0 6
30 1 13
30 4 9
30 6 9
30 7 6
30 9 15
30 10 7
30 11 14
30 14 17
30 15 7
30 17 11
30 18 8
30 20 16
30 21 3
30 22 12
30 23 13
30 27 17
30 28 14
30 29 4
31 0 9
31 1 1
31 3 3
31 4 12
31 8 19
31 11 15
31 13 3
31 14 16
31 15 2
31 17 4
31 18 17
31 20 20
31 21 9
31 25 20
31 26 20
31 27 15
31 28 11
32 0 2
32 1 16
32 2 10
32 3 4
32 4 14
32 5 10
32 7 2
32 9 1
32 11 13
32 13 13
32 14 1
32 15 18
32 16 9
32 17 3
32 18 5
32 19 3
32 20 9
32 21 17
32 22 15
32 23 4
32 24 13
32 27 20
32 29 12
33 0 19
33 1 2
33 2 19
33 4 10
33 5 8
33 6 18
33 7 7
33 9 12
33 10 10
33 11 1
33 12 20
33 14 14
33 15 7
33 16 10
33 18 1
33 20 7
33 21 14
33 22 7
33 23 12
33 24 8
33 25 20
33 26 15
33 28 10
33 31 14
33 32 15
34 0 15
34 1 20
34 2 12
34 3 15
34 4 11
34 5 1
34 6 16
34 7 8
34 8 4
34 9 4
34 11 14
34 12 1
34 13 4
34 15 14
34 16 9
34 19 15
34 21 13
34 22 2
34 23 7
34 24 14
34 27 5
34 29 8
34 30 1
34 31 11
34 32 19
35 0 7
35 1 16
35 2 4
35 7 2
35 9 19
35 10 20
35 11 18
35 12 19
35 13 4
35 15 17
35 16 12
35 17 9
35 18 13
35 19 10
35 21 5
35 23 16
35 24 1
35 25 16
35 26 16
35 28 4
35 29 3
35 30 8
35 31 9
35 32 7
35 33 8
35 34 12
36 1 12
36 2 12
36 6 15
36 7 5
36 9 4
36 11 12
36 13 2
36 14 8
36 15 20
36 16 17
36 17 13
36 19 13
36 20 9
36 22 20
36 23 2
36 24 7
36 25 7
36 26 3
36 27 11
36 28 18
36 29 15
36 31 11
36 32 19
36 34 19
37 1 17
37 2 6
37 3 10
37 4 18
37 5 2
37 6 9
37 7 14
37 8 16
37 10 6
37 12 3
37 14 8
37 15 18
37 16 13
37 18 17
37 19 19
37 20 14
37 21 1
37 23 11
37 25 3
37 26 13
37 27 6
37 29 1
37 30 3
37 31 1
37 32 14
37 33 20
37 34 15
37 36 19
38 0 15
38 2 7
38 3 7
38 4 15
38 5 2
38 6 6
38 7 18
38 8 3
38 9 10
38 11 20
38 12 7
38 13 1
38 14 11
38 15 9
38 17 2
38 19 6
38 20 5
38 23 18
38 24 16
38 25 5
38 26 16
38 27 3
38 28 5
38 33 1
38 35 20
39 0 3
39 1 2
39 2 15
39 3 9
39 4 3
39 5 6
39 7 10
39 8 11
39 9 13
39 10 8
39 14 14
39 15 19
39 18 1
39 21 20
39 22 8
39 23 6
39 27 10
39 28 2
39 29 8
39 32 6
39 34 20
39 36 13
39 37 17
39 38 1
40 2 5
40 3 16
40 4 16
40 5 8
40 6 12
40 8 15
40 11 14
40 12 19
40 13 14
40 14 5
40 15 15
40 16 17
40 20 6
40 21 5
40 22 6
40 24 7
40 28 13
40 29 7
40 32 4
40 34 5
40 35 10
40 36 13
40 37 11
40 38 5
40 39 16
41 0 6
41 2 2
41 3 19
41 5 19
41 6 10
41 7 17
41 8 19
41 9 11
41 11 14
41 12 20
41 13 16
41 15 15
41 16 4
41 17 9
41 19 6
41 20 14
41 21 2
41 23 16
41 26 15
41 27 1
41 29 2
41 30 10
41 32 16
41 34 8
41 35 12
41 37 13
41 38 19
41 39 10
41 40 1
42 0 11
42 1 18
42 2 7
42 3 15
42 4 4
42 6 13
42 7 13
42 8 16
42 9 4
42 10 12
42 12 3
42 15 11
42 16 7
42 19 10
42 21 6
42 22 2
42 23 6
42 24 19
42 25 2
42 26 16
42 27 19
42 29 13
42 30 6
42 31 14
42 32 2
42 33 19
42 34 16
42 35 17
42 36 11
42 37 9
42 38 17
42 39 20
42 40 4
42 41 11
43 0 19
43 2 20
43 5 6
43 7 14
43 8 7
43 9 13
43 11 5
43 12 19
43 13 9
43 15 16
43 16 6
43 17 20
43 20 20
43 21 19
43 24 19
43 26 4
43 27 11
43 30 13
43 31 16
43 32 16
43 33 10
43 34 5
43 35 17
43 36 5
43 37 13
43 38 14
43 39 20
43 41 11
43 42 6
44 2 9
44 3 1
44 4 20
44 5 19
44 7 3
44 9 12
44 10 20
44 12 20
44 13 9
44 14 8
44 19 7
44 20 18
44 23 11
44 26 14
44 27 17
44 28 4
44 29 1
44 31 7
44 33 10
44 35 20
44 36 10
44 38 6
44 40 10
44 42 18
45 0 4
45 2 18
45 3 4
45 4 1
45 5 6
45 6 17
45 7 5
45 8 12
45 9 16
45 10 16
45 11 2
45 12 3
45 13 6
45 14 12
45 17 7
45 18 1
45 19 14
45 23 1
45 25 8
45 26 3
45 27 15
45 28 4
45 29 11
45 30 12
45 31 3
45 33 5
45 36 15
45 37 5
45 39 9
45 40 9
45 41 5
45 42 4
45 43 14
45 44 11
46 0 18
46 1 1
46 2 7
46 4 7
46 6 19
46 8 18
46 10 3
46 12 8
46 13 11
46 16 8
46 17 18
46 18 6
46 20 8
46 21 3
46 22 4
46 27 3
46 30 12
46 34 5
46 36 14
46 37 15
46 38 6
46 39 8
46 40 15
46 43 4
46 44 19
47 3 11
47 4 16
47 6 11
47 8 12
47 9 7
47 10 9
47 11 18
47 12 16
47 14 3
47 15 5
47 18 5
47 19 16
47 20 19
47 21 6
47 22 5
47 23 10
47 25 11
47 26 13
47 27 19
47 28 18
47 29 17
47 30 6
47 32 10
47 33 4
47 36 13
47 37 12
47 38 10
47 39 18
47 40 4
47 41 3
47 42 7
47 45 12
47 46 13
48 0 10
48 1 2
48 3 9
48 5 3
48 6 10
48 7 5
48 8 9
48 9 18
48 10 12
48 12 2
48 13 9
48 15 12
48 16 3
48 17 19
48 18 20
48 20 5
48 21 17
48 24 20
48 25 9
48 26 10
48 27 5
48 28 15
48 30 20
48 31 19
48 33 8
48 34 15
48 35 13
48 36 3
48 37 3
48 39 8
48 40 1
48 41 9
48 42 7
48 45 19
48 46 16
49 0 2
49 1 20
49 2 6
49 3 1
49 8 4
49 12 6
49 14 6
49 16 12
49 17 9
49 18 4
49 19 8
49 21 1
49 22 15
49 23 12
49 25 10
49 26 1
49 27 4
49 28 14
49 29 3
49 30 11
49 35 11
49 37 14
49 38 6
49 39 20
49 40 12
49 42 5
49 43 6
49 45 4
49 46 3
49 47 17
49 48 15
50 0 3
50 2 6
50 3 20
50 4 17
50 5 19
50 6 13
50 7 8
50 8 2
50 9 16
50 10 6
50 11 2
50 12 14
50 13 20
50 14 15
50 15 7
50 17 13
50 18 2
50 19 7
50 20 20
50 21 11
50 24 5
50 26 1
50 27 5
50 28 19
50 29 11
50 31 15
50 32 1
50 33 4
50 34 6
50 35 5
50 37 6
50 38 4
50 40 12
50 41 13
50 42 17
50 45 20
50 46 12
50 48 20
50 49 1
51 0 2
51 2 11
51 4 5
51 6 4
51 7 16
51 9 15
51 10 1
51 11 19
51 12 13
51 13 6
51 14 9
51 15 8
51 16 9
51 17 1
51 19 8
51 20 7
51 22 12
51 23 11
51 24 9
51 25 17
51 26 9
51 27 10
51 28 7
51 29 2
51 30 8
51 31 15
51 32 1
51 33 6
51 35 19
51 36 5
51 37 8
51 38 1
51 39 19
51 41 14
51 42 12
51 43 1
51 44 3
51 45 18
51 46 4
51 48 10
51 50 1
52 0 12
52 1 1
52 2 14
52 3 18
52 4 11
52 5 14
52 7 20
52 8 8
52 10 19
52 11 6
52 12 1
52 13 12
52 14 10
52 16 5
52 17 11
52 18 12
52 20 6
52 21 10
52 22 5
52 23 10
52 24 7
52 25 4
52 26 5
52 27 8
52 28 6
52 30 13
52 31 18
52 32 3
52 33 20
52 34 19
52 35 19
52 36 14
52 38 7
52 39 15
52 40 13
52 41 18
52 42 19
52 43 20
52 44 14
52 45 5
52 46 10
52 49 7
52 51 20
53 0 15
53 2 16
53 3 8
53 4 20
53 5 15
53 6 9
53 7 14
53 8 10
53 11 17
53 12 15
53 15 1
53 16 20
53 17 12
53 19 20
53 20 12
53 21 19
53 22 4
53 23 20
53 24 12
53 25 4
53 26 16
53 29 14
53 30 2
53 31 13
53 32 17
53 33 6
53 34 4
53 35 7
53 36 12
53 37 10
53 41 19
53 42 3
53 43 10
53 44 7
53 45 10
53 48 10
53 49 15
54 0 17
54 1 5
54 2 9
54 6 7
54 7 10
54 8 9
54 9 12
54 10 10
54 13 1
54 14 7
54 15 8
54 17 17
54 18 15
54 19 3
54 20 18
54 21 14
54 22 1
54 23 2
54 24 18
54 25 11
54 26 16
54 27 3
54 29 17
54 30 10
54 32 17
54 33 14
54 34 14
54 38 16
54 39 20
54 41 15
54 42 4
54 43 3
54 45 4
54 46 13
54 47 17
54 48 19
54 50 2
54 51 12
54 52 19
54 53 12
55 1 18
55 2 3
55 4 2
55 5 5
55 7 7
55 9 17
55 10 4
55 13 17
55 15 5
55 17 19
55 18 11
55 19 9
55 21 1
55 23 5
55 24 8
55 27 13
55 29 14
55 31 5
55 32 5
55 33 15
55 34 7
55 35 7
55 36 7
55 37 11
55 38 3
55 39 20
55 43 14
55 44 4
55 46 6
55 47 18
55 48 4
55 49 4
55 50 8
55 51 14
55 52 18
55 53 13
55 54 14
56 1 16
56 2 14
56 3 11
56 4 14
56 5 7
56 6 3
56 7 18
56 8 11
56 9 12
56 10 15
56 11 13
56 12 6
56 14 6
56 15 17
56 16 11
56 17 8
56 19 17
56 20 15
56 23 14
56 24 9
56 25 16
56 26 14
56 27 4
56 28 15
56 29 17
56 30 2
56 31 18
56 34 8
56 35 18
56 36 11
56 37 9
56 38 3
56 39 12
56 40 8
56 41 18
56 42 13
56 45 3
56 46 17
56 47 16
56 48 17
56 49 9
56 50 19
56 51 9
56 52 1
56 54 2
56 55 3
57 1 12
57 2 8
57 3 5
57 4 13
57 6 8
57 7 10
57 10 19
57 11 3
57 12 7
57 14 8
57 17 4
57 18 13
57 19 15
57 20 1
57 21 15
57 22 16
57 23 15
57 24 8
57 25 10
57 26 6
57 27 15
57 28 2
57 31 14
57 32 2
57 34 11
57 35 19
57 36 4
57 37 11
57 39 7
57 40 10
57 41 3
57 42 1
57 44 8
57 47 5
57 48 11
57 49 1
57 50 8
57 51 8
57 52 17
57 53 4
57 54 10
58 0 20
58 1 5
58 2 1
58 5 6
58 6 11
58 7 7
58 12 19
58 13 1
58 15 3
58 16 13
58 17 1
58 19 7
58 20 2
58 21 5
58 23 9
58 25 19
58 26 7
58 28 17
58 30 12
58 32 2
58 34 11
58 36 14
58 39 8
58 41 8
58 42 17
58 44 7
58 45 7
58 47 6
58 49 8
58 50 13
58 51 17
58 52 15
58 53 18
58 54 4
58 56 12
59 0 11
59 1 6
59 3 15
59 4 8
59 9 15
59 10 13
59 11 20
59 13 8
59 14 3
59 17 11
59 19 6
59 20 20
59 21 3
59 24 17
59 26 17
59 27 9
59 28 9
59 29 12
59 30 16
59 31 16
59 33 10
59 34 2
59 36 20
59 37 19
59 38 14
59 39 5
59 40 4
59 41 17
59 42 10
59 43 18
59 44 20
59 46 14
59 47 13
59 48 3
59 49 3
59 50 6
59 51 14
59 52 4
59 53 17
59 54 8
59 55 20
59 56 1
59 57 6
59 58 20
60 0 8
60 2 8
60 4 5
60 5 2
60 6 15
60 7 14
60 8 14
60 9 11
60 10 6
60 11 17
60 12 5
60 13 17
60 14 1
60 15 19
60 16 16
60 18 17
60 21 4
60 22 10
60 23 10
60 24 20
60 25 11
60 26 10
60 27 13
60 28 3
60 29 7
60 30 14
60 32 13
60 33 19
60 34 2
60 35 6
60 37 7
60 38 15
60 40 15
60 41 4
60 43 15
60 44 13
60 45 1
60 49 20
60 51 2
60 52 15
60 54 7
60 56 11
60 59 15
61 0 11
61 1 3
61 2 17
61 3 3
61 4 11
61 5 4
61 6 3
61 7 15
61 8 20
61 9 19
61 10 12
61 12 15
61 13 19
61 15 17
61 16 20
61 17 3
61 18 3
61 20 8
61 21 13
61 24 4
61 25 17
61 26 12
61 27 4
61 29 8
61 30 1
61 31 19
61 33 17
61 37 19
61 38 20
61 42 13
61 43 13
61 44 3
61 45 16
61 46 10
61 48 9
61 50 14
61 52 3
61 54 6
61 55 16
61 56 6
61 57 8
61 58 2
61 60 12
62 0 15
62 1 7
62 3 5
62 4 8
62 5 7
62 7 11
62 9 6
62 11 13
62 12 19
62 13 6
62 17 1
62 20 16
62 21 15
62 22 4
62 23 6
62 24 16
62 25 14
62 27 13
62 28 17
62 29 12
62 30 8
62 31 12
62 32 7
62 33 17
62 34 17
62 35 2
62 37 12
62 38 3
62 39 4
62 40 3
62 42 18
62 43 16
62 44 3
62 47 14
62 48 9
62 49 1
62 50 20
62 51 7
62 52 3
62 54 15
62 55 5
62 57 20
62 58 13
62 59 11
62 60 13
62 61 13
63 1 7
63 3 5
63 4 16
63 5 7
63 6 16
63 9 14
63 10 14
63 11 15
63 12 1
63 13 13
63 14 7
63 17 4
63 18 15
63 20 3
63 21 19
63 22 4
63 23 20
63 27 15
63 28 9
63 30 16
63 31 5
63 32 13
63 33 8
63 34 16
63 35 12
63 36 13
63 37 16
63 38 15
63 40 18
63 42 4
63 44 5
63 46 8
63 47 9
63 48 13
63 49 3
63 51 11
63 53 11
63 56 4
63 59 18
64 0 9
64 2 4
64 3 15
64 4 13
64 5 16
64 6 16
64 7 9
64 8 17
64 10 7
64 11 14
64 12 10
64 13 3
64 14 9
64 15 17
64 16 11
64 17 13
64 18 17
64 20 16
64 21 11
64 22 5
64 26 3
64 28 8
64 30 5
64 33 10
64 34 13
64 35 3
64 37 19
64 38 4
64 39 7
64 40 20
64 41 20
64 42 20
64 43 9
64 44 14
64 45 4
64 46 8
64 48 2
64 49 10
64 50 8
64 51 16
64 52 11
64 53 9
64 55 8
64 56 13
64 57 2
64 58 7
64 61 10
64 62 15
64 63 20
65 0 16
65 1 6
65 8 15
65 10 18
65 11 11
65 12 7
65 13 9
65 14 1
65 15 13
65 17 14
65 18 2
65 21 12
65 22 11
65 23 18
65 24 20
65 25 8
65 26 20
65 27 14
65 28 8
65 29 13
65 31 6
65 32 11
65 35 17
65 36 3
65 37 4
65 38 17
65 39 17
65 40 6
65 41 18
65 42 3
65 45 10
65 46 12
65 47 5
65 48 4
65 49 12
65 51 9
65 53 8
65 54 17
65 56 3
65 57 14
65 59 5
65 60 14
65 61 5
65 62 6
65 64 6
66 1 4
66 3 3
66 5 4
66 8 18
66 9 4
66 10 12
66 11 1
66 12 13
66 13 11
66 14 18
66 15 13
66 16 19
66 17 4
66 18 7
66 19 3
66 20 15
66 21 17
66 22 10
66 23 1
66 24 11
66 25 7
66 26 20
66 27 12
66 28 1
66 29 15
66 30 12
66 32 12
66 33 7
66 34 19
66 35 19
66 38 3
66 39 1
66 40 16
66 41 3
66 42 8
66 43 20
66 46 11
66 47 13
66 48 4
66 49 14
66 50 4
66 51 5
66 53 16
66 55 20
66 56 20
66 57 13
66 58 13
66 59 18
66 61 11
66 62 8
66 63 6
66 65 5
67 0 13
67 2 17
67 3 10
67 5 10
67 6 15
67 8 4
67 9 10
67 11 16
67 12 1
67 13 14
67 14 13
67 15 14
67 16 14
67 18 6
67 19 11
67 20 19
67 21 3
67 22 20
67 24 15
67 26 18
67 27 3
67 28 3
67 29 3
67 30 4
67 32 14
67 34 19
67 35 17
67 36 1
67 37 6
67 38 7
67 39 8
67 40 9
67 41 14
67 43 20
67 45 15
67 46 5
67 47 2
67 48 19
67 50 3
67 54 19
67 56 12
67 58 20
67 59 14
67 60 12
67 61 19
67 62 6
67 65 18
67 66 10
68 1 18
68 2 11
68 3 5
68 4 5
68 5 17
68 6 19
68 9 11
68 10 17
68 11 7
68 12 9
68 14 19
68 19 3
68 20 12
68 21 9
68 22 15
68 23 3
68 24 4
68 25 13
68 26 16
68 27 18
68 29 2
68 31 13
68 32 16
68 33 11
68 36 10
68 37 6
68 39 8
68 40 5
68 44 19
68 45 20
68 46 18
68 47 18
68 48 3
68 49 2
68 51 4
68 55 16
68 56 17
68 57 6
68 60 13
68 63 13
68 64 8
68 65 20
68 66 15
68 67 8
69 0 14
69 1 15
69 2 6
69 3 2
69 4 8
69 5 4
69 6 17
69 7 7
69 8 11
69 10 8
69 12 12
69 16 11
69 17 18
69 18 3
69 19 7
69 21 11
69 22 8
69 23 9
69 24 1
69 25 8
69 31 16
69 32 12
69 33 18
69 34 16
69 35 8
69 36 10
69 37 14
69 40 5
69 41 11
69 42 12
69 43 2
69 44 7
69 45 5
69 46 4
69 47 1
69 48 3
69 50 7
69 52 4
69 53 5
69 54 18
69 55 3
69 57 6
69 59 11
69 60 5
69 63 1
69 64 16
69 65 13
69 66 14
69 67 6
