40
2 0 191
2 1 12
3 0 260
6 0 9
6 5 285
7 0 51
7 2 283
7 3 291
7 6 205
8 0 290
8 2 258
8 4 117
9 0 168
9 8 240
10 1 152
10 8 236
11 2 147
11 4 19
11 10 65
12 8 110
13 0 37
13 5 147
13 6 176
13 10 288
13 11 297
13 12 101
14 1 95
14 4 316
14 10 17
15 2 214
15 5 63
15 9 68
15 12 96
15 13 24
15 14 142
16 3 6
16 5 22
16 9 225
16 10 211
16 13 176
16 14 27
17 1 163
17 3 71
17 6 129
17 8 242
17 9 274
17 13 303
18 4 144
18 6 133
18 8 134
18 10 298
18 11 194
18 17 106
19 4 19
19 11 300
19 16 162
20 3 210
20 5 198
20 7 300
20 8 110
20 12 206
20 13 148
20 19 97
21 0 251
21 3 70
21 8 184
21 10 159
22 0 177
22 1 56
22 4 286
22 5 261
22 7 108
22 9 148
22 10 287
22 14 34
22 15 84
22 17 291
22 20 290
22 21 179
23 0 234
23 4 169
23 13 185
23 17 185
23 19 304
23 22 178
24 0 178
24 1 133
24 8 319
24 11 282
24 12 126
24 14 310
24 18 84
24 22 252
24 23 78
25 0 256
25 5 310
25 7 115
25 8 316
25 16 221
25 20 176
25 21 147
26 1 5
26 2 152
26 4 34
26 6 33
26 7 156
26 9 238
26 20 247
26 21 204
26 23 189
26 24 34
26 25 135
27 3 9
27 4 27
27 11 145
27 15 177
27 16 156
27 22 314
27 23 289
28 0 59
28 1 85
28 3 125
28 8 125
28 11 18
28 24 238
29 13 184
29 15 114
29 18 176
29 22 264
29 24 159
29 26 256
29 27 57
30 3 59
30 8 251
30 9 87
30 15 275
30 18 117
30 23 42
30 27 23
31 3 233
31 7 21
31 13 75
31 14 266
31 18 276
31 21 154
31 27 206
31 30 137
32 0 77
32 4 272
32 6 234
32 9 197
32 10 269
32 17 308
32 18 95
32 21 27
32 22 216
32 23 200
32 24 132
32 27 38
32 28 290
33 6 78
33 8 5
33 13 99
33 15 37
33 16 270
33 17 240
33 18 117
33 25 226
33 27 304
33 29 233
33 30 34
34 2 316
34 5 165
34 9 215
34 11 70
34 14 207
34 16 87
34 17 280
34 18 140
34 25 79
34 26 276
35 4 264
35 10 93
35 12 245
35 17 281
35 18 264
35 31 93
36 5 308
36 11 247
36 12 196
36 13 309
36 18 71
36 26 154
36 31 229
36 34 277
37 5 36
37 6 240
37 8 112
37 16 205
37 19 21
37 20 108
37 22 135
37 26 1
37 30 277
37 31 147
37 32 289
38 3 309
38 7 212
38 9 320
38 10 232
38 11 199
38 13 108
38 16 148
38 20 102
38 26 75
38 29 280
38 32 109
38 33 293
38 35 138
38 36 16
39 0 110
39 1 158
39 3 19
39 5 207
39 11 242
39 18 97
39 21 57
39 22 267
