70
3 1 46
4 0 85
4 1 104
4 2 81
5 1 91
5 2 26
5 4 39
6 0 79
6 3 28
7 1 59
7 2 114
7 4 128
7 6 144
8 2 7
8 4 142
8 5 146
8 6 137
8 7 35
9 0 6
9 6 160
10 7 146
11 5 154
11 6 151
11 8 19
11 10 81
12 0 160
12 1 50
12 5 96
12 7 32
12 10 138
13 2 81
13 8 3
13 10 98
14 3 70
14 4 96
14 5 6
14 8 12
14 12 146
15 0 53
15 1 144
15 3 51
15 6 10
15 11 117
15 13 19
16 3 35
16 12 57
16 15 69
17 5 52
17 6 155
17 7 37
17 8 35
17 10 56
17 12 155
17 16 132
18 1 39
18 2 104
18 4 61
18 7 95
18 9 9
18 10 73
18 14 73
18 16 36
19 1 63
19 4 103
19 5 24
19 8 68
19 9 152
19 10 6
19 11 25
19 12 126
19 15 45
19 16 48
19 17 123
19 18 147
20 1 29
20 3 57
20 4 7
20 5 17
20 6 103
20 8 48
20 9 39
20 12 28
20 13 28
20 14 145
21 0 29
21 1 102
21 2 23
21 10 146
21 11 84
21 13 17
21 15 86
21 16 156
21 17 114
21 18 53
21 20 38
22 3 93
22 7 142
22 11 65
22 19 47
22 20 7
22 21 111
23 2 112
23 4 142
23 12 92
23 13 19
23 14 108
23 15 91
23 16 121
24 0 2
24 2 152
24 3 154
24 5 142
24 6 126
24 8 62
24 9 150
24 12 42
24 13 95
24 14 110
24 15 23
24 17 109
24 20 6
24 23 95
25 0 130
25 7 28
25 10 106
25 14 16
25 15 129
25 21 49
25 22 110
25 24 138
26 6 149
26 9 145
26 10 150
26 16 118
26 17 54
26 19 21
26 20 121
26 22 17
27 2 76
27 4 62
27 7 23
27 10 110
27 13 124
27 15 50
27 20 69
27 21 31
27 23 112
27 24 57
28 2 28
28 9 118
28 13 97
28 16 55
28 17 123
28 23 13
28 26 75
28 27 109
29 0 55
29 7 7
29 8 134
29 10 144
29 13 134
29 17 11
29 18 89
29 20 79
29 23 160
29 24 23
29 25 82
29 26 82
29 27 117
30 0 48
30 1 115
30 4 72
30 5 25
30 6 86
30 7 98
30 9 118
30 10 8
30 14 138
30 15 35
30 16 144
30 18 120
30 21 51
30 25 119
30 26 142
30 28 155
30 29 142
31 2 81
31 3 57
31 4 30
31 13 83
31 14 29
31 16 125
31 23 40
31 25 1
32 2 30
32 5 31
32 8 55
32 17 63
32 24 26
32 25 57
32 28 14
33 4 72
33 5 63
33 8 159
33 11 57
33 12 135
33 13 157
33 14 30
33 15 93
33 16 92
33 18 130
33 20 33
33 21 157
33 23 69
33 27 38
33 29 105
33 32 94
34 0 51
34 3 103
34 8 127
34 11 113
34 12 76
34 14 132
34 17 148
34 19 123
34 20 112
34 21 45
34 22 143
34 23 55
34 26 104
34 29 115
34 31 128
34 32 144
34 33 120
35 0 96
35 2 131
35 3 14
35 5 63
35 6 100
35 7 121
35 10 34
35 11 13
35 13 5
35 18 48
35 20 84
35 21 134
35 23 47
35 26 54
35 27 129
35 28 13
35 29 21
36 0 16
36 1 25
36 3 71
36 7 54
36 10 144
36 11 55
36 14 146
36 15 30
36 16 145
36 18 74
36 20 94
36 21 129
36 24 142
36 31 124
36 32 50
36 35 41
37 1 102
37 3 25
37 5 136
37 6 125
37 9 48
37 11 150
37 12 64
37 15 150
37 17 61
37 21 55
37 24 55
37 26 145
37 29 37
37 32 116
37 33 62
37 34 124
37 36 126
38 0 116
38 1 131
38 6 15
38 8 144
38 11 55
38 12 141
38 15 131
38 18 143
38 19 65
38 26 22
38 27 151
38 28 100
38 29 64
38 30 50
38 31 113
38 32 156
38 35 151
38 36 158
39 10 32
39 13 86
39 18 151
39 20 89
39 26 120
39 29 58
39 30 36
39 34 108
39 36 38
39 37 2
40 0 51
40 1 56
40 2 30
40 5 105
40 6 126
40 7 57
40 8 27
40 9 65
40 10 90
40 12 91
40 15 59
40 18 96
40 19 114
40 20 140
40 26 46
40 28 140
40 29 106
40 30 56
40 34 114
40 35 147
41 0 58
41 5 126
41 6 112
41 12 53
41 16 129
41 17 143
41 22 13
41 23 117
41 24 5
41 25 29
41 32 20
41 40 92
42 0 77
42 4 101
42 6 132
42 7 45
42 10 109
42 14 82
42 15 78
42 17 77
42 18 105
42 20 154
42 26 43
42 32 1
42 34 140
42 40 145
42 41 2
43 0 56
43 3 127
43 4 157
43 5 69
43 8 80
43 9 133
43 10 92
43 12 36
43 14 73
43 16 105
43 21 100
43 23 43
43 27 21
43 28 5
43 33 91
43 37 127
43 40 33
43 42 104
44 0 124
44 3 18
44 5 131
44 10 26
44 12 3
44 16 63
44 17 124
44 21 64
44 23 44
44 24 99
44 25 14
44 27 27
44 30 70
44 32 109
44 36 18
44 42 81
44 43 82
45 1 140
45 4 125
45 5 90
45 7 90
45 8 57
45 11 15
45 15 33
45 21 157
45 22 72
45 24 94
45 29 157
45 32 41
45 38 55
45 41 153
45 44 14
46 3 145
46 6 99
46 7 43
46 9 154
46 10 77
46 13 42
46 14 152
46 16 35
46 19 23
46 22 155
46 26 160
46 27 67
46 28 137
46 29 155
46 32 105
46 36 96
46 41 45
46 43 153
46 45 152
47 1 21
47 4 102
47 5 119
47 8 142
47 9 86
47 15 139
47 16 24
47 21 63
47 24 49
47 28 35
47 29 51
47 34 108
47 35 52
47 39 13
47 43 128
47 46 99
48 0 97
48 8 104
48 10 133
48 13 36
48 14 78
48 15 5
48 16 139
48 21 18
48 26 37
48 27 79
48 29 64
48 33 153
48 37 74
48 40 23
48 46 75
49 1 103
49 6 73
49 10 138
49 12 5
49 13 39
49 14 70
49 20 41
49 21 15
49 26 58
49 35 103
49 42 10
49 43 51
49 48 58
50 0 8
50 1 92
50 2 2
50 10 130
50 12 86
50 15 30
50 18 8
50 23 98
50 24 94
50 28 84
50 38 142
50 39 160
50 40 67
50 41 78
50 47 46
51 2 55
51 3 17
51 11 130
51 16 42
51 18 67
51 19 79
51 23 56
51 27 124
51 29 44
51 32 8
51 33 27
51 34 130
51 35 139
51 37 76
51 40 4
51 47 34
51 50 16
52 2 133
52 3 119
52 4 82
52 5 69
52 8 134
52 9 130
52 10 149
52 16 158
52 17 119
52 18 55
52 19 65
52 20 109
52 23 126
52 28 136
52 29 71
52 30 121
52 31 111
52 34 157
52 37 47
52 39 133
52 40 6
52 41 127
52 42 77
52 43 26
52 44 154
52 51 108
53 0 8
53 3 119
53 5 70
53 6 160
53 7 95
53 8 29
53 9 152
53 10 72
53 12 28
53 13 96
53 15 77
53 16 21
53 17 3
53 18 31
53 22 93
53 23 152
53 30 144
53 32 155
53 34 33
53 40 113
53 43 21
53 44 150
53 45 115
53 46 117
53 47 91
54 0 73
54 5 71
54 8 2
54 10 142
54 13 124
54 14 66
54 16 51
54 17 144
54 18 55
54 19 159
54 20 18
54 21 18
54 22 111
54 23 142
54 24 9
54 25 87
54 30 29
54 31 56
54 37 126
54 39 118
54 43 66
54 46 107
54 48 7
54 52 142
55 1 74
55 2 20
55 5 79
55 6 52
55 8 100
55 10 139
55 12 149
55 15 52
55 17 24
55 18 68
55 20 100
55 21 61
55 26 90
55 27 154
55 29 8
55 30 125
55 32 74
55 42 73
55 44 79
55 45 136
55 46 45
55 50 69
55 51 133
55 53 139
56 1 114
56 5 35
56 11 105
56 13 61
56 14 146
56 16 90
56 20 139
56 21 63
56 23 4
56 24 17
56 29 17
56 34 22
56 35 49
56 40 141
56 44 31
56 46 145
56 47 83
56 48 38
56 49 121
56 53 1
57 2 112
57 4 79
57 5 125
57 7 19
57 8 139
57 10 29
57 11 31
57 13 48
57 20 64
57 26 69
57 28 66
57 29 146
57 30 29
57 35 117
57 37 20
57 44 17
57 46 107
58 9 50
58 10 37
58 12 137
58 14 66
58 15 158
58 18 118
58 20 81
58 21 34
58 25 1
58 26 139
58 27 57
58 28 116
58 31 136
58 35 123
58 42 52
58 43 41
58 47 138
58 51 22
58 52 127
58 56 29
59 0 120
59 1 108
59 7 65
59 14 10
59 18 20
59 22 45
59 25 138
59 27 62
59 28 107
59 29 153
59 32 71
59 36 132
59 39 102
59 43 39
59 44 72
59 46 44
59 50 73
59 51 108
59 52 107
59 57 51
59 58 139
60 1 92
60 5 149
60 6 158
60 10 31
60 11 53
60 12 150
60 15 83
60 18 32
60 25 128
60 29 109
60 30 41
60 36 74
60 37 99
60 38 107
60 39 90
60 41 114
60 43 152
60 45 105
60 47 13
60 51 75
60 54 137
61 0 93
61 3 120
61 9 52
61 14 71
61 17 12
61 18 82
61 20 19
61 21 52
61 24 154
61 25 101
61 27 137
61 28 27
61 29 79
61 34 104
61 36 157
61 39 133
61 42 87
61 45 160
61 47 16
61 48 82
61 49 30
61 56 13
61 57 60
61 58 93
61 59 26
62 0 18
62 7 140
62 9 40
62 17 110
62 18 53
62 19 71
62 20 92
62 25 94
62 31 69
62 38 68
62 45 129
62 49 83
62 50 23
62 54 39
62 56 142
62 58 62
62 60 23
63 0 12
63 6 98
63 7 104
63 10 36
63 15 55
63 20 47
63 23 143
63 35 140
63 40 36
63 46 145
63 47 74
63 50 25
63 52 80
63 56 90
63 57 127
63 60 133
63 62 72
64 0 102
64 2 108
64 3 96
64 4 36
64 7 35
64 8 55
64 9 8
64 11 127
64 14 61
64 16 48
64 20 146
64 21 12
64 27 147
64 28 125
64 29 100
64 33 130
64 35 90
64 38 59
64 44 87
64 46 57
64 50 111
64 53 32
64 57 160
64 63 7
65 1 34
65 5 99
65 10 18
65 13 82
65 15 5
65 16 55
65 18 19
65 22 113
65 23 141
65 24 32
65 25 21
65 26 142
65 28 87
65 29 112
65 30 41
65 31 40
65 32 74
65 33 148
65 34 44
65 36 116
65 39 153
65 43 33
65 46 155
65 48 102
65 49 123
65 50 8
65 58 107
65 59 81
65 61 156
65 62 138
65 64 10
66 2 60
66 5 59
66 9 49
66 12 92
66 14 94
66 18 59
66 19 28
66 20 9
66 23 62
66 25 111
66 32 128
66 38 71
66 40 71
66 48 78
66 52 27
66 54 44
66 55 86
66 57 29
66 58 23
66 62 129
66 65 86
67 0 43
67 3 156
67 4 3
67 7 77
67 8 73
67 10 28
67 11 118
67 12 23
67 14 61
67 16 84
67 17 108
67 26 52
67 28 148
67 30 147
67 33 101
67 35 48
67 38 85
67 40 46
67 41 108
67 42 72
67 43 150
67 45 10
67 52 140
67 54 57
67 58 152
67 65 117
67 66 15
68 1 14
68 2 132
68 3 148
68 5 77
68 16 80
68 19 133
68 21 140
68 23 2
68 24 54
68 25 88
68 28 64
68 31 112
68 33 8
68 37 17
68 40 78
68 41 82
68 44 141
68 45 32
68 46 157
68 47 155
68 48 45
68 49 107
68 50 143
68 51 128
68 53 76
68 54 157
68 55 72
68 62 128
69 0 27
69 3 119
69 4 79
69 6 30
69 7 43
69 9 6
69 11 60
69 12 128
69 17 127
69 18 120
69 25 138
69 29 82
69 30 45
69 32 72
69 33 10
69 34 60
69 37 65
69 39 64
69 40 155
69 43 16
69 46 68
69 49 65
69 52 108
69 54 51
69 55 127
69 56 153
69 58 33
69 63 63
69 66 97
69 67 95
69 68 104
