50
1 0 20
3 1 30
3 2 39
4 0 20
4 3 36
5 0 28
5 1 1
6 4 5
7 6 33
8 2 14
9 2 38
9 5 7
9 6 25
10 5 15
11 0 13
11 4 33
11 5 20
11 7 34
11 8 40
11 9 22
11 10 36
12 1 23
12 3 36
12 9 32
12 11 28
13 0 15
13 1 22
13 2 26
13 5 31
13 6 18
13 7 29
13 9 34
13 11 13
13 12 20
14 0 18
14 1 23
14 2 20
14 3 18
14 5 24
14 8 12
14 10 34
14 13 14
15 0 17
15 2 5
15 6 24
15 9 7
15 11 20
15 12 2
16 0 5
16 2 6
16 3 32
16 7 40
16 8 39
16 11 34
16 14 7
16 15 34
17 6 35
17 10 19
17 16 3
18 5 15
18 9 33
18 11 16
18 13 16
18 15 39
18 16 17
19 2 11
19 3 25
19 4 36
19 11 14
19 12 19
19 17 20
20 0 35
20 4 13
20 7 18
20 9 12
20 11 8
20 13 29
20 15 40
20 18 26
20 19 4
21 6 23
21 10 18
21 11 6
21 12 20
21 14 25
21 18 19
21 20 20
22 3 28
22 4 40
22 5 10
22 6 18
22 8 34
22 9 22
22 11 37
22 12 10
22 13 27
22 14 28
22 21 21
23 2 39
23 5 12
23 6 25
23 9 23
23 10 40
23 11 23
23 12 8
23 13 27
23 14 8
23 16 6
23 19 38
24 2 14
24 8 30
24 12 18
24 13 2
24 14 1
24 15 25
24 22 5
24 23 38
25 1 1
25 6 28
25 14 22
25 17 21
25 19 32
25 20 18
25 21 18
26 0 24
26 2 29
26 3 32
26 6 10
26 11 20
26 14 23
26 18 2
26 19 11
26 21 36
26 23 24
26 24 27
27 0 15
27 4 37
27 7 31
27 8 7
27 9 32
27 11 29
27 12 23
27 13 10
27 14 13
27 17 34
27 19 7
27 20 11
28 0 5
28 4 11
28 5 2
28 8 34
28 9 12
28 16 16
28 18 26
28 21 5
28 22 8
28 23 37
28 24 29
28 26 35
29 2 21
29 4 36
29 6 38
29 8 27
29 12 39
29 13 8
29 16 26
29 18 23
29 21 33
29 24 9
30 1 35
30 2 25
30 3 20
30 4 22
30 5 2
30 6 34
30 8 31
30 10 36
30 11 21
30 12 26
30 14 12
30 15 38
30 20 34
30 21 11
30 26 10
30 28 18
31 0 21
31 1 30
31 3 6
31 4 18
31 6 26
31 7 38
31 8 18
31 9 32
31 12 23
31 13 34
31 16 8
31 17 16
31 20 29
31 23 11
31 24 7
31 25 23
31 26 32
31 27 37
31 28 3
32 1 11
32 5 38
32 8 16
32 14 34
32 15 12
32 16 6
32 17 30
32 18 16
32 20 15
32 26 33
32 28 1
32 29 7
33 0 26
33 1 28
33 3 7
33 6 38
33 7 32
33 8 22
33 10 6
33 13 20
33 14 19
33 15 20
33 18 15
33 20 19
33 21 3
33 22 23
33 25 32
33 26 5
33 30 19
34 0 9
34 5 25
34 6 2
34 9 18
34 10 4
34 12 17
34 13 11
34 14 27
34 16 2
34 19 2
34 20 14
34 27 23
34 30 37
34 32 10
35 3 6
35 5 37
35 8 21
35 12 1
35 14 1
35 15 3
35 16 13
35 17 8
35 25 20
35 30 24
35 33 5
36 1 29
36 2 31
36 4 1
36 8 3
36 10 5
36 12 29
36 16 39
36 24 30
36 30 25
36 31 37
36 33 24
36 34 17
37 1 24
37 2 26
37 3 15
37 5 15
37 7 17
37 8 40
37 9 21
37 11 19
37 15 23
37 19 2
37 23 11
37 25 33
37 30 39
37 31 22
37 34 17
38 5 35
38 9 10
38 12 29
38 13 16
38 16 23
38 17 9
38 19 7
38 20 39
38 21 1
38 25 36
38 26 8
38 32 3
38 33 24
38 36 17
39 2 26
39 5 39
39 10 4
39 11 34
39 13 35
39 16 31
39 17 39
39 19 21
39 27 29
39 28 7
39 29 6
39 30 28
39 36 35
39 38 32
40 0 20
40 4 5
40 5 1
40 8 14
40 9 11
40 10 10
40 11 24
40 12 22
40 17 16
40 19 8
40 22 18
40 27 1
40 30 12
40 32 19
40 33 20
40 34 5
40 35 3
40 38 3
41 0 38
41 2 4
41 3 28
41 4 9
41 5 6
41 7 5
41 8 14
41 10 22
41 12 11
41 13 40
41 14 17
41 15 10
41 18 21
41 19 33
41 21 5
41 27 3
41 31 5
41 32 39
41 34 30
41 36 40
41 37 17
42 6 14
42 11 15
42 13 13
42 20 20
42 23 2
42 24 36
42 25 30
42 28 28
42 31 8
42 39 29
42 40 37
42 41 25
43 2 4
43 4 12
43 5 30
43 8 14
43 9 29
43 15 8
43 17 6
43 26 37
43 27 40
43 29 38
43 30 22
43 33 11
43 35 14
43 39 13
43 42 13
44 0 2
44 4 18
44 5 27
44 6 5
44 7 27
44 9 5
44 10 1
44 15 33
44 16 6
44 22 35
44 26 4
44 27 26
44 30 23
44 34 19
44 37 34
44 41 38
45 0 31
45 1 12
45 2 32
45 4 2
45 5 9
45 13 15
45 15 32
45 17 36
45 21 27
45 22 16
45 25 26
45 36 13
45 37 4
45 38 19
45 39 16
45 41 35
46 1 31
46 2 9
46 4 35
46 6 35
46 7 8
46 8 31
46 9 16
46 11 17
46 12 36
46 17 3
46 18 19
46 21 2
46 24 27
46 25 27
46 31 14
46 32 15
46 33 10
46 34 32
46 39 10
46 40 32
46 41 18
46 42 6
46 43 39
46 44 36
47 2 39
47 3 15
47 5 11
47 7 16
47 15 35
47 20 3
47 23 33
47 29 17
47 31 19
47 32 4
47 34 39
47 40 40
47 41 8
47 46 27
48 2 3
48 3 12
48 6 34
48 7 34
48 8 21
48 12 13
48 13 32
48 14 20
48 16 5
48 20 22
48 21 39
48 23 40
48 25 8
48 26 11
48 27 35
48 30 9
48 31 5
48 33 11
48 34 4
48 35 18
48 36 25
48 39 10
48 40 8
48 41 29
48 46 40
49 3 24
49 5 3
49 9 30
49 19 14
49 24 23
49 25 22
49 30 11
49 33 4
49 37 4
49 39 25
49 42 14
49 44 33
49 48 2
