30
2 0 215
3 0 142
3 2 33
4 0 216
4 2 298
5 3 142
6 1 276
7 2 255
8 4 67
9 2 153
9 4 284
10 0 179
10 7 313
10 8 216
10 9 254
11 2 190
11 7 155
12 2 128
12 4 13
12 7 175
12 9 281
13 4 253
13 8 309
14 1 154
14 2 2
14 3 174
14 12 129
15 6 9
15 9 78
15 10 52
16 0 191
16 4 159
16 7 119
16 8 33
16 12 213
16 13 91
17 11 225
17 15 111
18 2 128
18 11 111
18 12 22
18 14 95
18 15 62
19 2 314
19 3 30
19 5 107
19 6 252
19 10 306
19 12 28
19 15 141
19 16 180
19 17 181
20 0 171
20 2 279
20 3 90
20 9 65
20 11 197
20 12 5
20 15 244
20 17 196
20 18 12
20 19 173
21 5 205
21 10 132
21 14 266
21 15 193
21 17 226
21 18 81
22 7 259
22 14 293
22 18 6
22 20 121
23 2 214
23 3 80
23 4 280
23 7 228
23 8 242
23 9 147
23 11 197
23 13 58
23 18 120
23 19 54
24 4 245
24 5 258
24 8 117
24 14 70
24 15 185
24 20 72
24 23 150
25 6 308
25 15 319
25 18 237
26 1 7
26 9 260
26 12 183
26 16 262
26 20 319
26 21 267
27 0 97
27 4 52
27 5 165
27 6 66
27 7 140
27 9 123
27 23 68
28 5 232
28 9 277
28 11 36
28 12 292
28 13 260
28 20 12
28 21 78
28 25 18
28 26 66
29 0 86
29 8 51
29 19 113
29 20 144
29 21 315
