20
1 0 7
2 0 5
3 0 2
3 1 10
3 2 1
4 0 20
4 1 11
4 2 2
4 3 14
5 0 4
5 2 8
5 3 3
5 4 3
6 0 9
6 1 20
6 2 4
6 3 3
6 4 15
6 5 11
7 0 18
7 1 10
7 2 19
7 3 13
7 4 8
7 5 14
7 6 19
8 0 8
8 2 14
8 3 16
8 4 2
8 5 13
8 6 15
8 7 1
9 0 5
9 1 14
9 2 5
9 4 9
9 5 3
9 6 9
9 7 1
10 0 16
10 1 14
10 3 14
10 4 14
10 5 13
10 6 13
10 8 5
10 9 19
11 1 2
11 2 7
11 3 3
11 5 8
11 6 5
11 7 3
11 9 5
11 10 2
12 0 11
12 1 14
12 5 15
12 6 14
12 7 7
12 8 16
12 9 14
12 11 12
13 0 1
13 1 17
13 2 7
13 5 9
13 6 7
13 7 13
13 8 10
13 10 7
13 11 2
13 12 1
14 0 4
14 1 5
14 2 13
14 3 13
14 4 3
14 5 5
14 6 4
14 7 18
14 9 3
14 10 3
14 11 7
14 12 6
14 13 6
15 0 4
15 1 3
15 2 17
15 3 16
15 4 1
15 5 15
15 6 9
15 7 20
15 9 2
15 12 14
15 13 1
15 14 8
16 0 14
16 1 11
16 2 9
16 4 8
16 5 5
16 6 2
16 7 9
16 8 15
16 9 8
16 10 1
16 11 6
16 12 16
16 14 7
16 15 19
17 2 19
17 3 10
17 4 9
17 5 4
17 6 9
17 8 20
17 9 10
17 10 6
17 11 5
17 12 11
17 13 11
17 14 5
17 15 9
17 16 8
18 1 6
18 3 3
18 5 16
18 6 5
18 7 5
18 8 14
18 10 13
18 11 5
18 12 6
18 13 4
18 14 3
18 15 7
18 16 9
18 17 15
19 0 12
19 1 15
19 3 20
19 4 5
19 6 2
19 8 11
19 9 18
19 10 10
19 13 2
19 14 8
19 15 18
19 16 5
19 17 12
19 18 11
