20
1 0 172
3 1 265
3 2 272
4 1 80
5 2 300
5 3 305
5 4 207
6 2 41
6 3 147
6 4 206
7 0 181
7 1 77
7 2 93
7 3 95
7 4 118
7 5 316
8 5 142
8 6 252
8 7 238
9 2 26
9 3 305
9 5 116
9 6 17
9 8 41
10 0 287
10 3 85
10 4 305
10 8 24
11 0 290
11 1 107
11 4 107
11 6 153
11 8 258
11 9 37
12 0 195
12 1 307
12 3 213
12 4 157
12 5 260
12 7 303
12 11 145
13 2 300
13 3 61
13 8 112
13 9 57
14 0 280
14 4 191
14 6 32
14 9 182
14 11 43
14 12 53
15 4 99
15 5 216
15 10 295
15 11 114
15 12 14
15 14 128
16 4 311
16 8 40
16 9 219
16 11 93
16 13 286
16 14 91
17 0 146
17 2 36
17 6 174
17 7 59
17 8 54
17 9 97
17 11 241
17 12 159
17 15 108
17 16 169
18 0 246
18 1 85
18 2 234
18 4 275
18 5 132
18 8 20
18 9 20
18 12 90
18 13 149
19 0 304
19 3 19
19 4 138
19 5 184
19 6 34
19 8 202
19 12 234
19 16 98
19 17 80
