70
1 0 14
2 0 23
2 1 2
3 0 11
3 1 32
3 2 13
4 0 7
4 1 21
4 2 4
4 3 37
5 0 38
5 1 7
5 2 6
5 3 32
5 4 29
6 0 1
6 1 18
6 2 39
6 3 9
6 4 9
6 5 4
7 0 14
7 1 33
7 2 24
7 3 38
7 4 29
7 5 3
7 6 3
8 0 23
8 1 5
8 2 5
8 3 15
8 4 14
8 5 9
8 6 12
8 7 21
9 0 11
9 1 13
9 2 9
9 3 39
9 4 39
9 5 16
9 6 4
9 7 5
9 8 35
10 0 32
10 1 40
10 2 15
10 3 37
10 4 27
10 5 22
10 6 25
10 7 2
10 8 21
10 9 37
11 0 12
11 1 1
11 2 7
11 3 15
11 4 14
11 5 3
11 6 35
11 7 32
11 8 7
11 9 37
11 10 33
12 0 17
12 1 2
12 2 34
12 3 7
12 4 23
12 5 29
12 6 32
12 7 28
12 8 13
12 9 40
12 10 37
12 11 31
13 0 27
13 1 37
13 2 1
13 3 23
13 4 39
13 5 17
13 6 25
13 7 16
13 8 6
13 9 30
13 10 27
13 11 27
13 12 11
14 0 5
14 1 13
14 2 3
14 3 21
14 4 9
14 5 40
14 6 20
14 7 20
14 8 26
14 9 36
14 10 13
14 11 18
14 12 12
14 13 22
15 0 37
15 1 39
15 2 18
15 3 2
15 4 3
15 5 40
15 6 36
15 7 14
15 8 17
15 9 19
15 10 22
15 11 6
15 12 23
15 13 33
15 14 40
16 0 36
16 1 22
16 2 38
16 3 19
16 4 29
16 5 3
16 6 35
16 7 33
16 8 40
16 9 15
16 10 31
16 11 19
16 12 17
16 13 32
16 14 6
16 15 32
17 0 14
17 1 18
17 2 20
17 3 38
17 4 37
17 5 17
17 6 29
17 7 6
17 8 13
17 9 23
17 10 3
17 11 16
17 12 2
17 13 30
17 14 4
17 15 29
17 16 7
18 0 1
18 1 23
18 2 16
18 3 33
18 4 8
18 5 28
18 6 32
18 7 20
18 8 31
18 9 18
18 10 6
18 11 35
18 12 11
18 13 25
18 14 40
18 15 10
18 16 5
18 17 6
19 0 3
19 1 29
19 2 38
19 3 29
19 4 5
19 5 35
19 6 2
19 7 18
19 8 37
19 9 17
19 10 36
19 11 28
19 12 13
19 13 6
19 14 13
19 15 35
19 16 1
19 17 4
19 18 30
20 0 31
20 1 34
20 2 37
20 3 14
20 4 6
20 5 1
20 6 28
20 7 12
20 8 10
20 9 18
20 10 26
20 11 15
20 12 26
20 13 24
20 14 32
20 15 18
20 16 24
20 17 9
20 18 3
20 19 33
21 0 26
21 1 35
21 2 30
21 3 15
21 4 20
21 5 2
21 6 12
21 7 37
21 8 35
21 9 34
21 10 21
21 11 11
21 12 18
21 13 23
21 14 6
21 15 6
21 16 29
21 17 11
21 18 1
21 19 15
21 20 14
22 0 29
22 1 10
22 2 18
22 3 28
22 4 27
22 5 17
22 6 22
22 7 15
22 8 33
22 9 32
22 10 39
22 11 30
22 12 36
22 13 21
22 14 8
22 15 8
22 16 12
22 17 21
22 18 23
22 19 22
22 20 29
22 21 9
23 0 28
23 1 16
23 2 26
23 3 11
23 4 38
23 5 35
23 6 2
23 7 16
23 8 7
23 9 37
23 10 18
23 11 16
23 12 18
23 13 36
23 14 39
23 15 13
23 16 29
23 17 9
23 18 19
23 19 17
23 20 28
23 21 18
23 22 27
24 0 35
24 1 40
24 2 2
24 3 23
24 4 38
24 5 23
24 6 16
24 7 7
24 8 10
24 9 19
24 10 4
24 11 1
24 12 2
24 13 11
24 14 30
24 15 26
24 16 10
24 17 29
24 18 13
24 19 26
24 20 1
24 21 26
24 22 5
24 23 35
25 0 16
25 1 25
25 2 38
25 3 2
25 4 16
25 5 25
25 6 33
25 7 7
25 8 12
25 9 15
25 10 16
25 11 32
25 12 16
25 13 35
25 14 7
25 15 18
25 16 1
25 17 26
25 18 28
25 19 3
25 20 33
25 21 23
25 22 28
25 23 27
25 24 30
26 0 19
26 1 35
26 2 29
26 3 5
26 4 19
26 5 16
26 6 22
26 7 15
26 8 5
26 9 35
26 10 36
26 11 39
26 12 35
26 13 34
26 14 27
26 15 11
26 16 39
26 17 17
26 18 19
26 19 8
26 20 10
26 21 21
26 22 28
26 23 8
26 24 8
26 25 20
27 0 28
27 1 38
27 2 19
27 3 33
27 4 7
27 5 15
27 6 19
27 7 20
27 8 27
27 9 18
27 10 30
27 11 16
27 12 9
27 13 18
27 14 20
27 15 10
27 16 1
27 17 34
27 18 11
27 19 8
27 20 1
27 21 37
27 22 24
27 23 31
27 24 27
27 25 28
27 26 16
28 0 25
28 1 9
28 2 10
28 3 3
28 4 28
28 5 22
28 6 23
28 7 32
28 8 28
28 9 33
28 10 22
28 11 25
28 12 18
28 13 11
28 14 7
28 15 37
28 16 10
28 17 9
28 18 40
28 19 26
28 20 4
28 21 11
28 22 32
28 23 18
28 24 31
28 25 31
28 26 25
28 27 18
29 0 9
29 1 16
29 2 4
29 3 8
29 4 35
29 5 20
29 6 1
29 7 13
29 8 3
29 9 3
29 10 11
29 11 32
29 12 3
29 13 3
29 14 13
29 15 28
29 16 37
29 17 9
29 18 25
29 19 3
29 20 1
29 21 8
29 22 5
29 23 6
29 24 32
29 25 14
29 26 14
29 27 4
29 28 20
30 0 12
30 1 32
30 2 9
30 3 10
30 4 22
30 5 38
30 6 30
30 7 22
30 8 15
30 9 23
30 10 13
30 11 19
30 12 35
30 13 28
30 14 12
30 15 15
30 16 11
30 17 1
30 18 24
30 19 28
30 20 11
30 21 30
30 22 7
30 23 21
30 24 12
30 25 16
30 26 17
30 27 31
30 28 5
30 29 16
31 0 39
31 1 33
31 2 40
31 3 15
31 4 10
31 5 35
31 6 11
31 7 34
31 8 28
31 9 14
31 10 10
31 11 28
31 12 38
31 13 30
31 14 25
31 15 8
31 16 34
31 17 20
31 18 36
31 19 38
31 20 18
31 21 34
31 22 17
31 23 40
31 24 8
31 25 37
31 26 10
31 27 20
31 28 1
31 29 1
31 30 29
32 0 39
32 1 9
32 2 20
32 3 16
32 4 25
32 5 31
32 6 5
32 7 38
32 8 7
32 9 7
32 10 11
32 11 11
32 12 24
32 13 25
32 14 5
32 15 18
32 16 22
32 17 36
32 18 18
32 19 24
32 20 38
32 21 31
32 22 14
32 23 1
32 24 34
32 25 11
32 26 14
32 27 23
32 28 34
32 29 25
32 30 40
32 31 29
33 0 30
33 1 14
33 2 6
33 3 14
33 4 28
33 5 37
33 6 32
33 7 19
33 8 27
33 9 4
33 10 2
33 11 16
33 12 24
33 13 23
33 14 2
33 15 35
33 16 23
33 17 38
33 18 39
33 19 19
33 20 7
33 21 28
33 22 29
33 23 39
33 24 17
33 25 38
33 26 23
33 27 29
33 28 13
33 29 12
33 30 3
33 31 9
33 32 32
34 0 24
34 1 40
34 2 9
34 3 14
34 4 2
34 5 5
34 6 12
34 7 3
34 8 13
34 9 37
34 10 23
34 11 30
34 12 39
34 13 31
34 14 5
34 15 30
34 16 26
34 17 6
34 18 6
34 19 25
34 20 1
34 21 31
34 22 35
34 23 11
34 24 6
34 25 29
34 26 10
34 27 34
34 28 22
34 29 11
34 30 4
34 31 9
34 32 37
34 33 21
35 0 39
35 1 22
35 2 30
35 3 14
35 4 27
35 5 35
35 6 29
35 7 11
35 8 39
35 9 20
35 10 2
35 11 1
35 12 10
35 13 37
35 14 2
35 15 7
35 16 38
35 17 37
35 18 18
35 19 5
35 20 8
35 21 38
35 22 20
35 23 35
35 24 36
35 25 2
35 26 24
35 27 36
35 28 3
35 29 33
35 30 7
35 31 1
35 32 13
35 33 6
35 34 3
36 0 18
36 1 33
36 2 35
36 3 18
36 4 12
36 5 3
36 6 14
36 7 11
36 8 25
36 9 11
36 10 1
36 11 28
36 12 38
36 13 3
36 14 34
36 15 28
36 16 40
36 17 16
36 18 28
36 19 17
36 20 28
36 21 37
36 22 39
36 23 21
36 24 11
36 25 40
36 26 29
36 27 15
36 28 14
36 29 40
36 30 24
36 31 27
36 32 31
36 33 40
36 34 35
36 35 39
37 0 24
37 1 33
37 2 22
37 3 22
37 4 9
37 5 12
37 6 23
37 7 31
37 8 28
37 9 31
37 10 5
37 11 26
37 12 31
37 13 3
37 14 3
37 15 11
37 16 9
37 17 1
37 18 27
37 19 11
37 20 11
37 21 33
37 22 2
37 23 30
37 24 23
37 25 30
37 26 21
37 27 1
37 28 27
37 29 29
37 30 15
37 31 14
37 32 38
37 33 31
37 34 27
37 35 10
37 36 36
38 0 29
38 1 16
38 2 13
38 3 29
38 4 17
38 5 38
38 6 23
38 7 30
38 8 8
38 9 25
38 10 22
38 11 12
38 12 27
38 13 37
38 14 1
38 15 2
38 16 37
38 17 22
38 18 36
38 19 24
38 20 26
38 21 15
38 22 17
38 23 8
38 24 36
38 25 6
38 26 11
38 27 33
38 28 14
38 29 13
38 30 22
38 31 33
38 32 18
38 33 16
38 34 15
38 35 39
38 36 30
38 37 29
39 0 8
39 1 26
39 2 8
39 3 22
39 4 38
39 5 20
39 6 9
39 7 35
39 8 7
39 9 29
39 10 8
39 11 14
39 12 40
39 13 34
39 14 6
39 15 7
39 16 14
39 17 31
39 18 39
39 19 38
39 20 12
39 21 7
39 22 33
39 23 32
39 24 18
39 25 36
39 26 35
39 27 2
39 28 2
39 29 29
39 30 39
39 31 29
39 32 37
39 33 16
39 34 3
39 35 14
39 36 28
39 37 21
39 38 1
40 0 25
40 1 24
40 2 37
40 3 7
40 4 18
40 5 39
40 6 36
40 7 10
40 8 3
40 9 17
40 10 30
40 11 7
40 12 8
40 13 1
40 14 39
40 15 28
40 16 29
40 17 38
40 18 19
40 19 8
40 20 4
40 21 31
40 22 10
40 23 38
40 24 27
40 25 38
40 26 32
40 27 29
40 28 19
40 29 21
40 30 3
40 31 25
40 32 39
40 33 31
40 34 23
40 35 9
40 36 23
40 37 22
40 38 5
40 39 27
41 0 4
41 1 28
41 2 7
41 3 20
41 4 23
41 5 5
41 6 40
41 7 25
41 8 29
41 9 10
41 10 37
41 11 21
41 12 13
41 13 17
41 14 20
41 15 13
41 16 21
41 17 19
41 18 1
41 19 37
41 20 39
41 21 36
41 22 14
41 23 36
41 24 1
41 25 36
41 26 20
41 27 28
41 28 26
41 29 22
41 30 17
41 31 4
41 32 29
41 33 31
41 34 15
41 35 1
41 36 28
41 37 27
41 38 13
41 39 29
41 40 3
42 0 37
42 1 16
42 2 1
42 3 1
42 4 21
42 5 28
42 6 30
42 7 39
42 8 31
42 9 20
42 10 21
42 11 9
42 12 8
42 13 32
42 14 10
42 15 36
42 16 5
42 17 40
42 18 5
42 19 23
42 20 37
42 21 31
42 22 5
42 23 22
42 24 37
42 25 28
42 26 1
42 27 31
42 28 8
42 29 5
42 30 27
42 31 14
42 32 37
42 33 14
42 34 2
42 35 33
42 36 11
42 37 1
42 38 36
42 39 9
42 40 18
42 41 14
43 0 28
43 1 20
43 2 36
43 3 30
43 4 27
43 5 12
43 6 26
43 7 27
43 8 12
43 9 32
43 10 39
43 11 40
43 12 24
43 13 2
43 14 13
43 15 2
43 16 2
43 17 11
43 18 31
43 19 12
43 20 37
43 21 4
43 22 40
43 23 14
43 24 15
43 25 9
43 26 34
43 27 11
43 28 33
43 29 23
43 30 19
43 31 7
43 32 1
43 33 24
43 34 23
43 35 40
43 36 2
43 37 11
43 38 36
43 39 37
43 40 18
43 41 3
43 42 21
44 0 12
44 1 30
44 2 3
44 3 4
44 4 25
44 5 8
44 6 25
44 7 15
44 8 3
44 9 30
44 10 19
44 11 22
44 12 23
44 13 12
44 14 13
44 15 19
44 16 22
44 17 38
44 18 6
44 19 18
44 20 29
44 21 23
44 22 27
44 23 9
44 24 25
44 25 6
44 26 29
44 27 27
44 28 27
44 29 18
44 30 1
44 31 1
44 32 1
44 33 11
44 34 25
44 35 25
44 36 23
44 37 8
44 38 31
44 39 33
44 40 28
44 41 20
44 42 36
44 43 2
45 0 25
45 1 30
45 2 18
45 3 26
45 4 35
45 5 9
45 6 20
45 7 31
45 8 19
45 9 11
45 10 26
45 11 16
45 12 20
45 13 37
45 14 11
45 15 13
45 16 2
45 17 37
45 18 32
45 19 28
45 20 11
45 21 19
45 22 17
45 23 22
45 24 25
45 25 22
45 26 34
45 27 3
45 28 2
45 29 29
45 30 29
45 31 1
45 32 3
45 33 23
45 34 33
45 35 6
45 36 31
45 37 19
45 38 9
45 39 27
45 40 11
45 41 33
45 42 4
45 43 10
45 44 38
46 0 23
46 1 29
46 2 35
46 3 39
46 4 17
46 5 34
46 6 31
46 7 22
46 8 23
46 9 27
46 10 39
46 11 30
46 12 30
46 13 39
46 14 14
46 15 16
46 16 13
46 17 37
46 18 13
46 19 5
46 20 24
46 21 7
46 22 17
46 23 6
46 24 11
46 25 29
46 26 19
46 27 4
46 28 40
46 29 31
46 30 32
46 31 22
46 32 29
46 33 32
46 34 10
46 35 36
46 36 22
46 37 17
46 38 25
46 39 17
46 40 27
46 41 26
46 42 30
46 43 31
46 44 17
46 45 28
47 0 10
47 1 39
47 2 28
47 3 27
47 4 6
47 5 12
47 6 31
47 7 19
47 8 21
47 9 28
47 10 13
47 11 32
47 12 27
47 13 26
47 14 31
47 15 10
47 16 1
47 17 24
47 18 25
47 19 33
47 20 12
47 21 16
47 22 7
47 23 14
47 24 34
47 25 8
47 26 4
47 27 13
47 28 15
47 29 8
47 30 17
47 31 33
47 32 37
47 33 26
47 34 38
47 35 3
47 36 14
47 37 7
47 38 15
47 39 21
47 40 15
47 41 28
47 42 22
47 43 12
47 44 9
47 45 1
47 46 20
48 0 27
48 1 4
48 2 38
48 3 8
48 4 14
48 5 3
48 6 32
48 7 22
48 8 22
48 9 19
48 10 22
48 11 15
48 12 2
48 13 17
48 14 25
48 15 3
48 16 39
48 17 13
48 18 22
48 19 39
48 20 31
48 21 19
48 22 34
48 23 7
48 24 27
48 25 38
48 26 27
48 27 8
48 28 32
48 29 21
48 30 13
48 31 38
48 32 14
48 33 19
48 34 19
48 35 15
48 36 31
48 37 39
48 38 39
48 39 18
48 40 37
48 41 6
48 42 7
48 43 21
48 44 13
48 45 20
48 46 22
48 47 11
49 0 13
49 1 8
49 2 32
49 3 27
49 4 24
49 5 1
49 6 30
49 7 22
49 8 15
49 9 14
49 10 38
49 11 1
49 12 9
49 13 29
49 14 14
49 15 28
49 16 16
49 17 40
49 18 37
49 19 3
49 20 2
49 21 34
49 22 34
49 23 17
49 24 30
49 25 11
49 26 22
49 27 4
49 28 9
49 29 21
49 30 2
49 31 26
49 32 5
49 33 14
49 34 6
49 35 1
49 36 13
49 37 20
49 38 11
49 39 26
49 40 40
49 41 40
49 42 17
49 43 21
49 44 25
49 45 30
49 46 12
49 47 40
49 48 19
50 0 9
50 1 18
50 2 17
50 3 14
50 4 5
50 5 5
50 6 31
50 7 20
50 8 3
50 9 15
50 10 20
50 11 11
50 12 32
50 13 13
50 14 29
50 15 21
50 16 31
50 17 22
50 18 15
50 19 6
50 20 24
50 21 14
50 22 23
50 23 12
50 24 33
50 25 6
50 26 38
50 27 24
50 28 24
50 29 15
50 30 6
50 31 14
50 32 16
50 33 10
50 34 39
50 35 26
50 36 5
50 37 37
50 38 36
50 39 20
50 40 37
50 41 18
50 42 39
50 43 38
50 44 8
50 45 18
50 46 5
50 47 4
50 48 33
50 49 37
51 0 19
51 1 22
51 2 18
51 3 8
51 4 21
51 5 9
51 6 14
51 7 1
51 8 24
51 9 8
51 10 14
51 11 15
51 12 24
51 13 22
51 14 29
51 15 14
51 16 29
51 17 21
51 18 2
51 19 20
51 20 14
51 21 19
51 22 14
51 23 8
51 24 33
51 25 20
51 26 16
51 27 38
51 28 24
51 29 24
51 30 13
51 31 30
51 32 28
51 33 31
51 34 27
51 35 38
51 36 36
51 37 20
51 38 37
51 39 18
51 40 35
51 41 18
51 42 18
51 43 20
51 44 3
51 45 7
51 46 19
51 47 4
51 48 18
51 49 25
51 50 7
52 0 30
52 1 39
52 2 12
52 3 11
52 4 16
52 5 25
52 6 15
52 7 34
52 8 22
52 9 14
52 10 19
52 11 32
52 12 29
52 13 7
52 14 23
52 15 20
52 16 13
52 17 24
52 18 14
52 19 33
52 20 38
52 21 20
52 22 40
52 23 31
52 24 36
52 25 27
52 26 13
52 27 7
52 28 1
52 29 28
52 30 18
52 31 3
52 32 2
52 33 7
52 34 25
52 35 6
52 36 30
52 37 12
52 38 5
52 39 6
52 40 31
52 41 2
52 42 29
52 43 22
52 44 20
52 45 38
52 46 35
52 47 5
52 48 7
52 49 39
52 50 40
52 51 19
53 0 33
53 1 26
53 2 33
53 3 33
53 4 15
53 5 9
53 6 37
53 7 30
53 8 9
53 9 1
53 10 39
53 11 29
53 12 32
53 13 36
53 14 22
53 15 4
53 16 24
53 17 13
53 18 33
53 19 1
53 20 23
53 21 3
53 22 16
53 23 34
53 24 8
53 25 6
53 26 15
53 27 25
53 28 13
53 29 8
53 30 21
53 31 19
53 32 37
53 33 4
53 34 37
53 35 37
53 36 39
53 37 8
53 38 13
53 39 24
53 40 11
53 41 7
53 42 13
53 43 26
53 44 3
53 45 38
53 46 9
53 47 3
53 48 25
53 49 33
53 50 39
53 51 25
53 52 3
54 0 26
54 1 10
54 2 5
54 3 6
54 4 5
54 5 10
54 6 10
54 7 4
54 8 11
54 9 16
54 10 36
54 11 6
54 12 18
54 13 35
54 14 11
54 15 30
54 16 2
54 17 38
54 18 37
54 19 30
54 20 6
54 21 16
54 22 7
54 23 14
54 24 4
54 25 24
54 26 40
54 27 17
54 28 32
54 29 38
54 30 22
54 31 5
54 32 37
54 33 21
54 34 4
54 35 25
54 36 24
54 37 32
54 38 23
54 39 40
54 40 7
54 41 6
54 42 15
54 43 6
54 44 6
54 45 20
54 46 9
54 47 14
54 48 10
54 49 38
54 50 30
54 51 36
54 52 18
54 53 22
55 0 15
55 1 4
55 2 7
55 3 40
55 4 1
55 5 7
55 6 12
55 7 29
55 8 5
55 9 1
55 10 11
55 11 20
55 12 34
55 13 12
55 14 35
55 15 5
55 16 26
55 17 16
55 18 7
55 19 3
55 20 12
55 21 3
55 22 32
55 23 26
55 24 12
55 25 25
55 26 23
55 27 35
55 28 4
55 29 14
55 30 8
55 31 9
55 32 19
55 33 19
55 34 13
55 35 32
55 36 22
55 37 12
55 38 18
55 39 23
55 40 18
55 41 8
55 42 15
55 43 8
55 44 6
55 45 3
55 46 37
55 47 27
55 48 2
55 49 6
55 50 33
55 51 33
55 52 36
55 53 5
55 54 6
56 0 27
56 1 20
56 2 16
56 3 4
56 4 16
56 5 7
56 6 28
56 7 10
56 8 26
56 9 34
56 10 39
56 11 4
56 12 4
56 13 18
56 14 8
56 15 30
56 16 29
56 17 26
56 18 31
56 19 11
56 20 38
56 21 19
56 22 28
56 23 23
56 24 3
56 25 9
56 26 10
56 27 8
56 28 4
56 29 19
56 30 8
56 31 18
56 32 10
56 33 14
56 34 3
56 35 20
56 36 31
56 37 22
56 38 7
56 39 18
56 40 17
56 41 9
56 42 2
56 43 23
56 44 15
56 45 8
56 46 31
56 47 6
56 48 36
56 49 38
56 50 11
56 51 30
56 52 9
56 53 9
56 54 14
56 55 27
57 0 25
57 1 21
57 2 24
57 3 39
57 4 12
57 5 19
57 6 27
57 7 16
57 8 38
57 9 4
57 10 10
57 11 4
57 12 28
57 13 8
57 14 16
57 15 28
57 16 11
57 17 33
57 18 34
57 19 25
57 20 5
57 21 3
57 22 9
57 23 10
57 24 5
57 25 36
57 26 12
57 27 12
57 28 5
57 29 33
57 30 17
57 31 10
57 32 3
57 33 13
57 34 18
57 35 29
57 36 8
57 37 32
57 38 37
57 39 20
57 40 34
57 41 35
57 42 17
57 43 3
57 44 36
57 45 34
57 46 34
57 47 7
57 48 24
57 49 22
57 50 30
57 51 1
57 52 22
57 53 11
57 54 21
57 55 15
57 56 12
58 0 19
58 1 7
58 2 13
58 3 3
58 4 38
58 5 40
58 6 26
58 7 7
58 8 13
58 9 10
58 10 37
58 11 23
58 12 29
58 13 2
58 14 3
58 15 12
58 16 32
58 17 26
58 18 27
58 19 29
58 20 38
58 21 30
58 22 17
58 23 8
58 24 4
58 25 6
58 26 21
58 27 7
58 28 4
58 29 13
58 30 35
58 31 35
58 32 13
58 33 24
58 34 15
58 35 23
58 36 28
58 37 28
58 38 26
58 39 19
58 40 22
58 41 9
58 42 8
58 43 35
58 44 13
58 45 21
58 46 17
58 47 21
58 48 9
58 49 5
58 50 10
58 51 37
58 52 37
58 53 19
58 54 23
58 55 39
58 56 8
58 57 1
59 0 7
59 1 20
59 2 2
59 3 13
59 4 5
59 5 19
59 6 30
59 7 10
59 8 7
59 9 30
59 10 24
59 11 9
59 12 30
59 13 32
59 14 24
59 15 2
59 16 19
59 17 34
59 18 16
59 19 33
59 20 3
59 21 11
59 22 34
59 23 39
59 24 19
59 25 7
59 26 12
59 27 18
59 28 17
59 29 16
59 30 25
59 31 24
59 32 10
59 33 29
59 34 4
59 35 7
59 36 33
59 37 25
59 38 3
59 39 20
59 40 36
59 41 1
59 42 39
59 43 2
59 44 7
59 45 1
59 46 33
59 47 19
59 48 3
59 49 10
59 50 32
59 51 5
59 52 35
59 53 19
59 54 32
59 55 31
59 56 21
59 57 33
59 58 36
60 0 26
60 1 28
60 2 17
60 3 19
60 4 4
60 5 28
60 6 13
60 7 28
60 8 1
60 9 1
60 10 13
60 11 25
60 12 5
60 13 10
60 14 33
60 15 36
60 16 3
60 17 5
60 18 31
60 19 16
60 20 39
60 21 38
60 22 19
60 23 17
60 24 37
60 25 7
60 26 36
60 27 38
60 28 13
60 29 8
60 30 21
60 31 36
60 32 10
60 33 6
60 34 37
60 35 14
60 36 10
60 37 1
60 38 30
60 39 3
60 40 5
60 41 14
60 42 33
60 43 40
60 44 33
60 45 27
60 46 8
60 47 22
60 48 9
60 49 36
60 50 36
60 51 21
60 52 20
60 53 31
60 54 7
60 55 22
60 56 28
60 57 37
60 58 33
60 59 37
61 0 8
61 1 4
61 2 35
61 3 7
61 4 16
61 5 26
61 6 19
61 7 14
61 8 1
61 9 23
61 10 4
61 11 11
61 12 24
61 13 7
61 14 3
61 15 7
61 16 39
61 17 17
61 18 19
61 19 6
61 20 8
61 21 3
61 22 12
61 23 23
61 24 2
61 25 6
61 26 1
61 27 35
61 28 25
61 29 37
61 30 28
61 31 12
61 32 20
61 33 28
61 34 5
61 35 9
61 36 32
61 37 20
61 38 39
61 39 16
61 40 15
61 41 31
61 42 28
61 43 16
61 44 1
61 45 29
61 46 26
61 47 28
61 48 10
61 49 34
61 50 37
61 51 13
61 52 5
61 53 25
61 54 23
61 55 10
61 56 12
61 57 29
61 58 10
61 59 26
61 60 4
62 0 36
62 1 31
62 2 34
62 3 15
62 4 28
62 5 30
62 6 20
62 7 12
62 8 16
62 9 12
62 10 13
62 11 27
62 12 2
62 13 33
62 14 30
62 15 6
62 16 11
62 17 7
62 18 31
62 19 12
62 20 16
62 21 17
62 22 5
62 23 4
62 24 5
62 25 21
62 26 31
62 27 13
62 28 15
62 29 13
62 30 38
62 31 23
62 32 29
62 33 30
62 34 23
62 35 35
62 36 38
62 37 6
62 38 18
62 39 30
62 40 32
62 41 37
62 42 39
62 43 24
62 44 8
62 45 15
62 46 36
62 47 17
62 48 12
62 49 4
62 50 19
62 51 17
62 52 37
62 53 3
62 54 10
62 55 40
62 56 33
62 57 39
62 58 40
62 59 11
62 60 14
62 61 27
63 0 30
63 1 1
63 2 19
63 3 20
63 4 36
63 5 16
63 6 30
63 7 13
63 8 33
63 9 16
63 10 34
63 11 26
63 12 19
63 13 26
63 14 21
63 15 19
63 16 39
63 17 34
63 18 24
63 19 13
63 20 36
63 21 4
63 22 30
63 23 39
63 24 7
63 25 38
63 26 37
63 27 14
63 28 23
63 29 38
63 30 16
63 31 13
63 32 3
63 33 31
63 34 29
63 35 25
63 36 34
63 37 22
63 38 40
63 39 22
63 40 25
63 41 31
63 42 32
63 43 8
63 44 13
63 45 34
63 46 32
63 47 6
63 48 29
63 49 18
63 50 21
63 51 35
63 52 13
63 53 34
63 54 34
63 55 27
63 56 13
63 57 9
63 58 25
63 59 16
63 60 5
63 61 19
63 62 2
64 0 19
64 1 7
64 2 1
64 3 24
64 4 8
64 5 10
64 6 25
64 7 11
64 8 37
64 9 17
64 10 8
64 11 35
64 12 38
64 13 21
64 14 16
64 15 28
64 16 38
64 17 30
64 18 1
64 19 40
64 20 21
64 21 13
64 22 29
64 23 39
64 24 1
64 25 7
64 26 26
64 27 15
64 28 29
64 29 14
64 30 2
64 31 22
64 32 9
64 33 29
64 34 23
64 35 37
64 36 15
64 37 30
64 38 13
64 39 3
64 40 6
64 41 19
64 42 20
64 43 28
64 44 20
64 45 33
64 46 13
64 47 30
64 48 30
64 49 21
64 50 32
64 51 33
64 52 20
64 53 39
64 54 1
64 55 34
64 56 29
64 57 21
64 58 19
64 59 35
64 60 22
64 61 10
64 62 18
64 63 10
65 0 10
65 1 37
65 2 20
65 3 21
65 4 3
65 5 4
65 6 19
65 7 36
65 8 5
65 9 33
65 10 27
65 11 10
65 12 12
65 13 31
65 14 5
65 15 22
65 16 6
65 17 29
65 18 3
65 19 32
65 20 2
65 21 40
65 22 39
65 23 14
65 24 1
65 25 20
65 26 35
65 27 19
65 28 14
65 29 12
65 30 33
65 31 24
65 32 16
65 33 25
65 34 29
65 35 6
65 36 25
65 37 11
65 38 24
65 39 20
65 40 24
65 41 23
65 42 20
65 43 5
65 44 20
65 45 37
65 46 19
65 47 40
65 48 16
65 49 11
65 50 33
65 51 31
65 52 8
65 53 36
65 54 13
65 55 24
65 56 14
65 57 35
65 58 26
65 59 4
65 60 19
65 61 18
65 62 11
65 63 16
65 64 15
66 0 24
66 1 29
66 2 34
66 3 15
66 4 24
66 5 24
66 6 37
66 7 34
66 8 36
66 9 12
66 10 27
66 11 16
66 12 2
66 13 34
66 14 11
66 15 34
66 16 20
66 17 20
66 18 38
66 19 14
66 20 5
66 21 2
66 22 5
66 23 40
66 24 3
66 25 38
66 26 21
66 27 35
66 28 19
66 29 22
66 30 34
66 31 17
66 32 24
66 33 9
66 34 39
66 35 18
66 36 38
66 37 19
66 38 30
66 39 14
66 40 11
66 41 17
66 42 6
66 43 7
66 44 7
66 45 5
66 46 9
66 47 31
66 48 15
66 49 19
66 50 38
66 51 39
66 52 9
66 53 1
66 54 3
66 55 31
66 56 18
66 57 34
66 58 20
66 59 27
66 60 1
66 61 25
66 62 34
66 63 37
66 64 21
66 65 33
67 0 18
67 1 13
67 2 35
67 3 34
67 4 8
67 5 15
67 6 27
67 7 2
67 8 33
67 9 23
67 10 34
67 11 15
67 12 12
67 13 34
67 14 22
67 15 36
67 16 40
67 17 9
67 18 2
67 19 25
67 20 13
67 21 24
67 22 14
67 23 1
67 24 36
67 25 34
67 26 31
67 27 19
67 28 3
67 29 4
67 30 25
67 31 23
67 32 34
67 33 20
67 34 31
67 35 29
67 36 15
67 37 27
67 38 27
67 39 31
67 40 10
67 41 20
67 42 9
67 43 14
67 44 35
67 45 39
67 46 26
67 47 10
67 48 1
67 49 26
67 50 34
67 51 15
67 52 27
67 53 10
67 54 14
67 55 17
67 56 37
67 57 38
67 58 27
67 59 26
67 60 3
67 61 26
67 62 25
67 63 30
67 64 22
67 65 6
67 66 1
68 0 6
68 1 11
68 2 9
68 3 23
68 4 14
68 5 12
68 6 31
68 7 10
68 8 12
68 9 13
68 10 34
68 11 11
68 12 1
68 13 38
68 14 29
68 15 17
68 16 29
68 17 38
68 18 39
68 19 12
68 20 36
68 21 9
68 22 28
68 23 38
68 24 38
68 25 22
68 26 17
68 27 35
68 28 20
68 29 39
68 30 35
68 31 8
68 32 32
68 33 3
68 34 28
68 35 26
68 36 7
68 37 16
68 38 28
68 39 32
68 40 20
68 41 7
68 42 23
68 43 13
68 44 15
68 45 28
68 46 29
68 47 14
68 48 20
68 49 8
68 50 5
68 51 26
68 52 38
68 53 40
68 54 24
68 55 18
68 56 3
68 57 18
68 58 1
68 59 20
68 60 15
68 61 26
68 62 7
68 63 4
68 64 28
68 65 9
68 66 13
68 67 9
69 0 5
69 1 24
69 2 27
69 3 35
69 4 1
69 5 11
69 6 20
69 7 39
69 8 29
69 9 17
69 10 6
69 11 3
69 12 32
69 13 32
69 14 36
69 15 17
69 16 8
69 17 11
69 18 28
69 19 24
69 20 14
69 21 3
69 22 22
69 23 25
69 24 6
69 25 17
69 26 10
69 27 4
69 28 33
69 29 27
69 30 15
69 31 36
69 32 4
69 33 36
69 34 1
69 35 29
69 36 11
69 37 40
69 38 24
69 39 39
69 40 21
69 41 29
69 42 21
69 43 2
69 44 19
69 45 28
69 46 34
69 47 21
69 48 9
69 49 38
69 50 7
69 51 28
69 52 9
69 53 14
69 54 7
69 55 17
69 56 15
69 57 22
69 58 24
69 59 4
69 60 31
69 61 35
69 62 36
69 63 23
69 64 31
69 65 9
69 66 20
69 67 39
69 68 30
