20
1 0 2
2 0 9
2 1 4
3 0 7
3 1 4
3 2 9
4 0 3
4 1 6
4 2 1
4 3 9
5 0 5
5 1 1
5 2 2
5 3 2
5 4 10
6 0 3
6 1 1
6 2 3
6 3 9
6 4 1
6 5 5
7 0 9
7 1 5
7 2 8
7 3 2
7 4 1
7 5 6
7 6 4
8 0 5
8 1 3
8 2 2
8 3 7
8 4 9
8 5 9
8 6 8
8 7 1
9 0 7
9 1 6
9 2 4
9 3 4
9 4 4
9 5 7
9 6 1
9 7 9
9 8 3
10 0 9
10 1 8
10 2 4
10 3 6
10 4 2
10 5 10
10 6 4
10 7 3
10 8 4
10 9 7
11 0 1
11 1 9
11 2 9
11 3 6
11 4 6
11 5 1
11 6 4
11 7 4
11 8 3
11 9 10
11 10 8
12 0 4
12 1 2
12 2 9
12 3 1
12 4 9
12 5 2
12 6 9
12 7 3
12 8 3
12 9 3
12 10 6
12 11 8
13 0 9
13 1 4
13 2 2
13 3 1
13 4 3
13 5 4
13 6 4
13 7 10
13 8 1
13 9 6
13 10 8
13 11 5
13 12 2
14 0 6
14 1 6
14 2 10
14 3 9
14 4 2
14 5 6
14 6 1
14 7 6
14 8 3
14 9 1
14 10 1
14 11 2
14 12 3
14 13 9
15 0 3
15 1 7
15 2 7
15 3 6
15 4 7
15 5 6
15 6 3
15 7 6
15 8 5
15 9 9
15 10 7
15 11 6
15 12 8
15 13 4
15 14 2
16 0 5
16 1 3
16 2 4
16 3 7
16 4 8
16 5 5
16 6 4
16 7 5
16 8 6
16 9 1
16 10 8
16 11 3
16 12 5
16 13 1
16 14 1
16 15 6
17 0 6
17 1 5
17 2 3
17 3 4
17 4 4
17 5 10
17 6 4
17 7 10
17 8 2
17 9 6
17 10 8
17 11 10
17 12 5
17 13 7
17 14 8
17 15 10
17 16 9
18 0 8
18 1 1
18 2 9
18 3 8
18 4 4
18 5 9
18 6 8
18 7 2
18 8 9
18 9 1
18 10 9
18 11 8
18 12 3
18 13 4
18 14 10
18 15 1
18 16 10
18 17 4
19 0 6
19 1 9
19 2 9
19 3 9
19 4 4
19 5 4
19 6 10
19 7 10
19 8 9
19 9 7
19 10 2
19 11 7
19 12 10
19 13 7
19 14 3
19 15 2
19 16 9
19 17 9
19 18 5
