20
1 0 29
2 0 33
2 1 49
3 0 1
4 1 24
4 3 7
5 0 74
5 1 21
5 3 54
5 4 37
6 3 21
6 5 4
7 0 35
7 2 69
7 3 50
7 4 74
7 6 13
8 1 14
8 2 73
8 4 4
8 5 57
9 1 11
9 2 5
9 3 79
9 4 59
9 6 21
9 7 22
9 8 2
10 0 37
10 1 47
10 2 17
10 3 15
10 7 49
10 8 38
11 1 78
11 3 9
11 5 71
11 6 63
11 7 10
12 1 79
12 2 16
12 3 62
12 4 14
12 5 10
12 7 59
12 10 23
12 11 65
13 2 2
13 4 16
13 5 23
13 6 14
13 10 73
13 12 77
14 0 59
14 2 19
14 4 6
14 5 47
14 6 54
14 8 36
14 9 80
14 10 71
14 12 11
14 13 64
15 4 46
15 6 51
15 7 61
15 10 77
15 11 28
15 12 59
16 0 33
16 2 15
16 5 62
16 10 79
16 11 20
16 13 70
16 14 76
16 15 27
17 1 42
17 3 38
17 5 13
17 7 58
17 8 6
17 9 8
17 10 71
17 11 10
17 12 4
17 14 4
17 15 75
17 16 65
18 3 51
18 5 22
18 6 45
18 8 51
18 11 65
18 12 63
18 13 54
18 14 54
18 15 43
18 16 21
18 17 36
19 1 66
19 2 8
19 5 46
19 7 72
19 10 24
19 13 9
19 14 3
19 15 34
19 16 6
