60
2 1 16
3 0 15
4 2 16
5 4 6
6 0 24
6 3 1
6 4 29
7 2 34
7 6 14
8 0 36
8 1 12
8 3 39
9 0 40
9 1 37
9 4 10
9 6 30
9 7 22
10 1 28
10 3 31
10 4 16
10 7 19
10 9 19
11 1 31
11 3 36
11 5 39
11 6 33
11 8 4
11 10 13
12 1 19
12 6 28
12 7 12
13 3 11
13 4 17
13 9 8
13 10 24
14 2 2
14 3 9
14 4 25
14 5 30
14 7 38
14 8 31
14 9 6
14 10 14
14 11 9
14 12 11
15 2 13
15 3 6
15 4 23
15 8 24
15 11 6
15 12 7
16 2 20
16 5 11
16 9 39
16 13 22
16 14 36
16 15 7
17 0 9
17 1 3
17 4 33
17 6 38
17 7 17
17 12 13
17 15 30
18 0 5
18 4 33
18 5 21
18 9 35
18 17 40
19 3 6
19 6 25
19 7 18
19 13 9
19 15 39
19 18 19
20 1 23
20 3 22
20 5 22
20 7 15
20 11 16
20 12 33
20 13 27
20 14 2
20 18 31
21 1 37
21 2 34
21 6 18
21 12 22
21 13 9
21 14 11
22 1 9
22 2 19
22 5 23
22 7 13
22 10 24
22 11 25
22 21 12
23 0 31
23 1 17
23 4 3
23 5 1
23 18 35
23 21 13
24 0 13
24 1 2
24 2 28
24 4 1
24 5 31
24 12 7
24 13 3
24 16 7
24 19 40
24 21 14
25 1 25
25 3 39
25 6 24
25 8 11
25 9 28
25 14 29
25 16 36
25 17 33
25 22 33
26 1 20
26 2 33
26 6 25
26 9 32
26 11 22
26 12 2
26 13 33
26 15 6
26 17 21
26 18 30
26 19 38
26 20 21
26 21 38
26 22 38
26 24 40
27 2 23
27 3 6
27 5 32
27 6 18
27 8 36
27 10 40
27 15 19
27 20 21
27 22 18
27 23 32
28 0 26
28 1 35
28 5 1
28 6 38
28 7 2
28 10 36
28 11 36
28 12 28
28 13 11
28 15 34
28 20 24
28 23 39
28 24 29
28 26 30
29 1 4
29 2 37
29 3 33
29 4 28
29 6 11
29 7 15
29 14 34
29 15 7
29 16 37
29 18 17
29 19 13
29 20 20
29 23 34
29 24 29
29 25 34
29 28 29
30 6 22
30 16 1
30 18 23
30 19 39
30 20 19
30 21 13
30 22 7
30 25 15
31 2 39
31 3 38
31 14 17
31 16 29
31 17 5
31 23 38
31 24 23
31 25 31
31 29 40
32 1 2
32 4 34
32 5 11
32 6 16
32 7 30
32 9 2
32 10 10
32 13 6
32 14 19
32 16 8
32 23 16
32 29 16
32 30 18
33 2 11
33 5 20
33 7 26
33 8 27
33 9 6
33 12 33
33 13 32
33 14 9
33 15 8
33 18 39
33 20 15
33 21 26
33 23 35
33 24 20
33 29 16
33 30 34
33 31 37
33 32 21
34 10 17
34 13 6
34 14 4
34 20 14
34 21 4
34 23 14
34 24 22
34 30 36
34 33 18
35 0 24
35 1 11
35 3 17
35 7 32
35 11 26
35 14 8
35 15 31
35 16 15
35 20 8
35 21 29
35 23 31
35 24 27
35 29 13
35 33 1
35 34 37
36 1 29
36 6 31
36 8 11
36 10 13
36 14 23
36 15 4
36 19 19
36 20 40
36 21 40
36 22 31
36 23 9
36 29 19
36 30 11
37 2 20
37 4 11
37 8 15
37 10 35
37 12 38
37 13 9
37 16 34
37 19 9
37 21 40
37 22 27
37 24 40
37 25 14
37 27 36
37 30 9
37 32 25
37 36 4
38 4 13
38 5 39
38 6 36
38 8 8
38 9 17
38 11 11
38 14 35
38 19 30
38 20 2
38 21 35
38 23 25
38 24 27
38 25 31
38 28 22
38 30 35
38 32 4
38 33 31
38 35 14
38 37 14
39 0 3
39 1 13
39 4 4
39 5 16
39 8 13
39 12 26
39 14 20
39 16 26
39 17 25
39 21 39
39 25 14
39 27 33
39 29 3
39 31 11
39 32 33
39 35 12
40 2 10
40 3 18
40 6 11
40 7 21
40 11 30
40 12 6
40 15 1
40 16 12
40 17 37
40 23 16
40 24 15
40 25 25
40 28 14
40 29 5
40 30 37
40 31 25
40 33 16
40 36 19
40 39 28
41 0 10
41 3 29
41 5 9
41 6 18
41 7 40
41 13 16
41 16 23
41 17 22
41 20 31
41 21 25
41 22 1
41 24 19
41 26 19
41 28 36
41 32 6
41 38 31
41 39 28
42 4 18
42 5 31
42 8 23
42 11 29
42 14 3
42 17 18
42 21 29
42 24 39
42 26 6
42 27 16
42 30 22
42 32 1
42 40 23
42 41 18
43 0 9
43 1 32
43 3 15
43 11 33
43 22 34
43 24 17
43 33 35
43 35 32
43 38 22
43 39 36
44 1 2
44 4 28
44 7 39
44 8 22
44 12 39
44 13 13
44 16 18
44 17 17
44 19 14
44 24 34
44 26 4
44 31 9
44 32 14
44 35 33
44 37 17
44 38 36
44 39 21
44 42 19
44 43 21
45 5 8
45 7 19
45 8 40
45 10 39
45 14 5
45 17 15
45 18 13
45 20 9
45 21 10
45 24 1
45 25 39
45 34 16
45 39 34
45 40 18
45 41 7
45 43 12
46 0 2
46 1 21
46 3 11
46 11 15
46 13 27
46 14 38
46 16 31
46 19 32
46 20 12
46 23 28
46 27 15
46 29 24
46 35 13
46 39 11
46 40 26
46 44 11
46 45 8
47 1 21
47 2 11
47 6 32
47 8 38
47 9 27
47 10 26
47 14 35
47 15 16
47 17 3
47 22 26
47 27 20
47 29 14
47 30 6
47 31 14
47 32 16
47 37 19
47 42 27
47 44 3
48 0 7
48 2 3
48 6 33
48 7 32
48 8 27
48 9 19
48 13 30
48 15 33
48 17 26
48 18 9
48 20 38
48 22 40
48 26 6
48 27 36
48 28 30
48 29 29
48 34 4
48 37 17
48 38 26
48 47 30
49 1 19
49 2 34
49 6 15
49 7 33
49 8 6
49 9 14
49 10 34
49 12 23
49 14 24
49 15 14
49 17 33
49 19 36
49 22 5
49 23 40
49 29 34
49 31 4
49 32 29
49 35 17
49 36 28
49 37 32
49 38 38
49 47 14
50 1 3
50 4 28
50 7 23
50 9 14
50 13 14
50 14 7
50 16 38
50 20 2
50 23 25
50 24 34
50 25 32
50 31 15
50 32 40
50 38 10
50 42 22
50 43 6
51 0 40
51 1 26
51 3 23
51 5 25
51 9 11
51 11 7
51 16 9
51 19 13
51 20 31
51 23 1
51 24 36
51 25 15
51 26 11
51 28 22
51 29 27
51 33 17
51 34 17
51 36 40
51 42 8
51 43 20
51 49 12
52 0 39
52 1 11
52 2 3
52 3 15
52 4 7
52 5 16
52 6 18
52 7 25
52 8 8
52 14 22
52 16 3
52 19 6
52 20 25
52 21 35
52 23 17
52 24 17
52 28 29
52 31 2
52 32 21
52 33 4
52 34 11
52 40 36
52 41 6
52 44 1
52 45 36
52 47 13
52 48 16
53 1 16
53 2 37
53 3 40
53 5 30
53 6 19
53 10 38
53 12 26
53 17 11
53 18 37
53 22 2
53 24 4
53 25 15
53 30 10
53 31 23
53 33 12
53 34 12
53 35 12
53 37 7
53 40 36
53 41 28
53 42 28
53 43 30
53 48 13
53 50 37
54 0 13
54 3 8
54 4 27
54 5 39
54 12 38
54 18 32
54 20 23
54 22 17
54 23 6
54 26 36
54 27 15
54 28 39
54 30 17
54 33 14
54 36 8
54 40 34
54 43 10
54 44 15
54 45 3
54 46 19
54 47 31
54 50 38
55 0 20
55 4 36
55 5 31
55 7 24
55 9 33
55 14 12
55 15 27
55 16 3
55 22 17
55 23 18
55 24 19
55 27 7
55 29 25
55 30 8
55 31 9
55 34 10
55 35 31
55 36 19
55 40 35
55 41 15
55 42 16
55 44 32
55 45 18
55 49 8
55 50 1
55 52 25
56 0 39
56 1 2
56 2 17
56 4 36
56 7 2
56 16 33
56 17 25
56 20 1
56 33 21
56 34 24
56 38 30
56 40 4
56 46 4
56 49 20
56 50 24
56 51 1
56 52 39
56 54 37
57 0 29
57 1 21
57 3 31
57 4 7
57 5 30
57 6 13
57 7 11
57 8 31
57 9 34
57 17 39
57 21 22
57 24 28
57 26 17
57 28 23
57 32 19
57 34 28
57 35 30
57 37 1
57 40 24
57 41 1
57 44 7
57 45 23
57 48 13
57 49 33
57 55 26
58 4 3
58 10 20
58 11 27
58 12 32
58 17 34
58 25 25
58 27 12
58 29 32
58 34 10
58 35 12
58 38 22
58 39 10
58 41 9
58 47 7
58 48 8
58 50 20
59 0 12
59 4 2
59 5 32
59 6 12
59 8 6
59 9 36
59 11 28
59 12 18
59 14 25
59 15 29
59 16 29
59 19 35
59 20 4
59 23 19
59 27 10
59 30 7
59 34 22
59 35 22
59 36 30
59 37 36
59 44 12
59 47 28
59 50 37
59 54 6
59 57 17
