30
1 0 235
2 0 171
2 1 294
3 0 63
3 1 177
3 2 4
4 0 224
4 1 59
4 2 212
4 3 155
5 0 138
5 1 239
5 2 170
5 3 92
5 4 69
6 0 265
6 1 217
6 2 211
6 3 222
6 4 168
6 5 66
7 0 64
7 1 122
7 2 234
7 3 18
7 4 53
7 5 278
7 6 288
8 0 16
8 1 293
8 2 166
8 3 267
8 4 309
8 5 34
8 6 177
8 7 233
9 0 59
9 1 145
9 2 218
9 3 300
9 4 208
9 5 50
9 6 215
9 7 41
9 8 60
10 0 95
10 1 157
10 2 266
10 3 145
10 4 264
10 5 289
10 6 177
10 7 319
10 8 298
10 9 230
11 0 299
11 1 79
11 2 289
11 3 9
11 4 210
11 5 137
11 6 260
11 7 32
11 8 6
11 9 214
11 10 182
12 0 267
12 1 151
12 2 263
12 3 78
12 4 286
12 5 147
12 6 248
12 7 214
12 8 306
12 9 122
12 10 89
12 11 223
13 0 213
13 1 175
13 2 167
13 3 222
13 4 75
13 5 125
13 6 11
13 7 18
13 8 262
13 9 113
13 10 200
13 11 291
13 12 15
14 0 63
14 1 135
14 2 84
14 3 121
14 4 205
14 5 87
14 6 59
14 7 46
14 8 185
14 9 312
14 10 298
14 11 153
14 12 102
14 13 69
15 0 309
15 1 144
15 2 176
15 3 35
15 4 112
15 5 40
15 6 312
15 7 229
15 8 306
15 9 122
15 10 276
15 11 308
15 12 139
15 13 215
15 14 295
16 0 270
16 1 305
16 2 37
16 3 83
16 4 257
16 5 26
16 6 173
16 7 103
16 8 213
16 9 119
16 10 126
16 11 24
16 12 185
16 13 153
16 14 219
16 15 272
17 0 244
17 1 298
17 2 88
17 3 189
17 4 23
17 5 261
17 6 92
17 7 133
17 8 207
17 9 11
17 10 125
17 11 237
17 12 55
17 13 296
17 14 67
17 15 134
17 16 163
18 0 100
18 1 62
18 2 182
18 3 238
18 4 119
18 5 205
18 6 27
18 7 275
18 8 268
18 9 221
18 10 7
18 11 205
18 12 137
18 13 171
18 14 102
18 15 159
18 16 170
18 17 49
19 0 172
19 1 94
19 2 165
19 3 82
19 4 203
19 5 123
19 6 74
19 7 108
19 8 291
19 9 143
19 10 172
19 11 308
19 12 200
19 13 269
19 14 301
19 15 218
19 16 318
19 17 157
19 18 214
20 0 78
20 1 154
20 2 204
20 3 244
20 4 313
20 5 214
20 6 287
20 7 14
20 8 155
20 9 20
20 10 140
20 11 316
20 12 20
20 13 205
20 14 95
20 15 285
20 16 150
20 17 7
20 18 29
20 19 280
21 0 308
21 1 166
21 2 207
21 3 186
21 4 230
21 5 156
21 6 101
21 7 196
21 8 18
21 9 228
21 10 4
21 11 33
21 12 28
21 13 248
21 14 69
21 15 298
21 16 228
21 17 192
21 18 154
21 19 151
21 20 24
22 0 213
22 1 63
22 2 295
22 3 289
22 4 172
22 5 212
22 6 178
22 7 119
22 8 238
22 9 224
22 10 161
22 11 109
22 12 45
22 13 106
22 14 267
22 15 58
22 16 84
22 17 109
22 18 28
22 19 177
22 20 117
22 21 210
23 0 180
23 1 236
23 2 23
23 3 286
23 4 290
23 5 161
23 6 292
23 7 178
23 8 291
23 9 185
23 10 34
23 11 203
23 12 166
23 13 49
23 14 132
23 15 215
23 16 147
23 17 20
23 18 288
23 19 174
23 20 318
23 21 170
23 22 294
24 0 142
24 1 220
24 2 199
24 3 219
24 4 289
24 5 85
24 6 255
24 7 65
24 8 258
24 9 269
24 10 76
24 11 161
24 12 229
24 13 56
24 14 249
24 15 111
24 16 319
24 17 237
24 18 216
24 19 290
24 20 166
24 21 217
24 22 163
24 23 41
25 0 311
25 1 8
25 2 305
25 3 217
25 4 12
25 5 233
25 6 78
25 7 237
25 8 303
25 9 101
25 10 170
25 11 35
25 12 70
25 13 107
25 14 153
25 15 83
25 16 173
25 17 253
25 18 247
25 19 115
25 20 40
25 21 99
25 22 139
25 23 148
25 24 9
26 0 226
26 1 30
26 2 98
26 3 60
26 4 56
26 5 179
26 6 133
26 7 75
26 8 106
26 9 133
26 10 163
26 11 102
26 12 241
26 13 154
26 14 120
26 15 159
26 16 263
26 17 94
26 18 220
26 19 128
26 20 300
26 21 319
26 22 156
26 23 90
26 24 158
26 25 104
27 0 81
27 1 199
27 2 37
27 3 160
27 4 252
27 5 286
27 6 18
27 7 88
27 8 127
27 9 61
27 10 258
27 11 138
27 12 1
27 13 256
27 14 79
27 15 145
27 16 76
27 17 292
27 18 301
27 19 66
27 20 207
27 21 25
27 22 124
27 23 262
27 24 161
27 25 33
27 26 105
28 0 40
28 1 299
28 2 146
28 3 129
28 4 105
28 5 90
28 6 132
28 7 259
28 8 250
28 9 312
28 10 158
28 11 228
28 12 7
28 13 94
28 14 307
28 15 181
28 16 146
28 17 250
28 18 112
28 19 191
28 20 111
28 21 80
28 22 121
28 23 39
28 24 317
28 25 184
28 26 219
28 27 145
29 0 70
29 1 238
29 2 62
29 3 166
29 4 211
29 5 282
29 6 51
29 7 162
29 8 105
29 9 58
29 10 24
29 11 46
29 12 170
29 13 306
29 14 21
29 15 131
29 16 53
29 17 93
29 18 144
29 19 249
29 20 260
29 21 311
29 22 175
29 23 103
29 24 101
29 25 212
29 26 312
29 27 88
29 28 215
