50
1 0 129
2 0 250
2 1 135
3 0 113
3 1 140
3 2 80
4 1 215
4 2 175
4 3 247
5 0 211
5 1 294
5 2 17
5 3 128
5 4 252
6 0 38
6 1 71
6 2 9
6 3 56
6 4 301
6 5 212
7 0 240
7 1 292
7 2 310
7 5 125
7 6 306
8 0 297
8 1 117
8 2 264
8 3 300
8 4 28
8 5 115
8 6 115
8 7 130
9 0 146
9 1 80
9 2 154
9 3 48
9 4 227
9 5 264
9 6 157
9 7 128
9 8 307
10 0 77
10 1 240
10 2 314
10 3 240
10 4 186
10 5 197
10 6 255
10 9 39
11 0 94
11 1 53
11 2 191
11 3 152
11 4 46
11 5 285
11 6 57
11 7 27
11 8 67
11 9 34
11 10 292
12 0 251
12 1 316
12 2 88
12 3 159
12 4 113
12 5 225
12 6 278
12 7 290
12 8 98
12 9 197
12 10 200
13 0 223
13 1 250
13 2 229
13 3 125
13 4 249
13 5 86
13 6 234
13 8 300
13 9 293
13 10 280
13 11 111
13 12 191
14 0 103
14 1 283
14 2 217
14 3 288
14 4 21
14 6 295
14 7 58
14 8 319
14 9 283
14 10 129
14 11 287
14 12 46
14 13 180
15 0 130
15 2 220
15 3 30
15 4 132
15 5 275
15 7 291
15 8 148
15 9 24
15 10 142
15 11 66
15 13 133
15 14 248
16 0 272
16 1 153
16 2 141
16 3 116
16 4 276
16 5 309
16 6 54
16 7 259
16 8 104
16 9 162
16 10 1
16 11 167
16 12 235
16 13 273
16 14 215
16 15 97
17 0 106
17 1 118
17 2 99
17 3 177
17 4 106
17 5 154
17 6 284
17 7 112
17 8 160
17 9 44
17 10 242
17 11 137
17 12 134
17 13 296
17 14 98
17 15 147
17 16 37
18 0 279
18 1 17
18 2 49
18 3 307
18 4 31
18 5 195
18 6 26
18 7 302
18 8 248
18 10 119
18 11 18
18 12 143
18 13 246
18 15 191
18 17 170
19 0 260
19 1 222
19 2 203
19 3 20
19 4 65
19 5 148
19 6 74
19 8 185
19 9 294
19 10 196
19 11 134
19 12 144
19 13 308
19 15 22
19 16 4
19 18 166
20 0 275
20 1 254
20 2 266
20 3 173
20 5 229
20 6 295
20 7 210
20 8 87
20 9 219
20 10 36
20 11 219
20 14 9
20 15 291
20 16 33
20 17 262
20 18 91
20 19 205
21 0 101
21 1 246
21 2 17
21 3 269
21 4 61
21 5 33
21 6 129
21 7 263
21 8 261
21 9 53
21 10 104
21 12 134
21 13 24
21 14 310
21 15 81
21 16 277
21 17 212
21 18 220
21 19 301
21 20 314
22 0 4
22 1 93
22 2 233
22 3 8
22 5 118
22 6 272
22 7 304
22 8 115
22 9 121
22 10 277
22 11 111
22 12 138
22 13 107
22 14 32
22 15 64
22 16 185
22 17 309
22 18 300
22 20 281
22 21 38
23 0 294
23 1 293
23 3 132
23 4 267
23 5 139
23 6 242
23 7 5
23 8 186
23 9 303
23 10 26
23 11 311
23 12 43
23 13 27
23 14 108
23 15 111
23 16 157
23 17 233
23 18 215
23 19 174
23 20 293
23 21 78
23 22 190
24 0 55
24 2 19
24 3 236
24 4 311
24 5 162
24 8 8
24 9 309
24 10 308
24 11 184
24 12 120
24 14 288
24 15 140
24 16 118
24 17 292
24 18 51
24 19 21
24 21 282
24 22 230
24 23 243
25 0 308
25 1 286
25 2 114
25 3 263
25 4 250
25 5 88
25 6 194
25 7 125
25 8 148
25 9 23
25 10 129
25 11 129
25 12 311
25 14 176
25 15 74
25 16 315
25 17 217
25 18 281
25 19 300
25 20 268
25 21 166
25 22 21
25 23 21
25 24 153
26 0 30
26 1 170
26 2 57
26 3 95
26 4 51
26 5 196
26 6 121
26 7 13
26 8 170
26 9 235
26 12 257
26 13 207
26 14 16
26 15 249
26 16 95
26 17 302
26 18 153
26 19 193
26 20 312
26 21 130
26 23 221
26 24 173
26 25 122
27 0 70
27 1 214
27 2 202
27 3 254
27 4 269
27 5 163
27 6 5
27 7 39
27 8 122
27 10 254
27 11 132
27 12 206
27 13 89
27 14 25
27 15 83
27 17 279
27 18 260
27 19 315
27 20 242
27 21 36
27 22 7
27 23 17
27 24 32
27 25 27
27 26 311
28 0 56
28 1 281
28 3 245
28 4 203
28 5 19
28 6 238
28 7 112
28 9 266
28 10 188
28 11 80
28 12 98
28 13 287
28 14 225
28 15 246
28 16 291
28 18 50
28 19 192
28 21 18
28 22 106
28 23 54
28 24 166
28 25 310
28 26 298
28 27 92
29 0 210
29 1 60
29 3 249
29 4 118
29 5 251
29 6 180
29 7 83
29 8 268
29 10 79
29 11 100
29 12 70
29 14 253
29 15 134
29 16 199
29 18 82
29 19 160
29 20 225
29 21 222
29 22 187
29 23 110
29 24 299
29 25 186
29 26 21
29 27 243
29 28 281
30 0 92
30 1 221
30 2 301
30 3 103
30 4 78
30 6 206
30 7 14
30 8 30
30 9 235
30 10 55
30 11 48
30 12 69
30 13 236
30 14 255
30 15 58
30 16 274
30 17 127
30 18 251
30 19 130
30 20 155
30 21 278
30 22 58
30 23 306
30 25 128
30 26 2
30 27 75
30 28 31
31 0 119
31 1 42
31 2 128
31 3 119
31 5 246
31 6 309
31 7 220
31 9 68
31 10 278
31 11 235
31 12 120
31 13 251
31 14 198
31 15 62
31 16 129
31 17 169
31 18 136
31 19 43
31 20 133
31 21 213
31 22 74
31 23 222
31 24 319
31 25 175
31 26 197
31 28 250
31 29 234
31 30 142
32 0 169
32 1 66
32 2 116
32 3 262
32 4 301
32 5 11
32 6 25
32 7 255
32 8 51
32 9 266
32 10 193
32 11 34
32 13 142
32 14 61
32 15 25
32 16 217
32 17 150
32 18 268
32 19 167
32 20 168
32 21 248
32 22 120
32 23 99
32 24 126
32 25 71
32 27 192
32 28 50
32 29 105
32 30 231
32 31 113
33 0 63
33 1 48
33 2 268
33 3 231
33 4 62
33 5 131
33 6 284
33 8 259
33 9 138
33 10 69
33 11 87
33 12 20
33 13 293
33 14 307
33 15 102
33 16 239
33 17 222
33 18 264
33 19 75
33 20 293
33 21 177
33 22 56
33 23 166
33 24 105
33 25 255
33 26 36
33 27 99
33 28 232
33 30 164
33 31 73
33 32 267
34 0 40
34 1 53
34 2 164
34 3 175
34 4 169
34 5 132
34 7 247
34 8 292
34 9 147
34 10 123
34 11 95
34 12 298
34 13 211
34 14 280
34 15 205
34 16 291
34 17 225
34 18 189
34 19 284
34 20 63
34 21 243
34 22 261
34 23 305
34 25 181
34 26 240
34 27 309
34 28 166
34 29 29
34 30 281
34 31 132
34 33 64
35 0 42
35 2 106
35 3 267
35 4 120
35 6 54
35 7 275
35 8 129
35 9 298
35 10 20
35 11 184
35 12 178
35 13 254
35 14 316
35 15 15
35 16 28
35 17 109
35 18 315
35 19 192
35 21 280
35 22 185
35 24 11
35 26 175
35 27 292
35 28 19
35 29 313
35 30 176
35 31 187
35 32 213
35 33 57
35 34 189
36 0 91
36 1 207
36 2 25
36 3 229
36 4 6
36 5 312
36 6 281
36 7 246
36 8 293
36 9 55
36 10 2
36 11 154
36 12 60
36 13 261
36 14 181
36 15 25
36 16 151
36 17 248
36 18 142
36 19 177
36 20 7
36 21 283
36 22 74
36 23 1
36 24 131
36 25 28
36 26 72
36 27 209
36 28 242
36 30 89
36 31 161
36 32 14
36 33 313
36 34 75
36 35 118
37 0 225
37 1 107
37 2 207
37 4 284
37 5 285
37 6 101
37 7 282
37 10 233
37 11 246
37 12 33
37 14 164
37 15 126
37 16 121
37 17 15
37 18 67
37 19 202
37 20 56
37 21 11
37 22 107
37 23 178
37 24 150
37 26 168
37 27 202
37 28 110
37 29 173
37 30 191
37 31 52
37 32 112
37 33 259
37 35 220
37 36 213
38 0 56
38 1 220
38 2 119
38 3 126
38 4 93
38 5 7
38 6 247
38 7 78
38 8 307
38 9 85
38 10 153
38 11 299
38 12 226
38 13 219
38 14 194
38 15 127
38 16 93
38 17 157
38 18 167
38 20 306
38 21 182
38 22 254
38 23 235
38 24 293
38 25 258
38 26 112
38 27 320
38 28 187
38 29 51
38 30 19
38 31 15
38 32 99
38 33 45
38 34 306
38 35 245
39 0 311
39 1 264
39 2 255
39 3 128
39 4 124
39 5 201
39 6 2
39 8 144
39 9 51
39 10 99
39 11 40
39 12 313
39 13 45
39 14 133
39 15 68
39 16 250
39 17 290
39 18 280
39 19 280
39 20 292
39 21 169
39 22 160
39 23 181
39 24 92
39 25 39
39 26 213
39 27 134
39 28 94
39 29 221
39 30 312
39 31 8
39 32 203
39 33 153
39 34 205
39 35 190
39 37 26
39 38 112
40 0 86
40 1 235
40 2 74
40 3 224
40 4 48
40 5 297
40 6 101
40 7 100
40 8 119
40 9 11
40 10 60
40 11 145
40 12 7
40 13 245
40 14 98
40 15 218
40 16 185
40 17 314
40 19 318
40 20 132
40 21 270
40 22 286
40 23 313
40 24 301
40 26 20
40 27 3
40 28 298
40 29 1
40 30 15
40 31 312
40 32 269
40 33 295
40 34 188
40 35 34
40 36 26
40 37 316
40 38 234
40 39 231
41 0 156
41 1 120
41 2 101
41 4 285
41 5 3
41 6 42
41 7 165
41 8 30
41 9 264
41 10 77
41 11 244
41 12 238
41 14 130
41 15 43
41 16 158
41 18 59
41 19 241
41 20 140
41 22 93
41 23 71
41 24 206
41 25 24
41 26 238
41 28 150
41 29 256
41 30 28
41 31 103
41 32 84
41 33 64
41 34 22
41 35 111
41 36 283
41 37 265
41 38 210
41 39 243
41 40 148
42 0 69
42 1 277
42 2 243
42 3 49
42 4 87
42 5 103
42 6 68
42 7 31
42 8 105
42 10 4
42 11 38
42 13 210
42 14 273
42 15 263
42 16 257
42 18 94
42 19 316
42 20 97
42 21 16
42 22 300
42 23 319
42 24 264
42 25 26
42 27 108
42 28 91
42 29 32
42 30 284
42 31 213
42 32 250
42 34 309
42 35 107
42 36 95
42 37 278
42 38 181
42 39 87
42 40 115
42 41 38
43 0 300
43 1 305
43 3 79
43 4 217
43 5 236
43 6 147
43 7 137
43 8 244
43 9 305
43 10 146
43 11 190
43 12 137
43 13 284
43 14 49
43 15 199
43 16 97
43 17 239
43 18 217
43 21 252
43 22 218
43 23 157
43 25 168
43 27 13
43 28 305
43 29 122
43 30 186
43 31 7
43 32 136
43 33 275
43 34 175
43 35 191
43 36 168
43 37 176
43 38 122
43 39 238
43 40 119
43 41 165
43 42 300
44 1 36
44 3 259
44 4 200
44 5 213
44 6 5
44 7 29
44 8 86
44 9 93
44 10 307
44 11 199
44 12 278
44 13 8
44 14 261
44 15 61
44 16 226
44 18 104
44 19 281
44 20 168
44 21 315
44 22 125
44 23 145
44 24 175
44 26 296
44 27 167
44 28 288
44 29 306
44 30 152
44 31 192
44 32 201
44 34 303
44 35 134
44 36 37
44 37 121
44 38 245
44 39 217
44 40 67
44 41 320
44 42 106
44 43 31
45 0 261
45 1 118
45 2 175
45 4 265
45 5 43
45 6 33
45 7 244
45 8 58
45 9 41
45 11 171
45 12 102
45 13 152
45 14 184
45 15 88
45 16 253
45 17 128
45 18 135
45 20 123
45 21 120
45 22 294
45 23 249
45 25 176
45 26 217
45 27 133
45 28 17
45 29 296
45 31 248
45 32 232
45 33 267
45 34 257
45 35 316
45 37 172
45 38 149
45 39 247
45 40 301
45 41 313
45 42 21
45 43 218
45 44 15
46 0 301
46 1 165
46 2 123
46 3 285
46 4 146
46 5 17
46 6 49
46 7 151
46 8 70
46 9 317
46 10 154
46 11 91
46 14 76
46 15 148
46 17 9
46 18 109
46 19 95
46 20 303
46 21 249
46 22 217
46 23 94
46 24 92
46 25 302
46 26 292
46 27 227
46 28 91
46 29 116
46 30 320
46 31 35
46 32 5
46 33 21
46 34 145
46 35 116
46 36 124
46 37 51
46 38 2
46 39 95
46 40 306
46 41 233
46 42 74
46 43 317
46 44 47
46 45 97
47 0 114
47 1 260
47 2 262
47 3 180
47 4 282
47 5 185
47 6 119
47 7 104
47 8 239
47 9 130
47 10 243
47 11 7
47 12 50
47 13 61
47 14 52
47 15 51
47 16 96
47 17 236
47 18 60
47 19 162
47 20 185
47 22 131
47 23 289
47 25 30
47 26 306
47 27 115
47 28 181
47 29 153
47 30 10
47 31 196
47 32 145
47 33 111
47 34 66
47 35 76
47 36 213
47 39 27
47 40 155
47 41 191
47 42 234
47 43 203
47 44 29
47 46 182
48 0 4
48 1 7
48 2 239
48 3 31
48 4 202
48 5 225
48 6 70
48 7 297
48 8 192
48 9 14
48 10 273
48 11 21
48 12 279
48 13 168
48 14 274
48 15 84
48 16 88
48 17 92
48 18 134
48 19 73
48 20 132
48 21 107
48 22 65
48 25 36
48 26 249
48 28 46
48 29 22
48 30 72
48 31 175
48 32 271
48 33 117
48 35 227
48 37 200
48 38 262
48 39 282
48 40 67
48 42 60
48 44 100
48 46 289
48 47 1
49 0 159
49 1 5
49 2 146
49 3 194
49 4 104
49 5 152
49 6 201
49 7 274
49 8 214
49 9 68
49 10 7
49 11 256
49 12 161
49 13 81
49 14 281
49 15 270
49 16 129
49 17 253
49 18 48
49 19 273
49 20 48
49 21 137
49 22 180
49 23 175
49 24 176
49 25 178
49 26 285
49 27 196
49 28 91
49 29 299
49 30 282
49 31 120
49 32 267
49 33 304
49 34 176
49 35 7
49 36 287
49 38 179
49 39 72
49 40 229
49 41 176
49 42 260
49 43 115
49 44 128
49 45 204
49 48 81
