50
3 1 98
7 6 74
10 2 143
10 6 111
11 6 19
12 8 157
13 6 134
13 11 159
14 0 14
14 7 70
14 10 109
15 6 27
15 10 33
15 13 121
16 1 101
17 8 11
17 9 128
17 13 151
18 2 49
19 1 25
20 8 58
20 18 8
22 2 33
22 3 32
22 16 95
24 5 54
24 6 43
24 9 131
24 20 118
25 6 147
25 7 126
25 10 127
25 15 31
26 4 114
26 22 115
26 24 14
27 4 58
27 8 154
27 19 141
29 12 160
30 2 60
30 12 99
30 16 62
30 20 118
30 25 138
30 27 129
31 14 150
31 22 113
32 18 115
32 25 30
33 0 51
33 2 101
33 8 62
33 10 78
33 19 158
33 23 89
34 12 145
34 20 41
34 23 65
34 27 79
34 30 128
35 2 12
35 15 68
35 22 28
35 24 139
35 26 60
36 2 72
36 4 102
36 7 148
37 7 11
37 32 51
38 12 142
38 18 11
38 26 47
39 19 3
39 37 108
40 15 156
40 19 114
40 25 128
40 32 2
41 1 83
41 10 95
42 20 34
42 21 100
42 33 111
42 36 121
43 10 43
43 23 78
43 28 14
43 30 41
43 36 152
44 4 75
44 5 14
44 12 115
44 18 102
44 28 84
44 33 155
44 34 56
45 3 116
45 12 9
45 13 58
45 23 79
45 43 87
46 1 33
46 43 29
47 0 152
47 7 145
47 18 137
47 24 78
48 3 28
48 17 44
48 19 83
48 28 5
48 29 31
48 31 27
48 32 80
48 40 44
49 34 47
49 36 117
