70
1 0 10
2 1 1
3 0 10
3 1 1
3 2 7
4 0 6
4 1 5
5 2 4
5 3 4
6 0 8
6 1 4
7 0 9
7 4 5
7 6 7
8 0 10
8 2 6
8 5 1
8 7 6
9 0 8
9 1 3
9 7 9
10 1 9
10 6 4
10 7 8
10 8 5
11 1 5
11 2 6
11 3 1
11 6 9
11 8 2
12 0 10
12 1 9
12 2 5
12 3 6
12 5 1
12 6 9
12 11 1
13 0 5
13 2 10
13 3 8
13 5 7
13 9 9
13 12 3
14 2 6
14 3 5
14 4 5
14 5 5
14 6 5
14 7 6
14 8 9
14 9 1
14 10 3
14 11 7
14 13 6
15 0 6
15 2 4
15 7 6
15 10 1
15 11 9
15 12 1
15 14 4
16 0 9
16 1 3
16 4 3
16 5 1
16 9 3
16 13 4
17 6 4
17 8 3
17 11 6
17 15 2
17 16 1
18 0 7
18 5 2
18 6 4
18 7 3
18 8 2
18 9 10
18 13 10
18 14 3
19 0 1
19 1 9
19 4 1
19 7 7
19 8 9
19 9 6
19 11 8
20 4 4
20 5 5
20 8 1
20 9 8
20 14 5
20 15 5
20 17 4
20 19 1
21 3 6
21 6 2
21 7 6
21 13 2
21 20 1
22 4 3
22 6 3
22 9 1
22 10 10
22 12 4
22 16 6
22 18 7
22 19 8
22 20 7
22 21 6
23 0 1
23 3 2
23 4 1
23 6 2
23 7 9
23 13 3
23 14 3
23 16 8
23 20 1
23 21 8
24 0 10
24 2 2
24 4 4
24 10 10
24 11 6
24 13 2
24 14 6
24 16 5
24 18 10
24 21 8
24 22 5
25 0 3
25 7 1
25 8 9
25 9 4
25 10 1
25 13 3
25 14 8
25 16 4
25 17 1
25 20 4
26 1 9
26 2 2
26 6 10
26 13 8
26 14 6
26 19 7
26 22 1
26 24 6
27 0 6
27 5 1
27 6 5
27 7 1
27 14 8
27 22 6
27 25 3
28 0 9
28 3 4
28 4 5
28 11 9
28 13 5
28 15 8
28 17 4
28 20 2
28 24 10
28 25 6
28 27 1
29 4 9
29 5 4
29 7 8
29 8 4
29 10 6
29 12 10
29 13 3
29 15 9
29 16 2
29 23 6
29 24 1
29 25 6
29 26 1
29 27 9
29 28 4
30 0 2
30 2 6
30 3 6
30 4 4
30 5 9
30 7 9
30 8 5
30 9 1
30 13 10
30 14 10
30 18 1
30 20 7
30 23 10
30 25 3
31 0 6
31 3 5
31 9 9
31 10 10
31 13 3
31 19 6
31 20 4
31 21 9
31 24 9
31 25 5
31 27 10
31 28 7
31 30 7
32 1 3
32 2 1
32 3 10
32 4 9
32 10 3
32 12 9
32 14 5
32 16 2
32 17 7
32 20 7
32 21 10
32 22 7
32 23 7
32 28 8
33 0 2
33 1 7
33 3 8
33 4 2
33 5 10
33 6 2
33 11 9
33 12 9
33 15 10
33 16 5
33 17 1
33 18 5
33 19 6
33 23 2
33 25 8
33 26 9
33 30 9
33 32 6
34 3 3
34 5 10
34 6 5
34 9 7
34 10 2
34 11 5
34 14 7
34 16 7
34 17 2
34 22 1
34 25 9
34 26 5
34 32 10
34 33 5
35 1 8
35 3 1
35 5 1
35 6 4
35 7 2
35 9 1
35 10 2
35 12 10
35 15 10
35 19 9
35 20 8
35 22 4
35 23 5
35 24 2
35 32 6
35 34 5
36 0 3
36 1 1
36 2 5
36 3 3
36 9 3
36 10 9
36 13 9
36 15 7
36 19 5
36 20 6
36 21 5
36 23 9
36 31 1
36 35 3
37 2 7
37 9 7
37 13 3
37 14 8
37 15 9
37 17 3
37 26 7
37 28 9
37 29 2
37 31 6
37 34 4
37 36 5
38 1 3
38 6 2
38 9 9
38 10 1
38 11 9
38 12 7
38 14 4
38 15 5
38 17 2
38 31 2
38 33 4
38 35 8
39 6 10
39 21 1
39 24 8
39 25 9
39 27 2
39 28 5
39 29 1
39 30 10
39 31 8
39 32 1
39 33 9
39 37 8
39 38 4
40 3 1
40 4 10
40 6 3
40 9 10
40 13 9
40 22 5
40 26 6
40 28 4
40 31 9
40 33 10
40 34 7
40 35 5
40 36 2
41 2 10
41 3 1
41 4 5
41 5 10
41 6 1
41 8 6
41 9 8
41 10 5
41 12 7
41 13 1
41 14 9
41 18 3
41 22 10
41 24 4
41 26 1
41 29 9
41 30 3
41 33 3
41 36 5
41 37 5
42 2 8
42 4 9
42 11 6
42 12 3
42 14 7
42 18 6
42 19 1
42 21 5
42 23 3
42 25 4
42 29 10
42 33 7
42 35 1
42 37 6
42 38 9
42 39 5
43 1 4
43 3 2
43 6 5
43 7 10
43 8 8
43 11 6
43 15 1
43 18 6
43 27 5
43 30 10
43 32 5
43 34 4
43 40 6
44 6 9
44 9 9
44 12 6
44 13 6
44 14 8
44 15 9
44 16 7
44 17 1
44 19 9
44 21 8
44 22 4
44 28 2
44 29 1
44 30 1
44 31 2
44 34 8
44 37 1
44 43 8
45 2 2
45 4 8
45 7 2
45 11 2
45 19 4
45 20 7
45 25 2
45 27 9
45 30 10
45 31 1
45 33 6
45 34 5
45 35 8
45 36 7
45 37 6
45 43 1
45 44 8
46 0 4
46 2 9
46 3 6
46 5 8
46 6 1
46 9 5
46 11 10
46 12 9
46 15 6
46 16 10
46 18 7
46 19 9
46 20 9
46 21 4
46 24 1
46 25 5
46 26 8
46 29 2
46 32 5
46 35 6
46 38 2
46 40 7
46 41 8
46 42 6
46 44 2
47 3 7
47 6 2
47 7 10
47 13 9
47 17 1
47 18 3
47 21 2
47 22 4
47 26 7
47 33 4
47 36 7
47 37 7
47 42 8
47 45 2
48 2 1
48 4 9
48 6 10
48 12 2
48 15 7
48 16 7
48 17 2
48 18 10
48 26 4
48 29 3
48 32 5
48 33 1
48 35 3
48 39 7
48 41 1
48 47 4
49 6 8
49 7 5
49 10 10
49 13 2
49 18 9
49 20 4
49 21 1
49 22 1
49 23 3
49 24 8
49 27 1
49 28 6
49 29 7
49 30 10
49 31 2
49 32 3
49 34 5
49 46 1
50 3 8
50 7 1
50 9 10
50 11 7
50 12 1
50 14 1
50 17 9
50 20 4
50 22 1
50 24 7
50 26 3
50 28 4
50 30 3
50 32 4
50 38 2
50 39 5
50 44 3
50 46 2
50 47 6
50 48 3
51 5 6
51 6 8
51 8 9
51 13 4
51 20 6
51 22 10
51 24 1
51 25 9
51 26 2
51 31 1
51 32 5
51 38 2
51 43 6
51 44 5
51 46 10
51 47 3
51 50 3
52 1 6
52 2 1
52 10 4
52 12 6
52 14 8
52 16 5
52 18 3
52 19 3
52 25 5
52 29 7
52 35 2
52 42 4
53 2 6
53 5 3
53 7 5
53 10 1
53 12 7
53 14 1
53 19 9
53 32 2
53 33 7
53 35 1
53 37 7
53 38 7
53 40 8
53 41 3
53 44 8
53 46 5
53 49 6
53 50 7
53 51 5
54 8 7
54 10 10
54 12 9
54 14 1
54 15 3
54 16 10
54 18 4
54 26 8
54 28 1
54 30 7
54 32 4
54 34 6
54 39 1
54 40 7
54 42 4
54 45 5
54 48 4
54 52 4
54 53 4
55 0 6
55 4 1
55 8 7
55 9 6
55 10 8
55 11 4
55 13 7
55 21 5
55 25 4
55 26 2
55 28 3
55 30 8
55 32 3
55 33 6
55 34 10
55 39 7
55 42 9
55 43 8
55 44 3
55 46 8
55 47 5
55 48 10
55 50 3
55 51 5
55 53 1
55 54 10
56 0 7
56 10 10
56 11 8
56 16 4
56 17 2
56 18 10
56 19 1
56 23 2
56 29 9
56 37 7
56 40 5
56 42 2
56 46 1
56 49 8
56 50 6
56 52 5
56 53 5
56 54 10
56 55 1
57 2 3
57 4 7
57 5 9
57 7 9
57 8 5
57 9 4
57 10 10
57 18 5
57 22 3
57 26 9
57 28 7
57 29 6
57 33 2
57 34 8
57 35 10
57 42 2
57 43 9
57 45 3
57 46 5
57 48 6
57 51 7
57 52 10
57 53 9
57 54 3
58 0 1
58 1 2
58 2 6
58 3 2
58 7 4
58 14 1
58 17 8
58 18 5
58 21 10
58 22 9
58 26 10
58 28 4
58 31 6
58 35 9
58 38 2
58 41 8
58 43 5
58 44 9
58 46 5
58 47 4
58 49 9
58 50 6
58 53 2
58 54 2
59 5 1
59 6 5
59 8 1
59 10 8
59 13 2
59 15 5
59 17 3
59 18 9
59 19 10
59 24 1
59 27 5
59 28 10
59 30 6
59 31 3
59 32 7
59 34 3
59 36 6
59 38 5
59 44 8
59 45 10
59 49 7
59 50 8
59 51 4
59 55 3
60 1 7
60 2 7
60 6 8
60 13 1
60 14 10
60 16 5
60 17 8
60 32 7
60 33 4
60 36 6
60 41 8
60 43 1
60 49 10
60 51 5
60 52 8
60 53 9
60 55 10
60 57 7
60 58 2
61 3 1
61 4 2
61 6 3
61 8 9
61 14 1
61 16 2
61 17 7
61 19 3
61 22 9
61 25 3
61 28 10
61 32 10
61 35 8
61 36 7
61 38 2
61 40 5
61 43 4
61 46 9
61 49 4
61 51 4
61 52 10
61 56 8
61 57 5
61 59 8
62 3 3
62 5 10
62 7 7
62 10 6
62 13 1
62 14 7
62 17 7
62 18 5
62 22 3
62 25 8
62 26 2
62 28 10
62 33 10
62 34 7
62 36 5
62 37 9
62 39 7
62 41 7
62 43 9
62 44 2
62 45 6
62 46 4
62 49 4
62 51 7
62 55 1
62 59 4
62 60 6
63 1 9
63 6 2
63 7 8
63 10 1
63 11 6
63 14 1
63 15 10
63 16 5
63 18 4
63 19 9
63 20 10
63 21 5
63 27 3
63 28 10
63 30 3
63 32 1
63 33 10
63 40 8
63 42 7
63 43 4
63 44 7
63 45 8
63 48 6
63 49 2
63 50 2
63 54 8
63 55 7
63 58 2
63 61 5
64 0 1
64 2 4
64 4 9
64 8 3
64 14 7
64 16 5
64 17 10
64 20 5
64 23 2
64 25 8
64 29 7
64 30 3
64 34 1
64 36 4
64 39 9
64 43 8
64 44 6
64 45 9
64 48 2
64 49 3
64 52 1
64 53 3
64 55 6
64 58 10
64 59 2
64 62 9
64 63 1
65 1 6
65 5 3
65 6 5
65 8 10
65 9 8
65 10 10
65 12 9
65 15 6
65 22 6
65 24 3
65 28 3
65 29 1
65 32 6
65 36 1
65 38 2
65 39 6
65 42 9
65 43 6
65 44 9
65 47 3
65 48 5
65 54 2
65 55 1
65 58 3
65 60 2
65 64 6
66 1 2
66 5 3
66 6 8
66 7 6
66 16 6
66 20 8
66 21 5
66 24 9
66 28 10
66 34 2
66 35 4
66 37 5
66 41 4
66 42 8
66 43 7
66 44 1
66 49 1
66 51 6
66 52 6
66 59 1
66 60 1
66 62 1
66 63 4
66 64 7
67 7 9
67 11 5
67 13 2
67 14 6
67 16 4
67 22 8
67 28 3
67 29 7
67 33 5
67 35 2
67 37 7
67 41 7
67 43 5
67 44 8
67 46 6
67 47 6
67 51 10
67 52 10
67 53 3
67 55 6
67 56 10
67 60 4
67 61 2
67 63 5
68 10 1
68 17 10
68 24 8
68 25 9
68 40 2
68 41 10
68 42 5
68 43 4
68 47 2
68 48 9
68 49 1
68 50 6
68 53 8
68 54 8
68 55 3
68 58 5
68 59 5
68 61 8
68 63 2
68 65 2
69 1 10
69 2 7
69 6 3
69 11 1
69 17 7
69 18 7
69 20 1
69 21 4
69 23 4
69 25 10
69 26 3
69 29 4
69 30 6
69 31 1
69 33 1
69 34 4
69 36 6
69 37 3
69 40 4
69 45 10
69 49 4
69 51 4
69 53 4
69 56 3
69 59 5
69 60 6
69 63 6
69 68 1
