60
3 2 14
4 1 2
5 0 1
5 1 18
5 2 9
5 3 11
6 0 10
6 1 5
7 0 9
7 2 19
7 4 7
7 6 6
8 2 8
8 5 2
8 7 12
9 2 7
9 3 8
9 4 18
9 5 4
9 6 9
10 1 7
10 3 15
10 4 14
10 5 12
11 1 19
11 3 5
11 6 2
12 1 15
12 2 12
12 4 17
12 8 17
12 10 12
13 5 4
13 6 9
13 7 12
13 8 20
13 10 16
13 11 20
13 12 20
14 1 19
14 2 19
14 3 15
14 4 10
14 6 14
14 8 13
14 9 6
14 11 2
14 12 19
15 0 19
15 2 20
15 3 4
15 5 19
15 9 3
15 10 10
15 14 4
16 1 1
16 4 5
16 7 12
16 8 4
16 15 13
17 3 7
17 11 11
17 14 13
18 0 4
18 2 10
18 3 14
18 6 8
18 7 1
18 8 10
18 9 8
18 10 14
18 12 9
18 17 9
19 1 10
19 3 3
19 4 8
19 5 8
19 6 2
19 9 11
19 10 2
19 14 14
20 3 8
20 4 7
20 6 19
20 7 20
20 8 12
20 13 19
20 14 2
20 15 6
20 16 9
20 18 3
21 1 20
21 2 2
21 3 10
21 4 5
21 7 17
21 9 2
21 13 12
21 14 10
21 18 14
21 20 7
22 0 3
22 8 17
22 9 12
22 10 9
22 11 8
22 12 16
22 13 12
22 14 8
22 15 16
22 16 17
22 17 9
23 1 11
23 5 3
23 10 14
23 15 20
23 17 18
23 19 7
23 20 14
23 21 6
24 0 16
24 2 13
24 3 5
24 4 8
24 5 9
24 13 18
24 14 18
24 17 14
24 18 19
24 19 18
25 3 17
25 7 15
25 12 9
25 14 19
25 15 16
25 17 17
25 19 1
25 23 14
26 2 6
26 4 8
26 5 5
26 6 8
26 8 17
26 9 18
26 11 17
26 14 15
26 15 9
26 17 7
26 18 3
26 19 16
26 21 13
26 23 6
26 25 10
27 6 13
27 13 17
27 17 19
27 21 9
27 24 18
27 25 17
28 4 12
28 6 17
28 8 13
28 11 12
28 12 13
28 14 15
28 16 3
28 18 2
28 19 9
28 25 11
29 0 13
29 1 19
29 3 17
29 4 10
29 10 17
29 12 11
29 14 18
29 15 5
29 17 13
29 18 10
29 20 13
29 22 18
29 26 9
29 28 5
30 0 6
30 2 17
30 3 7
30 5 4
30 6 14
30 7 5
30 11 6
30 14 9
30 17 15
30 18 6
30 19 15
30 23 1
30 24 5
30 26 11
30 28 8
30 29 1
31 1 20
31 5 1
31 7 18
31 8 20
31 11 8
31 13 13
31 16 13
31 17 7
31 20 5
31 25 14
31 28 18
32 0 2
32 13 8
32 14 9
32 15 8
32 18 16
32 19 12
32 21 7
32 23 14
32 25 14
32 26 6
32 27 5
32 31 3
33 3 20
33 5 18
33 8 17
33 10 2
33 11 9
33 22 1
33 23 19
33 24 8
33 25 10
33 27 8
33 30 17
34 2 1
34 10 4
34 12 13
34 13 11
34 14 15
34 15 11
34 18 12
34 20 5
34 21 3
34 22 14
34 23 15
34 25 9
34 26 4
34 31 4
34 32 1
34 33 1
35 1 9
35 4 8
35 5 11
35 12 2
35 15 16
35 16 10
35 18 13
35 21 17
35 23 20
35 24 18
35 32 7
35 34 9
36 0 9
36 1 2
36 2 3
36 3 13
36 8 3
36 10 7
36 14 6
36 18 10
36 19 18
36 22 17
36 23 5
36 30 6
36 31 4
36 32 6
36 33 2
36 35 17
37 4 6
37 5 4
37 6 15
37 7 16
37 10 2
37 12 13
37 13 9
37 17 20
37 21 8
37 23 7
37 24 5
37 26 5
37 30 6
37 31 9
37 33 5
38 1 3
38 4 3
38 5 8
38 11 19
38 13 18
38 18 2
38 24 9
38 26 8
38 27 19
38 30 8
38 31 1
38 36 7
39 6 8
39 8 10
39 9 5
39 15 17
39 18 19
39 20 13
39 22 5
39 24 6
39 25 10
39 28 4
39 31 7
39 34 18
39 35 1
39 36 3
40 0 17
40 3 2
40 9 12
40 19 9
40 22 17
40 23 8
40 24 5
40 25 10
40 26 6
40 28 15
40 31 5
40 36 5
40 37 5
41 0 20
41 3 5
41 5 19
41 6 19
41 9 8
41 13 8
41 14 8
41 18 11
41 23 12
41 25 14
41 26 1
41 27 13
41 28 2
41 33 18
41 34 6
41 35 6
41 38 17
41 40 5
42 2 14
42 3 8
42 4 7
42 5 19
42 11 8
42 13 8
42 16 15
42 20 17
42 22 2
42 23 12
42 25 7
42 27 1
42 28 19
42 30 19
42 31 1
42 32 2
42 38 3
42 39 6
43 5 11
43 8 3
43 9 14
43 10 10
43 11 4
43 12 19
43 13 9
43 19 12
43 25 1
43 26 17
43 28 9
43 32 19
43 35 15
43 37 19
43 41 17
43 42 12
44 0 9
44 2 4
44 3 15
44 4 6
44 6 7
44 12 6
44 16 8
44 17 8
44 18 10
44 19 19
44 21 4
44 23 2
44 25 3
44 26 20
44 28 16
44 29 2
44 31 5
44 32 11
44 33 19
44 34 13
44 35 9
44 37 8
44 38 4
44 40 8
44 42 12
44 43 10
45 0 10
45 1 13
45 3 10
45 5 2
45 6 11
45 9 8
45 12 3
45 13 8
45 19 10
45 29 13
45 32 16
45 34 9
45 35 2
45 36 10
45 39 11
45 40 14
45 42 14
45 43 20
46 0 2
46 1 17
46 5 19
46 6 3
46 7 1
46 8 14
46 18 7
46 26 20
46 27 7
46 32 3
46 36 4
46 37 10
46 38 8
46 41 5
46 44 3
46 45 10
47 0 16
47 5 8
47 6 5
47 7 5
47 8 7
47 12 5
47 13 17
47 18 6
47 19 11
47 21 6
47 25 1
47 29 9
47 31 8
47 33 18
47 34 20
47 42 5
47 46 13
48 0 13
48 2 4
48 4 20
48 6 13
48 8 4
48 12 18
48 13 17
48 16 17
48 17 10
48 21 6
48 23 8
48 26 5
48 31 7
48 34 7
48 37 6
48 41 15
48 44 18
48 46 10
49 1 18
49 5 8
49 10 17
49 12 4
49 13 7
49 15 16
49 16 20
49 18 1
49 21 20
49 22 19
49 28 12
49 31 16
49 32 17
49 33 6
49 34 18
49 37 7
49 39 13
49 40 20
49 41 12
49 46 11
50 1 6
50 2 4
50 13 20
50 17 12
50 18 3
50 22 7
50 23 13
50 26 9
50 28 17
50 29 9
50 31 15
50 33 12
50 39 16
50 40 12
50 43 8
50 47 20
50 49 4
51 4 14
51 6 10
51 10 12
51 12 18
51 16 10
51 18 2
51 21 8
51 22 2
51 25 12
51 26 5
51 30 9
51 31 4
51 32 5
51 35 3
51 38 17
51 40 3
51 43 7
51 46 8
51 47 2
51 50 16
52 2 8
52 4 10
52 9 10
52 10 9
52 12 13
52 15 6
52 17 15
52 18 20
52 24 3
52 28 10
52 32 16
52 38 16
52 43 15
52 47 17
53 0 4
53 2 5
53 6 13
53 9 4
53 10 5
53 13 5
53 16 18
53 21 1
53 23 7
53 26 13
53 28 2
53 31 8
53 38 3
53 39 12
53 40 13
53 45 16
53 46 13
53 51 8
54 0 9
54 2 19
54 11 5
54 13 1
54 14 8
54 17 4
54 18 10
54 19 16
54 20 12
54 21 19
54 22 12
54 24 19
54 26 18
54 27 20
54 28 11
54 31 19
54 32 14
54 35 9
54 37 16
54 38 2
54 40 20
54 43 7
54 44 19
54 46 10
54 47 5
54 50 12
54 51 12
54 53 1
55 0 19
55 2 12
55 3 12
55 6 9
55 7 11
55 10 15
55 13 3
55 16 11
55 17 11
55 18 8
55 28 8
55 33 13
55 34 6
55 35 3
55 37 3
55 38 15
55 39 19
55 40 8
55 41 14
55 44 20
55 45 18
55 47 20
55 48 10
55 50 3
55 52 4
56 0 19
56 2 18
56 6 13
56 8 3
56 11 19
56 14 1
56 20 4
56 22 13
56 23 15
56 28 12
56 29 11
56 31 12
56 32 12
56 41 3
56 45 4
56 46 14
56 47 7
56 51 17
56 52 12
56 53 2
56 55 12
57 1 11
57 3 10
57 4 5
57 13 3
57 15 13
57 21 13
57 22 4
57 25 14
57 26 7
57 27 1
57 28 8
57 33 18
57 34 11
57 38 15
57 41 14
57 44 14
57 49 7
57 51 10
57 52 16
58 2 11
58 7 15
58 8 10
58 10 6
58 11 20
58 21 17
58 22 5
58 24 12
58 25 8
58 27 18
58 28 8
58 30 16
58 34 5
58 36 13
58 37 16
58 42 1
58 43 17
58 49 5
58 50 1
58 53 10
58 56 7
59 5 7
59 10 17
59 11 12
59 12 17
59 13 8
59 18 12
59 20 6
59 22 18
59 29 16
59 31 3
59 33 4
59 34 13
59 40 5
59 41 7
59 43 8
59 44 5
59 46 19
59 47 16
59 48 9
59 49 10
59 50 4
59 51 18
59 55 15
59 56 12
59 58 2
