70
1 0 89
2 0 181
2 1 222
3 1 8
3 2 190
4 0 180
4 2 309
5 2 83
7 2 153
7 4 83
9 0 94
9 1 261
9 4 248
9 5 129
10 5 99
11 0 104
11 2 127
11 5 320
11 7 295
11 9 42
12 2 42
12 4 160
12 5 133
12 7 21
12 8 298
12 9 197
12 10 251
13 2 234
13 5 222
13 6 5
13 9 210
14 1 69
14 6 317
15 1 144
15 2 131
15 5 180
16 0 314
16 3 75
16 9 114
16 11 213
16 13 181
17 3 89
17 4 133
17 8 2
17 14 252
17 15 125
18 0 59
18 2 242
18 6 88
18 9 24
18 11 265
18 13 309
19 8 60
19 9 225
19 16 95
19 18 304
20 3 253
20 5 122
20 7 171
20 10 258
20 11 34
20 13 171
20 17 59
21 6 203
21 11 287
21 13 214
21 14 314
22 0 125
22 4 151
22 12 231
22 13 110
22 15 84
22 16 226
22 17 162
22 18 99
22 19 60
22 20 242
22 21 196
23 3 197
23 5 146
23 9 186
23 13 259
23 14 127
24 3 312
24 6 20
24 13 208
24 17 43
24 21 9
25 0 227
25 1 215
25 4 133
25 6 176
25 7 256
25 12 26
25 14 234
25 16 38
25 19 206
25 24 120
26 0 74
26 3 156
26 4 118
26 9 250
26 12 247
26 14 88
26 15 76
26 18 319
26 22 261
27 1 215
27 6 113
27 8 110
27 11 248
27 12 25
27 15 15
27 19 147
27 20 196
27 23 38
27 26 209
28 2 290
28 3 122
28 4 218
28 5 217
28 6 313
28 7 212
28 9 29
28 12 154
28 15 195
28 20 88
28 21 83
28 24 273
28 26 146
28 27 101
29 4 253
29 12 320
29 15 80
29 21 66
29 26 166
30 9 15
30 16 86
30 18 67
30 23 66
30 28 252
30 29 51
31 1 216
31 2 280
31 5 295
31 9 128
31 11 72
31 12 266
31 13 240
31 15 115
31 17 109
31 20 100
31 26 316
32 0 151
32 2 240
32 4 109
32 5 109
32 9 77
32 13 248
32 19 182
32 21 113
32 22 261
32 27 319
32 29 295
32 30 226
33 15 257
33 16 239
33 19 170
33 20 10
33 28 243
33 29 86
33 31 89
34 0 285
34 1 133
34 2 278
34 3 103
34 4 117
34 13 31
34 19 263
34 20 192
34 22 1
34 23 211
34 25 34
34 26 278
34 31 66
35 5 149
35 12 159
35 14 99
35 15 216
35 17 267
35 18 181
35 19 275
35 20 92
35 21 312
35 22 167
35 23 243
35 28 118
35 30 16
36 4 77
36 7 202
36 14 10
36 16 301
36 29 80
36 32 41
37 1 44
37 3 92
37 8 297
37 11 309
37 14 21
37 23 64
37 30 98
37 34 210
38 0 170
38 1 146
38 6 273
38 7 139
38 8 80
38 10 199
38 11 239
38 12 35
38 13 236
38 16 112
38 19 149
38 24 25
38 27 311
38 31 33
38 37 202
39 8 2
39 10 273
39 13 57
39 14 32
39 16 53
39 17 212
39 18 116
39 23 196
39 24 142
39 25 51
39 35 62
40 4 125
40 7 25
40 9 85
40 15 195
40 17 22
40 23 215
40 25 223
40 31 228
40 33 17
40 35 259
40 37 286
40 39 29
41 2 153
41 3 208
41 5 149
41 6 274
41 8 70
41 14 269
41 15 315
41 19 168
41 20 43
41 22 120
41 26 123
41 34 53
41 36 93
42 0 50
42 2 98
42 4 171
42 7 81
42 9 63
42 13 51
42 16 182
42 20 149
42 22 230
42 25 30
42 28 164
42 30 10
42 33 233
42 34 253
42 36 21
42 38 307
43 0 317
43 5 7
43 12 148
43 14 40
43 15 82
43 17 313
43 20 22
43 24 89
43 33 25
43 34 249
43 37 78
43 38 166
44 13 233
44 15 94
44 16 283
44 17 253
44 23 102
44 34 163
44 36 208
44 42 92
44 43 146
45 1 287
45 6 78
45 17 62
45 18 298
45 21 208
45 25 309
45 34 308
45 36 249
45 37 11
45 38 100
45 39 174
45 40 225
46 1 138
46 3 280
46 9 281
46 19 230
46 22 315
46 24 187
46 25 128
46 35 224
46 36 165
46 37 150
46 41 97
46 44 203
46 45 93
47 3 246
47 11 150
47 13 255
47 14 112
47 15 115
47 17 202
47 27 282
47 28 222
47 29 8
47 31 283
47 32 60
47 33 173
47 38 167
47 39 22
47 46 106
48 0 211
48 5 191
48 6 114
48 10 235
48 11 27
48 14 75
48 20 21
48 21 293
48 27 15
48 30 261
48 31 50
48 32 6
48 33 269
48 37 210
48 38 114
48 46 121
49 0 67
49 20 65
49 25 264
49 26 35
49 27 222
49 31 69
49 32 223
49 40 116
49 44 94
49 47 37
49 48 132
50 2 193
50 3 175
50 5 299
50 6 314
50 12 265
50 16 121
50 18 236
50 21 210
50 24 140
50 29 238
50 30 16
50 35 299
50 38 216
50 39 94
50 40 312
50 45 82
50 46 219
50 47 237
50 48 272
51 0 139
51 6 296
51 16 136
51 17 178
51 18 289
51 24 262
51 25 90
51 27 35
51 29 1
51 31 142
51 38 32
51 43 114
51 46 88
51 50 13
52 0 75
52 3 272
52 9 118
52 10 221
52 12 35
52 13 67
52 14 195
52 17 44
52 19 212
52 20 39
52 22 144
52 24 39
52 28 169
52 33 10
52 35 28
52 37 71
52 39 175
52 40 229
52 44 278
52 48 39
53 0 182
53 1 181
53 7 13
53 8 276
53 9 33
53 13 306
53 14 9
53 17 318
53 21 45
53 24 240
53 25 82
53 27 1
53 33 286
53 35 216
53 37 74
53 40 142
53 42 202
53 43 161
53 45 154
53 47 196
53 48 204
53 49 225
53 50 44
54 9 213
54 10 168
54 11 148
54 12 189
54 14 22
54 17 129
54 24 134
54 27 153
54 32 57
54 33 289
54 34 229
54 36 55
54 42 296
54 47 208
54 50 64
55 4 166
55 5 14
55 9 302
55 10 129
55 11 249
55 12 141
55 13 170
55 16 83
55 18 194
55 24 127
55 26 32
55 31 239
55 33 200
55 35 91
55 38 267
55 41 99
55 42 210
55 47 237
55 50 162
55 52 46
55 54 1
56 4 262
56 5 216
56 14 33
56 15 110
56 16 218
56 17 21
56 22 214
56 25 170
56 30 154
56 33 218
56 36 141
56 40 242
56 48 43
56 51 185
56 55 180
57 3 272
57 4 134
57 5 13
57 11 175
57 12 94
57 14 231
57 16 56
57 21 229
57 23 92
57 29 213
57 30 50
57 33 86
57 34 277
57 37 310
57 38 88
57 40 247
57 41 275
57 46 15
57 47 181
57 52 32
57 53 16
58 1 25
58 2 177
58 5 58
58 9 248
58 10 14
58 15 121
58 16 250
58 17 221
58 20 166
58 24 308
58 27 17
58 30 29
58 35 301
58 36 271
58 38 93
58 39 25
58 41 191
58 45 150
59 6 297
59 8 299
59 18 48
59 25 10
59 26 288
59 29 196
59 35 171
59 39 127
59 41 145
59 47 221
59 48 260
59 49 3
59 50 165
59 51 187
59 53 96
59 54 244
59 56 207
60 0 164
60 6 15
60 13 261
60 14 97
60 15 73
60 16 7
60 18 105
60 20 88
60 24 34
60 31 318
60 36 47
60 45 315
60 46 183
60 47 111
60 48 71
60 57 190
60 58 98
60 59 271
61 0 41
61 1 26
61 5 53
61 15 171
61 20 258
61 31 57
61 32 304
61 41 193
61 46 34
61 51 141
61 53 83
61 55 206
61 56 146
61 59 111
61 60 91
62 3 4
62 7 288
62 15 94
62 16 266
62 18 165
62 23 33
62 25 47
62 26 136
62 30 46
62 32 74
62 36 308
62 39 122
62 40 102
62 43 63
62 46 107
62 50 140
62 53 308
62 56 315
62 58 77
62 61 96
63 1 271
63 3 73
63 6 252
63 7 183
63 12 64
63 15 235
63 16 314
63 22 243
63 24 244
63 27 57
63 28 134
63 30 221
63 34 293
63 36 255
63 37 183
63 40 33
63 42 90
63 43 194
63 44 20
63 45 286
63 48 196
63 50 185
63 51 184
63 59 25
64 0 85
64 10 153
64 11 8
64 12 170
64 19 264
64 25 38
64 29 226
64 33 165
64 34 118
64 36 111
64 39 245
64 44 200
64 51 159
64 54 11
64 59 149
64 60 283
65 11 183
65 12 7
65 19 4
65 20 110
65 21 150
65 22 241
65 24 309
65 25 43
65 27 296
65 28 241
65 29 12
65 30 66
65 31 177
65 34 217
65 36 4
65 39 240
65 41 191
65 46 307
65 49 36
65 51 165
65 52 214
65 53 152
65 55 180
65 57 33
66 4 282
66 8 241
66 10 222
66 17 221
66 27 41
66 30 136
66 38 20
66 41 3
66 44 306
66 50 244
66 51 306
66 52 18
66 60 149
66 62 197
67 0 97
67 3 187
67 8 23
67 10 230
67 11 310
67 15 84
67 18 309
67 19 222
67 20 201
67 24 294
67 25 49
67 29 24
67 31 182
67 33 193
67 37 200
67 39 248
67 42 101
67 44 64
67 46 304
67 53 227
67 54 13
67 57 85
67 66 142
68 5 82
68 6 35
68 8 82
68 17 233
68 23 46
68 24 276
68 26 198
68 28 207
68 33 92
68 36 116
68 43 248
68 47 26
68 49 280
68 59 155
68 62 185
68 63 205
68 64 124
68 66 310
68 67 296
69 10 42
69 11 43
69 13 97
69 23 187
69 24 264
69 28 159
69 30 192
69 32 87
69 35 287
69 38 138
69 46 30
69 47 143
69 49 299
69 50 148
69 52 290
69 65 168
