60
1 0 69
2 0 59
2 1 149
3 0 31
3 1 27
3 2 26
4 0 31
4 1 45
4 2 157
4 3 153
5 0 144
5 1 102
5 2 146
5 3 18
5 4 32
6 0 19
6 1 52
6 2 67
6 3 100
6 4 100
6 5 15
7 0 104
7 1 1
7 2 71
7 3 37
7 4 11
7 5 143
7 6 157
8 0 67
8 1 30
8 2 117
8 3 160
8 4 61
8 5 75
8 6 19
8 7 79
9 0 160
9 1 129
9 2 145
9 3 122
9 4 96
9 5 138
9 6 4
9 7 64
9 8 135
10 0 106
10 1 33
10 2 22
10 3 30
10 4 14
10 5 11
10 6 144
10 7 117
10 8 7
10 9 29
11 0 70
11 1 159
11 2 76
11 3 18
11 4 50
11 5 160
11 6 104
11 7 87
11 8 46
11 9 89
11 10 23
12 0 149
12 1 41
12 2 117
12 3 99
12 4 71
12 5 46
12 6 144
12 7 48
12 8 147
12 9 72
12 10 128
12 11 110
13 0 46
13 1 81
13 2 83
13 3 157
13 4 96
13 5 93
13 6 56
13 7 23
13 8 92
13 9 63
13 10 152
13 11 119
13 12 66
14 0 123
14 1 26
14 2 142
14 3 34
14 4 64
14 5 85
14 6 134
14 7 39
14 8 14
14 9 59
14 10 47
14 11 147
14 12 3
14 13 126
15 0 48
15 1 40
15 2 110
15 3 26
15 4 38
15 5 14
15 6 101
15 7 152
15 8 84
15 9 71
15 10 1
15 11 123
15 12 129
15 13 112
15 14 111
16 0 24
16 1 131
16 2 86
16 3 84
16 4 70
16 5 42
16 6 123
16 7 115
16 8 116
16 9 54
16 10 92
16 11 106
16 12 121
16 13 111
16 14 118
16 15 103
17 0 33
17 1 11
17 2 131
17 3 31
17 4 137
17 5 136
17 6 80
17 7 1
17 8 65
17 9 34
17 10 68
17 11 127
17 12 10
17 13 117
17 14 54
17 15 67
17 16 27
18 0 85
18 1 54
18 2 24
18 3 62
18 4 56
18 5 74
18 6 153
18 7 48
18 8 27
18 9 7
18 10 23
18 11 72
18 12 32
18 13 81
18 14 123
18 15 15
18 16 67
18 17 81
19 0 99
19 1 44
19 2 153
19 3 95
19 4 103
19 5 160
19 6 154
19 7 145
19 8 41
19 9 80
19 10 137
19 11 61
19 12 127
19 13 1
19 14 3
19 15 107
19 16 1
19 17 73
19 18 48
20 0 105
20 1 86
20 2 9
20 3 2
20 4 39
20 5 95
20 6 104
20 7 26
20 8 147
20 9 51
20 10 37
20 11 27
20 12 19
20 13 101
20 14 27
20 15 48
20 16 83
20 17 79
20 18 153
20 19 90
21 0 110
21 1 130
21 2 71
21 3 124
21 4 128
21 5 87
21 6 156
21 7 19
21 8 49
21 9 105
21 10 146
21 11 46
21 12 120
21 13 4
21 14 56
21 15 16
21 16 24
21 17 61
21 18 15
21 19 45
21 20 107
22 0 149
22 1 31
22 2 85
22 3 58
22 4 48
22 5 88
22 6 53
22 7 63
22 8 131
22 9 79
22 10 8
22 11 148
22 12 60
22 13 38
22 14 25
22 15 81
22 16 53
22 17 102
22 18 126
22 19 134
22 20 43
22 21 120
23 0 142
23 1 10
23 2 79
23 3 159
23 4 103
23 5 9
23 6 91
23 7 155
23 8 4
23 9 58
23 10 62
23 11 38
23 12 86
23 13 111
23 14 79
23 15 97
23 16 98
23 17 36
23 18 99
23 19 119
23 20 22
23 21 160
23 22 122
24 0 20
24 1 19
24 2 43
24 3 26
24 4 107
24 5 79
24 6 92
24 7 4
24 8 92
24 9 80
24 10 122
24 11 156
24 12 26
24 13 32
24 14 70
24 15 55
24 16 130
24 17 3
24 18 69
24 19 2
24 20 34
24 21 73
24 22 43
24 23 47
25 0 97
25 1 36
25 2 130
25 3 7
25 4 105
25 5 96
25 6 74
25 7 21
25 8 27
25 9 105
25 10 103
25 11 123
25 12 131
25 13 101
25 14 76
25 15 83
25 16 87
25 17 120
25 18 123
25 19 132
25 20 50
25 21 19
25 22 142
25 23 66
25 24 66
26 0 79
26 1 2
26 2 12
26 3 75
26 4 25
26 5 128
26 6 68
26 7 127
26 8 30
26 9 104
26 10 125
26 11 144
26 12 113
26 13 148
26 14 53
26 15 20
26 16 8
26 17 136
26 18 9
26 19 121
26 20 147
26 21 2
26 22 29
26 23 37
26 24 144
26 25 102
27 0 26
27 1 10
27 2 148
27 3 3
27 4 65
27 5 119
27 6 100
27 7 142
27 8 30
27 9 120
27 10 91
27 11 84
27 12 98
27 13 52
27 14 136
27 15 137
27 16 76
27 17 127
27 18 96
27 19 155
27 20 60
27 21 61
27 22 43
27 23 110
27 24 73
27 25 6
27 26 133
28 0 21
28 1 104
28 2 92
28 3 37
28 4 78
28 5 43
28 6 21
28 7 118
28 8 55
28 9 45
28 10 133
28 11 2
28 12 57
28 13 116
28 14 18
28 15 7
28 16 7
28 17 5
28 18 23
28 19 48
28 20 5
28 21 21
28 22 26
28 23 114
28 24 8
28 25 125
28 26 136
28 27 58
29 0 72
29 1 62
29 2 152
29 3 153
29 4 17
29 5 37
29 6 121
29 7 78
29 8 145
29 9 156
29 10 33
29 11 106
29 12 37
29 13 118
29 14 110
29 15 5
29 16 28
29 17 38
29 18 135
29 19 125
29 20 47
29 21 110
29 22 142
29 23 123
29 24 34
29 25 83
29 26 47
29 27 29
29 28 63
30 0 4
30 1 139
30 2 143
30 3 131
30 4 99
30 5 77
30 6 74
30 7 77
30 8 40
30 9 18
30 10 40
30 11 136
30 12 13
30 13 142
30 14 34
30 15 123
30 16 99
30 17 33
30 18 41
30 19 70
30 20 131
30 21 52
30 22 38
30 23 65
30 24 136
30 25 131
30 26 7
30 27 122
30 28 92
30 29 132
31 0 39
31 1 148
31 2 148
31 3 18
31 4 50
31 5 125
31 6 112
31 7 27
31 8 71
31 9 152
31 10 79
31 11 8
31 12 58
31 13 88
31 14 124
31 15 91
31 16 112
31 17 108
31 18 53
31 19 13
31 20 141
31 21 78
31 22 91
31 23 159
31 24 85
31 25 100
31 26 67
31 27 114
31 28 141
31 29 40
31 30 132
32 0 103
32 1 103
32 2 26
32 3 10
32 4 81
32 5 62
32 6 84
32 7 57
32 8 9
32 9 61
32 10 48
32 11 95
32 12 150
32 13 53
32 14 67
32 15 2
32 16 58
32 17 106
32 18 38
32 19 36
32 20 110
32 21 17
32 22 135
32 23 154
32 24 34
32 25 134
32 26 35
32 27 59
32 28 123
32 29 62
32 30 66
32 31 124
33 0 127
33 1 8
33 2 17
33 3 26
33 4 19
33 5 99
33 6 56
33 7 146
33 8 88
33 9 81
33 10 42
33 11 74
33 12 5
33 13 117
33 14 155
33 15 152
33 16 157
33 17 38
33 18 29
33 19 2
33 20 1
33 21 89
33 22 12
33 23 39
33 24 29
33 25 128
33 26 64
33 27 22
33 28 82
33 29 71
33 30 1
33 31 51
33 32 64
34 0 72
34 1 30
34 2 85
34 3 12
34 4 96
34 5 94
34 6 106
34 7 58
34 8 37
34 9 76
34 10 106
34 11 56
34 12 97
34 13 110
34 14 53
34 15 107
34 16 98
34 17 93
34 18 30
34 19 87
34 20 109
34 21 116
34 22 142
34 23 135
34 24 153
34 25 31
34 26 3
34 27 113
34 28 20
34 29 118
34 30 24
34 31 87
34 32 88
34 33 21
35 0 72
35 1 74
35 2 77
35 3 77
35 4 51
35 5 67
35 6 89
35 7 58
35 8 134
35 9 101
35 10 142
35 11 158
35 12 143
35 13 15
35 14 62
35 15 129
35 16 65
35 17 32
35 18 26
35 19 35
35 20 150
35 21 129
35 22 17
35 23 62
35 24 97
35 25 41
35 26 12
35 27 30
35 28 26
35 29 32
35 30 34
35 31 142
35 32 90
35 33 39
35 34 54
36 0 17
36 1 64
36 2 116
36 3 72
36 4 5
36 5 18
36 6 28
36 7 127
36 8 12
36 9 127
36 10 40
36 11 2
36 12 58
36 13 147
36 14 34
36 15 51
36 16 124
36 17 74
36 18 38
36 19 121
36 20 64
36 21 26
36 22 18
36 23 148
36 24 108
36 25 139
36 26 20
36 27 132
36 28 85
36 29 49
36 30 23
36 31 94
36 32 45
36 33 98
36 34 52
36 35 47
37 0 31
37 1 80
37 2 130
37 3 38
37 4 139
37 5 159
37 6 61
37 7 28
37 8 138
37 9 154
37 10 5
37 11 83
37 12 45
37 13 151
37 14 121
37 15 79
37 16 34
37 17 7
37 18 31
37 19 115
37 20 32
37 21 126
37 22 123
37 23 117
37 24 25
37 25 52
37 26 93
37 27 62
37 28 74
37 29 49
37 30 27
37 31 40
37 32 13
37 33 49
37 34 121
37 35 35
37 36 147
38 0 108
38 1 141
38 2 35
38 3 141
38 4 25
38 5 41
38 6 93
38 7 38
38 8 110
38 9 61
38 10 69
38 11 43
38 12 17
38 13 40
38 14 46
38 15 52
38 16 138
38 17 29
38 18 98
38 19 130
38 20 134
38 21 89
38 22 12
38 23 107
38 24 135
38 25 4
38 26 112
38 27 51
38 28 85
38 29 89
38 30 43
38 31 47
38 32 103
38 33 29
38 34 86
38 35 144
38 36 151
38 37 84
39 0 28
39 1 104
39 2 34
39 3 60
39 4 89
39 5 59
39 6 18
39 7 134
39 8 109
39 9 16
39 10 139
39 11 147
39 12 149
39 13 61
39 14 13
39 15 89
39 16 83
39 17 58
39 18 3
39 19 66
39 20 101
39 21 138
39 22 46
39 23 154
39 24 129
39 25 79
39 26 119
39 27 108
39 28 158
39 29 29
39 30 153
39 31 65
39 32 40
39 33 148
39 34 110
39 35 34
39 36 33
39 37 95
39 38 18
40 0 23
40 1 89
40 2 155
40 3 130
40 4 150
40 5 49
40 6 79
40 7 112
40 8 77
40 9 91
40 10 58
40 11 74
40 12 77
40 13 8
40 14 144
40 15 32
40 16 137
40 17 93
40 18 58
40 19 40
40 20 100
40 21 50
40 22 111
40 23 71
40 24 55
40 25 65
40 26 125
40 27 49
40 28 71
40 29 67
40 30 32
40 31 145
40 32 156
40 33 97
40 34 103
40 35 55
40 36 86
40 37 149
40 38 70
40 39 24
41 0 84
41 1 72
41 2 126
41 3 6
41 4 146
41 5 62
41 6 117
41 7 129
41 8 27
41 9 11
41 10 158
41 11 45
41 12 11
41 13 81
41 14 5
41 15 108
41 16 84
41 17 54
41 18 28
41 19 115
41 20 101
41 21 58
41 22 86
41 23 61
41 24 94
41 25 151
41 26 11
41 27 25
41 28 33
41 29 155
41 30 11
41 31 18
41 32 16
41 33 26
41 34 143
41 35 44
41 36 137
41 37 144
41 38 115
41 39 155
41 40 119
42 0 139
42 1 99
42 2 34
42 3 114
42 4 42
42 5 45
42 6 56
42 7 128
42 8 33
42 9 29
42 10 67
42 11 36
42 12 118
42 13 150
42 14 155
42 15 106
42 16 81
42 17 41
42 18 63
42 19 95
42 20 158
42 21 111
42 22 145
42 23 118
42 24 144
42 25 6
42 26 120
42 27 130
42 28 14
42 29 24
42 30 46
42 31 46
42 32 21
42 33 86
42 34 12
42 35 135
42 36 57
42 37 154
42 38 1
42 39 98
42 40 12
42 41 144
43 0 26
43 1 79
43 2 30
43 3 101
43 4 6
43 5 24
43 6 78
43 7 41
43 8 12
43 9 60
43 10 52
43 11 3
43 12 141
43 13 159
43 14 70
43 15 91
43 16 79
43 17 86
43 18 14
43 19 29
43 20 79
43 21 40
43 22 148
43 23 2
43 24 152
43 25 40
43 26 9
43 27 147
43 28 63
43 29 137
43 30 47
43 31 63
43 32 60
43 33 68
43 34 113
43 35 105
43 36 47
43 37 36
43 38 116
43 39 4
43 40 76
43 41 26
43 42 85
44 0 1
44 1 131
44 2 56
44 3 88
44 4 115
44 5 66
44 6 154
44 7 16
44 8 112
44 9 139
44 10 120
44 11 112
44 12 29
44 13 65
44 14 18
44 15 85
44 16 37
44 17 151
44 18 133
44 19 147
44 20 88
44 21 88
44 22 99
44 23 5
44 24 121
44 25 28
44 26 27
44 27 15
44 28 56
44 29 85
44 30 67
44 31 121
44 32 131
44 33 59
44 34 21
44 35 67
44 36 83
44 37 111
44 38 16
44 39 120
44 40 47
44 41 100
44 42 71
44 43 103
45 0 152
45 1 141
45 2 144
45 3 43
45 4 18
45 5 17
45 6 18
45 7 17
45 8 5
45 9 102
45 10 34
45 11 9
45 12 49
45 13 47
45 14 43
45 15 153
45 16 118
45 17 44
45 18 58
45 19 25
45 20 114
45 21 65
45 22 65
45 23 7
45 24 115
45 25 29
45 26 150
45 27 90
45 28 13
45 29 57
45 30 78
45 31 17
45 32 145
45 33 13
45 34 49
45 35 72
45 36 133
45 37 130
45 38 77
45 39 87
45 40 22
45 41 81
45 42 124
45 43 42
45 44 28
46 0 130
46 1 120
46 2 81
46 3 55
46 4 34
46 5 142
46 6 49
46 7 150
46 8 79
46 9 142
46 10 102
46 11 108
46 12 133
46 13 56
46 14 49
46 15 109
46 16 64
46 17 64
46 18 2
46 19 37
46 20 66
46 21 22
46 22 63
46 23 97
46 24 134
46 25 130
46 26 131
46 27 120
46 28 47
46 29 35
46 30 11
46 31 111
46 32 136
46 33 105
46 34 39
46 35 135
46 36 120
46 37 69
46 38 96
46 39 104
46 40 40
46 41 136
46 42 4
46 43 41
46 44 12
46 45 160
47 0 67
47 1 15
47 2 44
47 3 157
47 4 40
47 5 97
47 6 62
47 7 34
47 8 149
47 9 81
47 10 39
47 11 1
47 12 138
47 13 35
47 14 132
47 15 111
47 16 47
47 17 81
47 18 145
47 19 123
47 20 52
47 21 63
47 22 94
47 23 148
47 24 108
47 25 132
47 26 123
47 27 3
47 28 12
47 29 122
47 30 40
47 31 44
47 32 71
47 33 95
47 34 9
47 35 36
47 36 18
47 37 17
47 38 158
47 39 44
47 40 133
47 41 60
47 42 122
47 43 137
47 44 51
47 45 42
47 46 8
48 0 84
48 1 85
48 2 81
48 3 43
48 4 84
48 5 159
48 6 76
48 7 19
48 8 107
48 9 125
48 10 23
48 11 2
48 12 81
48 13 14
48 14 131
48 15 160
48 16 22
48 17 62
48 18 106
48 19 130
48 20 35
48 21 105
48 22 19
48 23 21
48 24 148
48 25 32
48 26 116
48 27 33
48 28 160
48 29 159
48 30 144
48 31 64
48 32 11
48 33 92
48 34 117
48 35 61
48 36 142
48 37 158
48 38 136
48 39 137
48 40 41
48 41 37
48 42 148
48 43 40
48 44 110
48 45 33
48 46 49
48 47 108
49 0 14
49 1 26
49 2 140
49 3 1
49 4 7
49 5 23
49 6 39
49 7 5
49 8 76
49 9 143
49 10 103
49 11 139
49 12 126
49 13 35
49 14 53
49 15 41
49 16 107
49 17 127
49 18 43
49 19 48
49 20 45
49 21 150
49 22 70
49 23 133
49 24 75
49 25 124
49 26 1
49 27 67
49 28 20
49 29 130
49 30 36
49 31 118
49 32 6
49 33 155
49 34 132
49 35 141
49 36 111
49 37 69
49 38 32
49 39 100
49 40 144
49 41 146
49 42 113
49 43 153
49 44 32
49 45 46
49 46 136
49 47 45
49 48 86
50 0 94
50 1 30
50 2 12
50 3 81
50 4 126
50 5 37
50 6 158
50 7 29
50 8 1
50 9 107
50 10 91
50 11 72
50 12 153
50 13 102
50 14 31
50 15 34
50 16 117
50 17 1
50 18 141
50 19 159
50 20 61
50 21 118
50 22 156
50 23 114
50 24 130
50 25 140
50 26 153
50 27 124
50 28 136
50 29 122
50 30 142
50 31 106
50 32 117
50 33 64
50 34 25
50 35 98
50 36 28
50 37 34
50 38 98
50 39 47
50 40 128
50 41 85
50 42 40
50 43 51
50 44 118
50 45 91
50 46 153
50 47 15
50 48 74
50 49 118
51 0 10
51 1 72
51 2 45
51 3 85
51 4 108
51 5 144
51 6 18
51 7 65
51 8 14
51 9 78
51 10 52
51 11 44
51 12 99
51 13 114
51 14 136
51 15 96
51 16 126
51 17 133
51 18 138
51 19 38
51 20 113
51 21 96
51 22 110
51 23 76
51 24 149
51 25 41
51 26 118
51 27 144
51 28 47
51 29 44
51 30 113
51 31 10
51 32 77
51 33 38
51 34 35
51 35 17
51 36 42
51 37 128
51 38 113
51 39 123
51 40 105
51 41 107
51 42 46
51 43 68
51 44 88
51 45 152
51 46 122
51 47 26
51 48 73
51 49 75
51 50 22
52 0 154
52 1 70
52 2 113
52 3 42
52 4 83
52 5 60
52 6 99
52 7 64
52 8 43
52 9 32
52 10 66
52 11 150
52 12 105
52 13 101
52 14 5
52 15 83
52 16 116
52 17 98
52 18 6
52 19 43
52 20 83
52 21 81
52 22 143
52 23 144
52 24 152
52 25 114
52 26 24
52 27 147
52 28 6
52 29 40
52 30 131
52 31 34
52 32 118
52 33 78
52 34 155
52 35 99
52 36 121
52 37 16
52 38 72
52 39 71
52 40 2
52 41 133
52 42 16
52 43 151
52 44 119
52 45 131
52 46 155
52 47 22
52 48 49
52 49 55
52 50 63
52 51 102
53 0 41
53 1 65
53 2 149
53 3 48
53 4 38
53 5 77
53 6 74
53 7 132
53 8 109
53 9 47
53 10 10
53 11 100
53 12 84
53 13 84
53 14 56
53 15 115
53 16 39
53 17 115
53 18 70
53 19 46
53 20 6
53 21 143
53 22 128
53 23 42
53 24 156
53 25 92
53 26 82
53 27 9
53 28 52
53 29 39
53 30 120
53 31 41
53 32 77
53 33 71
53 34 95
53 35 5
53 36 30
53 37 159
53 38 60
53 39 63
53 40 151
53 41 23
53 42 31
53 43 107
53 44 126
53 45 90
53 46 56
53 47 130
53 48 146
53 49 65
53 50 124
53 51 69
53 52 117
54 0 7
54 1 117
54 2 91
54 3 58
54 4 12
54 5 62
54 6 114
54 7 114
54 8 106
54 9 155
54 10 88
54 11 84
54 12 73
54 13 110
54 14 66
54 15 26
54 16 87
54 17 91
54 18 65
54 19 154
54 20 31
54 21 143
54 22 123
54 23 66
54 24 60
54 25 149
54 26 140
54 27 76
54 28 43
54 29 15
54 30 140
54 31 141
54 32 53
54 33 126
54 34 14
54 35 28
54 36 87
54 37 75
54 38 62
54 39 125
54 40 146
54 41 130
54 42 58
54 43 73
54 44 69
54 45 144
54 46 155
54 47 137
54 48 2
54 49 138
54 50 143
54 51 19
54 52 14
54 53 74
55 0 147
55 1 97
55 2 146
55 3 61
55 4 152
55 5 53
55 6 121
55 7 59
55 8 85
55 9 92
55 10 89
55 11 68
55 12 160
55 13 135
55 14 104
55 15 114
55 16 100
55 17 19
55 18 109
55 19 135
55 20 52
55 21 157
55 22 142
55 23 113
55 24 135
55 25 36
55 26 38
55 27 16
55 28 86
55 29 139
55 30 19
55 31 115
55 32 9
55 33 130
55 34 113
55 35 42
55 36 98
55 37 75
55 38 14
55 39 128
55 40 97
55 41 18
55 42 114
55 43 96
55 44 136
55 45 140
55 46 145
55 47 4
55 48 101
55 49 80
55 50 70
55 51 53
55 52 46
55 53 58
55 54 53
56 0 45
56 1 28
56 2 60
56 3 72
56 4 9
56 5 13
56 6 117
56 7 102
56 8 144
56 9 80
56 10 97
56 11 44
56 12 46
56 13 56
56 14 62
56 15 100
56 16 121
56 17 7
56 18 144
56 19 58
56 20 102
56 21 151
56 22 118
56 23 18
56 24 32
56 25 106
56 26 123
56 27 136
56 28 26
56 29 117
56 30 47
56 31 96
56 32 63
56 33 88
56 34 79
56 35 109
56 36 56
56 37 122
56 38 19
56 39 76
56 40 92
56 41 52
56 42 96
56 43 84
56 44 37
56 45 155
56 46 157
56 47 49
56 48 105
56 49 143
56 50 57
56 51 14
56 52 27
56 53 123
56 54 126
56 55 114
57 0 130
57 1 77
57 2 126
57 3 27
57 4 119
57 5 23
57 6 136
57 7 51
57 8 55
57 9 56
57 10 116
57 11 21
57 12 55
57 13 107
57 14 50
57 15 50
57 16 87
57 17 127
57 18 58
57 19 25
57 20 138
57 21 2
57 22 72
57 23 6
57 24 140
57 25 120
57 26 134
57 27 135
57 28 4
57 29 63
57 30 29
57 31 38
57 32 18
57 33 112
57 34 49
57 35 103
57 36 145
57 37 74
57 38 56
57 39 46
57 40 131
57 41 35
57 42 16
57 43 101
57 44 10
57 45 29
57 46 49
57 47 18
57 48 121
57 49 121
57 50 51
57 51 12
57 52 130
57 53 24
57 54 38
57 55 18
57 56 107
58 0 22
58 1 84
58 2 65
58 3 23
58 4 138
58 5 122
58 6 111
58 7 156
58 8 39
58 9 143
58 10 151
58 11 132
58 12 72
58 13 49
58 14 142
58 15 136
58 16 65
58 17 68
58 18 160
58 19 14
58 20 61
58 21 122
58 22 87
58 23 33
58 24 6
58 25 102
58 26 128
58 27 80
58 28 95
58 29 141
58 30 97
58 31 7
58 32 146
58 33 54
58 34 121
58 35 75
58 36 99
58 37 154
58 38 158
58 39 118
58 40 114
58 41 131
58 42 85
58 43 143
58 44 19
58 45 47
58 46 78
58 47 109
58 48 39
58 49 33
58 50 76
58 51 73
58 52 68
58 53 142
58 54 53
58 55 135
58 56 140
58 57 29
59 0 138
59 1 7
59 2 82
59 3 156
59 4 125
59 5 116
59 6 111
59 7 134
59 8 79
59 9 140
59 10 146
59 11 118
59 12 48
59 13 30
59 14 130
59 15 158
59 16 17
59 17 108
59 18 22
59 19 139
59 20 136
59 21 112
59 22 77
59 23 88
59 24 19
59 25 94
59 26 159
59 27 55
59 28 117
59 29 76
59 30 50
59 31 58
59 32 34
59 33 26
59 34 66
59 35 4
59 36 80
59 37 158
59 38 40
59 39 22
59 40 39
59 41 8
59 42 30
59 43 72
59 44 84
59 45 62
59 46 123
59 47 131
59 48 158
59 49 123
59 50 35
59 51 78
59 52 87
59 53 52
59 54 121
59 55 8
59 56 36
59 57 29
59 58 106
