50
2 0 198
3 2 297
4 0 80
4 1 131
4 2 106
4 3 94
5 1 37
6 0 47
6 1 281
6 2 110
6 3 237
6 4 256
6 5 30
7 0 106
7 2 216
7 3 111
7 6 50
8 0 208
8 1 14
8 2 119
8 3 150
8 4 53
8 7 247
9 1 228
9 4 115
9 5 92
9 7 314
10 1 320
10 3 174
10 7 71
10 8 66
11 0 245
11 1 272
11 2 307
11 3 265
11 4 295
11 5 213
11 7 202
11 8 221
11 9 36
11 10 250
12 0 269
12 1 248
12 2 25
12 3 109
12 4 229
12 5 12
12 8 82
12 9 146
12 10 2
13 0 300
13 1 29
13 3 269
13 4 194
13 6 81
13 7 271
13 10 41
13 11 183
14 0 255
14 1 229
14 2 85
14 3 236
14 4 130
14 5 71
14 6 246
14 9 108
14 10 152
14 11 134
14 12 27
14 13 174
15 0 72
15 1 318
15 2 251
15 8 215
15 11 293
16 0 312
16 1 181
16 4 119
16 5 180
16 6 300
16 10 148
16 12 125
16 14 261
16 15 305
17 2 139
17 4 116
17 5 201
17 7 262
17 11 77
17 14 246
17 15 4
18 0 207
18 1 244
18 2 143
18 3 217
18 6 78
18 9 244
18 10 278
18 12 281
18 15 193
18 16 278
18 17 142
19 1 279
19 3 221
19 4 103
19 5 2
19 6 142
19 7 7
19 9 49
19 10 35
19 11 128
19 12 3
19 13 242
19 14 122
19 15 69
19 17 17
19 18 25
20 0 66
20 2 144
20 3 149
20 4 119
20 5 41
20 7 58
20 11 224
20 12 63
20 14 98
20 15 125
20 17 281
21 0 23
21 1 245
21 2 152
21 4 151
21 5 181
21 6 291
21 10 235
21 13 167
21 14 296
21 15 179
21 17 202
21 18 118
21 19 86
22 0 136
22 1 28
22 2 219
22 3 55
22 4 247
22 8 229
22 10 169
22 11 262
22 13 113
22 15 144
22 16 5
22 17 101
22 18 191
22 19 170
22 21 21
23 0 41
23 1 25
23 2 277
23 3 76
23 4 245
23 5 102
23 6 22
23 7 5
23 8 271
23 9 262
23 10 304
23 13 147
23 15 8
23 16 319
23 17 69
23 19 56
23 20 60
23 21 50
23 22 75
24 1 32
24 2 88
24 3 174
24 4 113
24 14 158
24 16 311
24 17 266
24 20 251
24 21 196
25 1 21
25 2 195
25 4 58
25 9 153
25 14 89
25 15 158
25 17 306
25 18 143
25 20 305
25 21 160
25 23 188
26 0 208
26 1 317
26 2 50
26 5 107
26 6 37
26 7 267
26 8 109
26 9 306
26 11 82
26 12 261
26 13 195
26 14 173
26 15 33
26 16 292
26 18 232
26 20 2
26 21 219
26 22 247
26 23 261
26 24 91
26 25 196
27 0 47
27 1 303
27 2 107
27 6 121
27 9 200
27 10 27
27 11 263
27 12 239
27 13 11
27 15 246
27 16 38
27 17 44
27 18 18
27 21 190
27 22 259
27 25 6
28 0 168
28 1 38
28 2 253
28 3 308
28 4 45
28 7 269
28 9 131
28 10 180
28 12 31
28 13 194
28 14 74
28 15 316
28 16 91
28 20 292
28 22 82
28 23 186
28 24 282
28 25 120
28 27 137
29 0 169
29 1 131
29 2 41
29 4 234
29 5 285
29 6 169
29 7 53
29 8 89
29 9 217
29 14 262
29 15 180
29 17 51
29 20 217
29 21 269
29 23 180
29 24 110
29 25 145
30 0 141
30 1 47
30 2 98
30 3 309
30 4 32
30 5 12
30 9 197
30 10 211
30 11 305
30 13 302
30 15 165
30 18 218
30 20 266
30 23 298
30 25 51
30 26 201
30 27 148
31 1 292
31 5 1
31 6 182
31 7 307
31 8 269
31 10 139
31 15 7
31 16 252
31 17 125
31 18 115
31 22 195
31 23 149
31 27 283
31 28 208
32 1 219
32 2 241
32 4 107
32 5 111
32 8 260
32 9 273
32 10 232
32 11 109
32 12 36
32 14 9
32 15 33
32 16 283
32 19 41
32 25 318
32 26 273
32 30 99
32 31 201
33 1 198
33 2 299
33 4 173
33 5 215
33 6 240
33 7 29
33 12 102
33 13 191
33 14 253
33 17 88
33 18 55
33 19 312
33 20 203
33 21 12
33 25 281
33 31 180
34 1 153
34 2 36
34 3 317
34 4 11
34 5 117
34 9 179
34 10 34
34 11 98
34 13 161
34 14 294
34 15 7
34 16 165
34 17 310
34 18 207
34 22 222
34 24 271
34 27 252
34 28 213
34 31 312
35 0 98
35 1 265
35 2 223
35 3 199
35 5 109
35 7 313
35 8 181
35 10 126
35 11 49
35 13 30
35 14 312
35 15 316
35 17 73
35 18 255
35 19 308
35 20 207
35 21 232
35 23 1
35 24 166
35 26 76
35 27 55
35 29 43
35 30 204
35 31 136
35 33 48
36 2 48
36 5 278
36 8 80
36 9 149
36 11 131
36 12 138
36 13 71
36 14 248
36 15 188
36 20 40
36 21 259
36 24 320
36 25 127
36 27 295
36 28 152
36 29 277
36 31 117
36 32 279
36 33 96
36 34 41
36 35 207
37 1 181
37 5 128
37 6 101
37 8 48
37 11 21
37 12 319
37 15 196
37 16 118
37 17 215
37 18 299
37 19 299
37 20 72
37 21 61
37 22 128
37 24 132
37 25 65
37 27 268
37 29 306
37 30 139
37 31 26
37 34 235
37 35 268
38 0 71
38 1 221
38 2 121
38 3 254
38 4 267
38 5 303
38 6 61
38 7 77
38 10 198
38 11 30
38 12 49
38 14 255
38 18 231
38 19 111
38 23 163
38 24 168
38 25 252
38 29 80
38 31 317
38 34 68
38 35 294
39 1 301
39 2 231
39 3 244
39 5 70
39 6 315
39 9 220
39 10 295
39 11 61
39 12 143
39 13 290
39 15 257
39 17 149
39 18 307
39 22 92
39 25 174
39 26 92
39 30 310
39 31 231
39 33 67
39 34 33
39 35 307
39 36 145
39 38 187
40 3 48
40 6 244
40 8 184
40 9 21
40 10 71
40 13 316
40 14 313
40 16 13
40 17 102
40 20 75
40 21 59
40 22 42
40 23 96
40 24 60
40 25 285
40 26 251
40 27 128
40 28 277
40 29 268
40 30 309
40 31 22
40 32 118
40 33 205
40 35 32
40 39 320
41 0 194
41 3 66
41 4 236
41 5 315
41 6 164
41 7 202
41 8 206
41 9 287
41 10 97
41 12 149
41 13 213
41 15 159
41 17 279
41 19 298
41 20 215
41 21 114
41 22 146
41 24 315
41 25 245
41 26 204
41 27 217
41 30 302
41 32 186
41 33 229
41 36 178
41 37 83
41 39 137
42 1 67
42 2 167
42 3 30
42 5 165
42 6 59
42 8 182
42 9 303
42 10 108
42 14 315
42 16 45
42 17 310
42 19 111
42 20 7
42 21 266
42 23 318
42 24 86
42 27 166
42 28 104
42 30 76
42 32 205
42 33 273
42 35 48
42 36 156
42 37 204
42 39 189
42 41 144
43 1 160
43 2 110
43 3 16
43 5 292
43 8 264
43 11 231
43 13 232
43 14 169
43 15 299
43 16 269
43 18 270
43 19 227
43 20 302
43 21 187
43 22 148
43 23 243
43 24 107
43 25 138
43 26 319
43 29 176
43 32 16
43 36 266
43 37 265
43 39 315
43 41 142
44 0 208
44 4 105
44 8 259
44 9 43
44 12 73
44 13 296
44 14 66
44 17 26
44 18 305
44 19 78
44 20 303
44 22 296
44 25 13
44 26 233
44 27 213
44 28 94
44 30 289
44 33 68
44 34 162
44 35 292
44 36 265
44 37 126
44 40 296
44 41 5
45 0 18
45 1 104
45 3 151
45 5 187
45 6 281
45 7 256
45 8 39
45 9 134
45 11 91
45 14 204
45 15 308
45 16 103
45 18 266
45 19 283
45 24 227
45 25 152
45 27 225
45 28 68
45 29 46
45 32 31
45 33 19
45 37 15
45 39 274
45 40 203
45 43 284
45 44 140
46 1 299
46 2 132
46 3 267
46 4 136
46 5 107
46 7 286
46 9 245
46 10 27
46 11 11
46 13 231
46 15 154
46 16 53
46 17 151
46 18 100
46 21 64
46 22 1
46 23 309
46 24 250
46 25 46
46 26 90
46 28 232
46 29 16
46 31 170
46 32 143
46 33 165
46 34 167
46 35 145
46 36 37
46 39 176
46 40 207
46 41 208
46 42 36
46 43 94
46 45 129
47 2 96
47 3 185
47 4 236
47 6 300
47 7 119
47 8 179
47 9 246
47 12 212
47 13 314
47 14 271
47 15 291
47 17 18
47 18 224
47 19 35
47 21 307
47 23 293
47 26 225
47 28 310
47 29 232
47 30 16
47 32 103
47 33 223
47 34 76
47 36 268
47 39 164
47 41 9
47 42 269
47 43 166
47 45 288
48 1 109
48 4 84
48 6 30
48 7 134
48 8 244
48 9 117
48 11 109
48 15 222
48 17 304
48 18 107
48 20 63
48 21 151
48 23 261
48 25 25
48 26 257
48 27 157
48 28 272
48 31 149
48 34 77
48 35 161
48 36 77
48 37 210
48 40 99
48 44 275
48 46 178
48 47 93
49 1 173
49 2 182
49 3 136
49 5 8
49 6 257
49 7 317
49 8 232
49 9 205
49 11 72
49 12 283
49 13 274
49 16 232
49 18 237
49 20 193
49 22 103
49 23 297
49 24 29
49 25 177
49 28 298
49 29 94
49 30 264
49 32 177
49 33 312
49 34 121
49 36 283
49 37 121
49 39 36
49 40 148
49 41 224
49 43 5
49 44 18
49 46 208
49 47 130
