20
2 0 20
4 0 3
4 1 30
4 2 5
4 3 31
5 2 7
5 4 36
6 1 40
7 1 1
7 2 25
7 3 4
7 6 16
8 1 19
8 3 22
8 4 39
8 5 33
8 6 7
8 7 4
9 2 4
9 3 16
9 5 23
9 7 24
10 2 34
10 3 11
10 5 19
10 6 2
10 8 9
11 5 27
11 6 26
11 7 21
11 9 1
12 9 2
12 11 10
13 2 15
13 7 2
13 8 13
14 2 28
14 4 40
14 9 25
15 0 22
15 2 23
15 3 28
15 4 17
15 5 24
15 8 24
15 9 9
16 0 15
16 6 12
16 10 36
16 14 26
16 15 28
17 5 32
17 11 18
17 12 24
18 5 34
18 9 25
18 11 10
18 13 30
18 15 17
18 16 21
18 17 20
19 1 12
19 3 38
19 6 7
19 9 34
19 15 8
