60
1 0 13
2 1 31
3 1 8
3 2 6
5 1 1
5 4 17
6 1 38
6 2 29
6 3 4
6 4 6
7 0 20
7 2 35
7 3 28
7 4 37
8 0 14
8 1 1
8 2 20
8 4 1
8 7 5
9 1 15
9 5 29
9 6 10
10 0 15
10 1 20
10 2 33
10 3 7
10 7 8
10 9 13
11 0 23
11 1 17
11 4 37
11 5 28
11 7 13
11 9 8
11 10 28
12 6 32
12 7 4
12 10 16
12 11 6
13 0 26
13 1 39
13 2 18
13 5 19
13 6 39
13 7 23
13 9 39
13 10 11
13 11 31
13 12 37
14 0 11
14 6 12
14 12 21
14 13 4
15 0 5
15 2 39
15 6 16
15 11 3
15 12 40
15 13 35
16 0 33
16 1 12
16 2 39
16 3 8
16 6 1
16 7 28
16 8 38
16 9 8
16 11 1
16 14 6
17 0 18
17 7 25
17 8 25
17 10 3
17 12 27
17 14 9
17 15 14
17 16 16
18 1 20
18 2 27
18 3 17
18 4 5
18 7 36
18 11 30
18 12 33
18 14 21
18 16 23
18 17 29
19 0 34
19 4 31
19 6 5
19 7 18
19 10 38
19 12 27
19 15 39
19 16 2
20 0 10
20 3 33
20 5 6
20 6 34
20 7 38
20 9 20
20 12 12
20 13 5
20 16 21
20 18 5
21 1 2
21 2 37
21 4 20
21 6 19
21 7 26
21 8 12
21 11 1
21 12 17
21 13 33
21 15 40
21 18 32
21 19 19
22 0 38
22 1 23
22 3 10
22 4 15
22 5 2
22 7 16
22 9 14
22 12 38
22 15 3
22 16 12
22 20 19
23 0 26
23 2 34
23 4 38
23 6 20
23 7 15
23 8 30
23 15 2
23 19 29
23 20 26
24 2 17
24 4 5
24 5 29
24 8 9
24 10 14
24 13 23
24 14 17
24 17 38
24 21 13
25 3 25
25 4 19
25 5 35
25 11 19
25 13 35
25 16 10
25 18 7
25 21 40
25 22 31
25 24 30
26 2 3
26 3 22
26 5 11
26 6 25
26 8 22
26 10 16
26 11 14
26 12 38
26 13 28
26 14 16
26 15 31
26 17 8
26 21 26
26 23 17
27 1 36
27 5 4
27 6 2
27 7 28
27 8 9
27 10 13
27 12 4
27 13 27
27 16 17
27 17 16
27 21 18
27 22 1
27 24 5
27 25 39
27 26 16
28 0 1
28 2 21
28 4 36
28 8 26
28 9 32
28 14 10
28 18 23
28 20 21
28 21 1
28 23 2
28 25 40
28 27 34
29 2 6
29 3 11
29 4 38
29 6 20
29 8 29
29 11 32
29 15 36
29 16 18
29 17 33
29 18 14
29 21 23
29 23 25
29 25 24
29 26 31
29 27 11
30 0 33
30 1 14
30 2 10
30 4 38
30 5 13
30 6 20
30 7 21
30 8 30
30 10 3
30 11 28
30 12 14
30 14 9
30 16 11
30 17 39
30 20 29
30 23 11
30 25 24
30 28 22
30 29 36
31 1 6
31 2 27
31 4 5
31 6 3
31 7 28
31 8 13
31 11 6
31 12 12
31 13 18
31 16 5
31 18 21
31 19 27
31 21 19
31 23 14
31 25 14
31 26 27
31 27 35
31 28 35
32 3 31
32 5 6
32 10 15
32 16 13
32 19 9
32 27 16
32 28 32
32 29 22
32 30 3
32 31 8
33 0 40
33 1 22
33 2 13
33 3 30
33 4 21
33 8 13
33 9 6
33 12 17
33 15 2
33 16 8
33 17 37
33 18 26
33 19 5
33 20 25
33 21 18
33 28 11
33 31 25
34 1 34
34 5 3
34 6 22
34 10 10
34 13 7
34 14 29
34 15 11
34 16 5
34 17 10
34 19 35
34 20 8
34 22 37
34 25 3
34 26 39
34 33 18
35 0 20
35 2 9
35 7 6
35 8 16
35 9 16
35 10 5
35 12 27
35 13 8
35 14 36
35 19 4
35 22 9
35 23 2
35 25 20
35 28 22
35 29 38
35 30 38
36 0 37
36 4 20
36 5 28
36 7 25
36 8 35
36 9 14
36 10 40
36 11 25
36 15 35
36 17 19
36 19 19
36 22 1
36 23 1
36 24 31
36 25 35
36 27 26
36 28 26
36 29 29
36 30 2
36 31 17
36 32 36
36 34 32
37 2 22
37 4 5
37 9 13
37 11 26
37 12 1
37 14 18
37 15 31
37 16 34
37 18 9
37 19 3
37 20 17
37 23 31
37 28 11
37 29 7
37 30 16
37 33 27
37 34 17
37 36 5
38 2 23
38 3 2
38 4 37
38 6 24
38 9 40
38 11 17
38 12 1
38 13 27
38 16 29
38 19 38
38 20 23
38 22 40
38 23 20
38 25 22
38 29 28
38 30 7
38 33 30
38 34 24
38 36 25
39 1 2
39 2 19
39 6 39
39 8 17
39 9 21
39 10 25
39 11 36
39 13 15
39 14 36
39 16 37
39 17 20
39 20 18
39 23 2
39 24 38
39 25 19
39 26 1
39 27 37
39 28 26
39 29 40
39 31 25
39 33 6
39 35 11
39 36 21
39 38 35
40 0 32
40 1 27
40 2 33
40 3 12
40 4 8
40 5 38
40 6 12
40 8 16
40 14 5
40 15 17
40 17 8
40 18 6
40 19 26
40 23 32
40 24 36
40 26 31
40 28 21
40 29 1
40 30 15
40 31 26
40 32 38
40 37 7
40 39 18
41 0 31
41 1 12
41 2 37
41 3 37
41 5 5
41 8 18
41 9 17
41 11 2
41 12 20
41 14 14
41 16 6
41 20 7
41 21 36
41 22 22
41 25 8
41 26 36
41 28 15
41 30 9
42 0 39
42 3 3
42 8 26
42 9 18
42 10 31
42 11 10
42 12 25
42 17 39
42 18 17
42 20 14
42 22 6
42 25 35
42 27 37
42 29 23
42 30 12
42 31 15
42 33 2
42 41 16
43 0 17
43 3 38
43 4 31
43 5 6
43 6 39
43 8 23
43 18 29
43 20 25
43 21 3
43 23 25
43 24 28
43 25 3
43 28 33
43 30 34
43 35 31
43 36 22
43 42 37
44 4 8
44 7 9
44 9 2
44 11 5
44 13 17
44 17 28
44 18 5
44 22 37
44 24 32
44 25 31
44 27 39
44 31 32
44 34 10
44 35 19
44 36 25
44 38 4
44 39 11
44 42 4
44 43 8
45 0 29
45 5 28
45 6 34
45 7 39
45 11 37
45 14 6
45 16 17
45 17 32
45 18 6
45 19 12
45 20 35
45 22 22
45 28 40
45 29 26
45 31 36
45 32 20
45 38 38
45 39 24
45 40 8
45 41 15
45 43 37
45 44 12
46 0 36
46 1 19
46 2 2
46 3 29
46 4 2
46 5 26
46 6 23
46 7 18
46 10 4
46 12 2
46 14 12
46 15 8
46 17 27
46 20 40
46 21 38
46 22 26
46 23 30
46 24 14
46 26 5
46 27 23
46 31 8
46 33 21
46 35 21
46 36 21
46 37 26
46 38 39
46 39 22
46 40 26
46 41 22
46 43 18
46 45 14
47 4 40
47 5 28
47 6 6
47 8 20
47 9 30
47 11 36
47 15 13
47 17 26
47 20 6
47 21 14
47 22 7
47 25 11
47 27 33
47 28 10
47 29 5
47 30 23
47 32 8
47 35 3
47 37 13
47 38 13
47 39 3
47 43 28
47 45 6
48 0 3
48 3 39
48 4 40
48 5 35
48 7 22
48 10 12
48 11 9
48 13 30
48 15 3
48 17 26
48 19 33
48 22 6
48 24 24
48 25 17
48 26 4
48 27 40
48 30 32
48 31 33
48 33 26
48 34 3
48 36 14
48 38 28
48 39 16
48 41 27
48 43 17
48 47 11
49 0 39
49 4 1
49 8 32
49 9 2
49 10 19
49 12 23
49 14 4
49 17 3
49 20 28
49 21 4
49 22 16
49 25 36
49 26 6
49 28 33
49 30 6
49 33 10
49 36 1
49 37 8
49 40 36
49 45 19
49 48 14
50 1 11
50 2 8
50 3 31
50 7 16
50 12 33
50 14 35
50 16 12
50 19 39
50 20 38
50 24 12
50 25 28
50 29 35
50 30 11
50 32 19
50 33 8
50 37 25
50 41 5
50 43 35
50 47 29
51 0 39
51 1 40
51 3 15
51 9 37
51 10 22
51 12 2
51 13 11
51 16 38
51 19 15
51 20 30
51 22 18
51 23 30
51 25 7
51 27 16
51 29 28
51 31 3
51 32 26
51 34 39
51 37 39
51 39 40
51 45 38
51 47 10
51 48 26
51 49 24
52 0 38
52 2 31
52 3 32
52 4 37
52 5 7
52 6 35
52 8 26
52 9 24
52 10 13
52 13 21
52 15 37
52 17 31
52 21 30
52 26 20
52 29 5
52 30 11
52 31 39
52 32 11
52 33 5
52 34 20
52 37 34
52 39 3
52 40 17
52 41 5
52 42 35
52 43 22
52 48 35
52 49 7
53 2 25
53 3 33
53 6 39
53 7 7
53 8 7
53 9 35
53 10 26
53 11 12
53 12 38
53 13 9
53 14 23
53 15 31
53 20 32
53 22 24
53 23 28
53 24 2
53 28 33
53 29 13
53 31 31
53 32 27
53 35 39
53 38 5
53 40 18
53 43 23
53 45 27
53 46 24
53 47 9
53 49 18
54 1 12
54 2 19
54 3 3
54 8 34
54 9 12
54 10 11
54 14 4
54 15 12
54 16 27
54 18 19
54 20 38
54 22 31
54 25 35
54 28 39
54 29 6
54 30 23
54 31 14
54 33 23
54 36 27
54 37 17
54 39 32
54 41 8
54 43 20
54 44 28
54 47 17
54 48 37
54 50 8
54 52 6
55 2 12
55 4 29
55 5 23
55 6 29
55 7 15
55 8 36
55 9 39
55 10 1
55 14 29
55 16 35
55 17 7
55 21 40
55 23 12
55 24 31
55 27 36
55 28 7
55 30 14
55 31 4
55 38 17
55 40 26
55 41 16
55 42 4
55 45 11
55 49 1
55 51 14
55 52 26
55 54 37
56 1 4
56 3 17
56 4 24
56 5 29
56 6 21
56 8 15
56 9 17
56 13 31
56 17 38
56 18 12
56 21 3
56 25 4
56 26 9
56 28 11
56 29 29
56 30 31
56 31 1
56 33 33
56 34 19
56 35 33
56 36 37
56 38 20
56 39 21
56 41 34
56 42 28
56 44 14
56 45 7
56 46 25
56 47 29
56 50 27
56 51 15
56 52 16
56 53 7
56 54 9
57 2 28
57 6 12
57 10 29
57 11 3
57 12 28
57 14 16
57 16 10
57 17 11
57 21 29
57 22 25
57 23 11
57 26 14
57 27 33
57 29 28
57 31 1
57 32 32
57 33 36
57 34 20
57 35 40
57 37 39
57 40 34
57 42 29
57 43 3
57 45 6
57 48 12
57 50 9
57 51 26
57 52 40
57 55 3
57 56 7
58 5 22
58 6 5
58 8 3
58 17 23
58 20 16
58 21 4
58 22 38
58 23 26
58 25 8
58 26 11
58 28 9
58 30 14
58 32 12
58 33 22
58 34 15
58 36 15
58 37 30
58 38 32
58 41 22
58 43 30
58 45 23
58 47 36
58 49 28
58 52 9
58 56 6
59 0 25
59 1 31
59 2 4
59 3 32
59 5 8
59 10 30
59 11 24
59 12 22
59 13 24
59 17 13
59 20 18
59 22 14
59 24 31
59 27 1
59 28 4
59 30 6
59 31 5
59 32 1
59 35 14
59 36 22
59 39 20
59 42 37
59 43 3
59 45 9
59 49 31
59 54 35
59 55 7
59 56 13
59 57 30
