50
1 0 52
2 0 38
2 1 31
3 0 34
3 1 53
3 2 1
4 0 41
4 1 39
4 2 57
4 3 7
5 0 34
5 1 73
5 2 13
5 3 10
5 4 40
6 0 5
6 1 40
6 2 4
6 3 2
6 4 78
6 5 9
7 0 58
7 1 35
7 2 6
7 3 44
7 4 26
7 5 14
7 6 51
8 0 62
8 1 49
8 2 52
8 3 50
8 4 29
8 5 13
8 6 59
8 7 46
9 0 48
9 1 17
9 2 53
9 3 54
9 4 8
9 5 43
9 6 71
9 7 20
9 8 18
10 0 39
10 1 66
10 2 27
10 3 42
10 4 17
10 5 22
10 7 55
10 9 52
11 0 65
11 1 46
11 2 48
11 3 63
11 4 53
11 5 75
11 6 12
11 7 17
11 8 65
11 10 15
12 0 25
12 1 60
12 2 7
12 3 19
12 4 41
12 5 30
12 6 66
12 7 36
12 8 77
12 9 5
12 10 22
12 11 50
13 0 15
13 1 1
13 2 54
13 4 46
13 5 54
13 7 69
13 8 23
13 10 44
13 11 67
13 12 43
14 0 58
14 1 79
14 2 1
14 4 22
14 5 77
14 6 29
14 7 12
14 8 59
14 10 45
14 11 29
14 12 19
14 13 66
15 0 35
15 1 10
15 2 75
15 3 26
15 4 1
15 5 57
15 7 80
15 8 46
15 9 2
15 10 50
15 11 61
15 12 18
15 13 56
15 14 40
16 0 47
16 1 79
16 2 18
16 3 8
16 4 57
16 5 70
16 6 62
16 7 19
16 8 35
16 10 61
16 11 3
16 12 4
16 14 43
16 15 22
17 0 80
17 1 21
17 2 32
17 4 7
17 5 44
17 6 26
17 7 13
17 8 12
17 9 23
17 10 4
17 11 38
17 12 13
17 13 52
17 14 52
17 15 43
17 16 19
18 0 34
18 1 36
18 2 62
18 3 49
18 4 48
18 5 77
18 6 6
18 7 25
18 8 66
18 9 56
18 10 58
18 12 12
18 13 61
18 14 65
18 15 32
18 16 72
18 17 29
19 0 46
19 1 59
19 2 51
19 3 52
19 4 39
19 5 59
19 6 70
19 8 17
19 9 6
19 10 16
19 11 27
19 12 48
19 13 48
19 15 77
19 16 40
19 18 80
20 0 56
20 1 22
20 2 29
20 3 60
20 4 64
20 5 73
20 6 1
20 7 76
20 8 42
20 9 56
20 10 69
20 12 63
20 13 2
20 15 59
20 16 54
20 17 54
20 18 41
20 19 43
21 0 6
21 2 50
21 3 1
21 4 71
21 5 78
21 6 78
21 7 74
21 8 59
21 9 60
21 10 41
21 11 14
21 12 69
21 13 10
21 15 31
21 16 13
21 17 49
21 18 3
21 19 72
21 20 27
22 0 43
22 1 22
22 2 22
22 3 41
22 4 64
22 5 72
22 7 27
22 8 68
22 9 66
22 10 31
22 11 66
22 12 35
22 13 13
22 14 65
22 15 39
22 16 78
22 17 43
22 19 10
22 20 75
23 0 64
23 2 8
23 4 49
23 5 8
23 6 34
23 7 37
23 8 38
23 9 52
23 10 31
23 11 52
23 12 54
23 13 60
23 14 5
23 15 71
23 16 40
23 18 47
23 19 8
23 20 41
23 21 52
23 22 68
24 0 77
24 1 51
24 2 22
24 3 3
24 4 17
24 5 69
24 7 74
24 9 63
24 10 28
24 11 62
24 12 25
24 13 28
24 14 21
24 15 17
24 16 80
24 17 70
24 18 15
24 19 78
24 21 65
24 22 66
24 23 4
25 0 17
25 1 59
25 2 31
25 3 16
25 4 31
25 5 26
25 6 50
25 7 73
25 8 65
25 9 16
25 10 21
25 12 51
25 13 66
25 14 78
25 15 37
25 16 41
25 17 42
25 18 49
25 19 10
25 20 10
25 21 53
25 22 45
25 23 53
25 24 26
26 0 77
26 1 43
26 2 72
26 3 55
26 4 40
26 7 33
26 8 57
26 9 52
26 10 7
26 11 53
26 12 62
26 13 50
26 14 48
26 15 73
26 16 11
26 17 53
26 18 6
26 19 1
26 20 71
26 21 27
26 23 62
26 24 79
26 25 16
27 0 7
27 1 69
27 2 72
27 3 20
27 4 59
27 5 22
27 6 79
27 7 25
27 8 78
27 10 68
27 11 65
27 12 80
27 13 51
27 14 56
27 16 18
27 18 27
27 19 74
27 20 78
27 21 23
27 22 62
27 23 2
27 24 56
27 25 25
27 26 4
28 0 1
28 1 36
28 3 10
28 4 71
28 5 17
28 6 49
28 7 44
28 8 41
28 10 62
28 11 78
28 12 46
28 13 67
28 15 25
28 17 13
28 18 45
28 19 17
28 20 66
28 21 43
28 22 24
28 23 5
28 24 77
28 25 72
28 26 67
28 27 5
29 0 41
29 1 59
29 2 41
29 3 46
29 4 80
29 5 58
29 6 59
29 7 7
29 8 71
29 9 41
29 10 17
29 11 44
29 12 64
29 13 79
29 14 17
29 15 26
29 16 37
29 18 17
29 19 1
29 20 46
29 21 4
29 22 11
29 24 6
29 25 46
29 26 37
29 27 39
29 28 15
30 0 21
30 1 26
30 2 30
30 3 20
30 4 31
30 5 16
30 6 79
30 8 33
30 9 11
30 10 75
30 11 66
30 12 62
30 13 3
30 15 61
30 18 31
30 19 58
30 20 6
30 22 31
30 23 32
30 24 36
30 25 10
30 27 76
30 28 39
30 29 70
31 0 66
31 1 46
31 3 24
31 4 13
31 5 46
31 6 52
31 7 36
31 8 9
31 10 29
31 11 48
31 12 67
31 13 50
31 14 42
31 15 32
31 16 51
31 17 6
31 18 59
31 20 48
31 23 26
31 24 23
31 25 13
31 26 6
31 27 60
31 28 6
31 29 16
31 30 12
32 0 21
32 1 49
32 2 26
32 3 70
32 4 54
32 5 60
32 6 33
32 7 78
32 8 7
32 9 58
32 10 69
32 11 16
32 12 38
32 13 72
32 14 13
32 15 4
32 16 25
32 17 31
32 18 10
32 19 39
32 20 19
32 21 4
32 22 18
32 25 66
32 26 10
32 27 79
32 29 68
32 30 58
32 31 42
33 0 50
33 1 3
33 2 30
33 3 80
33 4 80
33 5 25
33 6 45
33 7 71
33 8 31
33 9 19
33 10 61
33 12 58
33 13 63
33 15 27
33 17 2
33 18 18
33 19 60
33 20 4
33 21 56
33 22 65
33 23 78
33 24 57
33 25 36
33 26 38
33 27 43
33 28 41
33 29 48
33 30 45
33 31 5
33 32 49
34 0 27
34 1 80
34 2 77
34 3 43
34 4 17
34 5 62
34 6 58
34 7 8
34 8 16
34 9 63
34 10 22
34 11 63
34 12 25
34 13 21
34 14 9
34 15 32
34 17 8
34 18 76
34 19 18
34 21 38
34 22 44
34 23 13
34 24 21
34 25 73
34 26 42
34 27 51
34 28 30
34 29 70
34 30 9
34 31 33
34 32 7
34 33 39
35 0 22
35 1 70
35 2 15
35 3 34
35 4 74
35 5 1
35 7 44
35 8 66
35 9 41
35 10 6
35 11 65
35 13 60
35 15 46
35 16 6
35 18 27
35 19 75
35 20 62
35 22 66
35 23 44
35 24 54
35 25 15
35 26 74
35 28 70
35 29 80
35 30 26
35 31 13
35 32 43
35 33 23
35 34 78
36 0 50
36 1 8
36 2 22
36 3 4
36 4 74
36 5 37
36 6 25
36 7 30
36 8 32
36 9 27
36 10 14
36 11 4
36 12 64
36 13 73
36 14 48
36 15 21
36 16 13
36 17 77
36 19 13
36 20 77
36 21 62
36 22 65
36 24 2
36 26 55
36 27 39
36 28 32
36 29 31
36 30 80
36 31 43
36 32 30
36 33 42
36 34 25
36 35 44
37 0 50
37 1 45
37 2 3
37 4 20
37 5 58
37 6 80
37 7 73
37 8 43
37 9 43
37 10 80
37 11 27
37 12 11
37 13 59
37 14 64
37 15 9
37 16 11
37 17 24
37 18 75
37 19 4
37 20 27
37 21 26
37 23 1
37 24 76
37 25 10
37 26 56
37 27 54
37 28 30
37 29 35
37 30 18
37 31 20
37 32 43
37 33 41
37 34 13
37 35 12
37 36 71
38 0 73
38 1 58
38 2 3
38 3 50
38 4 11
38 5 38
38 6 31
38 7 45
38 8 70
38 9 71
38 10 47
38 11 55
38 12 37
38 13 62
38 14 27
38 15 70
38 16 79
38 17 34
38 18 25
38 20 66
38 21 25
38 22 1
38 23 23
38 24 17
38 27 69
38 28 74
38 29 73
38 30 26
38 31 11
38 32 42
38 33 57
38 34 54
38 35 72
38 36 76
38 37 19
39 0 59
39 1 32
39 2 74
39 3 24
39 4 77
39 5 55
39 6 24
39 7 30
39 8 73
39 9 33
39 10 75
39 11 23
39 12 33
39 13 77
39 14 31
39 15 72
39 16 27
39 17 61
39 18 65
39 19 27
39 20 9
39 21 34
39 22 72
39 23 70
39 24 20
39 25 20
39 26 50
39 27 60
39 28 37
39 29 78
39 30 18
39 31 34
39 32 25
39 33 76
39 34 57
39 35 2
39 37 60
39 38 7
40 0 53
40 1 24
40 2 46
40 3 48
40 4 14
40 5 3
40 6 44
40 8 69
40 9 63
40 10 65
40 11 15
40 12 29
40 13 46
40 14 17
40 15 40
40 16 19
40 17 40
40 18 15
40 19 76
40 20 15
40 21 49
40 22 27
40 23 56
40 24 40
40 25 50
40 26 25
40 27 54
40 29 30
40 30 58
40 31 22
40 32 37
40 33 52
40 34 37
40 35 76
40 36 2
40 37 22
40 38 44
40 39 36
41 0 35
41 2 63
41 3 18
41 4 48
41 5 32
41 7 27
41 8 40
41 9 66
41 10 19
41 11 61
41 12 78
41 13 26
41 14 50
41 16 59
41 17 3
41 18 28
41 19 4
41 20 57
41 21 20
41 22 48
41 23 79
41 24 77
41 25 43
41 26 46
41 27 32
41 28 53
41 29 40
41 30 63
41 31 26
41 33 19
41 34 52
41 35 10
41 36 66
41 37 7
41 38 80
41 40 73
42 0 71
42 2 49
42 3 62
42 4 79
42 5 53
42 6 28
42 7 42
42 8 18
42 9 6
42 10 26
42 11 63
42 12 57
42 13 16
42 14 51
42 15 16
42 16 61
42 17 67
42 18 61
42 19 56
42 20 59
42 21 45
42 22 13
42 23 17
42 24 17
42 25 74
42 26 13
42 27 72
42 28 9
42 29 49
42 30 27
42 31 53
42 32 1
42 33 60
42 34 46
42 35 32
42 36 28
42 37 48
42 38 60
42 39 28
42 40 76
42 41 42
43 0 67
43 2 40
43 3 9
43 4 34
43 5 33
43 6 9
43 7 59
43 8 62
43 9 32
43 10 40
43 11 59
43 12 36
43 13 28
43 14 9
43 15 23
43 16 78
43 18 32
43 20 61
43 21 36
43 22 33
43 23 3
43 25 40
43 26 66
43 27 29
43 28 39
43 29 4
43 30 34
43 31 79
43 33 63
43 34 34
43 35 20
43 36 4
43 37 11
43 40 49
43 41 72
43 42 35
44 0 67
44 1 16
44 2 47
44 3 64
44 4 10
44 5 19
44 6 18
44 8 63
44 9 55
44 10 54
44 11 44
44 12 36
44 13 40
44 14 34
44 15 31
44 16 72
44 17 58
44 18 22
44 19 71
44 20 14
44 21 9
44 23 10
44 24 39
44 25 68
44 27 76
44 28 3
44 29 76
44 30 35
44 31 9
44 32 15
44 33 17
44 34 1
44 35 19
44 36 77
44 37 60
44 38 14
44 39 11
44 40 57
44 41 76
44 42 56
44 43 39
45 0 49
45 1 19
45 2 42
45 3 33
45 4 24
45 5 14
45 6 61
45 8 35
45 9 24
45 10 56
45 11 17
45 13 1
45 14 16
45 16 37
45 17 5
45 18 21
45 19 62
45 20 75
45 21 2
45 23 26
45 24 6
45 25 64
45 26 47
45 27 67
45 29 65
45 30 31
45 31 3
45 32 55
45 33 5
45 34 73
45 35 1
45 36 34
45 37 35
45 38 65
45 39 57
45 40 30
45 41 32
45 42 50
45 43 3
45 44 21
46 0 18
46 1 34
46 2 30
46 5 57
46 6 47
46 7 32
46 8 55
46 9 40
46 10 80
46 11 66
46 12 41
46 13 14
46 15 47
46 16 38
46 17 44
46 18 51
46 19 10
46 20 72
46 21 48
46 22 39
46 23 5
46 24 10
46 25 15
46 27 49
46 28 54
46 29 17
46 30 47
46 31 62
46 32 52
46 33 1
46 34 7
46 35 70
46 37 55
46 38 48
46 39 20
46 40 62
46 41 67
46 42 51
46 43 56
46 44 31
46 45 61
47 0 39
47 1 12
47 2 9
47 3 35
47 4 48
47 5 57
47 6 49
47 7 37
47 8 44
47 9 20
47 11 69
47 12 61
47 13 5
47 14 19
47 15 10
47 16 49
47 17 39
47 18 4
47 19 11
47 20 43
47 21 6
47 22 14
47 23 23
47 24 12
47 25 10
47 27 68
47 28 46
47 29 7
47 30 19
47 31 44
47 32 4
47 33 32
47 34 74
47 35 24
47 36 62
47 37 41
47 38 50
47 39 44
47 40 18
47 42 17
47 43 68
47 44 33
47 45 19
47 46 3
48 0 37
48 1 71
48 2 66
48 3 77
48 5 4
48 6 56
48 7 8
48 8 1
48 9 46
48 10 8
48 11 6
48 12 54
48 13 72
48 14 47
48 15 62
48 16 65
48 17 35
48 18 16
48 19 33
48 21 42
48 22 76
48 23 62
48 24 76
48 25 52
48 26 25
48 27 58
48 28 2
48 29 27
48 30 70
48 31 17
48 32 79
48 33 13
48 34 34
48 35 1
48 36 1
48 37 49
48 38 22
48 39 41
48 40 48
48 41 58
48 42 42
48 44 38
48 45 43
48 46 71
48 47 74
49 2 21
49 3 29
49 4 5
49 5 40
49 6 21
49 7 18
49 8 36
49 9 57
49 10 12
49 11 12
49 12 1
49 13 43
49 14 27
49 15 48
49 16 16
49 17 7
49 18 50
49 20 2
49 21 70
49 23 43
49 24 38
49 25 60
49 26 65
49 27 78
49 29 62
49 30 69
49 31 56
49 32 7
49 33 45
49 34 71
49 37 26
49 38 57
49 39 17
49 40 44
49 41 73
49 42 3
49 43 39
49 44 16
49 45 57
49 46 10
49 47 25
49 48 7
