20
1 0 2
2 0 24
2 1 11
3 0 12
3 1 36
3 2 1
4 0 19
4 1 14
4 2 19
4 3 32
5 0 31
5 1 25
5 2 1
5 3 15
5 4 39
6 0 34
6 1 3
6 2 26
6 3 37
6 4 12
6 5 33
7 0 35
7 1 3
7 2 5
7 3 21
7 4 7
7 5 32
7 6 22
8 0 33
8 1 20
8 2 13
8 3 29
8 4 23
8 5 33
8 6 36
8 7 20
9 0 38
9 1 7
9 2 12
9 3 21
9 4 17
9 5 38
9 6 4
9 7 11
9 8 22
10 0 35
10 1 10
10 2 36
10 3 34
10 4 13
10 5 30
10 6 35
10 7 12
10 8 27
10 9 22
11 0 14
11 1 29
11 2 19
11 3 38
11 4 10
11 5 33
11 6 8
11 7 10
11 8 10
11 9 5
11 10 25
12 0 5
12 1 2
12 2 9
12 3 35
12 4 13
12 5 33
12 6 2
12 7 40
12 8 19
12 9 36
12 10 10
12 11 23
13 0 2
13 1 16
13 2 27
13 3 19
13 4 40
13 5 36
13 6 20
13 7 4
13 8 9
13 9 35
13 10 40
13 11 19
13 12 14
14 0 37
14 1 7
14 2 3
14 3 10
14 4 19
14 5 17
14 6 18
14 7 5
14 8 9
14 9 33
14 10 26
14 11 12
14 12 29
14 13 15
15 0 19
15 1 4
15 2 24
15 3 29
15 4 24
15 5 10
15 6 22
15 7 36
15 8 19
15 9 33
15 10 38
15 11 11
15 12 12
15 13 24
15 14 34
16 0 23
16 1 21
16 2 11
16 3 21
16 4 38
16 5 38
16 6 15
16 7 40
16 8 5
16 9 32
16 10 34
16 11 14
16 12 12
16 13 37
16 14 33
16 15 1
17 0 15
17 1 26
17 2 9
17 3 20
17 4 18
17 5 6
17 6 12
17 7 15
17 8 1
17 9 7
17 10 30
17 11 22
17 12 33
17 13 23
17 14 23
17 15 28
17 16 30
18 0 3
18 1 30
18 2 30
18 3 5
18 4 40
18 5 29
18 6 8
18 7 40
18 8 3
18 9 9
18 10 19
18 11 26
18 12 24
18 13 17
18 14 26
18 15 8
18 16 13
18 17 15
19 0 14
19 1 2
19 2 1
19 3 14
19 4 16
19 5 28
19 6 23
19 7 34
19 8 30
19 9 2
19 10 5
19 11 23
19 12 31
19 13 3
19 14 16
19 15 22
19 16 34
19 17 35
19 18 15
