50
1 0 10
2 1 9
3 0 15
3 1 6
4 1 19
5 0 19
5 1 13
5 2 11
5 4 17
6 0 20
6 2 13
6 5 3
7 1 15
7 4 14
7 5 14
8 0 16
8 1 2
8 2 17
8 5 9
8 6 8
8 7 9
9 0 11
9 4 19
9 8 6
10 3 14
10 6 6
10 8 18
10 9 11
11 0 13
11 1 20
11 2 13
11 4 2
11 5 18
11 6 18
11 7 12
12 0 3
12 2 16
12 3 15
12 7 2
12 8 5
12 9 11
12 10 1
13 3 20
13 6 4
13 7 4
13 8 11
14 2 4
14 3 13
14 5 20
14 6 12
14 7 12
14 8 13
14 11 12
14 12 8
14 13 13
15 3 12
15 4 16
15 6 8
15 9 6
15 10 20
15 12 17
15 13 20
15 14 10
16 0 7
16 2 6
16 5 6
16 6 6
16 8 4
16 9 18
16 10 8
16 13 1
16 14 10
16 15 10
17 1 13
17 4 6
17 5 12
17 7 11
17 9 18
17 14 17
17 15 16
18 1 8
18 2 4
18 7 4
18 9 5
18 13 10
18 14 5
18 16 7
18 17 1
19 3 4
19 4 16
19 7 13
19 9 11
19 11 2
19 12 8
19 16 12
19 17 16
20 0 17
20 3 1
20 4 11
20 5 9
20 6 12
20 9 12
20 10 11
20 11 13
20 12 1
20 15 16
20 16 20
20 18 10
21 2 10
21 3 17
21 5 15
21 6 11
21 7 5
21 8 12
21 11 3
21 12 17
21 13 17
21 14 14
21 15 6
21 16 9
21 17 19
21 19 2
22 0 6
22 1 13
22 2 15
22 3 17
22 5 7
22 7 8
22 8 18
22 9 9
22 12 5
22 14 5
22 15 18
22 16 20
22 18 19
22 19 20
22 20 4
22 21 1
23 0 20
23 1 7
23 3 11
23 6 7
23 8 17
23 10 1
23 12 6
23 14 8
23 15 7
23 16 10
23 17 8
23 21 20
24 0 17
24 2 15
24 5 16
24 6 3
24 9 10
24 11 9
24 12 17
24 14 11
24 16 19
24 18 8
24 20 8
24 22 19
24 23 5
25 1 10
25 2 7
25 4 3
25 5 4
25 6 13
25 11 17
25 13 15
25 15 10
25 16 18
25 17 6
25 20 15
25 22 15
25 23 6
25 24 16
26 0 17
26 1 5
26 4 19
26 5 7
26 11 11
26 18 20
26 24 12
27 3 11
27 7 9
27 10 8
27 11 1
27 12 8
27 15 3
27 17 10
27 18 10
27 19 11
27 25 20
27 26 10
28 0 17
28 1 2
28 3 14
28 4 10
28 6 17
28 8 10
28 9 9
28 16 12
28 17 9
28 21 19
28 23 11
28 24 15
28 25 14
28 26 10
28 27 15
29 4 3
29 7 15
29 8 4
29 9 12
29 12 15
29 13 7
29 15 15
29 16 11
29 19 16
29 20 18
29 25 17
29 26 10
30 2 14
30 7 3
30 8 16
30 9 4
30 11 17
30 12 20
30 13 17
30 14 9
30 15 18
30 16 17
30 17 10
30 18 16
30 22 10
30 26 9
30 27 11
30 28 10
31 0 17
31 1 15
31 3 2
31 6 1
31 8 17
31 9 2
31 11 19
31 12 13
31 14 16
31 15 4
31 16 20
31 17 6
31 19 9
31 20 12
31 21 3
31 22 20
31 23 15
31 24 15
31 25 9
31 26 7
31 28 2
31 29 18
31 30 11
32 0 18
32 1 12
32 2 6
32 10 16
32 12 11
32 13 1
32 14 1
32 15 1
32 17 11
32 20 6
32 22 7
32 24 14
32 26 13
32 31 16
33 1 13
33 2 3
33 4 11
33 5 8
33 6 19
33 7 17
33 9 2
33 12 12
33 15 15
33 20 16
33 21 4
33 22 7
33 24 13
33 25 20
33 26 3
33 30 16
34 0 14
34 1 11
34 2 17
34 4 9
34 6 13
34 9 14
34 12 19
34 15 16
34 16 19
34 22 4
34 23 6
34 24 16
34 27 15
34 28 9
34 30 6
34 33 11
35 0 12
35 2 8
35 3 13
35 5 7
35 6 2
35 7 2
35 8 12
35 9 1
35 10 3
35 11 18
35 12 4
35 15 20
35 16 7
35 19 4
35 22 2
35 25 9
35 27 9
35 29 1
35 33 17
36 0 11
36 1 12
36 4 9
36 5 16
36 7 7
36 8 1
36 11 9
36 12 2
36 14 14
36 17 4
36 23 20
36 27 16
36 32 1
36 33 15
37 0 1
37 4 18
37 5 16
37 6 13
37 7 20
37 9 14
37 11 18
37 12 9
37 13 9
37 19 9
37 20 11
37 22 17
37 25 15
37 26 17
37 29 1
37 30 7
37 32 9
37 33 7
37 35 2
38 1 10
38 4 10
38 6 13
38 7 8
38 9 8
38 12 3
38 13 17
38 14 11
38 16 20
38 17 5
38 18 8
38 20 16
38 23 14
38 24 15
38 26 1
38 29 17
38 30 5
38 31 17
38 32 1
38 33 13
38 34 5
38 37 11
39 3 6
39 4 5
39 8 13
39 9 20
39 10 18
39 13 18
39 16 3
39 18 1
39 19 16
39 20 15
39 23 1
39 27 10
39 30 12
39 31 11
39 32 15
39 33 8
39 37 5
40 2 18
40 4 3
40 6 11
40 7 17
40 8 12
40 14 1
40 15 1
40 17 4
40 18 17
40 19 8
40 20 8
40 22 7
40 27 19
40 28 5
40 31 4
40 32 16
40 35 10
40 36 17
40 39 9
41 0 16
41 1 4
41 2 7
41 6 17
41 8 19
41 9 16
41 10 7
41 11 14
41 12 7
41 14 9
41 15 16
41 17 7
41 21 8
41 26 5
41 27 17
41 28 14
41 33 8
41 34 5
41 35 8
41 37 20
42 0 16
42 2 6
42 3 20
42 7 5
42 8 14
42 12 3
42 13 11
42 14 3
42 15 7
42 20 8
42 22 3
42 23 4
42 25 17
42 26 11
42 27 2
42 28 17
42 29 12
42 30 11
42 31 5
42 33 3
42 35 14
42 38 6
42 40 9
43 3 19
43 5 9
43 7 18
43 10 11
43 13 20
43 14 8
43 15 20
43 17 13
43 22 8
43 25 12
43 26 3
43 27 8
43 38 7
43 39 6
44 0 10
44 2 17
44 3 16
44 6 12
44 7 10
44 9 7
44 12 13
44 14 17
44 15 5
44 16 10
44 17 14
44 20 7
44 21 7
44 23 5
44 25 19
44 26 18
44 27 15
44 28 3
44 33 11
44 34 17
44 35 6
44 37 3
44 40 12
44 41 12
45 0 9
45 1 8
45 2 18
45 4 18
45 5 14
45 8 9
45 9 6
45 10 5
45 11 3
45 12 2
45 17 10
45 19 9
45 21 18
45 22 13
45 23 8
45 24 19
45 26 17
45 27 1
45 28 12
45 30 16
45 32 17
45 35 5
45 36 4
45 38 9
45 39 2
45 42 17
46 0 13
46 3 5
46 5 15
46 7 6
46 9 16
46 10 10
46 13 2
46 15 2
46 16 4
46 17 4
46 18 1
46 22 15
46 23 17
46 24 1
46 25 14
46 27 10
46 28 1
46 33 13
46 34 17
46 35 4
46 37 3
47 1 9
47 2 12
47 4 15
47 6 19
47 7 5
47 8 8
47 11 17
47 13 20
47 14 18
47 15 10
47 17 7
47 19 2
47 22 11
47 23 8
47 24 5
47 27 9
47 30 19
47 31 7
47 32 16
47 33 16
47 34 8
47 35 3
47 38 20
47 39 16
47 46 4
48 2 9
48 4 8
48 6 12
48 7 4
48 11 5
48 13 3
48 14 2
48 22 16
48 26 13
48 28 12
48 29 17
48 30 12
48 33 8
48 39 8
48 40 10
48 41 6
48 44 8
48 45 1
48 47 11
49 0 11
49 1 13
49 3 20
49 4 7
49 5 12
49 6 15
49 7 9
49 9 1
49 13 15
49 14 16
49 15 9
49 16 14
49 17 1
49 18 4
49 19 18
49 21 15
49 24 13
49 25 14
49 26 6
49 29 17
49 30 19
49 31 6
49 33 19
49 40 7
49 41 4
49 42 10
49 43 6
49 44 3
49 45 8
49 47 6
49 48 6
