60
4 2 12
6 1 14
6 2 10
6 3 7
6 4 2
6 5 16
7 0 10
7 1 4
7 5 5
8 2 4
8 5 14
8 7 18
9 5 10
10 3 15
11 1 14
11 3 10
11 4 10
11 8 20
11 9 20
11 10 15
12 3 1
12 5 15
13 1 20
13 3 11
13 4 9
13 6 10
13 8 1
14 0 4
14 2 6
14 4 16
14 5 16
14 9 10
14 13 12
15 1 2
15 2 1
15 4 5
15 5 17
15 7 18
15 8 6
15 9 7
15 14 8
16 1 15
16 6 15
16 9 2
16 11 16
16 12 6
16 15 12
17 8 8
17 9 19
17 13 7
18 6 18
18 7 6
18 8 3
18 11 14
18 12 10
18 13 1
18 14 10
19 2 17
19 4 18
19 8 11
19 12 13
19 14 1
20 1 1
20 4 13
20 7 12
20 11 19
20 14 7
21 8 9
21 9 15
21 14 4
21 17 2
22 0 2
22 1 19
22 3 1
22 5 9
22 6 15
22 7 18
22 9 7
22 12 12
22 17 8
22 19 13
22 21 14
23 0 11
23 1 4
23 2 11
23 3 12
23 5 15
23 7 7
23 8 3
23 12 2
23 13 4
23 17 3
24 2 14
24 3 10
24 7 5
24 9 12
24 13 13
24 18 10
24 20 9
25 0 1
25 3 18
25 6 20
25 10 14
25 17 15
25 18 6
25 24 17
26 1 3
26 8 16
26 14 15
26 20 12
26 23 16
26 25 12
27 5 14
27 6 20
27 7 15
27 8 8
27 12 1
27 14 19
27 17 14
27 21 19
27 25 4
28 2 14
28 3 5
28 4 6
28 6 18
28 8 15
28 16 18
28 17 2
28 22 2
29 0 20
29 1 11
29 3 14
29 4 11
29 11 6
29 13 18
29 14 8
29 18 6
29 19 19
29 20 12
30 2 8
30 8 10
30 9 14
30 10 5
30 12 17
30 13 14
30 16 7
30 17 18
30 18 1
30 19 5
30 20 11
30 21 13
30 26 12
30 27 10
30 28 5
30 29 19
31 0 5
31 2 18
31 3 13
31 11 11
31 13 10
31 16 14
31 26 5
31 27 13
31 28 12
31 29 9
32 0 12
32 8 8
32 10 8
32 11 8
32 15 11
32 22 18
32 28 13
33 0 13
33 7 1
33 22 19
33 23 8
33 27 7
33 29 5
33 31 1
34 4 3
34 9 16
34 10 9
34 18 18
34 25 11
34 26 2
34 27 1
34 30 14
34 33 15
35 3 12
35 4 19
35 14 12
35 16 19
35 19 8
35 24 20
35 25 10
35 26 6
35 28 5
35 29 19
35 32 17
36 2 10
36 4 2
36 7 15
36 8 2
36 12 11
36 13 13
36 14 3
36 20 20
36 22 4
36 31 7
36 32 12
36 34 11
36 35 9
37 0 17
37 4 6
37 5 14
37 6 1
37 8 6
37 14 20
37 16 7
37 23 7
37 25 19
37 27 4
37 28 8
37 29 5
38 2 2
38 3 2
38 4 2
38 5 16
38 6 3
38 16 19
38 18 5
38 25 20
38 30 16
39 0 6
39 1 11
39 3 10
39 11 11
39 15 5
39 16 13
39 21 18
39 23 1
39 31 8
39 32 7
39 34 4
39 37 13
40 2 18
40 3 18
40 4 15
40 8 20
40 10 3
40 11 20
40 20 12
40 21 20
40 22 20
40 24 1
40 32 8
40 33 20
40 36 20
40 37 1
41 0 14
41 2 10
41 11 7
41 12 8
41 13 1
41 15 7
41 16 1
41 21 15
41 25 15
41 29 1
41 30 9
41 35 14
41 38 2
42 7 19
42 8 15
42 9 17
42 12 18
42 16 10
42 17 9
42 24 15
42 26 12
42 29 8
42 34 19
42 39 4
42 40 10
43 1 14
43 2 7
43 7 7
43 16 5
43 17 9
43 25 14
43 26 15
43 27 6
43 28 20
43 33 5
43 35 15
43 37 17
43 39 11
44 4 16
44 5 10
44 6 2
44 7 15
44 10 13
44 13 5
44 21 10
44 28 10
44 30 12
44 35 14
44 40 2
44 42 12
45 3 5
45 8 15
45 26 4
45 29 10
45 31 1
45 32 13
45 36 14
45 42 10
46 4 13
46 7 18
46 9 14
46 10 4
46 13 10
46 16 2
46 23 15
46 27 12
46 28 14
46 31 18
46 40 6
46 44 6
46 45 11
47 1 8
47 2 20
47 6 14
47 7 8
47 14 20
47 15 17
47 16 11
47 20 7
47 21 12
47 25 17
47 27 1
47 30 3
47 32 20
47 38 18
47 43 5
48 0 20
48 7 15
48 22 13
48 26 13
48 31 19
48 39 14
48 40 20
49 0 2
49 2 9
49 3 5
49 6 14
49 9 20
49 14 7
49 18 19
49 26 7
49 27 20
49 31 19
49 34 6
49 39 10
49 43 20
49 48 9
50 0 7
50 2 15
50 14 14
50 16 7
50 19 5
50 20 15
50 27 3
50 28 11
50 31 13
50 32 17
50 35 7
50 36 7
50 38 19
50 40 3
50 42 18
50 48 9
50 49 9
51 1 11
51 6 5
51 7 20
51 10 17
51 14 15
51 15 10
51 18 14
51 20 13
51 22 11
51 24 10
51 25 4
51 26 12
51 45 9
51 47 1
52 0 10
52 4 18
52 5 20
52 9 6
52 11 13
52 13 6
52 18 10
52 19 13
52 25 16
52 26 16
52 27 6
52 28 20
52 29 18
52 31 4
52 35 2
52 37 3
52 44 5
52 45 13
53 6 14
53 7 4
53 10 16
53 12 4
53 15 10
53 17 14
53 23 13
53 26 12
53 27 5
53 28 11
53 29 15
53 33 7
53 35 20
53 37 4
53 41 20
53 46 15
53 50 8
53 51 19
53 52 17
54 4 18
54 5 8
54 7 16
54 11 13
54 17 14
54 22 7
54 27 18
54 28 12
54 31 7
54 33 7
54 34 13
54 39 5
54 43 16
54 44 14
54 46 14
54 47 8
54 52 19
54 53 6
55 1 7
55 2 7
55 3 1
55 5 19
55 7 20
55 9 7
55 11 4
55 16 7
55 21 16
55 22 8
55 23 14
55 26 16
55 38 20
55 52 17
55 54 16
56 2 14
56 4 19
56 8 17
56 9 20
56 13 12
56 28 9
56 29 13
56 37 17
56 38 3
56 43 13
56 47 18
56 48 1
56 49 2
56 50 2
56 51 2
57 2 6
57 4 19
57 5 13
57 8 12
57 16 8
57 24 7
57 26 17
57 29 10
57 30 9
57 31 14
57 36 19
57 38 5
57 40 2
57 41 15
57 42 7
57 44 19
57 45 17
57 49 20
57 50 6
57 53 7
57 54 9
58 0 12
58 1 16
58 7 2
58 11 8
58 12 4
58 21 7
58 34 9
58 35 4
58 44 4
58 50 8
58 55 19
59 8 8
59 14 6
59 18 15
59 24 13
59 28 8
59 30 11
59 37 17
59 50 14
59 53 16
