30
1 0 20
2 0 9
2 1 6
3 1 35
3 2 6
4 0 19
4 1 6
5 0 9
5 1 17
5 2 20
5 3 7
5 4 21
6 0 15
6 1 15
6 2 1
6 3 25
6 4 38
7 0 35
7 1 2
7 3 36
7 5 8
7 6 23
8 0 9
8 1 27
8 2 40
8 3 5
8 4 11
8 5 7
8 6 1
8 7 5
9 0 10
9 1 17
9 2 11
9 3 33
9 4 4
9 5 17
9 6 28
9 7 4
9 8 27
10 0 39
10 1 5
10 3 3
10 6 35
10 7 20
10 8 28
10 9 7
11 3 16
11 4 40
11 6 31
11 7 15
11 8 37
11 9 19
11 10 9
12 2 17
12 4 35
12 5 1
12 6 31
12 7 28
12 8 15
12 9 19
12 10 39
12 11 33
13 0 39
13 1 6
13 3 27
13 4 35
13 5 23
13 8 19
13 9 23
13 11 28
13 12 20
14 0 14
14 1 19
14 2 9
14 4 33
14 5 39
14 9 34
14 10 19
14 11 24
14 12 12
14 13 5
15 0 39
15 1 19
15 4 4
15 5 6
15 6 27
15 9 30
15 10 19
15 11 13
15 12 14
15 13 12
15 14 12
16 0 24
16 1 23
16 2 20
16 3 31
16 4 8
16 5 21
16 6 8
16 7 27
16 8 25
16 10 33
16 11 32
16 12 1
16 13 9
16 14 21
16 15 11
17 1 17
17 2 40
17 3 2
17 4 13
17 8 40
17 9 14
17 10 16
17 12 30
17 13 32
17 14 38
17 15 15
18 0 34
18 1 26
18 2 3
18 3 24
18 4 20
18 6 33
18 7 10
18 10 16
18 11 13
18 12 11
18 13 31
18 14 39
18 15 23
18 16 11
19 0 17
19 1 39
19 3 5
19 4 23
19 5 33
19 6 16
19 7 37
19 8 20
19 9 10
19 10 26
19 11 7
19 12 21
19 14 20
19 15 17
19 17 14
20 0 38
20 1 12
20 2 8
20 3 40
20 4 34
20 5 5
20 6 10
20 9 3
20 10 12
20 11 25
20 13 7
20 14 27
20 15 13
20 16 9
20 17 35
20 18 3
20 19 38
21 0 33
21 1 40
21 2 4
21 3 5
21 5 27
21 6 1
21 7 35
21 10 2
21 11 32
21 12 3
21 13 24
21 14 6
21 15 1
21 18 33
22 0 5
22 1 8
22 3 22
22 4 13
22 5 31
22 6 33
22 7 34
22 8 8
22 10 11
22 11 39
22 14 39
22 15 13
22 16 12
22 17 15
22 18 21
22 19 37
22 21 2
23 1 12
23 2 34
23 3 26
23 5 5
23 6 16
23 7 40
23 8 3
23 9 33
23 10 21
23 12 1
23 13 37
23 15 25
23 16 23
23 18 15
23 21 5
24 0 20
24 3 37
24 4 20
24 5 37
24 6 16
24 8 5
24 9 19
24 10 37
24 12 21
24 14 30
24 16 36
24 17 12
24 18 38
24 19 27
24 20 40
24 21 14
24 22 30
24 23 24
25 0 8
25 1 25
25 4 14
25 6 10
25 7 29
25 9 20
25 10 15
25 12 16
25 13 8
25 14 20
25 15 7
25 17 10
25 19 26
25 20 15
25 22 9
25 23 8
26 0 25
26 1 4
26 2 8
26 3 15
26 4 37
26 5 16
26 6 29
26 7 28
26 8 32
26 12 14
26 14 5
26 15 37
26 16 8
26 17 26
26 18 36
26 20 26
26 22 29
26 24 40
26 25 35
27 2 14
27 3 33
27 4 38
27 5 23
27 6 33
27 11 34
27 17 17
27 18 28
27 19 26
27 21 8
27 22 16
27 23 35
27 24 39
27 25 26
28 0 4
28 1 35
28 2 23
28 4 8
28 7 18
28 8 1
28 9 24
28 11 36
28 13 19
28 14 3
28 16 10
28 17 15
28 18 30
28 23 17
28 24 5
28 25 31
28 27 18
29 0 29
29 1 33
29 3 31
29 4 11
29 5 8
29 6 32
29 9 34
29 10 24
29 11 26
29 13 37
29 15 36
29 16 5
29 17 40
29 18 21
29 19 24
29 20 3
29 21 26
29 22 39
29 24 6
29 25 4
29 27 10
