50
1 0 63
3 1 56
3 2 21
5 4 31
7 6 36
8 3 36
8 7 25
10 2 74
10 4 33
11 7 25
11 8 5
12 5 40
12 10 47
13 3 4
14 0 28
14 4 59
14 10 45
14 13 19
15 1 4
15 7 77
15 10 68
15 11 67
16 2 5
16 9 11
16 10 72
16 15 8
17 0 13
17 13 57
17 15 54
18 13 4
18 16 54
19 5 35
19 6 33
19 9 13
19 11 2
19 17 39
19 18 48
20 0 55
20 1 50
20 4 53
20 7 58
20 8 52
20 9 62
20 10 72
20 18 41
21 1 67
21 5 74
21 12 13
21 13 80
21 18 58
21 19 43
22 3 66
22 14 44
23 10 41
23 12 75
23 21 75
24 1 79
24 3 14
24 10 14
24 13 21
24 18 27
24 21 29
25 8 42
25 12 70
25 13 1
25 16 13
25 18 24
26 1 7
26 2 20
26 3 23
26 4 48
26 12 37
26 23 78
27 2 66
27 4 36
27 9 39
27 14 62
27 17 51
27 19 3
27 25 17
28 3 42
28 6 44
28 18 51
28 20 36
28 23 45
29 12 69
29 15 16
29 19 36
29 22 43
29 24 30
30 3 77
30 4 64
30 5 29
30 8 49
30 18 19
30 20 56
30 21 41
30 25 2
30 28 70
32 8 13
32 13 3
32 18 32
32 22 12
32 28 59
33 4 73
33 7 10
33 10 49
33 14 57
33 16 31
33 18 76
33 20 15
33 27 51
34 0 64
34 11 32
34 19 16
34 23 15
34 30 33
34 33 35
35 1 20
35 6 63
35 8 72
35 16 79
35 20 29
35 32 63
36 0 22
36 3 47
36 5 73
36 11 61
36 19 76
36 22 33
36 23 60
36 28 78
37 5 75
37 13 49
37 15 23
37 19 68
37 29 54
37 30 56
38 3 64
38 6 14
38 7 22
38 9 2
38 13 35
38 14 52
38 16 29
38 17 47
38 20 7
38 23 51
38 35 14
38 36 64
38 37 57
39 1 41
39 6 25
39 8 40
39 22 59
39 34 48
39 35 73
40 13 18
40 18 5
40 22 48
40 28 20
40 34 51
41 6 67
41 8 21
41 13 73
41 16 76
41 22 57
41 31 61
41 38 65
42 4 35
42 10 39
42 23 66
42 25 20
42 26 64
42 30 73
43 5 52
43 25 48
43 31 44
43 33 56
43 39 10
43 42 4
44 0 17
44 2 63
44 3 44
44 9 60
44 11 76
44 20 6
44 23 5
44 37 49
44 40 38
44 41 36
45 1 73
45 3 16
45 4 38
45 10 75
45 12 11
45 14 25
45 21 38
45 25 11
45 26 2
45 28 31
45 30 29
45 32 75
45 35 28
46 0 27
46 4 40
46 7 17
46 9 51
46 15 59
46 32 65
46 34 15
46 38 28
47 5 20
47 6 79
47 12 77
47 14 68
47 15 57
47 32 25
47 34 40
47 38 20
47 40 21
48 8 16
48 16 14
48 36 7
48 37 26
48 38 23
48 43 69
48 44 74
48 46 6
49 8 37
49 9 47
49 11 28
49 12 4
49 20 77
49 25 35
49 27 32
49 30 71
49 32 13
49 35 45
49 47 50
