30
2 1 4
3 1 3
3 2 3
4 1 6
4 2 10
4 3 7
5 1 5
6 0 10
7 1 8
7 3 6
7 4 3
7 5 1
7 6 1
8 3 1
8 4 4
8 7 10
9 2 7
9 5 1
9 6 10
9 8 4
10 1 8
10 4 3
10 6 10
10 7 3
10 8 3
10 9 5
11 1 2
11 3 9
11 9 10
12 0 3
12 3 5
12 4 6
12 6 1
12 7 3
12 11 9
13 3 10
13 6 1
13 7 2
13 8 7
13 10 5
13 12 10
14 2 7
14 4 3
14 5 4
14 7 8
14 8 10
14 9 8
14 11 6
15 0 6
15 1 5
15 5 7
15 6 8
15 11 2
15 14 8
16 0 2
16 1 9
16 2 10
16 5 4
16 6 3
16 7 2
16 8 6
16 9 8
16 10 3
16 11 10
16 12 5
17 0 3
17 2 1
17 3 2
17 5 9
17 6 9
17 10 7
17 13 5
17 14 4
18 0 1
18 1 7
18 2 1
18 4 9
18 5 4
18 11 3
18 12 7
18 13 7
18 14 6
18 15 7
19 0 3
19 1 3
19 3 4
19 4 2
19 5 1
19 7 9
19 9 5
19 12 9
19 14 4
19 15 4
19 16 8
19 17 6
20 0 4
20 1 9
20 2 8
20 4 5
20 5 8
20 6 3
20 11 7
20 13 1
20 14 4
20 15 7
20 16 5
20 19 5
21 0 10
21 1 8
21 2 6
21 6 1
21 7 7
21 11 6
21 12 1
21 13 4
21 15 9
21 18 6
21 20 4
22 2 5
22 4 9
22 7 4
22 11 10
22 12 8
22 13 10
22 15 8
22 17 9
22 19 5
22 21 2
23 0 4
23 1 7
23 3 6
23 5 4
23 6 7
23 7 2
23 10 6
23 12 1
23 13 1
23 16 3
23 17 1
23 19 8
24 1 2
24 3 2
24 8 4
24 9 6
24 10 5
24 12 10
24 13 7
24 14 3
24 15 3
24 17 1
24 19 7
24 20 10
24 21 4
24 22 1
24 23 8
25 0 9
25 3 1
25 4 4
25 5 3
25 8 1
25 12 4
25 17 7
25 18 3
25 21 10
25 22 3
26 1 3
26 2 5
26 4 4
26 5 3
26 6 7
26 7 1
26 11 2
26 12 7
26 14 2
26 15 2
26 18 4
26 19 10
26 24 1
26 25 5
27 1 4
27 4 1
27 7 9
27 9 3
27 13 1
27 15 8
27 16 7
27 20 5
27 21 5
27 22 9
27 23 9
27 24 3
28 4 5
28 7 9
28 11 8
28 13 5
28 14 6
28 17 10
28 18 2
28 23 1
28 26 3
28 27 8
29 0 5
29 1 7
29 2 10
29 3 1
29 5 7
29 7 2
29 9 5
29 10 4
29 12 4
29 13 1
29 15 4
29 16 6
29 17 7
29 18 2
29 19 10
29 21 1
29 22 8
29 23 1
29 24 6
29 26 4
29 28 4
