40
2 1 16
3 0 52
3 1 58
3 2 17
4 1 47
4 2 1
4 3 7
5 0 17
5 4 27
6 1 62
6 2 68
6 4 30
7 2 50
7 4 7
8 0 73
8 2 32
8 4 1
8 6 48
8 7 8
9 2 17
9 3 66
9 5 59
9 7 56
10 3 77
10 5 28
10 7 57
10 8 56
11 2 54
11 3 29
11 4 48
11 6 79
11 8 48
12 0 75
12 2 44
12 5 25
12 8 58
12 10 45
13 5 74
13 7 21
13 10 20
13 11 13
14 0 74
14 2 71
14 3 14
14 6 37
14 7 20
14 9 72
14 11 54
14 13 68
15 1 33
15 2 48
15 3 64
15 4 36
15 9 80
15 10 68
15 13 61
15 14 68
16 0 53
16 1 52
16 2 40
16 3 42
16 4 78
16 5 19
16 6 76
16 8 31
16 11 55
16 13 75
16 14 73
16 15 26
17 0 10
17 1 23
17 3 46
17 6 58
17 7 27
17 11 14
17 16 30
18 2 72
18 4 44
18 5 63
18 7 55
18 8 18
18 12 80
19 1 59
19 4 29
19 6 68
19 8 19
19 9 42
19 12 79
19 14 77
19 16 77
19 17 53
19 18 72
20 0 43
20 2 13
20 3 34
20 4 79
20 5 69
20 6 56
20 8 14
20 10 48
20 13 31
20 14 60
20 15 66
20 16 48
20 17 65
20 18 31
21 2 73
21 7 16
21 8 64
21 9 32
21 10 34
21 11 19
21 13 33
21 17 41
21 19 74
22 1 54
22 2 21
22 3 28
22 6 77
22 7 80
22 8 48
22 10 45
22 12 2
22 13 38
22 14 8
22 15 55
22 16 29
22 17 16
22 19 14
22 20 2
23 2 76
23 5 77
23 7 22
23 8 56
23 9 53
23 11 79
23 14 43
23 17 78
23 19 28
23 21 49
23 22 37
24 0 14
24 2 74
24 3 71
24 4 16
24 6 53
24 9 15
24 10 61
24 12 27
24 13 55
24 14 12
24 18 53
24 19 15
24 20 44
24 23 56
25 0 25
25 1 1
25 2 72
25 5 26
25 6 73
25 8 10
25 9 77
25 11 15
25 16 18
25 17 69
25 21 23
25 24 3
26 0 7
26 2 8
26 3 76
26 4 75
26 5 77
26 10 74
26 15 13
26 17 53
26 18 51
26 20 8
26 21 38
26 22 51
26 23 25
26 24 27
26 25 35
27 0 12
27 1 12
27 2 60
27 3 79
27 6 14
27 9 39
27 13 80
27 14 69
27 17 65
27 19 66
27 20 19
27 21 1
27 22 9
27 26 50
28 0 51
28 2 74
28 5 71
28 8 33
28 9 30
28 12 51
28 13 22
28 14 47
28 16 42
28 17 16
28 18 50
28 22 51
28 23 5
28 25 43
28 26 39
28 27 58
29 1 55
29 2 37
29 3 44
29 4 47
29 5 20
29 6 13
29 8 46
29 12 53
29 13 41
29 14 46
29 17 3
29 18 17
29 20 9
29 22 56
29 23 43
29 24 1
29 26 50
30 5 21
30 7 20
30 8 74
30 9 62
30 10 48
30 12 20
30 13 24
30 14 20
30 15 72
30 18 36
30 19 74
30 21 62
30 22 13
30 23 20
30 24 64
30 28 57
30 29 58
31 0 44
31 2 1
31 3 9
31 6 29
31 7 42
31 12 53
31 13 50
31 14 68
31 18 61
31 19 3
31 24 75
31 26 4
31 29 20
32 0 20
32 1 69
32 2 33
32 3 14
32 6 80
32 7 49
32 9 22
32 10 67
32 12 37
32 13 42
32 15 19
32 18 54
32 21 73
32 22 72
32 25 7
32 28 39
32 29 44
32 31 39
33 0 26
33 1 48
33 3 68
33 8 76
33 9 67
33 14 53
33 18 78
33 19 14
33 24 17
33 26 36
33 27 51
33 28 33
33 29 37
33 31 43
34 2 66
34 5 74
34 6 50
34 8 44
34 9 69
34 12 65
34 14 19
34 17 55
34 24 13
34 27 65
34 28 39
34 29 36
34 33 78
35 0 9
35 1 32
35 2 75
35 4 35
35 6 65
35 7 51
35 11 47
35 13 67
35 14 56
35 15 63
35 16 39
35 18 16
35 20 68
35 21 60
35 24 69
35 26 9
35 27 55
35 30 28
35 31 56
35 32 61
35 33 3
35 34 38
36 0 65
36 3 40
36 4 43
36 7 16
36 8 38
36 10 18
36 11 40
36 13 79
36 14 69
36 15 76
36 18 76
36 21 21
36 22 28
36 28 66
36 29 73
36 35 68
37 1 74
37 2 53
37 9 64
37 10 31
37 11 42
37 12 55
37 16 10
37 18 21
37 19 22
37 20 39
37 22 45
37 24 42
37 25 63
37 26 14
37 28 64
37 30 18
37 36 15
38 1 22
38 6 24
38 7 18
38 9 38
38 11 44
38 12 4
38 13 5
38 14 65
38 17 53
38 18 13
38 19 1
38 21 67
38 22 10
38 25 51
38 30 10
38 31 45
38 32 75
38 33 58
38 34 27
38 35 4
38 37 63
39 0 72
39 3 22
39 7 7
39 9 77
39 11 48
39 13 11
39 15 17
39 16 71
39 17 59
39 19 2
39 20 63
39 21 4
39 28 36
39 31 31
39 32 58
39 34 18
39 35 39
39 36 68
