70
2 1 4
4 1 3
4 3 11
6 1 13
6 2 13
6 3 19
6 4 9
6 5 3
7 1 19
7 3 17
8 7 1
10 0 5
10 1 3
10 5 11
10 6 4
10 8 20
11 2 2
11 7 20
12 7 5
13 3 20
13 9 20
13 11 4
13 12 17
14 1 14
14 3 10
14 5 12
14 8 4
14 12 7
15 3 7
15 4 16
15 6 7
15 7 10
15 8 16
15 13 16
16 1 7
16 3 17
16 7 11
16 9 17
17 3 15
17 5 19
17 8 6
17 12 11
17 15 7
17 16 15
18 0 10
18 1 12
18 2 2
18 4 3
18 9 5
18 10 8
18 15 2
18 16 17
19 2 15
19 3 15
19 7 11
19 8 10
19 10 15
19 11 11
19 14 10
20 0 20
20 3 8
20 5 11
20 8 2
20 13 18
21 0 4
21 4 19
21 6 7
21 8 3
22 0 4
22 3 11
22 6 17
22 13 13
22 16 12
22 18 1
22 19 5
23 1 19
23 3 7
23 5 11
23 6 16
23 9 2
23 13 3
23 14 4
23 15 18
23 18 4
24 4 5
24 7 3
24 8 12
24 11 19
24 13 12
24 18 14
24 22 2
25 3 5
25 11 19
25 13 13
25 19 13
26 1 13
26 2 16
26 5 12
26 8 5
26 11 15
26 16 7
26 18 18
26 23 10
26 24 14
27 1 2
27 2 4
27 6 14
27 7 14
27 9 19
27 11 20
27 13 9
27 15 18
27 17 19
27 20 5
27 22 4
27 25 8
28 0 15
28 2 13
28 6 20
28 8 12
28 11 12
28 14 8
28 17 3
28 18 9
28 19 19
28 20 12
28 21 17
29 5 2
29 8 14
29 10 13
29 17 12
29 19 6
29 20 14
29 22 5
29 25 19
29 28 18
30 0 1
30 5 9
30 8 13
30 9 11
30 14 6
30 21 8
30 28 13
31 2 4
31 12 12
31 14 13
31 16 18
31 17 14
31 19 13
31 26 6
32 4 2
32 7 19
32 12 6
32 14 2
32 21 1
32 29 16
32 31 1
33 0 4
33 11 14
33 12 14
33 13 14
33 17 7
33 18 14
33 20 10
33 25 2
33 26 15
34 3 3
34 6 9
34 10 20
34 11 2
34 12 15
34 20 15
34 21 12
34 24 15
34 25 2
35 1 18
35 3 14
35 4 14
35 5 18
35 6 5
35 16 2
35 17 1
35 19 9
35 23 3
35 24 5
35 29 5
35 32 3
35 33 12
36 3 8
36 14 8
36 15 4
36 16 8
36 18 5
36 20 18
36 21 8
36 35 16
37 0 11
37 3 9
37 5 1
37 6 18
37 7 16
37 10 13
37 15 7
37 22 17
37 25 3
37 28 19
37 30 2
37 31 1
37 34 15
38 1 13
38 4 9
38 18 12
38 21 8
38 24 17
38 30 10
38 32 6
38 33 4
39 2 12
39 3 18
39 4 1
39 9 16
39 10 1
39 16 5
39 17 13
39 19 18
39 20 9
39 23 17
39 26 3
39 30 16
39 35 3
39 36 7
39 37 14
40 1 1
40 9 13
40 10 14
40 11 8
40 15 5
40 20 4
40 23 6
40 29 7
40 30 9
40 33 7
40 34 2
40 37 1
41 3 17
41 5 14
41 7 2
41 8 11
41 9 14
41 11 19
41 12 16
41 16 15
41 20 16
41 23 16
41 26 6
41 29 19
41 40 6
42 0 15
42 3 9
42 6 10
42 7 12
42 9 5
42 10 12
42 15 19
42 20 8
42 31 12
42 33 18
42 36 9
42 39 1
43 0 19
43 1 15
43 2 3
43 5 12
43 6 17
43 11 18
43 13 14
43 14 18
43 18 2
43 24 7
43 25 14
43 27 6
43 28 13
43 32 3
43 34 16
43 35 19
43 36 12
43 37 3
43 39 6
44 19 16
44 20 17
44 21 9
44 26 17
44 27 17
44 29 17
44 38 16
45 0 15
45 8 13
45 9 2
45 11 16
45 12 15
45 15 8
45 16 18
45 18 6
45 24 6
45 30 7
45 31 11
45 32 3
45 35 15
45 38 6
45 40 17
45 44 6
46 2 17
46 3 20
46 10 19
46 11 18
46 15 3
46 21 1
46 22 6
46 24 1
46 28 10
46 29 20
46 30 17
46 33 14
46 34 2
46 35 4
47 3 15
47 10 18
47 11 1
47 12 9
47 18 1
47 24 9
47 30 18
47 33 10
47 37 14
47 40 8
47 45 2
48 0 16
48 1 7
48 2 2
48 3 5
48 5 13
48 8 10
48 11 6
48 14 12
48 15 13
48 19 14
48 25 19
48 29 2
48 34 12
48 35 7
48 39 5
48 41 11
48 43 5
49 0 10
49 1 1
49 4 1
49 5 8
49 11 13
49 12 1
49 17 13
49 23 15
49 29 10
49 32 1
49 34 18
49 35 2
49 41 17
49 46 5
50 8 9
50 9 10
50 12 4
50 29 10
50 32 14
50 36 17
50 38 18
50 39 19
50 40 18
50 41 4
50 42 5
50 48 17
51 5 1
51 7 18
51 10 2
51 11 11
51 12 2
51 15 8
51 18 9
51 26 3
51 29 18
51 31 6
51 37 12
51 39 11
51 42 8
51 43 10
51 45 10
51 46 5
51 47 4
52 2 9
52 12 14
52 14 20
52 24 7
52 31 16
52 33 11
52 37 13
52 39 8
52 48 15
53 2 19
53 3 17
53 5 4
53 13 5
53 15 13
53 17 4
53 25 6
53 30 14
53 32 6
53 35 19
53 36 16
53 42 17
53 51 19
53 52 18
54 3 6
54 7 6
54 8 9
54 9 5
54 11 7
54 12 16
54 21 16
54 25 10
54 27 20
54 31 4
54 33 18
54 37 3
54 42 20
54 44 9
54 45 9
54 46 9
54 47 16
54 49 1
54 52 12
55 0 11
55 3 15
55 18 11
55 20 9
55 22 10
55 26 7
55 40 2
55 42 6
55 44 3
55 47 8
55 51 3
55 53 20
56 3 2
56 6 15
56 12 5
56 15 6
56 18 1
56 24 8
56 26 13
56 27 17
56 28 8
56 33 12
56 38 10
56 40 12
56 44 4
56 47 3
56 53 15
57 3 14
57 4 16
57 5 1
57 8 9
57 10 15
57 21 3
57 22 15
57 24 2
57 29 14
57 32 19
57 54 17
58 3 12
58 5 1
58 8 17
58 9 13
58 13 4
58 15 14
58 24 20
58 36 1
58 38 8
58 40 2
58 48 10
58 54 15
58 55 12
59 3 18
59 5 4
59 6 1
59 14 14
59 19 7
59 21 14
59 22 17
59 24 9
59 25 20
59 27 3
59 28 11
59 29 10
59 31 9
59 32 2
59 40 15
59 42 4
59 43 9
59 54 2
60 0 18
60 5 6
60 7 6
60 8 15
60 9 3
60 11 7
60 12 7
60 18 15
60 20 6
60 22 11
60 23 11
60 25 5
60 32 15
60 33 6
60 35 1
60 39 2
60 41 20
60 45 18
60 48 4
60 49 1
60 50 20
60 55 20
60 56 12
60 57 11
60 59 3
61 0 12
61 2 8
61 7 11
61 11 11
61 15 1
61 16 12
61 19 17
61 26 20
61 27 5
61 28 18
61 31 20
61 34 8
61 36 14
61 39 6
61 43 9
61 46 18
61 48 12
61 52 5
61 53 7
62 7 14
62 8 9
62 9 12
62 13 16
62 14 16
62 18 12
62 21 20
62 26 3
62 27 20
62 29 9
62 34 19
62 38 7
62 40 13
62 42 8
62 49 16
63 2 10
63 13 14
63 15 17
63 17 5
63 19 4
63 21 13
63 29 1
63 31 5
63 35 4
63 41 6
63 45 13
63 47 8
63 48 5
63 50 14
63 51 1
63 53 17
63 54 5
63 58 1
63 60 16
63 62 13
64 0 11
64 2 8
64 8 6
64 10 4
64 11 14
64 17 12
64 18 19
64 21 2
64 22 19
64 24 17
64 26 2
64 28 9
64 29 12
64 32 2
64 36 15
64 38 9
64 42 12
64 46 2
64 47 1
64 49 1
64 56 13
64 57 7
64 60 15
64 61 9
65 0 17
65 1 4
65 2 5
65 4 1
65 5 2
65 8 9
65 15 1
65 17 11
65 19 10
65 21 4
65 30 3
65 31 14
65 32 1
65 33 8
65 34 14
65 42 1
65 43 2
65 44 19
65 49 4
65 50 5
65 51 11
65 52 20
65 62 6
66 3 17
66 11 13
66 12 5
66 20 4
66 22 15
66 27 20
66 34 7
66 36 5
66 40 1
66 42 3
66 47 10
66 54 8
66 55 20
66 59 9
66 62 9
66 64 3
66 65 6
67 2 7
67 3 19
67 8 15
67 14 8
67 15 15
67 19 14
67 21 7
67 22 13
67 29 8
67 30 1
67 32 20
67 37 3
67 38 18
67 39 15
67 41 9
67 42 18
67 48 17
67 51 18
67 57 6
67 58 13
67 61 4
67 63 4
68 2 2
68 8 3
68 11 6
68 13 19
68 17 11
68 21 18
68 33 7
68 35 9
68 38 18
68 44 10
68 47 1
68 56 16
68 58 18
68 60 6
68 61 1
68 62 13
68 66 1
69 1 12
69 2 3
69 3 19
69 7 16
69 9 11
69 12 12
69 13 15
69 15 8
69 18 8
69 19 8
69 27 19
69 31 8
69 33 19
69 39 2
69 40 11
69 45 2
69 56 3
69 59 6
69 64 20
69 66 7
69 67 5
69 68 16
