50
3 0 47
4 1 118
4 2 93
4 3 104
5 0 62
5 1 160
5 4 135
6 0 103
6 4 115
7 0 16
7 2 18
7 4 144
7 5 139
8 3 142
8 6 92
9 6 123
9 7 24
9 8 36
10 0 129
10 2 128
10 7 95
11 0 70
11 2 156
11 4 37
11 5 4
11 6 5
12 0 115
12 1 120
12 2 111
12 5 127
12 7 10
12 10 58
13 0 20
13 2 99
13 4 120
13 6 151
14 0 75
14 4 1
14 7 72
15 0 37
15 3 63
15 7 60
15 9 6
15 13 147
16 0 39
16 2 67
16 3 151
16 5 33
16 8 148
16 10 10
16 11 90
16 12 95
16 13 3
16 14 8
16 15 66
17 0 80
17 1 131
17 3 11
17 4 120
17 6 74
17 8 44
17 10 61
17 12 50
17 13 82
17 14 64
17 15 149
17 16 48
18 3 90
18 4 103
18 6 151
18 8 155
18 9 8
18 12 80
18 13 81
18 14 62
18 17 116
19 0 20
19 2 5
19 3 73
19 4 157
19 5 63
19 6 11
19 8 143
19 11 97
19 14 110
19 17 39
20 3 30
20 7 24
20 8 104
20 10 81
20 14 123
20 16 64
20 17 86
20 18 42
20 19 127
21 2 123
21 3 119
21 4 82
21 5 112
21 6 111
21 7 80
21 8 43
21 9 78
21 12 73
21 13 39
21 16 119
22 1 91
22 4 82
22 6 14
22 8 25
22 9 67
22 12 72
22 14 13
22 16 95
22 17 79
22 18 14
23 0 128
23 3 104
23 5 151
23 6 28
23 8 38
23 11 109
23 12 61
23 13 146
23 15 140
23 16 57
23 17 91
24 0 111
24 2 61
24 3 127
24 4 64
24 5 151
24 6 61
24 8 118
24 10 48
24 11 113
24 13 139
24 15 84
24 19 48
24 20 97
25 3 13
25 11 50
25 12 39
25 13 67
25 14 132
25 15 108
25 16 86
25 18 34
25 19 96
25 20 123
25 21 44
25 22 80
25 24 37
26 0 137
26 1 157
26 2 7
26 3 28
26 5 61
26 6 101
26 7 39
26 9 132
26 12 58
26 15 78
26 21 63
26 24 132
27 2 101
27 4 55
27 5 108
27 8 21
27 10 126
27 11 28
27 13 134
27 16 10
27 21 87
27 23 37
27 26 126
28 0 82
28 4 114
28 7 4
28 8 89
28 10 139
28 11 11
28 12 103
28 16 122
28 17 132
28 18 77
28 20 9
28 22 7
28 25 158
28 26 47
28 27 3
29 0 59
29 2 8
29 5 82
29 7 63
29 8 96
29 10 31
29 11 108
29 13 11
29 14 29
29 16 59
29 18 85
29 19 40
29 24 28
29 26 77
29 27 88
30 0 19
30 1 110
30 2 9
30 3 62
30 4 42
30 6 108
30 7 108
30 8 143
30 9 116
30 10 157
30 12 120
30 14 35
30 15 75
30 17 146
30 21 60
30 22 65
30 28 97
30 29 58
31 3 67
31 4 67
31 5 39
31 7 148
31 10 120
31 12 83
31 15 20
31 18 149
31 19 142
31 20 133
31 22 143
31 23 58
31 24 55
31 28 139
32 0 7
32 2 80
32 3 113
32 4 22
32 5 98
32 6 125
32 7 148
32 10 18
32 13 77
32 16 120
32 17 131
32 18 61
32 22 32
32 25 111
32 28 100
33 0 106
33 1 9
33 3 73
33 4 16
33 6 104
33 7 121
33 8 132
33 10 46
33 11 79
33 12 60
33 14 42
33 15 102
33 16 20
33 18 51
33 19 69
33 21 37
33 25 76
33 28 48
33 29 73
33 30 39
33 32 79
34 0 39
34 1 14
34 2 116
34 4 134
34 7 125
34 8 109
34 10 132
34 12 77
34 15 152
34 16 87
34 17 77
34 19 114
34 21 114
34 24 33
34 27 123
34 28 39
34 29 63
34 31 93
34 33 39
35 0 71
35 1 110
35 2 6
35 3 34
35 6 134
35 7 137
35 8 38
35 9 134
35 10 32
35 11 131
35 12 141
35 14 51
35 15 104
35 18 12
35 20 87
35 22 16
35 27 147
35 29 7
35 30 53
35 31 70
35 32 80
35 34 21
36 1 101
36 2 7
36 5 111
36 7 146
36 8 68
36 9 17
36 10 73
36 15 73
36 16 63
36 18 99
36 20 148
36 21 112
36 22 83
36 26 102
36 30 14
36 32 101
36 34 69
37 0 53
37 1 120
37 5 32
37 9 25
37 11 40
37 12 100
37 13 68
37 14 25
37 15 144
37 16 27
37 18 113
37 19 148
37 20 40
37 21 22
37 23 62
37 24 44
37 27 114
37 30 33
37 33 70
37 34 160
37 35 112
37 36 128
38 3 53
38 4 24
38 5 53
38 10 68
38 14 48
38 15 19
38 16 100
38 17 14
38 18 137
38 19 136
38 20 116
38 21 12
38 24 30
38 26 53
38 33 49
38 36 43
38 37 157
39 3 22
39 6 18
39 7 148
39 8 155
39 10 23
39 11 39
39 12 124
39 14 121
39 15 110
39 20 116
39 21 36
39 22 130
39 23 132
39 24 148
39 26 94
39 27 16
39 28 44
39 29 50
39 33 45
39 34 106
40 1 86
40 3 139
40 6 59
40 8 62
40 9 115
40 10 69
40 11 154
40 13 139
40 14 104
40 18 154
40 21 115
40 22 156
40 23 57
40 26 95
40 28 115
40 31 117
40 32 66
40 33 62
40 34 61
40 35 44
40 37 27
40 39 37
41 1 60
41 3 59
41 4 150
41 5 47
41 6 56
41 7 148
41 9 75
41 11 45
41 13 67
41 16 117
41 18 35
41 20 125
41 21 86
41 24 134
41 25 90
41 26 25
41 29 159
41 30 102
41 31 3
41 32 83
41 34 61
41 36 36
41 39 51
42 2 125
42 3 114
42 4 96
42 7 67
42 11 139
42 12 124
42 13 160
42 21 101
42 23 4
42 24 140
42 25 74
42 26 100
42 29 39
42 33 127
42 35 63
42 36 84
42 37 59
42 41 20
43 1 65
43 2 52
43 3 8
43 6 141
43 7 31
43 8 34
43 11 141
43 12 159
43 14 42
43 15 1
43 18 74
43 19 65
43 20 145
43 22 45
43 24 29
43 25 32
43 26 17
43 27 27
43 30 54
43 34 93
43 35 75
43 36 124
43 37 121
43 40 63
43 42 71
44 1 91
44 9 67
44 12 157
44 17 33
44 18 92
44 19 122
44 20 45
44 21 60
44 24 35
44 27 18
44 30 72
44 31 148
44 35 14
44 36 149
44 37 73
45 0 63
45 1 141
45 4 155
45 5 62
45 8 84
45 9 106
45 11 103
45 12 35
45 15 56
45 16 107
45 17 1
45 18 111
45 19 155
45 21 139
45 26 57
45 28 121
45 29 103
45 31 13
45 32 21
45 34 94
45 35 117
45 36 33
45 39 14
45 40 156
46 1 92
46 4 129
46 6 159
46 7 57
46 9 60
46 10 102
46 12 65
46 13 151
46 14 105
46 15 119
46 16 28
46 19 4
46 21 77
46 24 15
46 25 17
46 27 74
46 28 89
46 31 54
46 33 50
46 34 51
46 36 116
46 37 83
46 39 153
46 41 95
46 43 99
46 44 121
46 45 80
47 0 52
47 1 22
47 3 143
47 6 81
47 8 23
47 11 121
47 14 78
47 19 83
47 20 75
47 21 45
47 22 126
47 23 21
47 24 83
47 26 149
47 28 147
47 31 145
47 34 136
47 35 101
47 37 140
47 38 131
47 39 80
47 40 68
47 41 49
47 42 149
47 44 37
47 45 137
47 46 93
48 4 103
48 5 71
48 6 130
48 7 110
48 12 148
48 14 144
48 21 76
48 22 34
48 23 96
48 31 121
48 35 23
48 37 101
48 43 151
48 44 96
48 46 77
48 47 160
49 0 153
49 3 147
49 4 57
49 5 47
49 6 21
49 7 50
49 8 1
49 9 108
49 10 68
49 12 44
49 14 121
49 16 53
49 18 108
49 20 37
49 22 85
49 24 153
49 25 155
49 26 34
49 31 156
49 33 98
49 34 6
49 37 94
49 38 103
49 39 119
49 42 75
49 45 156
49 48 46
