40
1 0 88
2 0 28
2 1 52
3 0 29
3 1 22
3 2 134
4 0 30
4 1 155
4 2 104
4 3 78
5 0 92
5 1 156
5 2 73
5 3 70
6 0 59
6 2 158
6 3 47
6 4 57
6 5 128
7 1 98
7 2 109
7 3 45
7 4 92
7 6 3
8 0 32
8 1 135
8 2 75
8 4 146
8 5 139
8 7 50
9 0 92
9 1 135
9 2 133
9 3 15
9 4 66
9 5 42
9 6 61
9 7 57
9 8 26
10 0 43
10 1 57
10 2 36
10 3 57
10 4 96
10 5 34
10 6 129
10 7 160
10 8 72
11 0 97
11 1 2
11 2 72
11 3 156
11 4 69
11 5 104
11 6 42
11 7 76
11 8 7
11 9 19
11 10 25
12 0 104
12 2 39
12 4 91
12 5 18
12 6 37
12 7 27
12 8 84
12 9 142
12 10 146
13 0 97
13 1 148
13 2 3
13 4 136
13 5 149
13 7 144
13 8 69
13 9 26
13 10 146
13 11 130
13 12 1
14 0 96
14 1 63
14 2 145
14 3 89
14 4 72
14 5 150
14 7 73
14 8 51
14 9 7
14 10 88
14 11 123
14 13 133
15 1 40
15 3 154
15 4 64
15 5 130
15 7 55
15 8 19
15 9 18
15 10 75
15 11 128
15 12 58
15 13 124
16 0 133
16 1 54
16 3 110
16 4 141
16 5 54
16 6 47
16 8 160
16 9 122
16 10 8
16 11 68
16 12 84
16 13 151
16 14 117
16 15 46
17 0 86
17 1 94
17 2 160
17 3 142
17 4 135
17 5 36
17 6 132
17 7 23
17 8 159
17 9 4
17 10 55
17 11 48
17 14 29
17 15 65
18 0 25
18 1 136
18 2 80
18 3 103
18 4 14
18 5 133
18 6 47
18 7 123
18 8 102
18 10 16
18 11 53
18 12 90
18 13 147
18 14 138
18 15 114
18 16 156
18 17 87
19 0 148
19 1 28
19 2 132
19 4 68
19 6 151
19 8 88
19 9 139
19 10 29
19 11 27
19 12 14
19 13 104
19 14 107
19 16 18
19 17 113
19 18 84
20 0 18
20 2 103
20 5 124
20 6 8
20 7 4
20 8 73
20 9 74
20 10 106
20 12 130
20 13 126
20 14 146
20 15 116
20 16 65
20 18 77
20 19 5
21 0 14
21 1 137
21 3 123
21 4 44
21 5 44
21 6 86
21 7 98
21 8 42
21 9 115
21 10 29
21 11 11
21 13 111
21 15 32
21 16 24
21 17 131
21 18 104
21 19 12
21 20 131
22 0 81
22 2 59
22 3 35
22 4 47
22 5 125
22 6 145
22 7 119
22 8 62
22 9 137
22 10 110
22 11 75
22 12 20
22 13 55
22 15 70
22 16 115
22 17 42
22 18 148
22 19 67
22 21 141
23 0 126
23 1 107
23 3 157
23 4 74
23 5 10
23 6 39
23 7 17
23 8 75
23 9 85
23 10 81
23 12 14
23 13 45
23 14 20
23 15 131
23 16 108
23 17 156
23 18 145
23 19 59
23 20 133
23 21 120
23 22 88
24 2 95
24 3 104
24 4 58
24 6 135
24 8 79
24 9 103
24 10 49
24 12 75
24 13 77
24 14 110
24 15 82
24 16 155
24 17 62
24 18 111
24 19 101
24 20 68
24 21 134
24 22 123
24 23 108
25 0 9
25 1 2
25 2 117
25 4 21
25 5 129
25 6 112
25 7 14
25 8 137
25 9 67
25 10 40
25 11 149
25 13 1
25 14 55
25 15 125
25 16 76
25 17 143
25 18 119
25 19 99
25 20 31
25 21 87
25 23 122
25 24 4
26 1 20
26 2 36
26 3 109
26 4 121
26 5 153
26 6 56
26 7 143
26 8 123
26 9 26
26 10 87
26 11 67
26 13 11
26 14 117
26 15 149
26 17 66
26 18 117
26 21 153
26 24 156
26 25 41
27 0 118
27 1 139
27 2 36
27 3 18
27 4 117
27 5 53
27 6 29
27 7 79
27 8 46
27 10 123
27 11 147
27 12 110
27 13 50
27 14 6
27 15 3
27 16 144
27 17 121
27 18 4
27 21 72
27 22 8
27 23 141
27 24 44
27 25 30
27 26 96
28 0 56
28 1 157
28 2 121
28 3 75
28 4 37
28 5 92
28 6 128
28 7 46
28 9 43
28 10 109
28 11 91
28 12 8
28 13 39
28 14 112
28 15 22
28 16 22
28 17 152
28 18 120
28 20 96
28 22 68
28 23 6
28 24 132
28 25 101
28 26 54
28 27 110
29 0 77
29 1 31
29 3 67
29 4 147
29 5 5
29 7 45
29 8 138
29 9 19
29 11 142
29 12 70
29 13 1
29 14 30
29 15 11
29 16 22
29 17 143
29 18 119
29 20 148
29 22 115
29 23 77
29 24 68
29 25 89
29 26 75
29 27 27
30 0 6
30 1 111
30 3 134
30 4 133
30 5 154
30 6 85
30 7 103
30 8 23
30 9 5
30 10 55
30 11 104
30 12 8
30 15 5
30 16 29
30 17 23
30 18 17
30 19 13
30 20 128
30 21 47
30 23 87
30 24 134
30 25 116
30 28 145
31 3 142
31 5 48
31 6 75
31 8 140
31 11 90
31 12 100
31 13 4
31 14 72
31 16 80
31 18 21
31 19 121
31 20 111
31 22 80
31 23 15
31 24 52
31 25 118
31 26 20
31 27 31
31 29 95
31 30 16
32 0 114
32 1 100
32 3 27
32 4 35
32 5 144
32 6 118
32 9 7
32 10 64
32 11 73
32 12 155
32 13 134
32 14 96
32 15 15
32 16 67
32 17 100
32 18 136
32 19 99
32 21 150
32 22 127
32 24 76
32 25 78
32 26 136
32 27 85
32 28 8
32 29 140
32 30 51
32 31 57
33 1 84
33 2 22
33 3 138
33 4 128
33 5 18
33 6 129
33 9 117
33 10 84
33 12 1
33 14 102
33 15 72
33 16 110
33 18 74
33 19 147
33 20 38
33 21 73
33 23 82
33 24 19
33 26 129
33 27 146
33 28 98
33 29 87
33 30 113
34 0 66
34 1 99
34 3 52
34 4 72
34 5 87
34 6 160
34 7 100
34 9 45
34 10 145
34 11 124
34 12 134
34 13 113
34 14 76
34 15 15
34 17 60
34 18 145
34 19 140
34 20 131
34 21 84
34 22 107
34 25 4
34 26 135
34 27 116
34 29 13
34 30 110
34 31 25
34 32 40
35 0 151
35 1 86
35 3 6
35 4 69
35 6 135
35 7 29
35 8 144
35 9 91
35 10 94
35 11 34
35 12 111
35 14 109
35 15 7
35 16 144
35 18 58
35 19 95
35 20 103
35 21 42
35 22 114
35 23 65
35 26 50
35 27 41
35 28 72
35 30 79
35 31 155
35 32 90
35 33 122
35 34 103
36 0 97
36 1 143
36 2 11
36 4 45
36 5 45
36 7 153
36 8 17
36 9 158
36 10 75
36 11 132
36 14 35
36 16 78
36 17 34
36 19 75
36 21 50
36 22 131
36 23 8
36 24 4
36 27 36
36 28 54
36 29 135
36 30 65
36 31 25
36 32 40
36 33 15
36 34 34
36 35 61
37 1 133
37 2 29
37 3 111
37 6 106
37 7 155
37 8 4
37 9 136
37 10 46
37 13 39
37 14 40
37 15 142
37 17 156
37 18 36
37 19 146
37 20 41
37 21 19
37 23 48
37 24 126
37 25 112
37 26 2
37 27 131
37 28 78
37 29 60
37 30 17
37 31 87
37 32 98
37 33 133
37 34 117
37 35 153
37 36 118
38 2 68
38 3 46
38 4 103
38 5 17
38 6 91
38 7 87
38 8 99
38 9 77
38 13 14
38 14 100
38 15 47
38 18 143
38 19 32
38 22 89
38 23 18
38 24 30
38 25 101
38 26 95
38 27 75
38 28 65
38 29 42
38 31 89
38 32 107
38 33 10
38 35 89
38 36 118
38 37 105
39 0 46
39 2 37
39 3 116
39 4 126
39 5 42
39 6 146
39 7 4
39 8 113
39 9 11
39 10 9
39 11 32
39 12 10
39 13 152
39 14 82
39 15 148
39 18 147
39 19 99
39 20 20
39 21 144
39 23 45
39 24 8
39 26 116
39 28 123
39 30 119
39 31 134
39 33 26
39 34 129
39 37 54
39 38 124
