40
3 1 76
6 0 110
7 0 41
7 4 25
7 5 134
9 7 129
10 2 46
10 3 14
11 8 32
12 0 80
12 3 125
13 5 79
13 8 131
14 1 120
15 4 17
16 4 101
17 7 84
17 9 50
17 11 97
17 13 79
18 1 116
18 4 100
18 10 134
18 12 44
20 3 71
20 4 115
20 7 63
20 13 31
21 2 47
21 8 104
21 9 11
21 11 138
21 15 148
21 17 41
21 20 69
22 3 96
22 20 112
23 6 133
23 21 68
24 6 32
24 10 31
24 11 106
24 13 4
24 23 62
25 4 100
26 5 18
26 7 53
26 14 125
26 15 21
26 22 17
26 24 16
26 25 11
27 20 69
27 25 5
28 5 102
29 1 64
29 27 95
30 0 15
30 16 157
30 24 34
31 2 78
31 8 42
32 3 58
32 8 22
32 25 151
32 28 99
32 31 108
34 6 48
34 13 106
34 32 4
35 2 58
35 3 97
35 24 154
36 3 34
36 12 105
36 23 77
37 15 129
37 19 77
37 20 150
37 23 56
37 25 88
37 31 20
38 10 136
38 25 62
38 27 88
39 6 136
39 22 71
39 23 80
39 30 156
39 34 72
