30
3 0 4
3 2 2
4 1 4
5 1 3
6 2 2
6 3 7
6 5 9
7 1 9
7 3 4
7 4 8
7 5 4
7 6 10
8 2 6
8 4 10
8 6 2
9 3 2
9 5 1
9 6 8
9 8 3
10 4 8
10 6 4
10 8 6
10 9 2
11 0 8
11 1 1
11 2 6
11 4 3
11 5 4
11 6 4
11 7 8
11 8 1
12 0 2
12 3 6
12 5 4
12 6 1
12 8 1
12 9 1
13 0 10
13 2 6
13 4 8
13 7 7
13 8 2
13 10 3
13 11 5
13 12 1
14 0 10
14 2 3
14 8 1
14 9 3
14 10 10
14 12 2
15 0 3
15 2 1
15 8 4
15 11 1
15 12 8
15 14 1
16 0 10
16 1 10
16 2 2
16 3 4
16 6 7
16 12 10
16 13 4
16 15 4
17 1 8
17 5 10
17 6 10
17 8 8
17 9 3
17 13 10
17 16 2
18 3 1
18 4 5
18 8 1
18 15 8
19 1 9
19 2 7
19 6 5
19 9 10
19 11 5
19 18 4
20 1 10
20 3 6
20 4 5
20 5 2
20 6 4
20 8 9
20 9 7
20 13 3
21 0 7
21 6 1
21 17 7
22 0 8
22 1 7
22 2 9
22 3 1
22 6 4
22 7 5
22 8 3
22 11 1
22 12 4
22 14 4
22 15 5
22 20 2
22 21 5
23 2 2
23 10 9
23 18 8
23 20 3
23 21 6
23 22 9
24 0 10
24 2 4
24 4 9
24 5 8
24 7 1
24 8 3
24 9 1
24 10 10
24 21 1
24 22 5
25 0 5
25 2 4
25 7 1
25 10 5
25 11 1
25 13 5
25 16 5
25 22 3
25 23 2
26 0 1
26 2 2
26 4 6
26 5 5
26 10 8
26 12 2
26 16 4
26 17 1
26 18 2
26 25 5
27 3 10
27 4 6
27 5 5
27 11 8
27 12 6
27 15 10
27 16 10
27 17 5
27 25 3
28 1 8
28 3 4
28 6 1
28 17 6
28 18 7
28 19 9
28 21 9
28 27 2
29 5 5
29 6 1
29 7 1
29 9 2
29 10 6
29 20 9
29 21 10
29 24 6
29 28 1
