30
8 2 41
9 2 234
9 4 205
9 5 239
10 2 126
10 4 100
10 8 114
11 3 281
11 7 86
12 3 164
12 5 60
12 6 167
12 7 123
13 8 77
13 11 221
14 1 33
14 10 224
14 11 135
15 1 236
16 6 225
16 10 101
16 11 12
16 12 181
16 13 175
17 1 189
17 10 57
18 0 315
18 3 300
18 7 73
18 10 195
18 14 110
18 16 196
19 0 181
19 2 190
19 8 216
19 10 205
20 11 109
20 19 237
21 5 291
21 12 27
21 16 131
22 1 257
22 2 123
22 7 265
22 12 262
22 13 152
23 0 239
23 5 272
23 6 166
23 10 104
23 13 96
23 15 236
23 17 23
24 2 35
24 7 85
24 9 172
24 10 246
24 13 141
25 2 308
25 6 1
25 8 240
25 16 302
25 23 201
26 0 75
26 1 69
26 14 36
26 15 171
26 19 312
26 23 310
27 11 261
27 14 311
27 17 51
27 20 256
27 25 163
28 2 291
28 6 71
28 8 274
28 10 244
28 11 64
28 12 162
28 13 274
28 21 317
28 24 261
28 26 28
29 2 191
29 6 62
29 8 304
29 14 239
29 18 79
29 19 72
29 27 87
29 28 195
