60
3 1 1
6 0 125
8 3 130
9 3 58
10 3 84
10 7 150
10 9 52
11 1 20
11 7 23
12 1 104
14 5 102
14 9 77
15 1 95
15 2 138
15 3 139
15 4 76
15 12 84
16 2 2
16 6 80
16 14 122
17 0 18
17 3 149
18 10 160
18 17 152
19 7 82
19 14 97
20 1 82
20 8 70
20 9 25
20 11 75
20 17 67
20 18 8
21 3 85
22 8 63
22 18 96
23 5 29
23 10 5
23 17 55
23 19 93
24 4 48
24 21 16
24 22 143
25 6 38
25 7 20
25 11 70
26 21 34
27 11 150
27 12 101
27 20 64
28 0 61
28 8 71
28 26 139
29 4 122
29 17 6
29 24 31
30 7 158
30 10 37
31 6 70
33 6 106
33 14 51
34 4 85
34 5 128
34 7 71
34 15 141
34 19 89
34 20 56
34 22 99
34 29 19
35 15 29
35 16 53
35 28 140
36 3 72
36 22 48
36 25 74
37 8 44
38 15 98
38 28 138
38 34 17
38 36 20
39 0 8
39 23 41
39 26 141
40 6 28
40 10 125
40 24 125
40 27 6
40 36 124
41 0 20
41 11 8
41 14 152
41 33 90
41 38 132
42 3 157
42 9 100
42 22 7
42 36 147
43 1 124
43 23 97
43 26 18
43 35 11
43 41 135
44 4 59
44 19 25
44 21 148
44 22 81
44 32 109
44 33 91
44 41 48
45 14 101
45 19 120
45 26 1
45 29 106
45 36 118
45 38 148
46 1 104
46 5 61
46 21 18
46 25 2
46 36 74
46 45 72
47 9 67
47 32 97
47 39 72
48 11 2
48 25 113
48 29 135
48 43 119
49 23 27
49 32 67
49 33 76
49 41 143
49 46 59
50 2 20
50 5 118
50 33 96
50 36 42
51 45 14
52 7 129
52 41 132
52 42 31
52 45 97
53 2 39
53 19 7
53 24 94
53 40 115
53 44 7
53 47 140
54 1 20
54 3 70
54 14 9
54 17 159
54 22 107
54 34 69
54 47 159
54 48 3
55 11 63
55 32 157
55 42 38
55 44 136
56 2 117
56 8 26
56 22 49
56 40 61
56 44 93
56 55 113
57 5 27
57 18 82
57 48 86
58 15 1
58 31 35
59 0 135
59 13 114
59 17 45
59 37 146
59 46 99
