50
2 0 2
2 1 1
3 0 9
3 1 3
3 2 4
4 0 8
4 1 7
4 2 2
4 3 2
5 1 6
5 2 7
5 3 8
5 4 2
6 0 7
6 1 9
6 4 5
6 5 10
7 0 1
7 2 7
7 3 9
7 4 2
7 5 8
8 0 6
8 1 6
8 2 10
8 3 1
8 5 2
8 6 9
8 7 2
9 0 4
9 1 4
9 2 5
9 3 7
9 4 2
9 5 8
9 6 5
9 7 7
9 8 9
10 0 4
10 3 10
10 4 5
10 5 5
10 6 1
10 7 9
10 8 10
10 9 2
11 0 1
11 1 7
11 2 2
11 3 1
11 4 7
11 5 3
11 6 7
11 8 2
11 9 2
11 10 5
12 0 8
12 1 8
12 2 9
12 3 4
12 4 4
12 5 8
12 7 8
12 9 1
12 10 1
12 11 7
13 0 4
13 1 8
13 2 3
13 3 10
13 4 4
13 5 7
13 6 7
13 7 6
13 8 7
13 9 8
13 10 2
13 11 8
13 12 5
14 2 4
14 3 3
14 4 3
14 5 8
14 6 2
14 7 1
14 8 1
14 9 9
14 10 9
14 11 2
14 12 8
14 13 6
15 0 6
15 1 1
15 2 5
15 3 1
15 4 10
15 5 8
15 6 1
15 7 8
15 8 1
15 9 4
15 10 7
15 12 6
15 13 9
15 14 2
16 0 7
16 1 7
16 2 1
16 3 10
16 4 4
16 6 8
16 7 4
16 8 9
16 9 7
16 10 7
16 11 2
16 12 3
16 13 3
16 14 5
16 15 9
17 0 8
17 1 3
17 3 8
17 4 1
17 5 2
17 6 6
17 7 6
17 8 10
17 9 6
17 11 10
17 12 7
17 13 8
17 14 7
17 15 3
17 16 5
18 1 7
18 2 3
18 4 3
18 5 2
18 6 4
18 7 4
18 8 9
18 9 3
18 10 6
18 11 7
18 12 6
18 13 5
18 14 1
18 15 5
18 17 1
19 0 7
19 1 7
19 2 4
19 3 6
19 4 1
19 5 8
19 6 9
19 7 5
19 8 3
19 9 2
19 10 7
19 11 10
19 12 10
19 13 5
19 14 3
19 15 1
19 17 9
19 18 3
20 2 10
20 3 10
20 5 3
20 7 8
20 8 4
20 9 3
20 11 9
20 12 1
20 13 4
20 14 1
20 15 5
20 16 9
20 17 9
20 18 5
20 19 7
21 1 2
21 2 6
21 3 2
21 4 4
21 5 2
21 6 4
21 7 5
21 8 3
21 9 10
21 10 3
21 11 3
21 13 8
21 14 6
21 15 7
21 16 7
21 17 3
21 18 7
21 19 7
21 20 8
22 0 7
22 1 3
22 2 5
22 3 7
22 4 8
22 5 10
22 6 1
22 7 2
22 9 7
22 10 3
22 11 2
22 12 4
22 13 7
22 14 10
22 15 7
22 16 6
22 17 10
22 18 2
22 19 9
22 21 5
23 0 8
23 1 3
23 3 2
23 4 1
23 5 4
23 6 7
23 7 9
23 9 10
23 10 3
23 11 9
23 12 9
23 13 4
23 14 5
23 15 5
23 16 9
23 17 6
23 18 7
23 19 5
23 20 9
23 21 9
23 22 4
24 0 4
24 1 9
24 2 9
24 3 8
24 4 3
24 5 6
24 6 10
24 7 8
24 8 8
24 9 10
24 10 6
24 11 1
24 12 5
24 13 1
24 14 4
24 15 3
24 16 3
24 18 5
24 19 10
24 20 4
24 21 3
24 22 5
24 23 3
25 0 6
25 1 2
25 3 7
25 4 9
25 6 8
25 7 9
25 9 1
25 10 5
25 11 7
25 12 3
25 13 2
25 14 4
25 15 7
25 16 5
25 17 9
25 19 3
25 21 1
25 22 6
25 23 9
26 0 2
26 3 9
26 4 6
26 5 2
26 6 9
26 7 4
26 8 7
26 9 6
26 10 5
26 11 8
26 12 8
26 13 4
26 15 6
26 16 5
26 17 10
26 18 6
26 19 5
26 20 8
26 21 6
26 23 6
26 24 2
26 25 8
27 1 5
27 2 2
27 3 10
27 4 9
27 5 2
27 6 4
27 7 9
27 8 7
27 9 2
27 10 1
27 11 5
27 12 4
27 13 2
27 14 10
27 15 8
27 16 2
27 17 7
27 18 4
27 19 8
27 20 5
27 21 10
27 22 4
27 23 2
27 24 2
27 25 1
27 26 8
28 0 3
28 1 10
28 2 2
28 3 5
28 5 2
28 6 8
28 7 8
28 8 8
28 9 8
28 10 8
28 11 2
28 12 9
28 13 3
28 14 10
28 16 1
28 17 8
28 18 5
28 19 7
28 20 8
28 21 10
28 23 3
28 24 4
28 25 4
28 26 8
28 27 6
29 0 8
29 1 8
29 2 9
29 3 2
29 4 7
29 5 7
29 6 1
29 7 6
29 8 6
29 9 8
29 11 1
29 12 2
29 13 7
29 14 8
29 15 7
29 16 7
29 18 10
29 20 4
29 21 4
29 23 5
29 24 8
29 25 5
29 26 2
29 27 8
29 28 6
30 0 8
30 1 3
30 2 4
30 3 6
30 4 2
30 5 8
30 6 7
30 7 9
30 8 3
30 9 2
30 10 7
30 11 3
30 12 2
30 13 2
30 14 9
30 16 6
30 17 4
30 18 7
30 19 7
30 20 4
30 21 4
30 23 6
30 25 9
30 26 9
30 27 8
30 28 10
30 29 10
31 0 4
31 1 6
31 2 6
31 3 3
31 4 3
31 5 8
31 6 9
31 7 9
31 8 4
31 9 9
31 10 6
31 12 6
31 13 7
31 14 7
31 15 7
31 17 3
31 18 9
31 19 5
31 20 8
31 21 8
31 22 9
31 23 3
31 24 9
31 25 2
31 26 2
31 27 1
31 28 5
31 29 9
31 30 9
32 0 5
32 1 4
32 2 6
32 3 6
32 4 9
32 5 4
32 6 9
32 7 2
32 8 5
32 9 9
32 10 2
32 11 9
32 12 2
32 13 9
32 14 1
32 15 2
32 16 4
32 17 9
32 19 4
32 21 9
32 22 3
32 23 5
32 24 5
32 25 5
32 26 7
32 27 8
32 28 6
32 29 2
32 30 2
32 31 7
33 0 2
33 1 2
33 2 1
33 3 1
33 4 10
33 5 8
33 6 5
33 7 3
33 8 8
33 10 10
33 11 4
33 12 8
33 13 3
33 15 9
33 16 2
33 17 2
33 19 2
33 20 3
33 21 7
33 22 10
33 23 10
33 25 9
33 26 6
33 27 3
33 28 2
33 29 8
33 32 9
34 0 7
34 1 4
34 2 3
34 3 8
34 4 2
34 5 7
34 6 9
34 7 3
34 8 5
34 9 2
34 11 9
34 12 9
34 14 1
34 15 4
34 17 10
34 18 9
34 19 4
34 20 7
34 21 10
34 22 3
34 23 1
34 24 7
34 25 3
34 26 9
34 27 7
34 29 7
34 30 8
34 31 4
34 32 4
34 33 9
35 1 8
35 2 7
35 3 9
35 4 2
35 5 3
35 6 5
35 7 9
35 8 1
35 11 2
35 13 1
35 14 9
35 15 10
35 16 5
35 17 5
35 18 8
35 19 10
35 20 7
35 21 7
35 22 10
35 23 3
35 24 4
35 25 2
35 26 3
35 27 5
35 28 5
35 29 3
35 30 7
35 31 4
35 32 10
35 33 10
35 34 4
36 0 1
36 1 8
36 2 5
36 3 2
36 4 8
36 5 7
36 6 1
36 7 2
36 8 10
36 9 9
36 10 1
36 11 1
36 12 4
36 13 7
36 14 2
36 15 10
36 16 2
36 17 5
36 18 2
36 19 1
36 20 3
36 21 6
36 22 4
36 23 10
36 24 9
36 25 9
36 26 8
36 27 6
36 28 10
36 29 10
36 30 3
36 31 1
36 32 9
36 33 9
36 35 2
37 0 10
37 2 1
37 3 2
37 4 3
37 6 9
37 7 7
37 8 3
37 9 2
37 10 9
37 11 9
37 13 4
37 14 4
37 15 4
37 16 7
37 17 4
37 18 3
37 20 4
37 21 2
37 22 1
37 23 4
37 24 10
37 25 6
37 26 7
37 27 4
37 30 3
37 31 4
37 32 9
37 33 7
37 34 6
37 35 7
37 36 1
38 0 9
38 1 4
38 2 6
38 3 8
38 5 6
38 6 2
38 7 5
38 8 2
38 9 2
38 10 5
38 11 6
38 12 1
38 13 8
38 14 3
38 15 5
38 16 7
38 17 3
38 18 3
38 19 7
38 20 9
38 22 9
38 23 8
38 24 7
38 25 9
38 26 7
38 27 1
38 28 10
38 29 6
38 30 4
38 31 6
38 32 1
38 33 9
38 34 2
38 35 1
38 36 6
38 37 10
39 0 4
39 1 5
39 2 3
39 3 3
39 4 6
39 5 3
39 6 3
39 7 2
39 8 2
39 10 3
39 11 10
39 12 5
39 13 4
39 14 6
39 15 2
39 16 3
39 17 9
39 18 5
39 19 5
39 20 2
39 21 4
39 22 6
39 23 9
39 24 5
39 25 8
39 26 1
39 27 2
39 28 1
39 29 6
39 31 7
39 32 4
39 33 4
39 36 3
39 37 3
39 38 2
40 0 10
40 1 3
40 2 3
40 3 3
40 4 10
40 6 3
40 7 5
40 8 5
40 9 10
40 10 6
40 11 4
40 12 7
40 15 10
40 17 4
40 18 5
40 19 9
40 22 7
40 23 8
40 24 4
40 25 6
40 26 3
40 27 1
40 28 1
40 29 6
40 30 4
40 31 9
40 33 8
40 34 5
40 35 2
40 36 2
40 38 10
40 39 8
41 0 3
41 1 4
41 2 7
41 3 5
41 4 3
41 5 4
41 6 6
41 8 4
41 10 1
41 11 2
41 12 6
41 13 2
41 14 10
41 16 1
41 17 10
41 18 6
41 19 9
41 20 7
41 21 7
41 22 5
41 23 8
41 24 10
41 25 8
41 26 7
41 27 1
41 28 10
41 29 10
41 30 7
41 31 2
41 32 6
41 33 5
41 34 7
41 35 1
41 36 8
41 37 10
41 38 4
41 39 8
41 40 7
42 0 2
42 1 9
42 2 5
42 3 10
42 4 10
42 5 6
42 6 3
42 7 6
42 8 5
42 9 4
42 11 6
42 13 6
42 14 8
42 15 10
42 16 9
42 17 1
42 19 1
42 20 3
42 21 3
42 22 6
42 23 8
42 24 5
42 25 4
42 26 5
42 27 4
42 28 9
42 29 10
42 30 6
42 31 1
42 32 5
42 33 3
42 34 2
42 36 6
42 37 8
42 38 6
42 39 4
42 40 6
42 41 5
43 0 9
43 2 9
43 3 6
43 4 8
43 5 2
43 6 9
43 7 10
43 8 6
43 9 4
43 10 5
43 12 3
43 13 6
43 14 9
43 15 3
43 16 3
43 17 5
43 18 6
43 19 4
43 20 1
43 21 10
43 22 3
43 23 4
43 24 2
43 25 10
43 26 5
43 27 1
43 28 3
43 29 9
43 30 10
43 31 5
43 32 8
43 33 6
43 36 5
43 37 10
43 38 9
43 39 8
43 40 3
43 41 4
43 42 1
44 0 9
44 1 10
44 2 2
44 3 7
44 4 10
44 5 9
44 6 1
44 7 9
44 8 4
44 9 4
44 10 6
44 11 6
44 12 7
44 13 5
44 14 10
44 15 8
44 16 5
44 18 9
44 19 5
44 20 1
44 21 5
44 22 10
44 23 3
44 24 5
44 25 6
44 26 1
44 27 9
44 28 3
44 29 8
44 30 6
44 31 9
44 32 7
44 33 8
44 34 9
44 35 5
44 37 8
44 38 2
44 39 4
44 40 7
44 41 2
44 42 3
44 43 4
45 0 7
45 1 4
45 2 10
45 3 3
45 4 5
45 5 8
45 6 5
45 7 7
45 8 7
45 10 3
45 11 3
45 12 9
45 13 4
45 14 10
45 15 4
45 16 2
45 17 5
45 18 7
45 19 9
45 20 2
45 21 8
45 23 1
45 24 6
45 25 2
45 26 4
45 27 2
45 28 5
45 29 2
45 30 9
45 31 6
45 32 10
45 33 7
45 34 3
45 35 5
45 36 4
45 37 6
45 39 2
45 40 3
45 41 7
45 43 6
45 44 1
46 1 4
46 2 2
46 3 1
46 4 1
46 5 9
46 6 3
46 7 7
46 8 7
46 9 1
46 10 5
46 11 3
46 12 2
46 13 8
46 14 2
46 15 9
46 16 10
46 17 10
46 18 5
46 19 2
46 20 8
46 21 1
46 22 1
46 23 7
46 24 9
46 25 4
46 26 4
46 27 3
46 29 4
46 30 8
46 31 7
46 33 7
46 34 2
46 35 5
46 36 10
46 37 5
46 38 6
46 39 10
46 41 9
46 42 7
46 43 5
46 44 3
46 45 5
47 0 2
47 1 10
47 2 3
47 3 1
47 4 8
47 5 3
47 6 4
47 7 7
47 8 1
47 9 1
47 10 1
47 11 10
47 12 2
47 13 5
47 14 1
47 15 3
47 16 2
47 17 5
47 18 9
47 19 8
47 20 7
47 21 2
47 22 5
47 24 6
47 25 1
47 26 6
47 27 5
47 28 7
47 29 6
47 30 1
47 31 2
47 32 1
47 33 3
47 34 9
47 35 10
47 36 10
47 37 10
47 38 3
47 39 8
47 40 1
47 41 8
47 42 8
47 43 7
47 44 1
47 45 2
47 46 9
48 0 10
48 1 6
48 2 5
48 3 1
48 4 6
48 5 3
48 6 4
48 7 9
48 8 3
48 9 3
48 10 6
48 11 3
48 12 3
48 13 3
48 14 9
48 15 6
48 16 2
48 17 8
48 18 9
48 19 10
48 20 7
48 21 6
48 22 7
48 23 8
48 24 7
48 26 2
48 28 4
48 29 4
48 30 5
48 31 2
48 32 3
48 33 3
48 34 7
48 36 5
48 37 6
48 38 7
48 39 2
48 41 10
48 43 9
48 44 5
48 45 8
48 46 6
48 47 2
49 0 8
49 1 4
49 2 10
49 3 9
49 4 8
49 5 8
49 8 1
49 9 7
49 10 9
49 11 1
49 12 6
49 13 1
49 14 3
49 15 7
49 16 8
49 17 2
49 18 6
49 19 2
49 20 2
49 21 10
49 22 3
49 23 2
49 24 10
49 25 6
49 26 6
49 27 1
49 29 3
49 30 9
49 32 8
49 33 1
49 34 8
49 35 4
49 36 1
49 37 6
49 38 8
49 39 4
49 40 1
49 41 9
49 42 6
49 44 8
49 45 8
49 47 3
49 48 2
