30
1 0 6
2 0 10
3 2 6
4 0 6
4 2 6
4 3 6
5 0 9
5 1 9
5 2 10
5 4 2
6 0 6
6 1 9
6 2 4
7 1 1
7 2 3
7 3 6
7 4 1
7 5 2
7 6 2
8 2 4
8 4 9
8 6 2
8 7 8
9 0 6
9 2 2
9 3 9
9 4 2
9 5 2
9 6 10
9 7 6
9 8 9
10 1 7
10 2 6
10 3 10
10 4 6
10 5 1
10 7 6
11 2 7
11 3 9
11 6 2
11 7 5
11 8 1
11 9 2
11 10 7
12 0 8
12 1 10
12 3 9
12 7 6
12 8 10
12 9 6
12 11 3
13 2 4
13 4 5
13 5 9
13 6 9
13 11 7
13 12 6
14 0 5
14 1 9
14 2 9
14 4 8
14 5 5
14 6 6
14 12 10
14 13 9
15 0 1
15 1 1
15 3 9
15 4 2
15 5 2
15 6 6
15 7 7
15 8 7
15 9 8
15 10 1
15 13 6
15 14 5
16 0 7
16 1 6
16 2 2
16 3 6
16 6 4
16 7 1
16 8 7
16 12 4
16 13 1
16 15 8
17 0 1
17 1 2
17 2 4
17 3 6
17 4 7
17 5 3
17 8 1
17 9 8
17 11 9
17 12 1
17 14 3
17 16 2
18 0 9
18 1 3
18 2 6
18 3 1
18 6 8
18 8 6
18 10 3
18 11 6
18 13 6
18 15 4
19 0 8
19 1 7
19 2 10
19 3 7
19 4 4
19 6 8
19 8 3
19 9 5
19 10 2
19 12 2
19 14 10
19 15 5
19 16 5
19 17 4
19 18 5
20 0 2
20 1 1
20 2 9
20 3 9
20 7 2
20 8 5
20 10 7
20 11 3
20 13 2
20 14 6
20 15 9
20 16 9
21 0 5
21 1 7
21 4 10
21 5 9
21 6 6
21 7 3
21 8 10
21 10 3
21 13 4
21 14 9
21 15 10
21 16 5
21 18 6
21 19 4
21 20 1
22 1 8
22 2 7
22 3 8
22 7 4
22 8 7
22 11 3
22 18 1
22 20 8
23 0 4
23 1 1
23 3 3
23 4 5
23 7 6
23 10 8
23 11 1
23 15 2
23 16 2
23 19 2
23 20 2
24 1 3
24 2 6
24 5 3
24 6 1
24 8 3
24 9 1
24 10 7
24 11 3
24 13 9
24 14 6
24 16 10
24 18 4
24 19 2
24 20 6
24 21 1
24 22 10
24 23 7
25 0 9
25 2 4
25 3 9
25 4 9
25 8 4
25 9 10
25 11 4
25 12 4
25 13 7
25 14 4
25 18 5
25 19 1
25 20 8
25 21 9
25 22 6
25 23 9
25 24 7
26 0 4
26 1 1
26 2 9
26 5 2
26 7 8
26 8 9
26 9 1
26 10 3
26 11 2
26 14 9
26 17 10
26 19 6
26 20 1
26 22 6
26 23 10
26 24 6
27 1 2
27 4 7
27 8 6
27 9 1
27 10 6
27 12 6
27 18 4
27 19 9
27 21 1
27 24 4
27 25 10
28 2 2
28 3 1
28 4 3
28 5 6
28 6 4
28 7 2
28 8 10
28 9 4
28 11 9
28 12 2
28 14 4
28 15 3
28 16 3
28 19 3
28 20 7
28 22 10
28 24 2
28 25 8
29 1 7
29 2 9
29 4 6
29 5 5
29 11 5
29 12 9
29 13 7
29 14 4
29 17 5
29 19 3
29 20 2
29 22 2
29 24 6
29 26 4
