70
1 0 103
2 0 36
2 1 66
3 0 7
3 2 81
4 0 21
4 1 71
4 3 148
5 0 126
5 1 131
5 2 68
5 3 49
6 1 57
6 2 143
6 3 82
6 4 93
6 5 18
7 0 53
7 1 105
7 3 73
7 4 71
7 5 160
7 6 37
8 0 93
8 1 137
8 2 78
8 3 7
8 4 80
8 5 48
9 0 154
9 2 153
9 5 17
9 7 151
9 8 156
10 0 37
10 3 91
10 4 154
10 6 52
10 9 14
11 0 137
11 1 92
11 2 9
11 5 128
11 6 89
11 7 111
11 8 99
11 9 83
11 10 57
12 1 132
12 3 2
12 5 56
12 6 95
12 7 58
12 8 19
12 9 1
12 10 16
13 0 99
13 2 45
13 4 100
13 5 119
13 6 28
13 7 156
13 9 5
13 10 11
13 11 48
13 12 36
14 0 139
14 1 146
14 2 64
14 3 31
14 4 143
14 6 82
14 7 34
14 10 28
14 11 91
14 12 93
15 0 156
15 1 97
15 3 100
15 6 129
15 7 125
15 8 8
15 9 149
15 10 26
15 11 78
15 12 91
15 13 89
15 14 64
16 0 155
16 3 3
16 6 3
16 7 35
16 8 158
16 10 154
16 12 5
16 13 149
16 15 148
17 0 31
17 2 125
17 3 107
17 4 18
17 5 85
17 6 44
17 7 46
17 8 15
17 9 138
17 11 13
17 12 116
17 13 107
17 14 58
17 15 4
17 16 66
18 0 93
18 1 79
18 3 67
18 4 33
18 8 121
18 9 157
18 11 116
18 13 133
18 15 107
18 16 151
18 17 68
19 0 97
19 1 18
19 2 104
19 3 2
19 4 157
19 6 148
19 7 15
19 8 155
19 9 56
19 11 70
19 12 63
19 13 64
19 14 109
19 16 63
19 18 4
20 0 55
20 2 30
20 3 83
20 4 66
20 5 84
20 6 122
20 7 38
20 8 11
20 11 100
20 13 61
20 14 76
20 15 35
20 16 158
20 18 21
20 19 57
21 0 21
21 1 63
21 3 125
21 4 90
21 5 108
21 6 73
21 8 110
21 9 125
21 10 18
21 13 107
21 16 108
21 17 110
21 18 37
21 19 139
21 20 65
22 0 62
22 1 24
22 2 65
22 3 145
22 4 27
22 6 144
22 8 42
22 9 151
22 12 61
22 13 110
22 14 29
22 15 115
22 16 60
22 17 28
22 18 96
22 20 136
22 21 31
23 0 132
23 1 132
23 2 84
23 4 95
23 5 144
23 6 28
23 7 104
23 8 111
23 11 105
23 12 13
23 16 87
23 17 1
23 18 24
23 19 76
23 20 119
23 22 134
24 2 46
24 3 24
24 4 48
24 5 106
24 6 5
24 7 4
24 8 63
24 10 138
24 11 68
24 12 130
24 13 156
24 14 136
24 15 29
24 17 113
24 18 70
24 19 47
24 20 120
24 21 49
25 0 73
25 1 109
25 2 78
25 3 101
25 4 89
25 7 130
25 8 23
25 9 93
25 10 32
25 12 143
25 13 138
25 14 53
25 17 9
25 18 111
25 20 47
25 21 54
25 23 156
25 24 128
26 0 69
26 2 73
26 3 130
26 4 80
26 5 113
26 6 78
26 7 94
26 8 147
26 10 133
26 11 30
26 12 51
26 13 158
26 14 59
26 15 5
26 16 29
26 19 28
26 21 32
26 23 59
26 24 83
26 25 8
27 1 148
27 2 106
27 3 10
27 5 15
27 6 106
27 7 18
27 8 133
27 9 49
27 10 144
27 11 48
27 12 41
27 13 46
27 14 9
27 15 30
27 16 29
27 18 156
27 19 41
27 21 96
27 22 146
27 23 76
27 25 59
27 26 107
28 1 128
28 3 40
28 4 120
28 5 11
28 6 47
28 7 34
28 8 133
28 9 14
28 10 104
28 11 60
28 12 8
28 13 27
28 14 139
28 15 41
28 17 22
28 19 66
28 20 43
28 22 113
28 23 8
28 24 127
28 25 3
28 27 104
29 0 138
29 1 156
29 2 101
29 3 156
29 5 159
29 8 54
29 9 4
29 10 137
29 12 128
29 14 121
29 15 68
29 16 122
29 18 14
29 19 158
29 20 149
29 21 157
29 22 29
29 24 99
29 25 4
30 0 111
30 2 139
30 4 4
30 6 77
30 8 44
30 9 119
30 10 27
30 11 6
30 12 97
30 13 6
30 14 67
30 15 71
30 16 80
30 18 32
30 19 80
30 20 127
30 22 126
30 26 93
30 29 145
31 1 81
31 2 146
31 3 44
31 4 92
31 5 156
31 6 105
31 8 12
31 9 148
31 10 113
31 11 104
31 12 18
31 13 120
31 14 139
31 18 28
31 19 117
31 20 96
31 21 51
31 22 10
31 23 21
31 24 63
31 26 49
31 28 158
31 30 75
32 0 89
32 1 93
32 2 110
32 3 105
32 4 16
32 6 62
32 7 47
32 8 122
32 9 139
32 11 71
32 14 40
32 15 158
32 17 100
32 19 87
32 20 106
32 21 88
32 23 123
32 24 141
32 25 115
32 27 66
32 28 134
32 29 83
32 30 68
32 31 102
33 0 95
33 4 37
33 5 45
33 8 42
33 9 55
33 10 11
33 12 130
33 13 43
33 14 23
33 15 4
33 17 147
33 19 119
33 20 118
33 21 95
33 22 109
33 24 137
33 25 45
33 26 37
33 27 105
33 28 101
33 29 78
33 30 107
33 31 84
34 0 7
34 2 70
34 3 14
34 4 128
34 5 133
34 6 92
34 7 35
34 8 112
34 9 153
34 14 52
34 17 126
34 18 128
34 19 10
34 20 147
34 21 155
34 22 70
34 24 141
34 26 29
34 27 1
34 28 160
34 29 52
34 31 72
34 33 15
35 0 81
35 1 146
35 3 113
35 4 58
35 5 63
35 7 101
35 8 30
35 9 113
35 10 35
35 11 61
35 12 118
35 13 51
35 14 24
35 16 28
35 17 89
35 18 90
35 19 70
35 21 48
35 22 20
35 24 6
35 25 150
35 27 124
35 28 64
35 32 55
35 33 125
35 34 134
36 0 29
36 1 160
36 3 15
36 4 136
36 5 34
36 6 79
36 7 71
36 9 60
36 10 4
36 11 48
36 12 122
36 13 56
36 15 83
36 16 147
36 18 3
36 19 4
36 20 129
36 22 136
36 23 16
36 24 123
36 25 122
36 26 40
36 27 70
36 28 63
36 29 141
36 30 64
36 31 95
36 32 15
36 33 13
36 35 73
37 0 148
37 1 129
37 3 69
37 4 123
37 5 85
37 6 146
37 9 38
37 10 36
37 11 121
37 12 154
37 13 98
37 14 101
37 15 108
37 17 68
37 18 92
37 19 154
37 20 64
37 21 104
37 22 54
37 23 138
37 24 67
37 25 80
37 26 24
37 27 37
37 28 17
37 29 25
37 30 21
37 31 43
37 32 24
37 33 15
37 34 79
37 35 9
37 36 5
38 0 141
38 1 151
38 2 46
38 3 80
38 7 129
38 8 143
38 9 142
38 10 128
38 11 60
38 12 47
38 13 110
38 14 17
38 15 40
38 16 153
38 17 74
38 18 46
38 21 128
38 22 8
38 23 145
38 24 60
38 25 104
38 26 83
38 27 25
38 28 87
38 30 7
38 31 91
38 32 33
38 33 151
38 34 62
38 35 117
38 36 51
38 37 53
39 0 8
39 1 87
39 4 151
39 5 99
39 6 123
39 7 101
39 8 15
39 9 1
39 10 7
39 14 48
39 17 86
39 18 101
39 19 55
39 22 55
39 23 7
39 24 86
39 25 103
39 27 51
39 28 4
39 29 5
39 30 76
39 31 69
39 32 122
39 33 42
39 34 132
39 35 66
39 37 122
40 1 41
40 2 5
40 3 81
40 5 112
40 6 3
40 7 156
40 8 58
40 10 156
40 11 22
40 12 93
40 13 55
40 14 65
40 15 144
40 17 143
40 18 104
40 19 39
40 20 142
40 21 146
40 22 35
40 26 140
40 27 10
40 29 56
40 30 62
40 32 111
40 35 75
40 37 87
40 39 151
41 1 2
41 2 79
41 3 21
41 5 108
41 7 129
41 8 19
41 9 38
41 10 110
41 11 36
41 12 27
41 14 110
41 15 99
41 18 27
41 19 10
41 20 61
41 21 155
41 22 110
41 23 10
41 28 112
41 30 118
41 31 124
41 32 2
41 33 138
41 34 159
41 36 113
41 37 67
41 38 158
41 39 56
42 0 151
42 1 134
42 2 60
42 3 64
42 4 28
42 7 47
42 9 142
42 10 105
42 12 112
42 13 152
42 14 122
42 17 3
42 20 36
42 23 93
42 24 152
42 26 104
42 27 10
42 28 90
42 29 124
42 30 150
42 31 126
42 32 75
42 33 157
42 34 141
42 36 11
42 37 84
42 38 70
42 39 103
42 41 83
43 0 116
43 2 42
43 3 151
43 4 12
43 5 4
43 6 68
43 7 140
43 8 3
43 9 136
43 10 47
43 11 73
43 12 142
43 13 68
43 14 128
43 15 107
43 16 7
43 17 83
43 18 127
43 20 13
43 21 48
43 22 56
43 23 43
43 24 75
43 27 130
43 30 140
43 31 121
43 32 101
43 33 126
43 34 13
43 35 61
43 36 105
43 38 158
43 39 124
43 40 101
43 41 50
44 0 144
44 1 99
44 2 146
44 5 69
44 6 152
44 7 111
44 8 59
44 9 16
44 10 44
44 11 80
44 12 103
44 14 135
44 15 38
44 16 1
44 18 128
44 19 41
44 20 101
44 22 53
44 23 124
44 24 156
44 25 154
44 26 115
44 27 28
44 28 55
44 29 78
44 31 77
44 35 83
44 36 63
44 38 86
44 40 56
44 41 141
44 43 106
45 1 59
45 2 40
45 3 44
45 4 146
45 5 103
45 6 95
45 8 89
45 9 129
45 10 139
45 11 89
45 12 98
45 13 56
45 14 42
45 16 83
45 17 32
45 18 66
45 19 49
45 20 104
45 23 135
45 24 112
45 25 101
45 28 149
45 30 24
45 32 128
45 33 66
45 37 41
45 39 85
45 41 23
45 42 104
45 43 119
45 44 104
46 0 50
46 1 35
46 2 104
46 3 108
46 4 109
46 5 53
46 6 35
46 7 18
46 8 2
46 9 21
46 10 95
46 11 115
46 12 110
46 14 3
46 16 82
46 17 76
46 19 129
46 20 58
46 21 143
46 24 81
46 25 157
46 26 112
46 27 11
46 28 132
46 31 78
46 32 47
46 33 38
46 34 128
46 35 96
46 36 137
46 37 28
46 38 24
46 39 38
46 40 48
46 41 15
46 42 149
46 43 146
47 0 85
47 1 95
47 2 139
47 3 99
47 4 47
47 7 28
47 9 111
47 10 125
47 11 26
47 15 147
47 16 50
47 17 121
47 18 156
47 19 71
47 21 47
47 22 87
47 23 66
47 24 111
47 25 21
47 28 152
47 29 111
47 30 102
47 32 38
47 33 39
47 34 16
47 35 13
47 36 103
47 37 20
47 38 23
47 39 103
47 40 22
47 41 30
47 42 24
47 43 42
47 44 107
47 45 50
47 46 86
48 0 159
48 1 51
48 2 26
48 5 71
48 6 155
48 8 84
48 9 49
48 12 123
48 13 90
48 16 49
48 17 33
48 18 55
48 19 38
48 20 74
48 21 97
48 22 120
48 23 154
48 25 99
48 26 74
48 27 153
48 32 97
48 33 131
48 34 105
48 35 50
48 36 91
48 37 106
48 38 94
48 39 89
48 40 140
48 42 132
48 43 85
48 44 28
48 47 148
49 0 52
49 1 81
49 2 159
49 4 156
49 6 77
49 7 128
49 8 138
49 9 122
49 10 23
49 11 108
49 12 55
49 16 92
49 18 142
49 19 144
49 20 92
49 21 67
49 22 93
49 24 62
49 25 16
49 26 57
49 27 13
49 29 135
49 30 112
49 31 62
49 32 65
49 33 156
49 39 2
49 40 102
49 41 79
49 42 118
49 43 101
49 44 131
49 47 90
49 48 59
50 1 110
50 2 76
50 4 44
50 5 87
50 6 26
50 7 37
50 8 96
50 9 24
50 11 37
50 14 34
50 15 46
50 16 95
50 18 65
50 19 38
50 21 19
50 22 104
50 24 130
50 25 124
50 26 134
50 27 19
50 28 155
50 29 79
50 30 42
50 31 59
50 33 115
50 34 3
50 36 141
50 37 23
50 38 2
50 39 152
50 40 39
50 41 146
50 44 93
50 45 99
50 48 64
50 49 37
51 0 114
51 2 116
51 4 55
51 5 42
51 6 61
51 7 24
51 10 25
51 11 58
51 12 84
51 13 148
51 18 100
51 20 120
51 24 15
51 25 97
51 27 104
51 28 146
51 29 142
51 30 16
51 32 12
51 33 74
51 35 79
51 36 49
51 38 64
51 42 50
51 43 134
51 44 85
51 47 117
51 49 88
51 50 121
52 0 123
52 2 124
52 3 48
52 4 154
52 5 92
52 6 136
52 7 37
52 9 51
52 11 134
52 12 61
52 13 4
52 15 136
52 16 100
52 17 107
52 18 71
52 19 112
52 20 84
52 21 74
52 22 108
52 23 49
52 26 143
52 27 96
52 28 55
52 30 26
52 32 69
52 36 8
52 37 135
52 38 82
52 42 102
52 43 45
52 44 128
52 45 39
52 48 51
52 49 109
52 50 159
52 51 25
53 0 91
53 1 31
53 2 85
53 5 121
53 6 19
53 7 110
53 8 56
53 9 150
53 10 19
53 11 62
53 12 86
53 16 102
53 19 52
53 22 130
53 23 103
53 24 122
53 25 85
53 27 59
53 29 112
53 30 86
53 31 51
53 32 127
53 33 71
53 37 58
53 40 36
53 41 48
53 42 139
53 44 153
53 45 132
53 47 43
53 48 28
53 49 62
53 50 68
53 51 116
54 0 92
54 1 60
54 2 12
54 3 107
54 4 78
54 5 21
54 6 70
54 7 82
54 8 63
54 9 36
54 11 60
54 12 158
54 13 160
54 14 84
54 15 83
54 16 139
54 17 101
54 18 34
54 19 17
54 20 31
54 21 151
54 22 135
54 23 13
54 24 155
54 25 18
54 26 76
54 27 42
54 28 134
54 29 51
54 30 7
54 32 53
54 36 133
54 38 51
54 40 114
54 41 66
54 42 35
54 43 61
54 44 157
54 45 12
54 46 51
54 47 7
54 48 42
54 52 50
54 53 138
55 1 145
55 2 78
55 4 77
55 5 143
55 6 82
55 7 111
55 8 35
55 9 55
55 10 147
55 11 114
55 12 134
55 14 138
55 15 78
55 16 144
55 18 61
55 19 108
55 21 134
55 22 70
55 23 84
55 24 126
55 25 83
55 26 92
55 28 130
55 29 16
55 30 33
55 32 143
55 35 100
55 36 101
55 37 46
55 38 4
55 39 118
55 40 56
55 41 28
55 42 2
55 43 89
55 44 83
55 48 32
55 51 33
55 52 12
55 54 58
56 0 29
56 1 96
56 2 122
56 3 44
56 5 34
56 9 141
56 10 147
56 11 129
56 12 106
56 14 78
56 15 74
56 16 12
56 17 82
56 18 90
56 20 148
56 22 30
56 23 143
56 24 62
56 26 65
56 27 112
56 28 51
56 29 17
56 31 52
56 32 99
56 33 149
56 34 104
56 36 111
56 40 144
56 41 107
56 42 32
56 46 137
56 47 77
56 48 12
56 49 148
56 50 99
56 53 17
56 54 156
56 55 63
57 0 152
57 1 126
57 2 145
57 3 47
57 7 81
57 8 115
57 12 108
57 14 103
57 15 38
57 16 51
57 17 127
57 19 7
57 20 39
57 21 138
57 22 70
57 23 24
57 25 19
57 29 158
57 30 85
57 31 49
57 32 93
57 33 66
57 35 69
57 36 24
57 37 36
57 38 63
57 39 156
57 40 158
57 41 62
57 42 132
57 45 94
57 46 112
57 49 139
57 50 160
57 51 21
57 52 95
57 53 82
57 55 130
57 56 112
58 0 96
58 1 77
58 2 133
58 4 68
58 7 7
58 9 138
58 10 135
58 11 2
58 12 98
58 13 102
58 15 131
58 17 24
58 19 108
58 21 20
58 23 71
58 24 10
58 25 48
58 27 146
58 31 37
58 32 152
58 38 5
58 40 65
58 41 87
58 42 24
58 43 23
58 44 157
58 46 65
58 48 118
58 49 10
58 50 5
58 51 21
58 52 69
58 54 66
58 55 137
58 56 128
58 57 103
59 0 76
59 1 104
59 2 140
59 5 88
59 7 115
59 8 75
59 9 7
59 10 41
59 12 35
59 14 114
59 15 124
59 19 9
59 20 36
59 23 17
59 24 104
59 25 137
59 26 4
59 27 136
59 28 111
59 29 112
59 30 148
59 31 68
59 32 17
59 33 52
59 34 87
59 35 110
59 36 19
59 37 70
59 38 56
59 40 74
59 41 113
59 43 30
59 44 1
59 46 154
59 47 115
59 49 152
59 52 114
59 54 73
59 55 59
59 58 127
60 0 149
60 2 86
60 3 41
60 4 46
60 7 128
60 12 109
60 13 76
60 14 52
60 15 3
60 16 89
60 17 107
60 18 120
60 19 30
60 20 95
60 21 116
60 23 12
60 24 94
60 25 41
60 26 95
60 27 144
60 28 22
60 29 81
60 31 105
60 32 39
60 33 94
60 34 13
60 37 59
60 38 61
60 39 54
60 40 87
60 43 132
60 44 28
60 47 104
60 48 47
60 52 93
60 54 85
60 55 143
60 56 76
60 57 4
60 58 29
61 0 27
61 1 85
61 3 97
61 4 135
61 6 14
61 8 57
61 9 40
61 10 104
61 14 130
61 15 72
61 16 30
61 21 5
61 22 81
61 23 112
61 26 71
61 27 50
61 31 112
61 32 107
61 33 74
61 34 117
61 35 52
61 38 111
61 44 144
61 45 59
61 46 67
61 47 130
61 48 84
61 49 92
61 50 149
61 54 9
61 55 61
61 56 149
61 58 117
61 59 111
61 60 60
62 0 15
62 1 7
62 2 117
62 3 77
62 4 33
62 5 112
62 6 138
62 7 152
62 9 143
62 11 121
62 12 139
62 14 28
62 15 70
62 16 112
62 17 125
62 19 147
62 20 90
62 21 147
62 23 24
62 24 57
62 25 15
62 26 130
62 27 107
62 29 93
62 30 100
62 32 51
62 34 137
62 36 57
62 37 67
62 38 154
62 39 85
62 40 115
62 44 123
62 46 29
62 51 138
62 52 155
62 53 119
62 55 26
62 57 98
62 59 50
63 1 12
63 2 43
63 3 129
63 5 51
63 6 149
63 7 123
63 8 147
63 9 99
63 10 112
63 12 25
63 14 119
63 15 31
63 18 57
63 19 87
63 21 138
63 22 108
63 23 142
63 25 68
63 27 43
63 28 45
63 29 84
63 32 73
63 33 160
63 34 151
63 35 28
63 37 126
63 38 8
63 39 54
63 40 135
63 41 100
63 44 135
63 45 140
63 46 94
63 48 15
63 49 50
63 51 44
63 53 43
63 54 25
63 55 83
63 56 90
63 57 160
63 59 1
64 0 78
64 1 135
64 2 60
64 5 125
64 6 11
64 9 139
64 11 82
64 12 145
64 13 49
64 14 155
64 17 104
64 19 157
64 20 62
64 21 8
64 22 52
64 24 141
64 25 1
64 26 23
64 27 150
64 28 12
64 29 4
64 30 157
64 31 76
64 32 38
64 33 145
64 34 21
64 36 30
64 37 47
64 39 19
64 41 160
64 42 159
64 43 71
64 44 24
64 45 139
64 46 77
64 50 100
64 54 159
64 55 65
64 56 14
64 57 28
64 59 110
64 60 153
64 61 55
64 62 36
64 63 42
65 0 34
65 1 69
65 2 87
65 3 21
65 4 152
65 7 128
65 10 6
65 11 131
65 12 136
65 14 113
65 15 55
65 16 124
65 17 16
65 18 127
65 19 95
65 20 33
65 21 116
65 23 42
65 24 84
65 25 58
65 26 141
65 28 139
65 30 24
65 31 3
65 34 27
65 36 35
65 37 80
65 38 136
65 40 5
65 41 31
65 42 58
65 43 99
65 44 91
65 47 115
65 48 92
65 49 124
65 50 125
65 51 16
65 52 49
65 53 146
65 55 132
65 56 100
65 57 50
65 59 148
65 61 53
65 63 133
66 0 23
66 1 8
66 2 69
66 3 17
66 4 135
66 5 2
66 6 132
66 8 60
66 9 143
66 10 104
66 11 93
66 12 147
66 13 152
66 14 75
66 15 158
66 17 2
66 18 96
66 19 139
66 20 103
66 22 104
66 24 121
66 28 142
66 29 59
66 30 82
66 33 116
66 34 129
66 37 86
66 38 106
66 39 58
66 40 67
66 42 25
66 43 152
66 44 87
66 45 124
66 46 30
66 47 69
66 48 36
66 49 26
66 50 85
66 51 133
66 52 92
66 53 67
66 57 14
66 58 40
66 60 126
66 61 25
66 62 107
66 63 68
66 64 160
66 65 27
67 0 79
67 2 110
67 4 23
67 8 91
67 9 98
67 11 101
67 12 41
67 14 86
67 16 33
67 17 3
67 18 93
67 20 104
67 21 54
67 22 151
67 24 23
67 25 1
67 29 79
67 32 69
67 34 98
67 35 12
67 36 60
67 38 8
67 39 32
67 41 146
67 42 101
67 43 143
67 44 110
67 45 36
67 46 48
67 49 103
67 50 62
67 51 103
67 53 75
67 54 85
67 55 143
67 56 100
67 57 21
67 58 77
67 59 137
67 62 120
67 63 23
67 64 112
67 65 99
67 66 132
68 0 47
68 2 148
68 3 2
68 6 64
68 7 10
68 8 70
68 11 33
68 12 38
68 13 106
68 16 83
68 17 84
68 19 69
68 20 128
68 22 129
68 23 148
68 24 111
68 25 19
68 26 122
68 27 153
68 28 71
68 31 40
68 33 129
68 34 94
68 36 81
68 37 89
68 38 149
68 39 72
68 40 22
68 42 30
68 43 34
68 44 150
68 46 36
68 48 54
68 49 82
68 51 61
68 52 127
68 53 65
68 55 85
68 57 59
68 58 51
68 59 10
68 61 158
68 63 99
68 64 50
68 65 70
68 66 43
68 67 11
69 0 116
69 1 147
69 2 110
69 4 132
69 5 15
69 6 110
69 7 70
69 8 144
69 11 4
69 12 50
69 14 99
69 16 132
69 18 124
69 19 150
69 20 83
69 22 42
69 26 138
69 29 12
69 30 26
69 32 160
69 33 15
69 34 67
69 35 119
69 36 146
69 38 97
69 39 40
69 40 114
69 42 55
69 43 145
69 45 41
69 46 40
69 48 159
69 49 64
69 51 157
69 52 21
69 54 132
69 55 122
69 57 32
69 58 97
69 59 44
69 61 36
69 62 80
69 63 131
69 64 153
69 65 91
69 66 48
69 67 15
69 68 34
