40
2 0 143
3 1 115
4 0 131
4 2 133
5 1 118
5 3 136
5 4 73
6 0 94
6 3 101
6 4 121
7 0 35
7 1 139
7 2 10
7 3 64
7 6 52
8 1 110
8 3 123
8 7 38
9 3 128
9 5 106
9 7 100
9 8 56
10 0 85
10 3 15
10 5 42
10 6 47
10 8 105
10 9 119
11 1 155
11 2 55
11 4 100
11 8 76
11 10 44
12 2 114
12 3 154
12 4 58
12 5 113
12 6 37
12 8 54
12 9 58
12 10 108
12 11 2
13 1 35
13 2 77
13 3 27
13 4 73
13 5 6
13 9 57
13 12 84
14 2 121
14 3 123
14 4 32
14 6 132
14 7 112
14 8 3
14 9 13
14 10 70
14 11 102
14 12 133
15 0 5
15 1 92
15 4 77
15 9 77
15 10 115
15 13 6
15 14 70
16 2 72
16 3 77
16 4 146
16 5 28
16 6 130
16 8 68
16 9 32
16 10 104
16 14 55
17 0 154
17 1 70
17 4 90
17 5 86
17 6 112
17 8 11
17 9 109
17 10 130
17 12 64
17 14 89
18 2 25
18 3 124
18 5 2
18 7 143
18 9 83
18 10 6
18 11 66
18 13 54
18 14 37
18 17 84
19 0 86
19 1 132
19 4 154
19 9 76
19 10 121
19 18 142
20 2 94
20 3 118
20 5 109
20 9 121
20 11 144
20 12 52
20 13 59
20 14 155
20 15 4
20 17 30
20 18 3
20 19 12
21 0 83
21 3 74
21 6 160
21 9 62
21 10 72
21 13 40
21 14 157
21 17 30
22 0 21
22 1 68
22 3 124
22 5 90
22 8 89
22 10 84
22 12 37
22 13 117
22 14 124
22 15 87
22 16 63
22 17 32
22 18 113
22 19 82
22 20 67
22 21 63
23 1 158
23 3 73
23 6 35
23 8 150
23 9 66
23 10 90
23 11 159
23 12 75
23 13 36
23 14 110
23 16 132
23 17 92
23 18 131
23 19 150
23 20 135
23 21 94
23 22 160
24 1 154
24 2 120
24 4 26
24 5 91
24 6 146
24 7 74
24 9 60
24 10 122
24 11 73
24 14 160
24 15 98
24 16 55
24 18 109
24 20 60
24 21 62
24 22 49
25 4 99
25 6 29
25 7 51
25 9 150
25 10 50
25 11 36
25 12 13
25 13 75
25 14 75
25 15 138
25 16 107
25 21 47
25 22 69
25 23 42
26 0 159
26 1 26
26 2 127
26 3 54
26 4 115
26 5 87
26 7 69
26 9 65
26 10 42
26 11 143
26 13 34
26 15 54
26 16 58
26 18 63
26 19 129
26 20 55
26 21 39
26 22 87
26 23 159
26 24 105
26 25 146
27 0 158
27 1 24
27 2 88
27 3 77
27 4 20
27 8 137
27 10 78
27 13 120
27 14 5
27 16 94
27 17 121
27 19 143
27 20 39
27 21 145
27 23 95
27 24 44
27 25 79
27 26 111
28 0 24
28 1 68
28 2 42
28 5 31
28 6 149
28 8 133
28 9 65
28 11 28
28 13 137
28 21 148
28 23 153
28 26 104
29 0 56
29 1 97
29 2 88
29 3 64
29 4 25
29 7 117
29 8 108
29 9 91
29 11 85
29 12 141
29 13 65
29 16 29
29 17 82
29 18 50
29 19 84
29 21 53
29 23 48
29 24 132
29 25 19
29 26 29
29 27 101
29 28 111
30 1 52
30 2 16
30 3 43
30 4 37
30 6 141
30 7 46
30 8 123
30 11 142
30 12 138
30 13 100
30 15 135
30 17 73
30 19 45
30 20 88
30 21 40
30 22 159
30 23 63
30 24 14
30 25 91
30 28 125
31 3 82
31 4 18
31 5 19
31 7 68
31 9 34
31 10 19
31 12 72
31 13 10
31 14 100
31 15 7
31 17 141
31 20 85
31 21 2
31 22 136
31 23 134
31 25 139
31 27 133
31 28 40
31 29 61
32 1 81
32 2 45
32 3 56
32 5 14
32 7 9
32 9 158
32 10 150
32 13 3
32 14 152
32 15 47
32 18 146
32 19 66
32 20 83
32 21 139
32 24 2
32 25 87
32 27 5
32 29 122
33 0 2
33 1 125
33 3 116
33 4 25
33 7 55
33 9 67
33 10 35
33 12 95
33 13 96
33 14 32
33 17 89
33 18 8
33 19 131
33 20 80
33 21 93
33 23 124
33 25 155
33 26 106
33 27 99
33 28 61
33 30 122
33 31 41
33 32 47
34 3 159
34 6 44
34 8 3
34 9 31
34 10 58
34 13 43
34 14 117
34 17 103
34 18 130
34 20 98
34 24 24
34 25 19
34 26 114
34 28 18
34 29 80
34 30 73
34 31 11
35 2 148
35 3 2
35 9 39
35 10 35
35 13 159
35 16 117
35 17 4
35 18 141
35 19 59
35 21 23
35 22 38
35 23 21
35 24 82
35 25 3
35 27 85
35 28 91
35 29 34
35 32 47
35 33 14
36 1 13
36 2 95
36 3 131
36 4 44
36 6 113
36 7 38
36 8 29
36 10 160
36 11 32
36 12 44
36 15 99
36 16 29
36 17 13
36 19 114
36 21 133
36 24 33
36 25 7
36 26 104
36 33 68
36 34 141
36 35 45
37 1 46
37 3 121
37 5 121
37 6 76
37 7 30
37 8 135
37 11 38
37 12 30
37 13 10
37 16 79
37 17 74
37 18 56
37 19 52
37 20 53
37 22 124
37 23 20
37 24 68
37 26 99
37 27 151
37 28 134
37 32 47
37 34 13
37 36 127
38 1 44
38 2 112
38 4 134
38 5 149
38 6 67
38 9 91
38 10 55
38 12 139
38 13 107
38 14 79
38 16 26
38 17 77
38 18 3
38 19 114
38 22 127
38 23 23
38 26 21
38 27 142
38 29 113
38 30 71
38 32 105
38 33 37
38 36 72
39 0 48
39 1 4
39 3 142
39 5 42
39 6 92
39 7 146
39 11 62
39 12 139
39 13 153
39 14 102
39 17 94
39 18 34
39 19 46
39 21 91
39 22 54
39 23 53
39 25 81
39 26 136
39 27 39
39 29 147
39 31 153
39 34 26
39 36 160
39 38 90
