70
4 2 31
4 3 10
6 2 39
6 3 21
7 2 35
7 3 26
7 4 20
7 6 19
8 1 4
8 7 32
10 4 19
11 0 25
11 6 16
12 1 39
12 9 15
13 4 22
13 5 26
13 11 21
14 3 10
14 9 17
14 10 38
16 1 3
16 2 32
16 6 13
16 7 29
16 11 27
16 14 31
17 12 10
17 15 22
18 5 12
18 8 34
18 14 19
19 0 29
19 5 10
19 6 31
19 9 4
19 11 39
20 3 14
20 10 23
20 15 10
21 9 3
21 13 36
22 10 2
22 11 19
22 13 39
22 14 27
22 20 20
23 20 8
23 21 16
24 1 1
24 20 39
25 0 22
25 7 31
25 13 30
25 20 21
25 22 6
25 23 28
26 4 17
26 8 13
26 11 21
26 15 37
26 16 22
27 1 4
27 8 12
27 13 11
27 17 13
28 5 20
28 6 13
28 11 33
28 12 1
28 19 14
28 21 29
28 23 7
28 25 19
29 9 6
29 19 11
29 21 8
30 0 30
30 2 4
30 16 29
30 21 8
30 23 3
30 26 22
30 27 11
31 3 23
31 5 19
31 10 17
31 16 15
31 22 17
32 0 13
32 7 6
32 12 33
32 22 26
32 27 35
32 29 20
33 7 29
33 11 1
33 12 1
33 26 27
33 28 23
34 4 40
34 6 36
34 8 23
34 15 7
34 21 32
34 27 20
34 30 19
35 2 20
35 5 34
35 7 16
35 27 18
35 28 40
36 3 29
36 4 8
36 8 13
36 9 5
36 10 31
36 16 27
36 17 13
36 18 28
36 21 33
36 23 11
36 31 27
37 8 2
37 9 25
37 17 28
37 18 36
37 21 32
37 23 20
37 26 33
37 27 6
38 0 5
38 7 39
38 22 2
38 25 13
38 29 18
38 35 37
38 36 7
39 7 36
39 8 16
39 11 28
39 22 1
39 24 37
39 34 6
39 37 37
40 0 36
40 4 11
40 5 18
40 9 31
40 15 30
40 19 20
40 21 3
40 36 6
40 37 37
41 0 15
41 1 32
41 12 18
41 13 9
41 14 28
41 17 10
41 19 36
41 22 18
41 28 12
41 30 23
41 33 29
41 36 30
41 39 13
42 3 2
42 15 21
42 23 4
42 26 15
42 28 22
42 31 26
42 33 30
42 34 21
42 37 27
42 39 40
42 40 17
43 1 27
43 3 34
43 8 5
43 9 31
43 13 21
43 19 8
43 23 16
43 27 31
43 35 27
43 42 33
44 12 16
44 15 17
44 16 14
44 19 23
44 20 22
44 21 26
44 25 3
44 33 35
44 34 9
44 38 29
45 7 39
45 9 10
45 17 25
45 20 37
45 27 36
45 30 9
45 36 11
45 40 29
45 43 8
45 44 14
46 2 3
46 14 2
46 16 25
46 22 29
46 23 35
46 27 28
46 35 36
46 39 32
46 43 6
47 5 27
47 14 36
47 16 36
47 17 3
47 20 34
47 21 7
47 22 29
47 26 13
47 29 38
47 30 19
47 33 3
47 36 7
47 38 32
48 0 13
48 1 39
48 10 1
48 17 19
48 20 38
48 21 5
48 27 33
48 28 36
48 32 28
48 39 37
48 42 13
48 47 11
49 0 20
49 5 12
49 11 12
49 20 6
49 22 12
49 29 36
49 32 21
49 37 13
50 2 10
50 17 30
50 21 10
50 29 38
50 35 33
50 43 1
50 45 8
51 4 6
51 10 36
51 14 5
51 15 4
51 16 25
51 20 37
51 21 23
52 9 16
52 13 13
52 19 23
52 28 29
52 41 23
52 42 16
52 48 13
52 51 7
53 12 28
53 20 27
53 23 38
53 26 30
53 36 19
53 38 1
53 44 16
53 47 2
53 49 6
54 5 11
54 11 40
54 15 17
54 18 7
54 19 21
54 22 17
54 24 19
54 26 14
54 36 40
54 38 22
54 41 16
54 46 16
54 47 33
54 48 23
54 52 38
55 0 7
55 5 13
55 7 5
55 15 16
55 18 16
55 28 25
55 37 32
55 46 31
55 48 33
55 50 8
56 4 3
56 15 23
56 19 11
56 22 14
56 31 21
56 32 22
56 40 34
56 46 29
56 48 25
57 2 20
57 3 33
57 17 9
57 18 19
57 19 39
57 21 31
57 23 3
57 28 3
57 35 32
57 42 28
57 44 26
57 47 6
57 51 32
57 53 16
58 5 31
58 12 40
58 16 9
58 19 24
58 23 14
58 38 26
58 50 27
58 51 15
58 57 15
59 1 12
59 6 1
59 11 18
59 12 26
59 21 5
59 24 20
59 27 10
59 28 4
59 50 13
59 58 39
60 4 24
60 6 2
60 16 1
60 19 6
60 29 7
60 42 9
60 55 22
60 58 27
61 0 4
61 4 35
61 8 29
61 9 27
61 17 22
61 20 4
61 21 39
61 27 38
61 33 14
61 41 1
61 42 33
61 44 22
61 54 20
61 60 27
62 2 31
62 8 14
62 9 39
62 10 32
62 17 32
62 21 18
62 22 24
62 24 18
62 26 10
62 29 10
62 45 23
62 54 7
62 60 14
63 11 10
63 15 10
63 24 24
63 31 2
63 33 24
63 34 10
63 35 38
63 43 35
63 50 16
64 7 1
64 9 30
64 17 37
64 18 32
64 20 29
64 29 19
64 36 23
64 45 18
64 56 38
65 4 34
65 8 10
65 14 6
65 18 37
65 22 11
65 27 8
65 28 38
65 30 29
65 35 7
65 36 27
65 40 32
65 43 4
65 44 6
65 46 28
65 47 6
65 54 25
65 58 28
66 3 8
66 6 16
66 15 16
66 17 23
66 20 38
66 22 34
66 25 12
66 38 13
66 44 15
66 48 9
66 56 31
67 16 9
67 17 20
67 21 9
67 24 21
67 25 30
67 34 18
67 39 30
67 49 35
67 50 29
67 55 28
67 56 17
67 58 35
67 60 29
67 61 14
68 9 30
68 11 18
68 18 36
68 19 20
68 23 28
68 24 38
68 29 32
68 32 10
68 35 19
68 45 40
68 46 32
68 48 15
68 51 25
68 57 6
68 59 21
68 62 19
68 65 18
68 67 29
69 3 38
69 6 28
69 14 29
69 19 21
69 21 2
69 24 1
69 26 40
69 27 26
69 28 21
69 29 39
69 32 17
69 34 16
69 39 29
69 48 4
69 49 31
69 55 25
69 58 19
69 62 2
