70
1 0 12
2 0 14
3 0 19
3 1 15
4 1 14
4 2 16
4 3 4
5 1 20
5 2 15
5 3 14
6 1 16
6 2 18
6 3 20
6 4 10
6 5 10
7 0 4
7 1 15
7 2 7
7 4 19
7 5 8
8 0 20
8 1 7
8 3 16
8 4 6
8 5 4
8 7 14
9 0 2
9 1 6
9 2 3
9 3 5
9 4 14
9 5 14
9 7 4
9 8 10
10 0 5
10 3 20
10 4 10
10 5 16
10 8 20
11 1 1
11 3 3
11 6 1
11 7 1
11 8 17
11 9 16
11 10 1
12 0 6
12 1 13
12 4 10
12 5 11
12 6 7
12 7 8
12 8 16
12 9 10
12 11 15
13 0 9
13 1 8
13 2 16
13 4 7
13 5 9
13 7 14
13 8 5
13 10 10
13 11 11
13 12 11
14 0 20
14 1 10
14 2 8
14 3 19
14 4 12
14 5 6
14 7 20
14 8 4
14 11 17
14 12 3
15 3 11
15 5 13
15 6 10
15 7 2
15 10 5
15 11 8
15 12 5
15 13 6
15 14 11
16 0 13
16 1 4
16 2 3
16 3 11
16 4 12
16 5 10
16 6 17
16 7 11
16 8 3
16 9 4
16 10 14
16 11 8
16 13 10
16 15 11
17 0 14
17 1 3
17 2 2
17 3 1
17 4 14
17 5 19
17 6 7
17 7 15
17 8 7
17 9 19
17 10 5
17 11 2
17 12 8
17 13 7
17 14 18
17 15 19
17 16 1
18 1 16
18 6 1
18 7 10
18 9 13
18 12 13
18 15 1
18 17 18
19 0 12
19 2 17
19 4 17
19 5 13
19 6 3
19 7 18
19 8 18
19 10 20
19 11 9
19 15 18
19 16 3
19 18 7
20 2 14
20 3 11
20 6 16
20 7 20
20 8 7
20 10 20
20 11 1
20 12 19
20 13 10
20 15 7
20 16 4
20 17 9
20 18 9
20 19 3
21 1 20
21 2 16
21 3 10
21 5 7
21 6 3
21 7 10
21 8 14
21 10 17
21 11 18
21 15 2
21 16 7
21 18 14
21 19 11
21 20 16
22 0 19
22 4 8
22 5 17
22 6 12
22 7 17
22 8 19
22 9 18
22 10 2
22 14 13
22 16 8
22 17 12
22 19 14
22 20 9
22 21 4
23 0 8
23 1 16
23 2 11
23 3 14
23 4 20
23 6 10
23 7 13
23 8 13
23 9 17
23 10 1
23 11 18
23 12 3
23 14 10
23 15 4
23 16 18
23 19 19
23 20 11
23 21 5
23 22 18
24 0 1
24 2 18
24 3 5
24 5 19
24 6 8
24 7 4
24 8 8
24 9 17
24 13 2
24 15 14
24 17 9
24 18 11
24 19 6
24 23 9
25 0 8
25 2 19
25 3 10
25 4 8
25 5 18
25 6 7
25 7 10
25 9 10
25 10 18
25 11 15
25 13 12
25 14 10
25 15 16
25 17 2
25 18 3
25 19 15
25 20 4
25 21 17
25 22 8
25 23 9
25 24 5
26 1 19
26 2 4
26 4 13
26 5 17
26 7 11
26 10 17
26 11 12
26 12 15
26 14 7
26 17 11
26 18 3
26 19 12
26 22 18
26 23 9
26 24 1
26 25 1
27 0 15
27 1 15
27 2 3
27 5 8
27 6 14
27 7 9
27 8 11
27 12 11
27 13 5
27 17 3
27 19 5
27 21 1
27 23 3
27 24 17
27 26 2
28 0 3
28 1 9
28 2 19
28 5 11
28 10 12
28 12 2
28 13 2
28 14 6
28 16 3
28 17 14
28 18 19
28 20 3
28 21 5
28 23 16
28 24 3
28 25 2
29 1 13
29 2 13
29 4 7
29 5 13
29 7 16
29 11 17
29 12 19
29 13 7
29 15 9
29 16 4
29 17 4
29 18 17
29 19 14
29 20 11
29 22 20
29 23 16
29 25 9
29 26 11
30 0 11
30 1 16
30 2 6
30 4 10
30 5 19
30 6 19
30 7 11
30 9 17
30 10 11
30 11 5
30 12 7
30 13 15
30 14 3
30 15 17
30 16 6
30 17 14
30 18 13
30 19 12
30 20 14
30 23 19
30 24 8
30 25 14
30 26 7
30 27 7
30 28 6
30 29 17
31 1 8
31 4 15
31 5 1
31 7 13
31 8 9
31 9 5
31 10 12
31 11 1
31 12 14
31 13 8
31 14 2
31 16 15
31 17 19
31 19 14
31 21 17
31 22 17
31 24 12
31 25 19
31 26 20
31 27 15
31 29 13
31 30 8
32 1 16
32 2 4
32 3 1
32 4 7
32 5 14
32 11 13
32 12 12
32 13 9
32 14 3
32 15 9
32 16 3
32 17 7
32 18 6
32 20 5
32 21 10
32 22 10
32 25 2
32 26 2
32 31 6
33 0 9
33 1 7
33 2 10
33 7 1
33 8 6
33 10 9
33 11 18
33 13 3
33 14 18
33 15 2
33 16 10
33 17 19
33 19 12
33 20 16
33 21 12
33 22 10
33 23 19
33 24 14
33 25 10
33 26 15
33 28 20
33 29 6
33 30 7
33 32 6
34 0 7
34 1 8
34 2 6
34 3 6
34 4 8
34 5 20
34 6 8
34 7 20
34 10 20
34 11 13
34 13 12
34 14 8
34 16 4
34 17 11
34 18 14
34 20 5
34 21 3
34 22 16
34 23 12
34 27 7
34 28 1
34 29 7
34 33 20
35 0 4
35 2 16
35 3 4
35 4 2
35 5 3
35 7 2
35 8 2
35 9 13
35 10 18
35 11 4
35 12 5
35 13 4
35 14 6
35 15 11
35 16 11
35 17 7
35 20 14
35 23 5
35 24 20
35 25 14
35 26 15
35 29 20
35 30 9
35 31 4
35 32 6
35 33 14
35 34 17
36 1 18
36 2 3
36 3 18
36 6 20
36 7 6
36 10 14
36 11 2
36 12 1
36 13 10
36 14 13
36 15 5
36 16 8
36 18 18
36 19 18
36 21 1
36 23 15
36 24 8
36 25 7
36 26 6
36 28 20
36 29 6
36 30 7
36 32 9
36 33 14
36 34 17
36 35 1
37 0 10
37 1 2
37 2 6
37 3 2
37 4 16
37 5 16
37 7 3
37 8 3
37 9 2
37 11 8
37 12 3
37 13 2
37 16 6
37 17 20
37 18 3
37 19 12
37 21 10
37 22 4
37 23 4
37 25 9
37 26 20
37 27 9
37 28 11
37 29 18
37 30 16
37 31 18
37 33 9
37 35 20
37 36 14
38 0 17
38 1 11
38 2 5
38 4 7
38 5 17
38 7 20
38 9 6
38 10 16
38 12 16
38 13 1
38 14 2
38 15 3
38 16 16
38 17 19
38 18 18
38 19 17
38 20 1
38 21 13
38 22 9
38 27 4
38 29 18
38 30 11
38 31 2
38 32 1
38 35 9
38 36 17
39 0 10
39 1 9
39 2 10
39 3 8
39 5 5
39 6 6
39 8 4
39 9 4
39 11 17
39 14 9
39 15 2
39 16 4
39 17 13
39 20 9
39 21 15
39 23 6
39 24 14
39 25 16
39 26 5
39 29 10
39 30 6
39 31 5
39 32 2
39 33 1
39 34 5
39 35 12
39 38 6
40 0 10
40 5 18
40 6 11
40 7 4
40 8 7
40 11 11
40 12 12
40 14 1
40 16 19
40 18 14
40 19 17
40 21 15
40 24 14
40 25 18
40 26 2
40 27 6
40 28 17
40 30 1
40 31 9
40 32 6
40 33 17
40 34 10
40 35 14
40 36 17
40 39 16
41 0 9
41 2 13
41 4 11
41 6 16
41 7 20
41 9 2
41 10 18
41 13 18
41 14 13
41 15 13
41 16 11
41 17 2
41 18 17
41 19 5
41 20 16
41 22 10
41 25 2
41 26 6
41 27 15
41 28 16
41 29 5
41 31 5
41 32 17
41 33 18
41 35 14
41 36 11
41 37 1
41 38 9
41 39 17
42 0 18
42 4 12
42 5 8
42 6 19
42 7 19
42 10 15
42 11 8
42 12 7
42 13 20
42 14 19
42 15 20
42 16 16
42 18 8
42 19 10
42 20 3
42 21 15
42 22 12
42 23 11
42 24 2
42 25 12
42 26 19
42 27 10
42 28 1
42 29 15
42 30 19
42 31 8
42 32 13
42 34 3
42 35 20
42 36 17
42 37 14
42 38 13
42 40 9
43 3 6
43 4 6
43 5 12
43 7 10
43 9 15
43 10 7
43 11 8
43 12 7
43 13 5
43 14 9
43 15 7
43 16 8
43 17 14
43 18 13
43 21 7
43 22 17
43 24 12
43 26 14
43 29 5
43 30 2
43 31 15
43 32 4
43 34 3
43 36 20
43 37 4
43 39 16
43 40 19
43 41 5
43 42 19
44 0 9
44 1 3
44 3 9
44 4 17
44 6 2
44 7 16
44 10 12
44 11 19
44 15 12
44 19 14
44 22 9
44 23 7
44 24 7
44 25 20
44 26 6
44 27 10
44 28 11
44 30 16
44 31 1
44 33 9
44 35 16
44 38 12
44 41 14
44 42 13
44 43 17
45 0 8
45 1 8
45 2 5
45 4 19
45 5 1
45 8 17
45 9 19
45 10 2
45 11 3
45 12 1
45 14 7
45 16 14
45 17 2
45 18 16
45 20 8
45 22 10
45 23 15
45 27 19
45 28 2
45 29 10
45 30 18
45 31 12
45 32 10
45 33 3
45 34 14
45 35 17
45 36 2
45 37 3
45 38 17
45 39 4
45 41 8
45 42 7
46 0 9
46 1 3
46 2 4
46 3 9
46 7 7
46 8 15
46 9 8
46 10 8
46 11 19
46 12 19
46 13 11
46 16 20
46 18 20
46 19 17
46 20 7
46 21 16
46 22 14
46 23 3
46 24 19
46 28 14
46 30 16
46 31 5
46 33 13
46 34 13
46 36 11
46 37 2
46 39 1
46 40 5
46 41 10
46 43 1
46 44 10
46 45 6
47 0 13
47 1 3
47 2 13
47 4 11
47 5 14
47 6 17
47 7 17
47 8 19
47 10 8
47 11 20
47 12 20
47 15 7
47 16 9
47 19 12
47 21 14
47 22 5
47 23 7
47 25 12
47 26 18
47 27 1
47 29 8
47 30 3
47 31 14
47 32 16
47 34 20
47 35 10
47 36 3
47 37 17
47 38 1
47 40 15
47 41 18
47 43 6
47 45 14
47 46 14
48 0 17
48 1 18
48 2 5
48 4 8
48 5 18
48 6 12
48 7 17
48 8 16
48 9 15
48 14 14
48 15 4
48 16 20
48 17 5
48 18 15
48 20 6
48 21 16
48 22 13
48 24 10
48 25 5
48 27 14
48 28 5
48 29 16
48 31 15
48 32 17
48 33 16
48 34 14
48 35 17
48 36 2
48 39 12
48 42 3
48 43 18
48 44 20
48 45 12
49 0 9
49 2 8
49 3 16
49 4 1
49 5 13
49 7 7
49 8 13
49 10 9
49 11 14
49 12 1
49 13 20
49 16 14
49 17 19
49 18 14
49 19 4
49 23 14
49 24 11
49 25 3
49 28 5
49 29 6
49 32 19
49 33 15
49 34 8
49 35 10
49 36 4
49 37 6
49 38 3
49 40 1
49 41 19
49 42 5
49 48 17
50 2 20
50 3 11
50 4 17
50 5 11
50 6 1
50 8 1
50 11 20
50 12 3
50 14 14
50 16 3
50 18 1
50 19 6
50 21 17
50 22 3
50 23 16
50 24 9
50 25 3
50 26 13
50 27 4
50 28 6
50 29 4
50 30 5
50 31 4
50 34 1
50 35 18
50 37 8
50 38 9
50 39 3
50 40 9
50 42 11
50 43 8
50 44 9
50 45 3
50 46 20
50 49 6
51 0 1
51 1 19
51 2 18
51 4 6
51 5 4
51 7 18
51 8 8
51 9 19
51 10 13
51 12 5
51 13 3
51 14 5
51 15 20
51 16 3
51 18 20
51 20 18
51 21 17
51 22 4
51 23 10
51 24 17
51 26 19
51 28 8
51 29 10
51 31 6
51 32 14
51 35 4
51 37 17
51 38 19
51 39 20
51 43 7
51 45 9
51 46 12
51 47 5
51 48 16
51 49 15
52 1 1
52 3 13
52 4 17
52 6 7
52 8 12
52 9 16
52 10 10
52 13 11
52 15 1
52 17 3
52 18 12
52 19 4
52 21 9
52 23 10
52 24 7
52 25 19
52 26 2
52 27 8
52 28 14
52 29 7
52 30 1
52 31 19
52 33 16
52 34 17
52 35 20
52 36 16
52 37 2
52 38 2
52 39 16
52 40 6
52 41 13
52 43 13
52 45 6
52 48 1
52 49 19
52 50 9
52 51 16
53 2 8
53 3 17
53 8 2
53 9 17
53 10 19
53 12 12
53 14 5
53 15 4
53 18 13
53 20 14
53 21 5
53 22 8
53 23 3
53 25 6
53 26 10
53 27 6
53 28 7
53 29 4
53 30 3
53 32 6
53 34 11
53 35 17
53 37 8
53 38 1
53 39 20
53 42 13
53 43 2
53 44 2
53 46 1
53 48 3
53 49 7
53 50 11
53 51 14
54 0 9
54 1 18
54 3 8
54 4 11
54 5 17
54 6 11
54 7 6
54 9 6
54 11 18
54 12 5
54 13 7
54 14 7
54 15 17
54 16 17
54 17 17
54 18 10
54 19 3
54 20 2
54 21 17
54 22 7
54 24 1
54 26 7
54 27 8
54 28 20
54 30 12
54 31 6
54 32 16
54 33 4
54 34 9
54 35 20
54 36 5
54 37 16
54 38 4
54 39 2
54 40 9
54 41 17
54 43 13
54 44 7
54 45 5
54 48 19
54 49 11
54 50 2
54 51 19
54 52 19
54 53 1
55 0 10
55 2 17
55 3 1
55 4 10
55 5 12
55 7 15
55 8 2
55 9 16
55 10 17
55 11 6
55 12 6
55 13 1
55 15 10
55 18 15
55 21 5
55 22 6
55 23 18
55 24 9
55 25 8
55 29 1
55 30 7
55 32 16
55 34 9
55 35 18
55 37 7
55 39 12
55 41 16
55 42 11
55 46 18
55 47 1
55 50 10
55 51 8
55 52 19
55 53 12
55 54 19
56 0 13
56 2 4
56 3 14
56 4 16
56 8 13
56 10 11
56 11 15
56 13 19
56 14 6
56 15 16
56 16 4
56 18 8
56 19 10
56 20 4
56 21 1
56 22 18
56 24 18
56 25 10
56 30 12
56 31 2
56 32 11
56 33 7
56 34 3
56 35 20
56 38 17
56 39 7
56 40 4
56 41 6
56 42 14
56 43 12
56 44 9
56 45 19
56 48 16
56 50 14
56 52 10
56 53 10
56 54 2
56 55 17
57 1 2
57 2 3
57 3 16
57 4 1
57 5 6
57 6 12
57 7 8
57 8 11
57 11 11
57 12 2
57 13 14
57 14 1
57 16 3
57 17 11
57 20 19
57 22 8
57 24 17
57 25 13
57 27 4
57 28 8
57 30 6
57 33 20
57 34 9
57 36 6
57 37 15
57 38 10
57 40 7
57 41 11
57 42 15
57 43 1
57 44 7
57 45 4
57 46 3
57 47 4
57 48 10
57 49 12
57 51 10
57 52 12
57 53 2
57 55 16
57 56 20
58 0 1
58 2 2
58 3 3
58 4 1
58 8 14
58 9 13
58 10 10
58 11 13
58 12 20
58 14 18
58 15 6
58 16 15
58 17 4
58 18 5
58 19 6
58 21 19
58 22 15
58 24 8
58 25 19
58 26 12
58 27 14
58 28 10
58 30 9
58 32 9
58 33 6
58 35 12
58 37 11
58 38 12
58 42 13
58 43 8
58 44 14
58 46 19
58 47 11
58 48 20
58 49 20
58 50 16
58 51 3
58 54 15
58 55 9
58 56 12
58 57 9
59 0 14
59 2 1
59 3 2
59 5 18
59 7 6
59 8 8
59 9 2
59 10 20
59 12 10
59 14 7
59 15 15
59 16 3
59 17 8
59 18 2
59 19 12
59 23 17
59 24 3
59 25 2
59 27 15
59 28 5
59 31 13
59 34 20
59 35 3
59 36 14
59 37 3
59 38 7
59 39 9
59 40 17
59 41 3
59 42 3
59 43 3
59 44 19
59 46 3
59 48 13
59 50 17
59 51 7
59 52 4
59 53 13
59 54 7
59 56 13
59 57 18
59 58 8
60 0 6
60 2 13
60 5 20
60 7 9
60 8 4
60 10 18
60 12 13
60 15 3
60 16 1
60 17 7
60 18 7
60 20 14
60 21 17
60 23 9
60 24 17
60 27 1
60 28 9
60 29 11
60 31 8
60 33 19
60 34 12
60 35 14
60 37 11
60 40 3
60 41 2
60 42 7
60 45 13
60 47 4
60 48 13
60 50 12
60 52 12
60 53 13
60 54 14
60 56 19
60 58 15
60 59 16
61 0 18
61 1 12
61 3 17
61 4 12
61 5 13
61 6 7
61 7 6
61 8 5
61 10 16
61 12 19
61 13 11
61 14 15
61 15 12
61 16 1
61 17 4
61 18 17
61 21 16
61 22 1
61 23 11
61 24 20
61 25 14
61 27 4
61 28 7
61 31 3
61 32 3
61 33 6
61 34 1
61 35 3
61 36 19
61 38 14
61 39 8
61 40 6
61 41 17
61 42 18
61 43 4
61 44 7
61 45 5
61 46 10
61 48 9
61 50 14
61 51 3
61 52 16
61 53 13
61 54 4
61 55 2
61 56 6
61 57 4
62 0 15
62 1 1
62 2 5
62 4 10
62 5 20
62 6 8
62 8 16
62 9 8
62 10 3
62 11 1
62 12 19
62 14 2
62 15 20
62 17 6
62 18 19
62 19 7
62 20 14
62 21 3
62 23 19
62 24 18
62 25 6
62 26 1
62 27 6
62 28 3
62 29 19
62 31 9
62 32 6
62 33 15
62 35 6
62 36 11
62 37 20
62 39 4
62 40 20
62 41 19
62 42 10
62 43 7
62 44 4
62 46 1
62 47 19
62 48 11
62 50 1
62 51 4
62 54 6
62 55 16
62 58 18
62 60 17
62 61 11
63 0 3
63 2 14
63 3 10
63 4 14
63 5 5
63 7 4
63 9 16
63 10 11
63 11 1
63 12 4
63 13 14
63 14 15
63 15 7
63 16 9
63 18 16
63 19 2
63 20 15
63 21 20
63 22 15
63 24 8
63 25 18
63 26 9
63 27 8
63 29 9
63 30 9
63 31 16
63 32 10
63 33 11
63 34 5
63 35 8
63 37 16
63 38 11
63 39 20
63 40 15
63 41 16
63 43 12
63 44 12
63 45 9
63 47 19
63 49 6
63 51 9
63 52 17
63 53 3
63 54 7
63 55 18
63 56 11
63 58 10
63 59 15
63 60 13
63 61 1
63 62 8
64 0 1
64 1 13
64 2 19
64 3 7
64 5 7
64 6 13
64 7 6
64 8 17
64 11 4
64 12 8
64 13 11
64 14 12
64 16 6
64 17 2
64 18 20
64 19 11
64 20 15
64 21 17
64 22 6
64 23 1
64 27 20
64 28 3
64 29 19
64 31 13
64 32 14
64 33 4
64 34 7
64 35 10
64 36 19
64 37 15
64 38 20
64 41 13
64 42 1
64 43 12
64 44 11
64 45 2
64 46 2
64 47 8
64 48 18
64 49 3
64 50 5
64 51 15
64 52 4
64 53 6
64 54 5
64 55 17
64 57 14
64 60 10
64 61 2
65 0 3
65 1 8
65 2 9
65 3 14
65 4 13
65 6 2
65 7 5
65 10 14
65 11 14
65 12 6
65 13 1
65 14 2
65 15 8
65 17 18
65 18 19
65 19 5
65 20 20
65 21 18
65 25 8
65 26 3
65 29 16
65 30 2
65 31 11
65 32 18
65 33 9
65 35 11
65 38 8
65 39 5
65 41 13
65 42 14
65 43 20
65 45 19
65 46 14
65 50 17
65 51 3
65 52 5
65 53 13
65 56 18
65 58 19
65 60 7
65 61 13
65 62 13
65 63 2
65 64 15
66 1 16
66 5 10
66 6 3
66 7 10
66 8 14
66 10 11
66 15 11
66 16 7
66 17 7
66 18 1
66 19 13
66 21 12
66 22 6
66 23 1
66 24 20
66 25 20
66 26 12
66 27 9
66 28 14
66 29 17
66 30 4
66 32 6
66 33 3
66 34 16
66 35 16
66 36 19
66 37 6
66 38 10
66 39 17
66 40 2
66 42 8
66 43 15
66 44 16
66 45 12
66 48 13
66 49 4
66 50 5
66 51 16
66 52 7
66 53 11
66 54 15
66 55 3
66 56 20
66 57 17
66 60 1
66 61 9
66 62 18
66 63 4
66 64 9
67 1 14
67 2 20
67 3 7
67 4 16
67 6 13
67 7 4
67 8 7
67 9 3
67 13 5
67 15 6
67 18 9
67 19 20
67 21 9
67 23 11
67 25 19
67 26 2
67 27 10
67 29 19
67 30 12
67 31 16
67 34 5
67 35 18
67 36 20
67 38 1
67 39 18
67 40 14
67 41 13
67 42 8
67 43 3
67 45 8
67 46 5
67 49 10
67 50 10
67 55 6
67 56 11
67 57 9
67 58 18
67 59 18
67 61 20
67 62 2
67 63 13
67 64 5
68 0 11
68 1 17
68 3 11
68 4 6
68 5 4
68 7 2
68 8 12
68 9 16
68 11 5
68 12 6
68 13 19
68 14 12
68 15 10
68 16 14
68 17 4
68 18 8
68 20 16
68 21 2
68 23 8
68 25 15
68 29 18
68 31 13
68 32 14
68 33 12
68 34 8
68 37 5
68 39 5
68 40 5
68 42 4
68 44 13
68 45 18
68 47 4
68 48 8
68 50 20
68 51 3
68 52 9
68 54 20
68 55 10
68 57 10
68 58 10
68 61 3
68 63 17
68 64 20
68 67 20
69 0 19
69 2 16
69 7 7
69 8 1
69 9 8
69 10 12
69 11 12
69 12 1
69 13 5
69 14 12
69 15 8
69 16 15
69 17 18
69 18 13
69 19 17
69 20 19
69 21 5
69 22 20
69 23 10
69 25 17
69 26 10
69 27 2
69 28 2
69 29 3
69 30 8
69 31 16
69 33 11
69 34 17
69 35 2
69 36 8
69 37 18
69 40 11
69 43 19
69 45 18
69 46 20
69 47 12
69 49 18
69 51 17
69 53 6
69 54 20
69 55 9
69 58 5
69 59 13
69 60 8
69 61 17
69 62 19
69 63 9
69 65 10
69 66 14
69 67 13
69 68 13
