60
1 0 1
2 0 2
2 1 9
3 0 8
3 1 6
3 2 10
4 0 2
4 1 9
4 2 6
4 3 2
5 0 2
5 1 3
5 2 10
5 3 2
5 4 7
6 0 1
6 1 5
6 2 10
6 3 4
6 4 5
6 5 1
7 0 9
7 1 6
7 2 6
7 3 2
7 4 6
7 5 9
7 6 7
8 0 5
8 1 4
8 2 4
8 3 5
8 4 9
8 5 2
8 6 5
8 7 4
9 0 3
9 1 1
9 2 8
9 3 9
9 4 2
9 5 3
9 6 3
9 7 7
9 8 6
10 0 8
10 1 3
10 2 9
10 3 5
10 4 4
10 5 1
10 6 8
10 7 5
10 8 5
10 9 10
11 0 6
11 1 2
11 2 10
11 3 5
11 4 7
11 5 9
11 6 8
11 7 4
11 8 9
11 9 10
11 10 2
12 0 1
12 1 7
12 2 3
12 3 4
12 4 6
12 5 8
12 6 2
12 7 9
12 8 1
12 9 8
12 10 7
12 11 8
13 0 6
13 1 9
13 2 3
13 3 8
13 4 7
13 5 6
13 6 5
13 7 9
13 8 4
13 9 1
13 10 6
13 11 1
13 12 2
14 0 2
14 1 4
14 2 3
14 3 6
14 4 1
14 5 4
14 6 4
14 7 2
14 8 5
14 9 1
14 10 10
14 11 9
14 12 6
14 13 8
15 0 3
15 1 5
15 2 3
15 3 9
15 4 9
15 5 4
15 6 7
15 7 6
15 8 3
15 9 1
15 10 9
15 11 7
15 12 4
15 13 8
15 14 5
16 0 10
16 1 5
16 2 3
16 3 3
16 4 10
16 5 7
16 6 8
16 7 10
16 8 5
16 9 2
16 10 7
16 11 7
16 12 10
16 13 10
16 14 5
16 15 5
17 0 5
17 1 5
17 2 7
17 3 9
17 4 4
17 5 1
17 6 6
17 7 1
17 8 7
17 9 4
17 10 9
17 11 7
17 12 9
17 13 6
17 14 7
17 15 2
17 16 1
18 0 6
18 1 8
18 2 5
18 3 5
18 4 2
18 5 2
18 6 1
18 7 8
18 8 4
18 9 7
18 10 3
18 11 5
18 12 3
18 13 1
18 14 3
18 15 9
18 16 3
18 17 2
19 0 3
19 1 7
19 2 5
19 3 9
19 4 5
19 5 9
19 6 3
19 7 2
19 8 6
19 9 4
19 10 1
19 11 3
19 12 10
19 13 7
19 14 10
19 15 5
19 16 2
19 17 7
19 18 8
20 0 3
20 1 4
20 2 6
20 3 6
20 4 2
20 5 2
20 6 5
20 7 8
20 8 5
20 9 2
20 10 4
20 11 2
20 12 1
20 13 10
20 14 8
20 15 9
20 16 6
20 17 3
20 18 2
20 19 3
21 0 7
21 1 10
21 2 8
21 3 7
21 4 3
21 5 3
21 6 5
21 7 10
21 8 10
21 9 3
21 10 3
21 11 10
21 12 6
21 13 4
21 14 5
21 15 7
21 16 1
21 17 6
21 18 5
21 19 7
21 20 4
22 0 3
22 1 4
22 2 5
22 3 3
22 4 6
22 5 9
22 6 9
22 7 10
22 8 9
22 9 8
22 10 10
22 11 3
22 12 2
22 13 1
22 14 8
22 15 7
22 16 10
22 17 1
22 18 10
22 19 6
22 20 3
22 21 4
23 0 10
23 1 10
23 2 8
23 3 6
23 4 4
23 5 3
23 6 2
23 7 7
23 8 2
23 9 4
23 10 4
23 11 2
23 12 8
23 13 9
23 14 10
23 15 4
23 16 1
23 17 5
23 18 8
23 19 5
23 20 1
23 21 5
23 22 8
24 0 3
24 1 10
24 2 7
24 3 4
24 4 8
24 5 9
24 6 10
24 7 10
24 8 1
24 9 3
24 10 2
24 11 4
24 12 7
24 13 2
24 14 3
24 15 7
24 16 9
24 17 7
24 18 7
24 19 9
24 20 6
24 21 3
24 22 10
24 23 1
25 0 6
25 1 1
25 2 5
25 3 6
25 4 7
25 5 3
25 6 7
25 7 10
25 8 3
25 9 10
25 10 10
25 11 10
25 12 7
25 13 3
25 14 4
25 15 6
25 16 6
25 17 7
25 18 9
25 19 3
25 20 6
25 21 4
25 22 3
25 23 2
25 24 4
26 0 2
26 1 3
26 2 4
26 3 2
26 4 3
26 5 7
26 6 9
26 7 1
26 8 8
26 9 3
26 10 3
26 11 7
26 12 2
26 13 6
26 14 2
26 15 2
26 16 8
26 17 1
26 18 4
26 19 2
26 20 4
26 21 3
26 22 4
26 23 10
26 24 1
26 25 6
27 0 7
27 1 3
27 2 9
27 3 3
27 4 9
27 5 8
27 6 10
27 7 8
27 8 3
27 9 10
27 10 7
27 11 6
27 12 2
27 13 10
27 14 7
27 15 8
27 16 1
27 17 9
27 18 5
27 19 10
27 20 3
27 21 10
27 22 3
27 23 6
27 24 4
27 25 3
27 26 8
28 0 5
28 1 1
28 2 4
28 3 8
28 4 7
28 5 4
28 6 3
28 7 1
28 8 4
28 9 8
28 10 4
28 11 5
28 12 10
28 13 8
28 14 6
28 15 2
28 16 4
28 17 9
28 18 5
28 19 4
28 20 9
28 21 5
28 22 4
28 23 2
28 24 4
28 25 2
28 26 1
28 27 4
29 0 10
29 1 6
29 2 5
29 3 4
29 4 8
29 5 10
29 6 2
29 7 8
29 8 10
29 9 3
29 10 7
29 11 1
29 12 4
29 13 8
29 14 1
29 15 4
29 16 4
29 17 7
29 18 6
29 19 9
29 20 9
29 21 3
29 22 3
29 23 10
29 24 7
29 25 7
29 26 5
29 27 5
29 28 2
30 0 10
30 1 10
30 2 9
30 3 8
30 4 9
30 5 5
30 6 5
30 7 3
30 8 9
30 9 10
30 10 4
30 11 10
30 12 9
30 13 4
30 14 10
30 15 1
30 16 7
30 17 5
30 18 3
30 19 5
30 20 6
30 21 1
30 22 4
30 23 9
30 24 6
30 25 9
30 26 4
30 27 3
30 28 2
30 29 7
31 0 7
31 1 7
31 2 7
31 3 4
31 4 10
31 5 1
31 6 4
31 7 10
31 8 4
31 9 8
31 10 8
31 11 5
31 12 3
31 13 5
31 14 5
31 15 10
31 16 4
31 17 8
31 18 10
31 19 8
31 20 7
31 21 10
31 22 3
31 23 4
31 24 6
31 25 4
31 26 4
31 27 9
31 28 1
31 29 6
31 30 10
32 0 6
32 1 9
32 2 7
32 3 3
32 4 9
32 5 10
32 6 4
32 7 5
32 8 1
32 9 5
32 10 3
32 11 10
32 12 2
32 13 4
32 14 9
32 15 8
32 16 7
32 17 10
32 18 6
32 19 7
32 20 5
32 21 2
32 22 10
32 23 3
32 24 6
32 25 9
32 26 7
32 27 10
32 28 10
32 29 6
32 30 5
32 31 3
33 0 10
33 1 2
33 2 5
33 3 5
33 4 1
33 5 4
33 6 2
33 7 7
33 8 8
33 9 3
33 10 4
33 11 1
33 12 6
33 13 9
33 14 7
33 15 2
33 16 1
33 17 6
33 18 8
33 19 4
33 20 5
33 21 9
33 22 3
33 23 2
33 24 10
33 25 6
33 26 4
33 27 6
33 28 4
33 29 5
33 30 4
33 31 4
33 32 3
34 0 4
34 1 10
34 2 8
34 3 1
34 4 5
34 5 10
34 6 4
34 7 9
34 8 2
34 9 2
34 10 6
34 11 10
34 12 7
34 13 7
34 14 9
34 15 4
34 16 10
34 17 5
34 18 10
34 19 1
34 20 7
34 21 6
34 22 10
34 23 5
34 24 4
34 25 2
34 26 2
34 27 3
34 28 9
34 29 6
34 30 7
34 31 2
34 32 2
34 33 3
35 0 4
35 1 1
35 2 5
35 3 1
35 4 1
35 5 2
35 6 10
35 7 7
35 8 1
35 9 2
35 10 2
35 11 5
35 12 2
35 13 6
35 14 9
35 15 8
35 16 9
35 17 6
35 18 9
35 19 5
35 20 6
35 21 10
35 22 7
35 23 9
35 24 5
35 25 4
35 26 7
35 27 5
35 28 7
35 29 6
35 30 5
35 31 10
35 32 8
35 33 5
35 34 3
36 0 6
36 1 10
36 2 10
36 3 8
36 4 2
36 5 9
36 6 9
36 7 3
36 8 10
36 9 8
36 10 5
36 11 6
36 12 3
36 13 7
36 14 2
36 15 5
36 16 3
36 17 2
36 18 1
36 19 10
36 20 1
36 21 6
36 22 9
36 23 3
36 24 5
36 25 6
36 26 6
36 27 3
36 28 8
36 29 10
36 30 8
36 31 6
36 32 1
36 33 1
36 34 4
36 35 8
37 0 5
37 1 3
37 2 9
37 3 6
37 4 8
37 5 10
37 6 6
37 7 5
37 8 4
37 9 9
37 10 5
37 11 7
37 12 9
37 13 7
37 14 7
37 15 3
37 16 5
37 17 5
37 18 5
37 19 7
37 20 8
37 21 6
37 22 4
37 23 2
37 24 2
37 25 5
37 26 1
37 27 7
37 28 1
37 29 9
37 30 9
37 31 10
37 32 7
37 33 1
37 34 6
37 35 7
37 36 5
38 0 8
38 1 6
38 2 2
38 3 9
38 4 3
38 5 5
38 6 1
38 7 8
38 8 9
38 9 4
38 10 8
38 11 3
38 12 1
38 13 4
38 14 3
38 15 3
38 16 2
38 17 9
38 18 10
38 19 2
38 20 9
38 21 6
38 22 3
38 23 2
38 24 7
38 25 7
38 26 7
38 27 1
38 28 8
38 29 8
38 30 7
38 31 1
38 32 4
38 33 10
38 34 10
38 35 1
38 36 5
38 37 4
39 0 4
39 1 8
39 2 3
39 3 3
39 4 9
39 5 5
39 6 9
39 7 7
39 8 5
39 9 8
39 10 10
39 11 4
39 12 10
39 13 2
39 14 10
39 15 2
39 16 5
39 17 8
39 18 10
39 19 10
39 20 5
39 21 2
39 22 3
39 23 4
39 24 9
39 25 5
39 26 4
39 27 3
39 28 7
39 29 7
39 30 10
39 31 7
39 32 6
39 33 1
39 34 4
39 35 5
39 36 7
39 37 8
39 38 6
40 0 1
40 1 2
40 2 2
40 3 7
40 4 3
40 5 10
40 6 7
40 7 6
40 8 4
40 9 7
40 10 1
40 11 8
40 12 6
40 13 2
40 14 2
40 15 2
40 16 4
40 17 5
40 18 10
40 19 4
40 20 4
40 21 4
40 22 6
40 23 2
40 24 9
40 25 3
40 26 1
40 27 8
40 28 5
40 29 7
40 30 2
40 31 9
40 32 10
40 33 3
40 34 4
40 35 7
40 36 4
40 37 6
40 38 8
40 39 6
41 0 3
41 1 5
41 2 10
41 3 3
41 4 1
41 5 9
41 6 8
41 7 10
41 8 8
41 9 4
41 10 3
41 11 5
41 12 2
41 13 2
41 14 9
41 15 10
41 16 7
41 17 4
41 18 5
41 19 8
41 20 9
41 21 8
41 22 1
41 23 4
41 24 10
41 25 8
41 26 2
41 27 5
41 28 5
41 29 7
41 30 3
41 31 5
41 32 2
41 33 8
41 34 9
41 35 10
41 36 4
41 37 6
41 38 10
41 39 7
41 40 6
42 0 5
42 1 3
42 2 5
42 3 9
42 4 6
42 5 6
42 6 8
42 7 2
42 8 5
42 9 9
42 10 9
42 11 3
42 12 10
42 13 2
42 14 1
42 15 4
42 16 4
42 17 1
42 18 1
42 19 2
42 20 7
42 21 4
42 22 9
42 23 2
42 24 1
42 25 1
42 26 3
42 27 3
42 28 3
42 29 8
42 30 3
42 31 6
42 32 10
42 33 5
42 34 4
42 35 4
42 36 1
42 37 10
42 38 7
42 39 10
42 40 9
42 41 9
43 0 3
43 1 2
43 2 5
43 3 6
43 4 2
43 5 4
43 6 9
43 7 4
43 8 2
43 9 3
43 10 8
43 11 9
43 12 8
43 13 3
43 14 3
43 15 7
43 16 6
43 17 6
43 18 8
43 19 10
43 20 9
43 21 4
43 22 7
43 23 3
43 24 6
43 25 5
43 26 1
43 27 10
43 28 9
43 29 8
43 30 3
43 31 9
43 32 9
43 33 10
43 34 7
43 35 2
43 36 2
43 37 10
43 38 6
43 39 10
43 40 10
43 41 3
43 42 10
44 0 7
44 1 1
44 2 8
44 3 9
44 4 7
44 5 3
44 6 8
44 7 7
44 8 5
44 9 6
44 10 1
44 11 10
44 12 1
44 13 7
44 14 9
44 15 8
44 16 4
44 17 4
44 18 5
44 19 5
44 20 4
44 21 9
44 22 7
44 23 8
44 24 10
44 25 8
44 26 7
44 27 7
44 28 1
44 29 3
44 30 3
44 31 9
44 32 1
44 33 9
44 34 1
44 35 1
44 36 10
44 37 5
44 38 9
44 39 2
44 40 2
44 41 2
44 42 6
44 43 5
45 0 3
45 1 6
45 2 8
45 3 4
45 4 7
45 5 7
45 6 8
45 7 2
45 8 1
45 9 5
45 10 1
45 11 8
45 12 2
45 13 6
45 14 3
45 15 6
45 16 5
45 17 10
45 18 2
45 19 2
45 20 6
45 21 8
45 22 5
45 23 7
45 24 7
45 25 1
45 26 7
45 27 3
45 28 1
45 29 3
45 30 10
45 31 1
45 32 3
45 33 1
45 34 1
45 35 5
45 36 9
45 37 10
45 38 8
45 39 8
45 40 6
45 41 9
45 42 5
45 43 8
45 44 4
46 0 4
46 1 4
46 2 4
46 3 3
46 4 5
46 5 3
46 6 5
46 7 5
46 8 7
46 9 3
46 10 4
46 11 9
46 12 6
46 13 7
46 14 10
46 15 3
46 16 3
46 17 9
46 18 8
46 19 1
46 20 2
46 21 10
46 22 5
46 23 6
46 24 2
46 25 9
46 26 5
46 27 9
46 28 8
46 29 6
46 30 2
46 31 3
46 32 5
46 33 7
46 34 4
46 35 7
46 36 1
46 37 4
46 38 1
46 39 3
46 40 8
46 41 6
46 42 9
46 43 8
46 44 7
46 45 3
47 0 3
47 1 5
47 2 9
47 3 2
47 4 7
47 5 4
47 6 3
47 7 3
47 8 10
47 9 8
47 10 2
47 11 6
47 12 4
47 13 5
47 14 1
47 15 5
47 16 2
47 17 9
47 18 5
47 19 10
47 20 4
47 21 2
47 22 5
47 23 6
47 24 2
47 25 4
47 26 3
47 27 10
47 28 6
47 29 4
47 30 2
47 31 7
47 32 10
47 33 2
47 34 5
47 35 8
47 36 8
47 37 6
47 38 1
47 39 1
47 40 4
47 41 9
47 42 7
47 43 10
47 44 8
47 45 10
47 46 8
48 0 6
48 1 4
48 2 10
48 3 10
48 4 6
48 5 1
48 6 2
48 7 1
48 8 3
48 9 3
48 10 6
48 11 6
48 12 10
48 13 10
48 14 3
48 15 4
48 16 10
48 17 3
48 18 10
48 19 8
48 20 10
48 21 1
48 22 4
48 23 6
48 24 4
48 25 10
48 26 3
48 27 1
48 28 6
48 29 8
48 30 4
48 31 8
48 32 4
48 33 10
48 34 7
48 35 7
48 36 5
48 37 4
48 38 2
48 39 3
48 40 10
48 41 6
48 42 9
48 43 8
48 44 4
48 45 8
48 46 9
48 47 5
49 0 6
49 1 4
49 2 4
49 3 7
49 4 8
49 5 2
49 6 10
49 7 6
49 8 6
49 9 6
49 10 6
49 11 6
49 12 7
49 13 7
49 14 8
49 15 2
49 16 6
49 17 2
49 18 7
49 19 7
49 20 8
49 21 2
49 22 2
49 23 2
49 24 2
49 25 7
49 26 4
49 27 10
49 28 4
49 29 8
49 30 2
49 31 5
49 32 8
49 33 8
49 34 6
49 35 4
49 36 2
49 37 7
49 38 10
49 39 2
49 40 10
49 41 8
49 42 7
49 43 8
49 44 5
49 45 10
49 46 2
49 47 7
49 48 7
50 0 6
50 1 6
50 2 3
50 3 4
50 4 3
50 5 3
50 6 8
50 7 6
50 8 3
50 9 10
50 10 9
50 11 8
50 12 8
50 13 6
50 14 5
50 15 1
50 16 4
50 17 7
50 18 2
50 19 1
50 20 4
50 21 10
50 22 1
50 23 9
50 24 6
50 25 2
50 26 6
50 27 10
50 28 7
50 29 6
50 30 9
50 31 4
50 32 9
50 33 4
50 34 1
50 35 9
50 36 1
50 37 1
50 38 4
50 39 4
50 40 7
50 41 10
50 42 10
50 43 4
50 44 5
50 45 10
50 46 6
50 47 5
50 48 5
50 49 3
51 0 3
51 1 9
51 2 8
51 3 8
51 4 2
51 5 2
51 6 5
51 7 4
51 8 7
51 9 10
51 10 6
51 11 9
51 12 1
51 13 8
51 14 8
51 15 1
51 16 3
51 17 8
51 18 10
51 19 8
51 20 2
51 21 9
51 22 9
51 23 7
51 24 3
51 25 1
51 26 4
51 27 3
51 28 8
51 29 10
51 30 6
51 31 5
51 32 10
51 33 8
51 34 7
51 35 2
51 36 7
51 37 9
51 38 3
51 39 8
51 40 5
51 41 6
51 42 6
51 43 7
51 44 9
51 45 10
51 46 8
51 47 9
51 48 7
51 49 10
51 50 8
52 0 1
52 1 2
52 2 9
52 3 4
52 4 10
52 5 4
52 6 10
52 7 7
52 8 10
52 9 7
52 10 2
52 11 3
52 12 10
52 13 1
52 14 5
52 15 5
52 16 1
52 17 6
52 18 2
52 19 1
52 20 1
52 21 1
52 22 7
52 23 6
52 24 2
52 25 6
52 26 7
52 27 6
52 28 5
52 29 5
52 30 8
52 31 9
52 32 1
52 33 5
52 34 10
52 35 1
52 36 6
52 37 9
52 38 10
52 39 2
52 40 4
52 41 7
52 42 3
52 43 2
52 44 6
52 45 5
52 46 10
52 47 4
52 48 8
52 49 4
52 50 2
52 51 10
53 0 9
53 1 2
53 2 3
53 3 2
53 4 2
53 5 9
53 6 10
53 7 3
53 8 6
53 9 6
53 10 9
53 11 9
53 12 10
53 13 7
53 14 9
53 15 2
53 16 3
53 17 1
53 18 1
53 19 2
53 20 10
53 21 7
53 22 7
53 23 10
53 24 7
53 25 3
53 26 8
53 27 1
53 28 8
53 29 1
53 30 3
53 31 2
53 32 10
53 33 8
53 34 2
53 35 7
53 36 9
53 37 6
53 38 4
53 39 7
53 40 7
53 41 8
53 42 5
53 43 2
53 44 3
53 45 1
53 46 2
53 47 4
53 48 1
53 49 1
53 50 9
53 51 4
53 52 10
54 0 3
54 1 7
54 2 2
54 3 4
54 4 7
54 5 5
54 6 9
54 7 1
54 8 9
54 9 2
54 10 9
54 11 9
54 12 7
54 13 8
54 14 3
54 15 1
54 16 7
54 17 8
54 18 3
54 19 8
54 20 6
54 21 9
54 22 10
54 23 8
54 24 6
54 25 5
54 26 2
54 27 4
54 28 5
54 29 6
54 30 10
54 31 7
54 32 2
54 33 3
54 34 9
54 35 2
54 36 7
54 37 9
54 38 5
54 39 10
54 40 4
54 41 10
54 42 2
54 43 2
54 44 5
54 45 1
54 46 3
54 47 5
54 48 5
54 49 5
54 50 9
54 51 3
54 52 3
54 53 2
55 0 7
55 1 9
55 2 4
55 3 6
55 4 4
55 5 6
55 6 5
55 7 1
55 8 4
55 9 8
55 10 5
55 11 2
55 12 1
55 13 4
55 14 1
55 15 10
55 16 1
55 17 5
55 18 1
55 19 9
55 20 7
55 21 6
55 22 4
55 23 9
55 24 8
55 25 3
55 26 1
55 27 7
55 28 8
55 29 2
55 30 5
55 31 10
55 32 10
55 33 2
55 34 2
55 35 5
55 36 7
55 37 7
55 38 5
55 39 7
55 40 8
55 41 10
55 42 5
55 43 8
55 44 1
55 45 3
55 46 8
55 47 5
55 48 9
55 49 1
55 50 9
55 51 2
55 52 2
55 53 10
55 54 4
56 0 2
56 1 1
56 2 7
56 3 5
56 4 7
56 5 6
56 6 8
56 7 5
56 8 5
56 9 2
56 10 1
56 11 7
56 12 2
56 13 8
56 14 3
56 15 5
56 16 2
56 17 9
56 18 3
56 19 7
56 20 8
56 21 10
56 22 9
56 23 9
56 24 1
56 25 5
56 26 2
56 27 3
56 28 10
56 29 4
56 30 4
56 31 7
56 32 3
56 33 8
56 34 7
56 35 8
56 36 7
56 37 8
56 38 5
56 39 7
56 40 7
56 41 7
56 42 6
56 43 3
56 44 8
56 45 10
56 46 3
56 47 3
56 48 6
56 49 2
56 50 1
56 51 4
56 52 6
56 53 10
56 54 10
56 55 4
57 0 4
57 1 3
57 2 5
57 3 10
57 4 5
57 5 1
57 6 6
57 7 3
57 8 10
57 9 5
57 10 5
57 11 3
57 12 1
57 13 3
57 14 10
57 15 1
57 16 6
57 17 6
57 18 3
57 19 8
57 20 9
57 21 3
57 22 2
57 23 3
57 24 2
57 25 10
57 26 3
57 27 2
57 28 6
57 29 7
57 30 6
57 31 5
57 32 4
57 33 9
57 34 10
57 35 2
57 36 7
57 37 1
57 38 2
57 39 1
57 40 9
57 41 1
57 42 10
57 43 5
57 44 7
57 45 9
57 46 10
57 47 5
57 48 4
57 49 6
57 50 5
57 51 5
57 52 2
57 53 3
57 54 5
57 55 6
57 56 2
58 0 3
58 1 10
58 2 10
58 3 7
58 4 10
58 5 8
58 6 2
58 7 8
58 8 5
58 9 5
58 10 9
58 11 2
58 12 7
58 13 7
58 14 7
58 15 10
58 16 4
58 17 7
58 18 9
58 19 10
58 20 2
58 21 10
58 22 1
58 23 3
58 24 1
58 25 8
58 26 2
58 27 8
58 28 3
58 29 1
58 30 4
58 31 1
58 32 1
58 33 6
58 34 9
58 35 7
58 36 7
58 37 6
58 38 2
58 39 10
58 40 4
58 41 6
58 42 6
58 43 1
58 44 2
58 45 9
58 46 4
58 47 1
58 48 1
58 49 7
58 50 9
58 51 3
58 52 7
58 53 6
58 54 9
58 55 7
58 56 9
58 57 3
59 0 9
59 1 5
59 2 8
59 3 8
59 4 4
59 5 1
59 6 6
59 7 3
59 8 4
59 9 6
59 10 8
59 11 6
59 12 10
59 13 5
59 14 4
59 15 8
59 16 5
59 17 3
59 18 3
59 19 4
59 20 9
59 21 9
59 22 4
59 23 10
59 24 9
59 25 3
59 26 7
59 27 10
59 28 10
59 29 4
59 30 2
59 31 1
59 32 8
59 33 5
59 34 7
59 35 6
59 36 6
59 37 3
59 38 8
59 39 5
59 40 6
59 41 2
59 42 1
59 43 4
59 44 6
59 45 2
59 46 9
59 47 5
59 48 9
59 49 10
59 50 4
59 51 2
59 52 5
59 53 9
59 54 7
59 55 5
59 56 7
59 57 9
59 58 8
