60
1 0 29
2 0 72
3 0 22
3 1 9
4 0 62
4 2 62
4 3 38
5 0 38
5 1 21
5 2 60
6 0 21
6 1 18
6 2 14
6 3 71
6 5 42
7 0 32
7 1 55
7 2 9
7 3 44
8 0 26
8 1 11
8 2 11
8 6 72
8 7 16
9 0 7
9 1 65
9 2 63
9 3 15
9 7 48
9 8 11
10 4 73
10 5 34
10 7 17
10 9 47
11 1 1
11 2 35
11 3 66
11 10 41
12 2 57
12 3 6
12 4 75
12 10 33
12 11 66
13 0 44
13 2 54
13 4 68
13 8 10
13 9 7
13 10 67
13 12 65
14 0 50
14 1 54
14 2 41
14 5 75
14 7 28
14 8 53
14 9 57
14 10 4
14 13 18
15 0 24
15 2 9
15 3 1
15 7 14
15 10 21
15 11 67
15 14 63
16 2 27
16 3 50
16 5 68
16 6 73
16 7 63
16 8 39
16 13 63
17 0 40
17 3 53
17 4 49
17 6 50
17 8 6
17 12 69
17 15 45
17 16 51
18 0 41
18 3 69
18 6 19
18 8 57
18 9 33
18 10 53
18 11 8
18 12 64
18 14 71
18 15 67
19 0 32
19 1 38
19 2 25
19 3 33
19 4 50
19 7 69
19 9 78
19 14 4
19 16 56
19 17 74
19 18 8
20 1 35
20 2 62
20 4 45
20 5 35
20 6 40
20 12 50
20 13 35
20 14 75
20 17 60
21 1 48
21 2 37
21 3 8
21 5 76
21 6 13
21 8 29
21 9 43
21 10 47
21 13 61
21 14 71
21 16 60
21 17 9
21 18 62
21 19 59
22 1 34
22 2 53
22 3 31
22 5 77
22 6 9
22 8 73
22 10 16
22 12 66
22 14 69
22 17 16
22 18 72
22 20 5
22 21 38
23 1 10
23 3 15
23 5 26
23 6 50
23 8 18
23 10 63
23 12 25
23 13 11
23 15 29
23 17 54
23 18 54
23 19 24
23 21 49
24 0 6
24 3 19
24 4 4
24 5 46
24 6 60
24 8 56
24 11 52
24 14 27
24 15 47
24 16 32
24 18 8
24 19 65
24 20 32
24 23 32
25 0 74
25 2 30
25 4 10
25 7 31
25 8 7
25 9 45
25 10 7
25 11 52
25 13 12
25 14 58
25 15 7
25 16 77
25 17 37
25 18 73
26 2 9
26 3 69
26 4 45
26 5 77
26 8 73
26 9 2
26 11 7
26 12 66
26 13 5
26 15 54
26 16 13
26 17 24
26 18 36
26 19 3
26 20 24
26 22 70
26 23 56
26 24 26
27 0 46
27 1 39
27 2 52
27 3 72
27 5 17
27 6 16
27 7 31
27 9 71
27 10 46
27 11 51
27 12 43
27 14 48
27 15 4
27 19 18
27 20 37
27 21 55
27 22 67
27 24 17
27 26 69
28 0 37
28 1 39
28 3 35
28 5 74
28 8 35
28 9 29
28 12 78
28 13 35
28 14 21
28 16 27
28 18 15
28 20 10
28 21 50
28 25 39
28 26 31
29 0 58
29 2 23
29 4 24
29 6 59
29 11 76
29 12 18
29 14 58
29 15 34
29 18 47
29 19 36
29 20 5
29 21 32
29 23 75
29 24 10
29 26 34
29 27 72
29 28 68
30 0 79
30 1 41
30 2 19
30 3 24
30 4 49
30 5 51
30 6 34
30 10 4
30 11 76
30 12 50
30 13 78
30 14 72
30 15 72
30 16 4
30 17 29
30 19 35
30 20 56
30 21 72
30 24 60
30 25 53
30 27 34
30 28 16
31 0 78
31 1 43
31 2 11
31 3 12
31 4 1
31 5 73
31 7 54
31 9 17
31 10 57
31 11 45
31 12 71
31 13 46
31 20 28
31 21 70
31 22 36
31 26 59
31 28 44
31 29 24
32 0 70
32 1 4
32 2 76
32 7 27
32 10 74
32 13 5
32 14 47
32 15 8
32 17 33
32 18 37
32 20 24
32 21 55
32 22 4
32 23 18
32 24 2
32 25 43
32 29 14
32 30 22
32 31 39
33 1 78
33 5 15
33 9 72
33 10 23
33 14 25
33 15 61
33 16 69
33 18 74
33 19 30
33 20 70
33 21 29
33 22 47
33 25 22
33 28 56
33 29 47
33 30 34
34 0 17
34 1 43
34 2 22
34 3 17
34 4 28
34 5 24
34 7 53
34 8 64
34 9 66
34 11 17
34 12 62
34 13 53
34 14 55
34 15 67
34 19 76
34 20 80
34 21 67
34 24 21
34 25 72
34 26 37
34 28 55
34 30 67
34 31 42
35 0 55
35 1 78
35 2 5
35 5 32
35 6 59
35 8 32
35 10 53
35 12 22
35 13 54
35 17 20
35 19 32
35 22 62
35 23 8
35 24 30
35 25 53
35 26 19
35 28 14
35 29 67
35 31 33
35 33 17
35 34 47
36 2 26
36 4 36
36 5 16
36 6 36
36 8 80
36 9 13
36 11 61
36 12 5
36 13 18
36 17 59
36 18 28
36 20 50
36 22 40
36 25 78
36 26 18
36 28 53
36 30 8
36 32 63
36 35 20
37 1 1
37 2 66
37 3 74
37 5 55
37 7 20
37 8 80
37 11 4
37 13 66
37 14 21
37 17 77
37 18 50
37 19 42
37 20 34
37 23 71
37 24 60
37 27 38
37 28 53
37 29 28
37 30 51
37 31 7
37 32 41
37 36 38
38 0 35
38 1 38
38 2 43
38 3 43
38 5 36
38 6 26
38 7 63
38 9 10
38 14 26
38 15 72
38 16 3
38 17 5
38 18 47
38 19 25
38 20 10
38 21 25
38 24 3
38 28 23
38 30 12
38 31 49
38 33 15
38 34 61
38 36 56
38 37 45
39 0 61
39 2 33
39 3 24
39 4 74
39 6 42
39 7 13
39 8 52
39 9 36
39 11 1
39 12 74
39 13 72
39 14 27
39 16 18
39 17 32
39 18 18
39 19 77
39 20 60
39 23 38
39 26 55
39 27 60
39 34 30
39 36 32
39 37 29
40 0 44
40 1 38
40 2 77
40 3 39
40 4 53
40 5 55
40 7 13
40 8 27
40 9 17
40 10 23
40 12 63
40 14 69
40 15 29
40 17 65
40 18 43
40 19 71
40 20 14
40 22 5
40 24 41
40 25 26
40 26 32
40 30 58
40 31 10
40 32 30
40 33 66
40 34 8
40 39 17
41 0 22
41 1 41
41 3 75
41 8 16
41 9 63
41 10 44
41 11 65
41 12 79
41 14 33
41 17 59
41 18 50
41 19 3
41 20 68
41 21 78
41 23 4
41 25 58
41 27 69
41 28 70
41 29 62
41 30 52
41 31 77
41 33 32
41 34 41
41 35 66
41 38 2
42 0 38
42 1 16
42 2 7
42 3 57
42 4 42
42 6 34
42 7 2
42 8 6
42 9 37
42 10 64
42 12 58
42 13 26
42 14 56
42 15 53
42 16 54
42 22 20
42 27 77
42 28 59
42 31 21
42 32 27
42 33 73
42 35 1
42 36 53
42 37 40
42 39 58
42 40 26
42 41 75
43 1 77
43 3 20
43 7 80
43 8 74
43 10 54
43 12 48
43 13 39
43 14 7
43 15 29
43 16 29
43 17 21
43 19 47
43 20 67
43 21 50
43 24 74
43 25 72
43 26 29
43 28 65
43 30 59
43 31 32
43 32 20
43 33 79
43 35 14
43 36 36
43 38 64
43 39 66
43 40 29
43 42 47
44 0 75
44 1 40
44 2 2
44 3 74
44 4 8
44 5 8
44 7 13
44 8 47
44 9 33
44 10 75
44 11 65
44 13 29
44 16 17
44 18 39
44 21 31
44 22 75
44 23 32
44 24 12
44 25 38
44 26 8
44 28 15
44 31 58
44 32 22
44 34 48
44 35 70
44 38 58
44 39 17
44 40 13
44 41 59
44 42 26
45 0 44
45 1 66
45 2 74
45 3 32
45 5 17
45 6 49
45 7 3
45 8 36
45 11 6
45 12 33
45 13 71
45 15 36
45 16 53
45 17 1
45 20 5
45 21 33
45 25 52
45 26 23
45 27 61
45 28 12
45 29 54
45 30 2
45 37 24
45 39 12
45 40 76
45 42 74
46 0 6
46 1 3
46 3 46
46 4 69
46 5 30
46 7 33
46 8 58
46 11 70
46 14 76
46 16 44
46 17 71
46 19 65
46 21 6
46 27 54
46 29 71
46 30 41
46 31 5
46 33 66
46 34 16
46 36 17
46 39 15
46 41 8
46 42 68
46 44 4
47 3 44
47 4 58
47 5 80
47 7 4
47 8 11
47 9 47
47 10 75
47 11 58
47 13 77
47 14 52
47 15 9
47 16 68
47 17 54
47 19 7
47 23 58
47 26 77
47 28 34
47 33 72
47 34 8
47 35 63
47 37 75
47 38 38
47 39 72
47 42 50
47 44 68
48 1 4
48 2 26
48 4 5
48 5 2
48 6 56
48 7 75
48 8 61
48 9 65
48 10 39
48 14 59
48 16 31
48 17 19
48 18 21
48 19 76
48 20 67
48 22 50
48 23 62
48 26 46
48 28 45
48 31 4
48 33 54
48 34 73
48 37 41
48 38 17
48 39 43
48 40 80
48 41 31
48 42 77
48 44 26
48 45 45
49 1 46
49 3 5
49 4 21
49 5 62
49 7 11
49 9 80
49 11 73
49 12 47
49 14 43
49 15 46
49 19 40
49 20 73
49 21 16
49 22 20
49 23 20
49 24 34
49 27 67
49 30 71
49 31 50
49 33 30
49 34 59
49 36 33
49 37 14
49 38 1
49 41 13
49 43 22
49 44 29
49 47 40
49 48 42
50 1 49
50 2 74
50 4 26
50 5 43
50 6 52
50 9 37
50 12 52
50 13 47
50 14 5
50 15 26
50 16 57
50 18 39
50 19 53
50 20 7
50 22 39
50 24 39
50 26 78
50 28 1
50 29 61
50 31 18
50 32 50
50 36 48
50 39 80
50 40 78
50 41 36
50 42 51
50 43 19
50 44 63
50 45 60
50 46 54
50 47 25
50 48 58
50 49 64
51 0 56
51 1 66
51 3 2
51 7 79
51 8 80
51 9 3
51 10 40
51 12 36
51 13 44
51 14 68
51 15 48
51 16 1
51 17 18
51 18 4
51 20 69
51 21 46
51 22 30
51 23 64
51 24 9
51 26 59
51 29 40
51 30 49
51 32 29
51 33 19
51 34 70
51 35 76
51 36 6
51 37 67
51 40 61
51 41 7
51 42 48
51 43 75
51 45 68
51 46 14
51 47 31
51 48 32
51 49 8
51 50 77
52 0 57
52 1 60
52 2 74
52 4 67
52 5 13
52 6 16
52 7 1
52 8 58
52 9 64
52 12 62
52 16 64
52 17 6
52 19 51
52 20 12
52 21 36
52 22 62
52 24 4
52 25 26
52 29 48
52 34 20
52 35 21
52 38 6
52 39 52
52 40 70
52 43 44
52 45 26
52 46 8
52 48 58
52 49 27
52 50 78
53 0 37
53 2 47
53 4 54
53 6 16
53 7 77
53 8 12
53 9 33
53 12 56
53 13 31
53 14 67
53 15 51
53 17 67
53 19 45
53 20 36
53 21 27
53 22 46
53 23 37
53 24 11
53 25 33
53 26 10
53 27 44
53 29 55
53 31 41
53 33 20
53 34 78
53 35 77
53 36 29
53 39 70
53 41 48
53 44 32
53 45 22
53 48 41
53 52 23
54 0 25
54 1 47
54 2 11
54 3 51
54 5 47
54 7 77
54 10 7
54 11 57
54 12 11
54 13 73
54 15 50
54 16 66
54 19 12
54 20 32
54 21 32
54 22 69
54 23 14
54 24 72
54 25 67
54 26 51
54 29 74
54 32 6
54 33 37
54 34 27
54 35 78
54 36 75
54 37 18
54 38 24
54 39 53
54 40 69
54 42 43
54 43 54
54 44 44
54 45 65
54 46 11
54 48 16
54 49 77
54 50 37
54 52 33
55 2 48
55 4 63
55 5 48
55 6 76
55 7 71
55 8 19
55 9 55
55 11 32
55 12 71
55 16 68
55 17 45
55 18 59
55 19 11
55 20 3
55 22 76
55 24 6
55 25 11
55 27 48
55 28 67
55 29 43
55 32 9
55 33 39
55 35 37
55 36 50
55 41 62
55 42 2
55 43 63
55 44 60
55 46 70
55 49 23
55 50 38
55 51 77
55 52 29
56 0 6
56 4 67
56 5 1
56 8 45
56 9 23
56 10 43
56 14 67
56 15 16
56 16 26
56 18 11
56 20 16
56 22 75
56 23 14
56 24 13
56 26 31
56 27 76
56 29 61
56 30 80
56 33 66
56 34 28
56 37 43
56 39 48
56 40 43
56 43 9
56 46 69
56 49 70
56 50 78
56 51 58
56 54 24
56 55 53
57 0 35
57 2 5
57 3 40
57 4 20
57 5 31
57 6 46
57 8 25
57 9 30
57 11 48
57 12 70
57 13 69
57 15 65
57 17 76
57 18 35
57 19 42
57 22 53
57 24 1
57 29 57
57 31 26
57 32 24
57 33 70
57 34 16
57 36 79
57 38 3
57 39 44
57 41 67
57 43 17
57 44 15
57 45 77
57 46 78
57 47 25
57 48 67
57 49 17
57 51 9
57 52 45
57 53 52
57 54 11
57 55 72
57 56 75
58 1 17
58 2 34
58 3 55
58 5 59
58 9 57
58 10 25
58 11 35
58 12 15
58 13 62
58 14 64
58 15 13
58 16 27
58 17 71
58 19 13
58 20 24
58 22 76
58 23 36
58 27 19
58 29 41
58 31 28
58 32 51
58 33 38
58 34 49
58 35 79
58 37 27
58 39 38
58 41 45
58 44 54
58 46 58
58 47 17
58 48 65
58 50 40
58 52 38
58 54 74
58 56 48
59 1 27
59 3 78
59 4 26
59 5 21
59 6 72
59 7 57
59 8 41
59 9 46
59 11 56
59 12 60
59 13 25
59 14 35
59 15 43
59 16 9
59 17 17
59 18 53
59 19 27
59 20 48
59 25 64
59 27 56
59 28 11
59 30 79
59 32 16
59 36 54
59 42 8
59 43 78
59 46 60
59 48 34
59 49 37
59 51 58
59 53 66
59 54 17
59 55 56
59 56 2
59 57 23
