50
1 0 17
2 0 6
2 1 6
3 0 1
3 1 1
3 2 7
4 0 18
4 1 10
4 2 18
4 3 10
5 0 4
5 1 9
5 2 18
5 3 5
5 4 16
6 0 4
6 1 3
6 2 13
6 3 4
6 4 18
6 5 15
7 0 10
7 1 10
7 2 2
7 3 4
7 4 4
7 5 6
7 6 14
8 0 13
8 1 12
8 2 17
8 3 18
8 4 1
8 5 1
8 6 19
8 7 10
9 0 19
9 1 15
9 2 15
9 3 18
9 4 20
9 5 17
9 6 6
9 7 13
9 8 19
10 0 4
10 1 3
10 2 18
10 3 19
10 4 19
10 5 1
10 6 19
10 7 14
10 8 16
10 9 19
11 0 13
11 1 4
11 2 19
11 3 11
11 4 11
11 5 2
11 6 1
11 7 11
11 8 19
11 9 12
11 10 3
12 0 16
12 1 9
12 2 18
12 3 14
12 4 6
12 5 19
12 6 2
12 7 14
12 8 13
12 9 4
12 10 2
12 11 12
13 0 14
13 1 16
13 2 11
13 3 4
13 4 19
13 5 19
13 6 7
13 7 6
13 8 4
13 9 20
13 10 5
13 11 5
13 12 6
14 0 12
14 1 13
14 2 17
14 3 1
14 4 18
14 5 6
14 6 14
14 7 14
14 8 15
14 9 15
14 10 3
14 11 12
14 12 13
14 13 4
15 0 10
15 1 8
15 2 14
15 3 11
15 4 17
15 5 11
15 6 13
15 7 17
15 8 8
15 9 3
15 10 13
15 11 9
15 12 10
15 13 4
15 14 13
16 0 18
16 1 19
16 2 7
16 3 9
16 4 4
16 5 8
16 6 17
16 7 10
16 8 13
16 9 19
16 10 9
16 11 15
16 12 12
16 13 14
16 14 14
16 15 4
17 0 2
17 1 19
17 2 19
17 3 5
17 4 8
17 5 2
17 6 17
17 7 20
17 8 13
17 9 11
17 10 17
17 11 7
17 12 12
17 13 19
17 14 11
17 15 12
17 16 1
18 0 17
18 1 16
18 2 6
18 3 6
18 4 13
18 5 4
18 6 6
18 7 15
18 8 2
18 9 10
18 10 7
18 11 13
18 12 19
18 13 10
18 14 9
18 15 12
18 16 5
18 17 19
19 0 15
19 1 14
19 2 2
19 3 8
19 4 14
19 5 2
19 6 5
19 7 16
19 8 8
19 9 15
19 10 2
19 11 17
19 12 14
19 13 1
19 14 2
19 15 15
19 16 8
19 17 13
19 18 17
20 0 19
20 1 10
20 2 6
20 3 8
20 4 18
20 5 16
20 6 20
20 7 19
20 8 11
20 9 7
20 10 3
20 11 14
20 12 1
20 13 9
20 14 2
20 15 7
20 16 16
20 17 6
20 18 4
20 19 17
21 0 7
21 1 7
21 2 11
21 3 12
21 4 4
21 5 2
21 6 7
21 7 9
21 8 9
21 9 10
21 10 3
21 11 11
21 12 18
21 13 3
21 14 8
21 15 12
21 16 5
21 17 15
21 18 16
21 19 14
21 20 3
22 0 7
22 1 19
22 2 20
22 3 20
22 4 3
22 5 20
22 6 9
22 7 5
22 8 8
22 9 16
22 10 19
22 11 6
22 12 14
22 13 17
22 14 12
22 15 8
22 16 12
22 17 9
22 18 16
22 19 2
22 20 4
22 21 16
23 0 9
23 1 3
23 2 10
23 3 8
23 4 11
23 5 11
23 6 19
23 7 20
23 8 9
23 9 1
23 10 16
23 11 14
23 12 13
23 13 9
23 14 17
23 15 6
23 16 16
23 17 9
23 18 3
23 19 12
23 20 18
23 21 18
23 22 18
24 0 18
24 1 3
24 2 13
24 3 4
24 4 19
24 5 14
24 6 14
24 7 7
24 8 15
24 9 9
24 10 8
24 11 12
24 12 2
24 13 10
24 14 4
24 15 7
24 16 7
24 17 1
24 18 9
24 19 6
24 20 12
24 21 9
24 22 16
24 23 17
25 0 7
25 1 15
25 2 10
25 3 10
25 4 20
25 5 1
25 6 12
25 7 4
25 8 1
25 9 18
25 10 14
25 11 5
25 12 9
25 13 8
25 14 1
25 15 10
25 16 17
25 17 2
25 18 15
25 19 12
25 20 5
25 21 6
25 22 16
25 23 17
25 24 1
26 0 9
26 1 18
26 2 4
26 3 4
26 4 14
26 5 4
26 6 10
26 7 19
26 8 1
26 9 19
26 10 17
26 11 20
26 12 6
26 13 2
26 14 12
26 15 16
26 16 1
26 17 10
26 18 3
26 19 5
26 20 15
26 21 13
26 22 4
26 23 17
26 24 6
26 25 11
27 0 1
27 1 15
27 2 3
27 3 2
27 4 9
27 5 1
27 6 5
27 7 6
27 8 19
27 9 8
27 10 16
27 11 8
27 12 6
27 13 3
27 14 8
27 15 9
27 16 4
27 17 2
27 18 10
27 19 4
27 20 15
27 21 12
27 22 3
27 23 4
27 24 10
27 25 9
27 26 3
28 0 11
28 1 12
28 2 7
28 3 6
28 4 5
28 5 11
28 6 9
28 7 16
28 8 18
28 9 14
28 10 13
28 11 14
28 12 13
28 13 9
28 14 5
28 15 14
28 16 14
28 17 12
28 18 1
28 19 12
28 20 16
28 21 13
28 22 5
28 23 12
28 24 13
28 25 16
28 26 18
28 27 6
29 0 2
29 1 14
29 2 16
29 3 4
29 4 5
29 5 14
29 6 9
29 7 9
29 8 12
29 9 18
29 10 3
29 11 20
29 12 18
29 13 6
29 14 10
29 15 11
29 16 20
29 17 12
29 18 18
29 19 2
29 20 18
29 21 12
29 22 20
29 23 5
29 24 19
29 25 19
29 26 14
29 27 9
29 28 5
30 0 7
30 1 17
30 2 12
30 3 11
30 4 4
30 5 11
30 6 3
30 7 14
30 8 16
30 9 16
30 10 6
30 11 3
30 12 15
30 13 6
30 14 18
30 15 17
30 16 4
30 17 13
30 18 4
30 19 9
30 20 12
30 21 9
30 22 19
30 23 20
30 24 6
30 25 6
30 26 18
30 27 16
30 28 13
30 29 19
31 0 18
31 1 8
31 2 10
31 3 8
31 4 11
31 5 17
31 6 20
31 7 11
31 8 1
31 9 1
31 10 18
31 11 11
31 12 7
31 13 10
31 14 16
31 15 1
31 16 9
31 17 1
31 18 3
31 19 2
31 20 1
31 21 18
31 22 9
31 23 1
31 24 18
31 25 8
31 26 7
31 27 3
31 28 13
31 29 19
31 30 14
32 0 13
32 1 8
32 2 9
32 3 6
32 4 2
32 5 10
32 6 1
32 7 3
32 8 16
32 9 9
32 10 17
32 11 2
32 12 3
32 13 2
32 14 19
32 15 5
32 16 6
32 17 17
32 18 12
32 19 6
32 20 4
32 21 5
32 22 2
32 23 3
32 24 11
32 25 13
32 26 11
32 27 18
32 28 10
32 29 8
32 30 19
32 31 15
33 0 8
33 1 5
33 2 6
33 3 7
33 4 1
33 5 20
33 6 20
33 7 18
33 8 16
33 9 12
33 10 10
33 11 2
33 12 6
33 13 15
33 14 13
33 15 8
33 16 5
33 17 20
33 18 4
33 19 4
33 20 20
33 21 13
33 22 10
33 23 7
33 24 12
33 25 9
33 26 20
33 27 15
33 28 1
33 29 8
33 30 19
33 31 14
33 32 17
34 0 3
34 1 6
34 2 20
34 3 15
34 4 5
34 5 5
34 6 6
34 7 20
34 8 1
34 9 12
34 10 8
34 11 20
34 12 8
34 13 5
34 14 14
34 15 13
34 16 13
34 17 20
34 18 11
34 19 13
34 20 12
34 21 2
34 22 14
34 23 8
34 24 8
34 25 5
34 26 16
34 27 3
34 28 11
34 29 14
34 30 18
34 31 11
34 32 9
34 33 7
35 0 16
35 1 1
35 2 10
35 3 16
35 4 11
35 5 3
35 6 15
35 7 13
35 8 19
35 9 3
35 10 12
35 11 1
35 12 11
35 13 8
35 14 3
35 15 11
35 16 10
35 17 1
35 18 1
35 19 10
35 20 1
35 21 14
35 22 15
35 23 15
35 24 11
35 25 12
35 26 16
35 27 9
35 28 13
35 29 13
35 30 15
35 31 13
35 32 1
35 33 3
35 34 8
36 0 5
36 1 10
36 2 16
36 3 16
36 4 17
36 5 8
36 6 14
36 7 12
36 8 14
36 9 8
36 10 16
36 11 13
36 12 14
36 13 18
36 14 14
36 15 6
36 16 14
36 17 3
36 18 16
36 19 14
36 20 12
36 21 7
36 22 15
36 23 13
36 24 15
36 25 14
36 26 1
36 27 1
36 28 14
36 29 19
36 30 5
36 31 10
36 32 8
36 33 16
36 34 10
36 35 13
37 0 7
37 1 9
37 2 10
37 3 20
37 4 5
37 5 6
37 6 4
37 7 10
37 8 11
37 9 1
37 10 18
37 11 19
37 12 18
37 13 17
37 14 4
37 15 7
37 16 14
37 17 1
37 18 4
37 19 11
37 20 12
37 21 11
37 22 7
37 23 10
37 24 3
37 25 5
37 26 14
37 27 11
37 28 9
37 29 12
37 30 13
37 31 11
37 32 14
37 33 10
37 34 4
37 35 18
37 36 20
38 0 5
38 1 17
38 2 15
38 3 5
38 4 15
38 5 6
38 6 15
38 7 14
38 8 13
38 9 15
38 10 9
38 11 10
38 12 2
38 13 15
38 14 4
38 15 1
38 16 17
38 17 8
38 18 8
38 19 15
38 20 11
38 21 16
38 22 20
38 23 16
38 24 16
38 25 5
38 26 19
38 27 3
38 28 17
38 29 1
38 30 8
38 31 7
38 32 14
38 33 3
38 34 11
38 35 20
38 36 18
38 37 2
39 0 15
39 1 14
39 2 19
39 3 10
39 4 11
39 5 19
39 6 3
39 7 9
39 8 19
39 9 8
39 10 17
39 11 12
39 12 1
39 13 1
39 14 12
39 15 16
39 16 7
39 17 16
39 18 10
39 19 18
39 20 18
39 21 8
39 22 2
39 23 20
39 24 3
39 25 17
39 26 16
39 27 4
39 28 10
39 29 20
39 30 18
39 31 13
39 32 15
39 33 13
39 34 13
39 35 8
39 36 11
39 37 8
39 38 10
40 0 7
40 1 8
40 2 18
40 3 16
40 4 12
40 5 14
40 6 15
40 7 1
40 8 13
40 9 13
40 10 20
40 11 7
40 12 18
40 13 12
40 14 9
40 15 15
40 16 11
40 17 9
40 18 19
40 19 20
40 20 18
40 21 20
40 22 3
40 23 20
40 24 15
40 25 15
40 26 4
40 27 6
40 28 10
40 29 4
40 30 10
40 31 7
40 32 10
40 33 13
40 34 14
40 35 6
40 36 6
40 37 6
40 38 3
40 39 7
41 0 19
41 1 13
41 2 13
41 3 2
41 4 15
41 5 12
41 6 12
41 7 7
41 8 9
41 9 19
41 10 1
41 11 4
41 12 16
41 13 17
41 14 5
41 15 13
41 16 4
41 17 7
41 18 16
41 19 16
41 20 16
41 21 3
41 22 3
41 23 5
41 24 15
41 25 13
41 26 17
41 27 18
41 28 11
41 29 15
41 30 6
41 31 13
41 32 20
41 33 12
41 34 19
41 35 15
41 36 8
41 37 4
41 38 6
41 39 1
41 40 18
42 0 18
42 1 6
42 2 11
42 3 20
42 4 9
42 5 11
42 6 2
42 7 18
42 8 2
42 9 15
42 10 11
42 11 17
42 12 18
42 13 8
42 14 12
42 15 16
42 16 17
42 17 2
42 18 3
42 19 9
42 20 9
42 21 17
42 22 17
42 23 11
42 24 7
42 25 15
42 26 5
42 27 2
42 28 1
42 29 1
42 30 2
42 31 6
42 32 12
42 33 10
42 34 7
42 35 1
42 36 8
42 37 2
42 38 14
42 39 14
42 40 1
42 41 20
43 0 1
43 1 3
43 2 11
43 3 4
43 4 20
43 5 20
43 6 5
43 7 17
43 8 8
43 9 15
43 10 8
43 11 20
43 12 4
43 13 15
43 14 16
43 15 10
43 16 15
43 17 2
43 18 9
43 19 9
43 20 20
43 21 4
43 22 17
43 23 3
43 24 17
43 25 17
43 26 13
43 27 3
43 28 3
43 29 6
43 30 18
43 31 1
43 32 2
43 33 14
43 34 18
43 35 12
43 36 11
43 37 6
43 38 3
43 39 1
43 40 19
43 41 6
43 42 20
44 0 5
44 1 13
44 2 2
44 3 8
44 4 4
44 5 19
44 6 16
44 7 15
44 8 17
44 9 4
44 10 4
44 11 4
44 12 2
44 13 11
44 14 14
44 15 4
44 16 11
44 17 4
44 18 3
44 19 12
44 20 17
44 21 10
44 22 18
44 23 4
44 24 9
44 25 10
44 26 2
44 27 8
44 28 1
44 29 9
44 30 9
44 31 3
44 32 12
44 33 5
44 34 5
44 35 11
44 36 7
44 37 12
44 38 11
44 39 14
44 40 9
44 41 4
44 42 15
44 43 12
45 0 14
45 1 11
45 2 19
45 3 6
45 4 5
45 5 16
45 6 9
45 7 17
45 8 17
45 9 4
45 10 13
45 11 1
45 12 4
45 13 8
45 14 6
45 15 15
45 16 14
45 17 11
45 18 6
45 19 15
45 20 1
45 21 11
45 22 2
45 23 19
45 24 14
45 25 19
45 26 10
45 27 20
45 28 4
45 29 4
45 30 4
45 31 10
45 32 14
45 33 19
45 34 2
45 35 18
45 36 9
45 37 15
45 38 18
45 39 5
45 40 12
45 41 14
45 42 6
45 43 13
45 44 4
46 0 12
46 1 18
46 2 7
46 3 20
46 4 1
46 5 11
46 6 4
46 7 18
46 8 1
46 9 8
46 10 19
46 11 6
46 12 2
46 13 14
46 14 12
46 15 12
46 16 8
46 17 15
46 18 13
46 19 19
46 20 8
46 21 13
46 22 3
46 23 10
46 24 17
46 25 13
46 26 16
46 27 1
46 28 14
46 29 3
46 30 20
46 31 3
46 32 15
46 33 8
46 34 4
46 35 3
46 36 8
46 37 4
46 38 13
46 39 9
46 40 10
46 41 1
46 42 2
46 43 5
46 44 6
46 45 15
47 0 2
47 1 14
47 2 10
47 3 4
47 4 1
47 5 8
47 6 5
47 7 1
47 8 14
47 9 11
47 10 8
47 11 8
47 12 8
47 13 3
47 14 5
47 15 17
47 16 14
47 17 7
47 18 3
47 19 3
47 20 7
47 21 9
47 22 2
47 23 14
47 24 13
47 25 18
47 26 10
47 27 12
47 28 11
47 29 18
47 30 10
47 31 17
47 32 5
47 33 19
47 34 18
47 35 17
47 36 14
47 37 4
47 38 6
47 39 8
47 40 1
47 41 18
47 42 16
47 43 20
47 44 3
47 45 18
47 46 7
48 0 20
48 1 19
48 2 9
48 3 20
48 4 14
48 5 11
48 6 3
48 7 3
48 8 15
48 9 4
48 10 8
48 11 13
48 12 10
48 13 6
48 14 7
48 15 16
48 16 15
48 17 4
48 18 2
48 19 7
48 20 12
48 21 19
48 22 5
48 23 16
48 24 13
48 25 4
48 26 8
48 27 13
48 28 12
48 29 18
48 30 2
48 31 3
48 32 3
48 33 5
48 34 6
48 35 2
48 36 10
48 37 11
48 38 9
48 39 7
48 40 5
48 41 8
48 42 14
48 43 5
48 44 16
48 45 13
48 46 14
48 47 13
49 0 12
49 1 2
49 2 4
49 3 3
49 4 13
49 5 15
49 6 9
49 7 4
49 8 8
49 9 16
49 10 17
49 11 7
49 12 7
49 13 9
49 14 12
49 15 11
49 16 14
49 17 14
49 18 1
49 19 20
49 20 15
49 21 8
49 22 8
49 23 16
49 24 3
49 25 18
49 26 8
49 27 8
49 28 1
49 29 16
49 30 16
49 31 9
49 32 15
49 33 8
49 34 8
49 35 15
49 36 10
49 37 4
49 38 6
49 39 9
49 40 13
49 41 14
49 42 10
49 43 9
49 44 10
49 45 20
49 46 15
49 47 11
49 48 17
