20
2 0 20
2 1 8
3 1 20
4 0 14
4 1 13
4 3 9
5 0 18
5 3 2
6 1 8
6 2 20
6 5 5
7 0 12
7 2 7
7 5 7
8 6 20
9 0 11
9 2 20
9 5 5
9 7 16
10 0 11
10 1 12
10 2 8
10 6 11
11 2 8
11 4 15
11 6 20
11 7 12
11 8 19
12 1 13
12 5 14
12 7 12
13 2 7
13 3 15
13 5 6
13 6 17
13 8 14
13 12 3
14 0 19
14 4 11
14 7 5
14 12 17
15 3 17
15 4 17
15 9 9
15 11 5
15 14 2
16 3 14
16 4 5
16 5 9
16 10 5
16 12 10
16 14 9
16 15 12
17 0 7
17 4 3
17 8 14
17 9 3
17 10 15
17 16 16
18 0 16
18 3 19
18 6 15
18 9 13
18 11 11
18 14 8
18 16 16
19 1 15
19 4 10
19 6 1
19 8 1
19 10 17
19 11 8
19 17 3
