60
1 0 12
2 1 1
3 0 16
3 1 21
3 2 28
4 1 26
4 2 14
4 3 9
5 0 18
5 3 4
5 4 37
6 2 39
6 4 10
6 5 38
7 0 19
7 2 17
7 4 32
7 5 29
7 6 24
8 1 39
8 2 33
8 3 1
8 5 2
8 7 11
9 1 30
9 2 35
9 3 17
9 5 13
9 7 8
9 8 23
10 1 15
10 3 12
10 4 26
11 1 8
11 2 13
11 3 14
11 4 31
11 5 7
11 6 31
11 10 21
12 0 29
12 1 11
12 2 40
12 3 8
12 4 21
12 5 22
12 6 16
12 7 10
12 8 30
12 9 5
13 0 34
13 1 17
13 2 21
13 3 30
13 4 27
13 5 13
13 6 1
13 7 9
13 8 38
13 9 5
13 10 14
13 11 32
13 12 2
14 0 33
14 1 4
14 2 38
14 3 24
14 4 5
14 5 17
14 7 8
14 8 2
14 9 9
14 11 14
14 12 3
14 13 29
15 0 11
15 3 30
15 4 40
15 5 23
15 7 24
15 8 36
15 9 24
15 11 38
15 12 31
15 13 32
16 0 36
16 1 6
16 2 35
16 3 5
16 4 23
16 5 6
16 7 11
16 8 2
16 9 2
16 10 11
16 11 8
16 12 6
16 13 24
16 15 33
17 0 21
17 1 16
17 2 18
17 3 16
17 5 32
17 6 10
17 7 29
17 8 11
17 9 9
17 11 37
17 14 4
17 15 20
18 0 11
18 1 8
18 2 36
18 3 21
18 4 18
18 5 21
18 7 1
18 8 12
18 9 8
18 11 1
18 12 28
18 13 6
18 14 12
18 15 24
18 16 3
18 17 22
19 3 32
19 4 35
19 5 21
19 9 15
19 11 25
19 12 21
19 13 22
19 14 12
19 16 37
19 17 20
19 18 13
20 0 31
20 1 28
20 2 26
20 3 39
20 4 8
20 5 28
20 6 34
20 7 1
20 8 23
20 9 6
20 11 4
20 13 6
20 14 2
20 16 26
20 17 4
21 2 7
21 3 40
21 4 20
21 5 33
21 6 5
21 7 7
21 8 1
21 9 3
21 10 8
21 11 32
21 12 37
21 13 16
21 14 7
21 15 21
21 16 33
21 18 10
21 19 37
21 20 21
22 0 35
22 1 25
22 2 35
22 4 37
22 5 12
22 6 16
22 7 16
22 8 15
22 9 30
22 10 7
22 11 22
22 12 37
22 13 14
22 14 32
22 15 15
22 16 33
22 17 6
22 19 40
22 20 28
23 0 17
23 1 29
23 2 6
23 5 34
23 6 40
23 8 26
23 9 10
23 10 11
23 11 23
23 13 36
23 14 31
23 15 26
23 16 9
23 18 26
23 20 28
23 22 39
24 0 10
24 1 22
24 3 12
24 4 17
24 5 11
24 6 37
24 7 31
24 8 38
24 9 28
24 10 36
24 11 6
24 12 23
24 13 21
24 15 23
24 16 22
24 17 40
24 18 32
24 19 12
24 21 28
24 22 22
24 23 11
25 2 17
25 4 25
25 5 32
25 7 16
25 9 27
25 11 11
25 13 18
25 14 3
25 16 19
25 18 2
25 19 33
25 21 32
25 22 11
25 24 18
26 0 17
26 1 5
26 2 27
26 6 32
26 12 12
26 13 40
26 14 17
26 15 12
26 17 34
26 18 2
26 19 1
26 20 7
26 23 2
26 24 19
26 25 3
27 2 4
27 3 20
27 4 23
27 5 36
27 7 32
27 8 6
27 9 4
27 10 8
27 11 2
27 12 29
27 13 33
27 14 40
27 15 35
27 16 25
27 17 38
27 18 23
27 19 11
27 21 19
27 23 4
27 24 12
27 25 30
27 26 2
28 0 24
28 1 24
28 2 21
28 3 28
28 4 39
28 5 24
28 6 12
28 8 7
28 9 4
28 10 24
28 11 4
28 12 1
28 14 1
28 15 24
28 18 8
28 19 2
28 21 10
28 23 11
28 24 18
28 25 7
28 26 13
28 27 36
29 2 22
29 3 9
29 4 27
29 5 14
29 7 24
29 9 8
29 10 37
29 13 35
29 19 38
29 20 14
29 22 33
29 23 37
29 24 16
29 25 11
29 26 14
29 27 39
30 0 38
30 2 37
30 4 18
30 5 39
30 8 27
30 9 40
30 10 5
30 11 31
30 13 29
30 16 2
30 18 38
30 19 9
30 20 1
30 21 12
30 22 26
30 23 17
30 25 5
30 26 29
30 27 19
30 28 23
30 29 21
31 0 26
31 1 8
31 4 30
31 6 36
31 7 30
31 9 9
31 10 24
31 13 24
31 14 4
31 15 40
31 16 21
31 17 4
31 19 21
31 20 16
31 21 11
31 23 23
31 24 18
31 26 27
31 28 36
31 29 6
31 30 21
32 0 37
32 2 4
32 4 3
32 5 29
32 6 27
32 11 28
32 13 11
32 14 12
32 15 1
32 16 14
32 17 29
32 19 4
32 20 24
32 21 14
32 23 1
32 25 36
32 28 2
32 29 6
32 30 29
32 31 20
33 2 22
33 3 31
33 5 13
33 6 36
33 7 19
33 8 7
33 9 20
33 11 34
33 12 36
33 14 23
33 15 20
33 17 2
33 20 15
33 22 9
33 25 26
33 26 16
33 27 7
33 28 29
33 29 35
33 30 29
33 31 11
34 0 30
34 1 23
34 2 24
34 3 25
34 4 34
34 5 15
34 6 27
34 9 27
34 10 33
34 11 27
34 12 17
34 14 7
34 15 12
34 18 32
34 20 38
34 21 37
34 23 18
34 25 9
34 26 19
34 27 16
34 30 28
34 32 29
35 3 30
35 4 2
35 5 26
35 6 37
35 7 24
35 8 11
35 9 21
35 10 29
35 11 18
35 12 14
35 13 7
35 14 15
35 15 11
35 17 14
35 18 20
35 19 24
35 20 28
35 21 25
35 24 22
35 25 23
35 26 2
35 27 19
35 28 37
35 30 26
35 31 27
35 33 1
35 34 25
36 0 30
36 2 7
36 3 15
36 4 36
36 5 9
36 6 39
36 7 20
36 8 25
36 9 14
36 10 36
36 16 25
36 19 11
36 20 28
36 21 32
36 22 23
36 23 25
36 24 1
36 25 40
36 27 3
36 28 38
36 29 17
36 30 35
36 33 27
36 34 5
37 2 36
37 3 22
37 5 21
37 6 13
37 8 15
37 11 13
37 12 19
37 14 14
37 15 2
37 18 19
37 19 11
37 20 38
37 21 24
37 22 34
37 23 6
37 26 14
37 27 40
37 29 7
37 30 22
37 32 33
37 33 28
37 34 25
37 36 28
38 0 32
38 1 18
38 3 37
38 4 33
38 6 9
38 7 24
38 8 28
38 10 6
38 11 37
38 12 17
38 13 25
38 14 17
38 15 27
38 16 8
38 17 39
38 21 22
38 23 14
38 24 6
38 25 36
38 26 36
38 27 16
38 32 32
38 33 10
38 35 11
38 36 21
38 37 16
39 0 34
39 2 16
39 3 16
39 4 16
39 6 14
39 7 31
39 8 29
39 9 36
39 12 36
39 13 22
39 14 5
39 15 9
39 16 38
39 17 32
39 18 40
39 19 34
39 20 36
39 21 14
39 23 16
39 24 38
39 26 23
39 28 30
39 30 14
39 32 8
39 34 16
39 37 9
39 38 40
40 1 20
40 2 9
40 4 33
40 5 36
40 6 19
40 7 30
40 9 30
40 11 3
40 13 24
40 14 22
40 16 24
40 18 22
40 19 4
40 20 5
40 21 26
40 23 31
40 25 29
40 27 20
40 28 22
40 29 40
40 31 38
40 33 7
40 34 20
40 35 17
40 36 39
40 39 5
41 0 40
41 1 13
41 2 15
41 3 18
41 4 6
41 5 4
41 6 36
41 7 30
41 8 21
41 12 22
41 13 26
41 16 17
41 17 25
41 18 24
41 19 22
41 20 16
41 22 35
41 24 8
41 25 29
41 26 21
41 29 17
41 30 25
41 31 3
41 32 6
41 33 22
41 35 25
41 37 16
41 39 20
42 0 24
42 3 8
42 5 24
42 6 35
42 7 4
42 8 34
42 9 19
42 11 17
42 12 27
42 13 6
42 14 10
42 15 28
42 16 24
42 17 36
42 19 24
42 20 32
42 21 25
42 22 33
42 23 11
42 24 29
42 25 25
42 26 1
42 27 24
42 28 18
42 29 40
42 30 14
42 31 19
42 36 30
42 37 17
42 38 20
42 39 39
42 41 34
43 0 30
43 1 20
43 3 20
43 4 26
43 5 18
43 6 38
43 9 35
43 10 37
43 12 34
43 15 29
43 17 2
43 18 23
43 19 26
43 20 35
43 21 31
43 22 33
43 23 13
43 24 18
43 25 14
43 27 22
43 28 16
43 30 11
43 31 34
43 32 13
43 33 31
43 34 25
43 35 29
43 36 36
43 38 29
43 40 38
43 41 28
43 42 27
44 1 33
44 3 33
44 4 33
44 5 30
44 6 31
44 7 35
44 9 31
44 10 26
44 11 8
44 13 1
44 14 13
44 17 9
44 20 20
44 21 12
44 22 33
44 23 14
44 25 2
44 27 40
44 28 40
44 29 27
44 30 1
44 31 40
44 32 27
44 33 17
44 34 31
44 35 12
44 36 27
44 37 33
44 38 13
44 39 25
44 41 11
44 42 39
44 43 34
45 0 31
45 1 6
45 2 13
45 3 17
45 4 27
45 5 6
45 6 37
45 7 38
45 9 24
45 10 9
45 12 18
45 13 39
45 14 18
45 15 40
45 17 31
45 18 33
45 19 13
45 20 5
45 22 13
45 23 12
45 24 3
45 26 4
45 27 4
45 28 32
45 29 13
45 30 18
45 32 19
45 33 23
45 34 4
45 35 23
45 36 28
45 41 26
45 42 30
45 44 35
46 1 33
46 4 16
46 5 5
46 6 10
46 7 20
46 9 33
46 12 37
46 13 35
46 14 4
46 17 34
46 18 40
46 19 29
46 21 5
46 23 25
46 24 8
46 25 17
46 26 19
46 32 30
46 34 38
46 35 6
46 36 30
46 37 19
46 40 35
46 41 13
46 42 37
46 43 30
46 44 19
46 45 32
47 0 20
47 1 40
47 5 33
47 6 30
47 7 11
47 8 2
47 10 28
47 11 26
47 12 8
47 13 22
47 14 1
47 15 35
47 17 5
47 18 30
47 19 11
47 20 35
47 21 34
47 22 40
47 23 29
47 25 30
47 26 26
47 27 34
47 30 15
47 31 22
47 32 5
47 33 7
47 34 8
47 35 28
47 36 14
47 37 4
47 38 36
47 39 38
47 40 26
47 41 31
47 42 18
47 44 31
47 45 5
48 0 22
48 2 11
48 3 36
48 5 26
48 6 22
48 7 18
48 8 12
48 9 8
48 10 22
48 11 9
48 12 31
48 15 36
48 16 20
48 17 18
48 18 3
48 19 32
48 20 12
48 21 12
48 23 27
48 24 13
48 25 3
48 26 26
48 27 7
48 29 27
48 30 13
48 31 25
48 32 30
48 33 5
48 34 18
48 36 9
48 37 11
48 39 11
48 40 31
48 41 7
48 42 17
48 43 18
48 44 10
48 46 14
49 0 39
49 1 30
49 3 4
49 4 16
49 5 17
49 6 27
49 7 36
49 9 17
49 11 35
49 14 36
49 15 8
49 16 18
49 18 26
49 22 12
49 23 34
49 24 2
49 25 21
49 26 18
49 28 38
49 29 25
49 31 36
49 32 25
49 33 20
49 34 16
49 37 12
49 38 3
49 40 3
49 41 19
49 42 4
49 44 39
49 45 34
49 47 25
50 0 7
50 1 23
50 2 13
50 4 15
50 5 5
50 6 10
50 7 29
50 8 2
50 9 36
50 10 8
50 11 8
50 13 21
50 14 7
50 16 3
50 17 23
50 18 26
50 19 36
50 20 34
50 21 31
50 23 20
50 25 10
50 27 5
50 28 9
50 29 12
50 30 14
50 31 1
50 33 19
50 34 40
50 36 36
50 37 16
50 39 4
50 40 40
50 41 17
50 42 21
50 43 21
50 45 9
50 47 17
50 48 32
50 49 1
51 0 28
51 3 9
51 4 8
51 5 23
51 9 5
51 10 19
51 11 6
51 13 39
51 16 28
51 17 5
51 18 13
51 19 6
51 20 26
51 22 24
51 23 15
51 24 27
51 27 18
51 28 32
51 29 16
51 32 25
51 33 17
51 34 17
51 36 40
51 37 31
51 38 40
51 39 30
51 40 22
51 45 32
51 47 21
51 48 19
51 49 18
51 50 1
52 1 37
52 2 31
52 3 28
52 5 37
52 6 40
52 7 28
52 8 25
52 9 16
52 10 33
52 12 30
52 13 35
52 14 9
52 16 21
52 17 4
52 18 17
52 20 24
52 21 39
52 24 25
52 25 16
52 26 22
52 27 37
52 28 24
52 29 22
52 31 22
52 32 18
52 33 1
52 35 28
52 36 2
52 37 18
52 38 17
52 40 40
52 41 31
52 42 4
52 43 16
52 46 19
52 47 32
52 49 11
52 50 6
52 51 24
53 1 20
53 3 15
53 4 39
53 5 36
53 7 2
53 8 34
53 9 9
53 10 40
53 13 7
53 15 40
53 16 5
53 17 38
53 18 31
53 19 13
53 20 4
53 22 1
53 23 16
53 28 38
53 29 22
53 31 20
53 33 15
53 34 20
53 35 20
53 36 23
53 39 31
53 40 26
53 41 14
53 42 26
53 43 21
53 44 15
53 45 5
53 46 20
53 47 2
53 49 11
53 50 26
53 52 1
54 0 29
54 2 5
54 4 38
54 5 34
54 7 3
54 10 25
54 11 34
54 12 26
54 13 17
54 14 20
54 15 26
54 16 23
54 17 17
54 18 29
54 20 31
54 21 34
54 22 7
54 23 28
54 24 8
54 26 40
54 27 1
54 29 17
54 30 23
54 32 26
54 33 22
54 39 5
54 40 22
54 41 10
54 42 27
54 44 31
54 46 8
54 47 8
54 49 28
55 0 35
55 1 27
55 2 24
55 3 11
55 5 28
55 6 12
55 8 5
55 9 12
55 12 2
55 13 18
55 14 39
55 15 26
55 16 18
55 18 18
55 19 36
55 20 33
55 21 6
55 22 32
55 24 5
55 25 22
55 26 15
55 27 21
55 30 3
55 31 1
55 34 6
55 36 27
55 37 30
55 39 16
55 40 26
55 41 24
55 43 10
55 44 2
55 45 4
55 46 2
55 47 30
55 48 7
55 49 24
55 50 20
55 51 11
55 53 40
56 0 6
56 3 27
56 4 28
56 6 31
56 8 29
56 9 34
56 10 9
56 11 19
56 13 33
56 15 35
56 16 21
56 17 34
56 19 8
56 20 19
56 21 22
56 22 30
56 23 17
56 24 23
56 25 21
56 26 13
56 28 39
56 29 40
56 30 11
56 32 18
56 34 25
56 35 31
56 38 7
56 39 9
56 40 32
56 41 5
56 42 30
56 43 17
56 45 15
56 46 30
56 47 24
56 48 30
56 49 18
56 50 13
56 51 2
56 52 23
56 54 3
56 55 28
57 1 3
57 2 28
57 3 25
57 4 28
57 5 24
57 6 16
57 7 8
57 8 18
57 11 26
57 14 22
57 18 11
57 19 37
57 20 2
57 21 7
57 22 40
57 23 25
57 24 25
57 25 2
57 27 6
57 28 23
57 30 16
57 31 32
57 33 23
57 36 11
57 37 3
57 38 21
57 40 16
57 42 13
57 43 22
57 44 9
57 45 40
57 46 19
57 49 27
57 53 29
57 54 31
57 55 12
58 0 7
58 1 15
58 2 30
58 3 8
58 5 22
58 7 26
58 8 4
58 9 38
58 11 1
58 12 34
58 14 40
58 15 6
58 16 25
58 17 26
58 18 16
58 19 6
58 20 35
58 21 19
58 22 9
58 23 21
58 25 26
58 26 1
58 28 7
58 29 1
58 32 39
58 33 19
58 34 4
58 35 27
58 36 18
58 37 26
58 38 35
58 39 23
58 41 12
58 42 28
58 43 3
58 44 31
58 47 8
58 48 5
58 49 4
58 50 4
58 51 10
58 53 14
58 54 4
58 55 31
58 56 39
59 2 17
59 3 29
59 4 20
59 5 29
59 6 39
59 7 25
59 8 32
59 10 9
59 12 39
59 13 26
59 14 12
59 15 15
59 16 20
59 17 30
59 18 11
59 19 15
59 20 9
59 23 13
59 25 36
59 26 1
59 27 18
59 28 22
59 30 37
59 31 30
59 33 28
59 34 38
59 37 26
59 38 3
59 40 26
59 41 1
59 42 28
59 43 27
59 44 24
59 45 25
59 46 17
59 47 6
59 48 23
59 49 37
59 50 26
59 52 4
59 53 36
59 54 22
59 55 5
59 56 21
59 58 22
