30
3 0 85
3 1 145
4 2 97
4 3 95
5 4 91
6 4 82
7 0 75
7 3 84
8 0 87
8 1 112
8 6 121
8 7 109
9 2 35
9 4 102
9 5 109
10 0 116
10 5 114
10 8 5
12 0 158
12 3 50
13 0 29
13 3 67
13 5 55
13 11 25
14 1 140
14 2 75
14 5 22
14 8 109
14 13 10
15 0 146
15 7 124
15 13 111
15 14 96
16 9 114
17 6 160
17 9 146
17 11 67
17 14 89
17 15 35
18 4 134
18 6 3
18 8 22
18 10 51
18 11 18
18 12 58
18 13 48
18 14 14
18 16 154
19 4 20
19 6 134
19 7 30
19 11 55
19 16 127
20 3 53
20 7 83
20 12 112
20 14 60
20 15 153
20 19 16
21 2 114
21 4 52
21 5 119
21 6 83
21 11 35
21 13 113
21 14 66
21 16 138
21 20 122
22 0 124
22 1 72
22 8 83
22 15 131
22 16 82
22 18 103
23 3 71
23 8 35
23 11 140
23 12 47
23 13 46
23 15 126
23 20 147
23 22 104
24 5 1
24 6 52
24 7 118
24 10 50
24 11 54
24 12 35
24 17 25
24 19 22
25 4 79
25 5 102
25 8 7
25 9 103
25 14 62
25 18 99
25 21 73
25 24 16
26 2 46
26 3 64
26 7 35
26 19 3
26 21 78
26 22 25
26 23 112
26 24 16
26 25 63
27 10 107
27 11 130
27 12 111
27 14 94
27 20 18
27 24 147
28 0 7
28 1 63
28 2 110
28 11 153
28 14 91
28 26 77
28 27 71
29 6 150
29 7 42
29 19 48
29 20 32
29 21 117
29 23 65
29 27 113
29 28 22
