50
1 0 225
2 0 222
2 1 280
3 0 97
4 0 89
4 1 250
5 0 312
5 1 130
5 4 170
6 2 254
6 5 281
7 0 229
7 1 215
7 2 84
7 3 287
7 4 32
7 5 24
7 6 24
8 1 229
8 2 252
8 3 299
8 5 121
8 6 241
8 7 317
9 3 31
9 4 117
9 5 250
9 7 272
10 0 245
10 1 72
10 2 234
10 3 304
10 4 291
10 5 201
10 6 85
10 7 266
11 1 213
11 3 2
11 4 108
11 5 61
11 6 239
11 7 300
11 8 5
11 9 5
11 10 134
12 0 79
12 1 133
12 2 54
12 3 1
12 4 281
12 5 77
12 8 123
12 9 16
12 10 205
12 11 201
13 0 60
13 1 279
13 2 170
13 3 292
13 4 221
13 7 313
13 9 8
13 10 251
13 11 222
14 0 168
14 1 112
14 2 225
14 3 293
14 4 7
14 5 235
14 6 87
14 9 172
14 10 20
14 11 207
14 13 131
15 0 15
15 1 242
15 2 198
15 3 292
15 5 166
15 8 276
15 9 4
15 10 194
16 0 23
16 1 282
16 2 279
16 4 301
16 6 213
16 7 294
16 8 294
16 9 169
16 12 147
16 14 251
17 1 6
17 2 123
17 3 83
17 4 310
17 6 241
17 7 292
17 9 61
17 10 107
17 13 57
17 14 182
17 15 253
17 16 264
18 0 108
18 1 48
18 2 182
18 3 136
18 4 100
18 5 300
18 7 212
18 8 217
18 10 163
18 11 192
18 12 258
18 13 308
18 15 19
18 16 141
19 0 39
19 2 302
19 3 135
19 7 5
19 8 162
19 9 129
19 10 319
19 11 262
19 13 257
19 14 192
19 15 97
19 18 305
20 0 159
20 1 197
20 2 206
20 3 316
20 4 225
20 8 79
20 10 232
20 11 76
20 12 152
20 14 142
20 15 122
20 16 217
20 17 261
21 1 274
21 2 309
21 3 116
21 4 222
21 5 217
21 6 72
21 8 261
21 10 277
21 11 88
21 12 92
21 13 253
21 14 118
21 15 277
21 17 275
21 18 249
21 19 216
22 0 311
22 3 68
22 4 306
22 5 205
22 6 5
22 7 79
22 8 4
22 11 230
22 12 32
22 14 73
22 15 107
22 17 74
22 20 67
23 0 40
23 2 237
23 3 72
23 4 166
23 5 311
23 6 148
23 7 240
23 9 176
23 12 31
23 13 5
23 14 20
23 15 118
23 16 41
23 17 21
23 18 93
23 19 283
23 20 146
23 21 195
23 22 54
24 0 287
24 2 56
24 3 151
24 4 183
24 5 184
24 6 290
24 8 157
24 9 98
24 11 240
24 12 39
24 13 119
24 15 100
24 16 49
24 18 250
24 19 3
24 20 199
24 21 179
24 22 167
24 23 272
25 0 192
25 1 122
25 2 199
25 4 142
25 5 313
25 6 20
25 8 269
25 9 54
25 12 213
25 13 99
25 14 134
25 15 127
25 16 132
25 17 46
25 18 262
25 20 135
25 21 267
25 22 7
25 23 134
25 24 59
26 0 179
26 1 34
26 2 199
26 3 180
26 4 276
26 6 107
26 7 202
26 8 41
26 9 116
26 11 306
26 12 25
26 13 273
26 14 202
26 15 27
26 16 233
26 17 46
26 18 14
26 19 276
26 20 253
26 21 113
26 22 300
26 23 171
26 24 41
26 25 145
27 0 110
27 1 301
27 4 112
27 5 25
27 6 284
27 7 161
27 8 139
27 10 126
27 12 244
27 13 316
27 14 57
27 15 51
27 16 75
27 17 226
27 18 136
27 19 62
27 21 65
27 23 237
27 24 67
27 25 22
28 1 50
28 2 273
28 4 90
28 5 134
28 6 315
28 7 80
28 9 304
28 10 154
28 13 138
28 14 44
28 15 58
28 17 186
28 19 78
28 20 194
28 22 189
28 23 291
28 25 49
28 26 234
28 27 56
29 0 315
29 1 56
29 2 106
29 3 299
29 5 294
29 6 230
29 8 310
29 9 117
29 10 257
29 11 150
29 12 297
29 13 36
29 14 51
29 15 54
29 16 133
29 17 268
29 18 282
29 19 197
29 20 62
29 21 288
29 23 14
29 24 116
29 25 139
29 26 192
29 27 75
29 28 44
30 0 151
30 1 246
30 4 288
30 5 256
30 8 129
30 10 185
30 11 164
30 12 203
30 13 243
30 14 26
30 15 189
30 16 201
30 17 312
30 18 3
30 19 279
30 20 41
30 21 26
30 22 184
30 25 302
30 26 176
30 27 120
30 28 290
31 0 306
31 1 29
31 3 291
31 5 15
31 6 124
31 7 268
31 8 98
31 9 291
31 10 125
31 12 104
31 13 262
31 14 303
31 15 81
31 16 226
31 17 76
31 19 90
31 20 290
31 22 126
31 24 179
31 25 40
31 26 163
31 28 202
31 30 181
32 0 65
32 1 193
32 2 101
32 4 49
32 5 119
32 6 51
32 7 48
32 8 42
32 9 239
32 10 143
32 11 164
32 13 40
32 14 220
32 16 265
32 17 305
32 18 314
32 20 169
32 21 190
32 22 47
32 23 225
32 24 19
32 25 7
32 27 205
32 30 91
32 31 27
33 0 107
33 1 96
33 2 228
33 3 109
33 4 143
33 5 86
33 6 144
33 7 163
33 9 219
33 11 72
33 12 107
33 14 319
33 16 185
33 17 60
33 18 187
33 19 72
33 21 155
33 22 125
33 23 201
33 24 110
33 25 92
33 26 57
33 30 137
33 31 126
33 32 106
34 0 315
34 2 150
34 4 256
34 5 251
34 6 197
34 7 140
34 8 147
34 9 195
34 10 112
34 11 284
34 12 279
34 13 239
34 14 46
34 15 52
34 16 277
34 19 8
34 22 109
34 23 305
34 24 18
34 25 26
34 26 168
34 27 275
34 28 300
34 29 110
34 31 110
34 33 38
35 0 263
35 1 166
35 2 144
35 4 94
35 5 221
35 6 37
35 7 219
35 8 37
35 10 186
35 11 160
35 12 316
35 13 125
35 14 173
35 15 92
35 16 196
35 19 135
35 21 61
35 22 239
35 23 113
35 24 129
35 25 14
35 27 81
35 29 240
35 30 284
35 32 195
35 34 155
36 0 297
36 1 302
36 2 237
36 4 257
36 5 146
36 7 255
36 10 35
36 12 202
36 15 75
36 16 29
36 17 152
36 18 81
36 20 25
36 22 224
36 23 264
36 25 36
36 27 125
36 28 129
36 29 214
36 33 136
36 34 253
36 35 215
37 2 162
37 5 188
37 6 79
37 7 73
37 10 268
37 12 157
37 13 85
37 16 103
37 17 241
37 20 66
37 21 146
37 22 32
37 23 154
37 24 163
37 26 158
37 27 8
37 28 272
37 29 236
37 30 298
37 31 288
37 32 29
37 36 14
38 0 149
38 1 153
38 3 48
38 6 108
38 8 263
38 11 187
38 12 248
38 16 171
38 17 120
38 18 38
38 19 3
38 20 160
38 22 14
38 23 196
38 26 318
38 27 239
38 28 274
38 29 292
38 30 32
38 31 18
38 33 182
38 34 137
38 35 125
38 36 98
39 1 135
39 2 40
39 3 290
39 4 8
39 5 213
39 6 250
39 7 258
39 8 3
39 10 290
39 12 303
39 13 20
39 14 37
39 15 166
39 17 101
39 19 59
39 21 252
39 22 149
39 23 86
39 25 56
39 26 53
39 28 23
39 29 91
39 30 70
39 31 93
39 34 8
39 35 316
39 37 258
39 38 19
40 0 263
40 2 61
40 3 311
40 4 255
40 5 113
40 6 34
40 9 67
40 10 43
40 12 16
40 13 64
40 14 109
40 15 316
40 16 301
40 18 125
40 19 10
40 20 310
40 21 213
40 22 114
40 23 149
40 24 184
40 25 277
40 26 85
40 27 241
40 28 130
40 29 129
40 30 146
40 31 64
40 32 76
40 33 263
40 34 224
40 35 94
40 36 215
40 37 198
40 38 213
40 39 274
41 0 37
41 1 13
41 2 267
41 3 252
41 4 296
41 5 138
41 6 59
41 7 24
41 8 262
41 9 137
41 10 114
41 11 25
41 12 244
41 13 198
41 14 47
41 16 28
41 18 143
41 19 164
41 20 254
41 21 24
41 22 163
41 23 141
41 24 280
41 25 208
41 27 183
41 28 286
41 29 261
41 31 162
41 32 6
41 34 166
41 35 171
41 36 105
41 39 148
41 40 141
42 1 60
42 2 70
42 4 227
42 5 239
42 7 37
42 12 130
42 14 236
42 16 171
42 17 2
42 20 134
42 21 32
42 22 20
42 23 226
42 24 277
42 26 317
42 29 26
42 30 141
42 31 176
42 33 5
42 34 89
42 35 267
42 37 264
42 39 108
42 40 17
42 41 123
43 0 157
43 1 50
43 3 106
43 4 73
43 5 247
43 6 157
43 8 78
43 9 25
43 10 128
43 11 177
43 12 284
43 13 48
43 14 238
43 16 261
43 17 244
43 18 27
43 19 310
43 20 42
43 22 219
43 24 261
43 25 96
43 26 312
43 27 18
43 28 270
43 29 199
43 30 177
43 31 153
43 32 59
43 33 127
43 35 146
43 36 74
43 37 130
43 40 52
43 42 78
44 0 43
44 1 236
44 3 119
44 7 49
44 8 195
44 9 81
44 10 14
44 11 217
44 12 175
44 13 37
44 16 262
44 17 195
44 18 237
44 20 97
44 21 116
44 22 4
44 23 52
44 24 279
44 25 187
44 29 66
44 30 31
44 31 14
44 32 21
44 33 239
44 35 94
44 36 282
44 38 292
44 40 100
44 41 211
44 43 257
45 0 274
45 1 29
45 2 43
45 3 72
45 4 59
45 5 68
45 8 61
45 9 291
45 11 60
45 14 186
45 16 56
45 17 1
45 18 257
45 20 133
45 21 284
45 22 31
45 24 237
45 25 90
45 28 7
45 30 309
45 31 37
45 32 207
45 33 256
45 35 127
45 36 275
45 37 320
45 38 303
45 40 300
45 41 141
45 42 28
45 44 286
46 1 272
46 2 253
46 3 293
46 4 250
46 5 120
46 6 97
46 8 210
46 10 22
46 12 317
46 13 304
46 15 188
46 16 36
46 17 78
46 18 237
46 19 75
46 20 58
46 21 19
46 24 124
46 26 184
46 27 127
46 28 90
46 29 84
46 30 132
46 32 184
46 34 6
46 36 239
46 37 149
46 38 296
46 39 298
46 41 248
46 42 300
46 44 299
46 45 197
47 0 202
47 1 139
47 2 195
47 3 244
47 4 181
47 5 298
47 6 276
47 7 271
47 8 125
47 9 120
47 10 313
47 11 82
47 12 23
47 13 89
47 14 75
47 15 95
47 16 290
47 18 252
47 19 288
47 20 34
47 21 302
47 22 215
47 23 263
47 24 282
47 25 305
47 26 200
47 28 271
47 29 266
47 30 42
47 32 235
47 33 226
47 35 236
47 36 86
47 39 7
47 42 251
47 44 28
47 46 255
48 0 200
48 1 68
48 2 168
48 3 172
48 4 9
48 7 167
48 9 181
48 10 203
48 11 309
48 12 169
48 13 57
48 14 164
48 15 114
48 17 255
48 19 277
48 20 286
48 21 92
48 22 292
48 25 287
48 26 237
48 27 161
48 28 154
48 29 72
48 30 232
48 32 172
48 33 13
48 34 187
48 35 95
48 36 102
48 38 301
48 39 83
48 42 52
48 44 116
48 45 141
48 47 104
49 0 58
49 2 95
49 3 314
49 4 49
49 5 212
49 6 310
49 8 7
49 11 294
49 12 48
49 13 165
49 14 273
49 15 223
49 16 2
49 17 157
49 18 297
49 19 284
49 20 149
49 21 9
49 22 314
49 23 285
49 24 26
49 26 244
49 28 12
49 30 57
49 31 132
49 32 265
49 33 114
49 34 113
49 35 149
49 37 10
49 39 205
49 41 200
49 42 1
49 43 310
49 44 37
49 46 38
49 47 239
49 48 286
