60
1 0 135
3 1 295
3 2 15
4 0 34
4 1 87
4 2 227
4 3 28
5 0 78
5 1 273
5 2 182
5 3 218
6 0 309
6 2 43
6 3 287
6 4 31
6 5 153
7 0 55
7 2 268
7 4 186
8 0 270
8 4 161
8 5 275
8 6 302
8 7 208
9 0 179
9 2 33
9 8 87
10 1 235
10 5 314
10 7 215
10 8 55
10 9 257
11 0 166
11 1 32
11 4 112
11 5 242
11 6 100
11 7 148
11 8 100
11 10 42
12 3 209
12 4 220
12 5 29
12 6 157
12 8 317
12 9 96
12 11 163
13 1 318
13 2 240
13 4 116
13 5 46
13 7 215
13 9 160
13 10 309
13 12 112
14 0 151
14 1 264
14 3 13
14 6 198
14 8 231
14 11 296
14 12 252
14 13 258
15 0 178
15 2 129
15 4 310
15 5 176
15 8 89
15 9 207
15 10 34
15 11 239
15 12 172
15 13 78
15 14 39
16 0 287
16 2 25
16 4 193
16 7 304
16 12 268
16 13 180
16 14 5
16 15 34
17 0 43
17 1 282
17 2 15
17 4 14
17 5 134
17 6 316
17 8 138
17 9 111
17 11 69
17 12 208
17 13 111
17 14 17
17 16 87
18 1 48
18 4 230
18 5 203
18 6 5
18 7 97
18 9 25
18 10 131
18 11 278
18 12 42
18 16 250
18 17 275
19 1 267
19 5 319
19 6 84
19 7 144
19 9 275
19 13 173
19 16 166
19 17 188
19 18 145
20 0 301
20 1 117
20 3 10
20 4 190
20 5 301
20 6 234
20 7 289
20 9 199
20 11 300
20 13 168
20 14 263
20 15 18
20 19 319
21 1 61
21 3 154
21 5 146
21 6 266
21 7 41
21 8 81
21 9 125
21 10 100
21 11 276
21 12 68
21 13 213
21 14 263
21 15 48
21 16 207
21 18 254
21 20 210
22 3 79
22 4 33
22 5 163
22 7 19
22 8 21
22 10 42
22 11 183
22 12 270
22 13 89
22 15 86
22 16 64
22 17 222
22 18 45
22 19 14
22 20 273
22 21 300
23 2 288
23 7 129
23 8 131
23 9 43
23 10 243
23 11 246
23 14 5
23 15 252
23 16 168
23 20 82
23 21 246
23 22 23
24 0 59
24 2 287
24 3 107
24 4 202
24 5 246
24 8 107
24 10 72
24 13 21
24 14 1
24 16 266
24 17 76
24 18 233
24 20 173
24 22 281
24 23 218
25 0 41
25 1 23
25 2 107
25 5 260
25 10 267
25 11 39
25 12 271
25 15 278
25 16 273
25 18 109
25 19 68
25 21 117
25 22 291
25 24 310
26 0 181
26 4 110
26 5 318
26 6 171
26 7 153
26 14 1
26 15 315
26 21 298
26 23 96
26 24 81
26 25 26
27 0 197
27 1 241
27 2 299
27 6 77
27 7 209
27 8 208
27 9 267
27 12 161
27 13 37
27 17 197
27 18 105
27 20 115
27 22 77
27 23 14
27 26 109
28 0 30
28 1 178
28 2 112
28 5 152
28 6 206
28 7 228
28 9 204
28 10 294
28 11 118
28 13 92
28 14 60
28 16 259
28 17 154
28 19 31
28 20 127
28 21 13
28 23 167
28 27 35
29 0 281
29 2 169
29 3 3
29 5 146
29 7 110
29 8 175
29 9 303
29 11 292
29 12 306
29 13 196
29 16 159
29 17 129
29 18 13
29 20 79
29 22 208
29 24 22
29 25 234
29 26 102
29 27 12
30 1 230
30 2 275
30 3 180
30 5 216
30 8 251
30 10 61
30 11 45
30 12 253
30 14 55
30 21 305
30 24 55
30 27 164
30 29 128
31 0 182
31 3 37
31 4 204
31 7 1
31 8 160
31 9 163
31 11 128
31 12 36
31 17 206
31 20 285
31 22 12
31 23 70
31 24 183
31 25 262
31 26 227
31 27 309
31 28 287
32 7 219
32 8 158
32 9 159
32 10 280
32 13 29
32 14 155
32 16 276
32 17 116
32 19 246
32 20 131
32 21 221
32 22 71
32 23 200
32 25 239
32 27 184
32 29 153
32 30 240
33 0 105
33 2 240
33 3 214
33 4 115
33 5 135
33 6 277
33 7 232
33 8 33
33 10 309
33 12 283
33 16 126
33 17 107
33 18 191
33 19 275
33 20 116
33 21 208
33 24 148
33 30 135
33 31 21
33 32 102
34 4 150
34 7 209
34 9 132
34 12 55
34 13 33
34 14 64
34 16 259
34 17 54
34 19 24
34 21 231
34 22 296
34 23 191
34 26 23
34 28 143
34 30 3
34 31 120
34 32 40
35 0 223
35 1 271
35 4 296
35 5 307
35 12 174
35 13 189
35 14 275
35 15 301
35 16 219
35 18 60
35 19 161
35 20 120
35 21 285
35 24 129
35 28 267
35 32 144
36 0 116
36 2 149
36 3 36
36 5 312
36 6 189
36 8 238
36 11 279
36 13 271
36 14 49
36 18 241
36 20 234
36 21 204
36 23 134
36 24 202
36 25 133
36 26 8
36 27 58
36 30 186
36 32 144
36 33 233
36 35 256
37 2 30
37 4 181
37 5 102
37 6 184
37 8 39
37 9 36
37 10 48
37 11 97
37 13 105
37 17 14
37 18 216
37 19 262
37 20 203
37 21 137
37 23 33
37 25 209
37 29 6
37 30 292
37 31 252
37 33 273
37 34 127
37 36 174
38 0 192
38 2 81
38 5 266
38 7 168
38 12 290
38 13 268
38 14 286
38 15 275
38 16 42
38 21 40
38 22 204
38 23 230
38 26 222
38 27 311
38 28 42
38 30 7
38 32 125
38 34 76
38 35 172
38 36 296
38 37 124
39 1 243
39 2 172
39 3 15
39 6 165
39 7 88
39 9 109
39 10 78
39 11 221
39 12 189
39 14 37
39 17 21
39 22 195
39 23 268
39 24 98
39 25 89
39 26 74
39 28 57
39 29 273
39 30 224
39 33 296
39 35 132
39 36 274
39 37 88
40 0 263
40 2 297
40 3 98
40 4 34
40 8 168
40 9 264
40 10 320
40 11 82
40 12 23
40 15 292
40 17 107
40 18 304
40 22 310
40 24 190
40 25 307
40 26 109
40 27 223
40 28 254
40 29 232
40 30 188
40 31 309
40 34 311
40 35 211
40 36 206
40 39 148
41 0 285
41 2 105
41 3 20
41 4 109
41 5 176
41 6 63
41 8 60
41 10 278
41 11 89
41 13 5
41 15 155
41 17 275
41 19 137
41 21 33
41 25 12
41 28 218
41 29 282
41 30 121
41 32 150
41 35 121
41 36 70
41 38 64
41 39 32
42 0 266
42 4 56
42 5 248
42 12 273
42 14 31
42 15 200
42 18 295
42 20 80
42 21 41
42 25 141
42 28 308
42 29 55
42 30 221
42 31 280
42 32 219
42 33 132
42 36 318
42 37 176
42 38 96
42 39 190
42 40 257
42 41 274
43 0 303
43 1 319
43 6 273
43 8 27
43 9 219
43 10 307
43 11 88
43 12 165
43 15 3
43 16 56
43 18 167
43 19 281
43 20 249
43 21 260
43 22 239
43 24 116
43 25 134
43 26 145
43 27 289
43 30 241
43 31 266
43 32 199
43 34 132
43 35 226
43 36 274
43 41 136
43 42 118
44 1 95
44 2 56
44 6 156
44 10 302
44 11 315
44 12 151
44 16 178
44 18 295
44 19 303
44 23 253
44 26 208
44 27 228
44 28 127
44 30 130
44 31 258
44 32 231
44 33 194
44 35 255
44 36 221
44 39 277
44 41 209
44 42 201
44 43 50
45 2 181
45 5 256
45 6 25
45 8 97
45 13 31
45 16 122
45 17 308
45 18 56
45 19 264
45 22 45
45 25 193
45 26 102
45 27 306
45 28 68
45 29 184
45 31 82
45 33 23
45 35 105
45 36 147
45 39 111
45 40 242
45 41 202
45 43 251
45 44 219
46 0 279
46 3 198
46 5 32
46 6 73
46 7 9
46 10 168
46 11 29
46 12 131
46 13 89
46 15 184
46 16 287
46 19 177
46 21 13
46 22 155
46 23 159
46 24 310
46 25 296
46 29 179
46 31 67
46 33 238
46 35 229
46 36 123
46 37 143
46 38 119
46 39 300
46 40 99
46 41 171
46 43 12
46 44 111
47 1 50
47 3 10
47 4 140
47 8 290
47 9 253
47 10 277
47 11 302
47 13 16
47 14 139
47 15 207
47 17 67
47 19 72
47 20 190
47 21 275
47 22 244
47 23 271
47 24 50
47 26 22
47 28 93
47 29 253
47 30 117
47 31 190
47 32 283
47 34 187
47 35 196
47 37 288
47 38 277
47 39 199
47 41 190
47 44 154
47 45 184
47 46 141
48 2 162
48 4 174
48 5 98
48 7 203
48 8 283
48 9 45
48 10 308
48 11 151
48 12 232
48 13 109
48 14 133
48 15 126
48 20 41
48 21 178
48 22 51
48 23 2
48 24 289
48 25 194
48 27 220
48 29 274
48 30 195
48 31 244
48 32 97
48 33 112
48 34 2
48 35 281
48 38 196
48 42 181
48 44 180
48 46 221
48 47 305
49 0 286
49 1 243
49 3 297
49 4 208
49 6 120
49 7 49
49 9 275
49 11 117
49 12 60
49 13 164
49 14 246
49 22 19
49 23 58
49 24 62
49 25 96
49 26 235
49 27 130
49 31 253
49 32 223
49 33 20
49 35 158
49 36 246
49 39 118
49 43 213
49 44 2
49 47 225
49 48 203
50 0 216
50 3 241
50 5 69
50 6 48
50 8 296
50 10 76
50 11 27
50 14 28
50 16 314
50 19 93
50 20 309
50 24 150
50 25 145
50 28 135
50 29 23
50 30 177
50 31 173
50 32 292
50 33 159
50 34 313
50 35 196
50 36 293
50 37 281
50 39 116
50 41 149
50 43 87
50 44 153
50 46 33
50 47 44
50 48 46
50 49 108
51 0 65
51 2 84
51 3 115
51 4 148
51 6 198
51 7 193
51 8 308
51 10 137
51 12 144
51 13 94
51 19 319
51 20 204
51 21 285
51 22 99
51 24 294
51 29 259
51 31 9
51 32 208
51 33 212
51 34 23
51 36 48
51 37 305
51 39 289
51 40 33
51 41 316
51 42 60
51 43 76
51 45 185
51 47 11
51 48 307
51 50 280
52 2 172
52 6 309
52 8 21
52 9 211
52 10 237
52 14 313
52 16 38
52 17 196
52 20 44
52 21 156
52 22 259
52 23 281
52 24 107
52 25 212
52 26 64
52 29 308
52 31 287
52 35 112
52 38 54
52 41 107
52 43 180
52 44 237
52 45 28
52 46 131
52 47 277
52 48 166
52 49 230
53 1 17
53 2 198
53 3 51
53 8 178
53 10 314
53 12 266
53 14 74
53 16 303
53 19 117
53 20 279
53 21 232
53 22 134
53 23 61
53 25 204
53 26 28
53 27 173
53 28 241
53 31 53
53 32 303
53 33 169
53 34 5
53 35 202
53 36 116
53 38 166
53 40 79
53 42 9
53 43 103
53 45 139
53 46 82
53 47 144
53 48 293
53 49 86
53 50 264
53 52 278
54 2 243
54 4 166
54 7 81
54 8 184
54 9 173
54 11 315
54 12 237
54 13 68
54 15 300
54 16 115
54 18 208
54 19 123
54 20 199
54 21 272
54 22 273
54 27 19
54 28 193
54 31 75
54 34 129
54 35 284
54 38 80
54 39 60
54 40 125
54 41 19
54 43 153
54 44 22
54 46 308
54 47 136
54 48 159
54 50 246
54 51 219
54 53 296
55 0 239
55 2 74
55 5 181
55 12 268
55 14 46
55 15 175
55 16 197
55 19 298
55 20 203
55 25 133
55 26 290
55 27 159
55 28 185
55 32 168
55 35 223
55 38 315
55 39 138
55 40 194
55 43 114
55 46 193
55 47 316
55 48 67
55 50 244
55 52 303
55 53 314
55 54 252
56 0 300
56 1 39
56 3 232
56 4 100
56 6 298
56 7 49
56 8 36
56 9 154
56 11 124
56 12 77
56 14 275
56 17 262
56 18 145
56 20 81
56 22 74
56 24 200
56 25 233
56 27 275
56 28 318
56 30 193
56 33 232
56 34 292
56 36 110
56 37 298
56 39 192
56 40 63
56 41 20
56 42 121
56 44 296
56 45 143
56 49 240
56 50 143
56 51 71
56 52 264
56 55 318
57 3 43
57 5 291
57 6 114
57 8 269
57 9 251
57 10 186
57 13 81
57 17 222
57 18 250
57 19 150
57 20 247
57 23 232
57 25 229
57 26 113
57 27 1
57 28 47
57 30 107
57 31 181
57 32 200
57 33 170
57 34 248
57 36 64
57 38 98
57 42 261
57 44 291
57 46 130
57 49 48
57 51 260
57 52 30
57 53 133
57 56 214
58 0 19
58 1 190
58 3 115
58 5 241
58 6 176
58 7 49
58 9 228
58 10 293
58 11 251
58 16 103
58 17 5
58 19 306
58 22 4
58 23 37
58 25 52
58 26 177
58 27 125
58 28 304
58 29 104
58 31 114
58 32 314
58 33 278
58 35 316
58 38 256
58 39 311
58 40 64
58 42 26
58 44 152
58 46 186
58 47 213
58 49 9
58 52 208
58 56 235
59 0 13
59 2 188
59 4 299
59 5 244
59 6 229
59 7 48
59 10 127
59 13 149
59 14 116
59 15 244
59 17 236
59 23 197
59 24 131
59 25 52
59 26 204
59 28 66
59 29 39
59 30 8
59 32 313
59 33 158
59 34 183
59 36 113
59 37 70
59 38 253
59 41 242
59 42 12
59 44 232
59 45 269
59 46 205
59 51 202
59 52 24
59 53 257
59 54 278
