60
1 0 315
2 0 224
2 1 69
3 0 137
3 1 191
3 2 123
4 0 226
4 1 166
4 2 129
4 3 171
5 0 279
5 1 13
5 2 196
5 3 316
5 4 108
6 0 296
6 1 64
6 2 79
6 3 207
6 4 290
6 5 136
7 0 179
7 1 306
7 2 91
7 3 145
7 4 45
7 5 164
7 6 17
8 0 291
8 1 90
8 2 190
8 3 244
8 4 188
8 5 118
8 6 192
8 7 233
9 0 232
9 1 3
9 2 138
9 3 139
9 4 172
9 5 243
9 6 128
9 7 96
9 8 292
10 0 73
10 1 81
10 2 30
10 3 146
10 4 153
10 5 33
10 6 212
10 7 100
10 8 16
10 9 97
11 0 265
11 1 138
11 2 2
11 3 189
11 4 178
11 5 70
11 6 260
11 7 10
11 8 244
11 9 232
11 10 314
12 0 183
12 1 120
12 2 263
12 3 244
12 4 79
12 5 166
12 6 9
12 7 108
12 8 115
12 9 294
12 10 291
12 11 93
13 0 48
13 1 288
13 2 76
13 3 95
13 4 254
13 5 192
13 6 108
13 7 98
13 8 242
13 9 79
13 10 84
13 11 222
13 12 258
14 0 196
14 1 252
14 2 40
14 3 77
14 4 10
14 5 105
14 6 36
14 7 43
14 8 178
14 9 85
14 10 160
14 11 206
14 12 48
14 13 100
15 0 123
15 1 217
15 2 6
15 3 284
15 4 61
15 5 159
15 6 134
15 7 197
15 8 287
15 9 1
15 10 196
15 11 142
15 12 206
15 13 266
15 14 247
16 0 5
16 1 75
16 2 153
16 3 313
16 4 67
16 5 75
16 6 24
16 7 218
16 8 24
16 9 215
16 10 183
16 11 71
16 12 172
16 13 192
16 14 119
16 15 87
17 0 179
17 1 309
17 2 251
17 3 108
17 4 231
17 5 179
17 6 241
17 7 207
17 8 112
17 9 5
17 10 235
17 11 23
17 12 203
17 13 34
17 14 237
17 15 294
17 16 136
18 0 265
18 1 277
18 2 236
18 3 196
18 4 316
18 5 265
18 6 146
18 7 96
18 8 105
18 9 107
18 10 164
18 11 45
18 12 117
18 13 112
18 14 262
18 15 178
18 16 159
18 17 162
19 0 211
19 1 249
19 2 18
19 3 86
19 4 295
19 5 262
19 6 111
19 7 199
19 8 74
19 9 282
19 10 275
19 11 106
19 12 285
19 13 259
19 14 68
19 15 31
19 16 229
19 17 183
19 18 149
20 0 42
20 1 43
20 2 285
20 3 289
20 4 310
20 5 50
20 6 157
20 7 139
20 8 181
20 9 35
20 10 202
20 11 50
20 12 314
20 13 64
20 14 260
20 15 249
20 16 61
20 17 101
20 18 288
20 19 301
21 0 267
21 1 205
21 2 9
21 3 196
21 4 308
21 5 313
21 6 315
21 7 31
21 8 16
21 9 281
21 10 4
21 11 121
21 12 279
21 13 299
21 14 63
21 15 250
21 16 319
21 17 279
21 18 269
21 19 57
21 20 315
22 0 83
22 1 175
22 2 89
22 3 182
22 4 8
22 5 285
22 6 211
22 7 119
22 8 17
22 9 286
22 10 199
22 11 317
22 12 174
22 13 225
22 14 2
22 15 138
22 16 310
22 17 46
22 18 177
22 19 90
22 20 235
22 21 36
23 0 156
23 1 30
23 2 299
23 3 302
23 4 101
23 5 271
23 6 249
23 7 54
23 8 38
23 9 147
23 10 188
23 11 135
23 12 248
23 13 238
23 14 144
23 15 93
23 16 283
23 17 89
23 18 290
23 19 136
23 20 120
23 21 15
23 22 93
24 0 69
24 1 11
24 2 278
24 3 179
24 4 254
24 5 138
24 6 293
24 7 243
24 8 71
24 9 319
24 10 291
24 11 147
24 12 41
24 13 76
24 14 239
24 15 259
24 16 32
24 17 104
24 18 201
24 19 6
24 20 198
24 21 171
24 22 3
24 23 143
25 0 129
25 1 90
25 2 283
25 3 195
25 4 111
25 5 248
25 6 73
25 7 237
25 8 153
25 9 144
25 10 209
25 11 243
25 12 205
25 13 242
25 14 182
25 15 250
25 16 242
25 17 310
25 18 126
25 19 161
25 20 300
25 21 18
25 22 201
25 23 32
25 24 255
26 0 264
26 1 266
26 2 156
26 3 213
26 4 263
26 5 261
26 6 19
26 7 205
26 8 239
26 9 191
26 10 85
26 11 206
26 12 119
26 13 290
26 14 214
26 15 286
26 16 51
26 17 98
26 18 92
26 19 162
26 20 46
26 21 76
26 22 128
26 23 32
26 24 234
26 25 161
27 0 39
27 1 205
27 2 151
27 3 14
27 4 134
27 5 282
27 6 4
27 7 2
27 8 115
27 9 49
27 10 224
27 11 140
27 12 254
27 13 112
27 14 205
27 15 47
27 16 238
27 17 112
27 18 35
27 19 170
27 20 56
27 21 87
27 22 204
27 23 132
27 24 318
27 25 73
27 26 63
28 0 68
28 1 125
28 2 170
28 3 88
28 4 311
28 5 273
28 6 161
28 7 249
28 8 20
28 9 174
28 10 107
28 11 14
28 12 193
28 13 261
28 14 207
28 15 136
28 16 290
28 17 14
28 18 226
28 19 61
28 20 161
28 21 29
28 22 143
28 23 235
28 24 167
28 25 26
28 26 236
28 27 106
29 0 165
29 1 82
29 2 184
29 3 295
29 4 317
29 5 34
29 6 35
29 7 213
29 8 74
29 9 36
29 10 223
29 11 84
29 12 59
29 13 225
29 14 128
29 15 83
29 16 156
29 17 89
29 18 189
29 19 272
29 20 291
29 21 152
29 22 203
29 23 289
29 24 248
29 25 303
29 26 245
29 27 60
29 28 59
30 0 114
30 1 201
30 2 23
30 3 8
30 4 121
30 5 45
30 6 42
30 7 54
30 8 283
30 9 189
30 10 146
30 11 94
30 12 193
30 13 64
30 14 202
30 15 75
30 16 302
30 17 156
30 18 185
30 19 270
30 20 257
30 21 66
30 22 269
30 23 219
30 24 144
30 25 224
30 26 310
30 27 39
30 28 298
30 29 290
31 0 9
31 1 192
31 2 159
31 3 133
31 4 150
31 5 42
31 6 8
31 7 82
31 8 269
31 9 116
31 10 148
31 11 107
31 12 26
31 13 220
31 14 231
31 15 224
31 16 125
31 17 93
31 18 184
31 19 31
31 20 290
31 21 28
31 22 157
31 23 133
31 24 216
31 25 302
31 26 137
31 27 8
31 28 214
31 29 210
31 30 21
32 0 40
32 1 264
32 2 176
32 3 306
32 4 189
32 5 106
32 6 224
32 7 189
32 8 290
32 9 222
32 10 32
32 11 119
32 12 64
32 13 86
32 14 109
32 15 308
32 16 163
32 17 89
32 18 180
32 19 175
32 20 224
32 21 176
32 22 246
32 23 286
32 24 234
32 25 145
32 26 246
32 27 118
32 28 61
32 29 251
32 30 113
32 31 56
33 0 85
33 1 182
33 2 134
33 3 173
33 4 188
33 5 18
33 6 60
33 7 203
33 8 196
33 9 112
33 10 238
33 11 111
33 12 150
33 13 142
33 14 160
33 15 106
33 16 149
33 17 206
33 18 104
33 19 276
33 20 212
33 21 196
33 22 151
33 23 138
33 24 54
33 25 161
33 26 167
33 27 43
33 28 47
33 29 318
33 30 303
33 31 93
33 32 205
34 0 28
34 1 27
34 2 261
34 3 219
34 4 18
34 5 172
34 6 88
34 7 115
34 8 289
34 9 122
34 10 238
34 11 235
34 12 46
34 13 199
34 14 238
34 15 270
34 16 283
34 17 255
34 18 1
34 19 48
34 20 129
34 21 235
34 22 247
34 23 51
34 24 251
34 25 238
34 26 293
34 27 38
34 28 91
34 29 274
34 30 21
34 31 305
34 32 139
34 33 270
35 0 162
35 1 289
35 2 47
35 3 34
35 4 192
35 5 159
35 6 90
35 7 237
35 8 295
35 9 263
35 10 133
35 11 97
35 12 139
35 13 79
35 14 261
35 15 24
35 16 97
35 17 7
35 18 271
35 19 302
35 20 85
35 21 142
35 22 95
35 23 24
35 24 195
35 25 161
35 26 116
35 27 23
35 28 54
35 29 64
35 30 97
35 31 99
35 32 295
35 33 296
35 34 307
36 0 174
36 1 21
36 2 204
36 3 209
36 4 30
36 5 218
36 6 220
36 7 71
36 8 51
36 9 115
36 10 172
36 11 37
36 12 7
36 13 122
36 14 242
36 15 286
36 16 79
36 17 106
36 18 315
36 19 154
36 20 47
36 21 80
36 22 252
36 23 17
36 24 24
36 25 224
36 26 182
36 27 142
36 28 103
36 29 110
36 30 319
36 31 113
36 32 229
36 33 290
36 34 184
36 35 270
37 0 52
37 1 203
37 2 104
37 3 272
37 4 243
37 5 195
37 6 230
37 7 225
37 8 55
37 9 173
37 10 109
37 11 291
37 12 146
37 13 281
37 14 281
37 15 204
37 16 160
37 17 128
37 18 143
37 19 228
37 20 234
37 21 189
37 22 115
37 23 17
37 24 271
37 25 140
37 26 264
37 27 261
37 28 194
37 29 177
37 30 57
37 31 231
37 32 9
37 33 207
37 34 214
37 35 102
37 36 161
38 0 261
38 1 275
38 2 49
38 3 209
38 4 52
38 5 59
38 6 31
38 7 306
38 8 223
38 9 81
38 10 101
38 11 153
38 12 181
38 13 275
38 14 199
38 15 68
38 16 4
38 17 283
38 18 60
38 19 284
38 20 213
38 21 158
38 22 277
38 23 73
38 24 5
38 25 99
38 26 201
38 27 9
38 28 70
38 29 163
38 30 253
38 31 176
38 32 175
38 33 315
38 34 35
38 35 23
38 36 43
38 37 8
39 0 289
39 1 195
39 2 282
39 3 56
39 4 237
39 5 47
39 6 191
39 7 65
39 8 133
39 9 285
39 10 253
39 11 118
39 12 54
39 13 126
39 14 217
39 15 119
39 16 151
39 17 167
39 18 100
39 19 230
39 20 244
39 21 217
39 22 288
39 23 126
39 24 307
39 25 229
39 26 231
39 27 318
39 28 216
39 29 140
39 30 75
39 31 266
39 32 131
39 33 211
39 34 69
39 35 178
39 36 64
39 37 60
39 38 30
40 0 118
40 1 148
40 2 80
40 3 254
40 4 275
40 5 319
40 6 49
40 7 237
40 8 3
40 9 141
40 10 84
40 11 275
40 12 309
40 13 194
40 14 179
40 15 222
40 16 170
40 17 153
40 18 121
40 19 7
40 20 182
40 21 268
40 22 20
40 23 178
40 24 229
40 25 242
40 26 206
40 27 193
40 28 23
40 29 147
40 30 263
40 31 262
40 32 276
40 33 93
40 34 253
40 35 115
40 36 45
40 37 237
40 38 232
40 39 39
41 0 18
41 1 268
41 2 311
41 3 284
41 4 97
41 5 100
41 6 79
41 7 151
41 8 224
41 9 112
41 10 124
41 11 91
41 12 21
41 13 276
41 14 148
41 15 287
41 16 267
41 17 171
41 18 95
41 19 146
41 20 15
41 21 54
41 22 222
41 23 31
41 24 228
41 25 315
41 26 299
41 27 218
41 28 200
41 29 309
41 30 102
41 31 163
41 32 48
41 33 125
41 34 264
41 35 271
41 36 194
41 37 41
41 38 63
41 39 117
41 40 50
42 0 110
42 1 310
42 2 294
42 3 139
42 4 225
42 5 87
42 6 59
42 7 95
42 8 67
42 9 145
42 10 35
42 11 120
42 12 85
42 13 255
42 14 72
42 15 120
42 16 191
42 17 300
42 18 74
42 19 86
42 20 37
42 21 228
42 22 132
42 23 272
42 24 286
42 25 174
42 26 257
42 27 86
42 28 251
42 29 210
42 30 60
42 31 172
42 32 126
42 33 200
42 34 99
42 35 37
42 36 130
42 37 46
42 38 276
42 39 22
42 40 162
42 41 306
43 0 69
43 1 135
43 2 124
43 3 118
43 4 281
43 5 206
43 6 176
43 7 252
43 8 51
43 9 154
43 10 301
43 11 51
43 12 181
43 13 163
43 14 195
43 15 102
43 16 274
43 17 34
43 18 295
43 19 184
43 20 265
43 21 245
43 22 3
43 23 19
43 24 69
43 25 306
43 26 166
43 27 210
43 28 100
43 29 285
43 30 266
43 31 181
43 32 55
43 33 297
43 34 86
43 35 255
43 36 165
43 37 177
43 38 13
43 39 36
43 40 223
43 41 8
43 42 285
44 0 94
44 1 110
44 2 69
44 3 220
44 4 227
44 5 174
44 6 85
44 7 152
44 8 166
44 9 212
44 10 310
44 11 219
44 12 19
44 13 63
44 14 37
44 15 160
44 16 72
44 17 81
44 18 51
44 19 214
44 20 278
44 21 163
44 22 298
44 23 49
44 24 171
44 25 249
44 26 92
44 27 145
44 28 30
44 29 181
44 30 294
44 31 168
44 32 13
44 33 52
44 34 215
44 35 177
44 36 175
44 37 78
44 38 42
44 39 32
44 40 176
44 41 307
44 42 115
44 43 93
45 0 133
45 1 318
45 2 305
45 3 36
45 4 1
45 5 47
45 6 275
45 7 318
45 8 54
45 9 96
45 10 205
45 11 65
45 12 1
45 13 293
45 14 27
45 15 244
45 16 117
45 17 123
45 18 114
45 19 294
45 20 162
45 21 283
45 22 35
45 23 106
45 24 271
45 25 186
45 26 75
45 27 180
45 28 53
45 29 92
45 30 55
45 31 162
45 32 267
45 33 304
45 34 307
45 35 270
45 36 253
45 37 193
45 38 146
45 39 218
45 40 132
45 41 184
45 42 121
45 43 286
45 44 156
46 0 54
46 1 44
46 2 300
46 3 294
46 4 25
46 5 191
46 6 23
46 7 291
46 8 72
46 9 65
46 10 78
46 11 225
46 12 268
46 13 49
46 14 49
46 15 57
46 16 294
46 17 174
46 18 63
46 19 263
46 20 136
46 21 209
46 22 99
46 23 301
46 24 255
46 25 257
46 26 287
46 27 27
46 28 231
46 29 147
46 30 139
46 31 18
46 32 62
46 33 163
46 34 113
46 35 4
46 36 89
46 37 284
46 38 99
46 39 147
46 40 50
46 41 310
46 42 3
46 43 70
46 44 114
46 45 137
47 0 31
47 1 204
47 2 79
47 3 141
47 4 270
47 5 198
47 6 56
47 7 154
47 8 206
47 9 82
47 10 274
47 11 18
47 12 168
47 13 36
47 14 283
47 15 37
47 16 52
47 17 149
47 18 148
47 19 12
47 20 60
47 21 28
47 22 235
47 23 113
47 24 223
47 25 94
47 26 104
47 27 215
47 28 86
47 29 122
47 30 301
47 31 144
47 32 304
47 33 232
47 34 53
47 35 174
47 36 297
47 37 27
47 38 251
47 39 232
47 40 299
47 41 294
47 42 92
47 43 180
47 44 177
47 45 250
47 46 123
48 0 126
48 1 307
48 2 19
48 3 210
48 4 76
48 5 268
48 6 209
48 7 228
48 8 294
48 9 138
48 10 112
48 11 142
48 12 234
48 13 311
48 14 317
48 15 89
48 16 125
48 17 5
48 18 216
48 19 163
48 20 57
48 21 116
48 22 195
48 23 20
48 24 135
48 25 194
48 26 119
48 27 118
48 28 254
48 29 158
48 30 203
48 31 39
48 32 18
48 33 207
48 34 217
48 35 32
48 36 67
48 37 104
48 38 66
48 39 131
48 40 65
48 41 84
48 42 98
48 43 226
48 44 200
48 45 253
48 46 180
48 47 105
49 0 30
49 1 237
49 2 213
49 3 138
49 4 64
49 5 281
49 6 8
49 7 144
49 8 82
49 9 266
49 10 75
49 11 179
49 12 70
49 13 253
49 14 121
49 15 310
49 16 159
49 17 130
49 18 181
49 19 46
49 20 174
49 21 222
49 22 45
49 23 116
49 24 137
49 25 287
49 26 146
49 27 61
49 28 259
49 29 170
49 30 72
49 31 236
49 32 314
49 33 42
49 34 235
49 35 265
49 36 291
49 37 138
49 38 163
49 39 134
49 40 149
49 41 303
49 42 68
49 43 291
49 44 78
49 45 67
49 46 255
49 47 63
49 48 208
50 0 53
50 1 90
50 2 183
50 3 74
50 4 135
50 5 206
50 6 268
50 7 107
50 8 126
50 9 205
50 10 85
50 11 194
50 12 170
50 13 202
50 14 80
50 15 308
50 16 49
50 17 218
50 18 236
50 19 308
50 20 201
50 21 158
50 22 285
50 23 244
50 24 269
50 25 1
50 26 147
50 27 28
50 28 83
50 29 205
50 30 278
50 31 283
50 32 9
50 33 190
50 34 8
50 35 181
50 36 266
50 37 195
50 38 82
50 39 23
50 40 187
50 41 45
50 42 1
50 43 38
50 44 23
50 45 279
50 46 31
50 47 110
50 48 45
50 49 312
51 0 239
51 1 85
51 2 33
51 3 178
51 4 203
51 5 70
51 6 122
51 7 62
51 8 210
51 9 230
51 10 192
51 11 178
51 12 80
51 13 292
51 14 211
51 15 127
51 16 125
51 17 15
51 18 156
51 19 174
51 20 190
51 21 37
51 22 149
51 23 185
51 24 183
51 25 45
51 26 250
51 27 118
51 28 136
51 29 235
51 30 64
51 31 212
51 32 128
51 33 287
51 34 306
51 35 112
51 36 217
51 37 60
51 38 258
51 39 58
51 40 239
51 41 234
51 42 137
51 43 311
51 44 68
51 45 228
51 46 227
51 47 197
51 48 70
51 49 97
51 50 195
52 0 149
52 1 248
52 2 57
52 3 198
52 4 270
52 5 209
52 6 18
52 7 15
52 8 252
52 9 220
52 10 301
52 11 198
52 12 85
52 13 190
52 14 320
52 15 42
52 16 158
52 17 227
52 18 67
52 19 43
52 20 21
52 21 62
52 22 87
52 23 292
52 24 6
52 25 204
52 26 130
52 27 67
52 28 34
52 29 37
52 30 310
52 31 152
52 32 262
52 33 33
52 34 31
52 35 194
52 36 313
52 37 271
52 38 239
52 39 130
52 40 302
52 41 17
52 42 286
52 43 86
52 44 226
52 45 2
52 46 221
52 47 267
52 48 155
52 49 155
52 50 289
52 51 185
53 0 179
53 1 28
53 2 301
53 3 184
53 4 136
53 5 269
53 6 61
53 7 311
53 8 180
53 9 54
53 10 199
53 11 265
53 12 120
53 13 205
53 14 242
53 15 123
53 16 31
53 17 22
53 18 163
53 19 311
53 20 227
53 21 262
53 22 169
53 23 6
53 24 60
53 25 153
53 26 311
53 27 304
53 28 192
53 29 75
53 30 286
53 31 299
53 32 289
53 33 170
53 34 222
53 35 229
53 36 139
53 37 303
53 38 76
53 39 5
53 40 140
53 41 107
53 42 214
53 43 90
53 44 48
53 45 205
53 46 317
53 47 226
53 48 92
53 49 311
53 50 300
53 51 265
53 52 296
54 0 257
54 1 230
54 2 41
54 3 38
54 4 141
54 5 202
54 6 136
54 7 258
54 8 24
54 9 226
54 10 4
54 11 243
54 12 21
54 13 242
54 14 257
54 15 225
54 16 104
54 17 189
54 18 306
54 19 264
54 20 275
54 21 82
54 22 232
54 23 92
54 24 298
54 25 157
54 26 168
54 27 164
54 28 108
54 29 274
54 30 140
54 31 92
54 32 247
54 33 51
54 34 215
54 35 6
54 36 97
54 37 51
54 38 223
54 39 212
54 40 129
54 41 213
54 42 6
54 43 39
54 44 24
54 45 166
54 46 286
54 47 65
54 48 313
54 49 25
54 50 134
54 51 124
54 52 217
54 53 58
55 0 237
55 1 318
55 2 107
55 3 225
55 4 129
55 5 169
55 6 158
55 7 66
55 8 14
55 9 89
55 10 263
55 11 94
55 12 298
55 13 134
55 14 279
55 15 203
55 16 27
55 17 76
55 18 102
55 19 261
55 20 311
55 21 74
55 22 56
55 23 145
55 24 10
55 25 47
55 26 306
55 27 72
55 28 141
55 29 80
55 30 261
55 31 255
55 32 316
55 33 133
55 34 21
55 35 239
55 36 296
55 37 250
55 38 228
55 39 309
55 40 29
55 41 17
55 42 257
55 43 64
55 44 256
55 45 243
55 46 241
55 47 210
55 48 63
55 49 320
55 50 3
55 51 265
55 52 38
55 53 150
55 54 207
56 0 4
56 1 208
56 2 277
56 3 245
56 4 46
56 5 282
56 6 291
56 7 257
56 8 292
56 9 203
56 10 183
56 11 48
56 12 98
56 13 30
56 14 101
56 15 199
56 16 13
56 17 197
56 18 115
56 19 231
56 20 163
56 21 65
56 22 103
56 23 241
56 24 72
56 25 113
56 26 234
56 27 57
56 28 285
56 29 104
56 30 86
56 31 262
56 32 174
56 33 317
56 34 238
56 35 242
56 36 147
56 37 264
56 38 45
56 39 28
56 40 226
56 41 237
56 42 77
56 43 262
56 44 178
56 45 236
56 46 218
56 47 194
56 48 61
56 49 211
56 50 141
56 51 45
56 52 99
56 53 157
56 54 35
56 55 95
57 0 214
57 1 310
57 2 140
57 3 140
57 4 200
57 5 155
57 6 6
57 7 155
57 8 60
57 9 159
57 10 34
57 11 179
57 12 65
57 13 319
57 14 291
57 15 133
57 16 200
57 17 220
57 18 282
57 19 292
57 20 17
57 21 297
57 22 268
57 23 71
57 24 293
57 25 216
57 26 298
57 27 191
57 28 16
57 29 273
57 30 244
57 31 263
57 32 172
57 33 312
57 34 81
57 35 231
57 36 320
57 37 299
57 38 315
57 39 98
57 40 252
57 41 75
57 42 43
57 43 149
57 44 229
57 45 49
57 46 84
57 47 86
57 48 97
57 49 178
57 50 167
57 51 98
57 52 205
57 53 118
57 54 22
57 55 190
57 56 120
58 0 297
58 1 248
58 2 317
58 3 144
58 4 230
58 5 151
58 6 62
58 7 165
58 8 71
58 9 108
58 10 219
58 11 70
58 12 274
58 13 60
58 14 73
58 15 253
58 16 89
58 17 244
58 18 269
58 19 183
58 20 159
58 21 82
58 22 80
58 23 145
58 24 179
58 25 219
58 26 94
58 27 118
58 28 260
58 29 280
58 30 264
58 31 94
58 32 292
58 33 43
58 34 3
58 35 130
58 36 55
58 37 281
58 38 34
58 39 104
58 40 283
58 41 253
58 42 35
58 43 208
58 44 218
58 45 107
58 46 278
58 47 55
58 48 43
58 49 191
58 50 174
58 51 149
58 52 27
58 53 268
58 54 158
58 55 249
58 56 141
58 57 90
59 0 320
59 1 124
59 2 150
59 3 286
59 4 130
59 5 275
59 6 240
59 7 91
59 8 168
59 9 285
59 10 109
59 11 311
59 12 157
59 13 203
59 14 276
59 15 181
59 16 105
59 17 226
59 18 158
59 19 229
59 20 301
59 21 100
59 22 46
59 23 259
59 24 100
59 25 41
59 26 73
59 27 248
59 28 24
59 29 283
59 30 277
59 31 166
59 32 257
59 33 275
59 34 130
59 35 252
59 36 198
59 37 203
59 38 191
59 39 168
59 40 320
59 41 278
59 42 265
59 43 4
59 44 294
59 45 306
59 46 64
59 47 115
59 48 194
59 49 247
59 50 142
59 51 35
59 52 206
59 53 299
59 54 281
59 55 18
59 56 58
59 57 74
59 58 292
