40
1 0 20
2 0 30
2 1 32
3 0 28
3 1 38
3 2 12
4 0 28
4 1 13
4 2 31
4 3 9
5 0 35
5 1 14
5 2 17
5 3 7
5 4 28
6 0 10
6 1 20
6 2 30
6 3 14
6 4 31
6 5 40
7 0 40
7 1 25
7 2 18
7 3 16
7 4 32
7 5 10
7 6 40
8 0 16
8 1 37
8 2 36
8 3 7
8 4 25
8 5 20
8 6 9
8 7 29
9 0 21
9 1 12
9 2 36
9 3 38
9 4 7
9 5 6
9 6 21
9 7 10
9 8 38
10 0 14
10 1 1
10 2 2
10 3 2
10 4 34
10 5 8
10 6 9
10 7 17
10 8 28
10 9 29
11 0 20
11 1 28
11 2 27
11 3 12
11 4 12
11 5 34
11 6 21
11 7 15
11 8 37
11 9 6
11 10 2
12 0 8
12 1 38
12 2 10
12 3 38
12 4 40
12 5 30
12 6 20
12 7 9
12 8 4
12 9 33
12 10 7
12 11 12
13 0 35
13 1 24
13 2 35
13 3 21
13 4 27
13 5 15
13 6 8
13 7 28
13 8 34
13 9 29
13 10 37
13 11 14
13 12 24
14 0 7
14 1 32
14 2 14
14 3 36
14 4 29
14 5 37
14 6 38
14 7 23
14 8 18
14 9 13
14 10 12
14 11 4
14 12 20
14 13 4
15 0 4
15 1 1
15 2 3
15 3 14
15 4 30
15 5 31
15 6 5
15 7 27
15 8 17
15 9 15
15 10 40
15 11 3
15 12 36
15 13 13
15 14 10
16 0 11
16 1 30
16 2 37
16 3 10
16 4 10
16 5 20
16 6 5
16 7 15
16 8 38
16 9 39
16 10 15
16 11 40
16 12 39
16 13 28
16 14 38
16 15 18
17 0 17
17 1 2
17 2 2
17 3 22
17 4 5
17 5 26
17 6 27
17 7 26
17 8 9
17 9 15
17 10 16
17 11 10
17 12 26
17 13 23
17 14 21
17 15 13
17 16 37
18 0 20
18 1 26
18 2 10
18 3 17
18 4 15
18 5 14
18 6 38
18 7 4
18 8 4
18 9 20
18 10 13
18 11 2
18 12 34
18 13 24
18 14 23
18 15 28
18 16 4
18 17 36
19 0 20
19 1 10
19 2 17
19 3 17
19 4 8
19 5 37
19 6 22
19 7 4
19 8 29
19 9 40
19 10 17
19 11 16
19 12 16
19 13 21
19 14 6
19 15 23
19 16 10
19 17 20
19 18 36
20 0 8
20 1 5
20 2 30
20 3 27
20 4 14
20 5 10
20 6 33
20 7 2
20 8 4
20 9 27
20 10 22
20 11 13
20 12 2
20 13 3
20 14 10
20 15 3
20 16 22
20 17 36
20 18 21
20 19 23
21 0 25
21 1 27
21 2 18
21 3 34
21 4 9
21 5 18
21 6 4
21 7 8
21 8 20
21 9 28
21 10 11
21 11 28
21 12 9
21 13 13
21 14 19
21 15 27
21 16 19
21 17 30
21 18 21
21 19 10
21 20 6
22 0 24
22 1 29
22 2 32
22 3 12
22 4 16
22 5 2
22 6 14
22 7 35
22 8 7
22 9 32
22 10 31
22 11 24
22 12 9
22 13 2
22 14 39
22 15 9
22 16 36
22 17 21
22 18 17
22 19 33
22 20 30
22 21 29
23 0 9
23 1 27
23 2 31
23 3 25
23 4 31
23 5 12
23 6 12
23 7 40
23 8 14
23 9 28
23 10 11
23 11 27
23 12 36
23 13 15
23 14 31
23 15 25
23 16 37
23 17 5
23 18 36
23 19 5
23 20 10
23 21 35
23 22 15
24 0 15
24 1 36
24 2 11
24 3 2
24 4 9
24 5 35
24 6 14
24 7 8
24 8 29
24 9 34
24 10 40
24 11 31
24 12 40
24 13 21
24 14 28
24 15 34
24 16 18
24 17 8
24 18 26
24 19 40
24 20 8
24 21 19
24 22 30
24 23 36
25 0 27
25 1 20
25 2 28
25 3 23
25 4 7
25 5 40
25 6 3
25 7 13
25 8 7
25 9 34
25 10 19
25 11 40
25 12 34
25 13 5
25 14 33
25 15 32
25 16 30
25 17 8
25 18 26
25 19 33
25 20 25
25 21 21
25 22 29
25 23 2
25 24 1
26 0 34
26 1 19
26 2 21
26 3 9
26 4 33
26 5 5
26 6 35
26 7 13
26 8 1
26 9 8
26 10 17
26 11 25
26 12 10
26 13 11
26 14 21
26 15 37
26 16 9
26 17 35
26 18 37
26 19 38
26 20 16
26 21 25
26 22 17
26 23 18
26 24 3
26 25 23
27 0 27
27 1 9
27 2 23
27 3 8
27 4 17
27 5 20
27 6 29
27 7 39
27 8 10
27 9 13
27 10 5
27 11 8
27 12 22
27 13 27
27 14 32
27 15 7
27 16 25
27 17 31
27 18 16
27 19 29
27 20 33
27 21 23
27 22 38
27 23 5
27 24 8
27 25 23
27 26 28
28 0 16
28 1 3
28 2 11
28 3 32
28 4 3
28 5 26
28 6 40
28 7 30
28 8 16
28 9 21
28 10 36
28 11 28
28 12 32
28 13 13
28 14 18
28 15 13
28 16 12
28 17 19
28 18 21
28 19 28
28 20 31
28 21 16
28 22 5
28 23 13
28 24 17
28 25 30
28 26 7
28 27 18
29 0 2
29 1 23
29 2 39
29 3 1
29 4 32
29 5 7
29 6 13
29 7 13
29 8 11
29 9 29
29 10 11
29 11 28
29 12 28
29 13 2
29 14 10
29 15 12
29 16 7
29 17 35
29 18 22
29 19 18
29 20 40
29 21 8
29 22 2
29 23 9
29 24 13
29 25 7
29 26 8
29 27 19
29 28 32
30 0 19
30 1 23
30 2 36
30 3 19
30 4 11
30 5 10
30 6 20
30 7 1
30 8 30
30 9 30
30 10 12
30 11 36
30 12 24
30 13 4
30 14 30
30 15 12
30 16 1
30 17 2
30 18 34
30 19 22
30 20 3
30 21 11
30 22 30
30 23 33
30 24 17
30 25 16
30 26 31
30 27 3
30 28 34
30 29 40
31 0 40
31 1 17
31 2 7
31 3 39
31 4 12
31 5 26
31 6 12
31 7 38
31 8 21
31 9 22
31 10 16
31 11 24
31 12 14
31 13 36
31 14 1
31 15 38
31 16 39
31 17 31
31 18 38
31 19 7
31 20 28
31 21 11
31 22 16
31 23 23
31 24 32
31 25 35
31 26 2
31 27 16
31 28 28
31 29 32
31 30 31
32 0 34
32 1 40
32 2 22
32 3 40
32 4 27
32 5 32
32 6 6
32 7 14
32 8 34
32 9 36
32 10 31
32 11 27
32 12 16
32 13 6
32 14 2
32 15 34
32 16 14
32 17 18
32 18 30
32 19 1
32 20 12
32 21 8
32 22 10
32 23 28
32 24 16
32 25 28
32 26 20
32 27 20
32 28 7
32 29 23
32 30 20
32 31 1
33 0 38
33 1 23
33 2 35
33 3 16
33 4 29
33 5 26
33 6 13
33 7 8
33 8 21
33 9 1
33 10 27
33 11 2
33 12 33
33 13 25
33 14 28
33 15 7
33 16 23
33 17 17
33 18 27
33 19 6
33 20 29
33 21 3
33 22 20
33 23 16
33 24 12
33 25 9
33 26 37
33 27 27
33 28 34
33 29 8
33 30 1
33 31 22
33 32 3
34 0 4
34 1 8
34 2 4
34 3 23
34 4 20
34 5 5
34 6 29
34 7 38
34 8 3
34 9 16
34 10 9
34 11 12
34 12 3
34 13 14
34 14 21
34 15 11
34 16 14
34 17 11
34 18 9
34 19 36
34 20 18
34 21 38
34 22 25
34 23 8
34 24 38
34 25 38
34 26 11
34 27 6
34 28 36
34 29 28
34 30 11
34 31 5
34 32 9
34 33 39
35 0 17
35 1 25
35 2 19
35 3 23
35 4 5
35 5 12
35 6 5
35 7 3
35 8 8
35 9 32
35 10 15
35 11 15
35 12 2
35 13 5
35 14 7
35 15 17
35 16 12
35 17 8
35 18 1
35 19 1
35 20 18
35 21 36
35 22 19
35 23 24
35 24 36
35 25 3
35 26 25
35 27 3
35 28 14
35 29 39
35 30 8
35 31 2
35 32 15
35 33 3
35 34 16
36 0 26
36 1 2
36 2 19
36 3 11
36 4 11
36 5 18
36 6 12
36 7 2
36 8 24
36 9 25
36 10 21
36 11 18
36 12 27
36 13 24
36 14 19
36 15 9
36 16 12
36 17 35
36 18 33
36 19 18
36 20 31
36 21 8
36 22 24
36 23 4
36 24 19
36 25 6
36 26 39
36 27 36
36 28 12
36 29 32
36 30 17
36 31 36
36 32 29
36 33 30
36 34 35
36 35 35
37 0 34
37 1 2
37 2 25
37 3 22
37 4 2
37 5 1
37 6 8
37 7 17
37 8 35
37 9 33
37 10 34
37 11 17
37 12 7
37 13 6
37 14 29
37 15 38
37 16 34
37 17 40
37 18 11
37 19 39
37 20 30
37 21 25
37 22 24
37 23 1
37 24 14
37 25 20
37 26 8
37 27 22
37 28 14
37 29 9
37 30 38
37 31 24
37 32 16
37 33 36
37 34 40
37 35 13
37 36 22
38 0 3
38 1 35
38 2 13
38 3 40
38 4 9
38 5 7
38 6 40
38 7 21
38 8 36
38 9 7
38 10 14
38 11 16
38 12 21
38 13 37
38 14 39
38 15 33
38 16 12
38 17 11
38 18 13
38 19 3
38 20 19
38 21 24
38 22 4
38 23 36
38 24 18
38 25 35
38 26 28
38 27 6
38 28 33
38 29 28
38 30 37
38 31 14
38 32 34
38 33 39
38 34 17
38 35 24
38 36 33
38 37 34
39 0 23
39 1 13
39 2 8
39 3 15
39 4 30
39 5 36
39 6 20
39 7 10
39 8 5
39 9 21
39 10 20
39 11 33
39 12 25
39 13 17
39 14 2
39 15 6
39 16 24
39 17 6
39 18 18
39 19 11
39 20 4
39 21 17
39 22 31
39 23 33
39 24 12
39 25 35
39 26 29
39 27 8
39 28 7
39 29 24
39 30 20
39 31 18
39 32 5
39 33 15
39 34 31
39 35 32
39 36 38
39 37 8
39 38 15
