70
3 2 11
6 2 16
7 6 4
8 2 18
10 5 18
11 0 10
11 3 5
11 5 1
12 3 7
13 3 17
15 1 12
15 2 15
15 13 5
16 7 20
16 13 7
17 2 6
17 3 12
17 4 18
17 7 11
18 10 20
18 15 6
19 16 7
20 8 9
20 9 7
20 14 11
21 1 9
22 4 10
22 8 7
22 11 13
23 1 15
23 11 5
23 15 2
23 18 1
24 2 6
24 6 20
24 19 17
24 23 4
26 8 8
26 10 2
26 20 16
26 21 19
26 23 14
27 4 18
27 13 19
28 22 10
29 11 4
29 27 1
29 28 11
30 13 16
30 22 6
30 28 11
31 16 10
32 2 6
32 12 3
32 19 13
32 24 7
32 26 6
33 3 1
33 8 9
33 13 5
34 15 18
35 5 5
35 12 12
36 6 11
36 17 4
36 33 15
37 7 11
37 32 20
37 35 5
38 10 11
38 18 10
38 23 20
38 31 2
38 33 20
38 35 6
38 36 1
39 2 12
39 10 20
39 20 14
39 27 20
39 29 7
39 35 7
39 38 4
40 4 11
40 22 1
40 25 1
40 35 14
41 13 5
41 16 19
41 27 18
41 34 19
42 3 8
42 18 1
42 35 17
43 6 3
43 9 16
43 18 10
43 21 12
43 33 2
44 11 7
44 13 19
44 18 18
44 40 4
45 3 4
45 26 7
45 34 19
45 40 20
46 43 17
47 6 12
47 13 20
47 15 19
47 23 14
47 27 9
47 29 1
47 38 15
49 4 20
49 5 2
49 14 15
49 16 1
49 17 7
49 20 6
49 25 20
49 33 13
49 40 4
49 46 7
50 6 16
50 11 5
50 15 4
50 17 15
50 23 11
50 29 15
50 39 14
50 44 2
50 47 14
50 49 16
51 9 12
51 19 7
51 21 2
51 29 20
51 40 1
51 50 19
52 5 18
52 17 3
52 18 7
52 36 10
52 48 2
53 0 8
53 10 1
53 14 1
53 19 19
54 6 4
54 7 13
54 17 3
54 20 7
54 31 13
54 35 1
54 36 13
54 50 19
55 5 9
55 8 19
55 11 15
55 36 4
55 50 20
55 52 12
56 4 17
56 9 7
56 50 4
56 52 14
57 6 14
57 11 13
57 27 3
57 28 1
57 38 19
57 49 10
58 2 17
58 20 16
58 41 7
58 43 17
58 47 13
59 19 2
59 37 19
59 39 13
59 45 20
59 47 8
59 49 19
59 52 2
59 53 1
59 56 3
60 6 13
60 13 13
60 19 1
60 35 8
60 47 16
61 7 16
61 11 14
61 17 19
61 26 19
61 27 14
61 47 6
61 52 8
61 58 17
62 6 6
62 16 18
62 18 13
62 26 12
62 30 10
62 44 8
62 46 19
63 9 10
63 18 11
63 20 3
63 37 11
63 40 8
64 0 11
64 4 12
64 7 3
64 17 13
64 20 6
64 23 10
64 28 17
64 45 19
65 8 2
65 32 17
65 33 2
65 38 5
65 46 2
65 48 1
66 2 20
66 6 6
66 9 18
66 17 6
66 26 16
66 33 1
66 34 15
66 43 9
66 62 5
67 20 3
68 5 13
68 20 16
68 21 18
68 24 4
68 32 6
68 33 16
68 47 8
68 55 17
69 6 2
69 13 19
69 16 2
69 17 9
69 18 10
69 20 8
69 22 18
69 35 14
69 59 8
