50
1 0 8
2 1 6
3 0 7
3 1 3
3 2 10
4 0 6
4 1 8
4 2 7
4 3 3
5 0 3
5 1 7
5 3 2
5 4 10
6 0 9
6 2 9
6 3 10
6 4 5
6 5 6
7 0 6
7 1 1
7 2 10
7 3 10
7 4 1
7 5 10
8 0 5
8 1 5
8 2 1
8 3 7
8 4 4
8 5 1
8 7 1
9 0 1
9 1 4
9 2 2
9 3 7
9 4 4
9 5 6
9 6 10
9 7 6
9 8 3
10 0 7
10 1 7
10 2 2
10 5 8
10 6 2
10 7 10
10 8 2
10 9 8
11 1 10
11 2 4
11 3 10
11 5 10
11 6 10
11 7 5
11 9 2
11 10 4
12 0 5
12 1 7
12 4 7
12 7 10
12 8 3
12 9 3
12 10 9
12 11 4
13 0 6
13 2 8
13 3 3
13 4 7
13 5 3
13 7 1
13 8 9
13 9 7
13 10 9
13 11 2
13 12 6
14 0 6
14 1 4
14 2 1
14 3 5
14 4 10
14 5 9
14 8 3
14 9 4
14 10 7
14 11 4
14 12 4
14 13 8
15 0 8
15 1 3
15 2 7
15 3 2
15 4 9
15 5 5
15 6 8
15 7 5
15 8 3
15 9 10
15 10 3
15 11 7
15 12 9
16 0 2
16 1 6
16 2 8
16 3 9
16 4 5
16 5 3
16 6 2
16 8 6
16 9 5
16 10 6
16 11 3
16 13 10
16 14 5
16 15 5
17 0 4
17 1 8
17 2 6
17 3 10
17 5 8
17 6 10
17 7 2
17 8 3
17 9 3
17 10 9
17 12 2
17 13 9
17 14 8
18 0 4
18 1 3
18 2 10
18 3 4
18 4 8
18 6 8
18 7 2
18 8 3
18 9 9
18 10 1
18 11 4
18 13 6
18 14 2
18 17 9
19 0 3
19 2 4
19 3 2
19 5 10
19 6 3
19 7 10
19 9 2
19 10 8
19 11 8
19 13 1
19 14 6
19 16 9
19 17 2
20 0 9
20 1 10
20 2 2
20 3 2
20 4 10
20 5 3
20 6 1
20 7 2
20 9 2
20 10 10
20 11 3
20 12 8
20 13 1
20 14 5
20 15 3
20 16 1
20 17 5
20 19 7
21 0 6
21 1 5
21 2 3
21 3 4
21 4 3
21 5 5
21 6 1
21 7 7
21 8 6
21 10 5
21 11 9
21 12 9
21 13 7
21 14 1
21 15 4
21 16 8
21 17 1
21 18 5
21 19 3
21 20 6
22 0 8
22 2 9
22 3 2
22 4 8
22 5 8
22 6 6
22 7 8
22 8 1
22 9 3
22 10 8
22 11 8
22 13 7
22 15 9
22 16 8
22 17 3
22 18 7
22 19 10
22 20 5
23 0 2
23 1 6
23 2 5
23 3 1
23 4 9
23 6 2
23 9 5
23 10 2
23 11 7
23 12 10
23 14 6
23 15 3
23 17 4
23 18 1
23 19 9
23 21 10
23 22 5
24 0 5
24 1 1
24 3 7
24 4 5
24 5 7
24 6 3
24 7 9
24 9 8
24 10 8
24 11 8
24 14 1
24 15 5
24 16 7
24 17 6
24 19 10
24 20 1
24 21 5
24 22 7
25 0 7
25 2 1
25 3 1
25 4 8
25 5 10
25 6 3
25 7 7
25 8 6
25 9 3
25 11 7
25 12 8
25 13 4
25 14 4
25 15 9
25 16 2
25 18 6
25 19 3
25 21 2
25 22 7
25 23 8
25 24 9
26 0 8
26 1 3
26 2 10
26 5 1
26 6 4
26 7 1
26 8 6
26 9 10
26 10 10
26 11 8
26 12 7
26 14 6
26 15 4
26 16 6
26 17 8
26 18 2
26 19 1
26 20 1
26 22 6
26 23 2
26 24 7
26 25 2
27 0 3
27 1 3
27 2 4
27 3 9
27 4 6
27 5 9
27 7 9
27 8 6
27 10 3
27 11 2
27 12 4
27 13 3
27 15 10
27 16 8
27 18 6
27 19 4
27 20 1
27 21 7
27 22 5
27 23 7
27 25 3
27 26 5
28 0 2
28 1 5
28 2 2
28 3 4
28 4 3
28 5 1
28 6 2
28 7 3
28 8 2
28 9 8
28 11 3
28 13 1
28 14 2
28 15 4
28 16 9
28 17 3
28 18 10
28 21 8
28 22 9
28 24 6
28 25 9
28 26 1
28 27 9
29 0 2
29 3 9
29 4 10
29 5 8
29 6 8
29 9 7
29 10 8
29 11 1
29 12 4
29 13 7
29 14 7
29 15 2
29 16 3
29 17 6
29 18 5
29 19 6
29 23 4
29 25 9
29 26 6
29 27 2
29 28 9
30 0 6
30 1 6
30 2 1
30 4 8
30 5 5
30 6 8
30 7 2
30 8 8
30 9 5
30 10 7
30 11 5
30 12 3
30 13 8
30 14 6
30 15 7
30 16 6
30 18 6
30 19 3
30 20 3
30 21 9
30 22 1
30 23 3
30 24 5
30 25 2
30 26 3
30 27 2
30 29 3
31 0 10
31 1 1
31 2 8
31 3 8
31 4 1
31 5 2
31 6 4
31 9 10
31 10 8
31 11 8
31 12 3
31 14 6
31 15 6
31 16 8
31 17 8
31 18 3
31 20 8
31 21 1
31 22 6
31 23 2
31 24 3
31 25 3
31 27 1
31 28 10
31 29 2
32 0 4
32 1 7
32 2 2
32 3 3
32 4 3
32 5 2
32 6 2
32 7 3
32 8 5
32 10 1
32 11 3
32 12 4
32 13 9
32 14 3
32 15 6
32 16 8
32 17 10
32 18 1
32 19 3
32 20 2
32 22 6
32 23 6
32 24 4
32 25 6
32 26 10
32 28 8
32 29 3
32 30 2
32 31 8
33 1 9
33 2 8
33 3 9
33 4 2
33 5 4
33 6 3
33 9 9
33 10 3
33 11 9
33 14 2
33 15 6
33 16 8
33 17 4
33 18 4
33 19 8
33 22 8
33 23 3
33 24 4
33 25 10
33 26 4
33 28 3
33 29 8
33 30 1
33 31 9
33 32 5
34 0 10
34 1 10
34 2 3
34 3 1
34 4 1
34 6 10
34 7 5
34 8 9
34 9 4
34 11 8
34 13 9
34 14 10
34 15 9
34 16 6
34 17 9
34 18 9
34 19 2
34 21 10
34 22 9
34 23 8
34 24 1
34 25 5
34 26 8
34 27 4
34 29 8
34 30 9
34 31 8
34 32 3
34 33 6
35 0 8
35 1 5
35 2 6
35 3 5
35 4 5
35 5 6
35 6 7
35 7 10
35 8 1
35 10 10
35 11 3
35 12 10
35 13 5
35 14 5
35 15 7
35 17 4
35 18 3
35 19 4
35 20 9
35 21 10
35 22 6
35 23 5
35 24 9
35 26 5
35 27 3
35 28 4
35 29 3
35 31 5
35 32 5
35 33 9
35 34 5
36 0 10
36 1 10
36 2 1
36 3 1
36 4 5
36 5 1
36 6 3
36 9 4
36 10 9
36 12 3
36 13 5
36 14 8
36 15 3
36 16 2
36 17 9
36 18 3
36 19 2
36 20 9
36 22 6
36 23 10
36 24 6
36 25 1
36 27 5
36 29 4
36 30 3
36 31 2
36 32 7
36 33 5
36 34 2
37 0 8
37 1 1
37 3 10
37 4 7
37 5 9
37 9 1
37 10 4
37 11 1
37 12 6
37 13 8
37 14 9
37 16 8
37 17 6
37 19 7
37 20 6
37 21 9
37 22 9
37 25 10
37 27 4
37 28 7
37 29 10
37 31 8
37 33 5
37 34 8
37 35 10
37 36 5
38 0 6
38 3 3
38 4 4
38 5 4
38 6 4
38 7 9
38 9 6
38 10 3
38 12 5
38 14 3
38 15 1
38 16 7
38 17 5
38 18 6
38 19 9
38 21 5
38 22 8
38 23 6
38 24 8
38 25 7
38 26 4
38 27 10
38 28 3
38 29 6
38 30 6
38 33 2
38 34 10
38 35 7
38 37 3
39 0 1
39 1 8
39 2 1
39 3 9
39 4 10
39 5 3
39 6 5
39 7 4
39 8 3
39 9 5
39 11 5
39 12 5
39 13 4
39 15 3
39 18 8
39 19 6
39 20 1
39 21 10
39 22 8
39 23 9
39 25 9
39 26 2
39 28 6
39 31 5
39 32 10
39 33 4
39 34 7
39 35 10
39 37 8
39 38 1
40 0 10
40 1 7
40 2 7
40 3 2
40 5 8
40 6 9
40 7 1
40 8 2
40 9 3
40 12 7
40 13 8
40 14 6
40 15 7
40 17 1
40 18 2
40 19 10
40 20 2
40 21 6
40 22 10
40 23 10
40 24 5
40 25 3
40 26 1
40 27 1
40 28 9
40 29 1
40 30 9
40 31 5
40 32 10
40 33 6
40 34 9
40 35 2
40 37 6
41 0 8
41 1 5
41 2 2
41 3 8
41 8 10
41 9 7
41 10 10
41 11 1
41 12 6
41 13 10
41 14 7
41 15 9
41 16 8
41 17 10
41 18 8
41 20 6
41 21 5
41 22 6
41 23 10
41 24 7
41 26 6
41 27 7
41 28 9
41 29 9
41 30 2
41 31 1
41 32 3
41 34 3
41 35 9
41 36 1
41 37 2
41 38 5
41 39 1
41 40 5
42 0 4
42 1 9
42 2 5
42 3 4
42 4 9
42 5 5
42 6 7
42 8 9
42 9 2
42 10 2
42 11 8
42 12 1
42 14 8
42 15 9
42 16 7
42 17 8
42 18 7
42 19 4
42 21 9
42 23 6
42 24 2
42 27 9
42 28 5
42 29 9
42 30 7
42 31 5
42 32 10
42 34 9
42 35 8
42 36 7
42 37 7
42 38 7
42 39 3
42 41 5
43 0 9
43 1 3
43 2 7
43 3 7
43 4 5
43 6 10
43 7 3
43 8 2
43 9 6
43 10 6
43 12 8
43 13 7
43 14 3
43 15 1
43 16 2
43 18 1
43 20 4
43 21 4
43 23 9
43 25 7
43 26 4
43 27 10
43 28 10
43 29 10
43 30 6
43 31 1
43 32 5
43 33 9
43 34 2
43 35 1
43 36 9
43 37 7
43 38 1
43 39 2
43 40 7
43 41 2
44 0 7
44 1 3
44 2 1
44 3 8
44 4 10
44 5 4
44 6 4
44 7 7
44 8 2
44 10 6
44 11 9
44 12 5
44 13 5
44 14 9
44 15 7
44 16 1
44 18 8
44 21 7
44 22 3
44 23 6
44 24 10
44 25 6
44 27 8
44 29 4
44 30 7
44 31 6
44 32 2
44 33 2
44 34 5
44 35 7
44 36 4
44 37 3
44 38 4
44 39 6
44 40 8
44 41 10
44 42 10
44 43 10
45 1 8
45 2 7
45 3 8
45 4 4
45 7 5
45 8 4
45 9 4
45 10 9
45 12 3
45 13 1
45 14 4
45 15 7
45 16 2
45 17 6
45 18 6
45 19 2
45 20 6
45 21 8
45 22 7
45 23 6
45 24 1
45 25 8
45 26 7
45 27 5
45 28 6
45 29 5
45 32 10
45 33 8
45 35 1
45 36 4
45 37 10
45 38 4
45 39 6
45 40 6
45 41 3
45 42 7
45 43 5
45 44 4
46 0 2
46 1 3
46 2 7
46 3 5
46 4 2
46 6 8
46 7 9
46 8 6
46 9 4
46 11 4
46 12 7
46 13 9
46 15 6
46 16 4
46 17 4
46 18 7
46 19 3
46 21 6
46 22 8
46 23 6
46 25 6
46 26 5
46 27 8
46 28 10
46 29 1
46 30 7
46 32 6
46 34 3
46 35 1
46 36 1
46 38 2
46 39 9
46 40 4
46 41 5
46 42 9
46 44 1
46 45 4
47 0 1
47 2 9
47 4 1
47 5 8
47 7 8
47 9 8
47 10 2
47 11 1
47 12 1
47 13 4
47 14 1
47 15 1
47 16 4
47 17 9
47 18 2
47 19 2
47 20 8
47 24 3
47 26 2
47 27 3
47 28 8
47 29 5
47 31 8
47 32 6
47 33 7
47 34 8
47 36 9
47 37 7
47 40 1
47 43 2
47 44 8
47 45 9
47 46 2
48 0 10
48 1 9
48 2 4
48 3 4
48 4 3
48 5 9
48 6 9
48 7 8
48 8 8
48 9 10
48 10 2
48 13 5
48 14 3
48 15 8
48 16 8
48 17 8
48 18 7
48 20 8
48 21 7
48 22 4
48 24 2
48 25 4
48 26 7
48 27 2
48 28 4
48 30 6
48 31 8
48 32 10
48 33 4
48 34 4
48 35 5
48 36 10
48 37 2
48 38 7
48 39 1
48 40 7
48 41 8
48 42 2
48 43 4
48 44 8
48 45 8
49 0 10
49 1 9
49 2 1
49 3 7
49 4 2
49 5 4
49 6 7
49 7 8
49 8 10
49 9 6
49 12 3
49 13 1
49 14 6
49 15 8
49 16 9
49 17 6
49 19 4
49 20 5
49 21 4
49 22 5
49 24 7
49 25 7
49 26 7
49 27 2
49 29 1
49 30 4
49 31 4
49 37 10
49 38 1
49 39 4
49 40 10
49 42 7
49 43 9
49 44 4
49 45 10
49 48 3
