50
3 2 68
4 3 53
5 2 172
5 4 108
6 1 92
6 5 159
7 2 99
7 4 89
7 5 263
8 2 11
8 7 297
9 3 105
9 4 215
9 5 50
9 6 145
9 7 203
10 3 134
10 4 32
11 1 266
11 4 20
11 8 181
12 9 287
13 3 139
13 6 36
13 7 178
13 8 124
13 9 182
14 3 75
14 6 5
15 4 142
15 5 182
15 6 285
15 7 227
15 8 68
15 10 275
16 2 120
16 3 111
16 7 236
16 9 127
16 13 185
17 0 298
17 3 138
17 4 182
17 10 35
17 13 169
18 0 266
18 4 37
18 6 8
18 12 246
18 16 43
19 3 146
19 5 46
19 17 98
20 0 242
20 9 32
20 15 305
20 18 231
20 19 133
21 2 30
21 3 91
21 5 216
21 6 25
21 14 203
21 19 164
22 3 117
22 7 66
22 12 35
22 16 282
22 20 117
22 21 233
23 3 167
23 8 124
23 10 70
23 12 310
23 20 74
24 0 232
24 2 73
24 7 314
24 9 281
24 12 174
24 13 52
24 15 308
24 18 248
24 23 20
25 3 302
25 5 41
25 6 149
25 7 64
25 8 110
25 9 60
25 10 71
25 17 201
26 1 88
26 3 219
26 5 71
26 9 153
26 10 65
26 14 268
26 17 246
26 24 158
27 0 63
27 2 140
27 17 90
27 19 185
27 22 244
27 26 295
28 1 244
28 5 3
28 6 221
28 7 199
28 8 100
28 11 102
28 14 316
28 16 66
28 22 306
29 4 302
29 9 97
29 10 129
29 13 291
29 15 60
29 16 43
29 19 91
29 22 72
30 0 187
30 5 44
30 6 127
30 7 140
30 8 17
30 9 109
30 24 64
30 26 201
31 1 94
31 2 203
31 3 178
31 4 250
31 10 30
31 13 144
31 17 220
31 19 96
31 20 193
31 25 275
31 28 292
31 29 134
32 0 84
32 3 31
32 8 271
32 12 294
32 14 149
32 16 117
32 19 148
32 24 13
32 29 159
33 0 132
33 1 246
33 2 94
33 8 289
33 13 29
33 17 185
33 18 272
33 21 317
33 22 315
33 24 254
34 4 195
34 7 139
34 10 86
34 11 193
34 14 18
34 19 247
34 21 256
34 23 139
34 28 107
34 30 77
34 31 52
34 32 318
35 1 274
35 5 150
35 13 267
35 18 156
35 23 197
35 25 252
35 34 200
36 3 150
36 4 233
36 7 131
36 9 235
36 17 139
36 18 58
36 19 173
36 23 247
36 29 53
36 30 158
36 31 189
37 0 219
37 1 117
37 3 200
37 6 192
37 8 281
37 13 271
37 20 177
37 21 140
37 22 189
37 24 154
37 26 119
37 28 71
37 29 240
37 35 168
37 36 154
38 0 99
38 1 314
38 2 86
38 4 200
38 9 203
38 10 33
38 17 152
38 21 134
38 22 306
38 23 267
38 24 59
38 29 184
38 30 60
38 33 213
39 0 167
39 1 57
39 2 289
39 18 187
39 25 40
39 29 117
39 30 64
39 33 224
40 0 169
40 1 16
40 8 243
40 11 260
40 27 317
40 37 56
41 2 286
41 6 91
41 7 115
41 10 299
41 11 256
41 16 205
41 17 100
41 20 53
41 24 150
41 26 162
41 28 294
41 31 47
41 36 90
41 37 102
42 4 276
42 5 153
42 6 184
42 7 84
42 9 15
42 12 293
42 13 122
42 15 212
42 16 103
42 21 37
42 28 160
42 34 175
42 40 87
43 7 128
43 8 207
43 11 60
43 17 110
43 18 214
43 31 125
43 33 261
43 34 86
43 38 189
43 40 276
44 0 120
44 2 290
44 8 147
44 12 52
44 16 213
44 21 142
44 23 7
44 26 22
44 28 219
44 31 201
44 33 296
44 35 80
44 37 270
44 43 104
45 7 156
45 12 148
45 18 37
45 26 160
45 29 242
45 33 30
45 35 129
45 36 31
45 37 176
46 4 216
46 5 200
46 7 28
46 13 255
46 14 276
46 28 308
46 29 136
46 30 205
46 34 20
46 38 287
46 39 31
46 41 112
46 43 55
47 0 271
47 2 240
47 5 188
47 7 91
47 8 233
47 10 280
47 11 225
47 16 252
47 18 44
47 22 65
47 26 114
47 31 270
47 37 197
47 46 86
48 3 203
48 4 232
48 7 26
48 8 158
48 11 36
48 14 200
48 18 276
48 19 38
48 21 218
48 35 124
48 38 233
48 39 52
48 45 137
49 2 113
49 3 318
49 5 31
49 15 313
49 16 220
49 20 168
49 21 174
49 22 185
49 23 178
49 28 172
49 33 11
49 37 320
49 41 158
49 42 281
49 48 190
