30
4 0 8
5 2 16
6 0 20
6 3 17
7 3 5
8 5 19
8 6 4
9 2 4
9 3 16
9 4 7
9 7 9
10 1 2
10 8 1
10 9 4
11 0 14
11 2 12
11 3 13
12 2 15
12 3 5
13 8 5
14 1 20
14 3 8
14 6 17
14 10 13
15 0 8
15 1 1
15 3 8
15 9 10
15 11 2
15 12 11
15 14 8
16 1 4
16 4 3
17 9 9
17 13 5
17 15 18
17 16 20
18 2 2
18 3 5
18 11 8
18 14 11
18 16 4
18 17 16
19 1 20
19 2 4
19 6 12
19 7 19
19 11 20
19 13 11
19 16 13
19 17 14
20 1 15
20 5 17
20 6 14
20 10 6
20 11 14
20 12 19
20 15 14
21 1 20
21 10 2
21 15 17
21 18 12
21 20 5
22 0 5
22 3 18
22 4 9
22 5 11
22 11 2
22 12 18
22 14 6
22 16 7
23 4 8
23 9 9
23 10 12
23 12 4
23 13 9
23 14 8
23 17 18
23 18 7
23 20 7
24 3 18
24 9 7
24 12 12
24 19 7
24 20 11
24 22 16
25 0 3
25 1 18
25 6 9
25 7 10
25 11 4
25 14 19
25 16 13
25 17 15
25 18 1
25 19 7
25 20 11
25 23 9
26 1 15
26 5 16
26 10 1
26 13 2
26 15 11
26 18 5
26 19 6
26 21 18
26 22 14
27 6 9
27 7 19
27 8 10
27 10 15
27 13 3
27 14 7
27 15 15
27 21 12
27 22 10
27 25 11
28 1 7
28 2 17
28 8 19
28 13 17
28 17 5
28 20 16
28 22 20
28 24 18
28 25 1
29 1 1
29 11 12
29 14 11
29 22 1
29 24 7
29 25 2
