20
1 0 33
3 0 52
3 2 29
4 3 156
5 0 156
5 4 33
6 2 11
6 4 19
6 5 29
7 0 34
7 1 62
7 2 34
8 0 133
8 1 79
8 3 147
8 5 144
8 6 104
8 7 140
9 0 77
9 2 127
9 4 63
9 8 26
10 0 82
10 1 106
10 7 116
10 8 75
10 9 160
11 0 81
11 1 159
11 3 32
11 4 72
11 5 62
11 8 83
11 10 88
12 4 6
12 5 116
12 7 57
12 8 68
12 9 62
12 10 110
13 1 86
13 4 141
13 5 131
13 6 24
13 7 133
13 8 61
13 9 75
13 11 16
13 12 30
14 0 110
14 1 20
14 3 139
14 5 131
14 8 72
15 1 97
15 3 110
15 5 89
15 6 59
15 8 51
15 9 43
15 12 88
16 1 122
16 5 108
16 6 51
16 7 6
16 8 141
16 11 108
16 12 68
16 13 134
16 15 48
17 0 114
17 3 127
17 6 157
17 10 65
17 11 120
17 15 2
17 16 67
18 1 50
18 2 33
18 4 119
18 6 18
18 7 138
18 10 103
18 11 154
18 16 19
19 3 96
19 5 105
19 6 78
19 8 18
19 10 129
19 13 92
19 14 39
19 15 26
19 16 124
