60
3 0 7
3 1 12
4 0 2
4 2 1
5 2 1
6 0 13
6 2 12
6 4 1
6 5 3
7 0 17
7 1 11
7 2 2
7 3 10
7 6 3
8 0 18
8 1 4
8 2 13
8 4 16
8 6 4
9 0 20
9 2 17
9 6 4
9 7 7
9 8 19
10 2 7
10 3 14
10 4 13
10 5 16
10 7 6
11 0 13
11 5 7
11 6 6
11 8 14
11 9 1
11 10 15
12 2 15
12 3 14
12 4 12
12 5 1
12 7 14
12 8 14
12 9 17
12 11 7
13 1 1
13 2 15
13 3 14
13 5 6
13 7 8
13 11 12
13 12 19
14 0 3
14 2 18
14 3 7
14 5 6
14 6 2
14 8 13
14 9 2
14 11 3
14 12 13
14 13 13
15 2 8
15 4 11
15 5 7
15 6 18
15 7 1
15 8 6
15 9 19
15 10 16
15 12 13
15 14 6
16 1 15
16 2 18
16 5 4
16 7 20
16 9 2
16 10 10
16 11 1
16 12 5
16 13 5
16 14 6
17 0 7
17 1 16
17 2 19
17 3 19
17 4 3
17 8 11
17 11 18
17 14 1
17 15 18
18 1 15
18 2 7
18 6 16
18 7 6
18 8 14
18 9 13
18 11 18
18 12 20
18 14 20
18 16 10
18 17 13
19 1 9
19 5 11
19 6 15
19 7 2
19 9 2
19 10 15
19 11 6
19 14 10
19 16 8
19 17 17
19 18 2
20 0 3
20 2 16
20 3 9
20 4 14
20 5 15
20 6 18
20 7 8
20 8 4
20 9 7
20 12 2
20 13 20
20 15 2
20 17 12
20 19 5
21 1 18
21 2 2
21 4 5
21 5 13
21 6 15
21 8 1
21 11 9
21 12 1
21 15 3
21 18 4
21 20 1
22 1 20
22 3 19
22 4 11
22 5 1
22 6 2
22 11 5
22 12 2
22 13 6
22 14 13
22 15 14
22 16 4
22 17 8
22 18 17
23 0 11
23 1 7
23 4 8
23 5 4
23 6 9
23 7 2
23 10 15
23 11 17
23 13 18
23 15 5
23 16 20
23 17 19
23 18 20
23 19 17
23 20 19
23 21 13
24 0 18
24 3 17
24 4 10
24 5 19
24 6 9
24 11 3
24 12 18
24 13 9
24 16 18
24 20 3
24 22 1
24 23 14
25 1 20
25 2 1
25 3 16
25 4 10
25 5 12
25 6 13
25 7 2
25 8 20
25 9 18
25 10 5
25 11 2
25 14 16
25 15 1
25 16 19
25 19 9
25 21 1
25 24 20
26 1 12
26 2 18
26 3 13
26 6 5
26 8 5
26 9 18
26 13 9
26 15 12
26 16 11
26 17 6
26 18 13
26 20 9
26 23 15
26 24 20
27 0 5
27 3 2
27 6 2
27 7 19
27 8 17
27 9 3
27 11 8
27 12 19
27 13 1
27 17 9
27 18 14
27 19 19
27 20 13
27 21 17
27 22 6
27 23 8
27 24 7
27 25 7
28 1 3
28 7 4
28 8 8
28 10 6
28 13 20
28 14 7
28 15 14
28 16 2
28 18 13
28 21 7
28 22 17
28 24 18
28 26 7
28 27 7
29 0 7
29 2 3
29 3 14
29 8 4
29 9 15
29 10 2
29 12 1
29 13 10
29 15 7
29 16 15
29 18 10
29 19 2
29 21 14
29 24 14
29 25 13
29 26 7
29 27 7
29 28 3
30 0 18
30 1 4
30 4 12
30 5 6
30 6 7
30 7 15
30 9 10
30 11 14
30 12 15
30 13 16
30 14 12
30 15 19
30 16 13
30 17 7
30 19 6
30 20 6
30 21 9
30 22 19
30 24 18
30 25 11
30 29 3
31 5 7
31 8 3
31 9 1
31 11 18
31 14 4
31 16 5
31 18 18
31 19 8
31 20 11
31 23 20
31 25 19
31 28 20
31 30 19
32 1 3
32 2 9
32 3 15
32 5 9
32 6 9
32 7 17
32 8 7
32 9 11
32 12 11
32 13 10
32 14 5
32 16 15
32 17 2
32 18 10
32 19 15
32 20 19
32 21 16
32 22 13
32 23 6
32 24 5
32 28 19
32 29 7
32 30 11
33 2 17
33 5 3
33 7 9
33 9 14
33 10 14
33 13 15
33 14 6
33 15 13
33 16 2
33 17 16
33 18 15
33 19 13
33 20 3
33 21 11
33 27 11
33 29 7
33 30 3
34 0 14
34 1 15
34 2 2
34 3 19
34 4 11
34 5 20
34 9 11
34 10 19
34 11 6
34 14 6
34 16 20
34 17 1
34 18 4
34 20 3
34 21 15
34 23 10
34 25 2
34 29 12
34 30 7
34 31 14
34 32 5
34 33 18
35 2 2
35 3 1
35 5 6
35 6 6
35 7 9
35 9 10
35 10 1
35 11 16
35 12 7
35 14 8
35 19 14
35 22 7
35 25 9
35 26 4
35 29 15
35 30 15
35 31 20
35 32 17
35 33 7
35 34 2
36 0 9
36 4 16
36 6 8
36 7 18
36 8 13
36 11 18
36 12 2
36 13 7
36 14 15
36 15 6
36 17 8
36 18 9
36 19 6
36 20 1
36 22 3
36 23 10
36 27 2
36 28 3
36 29 6
36 30 15
36 31 10
36 35 7
37 0 15
37 1 12
37 7 7
37 8 19
37 10 19
37 13 15
37 15 15
37 16 10
37 18 2
37 20 19
37 21 17
37 24 9
37 27 13
37 28 17
37 30 16
37 31 17
37 33 17
37 34 6
37 36 6
38 1 7
38 3 13
38 4 2
38 5 4
38 6 7
38 8 17
38 9 3
38 13 13
38 14 10
38 15 17
38 16 6
38 17 7
38 19 2
38 20 15
38 22 20
38 23 17
38 25 20
38 26 8
38 32 15
38 33 13
38 35 18
38 36 10
38 37 12
39 2 10
39 5 20
39 6 19
39 8 19
39 9 20
39 11 13
39 12 15
39 13 3
39 14 4
39 15 17
39 16 17
39 17 13
39 21 7
39 22 19
39 23 7
39 24 11
39 25 7
39 29 2
39 30 13
39 31 18
39 34 4
39 35 9
39 36 6
39 38 11
40 2 8
40 3 13
40 6 2
40 7 16
40 8 6
40 11 18
40 13 18
40 15 11
40 16 6
40 17 7
40 18 14
40 19 11
40 20 13
40 21 17
40 22 14
40 25 12
40 26 11
40 28 10
40 31 19
40 32 13
40 33 20
40 36 1
40 37 19
40 38 11
40 39 11
41 1 11
41 2 19
41 4 19
41 5 1
41 6 9
41 7 13
41 8 3
41 9 1
41 10 2
41 11 9
41 12 17
41 15 8
41 16 18
41 17 18
41 18 16
41 19 10
41 20 2
41 21 15
41 22 5
41 25 14
41 26 12
41 27 7
41 30 8
41 32 9
41 33 14
41 35 1
41 36 2
41 39 8
41 40 2
42 0 2
42 1 3
42 3 18
42 5 1
42 6 2
42 8 7
42 10 1
42 11 13
42 13 17
42 14 3
42 15 9
42 16 17
42 19 1
42 20 13
42 21 2
42 23 15
42 24 11
42 32 19
42 34 19
42 35 7
42 36 10
42 37 20
42 38 14
42 39 9
42 40 17
42 41 5
43 0 17
43 1 10
43 2 19
43 6 6
43 13 5
43 14 13
43 16 19
43 18 5
43 20 15
43 23 16
43 24 3
43 25 9
43 28 3
43 29 5
43 33 12
43 35 13
43 36 5
43 37 15
43 38 1
43 39 2
43 40 8
44 0 7
44 3 14
44 4 19
44 6 16
44 7 14
44 10 14
44 11 5
44 13 5
44 15 9
44 16 12
44 17 3
44 18 18
44 19 20
44 21 8
44 22 2
44 24 2
44 25 9
44 28 19
44 29 17
44 31 11
44 33 16
44 34 12
44 37 12
44 39 7
44 40 16
44 41 16
44 42 19
45 0 17
45 1 6
45 2 5
45 3 14
45 4 14
45 6 10
45 13 17
45 19 9
45 21 10
45 24 5
45 26 16
45 29 15
45 31 12
45 32 7
45 33 15
45 34 11
45 35 10
45 36 11
45 38 10
45 40 17
45 43 15
46 3 19
46 4 10
46 5 5
46 6 15
46 11 5
46 12 19
46 13 3
46 16 10
46 18 7
46 22 5
46 24 11
46 27 8
46 28 4
46 29 4
46 32 15
46 33 14
46 35 20
46 36 9
46 38 15
46 39 2
46 40 20
46 41 19
46 42 3
46 43 5
47 1 8
47 2 18
47 5 15
47 6 10
47 8 3
47 9 9
47 10 18
47 11 4
47 12 13
47 13 20
47 14 19
47 16 11
47 18 16
47 19 11
47 20 5
47 21 6
47 22 6
47 24 6
47 27 14
47 32 14
47 33 15
47 36 6
47 37 19
47 38 11
47 41 5
47 42 4
47 43 10
47 45 2
47 46 11
48 4 1
48 7 1
48 8 20
48 9 13
48 10 4
48 11 7
48 13 20
48 16 19
48 18 5
48 19 17
48 20 15
48 21 12
48 23 3
48 24 18
48 27 5
48 28 18
48 30 15
48 31 8
48 33 4
48 34 17
48 36 19
48 37 7
48 39 12
48 40 15
48 42 11
48 43 20
48 44 18
49 1 9
49 3 3
49 4 17
49 6 9
49 7 13
49 9 12
49 13 9
49 15 15
49 16 7
49 21 7
49 23 5
49 25 4
49 28 19
49 29 8
49 30 3
49 33 5
49 34 15
49 35 11
49 37 10
49 38 8
49 39 6
49 40 17
49 41 8
49 42 13
49 43 9
49 45 5
49 47 19
49 48 16
50 1 16
50 2 13
50 3 9
50 4 4
50 5 11
50 7 20
50 8 1
50 10 14
50 12 2
50 16 4
50 17 18
50 18 5
50 19 5
50 21 12
50 22 3
50 23 10
50 24 2
50 26 5
50 27 19
50 30 3
50 34 9
50 35 15
50 36 5
50 37 16
50 38 4
50 39 1
50 41 6
50 44 15
50 45 8
50 46 6
50 47 4
50 49 16
51 0 15
51 1 2
51 2 2
51 4 9
51 5 12
51 9 4
51 10 18
51 11 13
51 13 7
51 14 5
51 16 14
51 17 6
51 18 5
51 19 6
51 22 19
51 23 2
51 26 19
51 27 3
51 31 17
51 32 19
51 33 5
51 34 14
51 35 2
51 36 5
51 37 10
51 38 9
51 39 16
51 40 10
51 42 2
51 43 15
51 44 5
51 47 4
51 49 3
51 50 3
52 1 10
52 4 8
52 7 2
52 9 9
52 10 9
52 11 8
52 12 5
52 13 2
52 16 2
52 17 14
52 18 4
52 19 10
52 21 15
52 23 11
52 25 17
52 26 1
52 27 7
52 28 1
52 29 4
52 31 11
52 33 5
52 35 5
52 36 16
52 37 11
52 40 6
52 41 6
52 42 4
52 43 6
52 44 17
52 46 16
52 47 3
52 50 10
52 51 15
53 0 6
53 1 15
53 4 2
53 5 7
53 6 12
53 7 16
53 10 2
53 12 8
53 13 17
53 17 14
53 18 20
53 21 18
53 22 15
53 25 17
53 26 13
53 27 18
53 28 3
53 29 12
53 30 9
53 31 12
53 32 15
53 33 10
53 34 19
53 36 2
53 37 11
53 38 5
53 39 15
53 40 20
53 42 7
53 44 11
53 46 13
53 48 15
53 49 8
53 51 4
53 52 8
54 1 5
54 2 1
54 4 5
54 5 2
54 6 3
54 8 18
54 13 18
54 16 12
54 18 7
54 19 4
54 23 19
54 24 6
54 26 5
54 27 13
54 28 13
54 30 11
54 32 19
54 34 4
54 35 4
54 36 2
54 37 4
54 41 18
54 43 2
54 44 15
54 46 16
54 47 15
54 48 4
54 49 16
54 50 6
54 51 15
54 52 10
54 53 11
55 1 1
55 2 2
55 5 18
55 6 4
55 8 14
55 9 10
55 11 9
55 12 12
55 14 14
55 16 10
55 17 7
55 20 20
55 22 16
55 23 8
55 24 18
55 25 4
55 26 19
55 27 1
55 28 16
55 29 4
55 30 17
55 31 5
55 32 2
55 34 18
55 35 10
55 36 12
55 37 19
55 39 14
55 40 17
55 41 16
55 44 13
55 47 4
55 48 8
55 50 20
55 52 16
55 53 15
55 54 9
56 0 16
56 2 17
56 3 11
56 5 3
56 6 4
56 8 10
56 10 5
56 11 5
56 12 19
56 13 17
56 14 15
56 16 11
56 20 13
56 22 2
56 23 11
56 24 13
56 25 5
56 26 10
56 28 20
56 32 4
56 33 14
56 40 8
56 41 10
56 42 16
56 43 1
56 45 3
56 49 16
56 51 11
56 52 11
56 54 5
57 0 8
57 2 12
57 3 17
57 5 3
57 7 6
57 8 1
57 14 7
57 15 15
57 17 12
57 18 9
57 20 6
57 21 16
57 22 6
57 23 3
57 25 10
57 26 20
57 27 12
57 28 6
57 29 18
57 30 1
57 31 10
57 32 7
57 33 2
57 34 15
57 35 20
57 36 18
57 38 1
57 40 7
57 41 9
57 42 7
57 44 13
57 46 11
57 47 14
57 48 6
57 49 6
57 50 9
57 51 18
57 52 3
57 54 2
57 55 5
57 56 13
58 0 17
58 1 5
58 3 20
58 4 19
58 6 14
58 9 4
58 11 14
58 13 2
58 14 10
58 15 11
58 17 17
58 18 6
58 20 13
58 22 11
58 25 10
58 26 19
58 28 14
58 29 2
58 30 3
58 31 7
58 32 7
58 36 8
58 38 12
58 39 8
58 40 19
58 43 15
58 46 19
58 49 5
58 50 20
58 52 14
58 53 7
58 55 2
59 0 4
59 2 13
59 4 4
59 5 9
59 6 2
59 8 2
59 9 16
59 11 7
59 14 18
59 15 9
59 17 1
59 18 18
59 19 15
59 20 5
59 22 17
59 23 15
59 24 15
59 27 5
59 29 15
59 30 1
59 32 6
59 33 11
59 34 10
59 36 13
59 37 17
59 41 20
59 43 20
59 45 9
59 47 12
59 48 16
59 51 19
59 55 5
59 57 3
