40
1 0 8
2 1 8
3 0 7
4 0 3
4 1 10
4 2 8
4 3 1
5 2 6
5 3 5
5 4 4
6 1 3
6 3 1
6 4 6
6 5 5
7 2 10
7 3 3
7 4 10
7 6 1
8 0 4
8 1 2
8 2 1
8 4 1
8 5 9
9 0 8
9 2 10
9 3 1
9 4 9
9 5 7
9 6 5
10 0 9
10 2 2
10 3 6
10 4 8
10 5 3
10 6 4
10 8 1
11 2 2
11 3 10
11 6 6
11 9 5
12 1 3
12 2 7
12 3 2
12 4 3
12 5 8
12 6 9
12 7 5
12 8 5
12 9 7
12 10 8
13 0 4
13 1 9
13 2 2
13 4 9
13 5 5
13 7 2
13 8 5
13 9 1
13 11 10
13 12 8
14 0 7
14 1 2
14 3 8
14 4 1
14 6 4
14 7 1
14 8 10
14 9 2
14 10 9
14 11 4
14 12 1
15 1 8
15 2 1
15 3 7
15 4 6
15 5 7
15 6 8
15 9 1
15 11 7
15 12 6
15 13 4
15 14 5
16 1 9
16 2 5
16 3 8
16 4 2
16 6 8
16 9 1
16 12 3
16 14 9
16 15 6
17 0 4
17 1 4
17 3 2
17 4 4
17 5 2
17 7 6
17 8 7
17 10 7
17 11 4
17 12 4
17 13 1
17 15 9
17 16 5
18 1 8
18 2 3
18 3 9
18 5 8
18 7 3
18 9 5
18 10 10
18 11 5
18 12 7
18 13 4
18 14 2
18 16 6
19 0 2
19 1 9
19 3 10
19 4 9
19 5 6
19 7 8
19 8 6
19 9 10
19 10 4
19 11 4
19 12 10
19 13 2
19 14 2
19 15 9
19 16 1
19 18 4
20 1 10
20 2 1
20 3 9
20 4 8
20 5 9
20 6 4
20 7 2
20 8 8
20 9 6
20 12 5
20 13 6
20 15 4
20 16 6
21 0 10
21 1 7
21 2 5
21 3 9
21 4 10
21 5 9
21 6 6
21 7 4
21 8 3
21 9 8
21 10 8
21 11 1
21 14 8
21 15 5
21 16 3
21 17 3
21 19 5
21 20 1
22 1 2
22 2 9
22 6 3
22 8 6
22 11 2
22 12 5
22 13 1
22 16 2
22 19 6
22 21 6
23 0 1
23 1 8
23 2 6
23 3 8
23 5 10
23 6 7
23 7 5
23 8 7
23 9 9
23 12 9
23 13 1
23 14 4
23 15 8
23 16 6
23 17 5
23 18 7
23 21 1
23 22 4
24 0 6
24 1 5
24 2 4
24 3 1
24 4 6
24 6 1
24 8 3
24 9 5
24 10 8
24 11 1
24 13 9
24 14 9
24 16 8
24 18 1
24 22 2
24 23 5
25 0 9
25 1 9
25 2 8
25 3 9
25 4 5
25 5 5
25 6 10
25 7 4
25 10 6
25 11 10
25 12 5
25 13 8
25 14 2
25 16 4
25 17 7
25 18 5
25 20 8
25 21 1
25 22 1
25 24 5
26 0 9
26 2 1
26 4 4
26 5 3
26 6 10
26 7 8
26 8 9
26 9 2
26 10 9
26 11 4
26 12 4
26 13 2
26 16 5
26 17 6
26 18 5
26 20 5
26 21 8
26 22 6
26 23 6
26 24 10
26 25 3
27 1 7
27 2 10
27 5 3
27 6 10
27 7 6
27 8 8
27 11 2
27 13 4
27 14 9
27 16 1
27 17 5
27 18 2
27 19 7
27 20 8
27 22 8
27 23 8
27 25 3
27 26 6
28 0 3
28 5 10
28 6 4
28 8 9
28 9 4
28 11 2
28 12 4
28 13 8
28 14 1
28 15 2
28 16 9
28 17 8
28 18 9
28 19 7
28 20 4
28 21 9
28 22 9
28 23 9
28 24 6
28 26 3
28 27 2
29 1 9
29 4 1
29 5 7
29 6 10
29 9 5
29 13 7
29 14 1
29 16 7
29 18 1
29 19 6
29 21 2
29 22 8
29 23 5
29 24 10
29 25 9
29 26 9
29 27 7
30 0 10
30 2 7
30 3 10
30 4 5
30 5 7
30 6 3
30 7 2
30 8 2
30 9 4
30 10 6
30 14 8
30 15 5
30 16 10
30 17 3
30 18 5
30 19 8
30 20 9
30 21 3
30 23 5
30 24 10
30 25 6
30 26 5
30 27 5
30 28 3
30 29 10
31 0 4
31 1 1
31 2 5
31 3 2
31 5 10
31 6 3
31 8 3
31 12 7
31 13 2
31 14 6
31 15 1
31 16 5
31 17 9
31 18 2
31 20 9
31 21 1
31 22 1
31 25 6
31 27 8
31 28 6
31 30 4
32 1 7
32 3 7
32 5 2
32 6 2
32 7 5
32 9 8
32 11 7
32 12 1
32 14 6
32 17 7
32 20 8
32 21 1
32 23 10
32 25 6
32 26 7
32 27 5
32 29 6
32 31 6
33 0 2
33 1 1
33 3 8
33 4 7
33 5 2
33 8 10
33 9 5
33 10 6
33 11 3
33 14 10
33 17 3
33 18 6
33 19 5
33 20 9
33 21 10
33 23 10
33 24 2
33 25 1
33 26 7
33 28 1
33 30 4
33 31 3
34 1 5
34 2 5
34 4 9
34 5 1
34 6 4
34 7 6
34 9 2
34 10 8
34 11 7
34 12 1
34 13 4
34 15 10
34 16 3
34 17 1
34 18 5
34 20 3
34 21 3
34 22 5
34 23 4
34 24 5
34 25 5
34 28 7
34 29 5
34 30 1
34 31 8
34 32 4
35 0 10
35 1 3
35 2 9
35 4 3
35 5 1
35 6 5
35 9 10
35 10 1
35 11 7
35 12 6
35 13 10
35 16 1
35 18 5
35 19 3
35 21 4
35 22 1
35 23 8
35 24 7
35 25 4
35 26 6
35 27 1
35 28 8
35 31 3
35 32 4
35 33 2
36 0 5
36 1 10
36 2 6
36 3 4
36 4 7
36 5 6
36 6 8
36 7 3
36 8 6
36 9 5
36 10 2
36 13 8
36 14 1
36 16 4
36 17 7
36 18 10
36 19 3
36 20 9
36 21 5
36 22 5
36 24 9
36 25 3
36 28 3
36 29 1
36 31 8
36 35 9
37 0 7
37 1 5
37 2 7
37 3 8
37 4 4
37 6 5
37 7 7
37 10 9
37 11 6
37 14 2
37 15 8
37 16 4
37 18 2
37 19 7
37 20 5
37 21 3
37 23 3
37 24 9
37 25 6
37 29 3
37 30 7
37 31 4
37 33 2
37 34 4
38 0 3
38 1 9
38 2 6
38 4 1
38 5 9
38 7 8
38 9 7
38 10 6
38 11 10
38 12 3
38 13 1
38 14 9
38 17 5
38 20 1
38 21 6
38 22 2
38 24 6
38 25 8
38 29 8
38 30 10
38 31 4
38 32 10
38 33 4
38 34 1
38 35 9
38 36 9
39 1 4
39 4 9
39 5 3
39 6 9
39 9 4
39 12 6
39 13 2
39 14 3
39 16 5
39 17 8
39 18 2
39 19 2
39 20 9
39 21 5
39 22 5
39 23 9
39 24 1
39 25 9
39 26 7
39 27 9
39 28 2
39 29 3
39 30 10
39 31 3
39 32 2
39 34 9
39 35 9
39 36 10
39 38 4
