40
1 0 3
2 0 37
2 1 34
3 0 37
3 2 27
4 0 24
4 2 7
4 3 5
5 0 25
5 1 37
5 3 40
6 0 40
6 2 15
6 3 32
6 4 1
6 5 31
7 0 30
7 1 1
7 2 31
7 3 34
7 4 38
7 5 2
7 6 31
8 0 38
8 1 9
8 2 15
8 5 7
8 7 24
9 1 13
9 2 10
9 4 30
9 5 6
9 6 4
9 7 26
10 1 14
10 2 38
10 4 29
10 6 31
10 7 35
10 8 20
11 2 4
11 3 14
11 4 10
11 5 13
11 6 11
11 7 39
11 10 21
12 1 27
12 2 39
12 3 38
12 4 22
12 5 11
12 6 24
12 11 34
13 0 15
13 3 9
13 4 25
13 5 16
13 6 4
13 7 2
13 9 27
13 10 8
13 12 11
14 1 35
14 3 20
14 4 13
14 5 16
14 6 28
14 7 19
14 8 1
14 9 38
14 10 33
14 11 18
14 12 5
14 13 14
15 0 10
15 1 14
15 3 34
15 4 16
15 5 13
15 6 6
15 7 34
15 8 18
15 9 33
15 10 9
15 11 29
15 12 26
15 13 25
15 14 5
16 3 18
16 4 14
16 5 21
16 7 9
16 8 6
16 10 4
16 11 32
16 12 4
16 13 40
16 14 20
16 15 21
17 0 11
17 1 27
17 2 31
17 3 38
17 4 9
17 6 35
17 8 39
17 10 29
17 11 8
17 12 9
17 13 25
17 14 38
17 15 28
17 16 19
18 0 29
18 1 28
18 2 30
18 4 17
18 5 34
18 6 35
18 8 30
18 9 35
18 10 32
18 11 16
18 14 12
18 15 27
18 17 9
19 0 37
19 1 23
19 2 40
19 4 12
19 5 5
19 6 4
19 7 4
19 8 29
19 9 30
19 11 39
19 12 37
19 14 30
19 15 27
19 16 3
19 17 39
19 18 7
20 0 28
20 2 3
20 3 1
20 4 24
20 5 4
20 6 15
20 8 16
20 9 34
20 11 38
20 14 26
20 16 38
20 17 3
20 18 2
20 19 33
21 0 20
21 1 4
21 2 30
21 3 11
21 4 37
21 5 39
21 6 3
21 7 29
21 8 37
21 9 11
21 11 8
21 12 27
21 13 33
21 14 25
21 15 24
21 16 34
21 17 3
21 19 3
21 20 37
22 0 36
22 1 4
22 3 24
22 4 7
22 6 14
22 7 35
22 8 7
22 9 6
22 11 4
22 12 31
22 13 29
22 14 27
22 16 6
22 17 17
22 18 25
22 19 24
22 20 15
22 21 26
23 0 9
23 1 7
23 2 3
23 3 25
23 5 26
23 6 24
23 7 33
23 8 34
23 9 29
23 10 21
23 11 19
23 12 27
23 13 32
23 14 24
23 15 13
23 17 33
23 18 40
23 19 25
23 21 21
23 22 14
24 1 17
24 3 21
24 5 4
24 6 13
24 8 40
24 9 6
24 10 33
24 11 1
24 12 21
24 13 23
24 14 20
24 15 21
24 17 23
24 19 2
24 20 23
24 21 26
24 23 2
25 1 39
25 2 32
25 3 6
25 4 6
25 5 22
25 6 32
25 7 17
25 8 1
25 10 16
25 12 2
25 13 15
25 14 38
25 15 21
25 17 16
25 18 38
25 19 19
25 20 30
25 21 5
25 22 21
25 23 20
25 24 37
26 0 33
26 1 5
26 2 32
26 3 34
26 4 1
26 6 8
26 7 16
26 9 20
26 10 26
26 11 27
26 12 8
26 13 31
26 14 31
26 15 35
26 18 27
26 19 36
26 20 20
26 21 13
26 22 24
26 23 25
26 24 15
26 25 4
27 1 21
27 2 35
27 3 27
27 4 38
27 5 36
27 6 29
27 8 20
27 9 11
27 10 28
27 11 15
27 12 27
27 13 7
27 14 23
27 15 11
27 16 38
27 17 23
27 19 16
27 22 12
27 23 16
27 24 22
27 26 36
28 2 17
28 4 15
28 5 14
28 6 1
28 7 15
28 8 32
28 10 24
28 11 15
28 12 30
28 13 12
28 14 23
28 15 13
28 16 16
28 17 39
28 19 2
28 20 30
28 21 5
28 22 33
28 23 36
28 24 23
28 25 12
28 26 36
28 27 20
29 0 16
29 1 39
29 2 13
29 3 15
29 4 1
29 5 16
29 6 25
29 7 36
29 8 30
29 10 38
29 11 31
29 12 18
29 13 14
29 15 28
29 16 5
29 17 30
29 18 31
29 19 15
29 20 40
29 21 1
29 22 36
29 23 9
29 24 16
29 26 12
29 27 17
30 0 6
30 1 19
30 2 18
30 3 3
30 4 29
30 5 20
30 6 12
30 7 38
30 8 40
30 10 24
30 11 26
30 12 36
30 13 6
30 14 1
30 15 4
30 16 37
30 17 1
30 18 17
30 19 10
30 20 24
30 21 16
30 23 23
30 24 33
30 28 24
30 29 11
31 0 13
31 1 13
31 2 13
31 4 3
31 5 36
31 6 36
31 9 11
31 10 38
31 11 27
31 12 23
31 13 10
31 14 16
31 15 16
31 17 37
31 19 7
31 20 27
31 22 35
31 23 33
31 24 20
31 26 13
31 27 24
31 28 39
31 29 28
31 30 19
32 0 15
32 1 27
32 2 19
32 3 2
32 4 1
32 5 22
32 6 17
32 7 23
32 8 34
32 9 15
32 10 26
32 12 19
32 14 32
32 15 20
32 16 15
32 17 36
32 19 37
32 20 13
32 21 31
32 22 34
32 23 9
32 24 9
32 25 1
32 26 31
32 27 16
32 28 39
32 29 5
32 31 21
33 0 21
33 1 38
33 4 9
33 5 28
33 6 21
33 7 10
33 13 9
33 14 4
33 15 31
33 16 15
33 17 34
33 19 33
33 20 6
33 21 30
33 22 19
33 23 11
33 24 34
33 25 21
33 26 35
33 28 33
33 29 12
33 30 6
33 32 39
34 0 6
34 2 2
34 6 16
34 7 13
34 8 3
34 9 33
34 10 18
34 11 8
34 12 2
34 13 24
34 14 38
34 15 33
34 16 19
34 18 18
34 20 30
34 21 8
34 22 11
34 23 23
34 24 38
34 26 9
34 27 17
34 29 20
34 30 39
34 31 34
34 32 1
34 33 14
35 0 18
35 1 32
35 2 36
35 3 24
35 4 10
35 5 2
35 6 11
35 7 15
35 8 20
35 9 6
35 10 5
35 11 40
35 12 29
35 13 3
35 14 2
35 17 27
35 18 19
35 20 26
35 22 30
35 23 29
35 24 29
35 25 39
35 26 12
35 27 30
35 28 28
35 29 30
35 30 6
35 31 2
35 32 22
35 34 12
36 0 12
36 2 31
36 3 12
36 5 4
36 6 18
36 7 32
36 8 29
36 11 39
36 12 31
36 13 7
36 14 37
36 16 7
36 18 1
36 19 10
36 20 33
36 21 16
36 24 29
36 25 16
36 26 15
36 27 38
36 28 31
36 30 30
36 31 33
36 33 35
36 34 5
37 1 36
37 2 34
37 3 4
37 5 10
37 6 5
37 7 17
37 9 23
37 10 36
37 11 26
37 13 28
37 14 13
37 16 33
37 18 2
37 19 8
37 20 31
37 21 2
37 23 1
37 24 33
37 25 22
37 26 28
37 27 8
37 28 10
37 29 22
37 30 14
37 36 33
38 0 19
38 1 5
38 2 11
38 3 3
38 4 30
38 5 19
38 6 14
38 8 36
38 9 1
38 10 31
38 11 23
38 12 5
38 14 14
38 16 30
38 17 40
38 18 12
38 19 18
38 20 31
38 21 15
38 22 14
38 23 35
38 25 28
38 26 14
38 27 20
38 28 7
38 29 13
38 30 24
38 31 17
38 32 23
38 33 37
38 34 6
38 37 21
39 0 9
39 1 23
39 2 36
39 3 35
39 4 20
39 5 36
39 7 21
39 8 11
39 9 39
39 11 31
39 12 11
39 13 36
39 14 25
39 15 25
39 17 23
39 18 17
39 19 37
39 21 34
39 22 21
39 23 9
39 24 20
39 25 2
39 26 16
39 28 1
39 29 2
39 30 24
39 31 14
39 32 6
39 33 30
39 34 9
39 36 13
39 37 2
39 38 13
