30
1 0 6
2 1 9
3 0 4
3 1 10
4 0 7
4 1 4
4 2 7
4 3 4
5 0 9
5 1 6
5 2 10
5 3 8
6 0 6
6 1 7
6 5 1
7 0 1
7 1 8
7 2 5
7 3 5
7 4 3
7 5 1
7 6 4
8 0 7
8 1 10
8 2 1
8 3 3
8 4 8
8 5 7
8 6 6
8 7 4
9 0 10
9 1 3
9 2 8
9 3 7
9 4 10
9 5 10
9 6 10
9 7 2
9 8 1
10 0 1
10 1 5
10 2 5
10 3 9
10 4 3
10 5 10
10 6 6
10 7 3
10 8 4
10 9 9
11 0 3
11 1 2
11 3 9
11 4 9
11 5 5
11 6 2
11 7 1
11 8 3
11 10 6
12 0 8
12 1 7
12 3 10
12 4 7
12 5 5
12 6 2
12 7 7
12 8 4
12 9 8
12 10 1
13 0 10
13 1 10
13 2 1
13 3 7
13 4 1
13 5 5
13 6 2
13 8 7
13 9 7
13 10 3
13 11 5
13 12 4
14 0 6
14 1 2
14 2 1
14 3 8
14 4 8
14 6 9
14 7 10
14 8 9
14 10 5
14 11 7
14 12 8
14 13 10
15 0 10
15 1 7
15 2 6
15 3 1
15 4 1
15 5 10
15 6 2
15 7 8
15 8 5
15 9 3
15 10 9
15 11 6
15 12 10
15 13 3
15 14 6
16 0 9
16 1 1
16 2 10
16 4 10
16 5 7
16 6 1
16 7 4
16 8 6
16 9 3
16 10 5
16 11 10
16 14 8
16 15 5
17 0 10
17 1 9
17 2 9
17 3 6
17 4 7
17 5 2
17 6 10
17 7 2
17 8 7
17 9 6
17 10 6
17 11 4
17 12 8
17 13 8
17 14 5
17 15 10
18 0 6
18 1 6
18 2 6
18 3 2
18 4 1
18 5 1
18 6 7
18 7 2
18 8 4
18 9 3
18 11 2
18 12 8
18 13 1
18 14 6
18 15 5
18 16 6
19 0 5
19 1 5
19 2 10
19 4 6
19 5 5
19 6 2
19 7 1
19 9 9
19 10 7
19 11 4
19 12 3
19 13 5
19 14 7
19 15 1
19 16 4
19 17 2
19 18 9
20 0 10
20 1 2
20 3 3
20 4 1
20 5 4
20 6 8
20 7 9
20 8 4
20 9 1
20 10 3
20 11 7
20 12 1
20 13 1
20 14 7
20 15 9
20 16 3
20 17 5
20 18 1
20 19 1
21 0 10
21 1 3
21 2 1
21 3 6
21 5 7
21 6 10
21 7 7
21 9 2
21 10 6
21 11 7
21 12 6
21 13 6
21 14 10
21 15 6
21 16 7
21 17 5
21 18 9
21 19 9
21 20 6
22 0 7
22 2 10
22 3 9
22 5 8
22 6 5
22 7 9
22 8 6
22 9 4
22 10 9
22 11 10
22 12 10
22 13 7
22 14 1
22 15 9
22 16 5
22 17 6
22 18 3
22 19 4
22 20 4
22 21 7
23 0 9
23 1 4
23 2 4
23 3 7
23 4 7
23 5 1
23 6 2
23 7 8
23 8 6
23 9 9
23 10 1
23 11 6
23 12 6
23 13 7
23 14 7
23 15 5
23 16 5
23 17 1
23 18 1
23 20 7
23 21 1
23 22 8
24 0 8
24 1 5
24 3 7
24 4 9
24 5 5
24 6 7
24 7 2
24 8 1
24 9 2
24 10 7
24 11 10
24 12 8
24 13 3
24 15 10
24 16 1
24 17 10
24 18 1
24 19 8
24 20 4
24 21 7
24 22 3
24 23 7
25 0 1
25 1 3
25 2 3
25 3 4
25 4 7
25 5 5
25 6 7
25 7 6
25 8 2
25 9 7
25 10 3
25 11 2
25 12 3
25 13 9
25 14 3
25 15 1
25 16 2
25 17 4
25 18 2
25 19 9
25 20 1
25 21 3
25 22 3
25 24 9
26 0 7
26 1 6
26 2 5
26 3 3
26 4 7
26 5 9
26 6 5
26 7 9
26 8 5
26 9 1
26 10 6
26 11 8
26 12 5
26 13 4
26 14 10
26 15 7
26 16 7
26 17 4
26 18 4
26 19 9
26 20 5
26 21 2
26 22 6
26 23 8
26 24 4
26 25 4
27 0 1
27 1 6
27 2 4
27 3 5
27 4 10
27 5 2
27 6 7
27 7 3
27 8 2
27 9 2
27 10 10
27 11 10
27 12 10
27 13 10
27 14 3
27 15 8
27 16 8
27 17 7
27 18 8
27 19 9
27 20 2
27 22 7
27 23 7
27 24 2
27 25 7
27 26 8
28 0 8
28 2 5
28 4 7
28 5 5
28 6 7
28 7 1
28 8 8
28 9 1
28 10 8
28 11 7
28 12 1
28 13 6
28 14 6
28 15 3
28 16 5
28 18 7
28 19 9
28 20 1
28 21 8
28 22 5
28 25 1
28 26 4
28 27 5
29 0 2
29 1 6
29 2 1
29 3 8
29 4 6
29 5 1
29 6 10
29 7 4
29 8 8
29 9 5
29 10 2
29 12 3
29 13 5
29 14 8
29 15 4
29 17 4
29 18 10
29 19 5
29 21 3
29 22 6
29 23 6
29 24 2
29 25 1
29 27 3
29 28 3
