60
3 2 10
5 0 4
5 2 4
5 3 10
5 4 3
6 2 4
6 3 8
6 4 7
7 3 6
8 2 6
9 2 8
9 6 7
10 4 7
10 6 7
10 7 9
11 0 10
11 9 1
13 0 3
13 2 9
13 4 8
13 6 4
13 7 8
13 12 5
14 0 5
14 1 4
14 8 8
14 11 3
15 9 1
15 12 5
15 14 10
16 0 7
16 1 7
16 3 4
16 7 4
16 10 6
16 12 4
16 14 3
17 0 4
17 5 10
17 6 8
17 8 9
17 13 6
17 15 2
18 1 8
18 3 8
18 11 1
18 14 10
18 15 4
19 2 10
19 7 4
19 13 6
19 17 9
20 1 2
20 2 9
20 5 1
20 11 5
20 14 10
20 16 4
20 19 7
21 2 2
21 4 9
21 5 2
21 11 8
21 13 9
21 14 4
21 16 10
21 18 8
22 0 4
22 6 4
22 7 6
22 10 10
22 11 6
22 15 8
22 18 10
22 19 8
22 21 4
23 1 8
23 4 6
23 8 1
23 13 5
23 20 1
24 0 1
24 1 5
24 8 10
24 15 7
24 18 10
24 20 7
24 22 4
25 0 6
25 1 6
25 3 6
25 5 3
25 7 1
25 13 6
25 19 6
25 21 8
25 23 1
26 2 8
26 4 9
26 5 4
26 9 7
26 10 2
26 13 6
26 16 2
26 17 7
26 21 1
26 22 4
26 23 4
27 2 5
27 4 8
27 9 10
27 10 2
27 14 4
27 16 5
27 18 4
27 21 7
27 23 8
27 24 7
27 25 1
28 1 3
28 10 7
28 11 1
28 12 4
28 16 1
28 19 6
28 20 7
28 21 5
28 25 5
29 9 2
29 16 8
29 19 7
29 20 1
29 21 3
29 24 2
29 25 7
29 27 10
30 1 1
30 4 6
30 10 7
30 12 9
30 17 5
30 25 2
30 28 10
31 2 6
31 4 4
31 6 6
31 9 2
31 11 5
31 15 6
31 26 8
32 3 5
32 4 2
32 6 5
32 7 6
32 14 1
32 15 7
32 19 3
32 21 10
32 23 9
32 24 7
32 28 1
32 29 8
32 31 2
33 6 6
33 10 2
33 12 6
33 14 4
33 18 1
33 22 10
33 23 4
33 29 10
33 31 4
34 0 4
34 2 4
34 14 6
34 16 6
34 18 10
34 19 2
34 20 5
34 24 7
34 31 6
35 0 7
35 1 5
35 9 2
35 12 8
35 16 2
35 23 9
35 30 2
35 32 8
35 34 6
36 1 7
36 13 6
36 18 8
36 23 1
36 24 4
36 27 7
36 29 8
36 31 6
36 35 8
37 7 10
37 10 6
37 11 5
37 13 4
37 14 8
37 17 6
37 19 6
37 23 8
37 24 6
37 27 5
37 32 2
37 33 10
37 36 9
38 0 10
38 2 9
38 4 8
38 5 8
38 6 3
38 9 1
38 10 7
38 14 6
38 20 3
38 21 10
38 25 5
38 26 8
38 27 10
38 30 1
38 33 10
38 36 8
38 37 3
39 9 5
39 10 6
39 11 1
39 14 2
39 17 9
39 23 6
39 28 8
39 31 4
39 34 10
39 36 8
40 2 5
40 3 3
40 4 3
40 9 5
40 16 1
40 17 3
40 20 10
40 21 9
40 24 3
40 25 4
40 27 1
40 34 8
40 35 10
40 36 3
40 37 6
40 39 4
41 0 3
41 1 2
41 5 9
41 9 10
41 11 3
41 12 10
41 13 9
41 16 5
41 17 9
41 18 9
41 20 8
41 24 6
41 26 4
41 29 10
41 31 4
41 32 3
41 33 10
41 37 7
41 39 8
42 5 5
42 7 9
42 11 10
42 15 8
42 18 10
42 19 6
42 23 3
42 26 10
42 28 6
42 29 4
42 31 9
43 0 3
43 3 2
43 6 6
43 10 3
43 13 4
43 14 5
43 16 7
43 19 10
43 20 6
43 29 8
43 30 2
43 33 2
43 34 3
44 0 9
44 4 5
44 10 7
44 12 9
44 15 7
44 19 10
44 20 9
44 21 1
44 23 3
44 24 2
44 25 7
44 26 4
44 28 8
44 29 5
44 30 1
44 37 3
44 39 6
44 41 1
44 43 2
45 6 1
45 14 2
45 21 10
45 26 8
45 33 10
45 37 3
45 38 3
45 42 9
45 44 1
46 2 8
46 4 7
46 6 10
46 8 8
46 9 1
46 11 1
46 12 6
46 14 9
46 16 1
46 17 3
46 25 2
46 27 5
46 28 3
46 35 4
46 39 3
46 41 10
46 45 9
47 0 6
47 2 8
47 4 2
47 5 8
47 14 9
47 16 1
47 19 9
47 23 7
47 28 6
47 31 10
47 33 4
47 34 7
47 36 7
47 39 7
47 41 7
47 42 2
47 43 8
48 8 6
48 15 1
48 17 4
48 21 5
48 24 6
48 25 10
48 26 6
48 28 2
48 31 6
48 32 10
48 36 7
48 38 6
48 39 1
48 40 4
48 42 5
48 45 9
49 7 1
49 11 4
49 15 1
49 17 8
49 18 9
49 21 10
49 25 3
49 32 10
49 37 4
49 38 3
49 43 6
49 48 7
50 5 4
50 8 3
50 10 8
50 14 7
50 15 7
50 20 5
50 23 6
50 24 5
50 25 9
50 27 7
50 30 1
50 31 10
50 32 1
50 41 5
50 43 4
50 46 10
50 47 9
50 48 3
50 49 1
51 3 10
51 6 8
51 11 3
51 17 2
51 19 9
51 32 10
51 35 9
51 38 8
51 40 9
51 42 9
51 45 1
52 3 10
52 5 10
52 9 8
52 16 10
52 17 4
52 20 9
52 21 9
52 24 6
52 26 1
52 28 6
52 31 10
52 34 1
52 36 7
52 38 8
52 41 3
52 45 5
52 46 2
52 48 8
53 3 4
53 5 1
53 14 3
53 15 1
53 16 1
53 17 3
53 18 3
53 21 2
53 23 7
53 27 2
53 36 6
53 37 6
53 41 10
53 44 3
53 45 3
53 52 8
54 5 4
54 10 3
54 14 9
54 24 1
54 25 9
54 28 1
54 29 10
54 31 1
54 32 1
54 33 9
54 34 1
54 36 2
54 37 7
54 39 6
54 41 5
54 44 9
54 49 6
54 52 2
55 0 3
55 1 5
55 5 2
55 6 1
55 10 9
55 12 9
55 16 3
55 17 7
55 20 8
55 24 8
55 26 7
55 27 1
55 28 8
55 31 2
55 32 6
55 34 5
55 43 9
55 46 6
55 47 4
55 49 2
55 50 8
55 51 6
55 53 7
55 54 7
56 1 2
56 7 6
56 12 3
56 13 4
56 23 6
56 28 7
56 31 10
56 41 5
56 43 6
56 45 8
56 46 6
56 47 8
56 52 9
57 1 3
57 5 10
57 12 10
57 15 2
57 19 2
57 20 2
57 33 10
57 36 1
57 39 3
57 41 4
57 44 6
57 46 2
57 52 6
57 54 5
58 1 7
58 8 2
58 9 4
58 11 8
58 13 3
58 16 1
58 17 10
58 19 2
58 27 3
58 28 9
58 31 7
58 33 6
58 40 1
58 41 7
58 48 2
58 49 6
58 50 9
58 56 4
58 57 8
59 0 10
59 1 9
59 9 1
59 10 6
59 12 3
59 13 1
59 16 5
59 18 2
59 20 1
59 22 3
59 27 7
59 35 2
59 36 4
59 37 3
59 38 7
59 40 5
59 41 6
59 47 1
59 49 1
59 51 3
59 54 5
59 55 5
