70
2 0 4
3 0 9
3 1 5
4 0 8
4 2 9
5 2 10
5 3 7
6 2 4
6 3 4
6 4 9
6 5 10
7 0 1
7 1 6
7 2 7
7 3 10
8 0 3
8 1 9
8 2 7
8 3 5
8 5 5
9 4 2
9 6 9
9 7 5
9 8 5
10 0 5
10 1 2
10 2 7
10 3 3
10 4 9
10 6 3
10 7 7
11 0 2
11 1 2
11 2 8
11 6 8
11 7 5
11 10 6
12 0 8
12 1 2
12 2 10
12 3 10
12 5 1
12 6 3
12 7 1
12 9 7
12 11 7
13 0 4
13 1 9
13 4 10
13 5 9
13 6 3
13 8 8
14 0 4
14 3 10
14 4 6
14 7 3
14 8 5
14 9 1
14 13 10
15 0 3
15 1 7
15 4 2
15 5 1
15 6 4
15 8 1
15 9 10
15 10 9
15 11 9
15 13 4
16 0 2
16 1 7
16 2 4
16 3 10
16 4 4
16 5 4
16 6 8
16 7 6
16 9 3
16 10 4
16 13 4
16 14 10
17 0 5
17 1 6
17 3 9
17 4 2
17 6 7
17 8 2
17 12 8
17 16 5
18 2 8
18 7 8
18 11 10
18 14 2
18 15 8
18 16 9
19 0 5
19 5 5
19 8 7
19 9 1
19 10 2
19 12 9
19 13 5
19 14 4
20 0 2
20 1 7
20 2 10
20 4 7
20 5 9
20 6 4
20 8 5
20 12 6
20 19 9
21 2 1
21 3 2
21 4 7
21 5 2
21 6 6
21 10 5
21 11 6
21 13 9
21 14 7
21 15 9
21 17 8
21 18 7
21 20 5
22 0 4
22 1 5
22 2 2
22 3 7
22 5 9
22 6 7
22 10 5
22 11 2
22 13 8
22 14 5
22 15 4
22 16 9
22 17 6
22 18 1
22 20 4
23 0 7
23 1 3
23 2 9
23 5 6
23 6 10
23 15 7
23 19 4
23 20 3
23 21 6
23 22 5
24 2 8
24 5 9
24 7 6
24 8 4
24 11 10
24 12 1
24 15 2
24 16 9
24 17 2
24 18 5
24 19 7
24 21 5
25 1 9
25 2 6
25 3 7
25 4 4
25 7 4
25 8 1
25 9 10
25 10 3
25 13 9
25 14 4
25 15 2
25 16 3
25 18 5
25 19 10
25 20 2
25 21 1
25 23 2
25 24 7
26 0 7
26 1 2
26 3 6
26 5 1
26 6 1
26 8 1
26 11 7
26 12 5
26 13 10
26 16 4
26 18 5
26 19 7
26 20 3
26 21 9
26 22 4
26 24 10
27 0 7
27 3 6
27 4 6
27 5 7
27 8 2
27 10 2
27 11 9
27 13 3
27 16 2
27 17 5
27 19 4
27 20 2
27 21 5
27 23 1
27 26 8
28 2 5
28 3 10
28 6 1
28 7 1
28 8 1
28 10 8
28 13 1
28 15 6
28 16 8
28 17 4
28 20 9
28 22 6
28 23 2
28 24 7
29 0 7
29 1 2
29 2 1
29 3 1
29 4 2
29 12 4
29 13 8
29 14 3
29 16 4
29 19 6
29 20 6
29 21 6
29 22 5
29 23 10
29 24 10
29 25 1
29 27 9
30 0 4
30 1 1
30 2 8
30 3 1
30 5 4
30 8 2
30 10 8
30 13 1
30 20 3
30 23 4
30 24 1
30 27 4
31 0 8
31 1 5
31 2 2
31 5 3
31 6 10
31 9 2
31 10 6
31 14 2
31 16 7
31 19 5
31 21 10
31 22 9
31 24 3
31 25 2
31 29 4
31 30 10
32 0 3
32 2 2
32 3 6
32 5 4
32 8 9
32 9 7
32 10 6
32 11 10
32 12 10
32 13 7
32 14 3
32 15 5
32 16 4
32 18 7
32 19 10
32 20 7
32 21 5
32 26 4
32 27 2
32 29 6
32 30 7
32 31 8
33 0 6
33 1 8
33 3 4
33 4 6
33 5 3
33 9 10
33 10 3
33 12 4
33 14 1
33 15 9
33 17 3
33 18 10
33 19 3
33 20 1
33 21 3
33 22 2
33 23 1
33 24 5
33 25 3
33 26 10
33 28 6
33 31 2
34 2 3
34 7 7
34 9 10
34 11 9
34 14 6
34 16 10
34 17 8
34 18 5
34 19 5
34 21 4
34 22 10
34 27 3
34 30 4
34 31 6
34 32 4
35 2 4
35 4 5
35 5 2
35 7 3
35 8 1
35 9 9
35 10 5
35 11 9
35 14 10
35 17 1
35 18 8
35 21 8
35 22 7
35 23 2
35 24 5
35 25 2
35 26 2
35 27 2
35 28 1
35 29 6
35 30 7
35 31 1
35 33 5
35 34 7
36 0 2
36 2 4
36 3 4
36 7 3
36 8 9
36 9 4
36 10 6
36 11 6
36 12 2
36 13 1
36 14 6
36 15 6
36 16 3
36 18 7
36 20 9
36 21 1
36 22 3
36 23 6
36 25 1
36 26 6
36 27 6
36 28 10
36 31 2
36 32 1
36 33 9
36 35 8
37 2 3
37 5 4
37 9 8
37 10 1
37 11 10
37 12 6
37 14 1
37 18 7
37 20 2
37 22 9
37 23 3
37 24 8
37 26 3
37 28 5
37 29 8
37 31 2
37 33 8
37 34 2
37 35 10
38 3 7
38 5 8
38 6 9
38 8 4
38 11 10
38 12 9
38 13 7
38 16 4
38 19 1
38 22 4
38 26 3
38 28 10
38 29 10
38 30 5
38 31 9
38 33 7
38 35 7
38 36 2
38 37 3
39 1 5
39 4 7
39 5 8
39 9 10
39 10 9
39 12 2
39 13 5
39 14 5
39 15 7
39 18 4
39 19 9
39 23 1
39 24 7
39 26 6
39 27 2
39 28 7
39 31 1
39 35 3
40 0 2
40 1 7
40 2 3
40 4 9
40 5 8
40 6 10
40 7 10
40 8 9
40 9 3
40 10 4
40 12 2
40 13 1
40 14 7
40 15 3
40 18 2
40 20 9
40 21 5
40 22 8
40 24 5
40 25 5
40 26 5
40 27 5
40 28 4
40 30 7
40 31 5
40 34 5
40 36 7
40 37 6
40 38 7
40 39 2
41 0 9
41 6 6
41 8 3
41 10 9
41 11 6
41 12 10
41 13 6
41 15 7
41 17 3
41 18 4
41 19 7
41 21 6
41 22 4
41 23 7
41 24 3
41 26 2
41 27 9
41 28 10
41 29 6
41 30 1
41 31 7
41 34 1
41 35 1
41 37 10
41 38 2
42 1 3
42 2 3
42 5 4
42 6 7
42 7 9
42 9 7
42 10 3
42 11 6
42 12 2
42 13 3
42 15 7
42 17 8
42 18 7
42 19 4
42 21 8
42 25 2
42 27 2
42 29 6
42 30 3
42 32 9
42 35 3
42 36 2
42 38 5
43 0 6
43 1 7
43 2 9
43 4 7
43 5 1
43 7 6
43 9 6
43 10 1
43 11 1
43 14 3
43 16 6
43 19 7
43 21 6
43 22 3
43 23 6
43 24 3
43 26 8
43 27 1
43 29 8
43 31 3
43 34 2
43 36 4
43 37 9
43 38 5
43 39 9
43 41 10
43 42 8
44 1 9
44 4 10
44 9 7
44 10 9
44 11 1
44 13 4
44 15 7
44 17 7
44 19 1
44 20 7
44 22 9
44 23 7
44 25 5
44 26 8
44 27 1
44 28 10
44 30 4
44 31 5
44 33 8
44 34 1
44 38 5
44 39 4
44 40 7
44 41 4
44 42 5
44 43 2
45 0 10
45 1 4
45 2 8
45 3 1
45 7 5
45 9 7
45 10 3
45 11 1
45 12 1
45 13 10
45 14 5
45 17 9
45 18 7
45 20 1
45 21 8
45 22 3
45 23 3
45 24 6
45 25 10
45 26 9
45 28 7
45 29 7
45 30 7
45 33 6
45 36 2
45 40 1
45 41 4
45 42 8
45 43 2
45 44 8
46 0 9
46 6 5
46 7 3
46 9 8
46 10 1
46 11 5
46 12 8
46 13 10
46 15 8
46 17 10
46 19 2
46 20 1
46 21 6
46 23 6
46 25 1
46 26 3
46 27 3
46 28 1
46 29 6
46 30 10
46 32 2
46 33 8
46 34 8
46 35 5
46 36 6
46 37 6
46 38 8
46 39 7
46 40 8
46 42 1
47 0 2
47 1 9
47 2 8
47 4 1
47 7 3
47 9 8
47 10 7
47 12 8
47 14 2
47 15 5
47 16 9
47 18 7
47 20 8
47 21 2
47 25 10
47 26 2
47 29 1
47 31 6
47 32 1
47 33 5
47 34 2
47 36 10
47 38 9
47 40 9
47 41 9
47 42 9
47 43 5
47 44 9
47 45 7
47 46 2
48 0 9
48 2 2
48 3 6
48 4 3
48 6 3
48 7 8
48 9 6
48 10 8
48 11 6
48 14 7
48 15 1
48 17 4
48 23 10
48 24 10
48 25 1
48 26 3
48 30 3
48 33 7
48 35 4
48 36 8
48 39 4
48 40 4
48 42 8
48 43 9
48 44 9
48 47 4
49 0 10
49 1 8
49 2 7
49 4 10
49 6 1
49 7 1
49 8 2
49 11 5
49 12 2
49 13 8
49 14 5
49 15 1
49 16 1
49 20 10
49 22 8
49 23 4
49 24 2
49 25 8
49 26 1
49 27 10
49 28 1
49 33 3
49 34 2
49 35 1
49 37 1
49 39 7
49 40 8
49 41 8
49 42 2
49 45 8
49 48 5
50 0 4
50 1 5
50 3 5
50 6 3
50 7 7
50 8 6
50 10 7
50 11 7
50 12 8
50 15 2
50 16 3
50 17 10
50 18 9
50 19 3
50 20 5
50 21 3
50 22 5
50 23 7
50 24 5
50 25 5
50 27 4
50 30 10
50 31 5
50 32 7
50 34 8
50 35 1
50 36 10
50 38 6
50 39 4
50 40 9
50 41 9
50 42 7
50 44 7
50 45 5
50 47 8
51 2 9
51 3 1
51 5 5
51 7 7
51 8 4
51 10 1
51 11 9
51 13 9
51 14 10
51 16 3
51 17 5
51 20 10
51 22 1
51 23 4
51 24 6
51 25 7
51 26 4
51 29 2
51 30 5
51 32 3
51 36 6
51 41 1
51 43 9
51 45 8
51 46 4
51 48 7
51 50 9
52 1 3
52 5 9
52 7 7
52 8 1
52 10 2
52 11 6
52 13 8
52 14 5
52 16 4
52 17 3
52 18 2
52 19 1
52 20 4
52 21 5
52 22 1
52 23 5
52 24 5
52 25 1
52 27 10
52 28 5
52 29 6
52 30 1
52 31 10
52 32 5
52 33 4
52 35 8
52 38 10
52 40 2
52 41 5
52 42 6
52 43 7
52 46 9
52 47 1
52 48 7
52 49 5
52 51 5
53 1 4
53 3 2
53 4 6
53 6 8
53 7 10
53 9 10
53 10 5
53 13 8
53 17 8
53 18 7
53 19 6
53 20 8
53 21 3
53 22 7
53 23 1
53 25 6
53 27 3
53 28 9
53 30 6
53 31 5
53 32 8
53 34 1
53 36 6
53 37 10
53 38 7
53 40 9
53 41 5
53 43 3
53 44 9
53 45 6
53 47 8
53 48 5
53 49 6
53 50 4
53 51 4
53 52 5
54 0 8
54 1 4
54 3 7
54 5 10
54 6 2
54 8 7
54 9 6
54 11 4
54 12 3
54 13 5
54 14 10
54 19 8
54 21 3
54 22 7
54 24 4
54 27 2
54 28 6
54 30 1
54 32 10
54 33 1
54 36 1
54 37 4
54 39 6
54 40 6
54 41 7
54 42 5
54 44 2
54 47 8
54 48 6
54 52 9
54 53 9
55 0 8
55 1 7
55 3 10
55 4 7
55 7 2
55 8 10
55 9 8
55 10 10
55 14 9
55 16 5
55 17 1
55 18 5
55 19 7
55 20 1
55 21 6
55 22 2
55 23 2
55 24 6
55 28 8
55 29 5
55 30 5
55 32 2
55 33 5
55 37 8
55 40 3
55 41 7
55 45 5
55 46 10
55 47 9
55 48 4
55 50 2
55 53 6
55 54 6
56 0 3
56 2 8
56 3 7
56 7 1
56 14 3
56 16 8
56 17 7
56 18 10
56 20 8
56 22 4
56 23 5
56 24 2
56 26 9
56 28 5
56 30 1
56 31 7
56 32 4
56 34 4
56 35 1
56 40 8
56 41 8
56 42 1
56 44 9
56 45 9
56 49 3
56 50 8
56 51 9
56 52 6
56 54 8
56 55 4
57 0 9
57 2 3
57 3 1
57 6 6
57 8 10
57 11 9
57 12 5
57 13 7
57 14 4
57 16 2
57 17 8
57 18 4
57 19 7
57 22 6
57 23 2
57 24 8
57 26 10
57 28 4
57 30 2
57 31 8
57 32 4
57 33 7
57 34 1
57 36 10
57 38 5
57 39 6
57 40 1
57 41 1
57 42 6
57 43 7
57 44 10
57 45 5
57 48 6
57 49 1
57 50 4
57 51 9
57 52 6
57 53 3
57 54 6
57 55 7
57 56 3
58 0 6
58 1 6
58 2 4
58 4 10
58 6 8
58 7 4
58 9 2
58 10 5
58 13 10
58 14 7
58 16 1
58 18 10
58 19 4
58 23 10
58 25 10
58 27 1
58 28 6
58 30 4
58 31 9
58 34 6
58 38 9
58 39 4
58 42 3
58 43 4
58 50 3
58 51 6
58 52 2
58 55 1
58 56 7
59 1 10
59 3 8
59 6 8
59 9 1
59 10 3
59 11 2
59 18 1
59 19 6
59 20 3
59 21 7
59 22 1
59 24 4
59 25 3
59 26 7
59 28 3
59 30 5
59 31 2
59 32 7
59 33 8
59 35 8
59 37 1
59 38 3
59 40 1
59 41 10
59 44 9
59 46 6
59 48 4
59 50 7
59 51 3
59 52 2
59 54 1
59 56 7
59 57 5
60 0 8
60 1 2
60 3 9
60 4 5
60 6 10
60 7 6
60 8 8
60 10 2
60 11 9
60 13 6
60 14 7
60 15 9
60 16 5
60 19 3
60 21 1
60 22 7
60 24 9
60 25 6
60 26 7
60 27 1
60 28 6
60 29 5
60 30 1
60 31 8
60 32 8
60 33 3
60 34 3
60 35 6
60 37 8
60 39 4
60 40 5
60 41 8
60 42 6
60 46 9
60 47 8
60 50 3
60 53 4
60 57 2
60 59 8
61 1 1
61 2 4
61 3 6
61 4 5
61 5 7
61 6 6
61 7 3
61 8 1
61 11 1
61 12 6
61 16 2
61 18 4
61 19 10
61 23 4
61 25 5
61 26 6
61 27 4
61 29 7
61 30 2
61 33 9
61 34 3
61 35 8
61 38 8
61 39 8
61 41 5
61 44 7
61 45 4
61 46 7
61 47 4
61 48 5
61 50 9
61 52 2
61 53 5
61 54 6
61 55 10
61 56 7
61 57 3
61 58 9
61 59 1
61 60 3
62 0 1
62 1 10
62 2 1
62 3 1
62 4 8
62 5 6
62 10 10
62 11 3
62 12 1
62 14 4
62 16 8
62 17 2
62 18 1
62 19 9
62 20 9
62 25 10
62 26 5
62 27 3
62 28 1
62 29 8
62 31 4
62 32 6
62 33 9
62 34 5
62 40 7
62 42 7
62 46 3
62 47 7
62 49 5
62 50 7
62 51 5
62 53 8
62 55 8
62 57 3
62 58 3
62 59 2
62 60 2
63 0 8
63 1 2
63 4 10
63 5 9
63 7 2
63 8 5
63 9 2
63 10 6
63 11 5
63 14 9
63 16 5
63 19 2
63 20 4
63 21 5
63 22 9
63 26 2
63 27 10
63 28 5
63 29 5
63 35 5
63 37 4
63 40 7
63 42 1
63 44 7
63 45 4
63 46 1
63 48 5
63 49 3
63 50 8
63 51 10
63 52 3
63 53 1
63 54 10
63 56 3
63 58 7
63 60 8
63 61 4
63 62 8
64 1 1
64 2 7
64 3 1
64 4 2
64 5 10
64 6 3
64 7 4
64 10 6
64 15 5
64 16 2
64 19 6
64 20 6
64 21 1
64 23 10
64 24 1
64 25 3
64 26 9
64 27 5
64 28 3
64 30 2
64 31 5
64 32 7
64 33 8
64 35 6
64 37 1
64 38 10
64 40 5
64 41 5
64 45 9
64 46 10
64 47 1
64 48 7
64 49 3
64 50 8
64 51 2
64 52 1
64 57 4
64 59 9
64 60 7
64 61 4
64 62 6
64 63 8
65 0 4
65 1 7
65 3 6
65 5 2
65 6 8
65 7 6
65 8 6
65 9 9
65 10 5
65 11 3
65 12 3
65 13 8
65 15 3
65 16 8
65 18 10
65 21 8
65 23 3
65 24 7
65 25 4
65 26 1
65 27 6
65 28 10
65 29 8
65 30 5
65 32 6
65 34 2
65 36 2
65 40 10
65 44 5
65 46 2
65 47 3
65 52 4
65 53 6
65 55 6
65 57 7
65 58 9
65 61 9
65 62 5
65 63 6
65 64 2
66 0 1
66 1 5
66 2 8
66 3 6
66 6 3
66 7 8
66 10 2
66 11 1
66 12 9
66 15 6
66 17 8
66 18 2
66 19 7
66 20 7
66 21 5
66 24 10
66 26 3
66 29 2
66 30 7
66 31 8
66 32 1
66 33 5
66 34 5
66 35 1
66 36 4
66 37 1
66 38 6
66 39 5
66 40 8
66 42 1
66 45 9
66 46 4
66 47 10
66 49 10
66 50 9
66 52 6
66 53 4
66 54 3
66 55 6
66 56 8
66 58 3
66 60 10
66 63 10
66 64 7
67 1 10
67 3 4
67 4 9
67 7 5
67 8 7
67 9 8
67 10 3
67 12 4
67 14 1
67 15 2
67 17 6
67 20 6
67 22 3
67 24 7
67 27 5
67 28 6
67 29 7
67 30 9
67 32 8
67 33 1
67 34 8
67 36 5
67 39 2
67 43 5
67 44 8
67 45 6
67 46 6
67 47 4
67 49 6
67 50 9
67 51 2
67 53 4
67 55 5
67 56 7
67 57 6
67 59 3
67 65 7
67 66 6
68 0 6
68 2 2
68 3 2
68 4 10
68 5 5
68 8 9
68 9 9
68 13 9
68 14 2
68 15 1
68 17 9
68 18 1
68 19 9
68 20 10
68 21 6
68 22 7
68 24 5
68 25 9
68 26 6
68 27 6
68 28 6
68 29 3
68 31 3
68 32 10
68 34 1
68 35 6
68 38 5
68 41 5
68 44 6
68 45 9
68 46 4
68 48 1
68 51 8
68 53 8
68 55 6
68 56 3
68 59 3
68 60 4
68 61 1
68 62 7
68 64 9
68 65 3
68 66 2
68 67 2
69 1 7
69 3 4
69 6 4
69 7 3
69 10 1
69 11 4
69 12 10
69 13 1
69 14 10
69 16 6
69 17 1
69 18 9
69 19 8
69 20 9
69 22 9
69 23 9
69 28 10
69 29 9
69 31 4
69 32 3
69 33 2
69 34 2
69 39 5
69 41 8
69 42 3
69 43 10
69 44 6
69 45 5
69 46 5
69 48 5
69 51 7
69 53 3
69 55 10
69 59 10
69 60 9
69 61 1
69 62 9
69 64 9
69 65 7
