30
5 1 113
6 1 25
6 3 71
6 5 103
7 6 155
8 4 53
8 5 43
8 7 141
9 3 159
10 5 77
11 3 98
11 4 72
11 7 108
12 1 75
12 9 62
12 10 125
12 11 144
13 1 146
13 4 146
13 9 155
13 11 38
14 7 145
14 9 27
15 0 97
15 2 28
15 4 126
15 13 27
16 2 128
16 15 151
17 10 28
17 11 47
17 14 23
17 16 135
18 1 102
18 2 95
18 12 111
18 14 93
18 15 73
19 4 87
19 9 55
19 10 80
20 2 34
20 5 108
20 9 34
20 11 77
20 17 79
20 19 94
21 0 41
21 6 42
21 10 70
21 11 69
21 12 154
22 0 158
22 1 61
22 5 63
22 6 154
22 7 7
22 13 140
22 14 148
23 4 22
23 11 159
24 1 37
24 3 119
24 19 123
25 2 69
25 6 95
25 16 142
25 21 136
25 22 42
26 0 66
26 3 125
26 4 38
26 10 25
26 12 91
26 13 80
26 15 122
26 19 6
26 23 104
27 4 140
27 11 133
27 18 142
27 22 103
27 23 158
27 25 91
28 5 132
28 7 121
28 11 118
28 12 29
28 14 73
28 16 20
28 18 20
28 20 160
28 21 145
28 23 26
29 3 9
29 5 8
29 12 4
29 18 15
29 19 1
29 21 39
29 24 85
