30
3 2 17
4 0 15
4 1 143
5 1 27
5 2 93
5 4 16
6 0 90
6 1 131
6 2 94
6 5 11
7 1 84
7 2 21
7 3 56
7 4 65
7 5 130
8 2 71
8 4 138
8 6 102
8 7 127
9 5 90
9 7 96
9 8 64
10 2 52
10 4 107
10 5 91
10 6 81
10 7 64
10 8 9
10 9 56
11 0 32
11 3 36
11 9 75
11 10 160
12 0 16
12 3 92
12 4 31
12 5 25
12 6 44
12 7 30
12 8 150
12 10 132
13 1 156
13 2 95
13 3 149
13 5 42
13 7 127
13 8 86
13 9 33
13 10 62
13 12 60
14 0 42
14 3 78
14 4 10
14 6 160
14 9 16
14 10 103
14 11 136
14 12 52
15 0 128
15 1 38
15 3 60
15 4 35
15 5 141
15 7 72
15 10 122
15 11 146
15 12 123
15 13 63
15 14 156
16 0 115
16 1 82
16 2 2
16 3 85
16 4 123
16 6 63
16 7 80
16 8 6
16 10 44
16 12 98
16 14 5
17 4 78
17 5 20
17 8 140
17 9 100
17 10 97
17 11 48
17 13 13
17 14 104
17 15 58
18 0 82
18 1 40
18 3 68
18 4 110
18 5 149
18 6 58
18 9 41
18 10 12
18 11 39
18 12 84
18 14 80
18 15 95
18 16 45
18 17 55
19 1 52
19 2 54
19 4 38
19 5 143
19 11 78
19 12 13
19 13 137
19 14 72
19 15 36
19 16 12
19 18 106
20 2 87
20 5 76
20 6 91
20 8 130
20 10 43
20 11 138
20 12 45
20 14 106
20 15 133
20 17 17
20 19 36
21 1 48
21 2 45
21 3 141
21 4 51
21 5 18
21 7 23
21 8 94
21 9 14
21 10 105
21 11 61
21 12 51
21 13 156
21 15 15
21 16 18
21 17 95
21 18 66
21 19 110
22 0 34
22 2 48
22 5 151
22 6 13
22 7 93
22 8 83
22 10 132
22 12 136
22 13 48
22 16 36
22 17 34
22 19 79
23 3 122
23 5 96
23 6 47
23 10 86
23 11 134
23 14 86
23 15 8
23 17 101
23 19 80
23 21 49
24 0 67
24 2 155
24 4 80
24 5 91
24 6 90
24 7 69
24 8 68
24 9 124
24 10 99
24 12 52
24 14 4
24 15 150
24 16 6
24 18 149
24 19 24
24 20 48
24 21 23
25 1 76
25 2 45
25 4 85
25 5 135
25 8 158
25 9 66
25 11 11
25 13 158
25 15 103
25 16 109
25 17 79
25 18 71
25 19 45
25 20 108
25 21 95
25 22 91
25 23 101
25 24 82
26 0 60
26 1 118
26 2 1
26 3 88
26 6 101
26 10 158
26 11 145
26 13 102
26 14 29
26 15 10
26 17 10
26 22 94
26 23 67
26 24 158
26 25 112
27 1 15
27 2 27
27 4 83
27 6 10
27 7 108
27 8 65
27 9 118
27 13 59
27 15 134
27 17 20
27 18 155
27 19 158
27 23 103
28 1 111
28 2 35
28 4 80
28 5 134
28 7 151
28 8 104
28 9 98
28 10 48
28 11 106
28 12 153
28 14 21
28 15 116
28 16 3
28 18 150
28 19 26
28 20 13
28 22 156
28 25 11
28 26 39
28 27 120
29 1 155
29 2 62
29 3 24
29 5 124
29 6 126
29 8 97
29 10 129
29 11 79
29 12 93
29 13 122
29 15 152
29 16 21
29 17 9
29 18 90
29 20 129
29 24 63
29 25 128
29 26 127
29 27 11
