30
2 0 9
2 1 24
3 1 13
4 0 25
4 1 34
4 3 17
5 1 1
5 2 10
5 4 8
6 0 10
6 2 3
6 3 14
6 5 31
7 0 1
7 1 9
7 2 40
8 0 33
8 3 28
8 5 31
8 7 7
9 0 39
9 2 32
9 4 36
9 5 40
9 6 5
9 7 2
9 8 18
10 0 16
10 1 20
10 3 26
10 4 3
10 5 30
11 1 30
11 2 10
11 3 32
11 5 24
11 7 30
12 0 1
12 1 2
12 3 6
12 4 38
12 6 22
12 7 21
12 8 14
12 9 23
12 11 29
13 1 9
13 3 21
13 5 27
13 7 13
13 8 30
13 9 9
13 11 19
14 0 32
14 1 27
14 3 5
14 4 40
14 5 29
14 7 39
14 10 15
14 11 12
14 12 35
14 13 2
15 0 22
15 1 35
15 2 21
15 3 40
15 4 14
15 5 33
15 7 17
15 11 20
16 0 39
16 1 24
16 2 16
16 4 34
16 7 11
16 10 11
16 13 6
16 14 22
16 15 17
17 0 4
17 1 28
17 2 14
17 3 32
17 4 2
17 5 32
17 6 18
17 10 7
17 11 24
17 12 9
17 13 18
17 14 19
17 15 6
18 0 25
18 3 19
18 4 13
18 5 22
18 6 15
18 8 20
18 9 7
18 11 17
18 12 37
18 13 26
18 15 30
18 16 24
18 17 38
19 0 8
19 1 12
19 2 37
19 4 12
19 5 3
19 6 1
19 7 17
19 8 35
19 9 27
19 11 18
19 13 5
19 14 6
19 15 37
19 17 9
19 18 33
20 0 4
20 1 34
20 2 39
20 5 32
20 6 22
20 8 32
20 10 12
20 11 27
20 14 6
20 15 24
20 17 18
21 0 10
21 1 28
21 2 36
21 5 23
21 8 23
21 10 23
21 11 24
21 12 24
21 15 19
21 16 22
21 17 22
22 1 10
22 2 9
22 3 29
22 4 27
22 5 25
22 6 30
22 7 5
22 8 36
22 10 2
22 13 40
22 17 3
22 18 33
22 20 19
22 21 31
23 0 33
23 2 31
23 3 40
23 10 36
23 11 12
23 13 26
23 14 24
23 16 24
23 18 34
23 21 23
23 22 31
24 0 16
24 1 40
24 2 40
24 4 36
24 5 34
24 6 30
24 9 17
24 10 28
24 13 28
24 14 13
24 15 19
24 17 4
24 19 35
24 20 11
24 21 30
24 22 11
25 0 28
25 1 17
25 3 29
25 4 16
25 5 20
25 6 25
25 11 23
25 14 26
25 15 18
25 18 16
25 19 18
25 20 16
25 21 31
25 22 38
26 2 20
26 4 30
26 5 13
26 6 18
26 7 2
26 9 24
26 11 29
26 14 28
26 16 9
26 19 12
26 20 12
26 22 2
26 24 34
26 25 28
27 0 28
27 2 6
27 3 36
27 5 30
27 6 39
27 8 13
27 9 40
27 10 1
27 11 24
27 12 16
27 13 24
27 14 30
27 15 11
27 16 21
27 20 9
27 22 15
27 23 30
28 0 25
28 1 25
28 2 5
28 5 32
28 9 8
28 10 10
28 11 34
28 12 16
28 13 20
28 14 17
28 15 31
28 16 17
28 18 8
28 19 16
28 20 30
28 21 40
28 22 2
28 23 39
28 24 24
28 25 27
28 26 37
29 2 8
29 4 18
29 6 28
29 7 25
29 8 30
29 12 13
29 13 32
29 14 8
29 15 9
29 18 5
29 19 15
29 21 18
29 23 4
29 25 25
29 26 33
29 27 15
