60
1 0 111
2 0 29
2 1 24
3 0 101
3 1 2
3 2 38
4 0 24
4 1 152
4 2 9
4 3 148
5 0 12
5 1 110
5 2 97
5 3 110
5 4 9
6 0 55
6 1 133
6 2 126
6 3 66
6 4 34
6 5 96
7 0 93
7 1 103
7 2 143
7 3 150
7 4 156
7 5 34
7 6 151
8 0 20
8 1 31
8 2 14
8 3 78
8 4 158
8 5 86
8 6 47
8 7 146
9 0 66
9 1 100
9 2 28
9 3 9
9 4 36
9 5 57
9 6 2
9 7 63
9 8 135
10 0 101
10 1 18
10 2 34
10 3 66
10 4 72
10 5 116
10 6 128
10 7 52
10 8 7
10 9 33
11 0 9
11 1 45
11 2 18
11 3 58
11 4 14
11 5 65
11 6 44
11 7 153
11 8 118
11 9 155
11 10 64
12 0 103
12 1 7
12 2 114
12 3 59
12 4 5
12 5 24
12 6 160
12 7 67
12 8 71
12 9 13
12 10 13
12 11 29
13 0 107
13 1 69
13 2 46
13 3 158
13 4 130
13 5 155
13 6 1
13 7 21
13 8 149
13 9 91
13 10 100
13 11 15
13 12 22
14 0 7
14 1 139
14 2 159
14 3 58
14 4 127
14 5 37
14 6 112
14 7 147
14 8 54
14 9 62
14 10 56
14 11 91
14 12 21
14 13 127
15 0 59
15 1 122
15 2 35
15 3 142
15 4 6
15 5 29
15 6 110
15 7 89
15 8 42
15 9 146
15 10 147
15 11 130
15 12 37
15 13 108
15 14 18
16 0 140
16 1 144
16 2 6
16 3 94
16 4 160
16 5 99
16 6 101
16 7 131
16 8 137
16 9 52
16 10 94
16 11 41
16 12 41
16 13 16
16 14 143
16 15 55
17 0 78
17 1 5
17 2 51
17 3 44
17 4 107
17 5 100
17 6 12
17 7 75
17 8 121
17 9 47
17 10 73
17 11 115
17 12 33
17 13 96
17 14 160
17 15 87
17 16 56
18 0 46
18 1 4
18 2 36
18 3 13
18 4 55
18 5 84
18 6 76
18 7 53
18 8 84
18 9 127
18 10 129
18 11 64
18 12 27
18 13 41
18 14 156
18 15 52
18 16 29
18 17 61
19 0 19
19 1 87
19 2 84
19 3 107
19 4 74
19 5 126
19 6 108
19 7 2
19 8 108
19 9 137
19 10 115
19 11 14
19 12 40
19 13 114
19 14 28
19 15 63
19 16 87
19 17 13
19 18 116
20 0 22
20 1 53
20 2 67
20 3 55
20 4 40
20 5 152
20 6 12
20 7 93
20 8 157
20 9 75
20 10 133
20 11 157
20 12 3
20 13 66
20 14 48
20 15 138
20 16 9
20 17 154
20 18 125
20 19 155
21 0 29
21 1 121
21 2 90
21 3 116
21 4 101
21 5 93
21 6 132
21 7 9
21 8 111
21 9 103
21 10 87
21 11 10
21 12 129
21 13 40
21 14 18
21 15 156
21 16 24
21 17 3
21 18 94
21 19 32
21 20 58
22 0 152
22 1 115
22 2 60
22 3 1
22 4 8
22 5 39
22 6 115
22 7 8
22 8 44
22 9 7
22 10 21
22 11 78
22 12 159
22 13 23
22 14 132
22 15 120
22 16 41
22 17 115
22 18 69
22 19 105
22 20 87
22 21 86
23 0 132
23 1 3
23 2 133
23 3 81
23 4 35
23 5 15
23 6 15
23 7 36
23 8 25
23 9 89
23 10 93
23 11 125
23 12 79
23 13 115
23 14 85
23 15 25
23 16 87
23 17 7
23 18 21
23 19 151
23 20 144
23 21 48
23 22 144
24 0 53
24 1 109
24 2 140
24 3 123
24 4 70
24 5 26
24 6 9
24 7 94
24 8 83
24 9 7
24 10 51
24 11 127
24 12 115
24 13 139
24 14 152
24 15 73
24 16 28
24 17 41
24 18 84
24 19 5
24 20 130
24 21 11
24 22 12
24 23 62
25 0 24
25 1 89
25 2 153
25 3 13
25 4 131
25 5 34
25 6 118
25 7 135
25 8 114
25 9 133
25 10 113
25 11 127
25 12 158
25 13 149
25 14 105
25 15 137
25 16 42
25 17 116
25 18 35
25 19 61
25 20 126
25 21 16
25 22 129
25 23 152
25 24 62
26 0 59
26 1 144
26 2 131
26 3 81
26 4 130
26 5 65
26 6 94
26 7 102
26 8 25
26 9 17
26 10 147
26 11 142
26 12 98
26 13 92
26 14 81
26 15 97
26 16 14
26 17 8
26 18 91
26 19 37
26 20 98
26 21 15
26 22 86
26 23 121
26 24 40
26 25 14
27 0 123
27 1 92
27 2 146
27 3 136
27 4 65
27 5 83
27 6 137
27 7 147
27 8 125
27 9 59
27 10 137
27 11 61
27 12 148
27 13 28
27 14 49
27 15 25
27 16 10
27 17 24
27 18 102
27 19 22
27 20 37
27 21 158
27 22 151
27 23 126
27 24 56
27 25 127
27 26 111
28 0 127
28 1 63
28 2 20
28 3 127
28 4 13
28 5 77
28 6 113
28 7 81
28 8 44
28 9 8
28 10 134
28 11 152
28 12 51
28 13 68
28 14 97
28 15 25
28 16 146
28 17 72
28 18 65
28 19 157
28 20 155
28 21 158
28 22 48
28 23 40
28 24 37
28 25 75
28 26 59
28 27 159
29 0 118
29 1 123
29 2 153
29 3 109
29 4 140
29 5 18
29 6 80
29 7 115
29 8 3
29 9 128
29 10 67
29 11 113
29 12 34
29 13 147
29 14 15
29 15 30
29 16 38
29 17 59
29 18 11
29 19 139
29 20 8
29 21 137
29 22 153
29 23 86
29 24 90
29 25 99
29 26 101
29 27 37
29 28 2
30 0 29
30 1 118
30 2 51
30 3 95
30 4 45
30 5 94
30 6 79
30 7 8
30 8 119
30 9 157
30 10 156
30 11 53
30 12 22
30 13 85
30 14 56
30 15 96
30 16 37
30 17 76
30 18 130
30 19 21
30 20 118
30 21 18
30 22 124
30 23 145
30 24 143
30 25 55
30 26 21
30 27 159
30 28 118
30 29 149
31 0 96
31 1 151
31 2 37
31 3 70
31 4 145
31 5 129
31 6 84
31 7 3
31 8 142
31 9 88
31 10 16
31 11 77
31 12 85
31 13 148
31 14 79
31 15 47
31 16 114
31 17 19
31 18 135
31 19 75
31 20 25
31 21 108
31 22 90
31 23 85
31 24 113
31 25 85
31 26 126
31 27 141
31 28 23
31 29 40
31 30 62
32 0 65
32 1 157
32 2 104
32 3 125
32 4 16
32 5 9
32 6 80
32 7 124
32 8 159
32 9 136
32 10 160
32 11 25
32 12 109
32 13 121
32 14 18
32 15 130
32 16 52
32 17 144
32 18 14
32 19 97
32 20 130
32 21 11
32 22 108
32 23 32
32 24 74
32 25 146
32 26 139
32 27 98
32 28 93
32 29 87
32 30 30
32 31 46
33 0 91
33 1 10
33 2 137
33 3 119
33 4 84
33 5 124
33 6 61
33 7 52
33 8 82
33 9 1
33 10 56
33 11 72
33 12 147
33 13 137
33 14 81
33 15 69
33 16 84
33 17 44
33 18 57
33 19 130
33 20 56
33 21 54
33 22 155
33 23 116
33 24 47
33 25 80
33 26 98
33 27 119
33 28 11
33 29 54
33 30 67
33 31 35
33 32 26
34 0 156
34 1 46
34 2 22
34 3 95
34 4 31
34 5 103
34 6 142
34 7 130
34 8 7
34 9 126
34 10 83
34 11 12
34 12 36
34 13 150
34 14 71
34 15 153
34 16 134
34 17 39
34 18 92
34 19 157
34 20 6
34 21 53
34 22 55
34 23 88
34 24 131
34 25 23
34 26 33
34 27 78
34 28 152
34 29 34
34 30 74
34 31 9
34 32 110
34 33 90
35 0 84
35 1 29
35 2 157
35 3 138
35 4 2
35 5 33
35 6 13
35 7 96
35 8 44
35 9 83
35 10 148
35 11 57
35 12 25
35 13 122
35 14 102
35 15 66
35 16 40
35 17 87
35 18 2
35 19 59
35 20 130
35 21 131
35 22 141
35 23 67
35 24 24
35 25 63
35 26 103
35 27 68
35 28 29
35 29 25
35 30 71
35 31 20
35 32 64
35 33 12
35 34 115
36 0 149
36 1 80
36 2 5
36 3 18
36 4 23
36 5 66
36 6 157
36 7 3
36 8 117
36 9 72
36 10 13
36 11 31
36 12 127
36 13 132
36 14 116
36 15 34
36 16 75
36 17 130
36 18 107
36 19 121
36 20 141
36 21 30
36 22 108
36 23 147
36 24 59
36 25 134
36 26 48
36 27 23
36 28 19
36 29 97
36 30 135
36 31 56
36 32 148
36 33 126
36 34 87
36 35 63
37 0 112
37 1 134
37 2 78
37 3 5
37 4 155
37 5 32
37 6 151
37 7 143
37 8 78
37 9 56
37 10 155
37 11 25
37 12 103
37 13 62
37 14 82
37 15 156
37 16 62
37 17 137
37 18 72
37 19 147
37 20 122
37 21 94
37 22 29
37 23 121
37 24 52
37 25 119
37 26 125
37 27 88
37 28 7
37 29 58
37 30 129
37 31 135
37 32 64
37 33 9
37 34 36
37 35 54
37 36 130
38 0 113
38 1 28
38 2 64
38 3 107
38 4 53
38 5 63
38 6 46
38 7 80
38 8 54
38 9 89
38 10 155
38 11 13
38 12 157
38 13 157
38 14 133
38 15 96
38 16 111
38 17 39
38 18 117
38 19 6
38 20 91
38 21 128
38 22 24
38 23 81
38 24 29
38 25 102
38 26 77
38 27 21
38 28 92
38 29 81
38 30 88
38 31 119
38 32 10
38 33 51
38 34 7
38 35 79
38 36 19
38 37 107
39 0 68
39 1 14
39 2 99
39 3 110
39 4 68
39 5 51
39 6 17
39 7 93
39 8 50
39 9 12
39 10 152
39 11 95
39 12 63
39 13 160
39 14 63
39 15 51
39 16 89
39 17 70
39 18 10
39 19 75
39 20 126
39 21 71
39 22 53
39 23 98
39 24 153
39 25 143
39 26 94
39 27 82
39 28 40
39 29 1
39 30 56
39 31 153
39 32 22
39 33 136
39 34 120
39 35 60
39 36 118
39 37 91
39 38 146
40 0 80
40 1 141
40 2 79
40 3 8
40 4 143
40 5 60
40 6 46
40 7 83
40 8 32
40 9 17
40 10 131
40 11 14
40 12 46
40 13 24
40 14 74
40 15 13
40 16 121
40 17 145
40 18 153
40 19 34
40 20 68
40 21 151
40 22 7
40 23 51
40 24 127
40 25 28
40 26 80
40 27 40
40 28 95
40 29 60
40 30 52
40 31 93
40 32 139
40 33 51
40 34 26
40 35 3
40 36 47
40 37 157
40 38 37
40 39 97
41 0 102
41 1 87
41 2 54
41 3 6
41 4 84
41 5 39
41 6 123
41 7 128
41 8 150
41 9 35
41 10 13
41 11 147
41 12 24
41 13 150
41 14 24
41 15 68
41 16 1
41 17 136
41 18 153
41 19 159
41 20 114
41 21 52
41 22 1
41 23 37
41 24 89
41 25 14
41 26 48
41 27 100
41 28 48
41 29 101
41 30 48
41 31 17
41 32 11
41 33 59
41 34 55
41 35 120
41 36 156
41 37 72
41 38 54
41 39 17
41 40 144
42 0 96
42 1 127
42 2 16
42 3 19
42 4 57
42 5 74
42 6 84
42 7 99
42 8 73
42 9 36
42 10 104
42 11 65
42 12 75
42 13 138
42 14 54
42 15 20
42 16 116
42 17 152
42 18 122
42 19 117
42 20 42
42 21 7
42 22 106
42 23 12
42 24 43
42 25 117
42 26 92
42 27 108
42 28 41
42 29 69
42 30 106
42 31 159
42 32 6
42 33 141
42 34 1
42 35 156
42 36 4
42 37 104
42 38 63
42 39 119
42 40 110
42 41 48
43 0 13
43 1 91
43 2 1
43 3 142
43 4 16
43 5 114
43 6 44
43 7 143
43 8 142
43 9 91
43 10 112
43 11 153
43 12 83
43 13 46
43 14 85
43 15 134
43 16 120
43 17 134
43 18 109
43 19 80
43 20 92
43 21 16
43 22 32
43 23 52
43 24 22
43 25 87
43 26 143
43 27 125
43 28 13
43 29 82
43 30 2
43 31 17
43 32 122
43 33 35
43 34 137
43 35 114
43 36 140
43 37 148
43 38 105
43 39 84
43 40 62
43 41 147
43 42 19
44 0 69
44 1 145
44 2 50
44 3 68
44 4 61
44 5 130
44 6 123
44 7 104
44 8 14
44 9 128
44 10 87
44 11 141
44 12 29
44 13 102
44 14 106
44 15 72
44 16 43
44 17 59
44 18 155
44 19 17
44 20 58
44 21 26
44 22 64
44 23 9
44 24 85
44 25 92
44 26 123
44 27 16
44 28 129
44 29 2
44 30 137
44 31 64
44 32 97
44 33 75
44 34 97
44 35 102
44 36 52
44 37 3
44 38 115
44 39 67
44 40 121
44 41 88
44 42 159
44 43 55
45 0 83
45 1 115
45 2 24
45 3 13
45 4 119
45 5 20
45 6 156
45 7 42
45 8 83
45 9 25
45 10 11
45 11 31
45 12 159
45 13 14
45 14 89
45 15 86
45 16 18
45 17 47
45 18 65
45 19 90
45 20 54
45 21 109
45 22 66
45 23 104
45 24 132
45 25 118
45 26 136
45 27 157
45 28 155
45 29 117
45 30 58
45 31 127
45 32 47
45 33 10
45 34 109
45 35 86
45 36 157
45 37 121
45 38 19
45 39 124
45 40 104
45 41 72
45 42 9
45 43 124
45 44 17
46 0 103
46 1 125
46 2 3
46 3 33
46 4 146
46 5 60
46 6 28
46 7 8
46 8 36
46 9 102
46 10 27
46 11 15
46 12 136
46 13 18
46 14 75
46 15 1
46 16 45
46 17 116
46 18 117
46 19 41
46 20 35
46 21 111
46 22 47
46 23 127
46 24 92
46 25 99
46 26 56
46 27 57
46 28 155
46 29 146
46 30 104
46 31 25
46 32 45
46 33 9
46 34 19
46 35 14
46 36 21
46 37 50
46 38 117
46 39 108
46 40 65
46 41 126
46 42 83
46 43 58
46 44 28
46 45 23
47 0 91
47 1 142
47 2 105
47 3 32
47 4 62
47 5 143
47 6 3
47 7 50
47 8 158
47 9 153
47 10 39
47 11 37
47 12 84
47 13 110
47 14 44
47 15 135
47 16 70
47 17 96
47 18 31
47 19 3
47 20 52
47 21 148
47 22 33
47 23 61
47 24 17
47 25 88
47 26 92
47 27 137
47 28 8
47 29 115
47 30 139
47 31 32
47 32 146
47 33 38
47 34 26
47 35 145
47 36 21
47 37 46
47 38 156
47 39 37
47 40 129
47 41 15
47 42 23
47 43 26
47 44 12
47 45 5
47 46 154
48 0 99
48 1 142
48 2 157
48 3 29
48 4 33
48 5 76
48 6 154
48 7 123
48 8 46
48 9 144
48 10 50
48 11 81
48 12 37
48 13 89
48 14 11
48 15 131
48 16 6
48 17 79
48 18 38
48 19 68
48 20 129
48 21 135
48 22 11
48 23 112
48 24 102
48 25 143
48 26 94
48 27 130
48 28 154
48 29 64
48 30 4
48 31 11
48 32 75
48 33 54
48 34 134
48 35 4
48 36 1
48 37 19
48 38 67
48 39 40
48 40 29
48 41 144
48 42 131
48 43 134
48 44 96
48 45 105
48 46 3
48 47 10
49 0 134
49 1 11
49 2 82
49 3 120
49 4 105
49 5 60
49 6 44
49 7 47
49 8 18
49 9 122
49 10 80
49 11 51
49 12 72
49 13 153
49 14 76
49 15 77
49 16 1
49 17 13
49 18 95
49 19 147
49 20 84
49 21 157
49 22 64
49 23 47
49 24 89
49 25 73
49 26 10
49 27 73
49 28 141
49 29 36
49 30 127
49 31 31
49 32 16
49 33 92
49 34 2
49 35 90
49 36 144
49 37 145
49 38 48
49 39 125
49 40 86
49 41 113
49 42 74
49 43 115
49 44 94
49 45 101
49 46 38
49 47 56
49 48 15
50 0 126
50 1 77
50 2 136
50 3 81
50 4 51
50 5 128
50 6 20
50 7 24
50 8 143
50 9 6
50 10 143
50 11 13
50 12 126
50 13 19
50 14 121
50 15 90
50 16 84
50 17 156
50 18 124
50 19 93
50 20 61
50 21 124
50 22 76
50 23 160
50 24 31
50 25 94
50 26 63
50 27 68
50 28 30
50 29 24
50 30 76
50 31 128
50 32 145
50 33 70
50 34 5
50 35 41
50 36 56
50 37 33
50 38 2
50 39 140
50 40 149
50 41 113
50 42 122
50 43 40
50 44 149
50 45 24
50 46 108
50 47 14
50 48 65
50 49 123
51 0 38
51 1 35
51 2 143
51 3 75
51 4 67
51 5 112
51 6 44
51 7 61
51 8 82
51 9 158
51 10 103
51 11 146
51 12 118
51 13 45
51 14 13
51 15 3
51 16 47
51 17 84
51 18 105
51 19 132
51 20 100
51 21 112
51 22 11
51 23 135
51 24 22
51 25 58
51 26 112
51 27 61
51 28 101
51 29 94
51 30 18
51 31 137
51 32 17
51 33 122
51 34 17
51 35 36
51 36 123
51 37 136
51 38 160
51 39 103
51 40 67
51 41 26
51 42 108
51 43 4
51 44 79
51 45 108
51 46 87
51 47 48
51 48 77
51 49 66
51 50 95
52 0 55
52 1 74
52 2 90
52 3 159
52 4 158
52 5 155
52 6 36
52 7 3
52 8 84
52 9 80
52 10 148
52 11 51
52 12 105
52 13 46
52 14 74
52 15 108
52 16 135
52 17 37
52 18 97
52 19 131
52 20 58
52 21 5
52 22 105
52 23 7
52 24 105
52 25 155
52 26 5
52 27 85
52 28 124
52 29 142
52 30 47
52 31 110
52 32 143
52 33 43
52 34 47
52 35 1
52 36 52
52 37 80
52 38 61
52 39 14
52 40 72
52 41 115
52 42 128
52 43 148
52 44 76
52 45 128
52 46 126
52 47 96
52 48 157
52 49 67
52 50 149
52 51 157
53 0 103
53 1 41
53 2 135
53 3 159
53 4 95
53 5 109
53 6 33
53 7 109
53 8 46
53 9 100
53 10 114
53 11 9
53 12 146
53 13 65
53 14 79
53 15 67
53 16 97
53 17 105
53 18 5
53 19 126
53 20 12
53 21 118
53 22 112
53 23 66
53 24 65
53 25 34
53 26 53
53 27 112
53 28 14
53 29 50
53 30 87
53 31 151
53 32 98
53 33 62
53 34 114
53 35 104
53 36 17
53 37 135
53 38 124
53 39 72
53 40 145
53 41 12
53 42 47
53 43 126
53 44 10
53 45 49
53 46 73
53 47 152
53 48 6
53 49 74
53 50 149
53 51 15
53 52 41
54 0 62
54 1 122
54 2 49
54 3 36
54 4 8
54 5 116
54 6 155
54 7 45
54 8 101
54 9 128
54 10 127
54 11 47
54 12 86
54 13 121
54 14 69
54 15 140
54 16 124
54 17 147
54 18 81
54 19 137
54 20 39
54 21 102
54 22 61
54 23 24
54 24 133
54 25 12
54 26 22
54 27 33
54 28 71
54 29 46
54 30 75
54 31 116
54 32 50
54 33 113
54 34 86
54 35 52
54 36 28
54 37 84
54 38 159
54 39 43
54 40 39
54 41 97
54 42 100
54 43 90
54 44 160
54 45 142
54 46 73
54 47 144
54 48 47
54 49 58
54 50 24
54 51 65
54 52 34
54 53 39
55 0 22
55 1 2
55 2 114
55 3 121
55 4 120
55 5 157
55 6 6
55 7 109
55 8 46
55 9 156
55 10 59
55 11 115
55 12 139
55 13 94
55 14 37
55 15 21
55 16 60
55 17 41
55 18 93
55 19 52
55 20 158
55 21 160
55 22 111
55 23 51
55 24 152
55 25 65
55 26 21
55 27 40
55 28 115
55 29 126
55 30 84
55 31 64
55 32 89
55 33 71
55 34 150
55 35 47
55 36 30
55 37 65
55 38 157
55 39 153
55 40 37
55 41 29
55 42 1
55 43 62
55 44 47
55 45 51
55 46 160
55 47 114
55 48 20
55 49 136
55 50 9
55 51 110
55 52 38
55 53 135
55 54 89
56 0 82
56 1 105
56 2 116
56 3 54
56 4 12
56 5 155
56 6 16
56 7 92
56 8 16
56 9 120
56 10 14
56 11 28
56 12 130
56 13 144
56 14 100
56 15 121
56 16 24
56 17 111
56 18 12
56 19 116
56 20 94
56 21 72
56 22 20
56 23 138
56 24 10
56 25 12
56 26 151
56 27 70
56 28 108
56 29 158
56 30 138
56 31 150
56 32 7
56 33 36
56 34 39
56 35 109
56 36 92
56 37 83
56 38 32
56 39 9
56 40 152
56 41 137
56 42 55
56 43 25
56 44 105
56 45 121
56 46 124
56 47 154
56 48 60
56 49 32
56 50 144
56 51 70
56 52 61
56 53 6
56 54 138
56 55 25
57 0 90
57 1 41
57 2 107
57 3 44
57 4 75
57 5 82
57 6 47
57 7 5
57 8 87
57 9 101
57 10 43
57 11 13
57 12 100
57 13 36
57 14 101
57 15 54
57 16 10
57 17 70
57 18 44
57 19 18
57 20 49
57 21 82
57 22 144
57 23 115
57 24 117
57 25 125
57 26 44
57 27 143
57 28 153
57 29 29
57 30 78
57 31 101
57 32 8
57 33 58
57 34 42
57 35 51
57 36 50
57 37 18
57 38 114
57 39 42
57 40 93
57 41 96
57 42 154
57 43 156
57 44 28
57 45 98
57 46 85
57 47 138
57 48 156
57 49 143
57 50 83
57 51 23
57 52 41
57 53 24
57 54 135
57 55 16
57 56 37
58 0 69
58 1 20
58 2 13
58 3 80
58 4 141
58 5 2
58 6 128
58 7 118
58 8 16
58 9 158
58 10 143
58 11 72
58 12 91
58 13 155
58 14 111
58 15 90
58 16 155
58 17 38
58 18 119
58 19 22
58 20 41
58 21 81
58 22 94
58 23 90
58 24 136
58 25 32
58 26 107
58 27 153
58 28 53
58 29 29
58 30 85
58 31 109
58 32 73
58 33 93
58 34 101
58 35 17
58 36 66
58 37 63
58 38 63
58 39 19
58 40 100
58 41 7
58 42 53
58 43 2
58 44 86
58 45 12
58 46 71
58 47 108
58 48 21
58 49 106
58 50 22
58 51 45
58 52 34
58 53 91
58 54 57
58 55 146
58 56 95
58 57 129
59 0 125
59 1 113
59 2 128
59 3 16
59 4 27
59 5 96
59 6 149
59 7 139
59 8 39
59 9 114
59 10 113
59 11 68
59 12 117
59 13 141
59 14 150
59 15 72
59 16 60
59 17 149
59 18 147
59 19 20
59 20 15
59 21 119
59 22 69
59 23 59
59 24 103
59 25 28
59 26 64
59 27 6
59 28 52
59 29 44
59 30 71
59 31 21
59 32 112
59 33 88
59 34 120
59 35 51
59 36 55
59 37 19
59 38 10
59 39 41
59 40 11
59 41 157
59 42 124
59 43 106
59 44 25
59 45 126
59 46 48
59 47 159
59 48 89
59 49 135
59 50 53
59 51 30
59 52 11
59 53 30
59 54 90
59 55 154
59 56 147
59 57 8
59 58 5
