70
1 0 5
2 0 2
2 1 2
3 0 3
3 1 2
4 0 8
4 2 3
4 3 3
5 1 2
5 3 1
5 4 5
6 1 8
6 2 2
6 3 7
6 4 2
6 5 4
7 0 7
7 1 9
7 2 10
7 3 8
7 4 2
7 5 5
7 6 6
8 0 4
8 1 5
8 2 4
8 4 5
8 5 8
8 6 7
8 7 3
9 0 3
9 1 5
9 2 4
9 3 3
9 4 5
9 5 10
9 6 8
9 7 3
9 8 6
10 0 2
10 1 8
10 2 7
10 3 4
10 4 10
10 5 7
10 7 9
10 8 2
10 9 2
11 0 5
11 1 6
11 2 9
11 3 8
11 4 1
11 5 2
11 6 4
11 7 3
11 8 6
11 9 4
11 10 3
12 0 7
12 2 9
12 3 5
12 4 5
12 5 7
12 6 1
12 7 9
12 8 3
12 9 3
12 10 7
12 11 9
13 0 6
13 1 3
13 2 7
13 3 6
13 4 9
13 5 4
13 6 1
13 8 10
13 9 7
13 10 3
13 11 9
13 12 5
14 0 1
14 1 6
14 2 4
14 3 1
14 4 7
14 5 10
14 6 8
14 7 4
14 8 5
14 9 2
14 11 3
14 12 1
14 13 6
15 0 3
15 1 1
15 2 6
15 3 2
15 4 9
15 5 4
15 6 9
15 7 10
15 9 8
15 10 3
15 11 1
15 12 4
15 13 10
15 14 5
16 0 6
16 1 9
16 3 2
16 4 1
16 5 6
16 6 7
16 7 4
16 8 2
16 9 8
16 10 4
16 11 10
16 13 6
16 14 3
16 15 2
17 0 2
17 1 2
17 2 7
17 3 7
17 4 6
17 5 3
17 6 3
17 8 9
17 9 4
17 10 5
17 11 2
17 12 6
17 13 3
17 14 5
17 15 9
17 16 2
18 0 8
18 1 3
18 2 4
18 3 3
18 4 5
18 5 7
18 6 8
18 7 4
18 8 7
18 9 7
18 10 7
18 11 3
18 12 1
18 13 7
18 14 5
18 15 5
18 16 4
18 17 2
19 0 4
19 1 1
19 2 3
19 3 9
19 4 6
19 5 6
19 6 6
19 7 2
19 8 3
19 9 9
19 10 5
19 12 5
19 13 6
19 14 5
19 15 5
19 16 5
19 17 2
19 18 3
20 0 5
20 1 6
20 2 8
20 3 6
20 4 4
20 5 5
20 6 10
20 8 3
20 9 2
20 10 8
20 11 7
20 13 3
20 14 7
20 15 10
20 16 10
20 17 3
20 18 7
21 0 1
21 1 4
21 2 6
21 3 2
21 4 3
21 5 10
21 6 3
21 7 3
21 8 9
21 9 9
21 10 7
21 11 2
21 12 8
21 13 10
21 14 6
21 15 1
21 16 7
21 19 1
22 0 8
22 1 10
22 2 2
22 3 2
22 4 4
22 5 3
22 6 5
22 7 3
22 8 6
22 10 10
22 11 3
22 12 7
22 13 1
22 14 4
22 15 7
22 16 8
22 17 9
22 18 7
22 19 10
22 20 10
22 21 8
23 0 6
23 1 2
23 2 2
23 3 1
23 4 5
23 5 10
23 6 3
23 7 2
23 9 8
23 10 4
23 12 2
23 13 9
23 15 9
23 16 5
23 17 1
23 18 5
23 19 4
23 20 4
23 21 7
23 22 9
24 1 7
24 2 4
24 3 7
24 4 7
24 5 6
24 6 6
24 7 10
24 8 5
24 9 5
24 10 7
24 11 7
24 12 6
24 13 7
24 14 4
24 15 2
24 17 8
24 19 10
24 20 1
24 21 8
24 22 6
24 23 6
25 0 10
25 1 2
25 2 9
25 3 9
25 4 4
25 5 6
25 6 7
25 7 2
25 8 4
25 9 9
25 10 1
25 11 10
25 12 7
25 13 9
25 14 5
25 15 8
25 16 3
25 17 5
25 18 6
25 19 3
25 20 6
25 21 6
25 22 5
25 24 3
26 0 1
26 1 2
26 2 8
26 3 10
26 4 5
26 5 1
26 6 4
26 8 6
26 9 9
26 11 10
26 12 2
26 14 6
26 15 5
26 16 5
26 17 10
26 19 8
26 20 4
26 21 7
26 22 7
26 23 2
26 24 5
26 25 6
27 0 4
27 3 3
27 4 6
27 5 9
27 6 1
27 7 4
27 9 6
27 10 6
27 11 9
27 12 2
27 13 3
27 14 8
27 15 2
27 16 10
27 17 4
27 18 4
27 20 7
27 21 9
27 22 8
27 23 8
27 24 9
27 25 1
27 26 1
28 0 3
28 1 8
28 2 6
28 3 7
28 5 2
28 6 2
28 7 6
28 8 7
28 9 4
28 10 5
28 11 10
28 13 6
28 14 2
28 15 1
28 16 10
28 17 5
28 18 6
28 19 3
28 20 5
28 21 8
28 22 7
28 23 3
28 24 1
28 26 8
28 27 10
29 0 10
29 1 5
29 2 5
29 3 4
29 4 6
29 5 4
29 6 8
29 7 8
29 8 3
29 9 2
29 10 8
29 11 8
29 12 8
29 13 6
29 14 2
29 15 7
29 16 7
29 17 7
29 18 8
29 19 10
29 20 6
29 21 2
29 22 7
29 23 5
29 24 9
29 26 10
29 27 9
29 28 1
30 1 7
30 2 6
30 3 6
30 4 7
30 5 4
30 6 4
30 7 10
30 8 4
30 9 6
30 10 6
30 11 8
30 12 2
30 13 9
30 14 2
30 15 7
30 16 3
30 17 5
30 18 3
30 19 8
30 20 5
30 21 10
30 22 2
30 23 1
30 24 8
30 26 1
30 28 6
30 29 6
31 0 8
31 1 10
31 3 10
31 4 10
31 5 9
31 6 10
31 7 3
31 8 8
31 9 9
31 10 9
31 11 8
31 13 8
31 14 8
31 15 6
31 16 1
31 17 7
31 18 5
31 19 4
31 20 2
31 21 8
31 22 3
31 23 10
31 24 5
31 25 6
31 26 9
31 27 2
31 29 3
31 30 9
32 0 1
32 2 8
32 3 5
32 4 9
32 5 2
32 6 4
32 7 4
32 9 6
32 11 5
32 12 4
32 13 10
32 14 3
32 15 10
32 16 9
32 17 8
32 18 4
32 19 1
32 21 1
32 22 7
32 23 6
32 24 9
32 25 5
32 27 6
32 28 8
32 29 8
32 30 9
32 31 4
33 0 1
33 1 7
33 3 8
33 4 4
33 5 9
33 6 1
33 7 10
33 8 10
33 9 3
33 10 1
33 11 5
33 12 10
33 13 8
33 14 9
33 15 4
33 16 4
33 17 1
33 18 3
33 19 4
33 20 9
33 21 2
33 23 2
33 24 1
33 26 5
33 27 8
33 28 6
33 29 6
33 30 3
33 32 7
34 0 7
34 1 6
34 2 5
34 4 7
34 5 2
34 6 6
34 7 6
34 8 1
34 9 10
34 10 9
34 11 9
34 14 3
34 16 1
34 17 2
34 18 1
34 19 3
34 20 7
34 21 4
34 22 2
34 23 6
34 24 8
34 25 4
34 26 6
34 27 7
34 28 3
34 29 8
34 30 7
34 31 9
34 32 4
34 33 9
35 0 3
35 1 1
35 2 2
35 3 1
35 4 6
35 6 9
35 7 5
35 8 6
35 9 6
35 10 6
35 11 1
35 12 2
35 13 10
35 14 1
35 16 6
35 17 2
35 18 8
35 19 7
35 20 5
35 22 9
35 23 10
35 25 9
35 26 8
35 27 2
35 28 10
35 29 1
35 30 10
35 31 3
35 32 9
35 33 3
35 34 1
36 0 4
36 1 3
36 2 2
36 3 4
36 4 2
36 5 5
36 6 10
36 7 9
36 8 4
36 9 6
36 11 2
36 13 10
36 14 7
36 15 5
36 16 8
36 17 4
36 18 8
36 19 3
36 20 7
36 21 10
36 22 1
36 23 5
36 24 9
36 25 6
36 26 7
36 27 2
36 29 10
36 31 10
36 32 9
36 33 10
36 34 5
36 35 1
37 0 10
37 1 4
37 2 10
37 3 6
37 5 9
37 7 7
37 8 5
37 9 4
37 10 6
37 11 4
37 12 5
37 13 9
37 15 9
37 17 8
37 18 5
37 19 8
37 20 7
37 21 3
37 22 1
37 23 8
37 24 5
37 25 4
37 26 10
37 27 4
37 28 9
37 29 9
37 30 6
37 31 3
37 32 3
37 33 3
37 34 3
37 35 9
37 36 7
38 0 1
38 2 1
38 3 2
38 4 1
38 5 3
38 6 3
38 7 3
38 8 4
38 9 7
38 10 7
38 11 9
38 12 1
38 13 1
38 14 6
38 16 8
38 17 10
38 18 4
38 19 9
38 20 7
38 21 4
38 22 9
38 23 10
38 24 4
38 25 1
38 26 10
38 27 4
38 28 9
38 30 4
38 31 9
38 32 1
38 33 6
38 34 3
38 35 1
38 36 6
38 37 10
39 0 5
39 1 10
39 3 10
39 4 5
39 5 3
39 6 5
39 7 8
39 8 8
39 9 8
39 10 10
39 11 5
39 12 5
39 13 6
39 14 7
39 15 8
39 16 8
39 17 9
39 19 1
39 20 7
39 21 1
39 22 7
39 23 5
39 25 2
39 26 10
39 27 10
39 28 1
39 29 7
39 31 8
39 32 8
39 33 6
39 34 2
39 35 1
39 36 3
39 37 5
39 38 3
40 0 2
40 1 10
40 3 7
40 5 8
40 6 1
40 7 5
40 8 2
40 9 4
40 10 7
40 11 8
40 12 6
40 13 8
40 14 7
40 15 9
40 19 5
40 20 2
40 21 2
40 23 4
40 24 6
40 25 3
40 26 7
40 27 8
40 28 7
40 31 8
40 33 6
40 34 1
40 35 6
40 36 2
40 37 10
40 38 4
40 39 3
41 0 4
41 1 2
41 2 5
41 4 3
41 6 5
41 7 10
41 8 2
41 9 3
41 11 2
41 12 6
41 13 1
41 14 2
41 15 4
41 16 5
41 17 10
41 18 3
41 19 3
41 20 7
41 21 10
41 22 3
41 23 1
41 24 1
41 25 3
41 27 8
41 28 7
41 30 1
41 31 2
41 32 10
41 33 2
41 34 7
41 35 10
41 37 4
41 38 10
41 39 3
41 40 2
42 0 6
42 1 8
42 2 10
42 3 9
42 4 6
42 5 1
42 6 1
42 7 10
42 8 9
42 9 6
42 10 9
42 12 5
42 13 1
42 14 8
42 15 6
42 16 9
42 17 7
42 18 8
42 19 8
42 20 2
42 21 10
42 22 9
42 23 9
42 24 7
42 25 3
42 26 1
42 27 2
42 28 3
42 29 1
42 31 8
42 32 10
42 33 9
42 34 9
42 35 4
42 36 5
42 37 2
42 38 1
42 39 9
42 40 3
42 41 3
43 0 8
43 1 1
43 2 9
43 3 4
43 4 8
43 6 8
43 7 6
43 9 3
43 10 3
43 11 5
43 12 9
43 13 4
43 14 1
43 15 6
43 16 6
43 17 3
43 18 10
43 19 2
43 20 1
43 21 3
43 23 9
43 24 2
43 25 9
43 26 6
43 27 3
43 28 5
43 30 6
43 31 2
43 32 8
43 33 7
43 34 3
43 35 8
43 36 2
43 37 2
43 38 9
43 39 6
43 40 2
43 41 8
43 42 6
44 0 9
44 1 10
44 2 10
44 3 6
44 4 3
44 5 4
44 6 6
44 7 6
44 8 3
44 9 5
44 10 3
44 11 6
44 12 5
44 13 9
44 14 1
44 16 8
44 17 7
44 18 2
44 19 8
44 21 4
44 22 2
44 24 9
44 25 7
44 26 4
44 27 6
44 28 1
44 29 6
44 31 9
44 32 2
44 33 10
44 34 5
44 35 3
44 36 5
44 37 1
44 38 8
44 39 8
44 40 8
44 41 1
44 42 3
44 43 7
45 0 4
45 1 8
45 2 6
45 3 5
45 4 6
45 5 8
45 6 10
45 7 1
45 8 2
45 9 1
45 10 6
45 11 4
45 12 2
45 13 2
45 14 3
45 15 7
45 17 9
45 18 8
45 19 3
45 20 10
45 21 2
45 22 8
45 23 5
45 24 4
45 25 5
45 26 6
45 27 6
45 28 1
45 29 3
45 30 6
45 31 4
45 32 8
45 34 10
45 35 4
45 36 7
45 37 10
45 39 1
45 40 2
45 41 4
45 42 5
45 43 10
45 44 10
46 0 10
46 1 1
46 2 9
46 3 9
46 4 10
46 5 1
46 6 9
46 8 10
46 9 10
46 10 8
46 12 8
46 13 4
46 14 5
46 16 5
46 17 10
46 18 7
46 19 4
46 20 8
46 21 9
46 22 7
46 23 3
46 24 3
46 25 6
46 26 6
46 28 10
46 29 3
46 30 5
46 31 3
46 32 3
46 33 1
46 34 9
46 36 3
46 37 6
46 38 3
46 39 9
46 40 6
46 41 4
46 42 8
46 43 7
46 44 7
46 45 5
47 0 5
47 1 4
47 2 5
47 3 8
47 4 8
47 6 3
47 7 1
47 8 3
47 9 3
47 10 2
47 11 8
47 12 7
47 13 10
47 14 2
47 15 2
47 16 2
47 17 5
47 18 7
47 19 7
47 20 3
47 21 10
47 22 7
47 23 5
47 24 5
47 26 5
47 27 8
47 28 10
47 29 5
47 30 6
47 31 9
47 32 4
47 33 9
47 34 7
47 35 7
47 36 5
47 37 2
47 38 8
47 39 4
47 40 9
47 41 6
47 42 7
47 43 5
47 44 5
47 45 1
47 46 3
48 0 1
48 1 6
48 2 4
48 3 2
48 4 9
48 5 3
48 6 8
48 7 7
48 8 9
48 13 9
48 15 1
48 16 8
48 17 7
48 18 5
48 19 10
48 20 9
48 21 4
48 22 5
48 23 2
48 24 8
48 25 1
48 26 2
48 28 4
48 29 6
48 30 4
48 31 10
48 32 7
48 33 3
48 34 10
48 35 5
48 36 5
48 37 5
48 38 10
48 39 2
48 40 8
48 42 1
48 43 3
48 44 3
48 45 5
48 46 5
48 47 4
49 0 6
49 1 3
49 2 2
49 3 10
49 4 4
49 6 10
49 7 6
49 8 2
49 9 8
49 10 9
49 11 1
49 12 3
49 13 7
49 14 10
49 15 10
49 16 9
49 17 3
49 18 8
49 19 1
49 20 2
49 21 2
49 22 5
49 23 6
49 24 8
49 25 3
49 27 3
49 28 6
49 29 9
49 30 6
49 31 3
49 32 6
49 34 8
49 35 3
49 36 2
49 37 4
49 38 5
49 39 1
49 40 3
49 41 2
49 42 3
49 43 10
49 44 10
49 45 9
49 47 10
49 48 8
50 0 9
50 2 5
50 3 7
50 4 4
50 5 9
50 6 7
50 7 4
50 8 7
50 9 3
50 10 7
50 11 10
50 12 5
50 13 4
50 14 10
50 16 6
50 17 5
50 18 8
50 19 6
50 20 7
50 21 6
50 22 7
50 23 7
50 24 10
50 25 5
50 26 2
50 27 2
50 28 4
50 29 1
50 30 1
50 32 7
50 34 7
50 35 7
50 36 10
50 37 10
50 39 5
50 40 9
50 41 10
50 42 2
50 43 10
50 44 9
50 45 10
50 46 9
50 47 10
50 48 1
50 49 4
51 0 7
51 1 10
51 2 8
51 3 6
51 4 7
51 5 8
51 6 8
51 7 5
51 8 9
51 9 3
51 10 2
51 11 8
51 12 3
51 13 8
51 14 5
51 16 2
51 17 1
51 18 3
51 19 10
51 20 10
51 21 8
51 22 4
51 23 3
51 24 3
51 26 10
51 27 5
51 28 5
51 29 2
51 30 3
51 32 1
51 33 6
51 34 3
51 35 9
51 36 6
51 37 4
51 38 3
51 39 6
51 40 7
51 41 6
51 42 3
51 43 9
51 44 4
51 45 6
51 46 4
51 47 5
51 48 4
52 0 9
52 1 10
52 3 10
52 4 10
52 5 8
52 7 4
52 8 9
52 9 3
52 10 9
52 11 9
52 12 5
52 13 2
52 14 2
52 15 4
52 16 7
52 18 6
52 19 7
52 20 4
52 21 3
52 22 5
52 23 4
52 24 1
52 25 10
52 26 3
52 27 3
52 28 8
52 29 4
52 30 9
52 31 3
52 32 2
52 33 5
52 35 8
52 36 7
52 37 9
52 39 8
52 40 3
52 42 10
52 43 3
52 44 9
52 45 10
52 46 6
52 47 6
52 48 8
52 49 5
52 50 7
52 51 5
53 0 9
53 1 4
53 2 5
53 3 3
53 4 10
53 5 4
53 7 10
53 9 10
53 10 10
53 11 4
53 13 8
53 14 4
53 15 4
53 16 6
53 17 6
53 18 2
53 19 3
53 20 5
53 21 5
53 22 6
53 23 6
53 24 4
53 25 6
53 26 2
53 27 1
53 28 6
53 30 5
53 31 1
53 32 7
53 34 6
53 35 4
53 37 5
53 39 2
53 40 6
53 41 9
53 42 3
53 43 3
53 44 9
53 45 2
53 46 7
53 47 9
53 48 7
53 49 9
53 50 1
53 51 1
53 52 1
54 1 2
54 2 9
54 3 3
54 4 4
54 5 7
54 6 10
54 7 4
54 8 2
54 9 7
54 10 9
54 11 7
54 12 2
54 13 8
54 14 5
54 16 1
54 17 2
54 18 4
54 19 10
54 20 1
54 22 1
54 23 4
54 24 10
54 25 4
54 26 9
54 27 6
54 28 1
54 29 8
54 30 1
54 31 2
54 32 6
54 33 9
54 34 1
54 35 4
54 36 9
54 37 6
54 38 7
54 39 1
54 40 7
54 41 4
54 42 5
54 43 4
54 44 5
54 45 9
54 46 3
54 47 8
54 48 10
54 49 9
54 50 8
54 51 3
54 52 5
54 53 7
55 0 1
55 1 9
55 2 9
55 3 1
55 4 2
55 6 10
55 8 1
55 9 1
55 10 9
55 11 5
55 12 3
55 14 7
55 16 6
55 18 5
55 19 4
55 21 3
55 22 7
55 23 4
55 24 2
55 25 9
55 26 8
55 27 8
55 28 10
55 29 6
55 30 7
55 31 3
55 32 1
55 34 9
55 35 1
55 36 10
55 37 9
55 39 10
55 40 9
55 41 1
55 43 5
55 44 1
55 45 5
55 46 1
55 47 3
55 48 10
55 49 3
55 50 4
55 51 9
55 52 9
55 53 5
55 54 10
56 0 10
56 1 4
56 3 8
56 6 8
56 7 6
56 8 10
56 9 6
56 10 8
56 12 2
56 13 9
56 14 6
56 15 3
56 16 2
56 17 7
56 18 6
56 19 10
56 20 2
56 21 10
56 22 1
56 23 9
56 24 9
56 25 2
56 26 10
56 27 8
56 28 9
56 29 8
56 30 10
56 31 1
56 32 4
56 33 7
56 34 5
56 35 2
56 36 6
56 37 1
56 38 10
56 39 5
56 40 7
56 41 3
56 43 10
56 44 6
56 45 4
56 46 5
56 47 1
56 48 3
56 49 9
56 52 8
56 53 10
56 54 10
56 55 4
57 0 5
57 2 2
57 3 3
57 4 2
57 5 10
57 7 9
57 8 10
57 10 8
57 11 8
57 12 6
57 13 8
57 14 10
57 16 3
57 17 2
57 18 6
57 19 5
57 20 1
57 21 10
57 22 7
57 23 7
57 24 1
57 25 7
57 26 5
57 27 2
57 28 4
57 29 1
57 30 4
57 31 6
57 32 3
57 33 3
57 34 2
57 35 1
57 36 5
57 37 10
57 38 4
57 39 5
57 40 5
57 41 5
57 43 6
57 44 10
57 45 5
57 48 10
57 49 8
57 50 1
57 51 1
57 52 7
57 53 1
57 54 5
57 55 4
57 56 1
58 0 9
58 1 4
58 2 4
58 3 5
58 4 1
58 5 5
58 6 3
58 7 2
58 8 1
58 9 10
58 10 1
58 11 10
58 12 2
58 13 7
58 14 3
58 15 7
58 16 4
58 17 5
58 18 9
58 19 3
58 20 1
58 21 10
58 22 3
58 23 7
58 24 10
58 25 5
58 26 4
58 27 10
58 28 9
58 29 6
58 30 9
58 31 2
58 32 5
58 33 5
58 34 6
58 35 1
58 36 5
58 37 9
58 38 8
58 39 9
58 40 2
58 41 6
58 42 10
58 43 3
58 44 3
58 45 4
58 46 9
58 47 2
58 48 4
58 49 4
58 50 1
58 51 4
58 52 2
58 53 6
58 55 1
58 56 8
58 57 4
59 0 3
59 1 1
59 2 5
59 3 4
59 4 1
59 5 1
59 6 7
59 7 9
59 8 7
59 9 6
59 10 5
59 11 7
59 12 10
59 13 5
59 14 4
59 15 7
59 16 6
59 17 7
59 18 1
59 19 6
59 20 3
59 21 5
59 23 8
59 24 9
59 25 3
59 26 4
59 27 2
59 28 2
59 29 4
59 30 9
59 31 6
59 32 10
59 33 7
59 34 8
59 35 3
59 36 9
59 37 9
59 38 7
59 40 8
59 41 10
59 42 7
59 43 8
59 44 2
59 45 8
59 46 3
59 47 1
59 48 5
59 49 2
59 50 2
59 52 8
59 53 2
59 55 7
59 56 9
59 57 9
60 0 4
60 1 4
60 2 7
60 3 5
60 4 3
60 5 3
60 6 10
60 7 4
60 8 4
60 9 10
60 10 9
60 11 2
60 12 7
60 13 2
60 14 9
60 15 7
60 16 1
60 17 8
60 18 1
60 19 10
60 20 7
60 21 8
60 22 10
60 24 10
60 25 4
60 26 10
60 27 6
60 28 4
60 29 5
60 30 2
60 31 1
60 32 1
60 33 8
60 34 10
60 36 6
60 37 1
60 38 10
60 40 10
60 41 3
60 42 1
60 43 10
60 44 5
60 45 4
60 46 4
60 47 4
60 48 1
60 49 10
60 50 7
60 51 9
60 52 1
60 53 2
60 54 3
60 55 8
60 56 9
60 57 8
60 58 6
60 59 10
61 0 7
61 1 7
61 2 6
61 3 5
61 5 1
61 6 8
61 7 1
61 9 8
61 10 2
61 11 8
61 12 1
61 13 6
61 14 5
61 15 3
61 16 4
61 17 10
61 18 3
61 19 2
61 20 5
61 21 7
61 23 9
61 24 1
61 25 3
61 26 5
61 27 4
61 28 1
61 29 10
61 30 5
61 31 5
61 32 5
61 33 4
61 34 5
61 35 6
61 36 5
61 37 5
61 38 1
61 39 7
61 40 9
61 41 4
61 43 8
61 44 1
61 45 8
61 46 2
61 47 7
61 48 4
61 49 6
61 50 7
61 51 4
61 52 7
61 53 8
61 54 7
61 55 1
61 56 3
61 57 1
61 58 7
61 60 10
62 0 3
62 1 10
62 2 7
62 3 6
62 4 1
62 5 1
62 6 4
62 7 7
62 8 3
62 9 4
62 10 5
62 11 6
62 13 8
62 14 8
62 15 6
62 16 4
62 17 1
62 18 2
62 19 6
62 20 2
62 21 5
62 22 7
62 23 7
62 24 10
62 27 1
62 28 5
62 29 9
62 30 8
62 31 6
62 32 1
62 33 2
62 34 6
62 35 4
62 36 8
62 37 9
62 38 4
62 39 2
62 40 6
62 41 3
62 42 10
62 43 3
62 44 3
62 46 6
62 47 7
62 48 2
62 49 7
62 50 6
62 51 2
62 52 10
62 54 5
62 55 2
62 56 7
62 58 8
62 59 3
62 60 5
62 61 1
63 2 3
63 3 10
63 4 3
63 5 1
63 6 9
63 7 6
63 8 6
63 9 3
63 10 3
63 11 6
63 12 1
63 13 1
63 14 7
63 15 1
63 16 4
63 17 3
63 18 4
63 19 2
63 20 2
63 21 9
63 22 7
63 23 1
63 24 1
63 25 9
63 26 9
63 27 7
63 29 3
63 30 7
63 31 3
63 32 6
63 33 10
63 34 2
63 35 4
63 36 9
63 37 2
63 38 5
63 39 8
63 40 8
63 41 10
63 42 3
63 43 4
63 44 5
63 45 2
63 46 3
63 47 6
63 48 4
63 49 6
63 50 6
63 51 10
63 52 3
63 53 6
63 54 4
63 55 6
63 56 6
63 57 3
63 58 4
63 59 7
63 60 7
63 61 9
63 62 5
64 0 10
64 1 9
64 2 10
64 3 7
64 4 3
64 5 8
64 6 10
64 7 2
64 8 3
64 10 4
64 11 2
64 12 7
64 13 8
64 14 1
64 16 8
64 17 2
64 18 6
64 20 9
64 21 9
64 22 5
64 23 2
64 24 1
64 25 5
64 26 2
64 27 9
64 28 2
64 29 3
64 30 8
64 31 5
64 32 10
64 33 8
64 34 10
64 35 4
64 36 7
64 37 6
64 38 4
64 39 10
64 40 2
64 41 7
64 42 8
64 43 4
64 44 5
64 45 2
64 46 9
64 47 5
64 48 7
64 49 10
64 50 4
64 51 8
64 52 6
64 53 7
64 54 3
64 55 5
64 56 10
64 57 3
64 59 4
64 60 10
64 61 4
64 62 10
64 63 1
65 0 4
65 1 3
65 2 4
65 4 8
65 5 5
65 6 7
65 7 10
65 8 1
65 9 4
65 10 1
65 11 7
65 12 2
65 13 6
65 14 10
65 15 7
65 16 3
65 17 8
65 18 8
65 21 8
65 22 2
65 23 9
65 24 3
65 25 9
65 26 6
65 27 4
65 28 3
65 29 6
65 30 1
65 31 8
65 32 1
65 33 5
65 34 7
65 35 3
65 36 10
65 37 10
65 38 10
65 39 7
65 40 9
65 41 5
65 43 2
65 44 6
65 45 5
65 46 6
65 47 8
65 48 10
65 49 5
65 50 5
65 52 9
65 53 6
65 54 9
65 55 8
65 56 9
65 57 8
65 58 10
65 59 8
65 60 4
65 61 10
65 62 8
65 63 4
65 64 3
66 0 1
66 1 9
66 3 4
66 5 4
66 6 8
66 7 4
66 8 2
66 9 6
66 10 5
66 11 9
66 12 2
66 13 8
66 14 9
66 15 2
66 16 1
66 17 4
66 18 4
66 19 9
66 20 7
66 21 1
66 22 3
66 23 7
66 24 8
66 25 1
66 26 8
66 27 6
66 30 8
66 31 7
66 32 5
66 33 1
66 34 4
66 35 4
66 36 7
66 37 4
66 38 1
66 39 9
66 40 9
66 41 9
66 42 3
66 43 9
66 45 7
66 46 7
66 47 8
66 48 5
66 49 2
66 50 8
66 51 9
66 52 10
66 53 5
66 55 8
66 56 8
66 58 3
66 59 9
66 60 6
66 61 2
66 62 2
66 63 4
66 65 8
67 0 2
67 1 4
67 2 2
67 3 9
67 4 5
67 5 6
67 6 1
67 7 9
67 8 4
67 9 3
67 10 10
67 12 5
67 13 9
67 14 10
67 15 6
67 16 2
67 17 7
67 18 8
67 19 2
67 21 1
67 23 10
67 24 9
67 25 5
67 26 3
67 27 1
67 28 7
67 29 3
67 30 10
67 31 6
67 32 3
67 33 9
67 34 1
67 35 1
67 36 7
67 37 1
67 38 3
67 39 8
67 40 4
67 41 7
67 42 2
67 43 3
67 44 1
67 45 1
67 46 8
67 47 1
67 48 3
67 49 10
67 50 3
67 52 4
67 53 6
67 54 1
67 55 6
67 56 8
67 57 6
67 58 5
67 59 4
67 60 4
67 61 5
67 62 5
67 63 3
67 64 5
67 65 8
67 66 8
68 0 7
68 1 3
68 2 10
68 3 10
68 4 2
68 6 10
68 8 4
68 9 3
68 11 2
68 12 10
68 13 2
68 14 7
68 15 3
68 16 6
68 17 6
68 18 9
68 19 9
68 20 5
68 21 1
68 22 1
68 23 2
68 24 3
68 25 4
68 26 8
68 27 2
68 28 3
68 29 8
68 31 6
68 32 8
68 33 3
68 34 8
68 35 10
68 36 2
68 38 10
68 39 1
68 40 10
68 41 1
68 42 5
68 44 4
68 46 1
68 47 8
68 48 2
68 49 2
68 50 7
68 51 8
68 52 4
68 53 7
68 54 5
68 55 10
68 57 10
68 59 2
68 60 7
68 61 4
68 62 7
68 63 7
68 64 4
68 65 2
68 66 1
68 67 4
69 0 7
69 1 6
69 2 4
69 3 4
69 4 8
69 6 4
69 7 5
69 8 10
69 9 6
69 11 6
69 12 4
69 13 10
69 14 8
69 17 7
69 18 7
69 19 2
69 20 2
69 21 8
69 22 4
69 23 4
69 24 3
69 25 6
69 26 1
69 27 4
69 28 7
69 29 8
69 30 2
69 31 10
69 32 3
69 33 3
69 34 9
69 35 8
69 36 10
69 37 9
69 38 4
69 39 10
69 40 2
69 42 1
69 44 4
69 45 3
69 46 1
69 47 5
69 48 7
69 50 2
69 51 3
69 53 7
69 54 4
69 55 9
69 56 6
69 57 6
69 58 7
69 59 3
69 61 9
69 62 5
69 63 5
69 64 7
69 65 8
69 66 3
69 67 7
69 68 2
