70
2 1 52
3 2 15
4 1 138
5 4 94
6 3 102
7 4 137
7 5 25
8 0 100
8 2 137
8 6 56
8 7 12
9 0 89
9 2 116
10 1 88
10 3 98
10 5 131
11 10 46
12 6 151
13 2 137
13 10 23
14 2 88
14 4 138
14 10 134
15 9 104
15 11 33
15 14 143
16 4 144
16 15 49
17 0 138
17 11 106
17 12 124
17 15 79
18 11 149
18 17 115
19 9 1
19 10 158
20 2 149
20 6 13
20 13 19
20 15 139
20 19 32
21 7 151
21 8 3
22 0 53
22 2 41
22 6 111
22 19 64
22 21 79
23 9 136
23 13 34
23 14 151
23 17 132
23 18 157
23 19 1
24 3 146
24 10 70
24 15 76
24 21 66
25 1 21
25 16 62
25 20 13
26 1 81
26 3 33
26 7 134
26 10 126
26 21 156
26 25 111
27 2 76
27 3 103
27 9 35
27 10 100
27 11 117
28 3 130
28 4 18
28 7 124
28 8 92
28 9 74
28 12 123
28 24 62
29 0 35
29 14 79
29 22 127
29 23 144
29 28 27
30 3 134
30 6 100
30 14 152
30 19 130
30 22 128
30 25 63
30 26 68
30 29 117
31 3 154
31 11 47
31 16 60
31 19 82
31 25 25
32 4 67
32 15 14
32 17 21
32 23 91
33 1 59
33 17 58
33 18 116
34 2 27
34 5 46
34 8 68
34 19 3
34 21 16
34 22 35
34 25 36
34 33 69
35 2 101
35 4 34
35 6 110
35 16 66
35 21 149
35 26 41
35 30 79
36 1 118
36 3 88
36 4 15
36 6 125
36 7 100
36 11 85
36 30 8
36 34 86
37 1 133
37 3 42
37 4 52
37 5 83
37 7 56
37 9 59
37 13 82
37 18 65
37 19 37
37 22 12
37 23 24
37 26 141
37 30 131
37 31 83
37 34 70
37 35 25
37 36 147
38 4 54
38 11 80
38 15 70
38 20 2
38 26 49
38 34 34
39 1 153
39 4 5
39 6 79
39 11 8
39 12 39
39 13 121
39 18 4
39 22 92
39 23 17
39 24 68
39 36 109
39 37 141
39 38 85
40 3 108
40 29 120
40 30 83
40 37 105
41 7 86
41 17 31
41 27 87
41 28 135
41 29 33
41 40 22
42 0 25
42 1 60
42 4 107
42 7 82
42 8 140
42 11 97
42 32 128
42 38 69
42 40 14
42 41 115
43 2 124
43 17 36
43 28 42
43 31 104
43 32 27
43 33 76
43 37 20
43 38 121
43 40 29
44 0 40
44 10 108
44 12 28
44 13 25
44 41 14
44 43 154
45 2 9
45 4 108
45 5 89
45 16 36
45 17 16
45 22 81
45 24 49
45 33 33
45 36 137
46 0 105
46 1 154
46 4 36
46 15 155
46 19 10
46 22 158
46 26 33
46 33 118
46 35 136
46 36 67
46 44 40
47 2 8
47 6 113
47 11 96
47 25 115
47 28 12
47 33 100
47 40 85
48 1 11
48 6 34
48 14 14
48 15 12
48 20 153
48 22 65
48 25 133
48 28 123
48 33 89
48 34 5
48 47 70
49 5 118
49 7 84
49 8 40
49 9 40
49 14 51
49 28 157
49 32 96
49 36 80
50 0 60
50 5 15
50 9 35
50 15 13
50 25 62
50 32 131
50 33 139
50 35 82
50 36 99
50 38 44
51 0 122
51 3 97
51 13 14
51 14 56
51 18 81
51 26 91
52 6 76
52 15 30
52 28 119
52 30 99
52 32 28
52 39 140
52 49 83
53 9 123
53 16 86
53 19 89
53 22 114
53 24 6
53 25 119
53 30 101
53 42 91
53 47 73
53 51 59
53 52 123
54 4 38
54 5 55
54 7 123
54 8 2
54 9 146
54 11 60
54 16 120
54 24 119
54 25 123
54 29 113
54 32 48
54 36 47
54 37 81
54 38 144
54 44 9
55 3 51
55 8 31
55 9 38
55 19 88
55 23 50
55 24 100
55 33 138
55 36 149
55 37 15
55 43 105
55 54 33
56 4 8
56 10 76
56 13 97
56 21 95
56 30 101
56 32 27
56 35 66
56 36 135
56 40 117
56 41 3
56 47 118
56 53 132
57 1 9
57 3 52
57 10 76
57 13 67
57 14 136
57 26 149
57 30 62
57 37 57
57 39 117
57 41 15
57 43 72
57 48 85
57 49 92
57 50 43
57 55 111
58 7 27
58 13 25
58 20 97
58 32 125
58 34 87
58 36 148
58 42 17
58 50 133
59 3 122
59 13 63
59 14 42
59 18 5
59 21 33
59 34 57
59 57 128
59 58 126
60 1 34
60 5 94
60 16 30
60 19 19
60 20 64
60 25 62
60 40 1
60 41 101
60 56 59
61 17 90
61 19 57
61 21 65
61 32 24
61 35 5
61 43 72
61 44 46
61 45 125
61 48 92
61 51 119
61 57 54
62 13 75
62 19 124
62 25 39
62 30 26
62 31 28
62 37 3
62 43 138
62 47 80
62 49 75
62 54 3
62 55 41
63 9 129
63 19 40
63 23 54
63 38 75
63 60 46
64 5 40
64 9 26
64 16 107
64 18 89
64 19 63
64 22 150
64 25 139
64 31 27
64 36 97
64 39 77
64 40 113
64 48 65
64 56 79
64 63 80
65 2 54
65 8 70
65 9 120
65 11 61
65 12 16
65 19 103
65 24 101
65 27 71
65 28 95
65 34 26
65 35 110
65 39 89
65 40 45
65 41 6
65 53 117
65 54 85
65 62 155
65 63 153
66 4 130
66 5 29
66 8 59
66 10 53
66 19 2
66 26 3
66 29 83
66 34 57
66 37 155
66 39 114
66 41 1
66 42 90
66 46 35
66 55 21
66 57 84
66 60 87
66 61 106
66 62 14
66 64 36
67 1 157
67 9 57
67 12 158
67 13 39
67 14 36
67 19 96
67 20 128
67 21 13
67 22 46
67 28 117
67 30 38
67 32 144
67 33 10
67 41 96
67 42 53
67 54 96
67 56 75
67 58 94
67 59 15
67 61 42
68 2 3
68 10 125
68 11 148
68 13 151
68 15 143
68 19 30
68 23 136
68 29 78
68 32 150
68 39 107
68 50 95
68 55 32
68 56 18
69 2 97
69 3 18
69 16 69
69 26 7
69 33 83
69 35 126
69 42 134
69 45 50
69 58 34
69 61 55
69 62 53
69 63 55
69 65 23
69 68 136
