30
1 0 3
2 0 9
2 1 6
3 0 6
3 2 8
4 1 2
4 2 4
4 3 4
5 0 3
5 2 1
5 3 9
5 4 7
6 0 10
6 1 4
6 2 6
6 3 9
6 4 9
7 0 8
7 1 5
7 2 6
7 5 3
7 6 5
8 0 4
8 1 1
8 2 8
8 3 7
8 4 2
8 5 9
8 7 2
9 0 4
9 1 8
9 2 7
9 3 5
9 5 2
9 6 9
9 8 1
10 0 9
10 1 10
10 2 1
10 4 5
10 5 6
10 7 9
10 8 8
10 9 3
11 1 8
11 2 6
11 3 2
11 5 8
11 6 3
11 7 6
11 8 5
11 9 1
11 10 7
12 0 3
12 1 7
12 3 9
12 4 8
12 6 5
12 7 10
12 8 5
12 11 1
13 0 1
13 1 3
13 2 2
13 4 7
13 5 9
13 6 1
13 7 7
13 8 8
13 9 4
13 10 1
13 11 2
13 12 6
14 0 10
14 1 7
14 2 5
14 3 10
14 4 7
14 5 8
14 6 9
14 9 3
14 10 7
14 11 3
14 12 10
14 13 2
15 0 5
15 2 9
15 3 10
15 4 2
15 5 5
15 6 1
15 10 2
15 11 9
15 13 1
15 14 7
16 0 9
16 1 2
16 3 7
16 4 8
16 5 1
16 6 1
16 7 3
16 8 8
16 9 8
16 11 9
16 12 1
16 13 8
16 14 4
16 15 6
17 0 6
17 2 4
17 3 8
17 4 9
17 5 7
17 6 3
17 7 4
17 8 6
17 9 8
17 10 7
17 11 7
17 12 4
17 15 4
17 16 7
18 0 3
18 1 7
18 2 8
18 4 7
18 5 7
18 6 5
18 7 9
18 9 8
18 10 7
18 11 8
18 12 10
18 13 8
18 14 6
18 16 2
18 17 8
19 0 9
19 1 10
19 2 9
19 3 10
19 4 8
19 5 1
19 6 9
19 7 7
19 8 9
19 9 2
19 10 10
19 11 9
19 12 3
19 15 9
19 16 1
19 18 9
20 0 2
20 1 5
20 2 10
20 3 6
20 4 8
20 5 4
20 6 8
20 7 3
20 9 7
20 10 5
20 12 6
20 13 7
20 14 6
20 15 5
20 18 6
20 19 3
21 0 7
21 1 1
21 2 6
21 3 1
21 4 1
21 5 2
21 6 7
21 7 8
21 8 10
21 9 2
21 11 5
21 12 7
21 13 8
21 14 1
21 15 2
21 18 8
21 19 1
21 20 3
22 0 2
22 1 6
22 2 2
22 3 6
22 7 2
22 8 5
22 10 3
22 11 4
22 12 1
22 13 10
22 14 4
22 15 4
22 16 6
22 18 3
22 19 7
22 20 9
22 21 7
23 0 8
23 2 4
23 6 9
23 7 7
23 9 10
23 10 6
23 11 2
23 12 7
23 13 1
23 14 2
23 15 4
23 16 2
23 17 9
23 18 6
23 19 10
23 21 7
23 22 6
24 0 3
24 1 5
24 2 10
24 3 1
24 4 1
24 5 5
24 6 7
24 7 7
24 8 8
24 9 2
24 10 2
24 11 3
24 12 6
24 13 1
24 15 8
24 16 9
24 17 2
24 19 5
24 20 2
24 21 5
24 22 3
24 23 1
25 0 1
25 1 9
25 3 2
25 4 5
25 5 2
25 6 2
25 7 8
25 8 7
25 9 2
25 12 7
25 13 3
25 14 4
25 16 7
25 17 6
25 18 2
25 19 9
25 20 8
25 21 1
25 22 9
25 23 9
25 24 2
26 0 1
26 1 5
26 2 8
26 3 9
26 4 3
26 5 5
26 6 10
26 7 4
26 8 7
26 9 10
26 10 2
26 11 10
26 12 7
26 13 3
26 14 3
26 15 6
26 16 10
26 17 8
26 18 6
26 19 6
26 20 7
26 21 10
26 22 10
26 23 8
26 24 5
26 25 5
27 0 5
27 1 6
27 2 3
27 3 8
27 4 8
27 5 8
27 6 6
27 7 8
27 9 3
27 10 8
27 12 7
27 13 10
27 14 5
27 15 1
27 16 4
27 18 8
27 19 7
27 20 3
27 21 10
27 23 9
27 24 7
27 25 5
27 26 1
28 0 4
28 1 10
28 2 2
28 3 9
28 4 2
28 5 1
28 6 6
28 7 9
28 8 9
28 9 7
28 10 8
28 16 6
28 17 5
28 19 10
28 20 9
28 21 10
28 22 10
28 23 6
28 24 1
28 25 5
28 26 4
28 27 5
29 0 4
29 2 1
29 3 1
29 4 1
29 5 8
29 6 8
29 7 6
29 8 6
29 9 5
29 11 10
29 12 1
29 13 10
29 14 8
29 15 4
29 17 3
29 18 3
29 19 1
29 20 4
29 21 1
29 23 6
29 24 5
29 25 5
29 26 1
29 27 10
29 28 9
