50
3 1 80
3 2 64
4 0 44
4 3 56
6 1 8
7 0 28
8 0 31
9 1 65
9 4 1
9 5 50
9 7 69
9 8 63
10 2 80
10 3 55
10 5 64
10 9 21
11 0 58
11 3 36
11 4 76
11 5 23
11 10 32
12 0 42
12 4 63
12 7 14
12 9 61
13 0 13
13 2 78
13 7 28
13 11 78
14 1 68
14 5 42
15 2 44
15 6 29
15 9 79
16 0 21
16 2 67
16 3 72
16 5 80
16 7 62
16 14 78
17 0 8
17 6 64
17 9 56
17 11 52
17 12 50
17 14 74
17 16 32
18 4 26
18 6 50
18 7 5
18 8 32
18 12 13
18 14 37
18 15 77
18 16 4
18 17 24
19 0 35
19 1 44
19 2 37
19 3 67
19 4 20
19 8 35
19 9 54
19 10 21
19 12 60
19 13 12
19 14 80
19 15 77
19 17 15
20 4 30
20 6 70
20 12 72
20 15 42
20 17 40
20 18 76
21 2 30
21 4 19
21 7 34
21 9 70
21 11 79
21 17 60
21 20 38
22 1 65
22 3 3
22 7 22
22 10 49
22 11 19
22 13 49
23 3 21
23 7 28
23 8 8
23 10 54
23 12 78
23 13 39
23 15 58
23 16 6
23 22 3
24 0 67
24 1 2
24 6 29
24 9 4
24 12 15
24 14 13
24 19 24
24 22 55
25 0 78
25 5 32
25 8 6
25 9 67
25 10 50
25 12 73
25 13 43
25 15 42
25 16 39
25 20 63
25 22 51
26 2 27
26 7 7
26 8 71
26 13 55
26 16 23
26 17 4
26 20 43
27 0 59
27 5 64
27 6 31
27 9 52
27 10 47
27 11 19
27 12 37
27 14 50
27 16 32
27 23 68
27 24 71
28 0 19
28 10 1
28 11 73
28 15 68
28 16 29
28 17 33
28 24 4
28 26 44
28 27 9
29 2 13
29 5 51
29 6 54
29 11 9
29 18 21
29 19 20
29 25 43
29 28 8
30 1 36
30 7 28
30 14 53
30 18 67
30 25 2
30 26 67
31 0 68
31 3 75
31 4 23
31 5 64
31 6 37
31 7 38
31 8 1
31 14 44
31 16 48
31 17 30
31 19 27
31 25 3
31 27 24
31 30 28
32 3 49
32 8 30
32 11 14
32 14 73
32 15 72
32 16 72
32 17 26
32 20 75
32 21 40
32 22 7
32 23 51
32 25 24
32 30 50
33 0 49
33 2 41
33 13 80
33 14 34
33 16 63
33 17 11
33 18 49
33 21 69
33 22 79
33 23 5
33 24 65
33 26 27
33 27 68
33 28 18
33 29 45
33 32 58
34 0 4
34 3 79
34 4 4
34 8 63
34 12 20
34 17 60
34 22 61
34 23 47
34 24 60
34 25 36
34 28 71
34 31 30
35 1 20
35 2 29
35 13 29
35 15 64
35 17 18
35 19 35
35 20 11
35 23 11
35 26 67
35 30 42
35 31 23
35 32 10
35 34 29
36 1 4
36 6 60
36 8 17
36 17 28
36 19 75
36 21 64
36 24 60
36 26 40
36 28 39
36 29 77
36 32 68
36 33 42
37 5 49
37 8 18
37 12 7
37 18 58
37 24 3
37 32 43
37 36 75
38 3 38
38 5 10
38 6 32
38 8 38
38 9 59
38 10 79
38 12 31
38 13 28
38 14 31
38 15 66
38 16 19
38 19 62
38 22 79
38 23 28
38 27 9
38 29 31
38 33 49
39 3 76
39 6 73
39 10 4
39 14 70
39 15 31
39 16 45
39 18 50
39 19 67
39 22 76
39 23 16
39 24 41
40 0 5
40 2 15
40 3 34
40 6 6
40 7 50
40 11 56
40 12 58
40 13 44
40 14 42
40 15 78
40 19 45
40 20 2
40 22 4
40 23 14
40 26 73
40 31 24
40 35 13
41 2 70
41 5 40
41 6 60
41 10 7
41 13 33
41 16 40
41 17 27
41 22 48
41 23 77
41 30 57
41 35 63
41 38 49
42 0 70
42 1 55
42 4 53
42 5 18
42 7 28
42 8 53
42 11 60
42 15 27
42 17 38
42 18 54
42 19 67
42 20 45
42 21 77
42 22 53
42 23 71
42 29 78
42 32 5
42 34 8
42 35 2
42 37 42
43 1 68
43 3 55
43 6 62
43 8 2
43 9 71
43 15 2
43 16 68
43 18 26
43 20 48
43 24 71
43 25 61
43 26 3
43 27 11
43 30 40
43 34 22
43 35 13
43 40 61
43 41 16
44 0 77
44 1 68
44 3 19
44 6 48
44 8 67
44 12 79
44 14 17
44 16 48
44 18 51
44 20 20
44 22 76
44 24 61
44 25 56
44 31 22
44 34 11
44 35 29
44 37 27
44 41 53
44 42 32
44 43 76
45 3 33
45 4 39
45 7 48
45 8 8
45 10 32
45 13 38
45 19 71
45 21 63
45 25 69
45 28 61
45 31 56
45 35 31
45 37 6
45 41 80
46 1 4
46 3 26
46 4 7
46 5 13
46 8 27
46 15 4
46 17 23
46 19 41
46 22 64
46 24 4
46 26 71
46 27 75
46 29 44
46 31 11
46 34 18
46 41 51
46 44 20
46 45 42
47 4 18
47 6 73
47 10 10
47 13 80
47 19 35
47 20 55
47 25 47
47 26 59
47 29 65
47 30 49
47 31 63
47 34 75
47 36 69
47 38 22
47 40 12
47 42 31
47 43 19
47 46 73
48 1 37
48 5 21
48 10 56
48 12 64
48 19 24
48 20 45
48 22 28
48 24 52
48 27 36
48 28 2
48 29 34
48 33 26
48 39 18
48 41 48
48 44 62
48 45 22
49 3 24
49 4 25
49 5 9
49 9 24
49 11 17
49 13 70
49 16 54
49 19 64
49 22 36
49 28 4
49 31 49
49 36 45
49 39 45
49 40 45
49 46 37
49 47 3
49 48 17
