50
3 2 55
4 2 6
5 4 80
7 4 3
7 6 10
8 0 28
9 1 75
9 2 49
10 0 10
10 2 52
10 5 72
11 0 67
11 1 80
11 7 18
11 10 26
12 9 29
13 11 4
14 3 66
14 7 11
14 9 23
15 6 48
15 7 64
16 2 71
16 4 33
16 14 69
17 0 53
17 1 26
17 3 24
17 5 65
17 10 40
17 11 11
18 14 62
18 15 62
19 5 7
19 7 68
19 9 39
19 13 64
19 16 49
20 1 1
20 2 7
20 9 49
20 13 30
21 4 56
21 11 35
21 17 73
22 1 77
22 12 14
22 19 8
23 8 32
23 10 80
23 15 50
23 20 32
24 0 56
24 4 54
24 6 60
24 7 6
24 20 21
25 3 5
25 10 66
25 11 72
25 17 46
25 23 9
25 24 35
26 7 40
26 12 34
26 14 67
26 15 66
26 17 13
26 24 37
27 1 71
27 7 12
27 12 12
27 21 24
27 22 39
28 1 71
28 25 75
29 10 34
29 13 79
29 19 1
29 26 40
30 0 3
30 1 35
30 4 32
30 8 68
30 9 37
30 24 25
30 27 39
31 7 29
31 15 49
31 21 71
31 24 53
31 28 66
31 29 75
32 4 29
32 5 78
32 9 49
32 10 77
32 13 28
32 18 53
32 20 80
32 24 36
32 26 2
32 31 79
33 9 12
33 17 26
34 1 62
34 8 34
34 12 38
34 25 9
34 26 6
34 29 73
35 6 59
35 13 33
35 21 25
35 25 30
35 26 44
35 34 49
36 1 53
36 7 42
36 16 29
36 18 6
36 19 33
36 22 25
36 27 47
36 29 24
37 16 45
37 17 33
37 19 76
37 21 33
37 22 48
38 2 72
38 16 41
38 20 40
38 23 72
38 29 45
38 30 72
38 32 47
39 6 42
39 16 7
39 17 71
39 23 58
39 28 32
39 29 43
39 38 23
40 2 28
40 8 52
40 19 67
40 24 73
40 25 1
41 2 54
41 4 19
41 11 63
41 20 72
41 28 55
41 31 1
41 37 23
41 38 61
41 40 59
42 1 69
42 4 25
42 7 66
42 8 57
42 9 23
42 16 21
42 19 35
42 21 18
42 28 37
42 41 35
43 2 59
43 7 67
43 8 64
43 10 70
43 11 22
43 12 37
43 15 71
43 24 43
43 29 47
43 30 58
43 35 14
44 7 72
44 8 47
44 10 23
44 12 18
44 15 56
44 16 64
44 18 78
44 20 2
44 21 2
44 24 7
44 25 11
44 27 25
44 37 58
44 43 78
45 9 58
45 16 41
45 18 33
45 23 72
45 24 72
45 27 3
45 32 61
46 0 4
46 1 50
46 2 66
46 4 41
46 8 1
46 10 44
46 17 51
46 20 37
46 24 12
46 32 36
46 34 71
46 36 57
46 39 30
46 45 68
47 0 61
47 6 38
47 18 12
47 20 38
47 22 20
47 23 6
47 36 63
47 37 21
47 41 73
47 46 76
48 3 9
48 9 43
48 10 49
48 12 37
48 15 65
48 18 64
48 27 48
48 35 73
48 36 28
48 38 6
48 40 42
48 43 8
48 45 76
49 4 16
49 5 59
49 6 46
49 15 40
49 19 32
49 25 22
49 26 71
49 32 32
49 33 49
49 35 28
49 37 53
49 38 43
49 47 55
