20
3 1 106
3 2 79
6 2 191
7 1 21
7 4 108
7 5 32
8 1 144
8 3 143
8 7 38
9 0 112
9 1 140
9 2 287
9 3 180
9 7 113
9 8 238
10 2 69
10 6 241
11 3 133
11 5 55
11 6 66
11 7 221
12 0 143
12 6 2
12 7 183
12 9 146
12 10 240
13 0 134
13 1 191
13 3 14
13 5 294
13 6 233
13 7 227
13 8 13
13 9 257
13 10 30
13 11 225
13 12 70
14 1 36
14 4 223
14 5 61
14 9 197
14 11 192
15 0 95
15 2 256
15 13 59
16 0 93
16 1 280
16 3 73
16 6 59
16 7 10
16 9 281
16 10 254
16 11 314
16 12 20
16 13 267
17 0 137
17 1 71
17 2 218
17 3 207
17 5 209
17 7 58
17 10 212
17 12 225
17 15 79
18 1 188
18 3 43
18 4 320
18 7 149
18 10 263
18 11 272
18 12 281
18 15 135
19 4 78
19 7 21
19 8 110
19 14 166
19 15 135
19 16 264
19 18 287
