40
1 0 4
2 0 32
2 1 46
3 0 17
3 2 40
4 0 18
4 1 52
4 2 1
4 3 11
5 0 22
5 1 51
5 2 40
5 3 62
5 4 42
6 0 14
6 1 24
6 2 80
6 3 54
6 4 48
7 0 79
7 1 55
7 2 40
7 3 11
7 4 50
7 5 51
7 6 63
8 0 35
8 1 57
8 2 38
8 3 52
8 4 72
8 5 72
8 7 15
9 0 51
9 1 69
9 2 46
9 3 34
9 4 7
9 5 4
9 6 17
9 7 23
9 8 64
10 0 62
10 2 32
10 3 20
10 4 50
10 5 72
10 6 2
10 7 8
10 8 36
10 9 31
11 0 3
11 1 56
11 2 20
11 3 55
11 4 33
11 5 69
11 6 43
11 7 73
11 8 65
11 9 44
11 10 14
12 0 10
12 1 15
12 2 71
12 3 9
12 4 75
12 5 72
12 6 50
12 7 10
12 8 58
12 9 45
12 10 7
12 11 7
13 0 56
13 1 49
13 2 32
13 3 54
13 4 47
13 5 8
13 6 16
13 7 9
13 8 43
13 9 15
13 10 32
13 11 71
13 12 43
14 0 34
14 1 40
14 2 19
14 3 44
14 4 67
14 5 52
14 6 64
14 7 77
14 8 20
14 9 44
14 10 71
14 11 21
14 12 40
14 13 48
15 0 19
15 1 69
15 2 38
15 3 3
15 4 16
15 5 49
15 6 72
15 8 40
15 9 22
15 10 60
15 11 21
15 12 80
15 13 78
16 0 17
16 1 27
16 2 60
16 3 2
16 4 1
16 5 68
16 6 44
16 7 19
16 8 12
16 9 66
16 10 23
16 11 50
16 12 49
16 13 15
16 14 49
16 15 61
17 0 50
17 1 13
17 2 39
17 3 48
17 4 20
17 5 74
17 6 50
17 7 37
17 8 58
17 9 80
17 10 57
17 11 1
17 12 43
17 13 29
17 14 11
17 15 61
17 16 33
18 1 20
18 2 52
18 3 59
18 4 73
18 5 23
18 6 45
18 7 55
18 8 28
18 9 60
18 10 75
18 11 61
18 12 13
18 14 70
18 15 62
18 16 23
18 17 5
19 0 36
19 1 13
19 2 53
19 3 70
19 4 11
19 5 52
19 6 40
19 7 49
19 8 17
19 9 48
19 10 35
19 11 28
19 12 67
19 13 21
19 16 19
19 17 71
19 18 76
20 0 78
20 1 24
20 2 5
20 3 60
20 4 32
20 7 50
20 8 58
20 10 38
20 11 64
20 12 54
20 13 23
20 14 8
20 16 72
20 17 64
20 18 80
20 19 79
21 0 16
21 2 68
21 3 26
21 4 52
21 5 40
21 6 68
21 7 50
21 8 37
21 9 9
21 10 43
21 11 18
21 12 22
21 13 25
21 14 32
21 15 42
21 16 68
21 17 2
21 18 61
21 19 6
21 20 5
22 0 52
22 1 2
22 3 70
22 4 7
22 5 21
22 6 43
22 7 27
22 8 40
22 9 77
22 10 61
22 11 46
22 12 47
22 13 64
22 14 33
22 15 8
22 16 29
22 17 77
22 18 52
22 19 7
22 20 42
22 21 43
23 0 7
23 1 58
23 2 72
23 3 76
23 4 52
23 6 38
23 7 33
23 8 61
23 9 9
23 10 16
23 11 62
23 12 52
23 13 25
23 14 47
23 15 72
23 16 45
23 17 70
23 18 30
23 19 63
23 20 17
23 21 63
23 22 49
24 0 38
24 1 50
24 2 50
24 3 73
24 4 67
24 7 38
24 8 32
24 9 47
24 10 70
24 11 76
24 12 22
24 13 65
24 14 31
24 15 76
24 16 29
24 17 38
24 18 15
24 19 51
24 20 2
24 21 73
24 22 32
24 23 50
25 1 19
25 3 75
25 4 46
25 5 80
25 6 65
25 7 41
25 8 51
25 10 7
25 11 3
25 12 24
25 13 7
25 14 38
25 15 56
25 16 58
25 17 70
25 18 38
25 19 58
25 20 45
25 22 46
25 23 38
25 24 53
26 0 32
26 1 31
26 2 57
26 3 14
26 4 42
26 6 74
26 7 41
26 8 46
26 9 73
26 10 29
26 11 67
26 12 1
26 13 76
26 14 57
26 15 2
26 16 26
26 17 51
26 18 27
26 19 27
26 20 1
26 21 45
26 23 9
26 24 37
26 25 6
27 0 1
27 1 38
27 2 54
27 3 64
27 4 25
27 5 56
27 7 17
27 8 16
27 9 46
27 10 41
27 11 78
27 12 28
27 14 39
27 15 74
27 16 51
27 17 53
27 18 8
27 20 10
27 22 64
27 23 79
27 24 75
27 25 27
27 26 31
28 0 59
28 1 46
28 2 25
28 4 52
28 5 44
28 6 61
28 7 79
28 8 26
28 9 56
28 10 36
28 11 57
28 12 71
28 13 21
28 14 58
28 15 4
28 16 20
28 17 37
28 18 39
28 19 3
28 20 45
28 21 58
28 22 53
28 23 43
28 24 73
28 25 71
28 26 45
28 27 18
29 0 69
29 2 67
29 4 35
29 5 73
29 6 10
29 7 56
29 8 76
29 9 80
29 10 34
29 11 17
29 12 65
29 13 50
29 14 65
29 15 6
29 16 55
29 17 37
29 18 71
29 19 66
29 21 73
29 22 9
29 23 80
29 24 54
29 25 46
29 27 47
29 28 14
30 1 30
30 2 61
30 3 44
30 4 54
30 5 69
30 8 42
30 9 2
30 10 15
30 11 27
30 12 46
30 13 77
30 16 26
30 17 77
30 18 75
30 20 54
30 22 18
30 23 65
30 24 20
30 25 17
30 26 16
30 28 27
30 29 27
31 0 36
31 3 10
31 5 68
31 6 9
31 7 43
31 8 65
31 9 31
31 10 24
31 11 45
31 12 47
31 13 71
31 14 14
31 15 70
31 16 77
31 17 2
31 18 8
31 21 78
31 22 16
31 23 9
31 24 26
31 25 35
31 26 51
31 27 21
31 28 57
31 29 36
31 30 53
32 0 8
32 1 76
32 3 70
32 4 56
32 5 53
32 6 35
32 9 26
32 10 21
32 11 4
32 12 19
32 13 52
32 14 13
32 16 80
32 17 74
32 18 17
32 20 46
32 21 25
32 22 16
32 24 67
32 25 37
32 26 37
32 27 44
32 28 55
32 29 56
32 30 21
32 31 70
33 0 66
33 1 38
33 3 18
33 4 37
33 5 75
33 6 47
33 7 11
33 8 26
33 9 21
33 10 15
33 11 31
33 12 62
33 13 32
33 14 63
33 15 46
33 16 49
33 17 60
33 19 34
33 20 57
33 21 43
33 22 64
33 23 61
33 24 59
33 25 23
33 26 49
33 27 25
33 28 28
33 29 60
33 30 58
33 31 76
33 32 1
34 1 47
34 2 67
34 3 52
34 4 37
34 5 62
34 6 53
34 8 60
34 9 21
34 10 35
34 11 73
34 12 61
34 13 21
34 14 16
34 15 13
34 16 39
34 18 45
34 20 63
34 22 45
34 23 77
34 24 3
34 25 9
34 26 49
34 27 32
34 28 80
34 29 13
34 30 68
34 31 76
34 32 80
34 33 72
35 0 57
35 2 23
35 3 67
35 4 47
35 5 20
35 6 17
35 7 68
35 8 25
35 9 56
35 10 2
35 11 78
35 12 19
35 13 4
35 14 76
35 15 42
35 16 28
35 17 40
35 18 42
35 19 28
35 20 8
35 21 16
35 22 23
35 24 57
35 25 71
35 26 67
35 27 46
35 29 27
35 30 40
35 31 48
35 32 57
35 33 7
35 34 18
36 0 17
36 1 9
36 2 4
36 3 5
36 4 30
36 5 72
36 6 50
36 8 38
36 10 48
36 11 57
36 12 26
36 14 78
36 15 70
36 16 22
36 17 50
36 18 69
36 19 49
36 20 70
36 21 57
36 22 36
36 23 14
36 24 11
36 25 12
36 26 6
36 27 65
36 28 71
36 29 19
36 30 72
36 31 4
36 32 73
36 33 36
36 34 42
36 35 48
37 0 69
37 1 7
37 2 5
37 5 29
37 6 53
37 7 7
37 8 54
37 9 26
37 10 31
37 11 65
37 12 70
37 13 43
37 14 3
37 16 60
37 17 33
37 18 64
37 20 29
37 21 25
37 23 16
37 24 57
37 25 46
37 26 19
37 27 71
37 28 52
37 29 28
37 30 48
37 32 34
37 33 40
37 34 1
37 35 2
37 36 39
38 0 50
38 1 16
38 2 76
38 3 15
38 4 29
38 5 71
38 6 65
38 7 9
38 8 38
38 9 1
38 10 40
38 11 30
38 12 65
38 13 27
38 14 47
38 15 34
38 17 22
38 18 9
38 19 32
38 20 53
38 21 77
38 22 13
38 23 44
38 25 14
38 26 1
38 27 33
38 28 78
38 29 58
38 30 13
38 31 70
38 32 66
38 33 74
38 34 3
38 35 18
38 36 70
38 37 12
39 1 72
39 2 74
39 3 16
39 4 73
39 5 7
39 6 51
39 7 30
39 8 4
39 9 11
39 10 78
39 11 49
39 12 56
39 13 45
39 14 23
39 15 49
39 16 61
39 18 25
39 19 39
39 20 30
39 21 34
39 22 78
39 23 41
39 24 49
39 25 15
39 26 1
39 27 52
39 28 23
39 30 24
39 31 52
39 32 26
39 33 69
39 34 72
39 36 57
39 37 55
39 38 61
