40
1 0 41
2 0 12
2 1 77
3 0 71
3 1 3
4 0 34
4 1 36
4 2 7
4 3 75
5 0 42
5 2 45
5 3 79
5 4 39
6 0 67
6 2 35
6 4 22
7 0 79
7 1 30
7 3 69
7 4 23
7 5 10
7 6 36
8 0 72
8 1 79
8 3 40
8 4 66
8 5 21
8 7 58
9 1 21
9 2 44
9 3 39
9 5 25
9 7 66
9 8 50
10 3 54
10 4 73
10 7 17
10 8 8
10 9 16
11 0 14
11 1 71
11 2 41
11 3 8
11 4 63
11 5 12
11 6 32
12 0 33
12 1 73
12 2 11
12 5 70
12 7 26
12 9 2
12 10 41
12 11 53
13 1 67
13 2 13
13 3 60
13 4 80
13 5 12
13 6 16
13 8 78
13 9 50
13 10 44
13 12 62
14 0 55
14 2 45
14 3 14
14 4 20
14 5 20
14 6 75
14 7 40
14 10 68
15 0 78
15 1 64
15 2 61
15 3 48
15 4 12
15 8 48
15 9 39
15 10 51
15 11 52
15 12 12
15 13 29
15 14 57
16 0 8
16 4 22
16 5 10
16 6 50
16 7 56
16 8 68
16 9 70
16 10 79
16 11 16
16 12 32
16 14 1
16 15 57
17 0 25
17 1 48
17 4 28
17 5 2
17 6 45
17 7 77
17 8 56
17 9 77
17 12 69
17 13 56
17 14 7
17 15 24
17 16 29
18 0 22
18 2 39
18 3 1
18 4 66
18 5 59
18 6 53
18 9 34
18 11 52
18 13 79
18 14 67
18 15 36
18 16 62
19 1 11
19 3 60
19 4 8
19 6 37
19 10 77
19 12 19
19 13 64
19 14 20
19 17 50
20 1 24
20 2 2
20 3 19
20 5 17
20 6 16
20 7 46
20 10 38
20 11 79
20 13 66
20 15 57
20 16 73
20 17 46
20 18 73
20 19 63
21 0 61
21 1 56
21 2 67
21 4 40
21 5 36
21 6 12
21 7 78
21 8 12
21 9 35
21 10 68
21 11 36
21 13 24
21 16 7
21 17 35
21 19 12
21 20 24
22 0 14
22 1 38
22 2 16
22 4 51
22 8 69
22 9 73
22 10 2
22 11 45
22 12 8
22 14 12
22 15 35
22 16 80
22 17 11
23 3 42
23 4 11
23 5 77
23 7 10
23 9 59
23 11 42
23 12 29
23 13 69
23 16 4
23 18 44
23 19 45
23 20 35
23 21 67
24 1 35
24 2 67
24 3 22
24 5 62
24 6 27
24 7 4
24 9 67
24 12 70
24 14 45
24 15 63
24 16 49
24 17 59
24 18 5
24 19 9
24 20 23
24 21 57
24 22 13
25 0 74
25 2 41
25 3 8
25 4 37
25 5 19
25 6 2
25 7 6
25 8 78
25 10 55
25 13 68
25 15 58
25 17 2
25 19 46
25 20 19
25 21 67
25 23 23
26 0 26
26 1 42
26 3 43
26 4 4
26 5 62
26 6 60
26 7 36
26 8 5
26 10 44
26 11 51
26 12 36
26 13 74
26 14 70
26 15 17
26 16 4
26 17 40
26 18 34
26 19 17
26 20 63
26 21 33
26 22 72
26 23 43
26 24 43
26 25 47
27 1 52
27 2 78
27 3 13
27 6 8
27 7 73
27 8 39
27 9 73
27 10 36
27 11 37
27 12 25
27 13 70
27 14 26
27 15 77
27 16 56
27 18 19
27 19 11
27 20 62
27 21 13
27 23 44
27 25 66
27 26 48
28 0 53
28 1 60
28 4 2
28 6 23
28 7 6
28 9 78
28 10 23
28 12 39
28 13 23
28 15 35
28 16 17
28 17 38
28 18 66
28 20 38
28 21 33
28 22 22
28 23 20
28 24 59
28 25 75
28 26 79
28 27 52
29 0 55
29 1 42
29 2 39
29 3 28
29 4 46
29 6 15
29 8 51
29 9 33
29 10 68
29 11 24
29 13 66
29 14 21
29 18 38
29 19 46
29 24 16
29 25 65
29 26 59
29 27 16
29 28 64
30 0 56
30 1 33
30 3 28
30 4 24
30 5 33
30 6 66
30 10 34
30 14 55
30 15 47
30 16 31
30 19 5
30 20 42
30 21 60
30 22 5
30 24 64
30 25 74
30 26 1
30 28 14
30 29 65
31 0 31
31 2 78
31 3 8
31 5 32
31 6 59
31 7 11
31 8 14
31 9 66
31 11 78
31 12 80
31 14 16
31 17 30
31 18 71
31 20 71
31 23 80
31 24 65
31 25 38
31 26 27
31 27 51
31 29 28
31 30 59
32 1 49
32 2 4
32 3 65
32 4 28
32 5 70
32 7 78
32 8 41
32 10 2
32 11 38
32 13 64
32 14 71
32 15 55
32 16 52
32 19 60
32 21 40
32 22 67
32 23 64
32 25 50
32 27 45
32 29 42
32 30 75
32 31 14
33 0 24
33 2 69
33 3 74
33 6 75
33 7 48
33 9 12
33 10 25
33 12 15
33 13 7
33 14 25
33 15 21
33 16 50
33 17 37
33 18 37
33 19 9
33 20 43
33 22 73
33 23 68
33 24 23
33 26 35
33 27 54
33 29 64
34 0 28
34 2 75
34 4 34
34 7 25
34 8 78
34 9 63
34 11 31
34 12 52
34 13 21
34 14 38
34 15 5
34 16 6
34 17 32
34 19 58
34 20 8
34 21 67
34 22 26
34 23 26
34 26 20
34 27 35
34 28 39
34 29 64
34 30 68
34 31 72
34 32 39
34 33 44
35 0 74
35 1 53
35 3 65
35 4 74
35 5 80
35 7 11
35 8 58
35 10 39
35 11 59
35 13 72
35 15 1
35 16 47
35 17 7
35 20 41
35 23 15
35 24 18
35 27 34
35 28 8
35 29 44
35 30 53
35 31 29
35 32 39
36 1 56
36 3 43
36 5 40
36 6 33
36 7 46
36 8 60
36 9 37
36 10 44
36 11 63
36 13 10
36 14 41
36 15 52
36 16 79
36 18 33
36 21 36
36 22 24
36 23 80
36 25 14
36 26 46
36 27 45
36 29 33
36 32 51
36 33 51
36 34 79
37 0 34
37 1 43
37 3 37
37 4 21
37 5 55
37 7 4
37 8 45
37 9 63
37 11 57
37 13 28
37 15 12
37 16 75
37 17 55
37 18 22
37 20 12
37 21 5
37 22 52
37 23 72
37 24 68
37 25 10
37 26 61
37 27 13
37 28 79
37 29 68
37 32 52
37 33 44
37 34 53
37 36 74
38 2 71
38 3 7
38 4 15
38 5 11
38 6 52
38 7 11
38 8 20
38 9 57
38 10 23
38 11 66
38 12 16
38 13 46
38 14 19
38 15 32
38 16 15
38 17 16
38 18 25
38 19 78
38 20 5
38 21 13
38 22 55
38 23 66
38 26 35
38 27 62
38 29 28
38 30 71
38 31 6
38 32 45
38 33 20
38 37 34
39 0 10
39 1 66
39 2 4
39 3 80
39 4 36
39 8 10
39 10 9
39 11 57
39 12 51
39 13 61
39 14 78
39 15 18
39 16 23
39 20 35
39 23 47
39 25 47
39 27 66
39 29 77
39 30 20
39 31 50
39 33 15
39 35 14
39 36 64
39 37 45
39 38 70
