30
2 1 37
5 4 33
6 0 75
7 3 70
8 0 60
8 5 51
9 0 73
10 3 75
10 5 33
11 3 43
11 7 17
11 9 6
12 0 53
12 1 7
12 4 41
12 8 19
12 11 65
13 12 56
14 7 38
15 4 6
15 5 14
15 11 3
16 1 43
16 2 12
16 7 30
16 9 30
17 4 63
17 13 73
18 4 44
18 9 29
18 14 40
19 11 39
19 12 60
19 15 19
20 3 9
20 14 60
20 17 78
21 3 44
21 5 8
21 12 30
21 15 32
21 17 69
21 19 52
21 20 69
22 0 39
22 9 18
22 10 26
22 13 78
22 14 51
22 19 73
23 5 30
23 7 80
23 8 38
23 13 27
23 15 16
23 19 53
23 20 64
23 21 19
24 0 57
24 5 2
24 8 8
24 11 17
24 12 20
24 15 34
24 18 12
24 19 75
25 0 38
25 7 61
25 15 55
25 22 21
26 2 75
26 8 41
26 9 4
26 12 16
26 17 6
26 18 18
27 1 38
27 3 11
27 5 32
27 10 73
27 11 31
27 15 56
27 17 43
27 20 60
27 21 18
27 23 50
28 6 79
28 7 65
28 19 48
28 21 25
29 8 56
29 14 3
29 17 70
29 25 19
29 26 33
29 27 51
