50
3 0 17
3 2 8
5 0 9
5 4 5
6 2 14
6 5 6
7 2 15
7 3 10
7 6 12
8 1 2
8 2 20
8 3 14
8 5 15
9 0 11
9 1 7
9 3 2
9 7 8
9 8 3
10 0 18
10 2 9
10 5 14
10 7 2
10 8 12
10 9 14
11 0 7
11 9 15
11 10 13
12 4 8
12 5 2
12 7 11
12 8 2
13 0 14
13 1 7
13 2 19
13 3 12
13 5 3
13 6 15
13 10 14
13 12 20
14 3 12
14 7 12
15 0 9
15 1 17
15 3 6
15 4 12
15 5 11
15 7 18
16 3 6
16 5 10
16 6 6
16 8 18
16 9 8
16 11 1
16 12 2
16 13 18
16 15 12
17 0 3
17 3 17
17 4 11
17 6 1
17 11 5
17 13 7
17 16 3
18 0 13
18 1 3
18 4 6
18 5 15
18 6 1
18 7 16
18 8 1
18 10 6
18 11 17
18 14 3
18 15 19
19 3 18
19 5 20
19 7 5
19 8 4
19 14 13
19 17 1
20 1 8
20 2 3
20 5 16
20 7 3
20 9 11
20 12 14
20 16 5
20 19 8
21 4 9
21 8 13
21 12 13
21 13 10
21 16 9
21 18 4
21 19 9
22 1 4
22 4 4
22 7 8
22 8 6
22 9 14
22 10 16
22 12 3
22 13 8
22 15 19
22 16 3
22 18 11
22 19 13
22 21 3
23 0 16
23 2 17
23 9 19
23 10 11
23 12 15
23 17 12
23 18 19
23 19 6
23 21 16
24 0 7
24 2 20
24 5 11
24 9 12
24 11 7
24 12 9
24 13 17
24 17 14
24 18 20
24 21 12
24 23 17
25 5 8
25 7 3
25 8 20
25 11 1
25 12 7
25 16 11
25 18 12
25 21 2
26 2 2
26 3 15
26 5 12
26 6 19
26 15 16
26 21 9
26 22 18
27 5 11
27 13 11
27 16 9
27 17 17
27 18 10
27 19 5
27 23 10
28 0 7
28 4 19
28 7 8
28 9 9
28 11 11
28 15 10
28 19 20
28 22 6
28 23 11
28 24 12
28 26 5
29 0 14
29 2 19
29 3 14
29 5 6
29 6 20
29 12 19
29 19 12
29 20 7
29 23 12
29 24 8
29 25 11
30 0 16
30 3 20
30 6 4
30 8 19
30 10 9
30 14 12
30 15 9
30 17 3
30 21 2
30 27 5
31 0 19
31 1 12
31 2 20
31 6 14
31 7 20
31 11 18
31 14 20
31 18 18
31 25 9
31 26 17
31 27 3
31 28 20
31 29 1
31 30 13
32 3 19
32 4 13
32 8 11
32 11 19
32 13 13
32 17 3
32 18 14
32 19 6
32 20 19
32 23 11
32 27 7
32 28 6
32 29 10
33 1 5
33 4 20
33 6 8
33 7 4
33 8 20
33 10 14
33 11 17
33 13 2
33 16 11
33 18 19
33 22 3
33 30 1
34 2 7
34 3 3
34 4 17
34 6 16
34 8 10
34 10 5
34 11 12
34 14 12
34 17 11
34 18 18
34 23 2
34 25 10
34 29 2
34 30 15
34 33 12
35 1 18
35 2 10
35 4 18
35 10 3
35 19 10
35 20 18
35 23 8
35 24 13
35 25 2
35 27 17
35 28 14
35 33 1
36 1 9
36 2 16
36 3 13
36 7 18
36 13 14
36 14 2
36 15 9
36 20 13
36 23 13
36 30 20
36 31 16
36 34 3
37 7 10
37 14 16
37 18 11
37 19 8
37 20 3
37 27 8
37 28 8
37 33 19
37 35 16
38 1 5
38 2 9
38 4 5
38 7 14
38 10 9
38 11 4
38 12 16
38 13 15
38 16 6
38 18 1
38 20 7
38 24 18
38 26 9
38 28 6
38 30 6
38 31 19
38 33 19
38 34 6
38 35 7
39 3 14
39 5 9
39 7 19
39 10 5
39 14 19
39 18 6
39 21 15
39 22 9
39 24 7
39 27 5
39 28 18
39 29 6
39 31 7
39 32 3
39 35 20
39 37 11
39 38 11
40 1 12
40 2 14
40 6 8
40 10 17
40 11 2
40 14 3
40 17 19
40 19 5
40 21 13
40 24 5
40 28 2
40 29 11
40 37 5
40 38 20
41 6 13
41 16 5
41 18 5
41 22 4
41 23 4
41 24 12
41 25 14
41 26 17
41 27 1
41 28 11
41 31 1
41 32 18
41 33 19
41 40 9
42 0 14
42 1 15
42 4 13
42 8 12
42 9 8
42 10 14
42 12 8
42 13 10
42 15 7
42 18 4
42 19 6
42 20 16
42 21 7
42 22 15
42 23 14
42 24 3
42 25 5
42 27 13
42 31 16
42 32 6
43 3 10
43 8 1
43 11 5
43 14 12
43 16 16
43 18 15
43 22 4
43 25 10
43 26 3
43 27 14
43 28 16
43 31 16
43 33 6
43 34 14
43 35 17
43 37 13
43 39 6
43 41 14
43 42 3
44 0 2
44 1 19
44 2 10
44 8 5
44 10 12
44 11 2
44 12 2
44 15 9
44 18 17
44 24 18
44 26 7
44 27 16
44 28 3
44 30 11
44 35 15
44 37 9
44 39 5
44 40 15
44 41 16
45 1 18
45 3 20
45 6 6
45 7 5
45 10 16
45 11 7
45 12 10
45 13 2
45 18 17
45 22 19
45 24 8
45 25 10
45 28 12
45 30 12
45 32 6
45 34 14
45 36 1
45 38 19
45 40 7
45 41 15
45 43 2
46 1 10
46 4 1
46 6 1
46 8 11
46 13 15
46 15 8
46 19 16
46 20 7
46 22 17
46 24 6
46 25 11
46 27 17
46 28 13
46 30 16
46 32 7
46 41 5
46 42 7
46 44 6
47 1 11
47 5 10
47 6 2
47 10 19
47 11 14
47 16 19
47 17 5
47 18 3
47 19 4
47 20 7
47 24 8
47 25 12
47 27 7
47 29 6
47 30 5
47 32 16
47 34 19
47 35 13
47 36 13
47 38 3
47 39 11
47 44 11
48 6 5
48 8 19
48 14 5
48 15 12
48 18 18
48 21 19
48 22 6
48 23 15
48 25 2
48 27 20
48 28 5
48 31 7
48 32 13
48 39 8
48 41 12
48 43 17
48 45 15
49 2 9
49 3 19
49 5 10
49 7 11
49 11 12
49 12 20
49 15 9
49 16 13
49 17 1
49 18 20
49 19 2
49 20 6
49 22 2
49 27 18
49 28 9
49 33 3
49 34 18
49 36 15
49 38 20
49 42 16
49 45 9
49 46 18
49 47 10
49 48 6
