40
1 0 69
4 0 61
5 1 13
5 2 43
6 1 50
6 3 1
6 4 11
7 1 14
7 2 10
7 4 33
7 6 34
8 3 5
8 4 47
8 7 31
9 3 47
9 4 67
9 5 74
9 6 28
10 2 25
10 3 31
10 4 2
10 5 63
10 6 18
10 7 74
10 9 10
11 2 22
11 7 28
11 8 57
11 9 51
11 10 21
12 0 57
12 1 29
12 2 71
12 3 21
12 4 20
12 6 46
12 7 34
12 8 10
12 9 80
13 1 62
13 4 77
13 5 64
13 9 38
13 12 12
14 4 10
14 5 33
14 9 55
14 10 20
14 11 69
14 13 79
15 0 60
15 1 18
15 2 38
15 3 76
15 4 14
15 7 33
15 10 6
15 12 2
15 13 26
16 2 7
16 5 56
16 6 79
16 7 14
16 8 60
16 12 15
16 14 74
16 15 8
17 0 49
17 2 76
17 7 57
17 10 26
17 11 52
17 15 12
18 1 27
18 4 52
18 8 73
18 9 6
18 11 48
18 12 26
18 15 4
18 17 25
19 5 64
19 9 13
19 10 50
19 14 2
19 16 51
20 6 47
20 9 47
20 10 69
20 15 51
20 17 1
20 19 13
21 0 74
21 1 29
21 3 52
21 4 20
21 6 25
21 9 32
21 10 64
21 11 20
21 13 25
21 15 40
21 16 38
21 17 33
21 18 53
21 20 19
22 0 14
22 3 32
22 4 53
22 5 15
22 7 6
22 8 9
22 9 56
22 10 3
22 12 17
22 13 7
22 20 68
23 0 27
23 1 52
23 2 58
23 6 9
23 9 71
23 10 31
23 11 47
23 14 56
23 17 34
23 21 58
24 0 79
24 3 44
24 4 49
24 6 19
24 8 35
24 11 77
24 15 2
24 16 25
24 18 43
24 21 46
25 0 42
25 1 34
25 3 48
25 9 45
25 10 18
25 12 13
25 14 48
25 17 52
25 20 47
25 21 22
25 22 39
25 24 47
26 1 16
26 2 49
26 3 73
26 4 62
26 5 49
26 6 1
26 9 28
26 13 56
26 15 57
26 16 79
26 17 10
26 18 3
26 21 41
26 25 21
27 0 22
27 1 58
27 2 41
27 3 57
27 4 48
27 6 17
27 10 6
27 11 11
27 13 49
27 19 41
27 24 17
27 25 10
27 26 73
28 2 32
28 3 11
28 5 9
28 11 70
28 12 52
28 14 40
28 15 78
28 17 64
28 18 35
28 20 43
28 21 46
28 24 73
29 0 23
29 1 80
29 4 30
29 6 50
29 7 7
29 11 13
29 17 37
29 19 48
29 20 58
29 21 79
29 23 61
29 28 59
30 1 13
30 3 28
30 4 3
30 5 47
30 6 2
30 7 28
30 9 51
30 11 60
30 12 50
30 13 58
30 16 47
30 17 71
30 18 16
30 21 16
30 22 35
30 23 10
30 24 42
30 28 10
31 0 64
31 2 63
31 3 47
31 5 2
31 7 27
31 10 12
31 15 61
31 17 25
31 18 53
31 19 44
31 22 6
31 23 74
31 25 41
31 27 53
31 28 42
31 30 71
32 1 57
32 2 62
32 6 54
32 7 79
32 13 51
32 15 20
32 16 75
32 17 38
32 18 21
32 22 34
32 23 67
32 25 42
32 26 20
32 28 49
32 30 30
33 1 10
33 2 80
33 4 53
33 6 58
33 7 41
33 8 26
33 12 74
33 14 28
33 16 22
33 18 41
33 23 56
33 25 68
33 27 78
33 30 54
33 31 6
33 32 62
34 2 16
34 4 66
34 5 28
34 8 79
34 10 58
34 11 72
34 13 10
34 14 7
34 16 57
34 19 1
34 21 33
34 24 58
34 28 68
34 29 56
34 30 66
35 0 32
35 5 38
35 8 56
35 10 21
35 12 25
35 14 35
35 15 35
35 19 11
35 20 27
35 22 8
35 23 43
35 24 14
35 27 53
35 29 28
35 32 57
35 34 60
36 1 76
36 4 55
36 5 39
36 6 18
36 7 61
36 8 54
36 11 7
36 13 60
36 14 45
36 15 74
36 17 54
36 19 6
36 23 34
36 24 55
36 25 78
36 27 52
36 28 43
36 30 19
36 32 23
37 0 55
37 1 72
37 2 64
37 3 67
37 9 15
37 10 51
37 11 17
37 12 11
37 14 9
37 15 56
37 16 55
37 19 20
37 20 21
37 25 79
37 27 23
37 32 75
37 34 79
37 36 8
38 0 7
38 1 35
38 2 75
38 4 20
38 6 28
38 10 26
38 11 40
38 14 62
38 18 22
38 26 39
38 27 48
38 28 62
38 29 60
38 35 80
38 36 59
38 37 79
39 0 40
39 4 8
39 6 54
39 7 2
39 8 51
39 9 19
39 11 79
39 12 78
39 13 57
39 16 8
39 18 30
39 21 46
39 22 8
39 24 69
39 26 5
39 28 75
39 32 15
39 35 55
39 36 32
39 37 3
39 38 2
