30
1 0 66
2 0 34
2 1 18
3 0 6
3 1 60
3 2 74
4 0 22
4 1 13
4 2 52
4 3 12
5 0 76
5 1 29
5 2 40
5 3 10
5 4 67
6 0 16
6 1 44
6 2 77
6 3 43
6 4 63
6 5 68
7 0 57
7 1 35
7 2 59
7 3 14
7 4 18
7 5 73
7 6 1
8 0 24
8 1 50
8 2 34
8 3 16
8 4 40
8 5 73
8 6 59
8 7 20
9 0 12
9 1 78
9 2 37
9 3 36
9 4 15
9 5 60
9 6 40
9 7 21
9 8 63
10 0 42
10 1 74
10 2 35
10 3 25
10 4 49
10 5 65
10 6 21
10 7 49
10 8 58
10 9 49
11 0 4
11 1 9
11 2 69
11 3 27
11 4 19
11 5 19
11 6 60
11 7 41
11 8 44
11 9 20
11 10 63
12 0 63
12 1 18
12 2 33
12 3 17
12 4 53
12 5 21
12 6 6
12 7 4
12 8 42
12 9 2
12 10 16
12 11 64
13 0 12
13 1 73
13 2 23
13 3 20
13 4 27
13 5 62
13 6 68
13 7 41
13 8 21
13 9 14
13 10 58
13 11 35
13 12 61
14 0 80
14 1 1
14 2 77
14 3 49
14 4 62
14 5 38
14 6 68
14 7 43
14 8 49
14 9 42
14 10 16
14 11 44
14 12 76
14 13 13
15 0 34
15 1 57
15 2 20
15 3 51
15 4 50
15 5 46
15 6 34
15 7 44
15 8 55
15 9 66
15 10 50
15 11 62
15 12 32
15 13 74
15 14 54
16 0 20
16 1 33
16 2 56
16 3 22
16 4 56
16 5 76
16 6 15
16 7 63
16 8 66
16 9 43
16 10 28
16 11 17
16 12 26
16 13 2
16 14 15
16 15 45
17 0 1
17 1 75
17 2 44
17 3 1
17 4 63
17 5 59
17 6 60
17 7 18
17 8 22
17 9 40
17 10 36
17 11 70
17 12 22
17 13 22
17 14 67
17 15 29
17 16 37
18 0 77
18 1 65
18 2 3
18 3 2
18 4 44
18 5 48
18 6 42
18 7 73
18 8 3
18 9 33
18 10 10
18 11 15
18 12 34
18 13 54
18 14 80
18 15 43
18 16 35
18 17 4
19 0 80
19 1 65
19 2 7
19 3 36
19 4 19
19 5 33
19 6 7
19 7 44
19 8 39
19 9 48
19 10 63
19 11 50
19 12 40
19 13 27
19 14 13
19 15 46
19 16 35
19 17 76
19 18 68
20 0 56
20 1 12
20 2 75
20 3 42
20 4 32
20 5 74
20 6 53
20 7 80
20 8 64
20 9 11
20 10 52
20 11 63
20 12 26
20 13 53
20 14 73
20 15 78
20 16 23
20 17 11
20 18 25
20 19 69
21 0 22
21 1 36
21 2 3
21 3 41
21 4 71
21 5 70
21 6 53
21 7 14
21 8 77
21 9 2
21 10 31
21 11 34
21 12 43
21 13 13
21 14 28
21 15 17
21 16 7
21 17 69
21 18 10
21 19 26
21 20 55
22 0 1
22 1 76
22 2 76
22 3 25
22 4 30
22 5 7
22 6 22
22 7 33
22 8 45
22 9 36
22 10 35
22 11 20
22 12 79
22 13 38
22 14 4
22 15 75
22 16 5
22 17 58
22 18 26
22 19 2
22 20 63
22 21 64
23 0 36
23 1 79
23 2 48
23 3 41
23 4 49
23 5 6
23 6 75
23 7 37
23 8 9
23 9 37
23 10 78
23 11 27
23 12 15
23 13 34
23 14 46
23 15 56
23 16 40
23 17 9
23 18 19
23 19 80
23 20 58
23 21 16
23 22 57
24 0 15
24 1 22
24 2 33
24 3 39
24 4 79
24 5 28
24 6 53
24 7 35
24 8 71
24 9 68
24 10 33
24 11 15
24 12 29
24 13 49
24 14 33
24 15 8
24 16 55
24 17 32
24 18 73
24 19 67
24 20 57
24 21 17
24 22 13
24 23 78
25 0 16
25 1 3
25 2 39
25 3 13
25 4 45
25 5 11
25 6 52
25 7 58
25 8 29
25 9 33
25 10 72
25 11 50
25 12 54
25 13 39
25 14 14
25 15 34
25 16 20
25 17 37
25 18 28
25 19 38
25 20 3
25 21 53
25 22 20
25 23 34
25 24 50
26 0 51
26 1 12
26 2 3
26 3 48
26 4 27
26 5 63
26 6 51
26 7 59
26 8 18
26 9 12
26 10 59
26 11 59
26 12 57
26 13 43
26 14 66
26 15 68
26 16 18
26 17 53
26 18 15
26 19 42
26 20 52
26 21 78
26 22 20
26 23 1
26 24 19
26 25 11
27 0 80
27 1 45
27 2 76
27 3 40
27 4 18
27 5 45
27 6 75
27 7 19
27 8 65
27 9 65
27 10 50
27 11 3
27 12 16
27 13 68
27 14 48
27 15 66
27 16 74
27 17 72
27 18 25
27 19 72
27 20 53
27 21 64
27 22 13
27 23 21
27 24 15
27 25 29
27 26 47
28 0 18
28 1 38
28 2 43
28 3 24
28 4 43
28 5 35
28 6 41
28 7 42
28 8 39
28 9 20
28 10 71
28 11 12
28 12 69
28 13 23
28 14 10
28 15 5
28 16 54
28 17 1
28 18 9
28 19 79
28 20 2
28 21 34
28 22 57
28 23 58
28 24 43
28 25 67
28 26 23
28 27 42
29 0 15
29 1 15
29 2 64
29 3 6
29 4 40
29 5 79
29 6 1
29 7 16
29 8 38
29 9 63
29 10 51
29 11 38
29 12 50
29 13 64
29 14 64
29 15 5
29 16 1
29 17 58
29 18 72
29 19 57
29 20 19
29 21 20
29 22 61
29 23 54
29 24 57
29 25 63
29 26 73
29 27 69
29 28 51
