20
3 1 6
4 0 1
4 1 4
4 2 6
5 0 8
5 1 3
5 3 1
5 4 9
6 0 1
6 1 2
6 4 8
7 1 4
7 5 10
7 6 5
8 1 6
8 4 3
8 6 9
8 7 9
9 2 2
9 4 5
9 6 8
9 7 4
10 0 5
10 1 2
10 2 7
10 3 6
10 6 3
11 1 7
11 2 1
11 9 9
12 4 6
12 6 5
12 7 10
12 11 10
13 2 6
13 3 6
13 4 2
13 5 7
13 9 9
13 10 8
14 0 5
14 2 1
14 4 7
14 5 5
14 6 4
14 9 3
15 1 3
15 2 10
15 4 5
15 5 4
15 7 8
15 8 2
15 10 6
15 13 7
15 14 1
16 0 5
16 1 1
16 5 1
16 11 2
16 13 2
16 14 3
16 15 2
17 0 10
17 1 6
17 2 3
17 3 6
17 4 9
17 5 8
17 9 1
17 10 1
17 15 9
17 16 10
18 0 2
18 4 2
18 5 7
18 6 2
18 7 5
18 9 3
18 10 8
18 11 7
18 13 2
18 14 7
18 16 4
19 1 5
19 3 3
19 4 2
19 5 8
19 6 5
19 10 7
19 13 9
19 15 1
19 18 2
