30
1 0 2
2 0 1
3 0 7
3 1 10
3 2 2
4 0 7
4 1 5
4 2 7
4 3 6
5 0 10
5 1 5
5 3 3
5 4 7
6 0 1
6 1 10
6 2 8
6 3 10
6 4 2
6 5 6
7 0 8
7 1 4
7 2 9
7 4 1
7 6 9
8 0 8
8 1 5
8 2 4
8 3 3
8 4 6
8 5 3
8 6 2
8 7 4
9 0 4
9 2 1
9 3 1
9 4 2
9 5 10
9 6 4
9 8 8
10 0 5
10 1 6
10 2 10
10 3 7
10 4 6
10 5 2
10 6 7
10 7 3
10 8 10
10 9 1
11 0 2
11 1 2
11 2 5
11 3 7
11 4 8
11 5 7
11 6 8
11 7 4
11 8 8
11 9 9
12 0 5
12 1 5
12 2 4
12 3 10
12 4 2
12 5 7
12 6 2
12 7 3
12 8 5
12 9 8
12 10 2
12 11 1
13 0 8
13 1 7
13 2 6
13 3 9
13 4 10
13 5 10
13 6 4
13 7 4
13 8 4
13 9 6
13 11 5
13 12 4
14 0 10
14 1 3
14 2 8
14 3 10
14 4 7
14 5 5
14 6 10
14 7 3
14 8 6
14 9 6
14 10 10
14 11 6
14 13 10
15 0 8
15 1 1
15 2 7
15 3 6
15 4 10
15 6 1
15 8 7
15 9 3
15 10 3
15 11 2
15 12 7
15 13 1
15 14 6
16 1 7
16 2 5
16 3 5
16 4 6
16 5 6
16 6 10
16 7 5
16 8 1
16 9 1
16 10 6
16 11 2
16 12 8
16 13 8
16 14 2
16 15 9
17 0 3
17 1 8
17 2 1
17 3 8
17 4 4
17 5 2
17 6 3
17 7 6
17 8 5
17 9 2
17 10 1
17 11 1
17 12 6
17 13 4
17 14 5
17 15 2
17 16 4
18 0 1
18 1 1
18 2 2
18 4 7
18 5 6
18 6 5
18 8 9
18 9 10
18 10 5
18 11 2
18 12 8
18 13 5
18 14 7
18 16 5
18 17 4
19 0 10
19 1 7
19 2 4
19 3 9
19 4 2
19 5 1
19 6 10
19 7 6
19 8 10
19 9 4
19 10 5
19 11 1
19 12 7
19 13 7
19 14 5
19 15 2
19 16 2
19 17 10
19 18 4
20 0 7
20 1 3
20 2 9
20 3 5
20 5 3
20 6 4
20 7 3
20 8 9
20 10 3
20 11 3
20 12 4
20 13 6
20 14 2
20 15 3
20 16 8
20 17 3
20 19 7
21 0 10
21 1 3
21 2 10
21 3 6
21 4 4
21 6 1
21 7 5
21 8 6
21 9 9
21 10 5
21 11 1
21 12 6
21 13 1
21 14 8
21 15 9
21 16 7
21 17 9
21 19 2
21 20 6
22 0 1
22 1 8
22 2 9
22 3 1
22 4 9
22 5 5
22 6 5
22 7 10
22 9 8
22 10 3
22 11 1
22 12 5
22 13 5
22 14 7
22 15 9
22 16 1
22 17 8
22 18 10
22 19 8
22 20 6
22 21 5
23 0 1
23 1 3
23 2 6
23 3 10
23 4 9
23 5 3
23 7 1
23 8 4
23 9 3
23 10 2
23 11 6
23 13 9
23 14 9
23 16 3
23 17 10
23 18 8
23 20 10
24 0 7
24 1 1
24 2 1
24 3 1
24 4 6
24 5 10
24 6 5
24 7 1
24 8 8
24 9 6
24 10 3
24 11 9
24 12 1
24 14 9
24 16 6
24 17 10
24 18 10
24 19 9
24 20 9
24 21 8
24 22 1
24 23 1
25 0 2
25 1 8
25 2 10
25 3 1
25 4 6
25 5 1
25 6 10
25 7 5
25 8 6
25 9 4
25 10 10
25 12 3
25 13 4
25 14 3
25 15 5
25 16 4
25 17 7
25 18 10
25 19 5
25 20 8
25 21 3
25 23 1
25 24 8
26 0 7
26 1 5
26 2 5
26 3 5
26 4 7
26 5 10
26 7 2
26 8 8
26 9 2
26 10 9
26 11 10
26 12 7
26 14 3
26 15 4
26 16 6
26 17 5
26 18 9
26 19 1
26 20 2
26 21 10
26 22 9
26 23 1
26 24 6
26 25 2
27 1 2
27 2 2
27 3 7
27 4 10
27 5 8
27 6 4
27 7 2
27 8 3
27 9 4
27 10 3
27 11 1
27 12 10
27 13 5
27 14 3
27 15 8
27 17 4
27 18 7
27 19 5
27 20 3
27 21 9
27 22 1
27 23 7
27 24 4
27 25 4
27 26 2
28 0 4
28 1 6
28 2 9
28 3 2
28 4 3
28 5 1
28 6 3
28 7 3
28 8 6
28 9 9
28 11 4
28 12 4
28 13 4
28 14 2
28 15 10
28 16 3
28 17 3
28 18 7
28 19 2
28 22 6
28 24 6
28 25 1
28 26 6
28 27 2
29 0 4
29 1 2
29 2 6
29 3 3
29 4 2
29 5 7
29 6 9
29 7 8
29 8 2
29 9 2
29 10 6
29 11 2
29 12 9
29 14 6
29 15 5
29 16 7
29 17 4
29 18 6
29 19 3
29 20 3
29 21 7
29 22 1
29 23 9
29 24 6
29 25 9
29 26 6
29 27 1
29 28 7
