20
1 0 7
2 0 4
2 1 1
3 0 2
3 1 5
3 2 8
4 2 9
4 3 8
5 0 10
5 1 9
5 2 7
5 3 6
5 4 8
6 2 6
6 4 3
6 5 4
7 0 9
7 1 4
7 3 2
7 5 2
7 6 2
8 0 8
8 1 7
8 2 7
8 3 3
8 4 6
8 5 8
8 6 7
9 1 3
9 3 8
9 5 5
9 6 2
9 7 5
9 8 5
10 0 9
10 1 2
10 3 2
10 4 4
10 5 2
10 6 5
10 7 9
10 8 10
11 0 9
11 2 9
11 3 2
11 4 1
11 5 1
11 7 6
11 10 8
12 1 3
12 2 5
12 3 1
12 4 9
12 5 6
12 6 2
12 7 10
12 8 5
13 0 6
13 1 3
13 2 10
13 3 5
13 4 4
13 5 1
13 6 7
13 7 6
13 8 8
13 9 7
13 10 4
13 11 3
13 12 8
14 0 6
14 1 10
14 2 6
14 3 3
14 4 10
14 5 10
14 6 2
14 9 8
14 10 10
14 11 7
14 12 9
15 0 7
15 3 4
15 4 10
15 5 2
15 6 3
15 7 2
15 8 9
15 9 2
15 10 1
15 11 6
15 14 9
16 0 4
16 1 3
16 4 2
16 5 2
16 6 4
16 7 6
16 8 4
16 10 9
16 11 7
17 0 9
17 1 5
17 2 4
17 3 6
17 6 10
17 7 1
17 8 6
17 9 7
17 11 10
17 12 10
17 13 3
17 14 4
17 15 6
18 0 3
18 2 10
18 3 4
18 4 10
18 6 7
18 7 4
18 8 2
18 9 2
18 10 2
18 11 7
18 12 9
18 15 10
18 16 7
18 17 1
19 0 2
19 1 8
19 2 4
19 3 4
19 4 3
19 5 5
19 6 7
19 8 8
19 10 8
19 11 2
19 13 10
19 14 6
19 15 7
19 16 2
19 18 3
