30
1 0 10
2 0 1
3 0 5
3 1 3
3 2 2
4 0 9
4 2 9
4 3 10
5 1 6
5 2 9
5 3 8
6 0 1
6 1 1
6 2 5
6 3 3
6 5 2
7 0 1
7 1 7
7 2 2
7 5 3
7 6 2
8 0 6
8 1 7
8 2 1
8 3 2
8 4 4
8 5 8
8 7 9
9 0 5
9 2 7
9 3 10
9 4 9
9 5 8
9 6 1
9 7 1
10 0 5
10 1 4
10 2 6
10 3 3
10 4 7
10 5 6
10 7 9
10 9 2
11 1 6
11 2 5
11 3 8
11 4 3
11 5 7
11 6 9
11 9 10
11 10 5
12 0 8
12 2 6
12 3 6
12 5 1
12 7 10
12 9 9
12 10 10
12 11 10
13 0 10
13 1 7
13 2 8
13 3 2
13 5 2
13 6 7
13 8 5
13 11 1
13 12 8
14 0 5
14 1 8
14 2 2
14 3 9
14 4 10
14 7 10
14 9 4
14 10 7
14 11 4
14 13 2
15 0 5
15 1 5
15 3 4
15 4 6
15 5 10
15 6 8
15 7 9
15 8 3
15 9 8
15 10 3
15 11 10
15 12 4
15 14 5
16 0 10
16 1 3
16 2 6
16 3 3
16 4 7
16 5 10
16 6 8
16 10 10
16 11 6
16 12 5
16 13 1
16 14 4
16 15 1
17 0 4
17 1 8
17 3 8
17 4 6
17 5 3
17 6 1
17 7 7
17 8 7
17 9 5
17 10 10
17 12 3
17 13 10
17 14 10
17 15 10
17 16 7
18 0 3
18 1 5
18 2 5
18 3 10
18 4 2
18 5 1
18 6 7
18 7 5
18 8 10
18 9 6
18 10 7
18 11 4
18 12 8
18 13 1
18 15 7
18 16 10
18 17 7
19 1 4
19 2 8
19 3 1
19 5 5
19 6 3
19 7 8
19 8 7
19 9 7
19 10 5
19 11 6
19 12 9
19 13 9
19 14 1
19 15 1
19 16 8
19 17 1
19 18 8
20 0 6
20 1 8
20 2 7
20 4 6
20 5 10
20 6 3
20 7 1
20 8 4
20 9 5
20 10 2
20 11 9
20 13 7
20 14 7
20 15 10
20 16 1
20 18 3
20 19 8
21 1 4
21 2 2
21 3 3
21 4 3
21 5 1
21 6 8
21 7 3
21 9 5
21 10 4
21 11 8
21 13 1
21 14 5
21 15 2
21 16 7
21 17 2
21 18 4
21 19 6
21 20 10
22 0 10
22 1 9
22 2 6
22 3 9
22 4 6
22 5 1
22 6 1
22 7 8
22 8 2
22 9 5
22 10 2
22 11 5
22 12 1
22 13 4
22 15 9
22 16 10
22 17 6
22 18 4
22 19 9
22 21 4
23 0 7
23 1 8
23 2 4
23 3 6
23 4 3
23 5 1
23 6 6
23 7 3
23 8 1
23 9 7
23 10 9
23 12 3
23 13 8
23 14 7
23 18 7
23 19 4
23 20 7
23 21 6
23 22 4
24 0 5
24 1 9
24 4 4
24 5 1
24 6 10
24 7 2
24 8 6
24 10 2
24 12 2
24 13 5
24 14 2
24 15 2
24 16 5
24 17 2
24 18 6
24 20 8
24 21 10
24 22 7
24 23 7
25 0 3
25 1 8
25 2 10
25 3 3
25 5 8
25 6 3
25 7 8
25 8 8
25 10 4
25 11 7
25 12 5
25 14 8
25 15 7
25 16 8
25 18 7
25 19 3
25 20 1
25 21 10
25 23 7
25 24 5
26 0 10
26 1 6
26 4 1
26 5 4
26 6 2
26 8 3
26 9 3
26 10 3
26 11 4
26 12 5
26 13 3
26 14 2
26 15 4
26 18 10
26 19 2
26 21 2
26 23 9
26 24 4
27 0 9
27 1 9
27 2 7
27 3 10
27 4 5
27 5 9
27 6 6
27 9 3
27 10 9
27 11 5
27 12 9
27 13 9
27 15 1
27 16 1
27 17 8
27 19 4
27 20 9
27 21 8
27 22 7
27 24 8
27 25 8
27 26 4
28 2 9
28 3 5
28 4 10
28 5 9
28 6 3
28 7 1
28 8 10
28 9 4
28 10 5
28 11 1
28 12 8
28 13 8
28 14 2
28 17 9
28 18 3
28 19 1
28 21 7
28 22 9
28 23 10
28 24 5
28 26 8
28 27 3
29 0 6
29 1 9
29 2 5
29 3 1
29 6 4
29 8 9
29 9 3
29 10 2
29 11 3
29 12 2
29 15 7
29 16 6
29 18 7
29 19 2
29 20 7
29 21 10
29 22 9
29 23 8
29 24 8
29 25 10
29 26 6
