70
1 0 27
2 1 18
3 0 16
3 1 12
3 2 30
4 0 37
4 1 29
4 3 12
5 0 19
5 2 40
5 3 29
5 4 16
6 0 37
6 3 8
6 5 28
7 0 20
7 1 3
7 2 37
7 3 11
7 4 20
7 5 8
8 1 18
8 2 15
8 3 16
8 5 9
8 6 25
8 7 26
9 0 39
9 2 10
9 4 15
9 5 27
9 7 11
9 8 26
10 0 35
10 1 22
10 3 21
10 4 33
10 9 10
11 1 5
11 2 37
11 4 13
11 5 15
11 8 17
11 9 6
11 10 10
12 0 11
12 1 39
12 2 11
12 3 28
12 4 32
12 6 30
12 7 37
12 8 16
12 9 40
12 10 28
12 11 34
13 0 11
13 1 12
13 2 27
13 4 13
13 5 21
13 9 28
13 10 40
13 11 16
13 12 14
14 0 13
14 2 32
14 3 17
14 4 14
14 5 18
14 6 37
14 7 20
14 8 11
14 10 36
14 11 31
14 13 25
15 1 26
15 2 5
15 3 31
15 4 35
15 5 13
15 6 37
15 7 3
15 8 4
15 9 2
15 10 3
15 11 16
15 13 33
15 14 21
16 1 5
16 3 29
16 4 9
16 5 14
16 6 23
16 7 13
16 8 12
16 9 36
16 10 38
16 11 8
16 12 10
16 13 28
16 14 15
16 15 10
17 0 25
17 1 35
17 2 18
17 3 9
17 4 29
17 5 22
17 7 8
17 8 25
17 10 29
17 12 18
17 13 12
17 14 5
17 15 38
17 16 19
18 0 13
18 2 15
18 3 24
18 4 3
18 5 10
18 6 25
18 7 29
18 9 19
18 10 19
18 11 31
18 12 29
18 13 38
18 14 30
18 15 9
18 16 17
18 17 36
19 0 35
19 2 19
19 3 6
19 5 12
19 7 10
19 8 4
19 9 24
19 10 25
19 11 12
19 13 3
19 14 35
19 15 24
19 16 26
19 18 37
20 1 23
20 2 24
20 3 39
20 4 20
20 5 38
20 6 21
20 7 5
20 8 14
20 9 25
20 10 1
20 13 37
20 14 6
20 16 35
20 17 33
20 18 18
20 19 14
21 4 28
21 5 32
21 7 10
21 8 36
21 9 32
21 12 5
21 13 30
21 14 15
21 15 6
21 16 23
21 18 29
21 19 9
21 20 14
22 0 9
22 1 39
22 2 20
22 3 18
22 5 34
22 6 15
22 7 17
22 8 15
22 9 22
22 10 2
22 11 4
22 13 27
22 14 17
22 16 5
22 17 26
22 18 37
22 19 34
22 21 3
23 0 1
23 1 38
23 2 10
23 3 24
23 4 9
23 7 9
23 8 12
23 9 28
23 12 4
23 13 36
23 14 39
23 15 15
23 16 22
23 18 11
23 20 31
23 21 21
24 0 13
24 1 2
24 2 16
24 3 21
24 5 28
24 6 2
24 7 38
24 8 39
24 9 13
24 12 27
24 13 30
24 16 29
24 17 23
24 18 1
24 19 29
24 20 34
24 22 21
25 1 36
25 2 29
25 3 37
25 4 9
25 5 14
25 6 24
25 7 34
25 8 2
25 13 29
25 14 36
25 15 23
25 16 19
25 18 35
25 19 4
25 21 36
25 22 32
25 23 24
26 0 32
26 2 38
26 4 38
26 5 21
26 6 30
26 7 7
26 9 27
26 10 5
26 11 38
26 12 7
26 13 4
26 14 26
26 15 14
26 16 32
26 17 33
26 18 30
26 20 34
26 21 1
26 22 32
26 23 34
26 24 38
26 25 18
27 0 34
27 1 36
27 3 2
27 4 2
27 6 7
27 7 38
27 8 34
27 9 2
27 10 7
27 12 37
27 13 23
27 14 3
27 15 17
27 16 17
27 17 38
27 18 16
27 20 21
27 21 23
27 24 2
28 0 17
28 1 23
28 2 5
28 3 24
28 4 26
28 5 19
28 6 4
28 8 27
28 9 20
28 11 29
28 12 38
28 13 27
28 14 29
28 15 8
28 16 11
28 17 31
28 18 36
28 19 31
28 21 26
28 23 33
28 24 9
28 25 36
28 26 16
29 0 10
29 1 39
29 3 30
29 5 24
29 8 33
29 10 2
29 12 23
29 14 24
29 15 28
29 16 26
29 17 20
29 20 6
29 21 36
29 24 8
29 25 8
29 28 25
30 0 19
30 1 6
30 2 13
30 3 8
30 5 13
30 8 35
30 9 22
30 10 4
30 11 2
30 14 25
30 15 39
30 16 19
30 19 25
30 21 36
30 23 17
30 24 29
30 27 28
30 28 8
30 29 35
31 2 24
31 3 30
31 5 29
31 8 20
31 9 16
31 10 18
31 11 2
31 13 36
31 14 32
31 15 34
31 16 16
31 17 10
31 20 15
31 21 5
31 22 15
31 23 10
31 25 13
31 28 26
31 29 24
31 30 11
32 0 23
32 2 37
32 3 3
32 4 12
32 5 20
32 6 24
32 7 35
32 9 26
32 10 18
32 11 33
32 12 38
32 14 3
32 15 32
32 16 18
32 17 6
32 20 23
32 22 40
32 23 15
32 25 30
32 27 35
32 29 1
32 30 31
32 31 18
33 0 24
33 1 40
33 2 33
33 3 38
33 4 14
33 5 32
33 6 4
33 7 20
33 8 39
33 9 18
33 10 32
33 11 25
33 14 28
33 15 23
33 16 24
33 17 24
33 20 40
33 21 5
33 23 39
33 24 17
33 27 11
33 29 25
33 30 28
33 31 24
33 32 3
34 0 6
34 1 35
34 4 14
34 6 10
34 8 8
34 9 35
34 12 21
34 13 37
34 14 6
34 15 24
34 16 18
34 17 12
34 18 17
34 19 34
34 21 7
34 22 5
34 23 26
34 24 36
34 25 17
34 26 7
34 27 27
34 28 27
34 29 34
34 30 37
34 31 25
34 32 14
35 0 25
35 1 27
35 4 21
35 5 40
35 6 4
35 8 17
35 10 40
35 11 32
35 12 14
35 18 40
35 19 17
35 21 39
35 22 26
35 23 16
35 24 22
35 26 3
35 29 36
35 30 4
35 32 22
36 0 33
36 1 15
36 2 21
36 4 38
36 6 12
36 8 12
36 9 22
36 10 30
36 11 34
36 12 15
36 13 25
36 14 27
36 15 3
36 16 37
36 18 26
36 19 35
36 20 39
36 21 4
36 23 5
36 24 22
36 25 30
36 26 18
36 27 14
36 28 21
36 29 12
36 30 25
36 31 22
36 32 10
36 33 34
36 34 26
36 35 3
37 0 24
37 1 4
37 2 33
37 3 34
37 4 22
37 5 5
37 6 3
37 7 33
37 8 32
37 9 33
37 10 8
37 11 31
37 12 8
37 13 20
37 14 12
37 15 18
37 16 20
37 17 27
37 19 7
37 20 24
37 21 28
37 24 40
37 25 7
37 28 21
37 31 34
37 33 17
37 34 15
37 35 21
37 36 1
38 0 7
38 1 15
38 3 9
38 4 11
38 5 32
38 7 9
38 9 25
38 10 33
38 11 4
38 12 36
38 13 21
38 15 35
38 17 29
38 20 29
38 23 12
38 24 9
38 25 15
38 26 28
38 27 29
38 29 35
38 30 14
38 32 39
38 33 31
38 34 15
38 35 10
38 36 26
38 37 23
39 1 27
39 2 32
39 4 38
39 6 12
39 7 30
39 8 11
39 11 22
39 12 33
39 13 27
39 15 7
39 17 35
39 19 3
39 20 23
39 21 18
39 22 37
39 23 7
39 24 15
39 25 11
39 26 16
39 27 12
39 29 29
39 31 23
39 32 5
39 33 26
39 34 35
39 35 24
40 1 26
40 2 2
40 3 40
40 4 24
40 8 40
40 9 14
40 11 30
40 12 29
40 14 33
40 15 40
40 17 9
40 18 8
40 19 12
40 20 16
40 22 33
40 23 19
40 24 1
40 26 36
40 29 34
40 30 18
40 33 30
40 34 22
40 35 26
40 38 3
40 39 20
41 0 19
41 1 7
41 3 26
41 5 23
41 6 13
41 7 19
41 9 26
41 11 40
41 12 24
41 15 10
41 16 15
41 17 10
41 18 25
41 19 3
41 21 22
41 22 20
41 23 3
41 24 23
41 25 37
41 26 19
41 27 40
41 30 31
41 32 32
41 33 23
41 36 7
41 37 16
41 38 2
41 39 21
41 40 31
42 0 24
42 1 38
42 2 17
42 3 38
42 4 19
42 8 24
42 11 24
42 12 35
42 13 11
42 14 25
42 16 15
42 17 16
42 20 20
42 22 35
42 23 39
42 26 15
42 27 2
42 29 20
42 32 11
42 35 30
42 37 20
42 40 10
42 41 25
43 0 22
43 1 24
43 2 34
43 5 9
43 7 40
43 8 7
43 10 40
43 11 34
43 12 33
43 13 37
43 14 32
43 15 8
43 16 12
43 17 2
43 18 29
43 19 14
43 21 19
43 22 19
43 23 18
43 24 17
43 25 28
43 28 3
43 29 26
43 30 18
43 32 21
43 33 24
43 34 26
43 36 27
43 37 5
43 38 13
43 41 30
43 42 15
44 0 23
44 4 30
44 5 19
44 8 2
44 9 10
44 10 7
44 12 13
44 16 24
44 18 19
44 20 10
44 21 23
44 22 12
44 23 23
44 25 10
44 26 12
44 27 19
44 28 7
44 32 38
44 33 8
44 34 30
44 36 5
44 37 14
44 38 16
44 39 15
44 40 34
44 41 13
45 0 14
45 1 5
45 2 23
45 3 24
45 6 31
45 8 14
45 10 13
45 11 2
45 12 33
45 14 23
45 15 32
45 16 38
45 17 11
45 18 19
45 19 8
45 22 8
45 23 27
45 24 3
45 25 30
45 27 34
45 28 18
45 30 14
45 31 21
45 32 37
45 33 3
45 34 8
45 35 9
45 37 14
45 38 14
45 39 32
45 40 40
45 41 31
45 42 30
46 0 6
46 1 3
46 2 33
46 3 33
46 5 8
46 6 26
46 7 10
46 9 1
46 10 9
46 11 3
46 13 5
46 15 20
46 16 6
46 17 5
46 18 16
46 19 26
46 22 31
46 23 12
46 24 13
46 26 26
46 27 1
46 28 35
46 29 21
46 32 28
46 33 20
46 34 26
46 35 24
46 37 21
46 38 1
46 41 16
46 42 28
46 43 10
46 44 31
47 1 29
47 3 26
47 5 7
47 6 20
47 7 23
47 8 8
47 9 23
47 10 15
47 11 26
47 12 12
47 14 20
47 15 22
47 17 21
47 18 6
47 21 22
47 22 35
47 23 38
47 25 34
47 27 5
47 28 5
47 30 8
47 34 9
47 35 9
47 37 16
47 38 30
47 39 28
47 42 28
47 44 22
47 45 39
47 46 30
48 0 23
48 1 18
48 3 35
48 4 19
48 5 26
48 6 21
48 7 21
48 8 37
48 10 24
48 11 36
48 12 7
48 15 27
48 17 12
48 18 29
48 19 5
48 20 29
48 22 38
48 23 6
48 24 38
48 25 28
48 26 30
48 28 2
48 30 40
48 31 35
48 32 22
48 33 11
48 34 10
48 36 34
48 38 26
48 39 23
48 40 3
48 41 30
48 42 32
48 43 18
48 44 11
48 45 34
49 0 36
49 1 10
49 2 1
49 3 12
49 4 37
49 5 17
49 7 13
49 8 14
49 10 21
49 11 34
49 12 14
49 13 15
49 15 34
49 17 9
49 18 36
49 20 25
49 21 4
49 22 38
49 26 14
49 27 37
49 29 16
49 30 34
49 31 17
49 34 17
49 37 9
49 39 21
49 40 21
49 42 25
49 43 21
49 44 24
49 46 8
49 47 13
49 48 24
50 3 18
50 4 17
50 6 12
50 7 6
50 9 36
50 10 20
50 11 14
50 12 21
50 14 4
50 19 6
50 20 2
50 21 27
50 22 38
50 23 26
50 24 23
50 26 27
50 27 11
50 31 30
50 33 21
50 34 3
50 35 16
50 36 39
50 37 21
50 38 7
50 40 32
50 42 11
50 43 28
50 44 23
50 45 35
50 46 21
50 48 39
50 49 33
51 0 40
51 1 23
51 2 39
51 6 32
51 7 3
51 8 22
51 9 24
51 10 39
51 11 32
51 14 22
51 15 25
51 16 9
51 18 39
51 22 9
51 25 36
51 26 11
51 27 9
51 28 20
51 29 28
51 30 33
51 31 12
51 32 23
51 34 40
51 35 5
51 36 17
51 39 24
51 40 3
51 41 18
51 42 36
51 44 21
51 45 12
51 46 6
51 47 9
51 48 39
51 49 10
51 50 24
52 0 39
52 1 38
52 2 34
52 4 22
52 5 35
52 7 40
52 8 31
52 10 29
52 11 30
52 12 8
52 13 7
52 15 9
52 16 31
52 17 12
52 19 7
52 20 30
52 21 24
52 22 39
52 24 16
52 25 10
52 27 30
52 29 5
52 30 9
52 31 40
52 32 32
52 33 39
52 35 12
52 36 21
52 37 5
52 40 34
52 42 16
52 43 21
52 44 29
52 45 9
52 46 18
52 47 15
52 51 1
53 1 24
53 2 11
53 5 27
53 6 34
53 7 35
53 8 25
53 10 20
53 11 14
53 12 18
53 13 23
53 14 15
53 15 17
53 19 38
53 22 3
53 25 34
53 27 25
53 28 28
53 30 10
53 31 20
53 32 14
53 33 27
53 34 27
53 35 37
53 36 40
53 39 36
53 40 1
53 43 32
53 44 27
53 45 7
53 47 5
53 49 13
53 50 20
53 51 25
54 1 30
54 2 12
54 3 6
54 4 6
54 5 34
54 7 10
54 8 12
54 9 2
54 10 14
54 11 1
54 12 24
54 15 1
54 16 38
54 19 4
54 20 3
54 21 9
54 22 35
54 24 38
54 25 15
54 26 9
54 27 6
54 28 37
54 29 14
54 33 34
54 35 29
54 36 37
54 37 24
54 38 37
54 39 18
54 40 10
54 41 31
54 42 31
54 44 34
54 45 17
54 46 7
54 47 40
54 49 23
54 50 10
54 51 35
55 0 28
55 1 39
55 2 2
55 3 23
55 7 32
55 8 36
55 9 16
55 10 36
55 11 35
55 12 32
55 13 32
55 14 37
55 16 9
55 17 7
55 18 21
55 20 40
55 21 17
55 22 25
55 23 17
55 24 6
55 25 34
55 26 14
55 27 19
55 28 38
55 33 22
55 34 28
55 35 8
55 36 7
55 37 40
55 38 29
55 39 27
55 40 4
55 42 28
55 43 18
55 44 8
55 46 31
55 48 11
55 50 30
55 51 27
55 52 25
55 53 26
55 54 18
56 1 16
56 2 7
56 3 38
56 6 17
56 7 18
56 8 24
56 10 9
56 11 1
56 12 37
56 15 38
56 18 28
56 19 30
56 22 21
56 23 22
56 24 38
56 25 38
56 27 27
56 28 32
56 30 30
56 31 21
56 32 20
56 33 34
56 35 31
56 37 28
56 38 26
56 40 5
56 41 21
56 44 33
56 45 31
56 47 14
56 48 24
56 49 19
56 50 36
56 51 14
56 54 18
56 55 6
57 3 13
57 4 22
57 5 4
57 8 13
57 9 21
57 10 9
57 11 19
57 13 32
57 14 21
57 15 9
57 16 13
57 22 37
57 25 10
57 27 11
57 31 2
57 32 20
57 33 30
57 34 37
57 36 1
57 37 20
57 38 5
57 40 38
57 42 3
57 43 27
57 44 10
57 46 22
57 47 3
57 48 13
57 50 2
57 51 21
57 53 32
57 54 38
57 55 33
57 56 33
58 0 13
58 1 27
58 3 18
58 4 34
58 6 2
58 7 16
58 8 15
58 9 17
58 10 31
58 11 29
58 12 22
58 13 13
58 15 2
58 16 1
58 17 40
58 18 14
58 19 10
58 20 26
58 22 19
58 23 21
58 24 7
58 27 6
58 30 28
58 31 38
58 32 22
58 33 8
58 34 21
58 35 25
58 36 38
58 37 20
58 38 1
58 39 20
58 40 24
58 41 40
58 43 14
58 45 17
58 46 1
58 47 14
58 49 13
58 52 35
58 53 9
58 54 34
58 56 24
59 1 32
59 2 37
59 3 30
59 5 31
59 7 32
59 8 33
59 9 17
59 10 36
59 11 10
59 15 21
59 16 9
59 17 37
59 18 6
59 19 37
59 20 21
59 21 6
59 23 28
59 24 4
59 25 18
59 26 17
59 27 16
59 29 15
59 31 34
59 37 24
59 38 31
59 39 20
59 40 2
59 44 25
59 46 11
59 47 7
59 48 35
59 50 35
59 51 13
59 52 3
59 53 2
59 54 19
59 57 22
60 4 17
60 6 1
60 8 28
60 10 38
60 11 7
60 13 8
60 17 15
60 18 26
60 19 22
60 20 11
60 21 24
60 23 21
60 24 27
60 25 23
60 26 8
60 28 10
60 29 13
60 30 39
60 32 30
60 33 3
60 34 16
60 35 3
60 36 23
60 39 36
60 41 30
60 42 30
60 45 25
60 46 16
60 47 33
60 48 35
60 49 26
60 51 32
60 53 13
60 54 9
60 55 23
60 56 12
60 59 24
61 0 1
61 2 10
61 3 4
61 4 10
61 5 16
61 7 14
61 8 17
61 11 35
61 13 6
61 15 12
61 18 11
61 21 19
61 23 24
61 24 4
61 26 26
61 27 2
61 28 27
61 29 39
61 30 24
61 31 14
61 32 32
61 33 18
61 34 5
61 35 24
61 36 13
61 38 22
61 40 24
61 41 11
61 42 23
61 43 13
61 44 36
61 45 37
61 47 3
61 49 4
61 50 28
61 51 8
61 52 34
61 53 10
61 55 15
61 58 36
61 59 18
61 60 27
62 2 16
62 4 37
62 7 28
62 8 22
62 9 1
62 10 1
62 11 11
62 15 33
62 17 9
62 18 19
62 19 17
62 20 36
62 21 30
62 23 34
62 24 3
62 25 22
62 27 39
62 28 24
62 29 9
62 30 23
62 32 22
62 33 10
62 35 20
62 37 33
62 40 11
62 41 5
62 43 10
62 44 24
62 46 6
62 47 28
62 48 32
62 49 18
62 50 10
62 52 2
62 53 17
62 56 35
62 57 11
62 59 12
62 60 32
62 61 32
63 0 1
63 2 38
63 3 12
63 4 30
63 5 1
63 6 27
63 7 36
63 8 39
63 9 6
63 10 3
63 11 20
63 12 6
63 13 29
63 14 3
63 15 19
63 17 31
63 18 20
63 19 31
63 20 23
63 21 12
63 22 14
63 23 4
63 25 12
63 26 38
63 27 5
63 29 16
63 32 34
63 33 11
63 34 30
63 35 38
63 36 19
63 37 5
63 39 7
63 40 30
63 41 40
63 42 12
63 44 31
63 45 8
63 46 12
63 47 6
63 49 34
63 50 16
63 51 20
63 52 40
63 54 40
63 55 10
63 56 20
63 57 38
63 58 7
63 59 8
63 60 2
63 61 16
64 0 36
64 1 2
64 3 31
64 4 25
64 5 4
64 7 27
64 8 24
64 10 8
64 11 13
64 12 23
64 15 40
64 16 28
64 17 11
64 18 25
64 20 13
64 22 11
64 24 38
64 25 28
64 26 35
64 28 14
64 29 35
64 31 20
64 32 24
64 34 15
64 37 13
64 39 34
64 40 18
64 41 34
64 44 1
64 45 10
64 46 39
64 48 8
64 49 25
64 50 36
64 53 38
64 54 35
64 55 14
64 57 36
64 58 35
64 59 37
64 60 3
64 61 37
64 62 8
64 63 15
65 0 20
65 3 8
65 4 1
65 6 25
65 7 37
65 10 20
65 12 11
65 14 5
65 15 19
65 17 22
65 18 38
65 19 17
65 21 35
65 22 36
65 23 11
65 25 37
65 27 14
65 28 5
65 29 38
65 31 1
65 32 39
65 33 35
65 34 28
65 36 1
65 37 2
65 38 16
65 39 25
65 40 12
65 42 33
65 43 34
65 45 24
65 46 39
65 47 6
65 48 18
65 49 7
65 50 27
65 51 20
65 52 38
65 53 16
65 54 22
65 57 26
65 58 12
65 59 4
65 60 10
65 61 33
65 63 2
66 1 28
66 3 3
66 5 1
66 6 40
66 7 19
66 9 14
66 10 7
66 11 36
66 13 38
66 15 38
66 16 3
66 17 40
66 18 7
66 19 18
66 22 8
66 23 7
66 25 39
66 27 14
66 28 23
66 30 12
66 31 25
66 33 6
66 34 17
66 35 16
66 36 8
66 39 7
66 40 23
66 43 26
66 45 27
66 47 38
66 48 20
66 50 30
66 53 8
66 54 30
66 55 23
66 56 28
66 57 4
66 58 40
66 61 36
66 62 11
66 65 35
67 0 23
67 1 20
67 2 11
67 3 19
67 5 13
67 6 32
67 8 30
67 9 14
67 10 2
67 11 6
67 12 23
67 13 25
67 16 13
67 17 16
67 18 15
67 19 23
67 22 6
67 23 21
67 24 11
67 25 26
67 27 25
67 28 15
67 30 39
67 31 16
67 32 30
67 34 28
67 35 18
67 37 24
67 39 31
67 40 33
67 41 27
67 43 23
67 46 21
67 47 36
67 48 24
67 49 3
67 50 3
67 51 8
67 52 23
67 54 7
67 55 11
67 56 13
67 57 30
67 58 20
67 59 27
67 62 12
67 63 14
67 64 36
67 66 24
68 1 21
68 2 25
68 5 8
68 6 25
68 7 28
68 8 29
68 9 12
68 10 32
68 11 23
68 16 7
68 17 3
68 18 35
68 19 40
68 20 21
68 21 2
68 22 27
68 23 2
68 24 19
68 25 4
68 26 5
68 27 14
68 28 24
68 29 10
68 30 2
68 31 6
68 32 5
68 33 17
68 34 24
68 35 8
68 37 34
68 38 30
68 39 23
68 41 31
68 47 25
68 50 33
68 52 6
68 53 31
68 55 39
68 56 36
68 57 21
68 59 37
68 61 13
68 62 39
68 63 35
68 64 35
68 65 27
68 66 6
69 2 39
69 3 20
69 6 11
69 7 15
69 8 39
69 11 16
69 16 32
69 19 40
69 20 20
69 21 6
69 22 25
69 24 27
69 26 36
69 27 18
69 28 36
69 29 30
69 30 14
69 31 28
69 32 11
69 34 40
69 35 40
69 37 21
69 38 21
69 39 38
69 40 15
69 41 36
69 42 26
69 43 19
69 44 26
69 45 34
69 46 8
69 47 15
69 49 23
69 50 12
69 52 15
69 53 21
69 54 13
69 55 4
69 56 11
69 57 33
69 58 22
69 59 2
69 60 31
69 61 14
69 62 19
69 63 11
69 64 15
69 65 31
69 66 1
69 67 16
69 68 3
