70
2 0 294
2 1 238
3 0 200
3 1 271
4 0 9
4 2 285
4 3 239
5 0 116
5 1 181
5 3 233
5 4 80
6 1 202
6 2 284
6 4 33
7 0 268
7 2 115
7 3 286
7 4 77
7 5 294
8 0 244
8 1 225
8 2 57
8 4 160
8 5 244
8 6 172
8 7 259
9 0 244
9 1 309
9 2 147
9 3 12
9 4 50
9 6 216
9 7 168
9 8 126
10 0 77
10 1 35
10 2 51
10 9 106
11 0 191
11 1 318
11 2 268
11 4 280
11 7 164
11 10 303
12 0 113
12 1 314
12 3 278
12 4 29
12 5 219
12 6 267
12 7 84
12 8 48
12 9 4
12 10 291
12 11 294
13 0 73
13 1 2
13 2 175
13 4 116
13 5 103
13 6 119
13 7 206
13 8 29
13 9 298
13 10 42
13 11 316
13 12 18
14 0 288
14 1 161
14 2 211
14 4 319
14 5 223
14 6 185
14 8 131
14 9 196
14 10 133
14 11 69
14 12 301
14 13 201
15 0 320
15 1 278
15 2 264
15 3 273
15 6 223
15 9 68
15 10 79
15 11 169
15 12 143
15 14 294
16 0 216
16 1 283
16 2 131
16 3 159
16 4 24
16 5 309
16 7 236
16 8 250
16 9 253
16 10 73
16 11 209
16 12 114
16 13 163
16 15 78
17 0 301
17 1 193
17 2 113
17 4 188
17 5 278
17 6 165
17 7 302
17 10 242
17 11 120
17 12 158
17 13 256
17 14 236
17 15 271
17 16 314
18 1 175
18 2 168
18 3 157
18 4 305
18 5 299
18 6 169
18 7 55
18 8 168
18 9 127
18 15 211
19 0 80
19 1 305
19 2 28
19 3 135
19 5 26
19 7 288
19 8 291
19 9 294
19 10 14
19 11 92
19 12 307
19 13 254
19 14 92
19 15 272
19 16 234
19 18 313
20 0 176
20 1 103
20 2 213
20 3 318
20 4 91
20 6 190
20 7 69
20 8 163
20 9 182
20 10 120
20 11 113
20 12 201
20 14 117
20 15 251
20 17 68
20 18 207
20 19 54
21 0 46
21 1 21
21 2 154
21 3 125
21 4 124
21 5 289
21 6 47
21 7 180
21 8 97
21 9 194
21 10 305
21 11 278
21 12 32
21 13 239
21 15 180
21 16 99
21 17 278
21 18 145
21 19 139
21 20 153
22 0 133
22 1 203
22 2 106
22 4 88
22 5 33
22 6 127
22 8 226
22 9 276
22 10 272
22 11 218
22 12 78
22 13 192
22 14 34
22 15 268
22 16 21
22 17 231
22 18 53
22 19 11
22 20 215
22 21 271
23 0 84
23 1 143
23 3 158
23 4 116
23 5 160
23 6 281
23 7 247
23 8 97
23 9 96
23 10 3
23 11 166
23 12 66
23 13 290
23 14 61
23 15 283
23 18 303
23 19 192
23 21 253
23 22 77
24 0 250
24 1 259
24 4 289
24 5 184
24 6 258
24 8 319
24 9 104
24 10 173
24 11 122
24 12 37
24 13 265
24 14 181
24 15 260
24 16 161
24 17 153
24 19 131
24 20 52
24 21 90
24 22 178
25 0 300
25 1 225
25 2 103
25 4 284
25 5 137
25 6 224
25 7 73
25 9 57
25 10 199
25 11 303
25 12 155
25 13 186
25 14 68
25 15 256
25 16 301
25 17 294
25 18 235
25 19 123
25 21 104
25 22 313
25 24 129
26 0 260
26 1 55
26 3 289
26 4 83
26 5 147
26 6 92
26 7 168
26 8 11
26 9 195
26 10 311
26 11 258
26 12 12
26 14 16
26 15 102
26 16 309
26 17 293
26 19 211
26 22 106
26 23 200
26 24 112
27 0 46
27 1 168
27 2 216
27 3 180
27 4 250
27 5 263
27 7 91
27 8 81
27 10 285
27 11 39
27 12 82
27 13 14
27 14 229
27 15 162
27 16 256
27 17 245
27 18 138
27 19 139
27 20 48
27 21 257
27 23 165
27 24 5
27 25 97
28 0 10
28 1 111
28 2 316
28 3 124
28 4 108
28 5 260
28 7 141
28 8 11
28 10 271
28 12 183
28 14 80
28 15 154
28 16 139
28 17 201
28 18 250
28 19 259
28 20 187
28 21 8
28 22 25
28 24 319
28 25 148
28 26 41
28 27 283
29 0 79
29 1 308
29 2 222
29 4 295
29 5 317
29 6 299
29 7 185
29 9 209
29 11 145
29 12 108
29 13 142
29 14 283
29 15 89
29 16 31
29 17 51
29 18 155
29 19 261
29 20 76
29 21 271
29 22 150
29 24 138
29 27 297
29 28 49
30 0 275
30 3 248
30 4 193
30 5 250
30 8 190
30 9 188
30 10 298
30 12 274
30 14 52
30 15 304
30 16 125
30 17 99
30 19 317
30 21 29
30 24 53
30 26 48
30 28 279
30 29 129
31 0 78
31 1 225
31 2 82
31 3 194
31 4 30
31 6 276
31 7 208
31 8 187
31 9 170
31 11 44
31 12 290
31 13 205
31 14 55
31 15 65
31 16 74
31 17 73
31 18 103
31 20 154
31 21 66
31 22 304
31 23 42
31 26 108
31 27 24
31 28 319
31 29 84
31 30 213
32 0 201
32 1 262
32 2 62
32 3 230
32 5 272
32 6 87
32 7 154
32 8 279
32 9 17
32 11 205
32 13 97
32 15 41
32 16 176
32 17 262
32 18 138
32 20 150
32 21 40
32 25 16
32 26 125
32 28 159
32 30 64
32 31 17
33 2 156
33 3 21
33 4 194
33 5 130
33 6 115
33 10 268
33 11 18
33 12 97
33 13 151
33 14 40
33 15 319
33 16 81
33 17 108
33 18 62
33 20 93
33 21 126
33 22 25
33 23 129
33 24 147
33 25 169
33 28 55
33 29 72
33 31 116
34 0 59
34 2 153
34 3 163
34 5 185
34 6 189
34 7 298
34 9 54
34 10 214
34 11 29
34 12 144
34 13 37
34 14 130
34 15 44
34 16 99
34 17 80
34 18 299
34 19 186
34 20 142
34 21 111
34 23 89
34 24 224
34 25 285
34 28 160
34 29 144
34 30 134
34 32 98
34 33 226
35 0 223
35 1 180
35 3 84
35 4 247
35 6 229
35 7 286
35 8 60
35 9 29
35 10 248
35 12 10
35 13 277
35 14 30
35 15 262
35 16 287
35 17 58
35 18 13
35 19 293
35 21 18
35 22 25
35 23 274
35 24 53
35 25 32
35 26 69
35 27 171
35 28 102
35 29 180
35 30 159
35 31 121
35 32 289
35 33 140
35 34 175
36 0 299
36 1 109
36 2 244
36 3 250
36 4 223
36 5 273
36 7 56
36 8 121
36 9 147
36 10 239
36 11 175
36 12 128
36 13 93
36 14 47
36 15 60
36 17 3
36 18 268
36 19 60
36 20 274
36 21 176
36 22 245
36 23 245
36 24 10
36 25 225
36 26 240
36 27 96
36 30 295
36 31 239
36 32 140
36 34 123
36 35 196
37 1 274
37 2 110
37 3 76
37 4 119
37 5 223
37 6 126
37 7 57
37 8 320
37 9 54
37 10 74
37 11 234
37 12 76
37 13 289
37 14 227
37 15 317
37 16 211
37 17 281
37 18 97
37 19 152
37 20 291
37 23 150
37 24 224
37 26 179
37 28 33
37 29 94
37 30 284
37 31 69
37 32 192
37 34 65
37 35 135
38 0 316
38 1 151
38 2 219
38 3 266
38 4 42
38 5 64
38 6 229
38 7 122
38 8 2
38 9 225
38 10 140
38 11 194
38 12 159
38 13 308
38 14 261
38 16 269
38 17 52
38 19 212
38 20 89
38 21 173
38 22 208
38 23 54
38 25 237
38 26 184
38 28 170
38 29 94
38 30 236
38 31 159
38 32 216
38 33 265
38 34 73
38 36 62
38 37 150
39 0 277
39 1 51
39 2 146
39 3 91
39 4 317
39 6 30
39 7 57
39 8 290
39 9 124
39 12 40
39 13 311
39 14 78
39 15 273
39 16 175
39 19 249
39 20 109
39 21 56
39 24 296
39 25 130
39 26 141
39 28 213
39 29 282
39 30 116
39 31 173
39 32 139
39 34 303
39 35 105
39 37 155
39 38 28
40 3 88
40 4 254
40 5 155
40 6 128
40 7 177
40 8 49
40 9 237
40 10 31
40 11 101
40 12 300
40 13 237
40 14 305
40 18 62
40 19 106
40 20 154
40 21 246
40 22 26
40 23 12
40 24 93
40 26 309
40 27 179
40 28 304
40 30 305
40 31 304
40 32 40
40 33 22
40 35 225
40 36 238
40 37 310
40 38 305
40 39 233
41 0 273
41 1 70
41 2 184
41 3 173
41 4 113
41 6 33
41 9 292
41 10 74
41 11 158
41 12 301
41 14 266
41 15 127
41 16 39
41 17 58
41 19 160
41 20 3
41 23 228
41 24 148
41 26 254
41 27 95
41 28 123
41 29 30
41 31 178
41 32 103
41 34 92
41 35 219
41 36 162
41 37 146
41 38 102
41 39 61
41 40 219
42 1 32
42 3 85
42 5 249
42 6 140
42 7 123
42 8 100
42 10 210
42 11 188
42 12 207
42 13 248
42 14 260
42 15 96
42 17 274
42 18 117
42 19 209
42 21 186
42 22 140
42 24 170
42 25 216
42 26 303
42 27 8
42 28 24
42 29 260
42 30 28
42 31 32
42 32 194
42 33 163
42 34 56
42 35 177
42 36 271
42 38 210
42 39 63
43 0 201
43 1 319
43 2 209
43 3 30
43 5 10
43 7 43
43 8 99
43 9 95
43 10 258
43 11 262
43 12 283
43 13 107
43 14 13
43 15 30
43 17 96
43 20 308
43 21 306
43 22 84
43 23 76
43 24 294
43 26 92
43 27 140
43 28 145
43 29 30
43 30 128
43 31 173
43 32 46
43 33 302
43 34 282
43 36 83
43 37 124
43 38 299
43 40 89
43 41 317
43 42 316
44 0 229
44 1 312
44 2 248
44 3 278
44 5 121
44 6 168
44 7 106
44 8 316
44 12 302
44 14 45
44 15 290
44 16 210
44 17 5
44 18 190
44 19 288
44 20 278
44 21 293
44 22 153
44 23 255
44 25 135
44 26 229
44 27 243
44 28 294
44 31 103
44 33 287
44 34 202
44 37 301
44 38 263
44 40 94
44 41 139
44 42 309
44 43 181
45 0 38
45 1 70
45 2 52
45 3 24
45 4 171
45 5 287
45 6 181
45 7 36
45 8 108
45 9 64
45 10 82
45 11 58
45 12 95
45 13 154
45 14 217
45 15 61
45 16 238
45 17 136
45 18 133
45 19 31
45 20 148
45 21 310
45 22 72
45 23 41
45 24 28
45 25 174
45 26 74
45 28 60
45 29 86
45 30 51
45 31 197
45 32 190
45 34 274
45 35 68
45 36 100
45 37 13
45 38 207
45 39 236
45 40 59
45 41 239
45 43 315
45 44 153
46 0 10
46 1 317
46 2 146
46 3 1
46 4 281
46 8 25
46 9 258
46 10 30
46 11 81
46 12 121
46 13 79
46 14 72
46 15 111
46 16 290
46 17 2
46 18 91
46 19 64
46 20 140
46 21 40
46 22 232
46 23 54
46 24 313
46 26 155
46 27 33
46 28 78
46 29 273
46 30 230
46 31 88
46 32 4
46 33 131
46 34 78
46 35 286
46 36 232
46 37 69
46 38 78
46 39 220
46 40 204
46 41 225
46 43 132
46 44 196
46 45 180
47 0 179
47 1 68
47 2 213
47 3 140
47 4 304
47 5 239
47 7 86
47 9 17
47 10 245
47 11 35
47 12 145
47 13 244
47 14 219
47 16 298
47 18 306
47 19 75
47 20 6
47 21 101
47 23 275
47 24 58
47 25 295
47 26 198
47 27 2
47 28 11
47 29 309
47 30 296
47 31 315
47 32 86
47 33 279
47 34 284
47 35 277
47 36 163
47 37 299
47 38 264
47 40 178
47 43 316
47 44 96
47 45 46
47 46 36
48 1 69
48 2 45
48 3 24
48 4 285
48 5 119
48 6 40
48 7 89
48 12 289
48 13 194
48 14 165
48 15 128
48 16 52
48 17 168
48 18 107
48 20 100
48 22 304
48 23 258
48 24 76
48 25 139
48 26 42
48 27 87
48 28 145
48 29 72
48 30 278
48 32 266
48 33 199
48 34 179
48 35 159
48 36 251
48 37 21
48 38 31
48 39 49
48 40 179
48 41 236
48 42 252
48 43 78
48 44 126
48 45 231
48 46 47
48 47 260
49 0 150
49 1 206
49 3 272
49 4 152
49 5 160
49 6 201
49 7 32
49 8 206
49 9 95
49 10 36
49 11 135
49 12 14
49 14 57
49 15 208
49 16 80
49 17 153
49 19 131
49 20 215
49 22 185
49 23 113
49 25 273
49 26 295
49 27 283
49 29 157
49 30 1
49 31 13
49 33 26
49 34 189
49 37 98
49 39 105
49 42 234
49 43 69
49 44 244
49 45 60
49 46 319
49 47 312
50 2 56
50 3 226
50 4 241
50 5 4
50 6 36
50 7 160
50 8 87
50 10 173
50 11 251
50 12 9
50 13 132
50 14 223
50 16 308
50 17 313
50 18 159
50 19 10
50 26 277
50 28 281
50 29 178
50 31 215
50 32 193
50 34 202
50 35 267
50 36 283
50 37 90
50 38 46
50 39 308
50 43 131
50 45 219
50 48 137
51 0 163
51 2 248
51 3 47
51 4 113
51 5 97
51 6 216
51 7 280
51 8 232
51 9 32
51 10 216
51 12 3
51 13 284
51 14 222
51 15 155
51 16 96
51 17 146
51 18 261
51 19 139
51 20 245
51 21 320
51 22 182
51 23 130
51 25 105
51 27 79
51 29 284
51 30 47
51 31 132
51 32 119
51 33 285
51 34 106
51 35 300
51 36 168
51 37 167
51 38 208
51 39 144
51 40 32
51 41 218
51 42 40
51 43 276
51 44 175
51 48 201
51 49 320
51 50 191
52 0 46
52 2 223
52 3 175
52 4 152
52 6 266
52 7 99
52 8 59
52 9 293
52 11 184
52 12 193
52 14 127
52 15 182
52 16 305
52 17 156
52 18 265
52 20 134
52 22 43
52 23 3
52 25 297
52 26 240
52 27 235
52 28 320
52 29 235
52 30 23
52 33 35
52 34 122
52 35 225
52 36 12
52 38 285
52 40 120
52 41 14
52 42 160
52 43 78
52 44 183
52 46 202
52 47 170
52 48 35
52 49 265
52 50 248
52 51 134
53 0 195
53 1 203
53 3 199
53 5 129
53 6 120
53 7 212
53 8 17
53 9 240
53 10 188
53 11 1
53 12 110
53 13 280
53 14 166
53 15 2
53 16 69
53 17 302
53 19 148
53 20 285
53 21 280
53 22 75
53 23 154
53 24 253
53 25 5
53 26 287
53 27 245
53 29 297
53 30 118
53 31 108
53 32 148
53 34 35
53 35 279
53 36 112
53 37 17
53 39 70
53 41 41
53 42 243
53 43 13
53 44 79
53 45 216
53 47 207
53 48 209
53 49 143
53 50 180
53 51 281
53 52 100
54 0 128
54 1 237
54 2 260
54 3 309
54 4 48
54 5 234
54 6 201
54 8 170
54 9 35
54 10 251
54 11 59
54 12 61
54 13 80
54 14 131
54 15 95
54 16 264
54 19 170
54 20 110
54 21 307
54 22 299
54 24 101
54 25 12
54 26 123
54 27 263
54 29 203
54 30 240
54 31 81
54 32 127
54 33 204
54 35 275
54 36 127
54 38 191
54 39 143
54 40 52
54 41 218
54 43 183
54 44 74
54 45 262
54 46 29
54 48 154
54 49 244
54 50 29
54 51 110
54 52 92
54 53 112
55 0 67
55 2 215
55 3 203
55 4 197
55 5 70
55 6 272
55 9 7
55 10 275
55 11 295
55 12 198
55 13 52
55 14 295
55 15 277
55 17 216
55 21 282
55 23 114
55 24 320
55 27 183
55 28 21
55 29 132
55 30 148
55 31 208
55 33 148
55 34 252
55 35 205
55 36 158
55 37 295
55 39 173
55 40 78
55 41 299
55 42 178
55 44 217
55 45 144
55 46 201
55 49 73
55 51 139
55 52 200
55 53 75
55 54 278
56 0 122
56 1 30
56 2 196
56 3 41
56 4 44
56 6 46
56 7 7
56 8 149
56 9 65
56 13 109
56 14 72
56 15 134
56 16 54
56 18 134
56 19 300
56 20 271
56 22 173
56 23 148
56 25 136
56 26 176
56 27 216
56 28 316
56 30 105
56 31 190
56 32 239
56 33 132
56 35 46
56 36 242
56 37 177
56 39 64
56 41 50
56 42 198
56 43 71
56 44 13
56 45 73
56 46 280
56 47 54
56 49 182
56 50 242
56 51 289
56 52 296
56 53 241
56 54 90
56 55 242
57 0 146
57 1 142
57 3 282
57 4 314
57 5 53
57 6 156
57 7 117
57 8 92
57 9 272
57 10 269
57 12 303
57 13 260
57 14 159
57 15 139
57 17 164
57 18 219
57 20 112
57 21 206
57 22 99
57 23 208
57 24 11
57 25 166
57 28 196
57 29 252
57 30 4
57 31 104
57 32 246
57 33 165
57 34 55
57 35 283
57 36 13
57 37 105
57 39 318
57 40 177
57 42 189
57 43 45
57 44 2
57 45 276
57 47 60
57 49 285
57 50 71
57 51 38
57 52 64
57 53 201
57 55 290
57 56 115
58 1 165
58 2 32
58 5 272
58 6 318
58 7 301
58 8 27
58 10 104
58 11 254
58 12 8
58 13 222
58 14 211
58 15 97
58 16 71
58 17 4
58 18 95
58 19 231
58 20 118
58 21 279
58 22 92
58 23 253
58 24 175
58 25 200
58 28 195
58 29 245
58 34 127
58 35 167
58 36 20
58 37 310
58 39 35
58 40 44
58 41 151
58 42 21
58 43 31
58 44 172
58 45 259
58 47 45
58 49 187
58 50 93
58 53 274
58 54 94
58 56 92
58 57 103
59 0 202
59 1 32
59 3 32
59 4 281
59 5 60
59 6 197
59 7 45
59 8 318
59 9 280
59 10 6
59 11 61
59 12 48
59 13 169
59 14 103
59 15 128
59 16 265
59 17 76
59 18 316
59 19 260
59 20 200
59 22 104
59 24 78
59 25 173
59 27 191
59 29 190
59 31 294
59 32 177
59 33 27
59 34 97
59 35 52
59 36 277
59 37 75
59 38 279
59 39 107
59 40 51
59 41 251
59 42 18
59 43 163
59 44 236
59 46 4
59 47 157
59 48 265
59 49 206
59 50 289
59 51 144
59 52 247
59 55 256
59 56 307
59 57 162
59 58 164
60 0 272
60 1 47
60 2 266
60 3 5
60 4 47
60 5 36
60 7 7
60 8 221
60 9 178
60 10 65
60 13 292
60 16 267
60 17 126
60 18 234
60 20 60
60 21 233
60 22 92
60 25 57
60 26 147
60 27 153
60 28 175
60 29 33
60 30 7
60 32 222
60 35 316
60 36 189
60 38 34
60 39 308
60 40 5
60 41 185
60 42 93
60 43 53
60 45 60
60 46 41
60 47 189
60 48 37
60 51 114
60 52 307
60 53 262
60 54 310
60 55 34
60 56 317
60 58 164
60 59 35
61 2 80
61 3 181
61 5 48
61 6 273
61 7 30
61 8 176
61 9 23
61 11 234
61 12 213
61 13 194
61 14 303
61 15 33
61 16 31
61 17 148
61 18 112
61 21 267
61 23 198
61 24 57
61 25 181
61 26 25
61 27 247
61 28 81
61 31 270
61 32 174
61 33 13
61 37 253
61 40 280
61 41 113
61 42 61
61 43 251
61 45 202
61 46 315
61 47 307
61 48 113
61 49 271
61 51 84
61 52 247
61 54 181
61 55 219
61 56 290
61 57 179
61 58 214
61 59 58
62 0 50
62 1 92
62 2 101
62 3 181
62 4 284
62 6 33
62 7 37
62 8 100
62 9 247
62 10 140
62 11 214
62 13 284
62 15 302
62 16 13
62 17 186
62 19 229
62 20 121
62 21 130
62 22 41
62 23 99
62 27 83
62 29 112
62 32 105
62 33 307
62 34 126
62 35 155
62 36 30
62 37 176
62 38 45
62 39 111
62 41 92
62 42 81
62 44 179
62 45 108
62 46 167
62 48 144
62 51 235
62 53 199
62 54 146
62 55 274
62 56 216
62 57 110
62 58 260
62 60 24
62 61 78
63 0 97
63 3 308
63 4 104
63 6 287
63 7 135
63 8 266
63 9 137
63 10 96
63 11 79
63 12 1
63 13 198
63 14 153
63 15 180
63 16 287
63 18 257
63 19 276
63 20 7
63 21 37
63 22 175
63 23 196
63 24 217
63 25 9
63 27 28
63 29 100
63 30 304
63 31 209
63 32 97
63 33 38
63 34 88
63 37 109
63 38 90
63 39 72
63 40 240
63 41 303
63 43 23
63 44 198
63 45 123
63 47 274
63 48 144
63 49 305
63 50 288
63 51 49
63 52 218
63 53 264
63 55 52
63 56 41
63 57 233
63 58 296
63 61 216
63 62 14
64 0 266
64 2 139
64 3 240
64 5 129
64 6 69
64 7 24
64 8 295
64 9 29
64 10 247
64 11 193
64 13 137
64 14 283
64 15 46
64 16 46
64 17 240
64 19 302
64 20 55
64 21 96
64 22 39
64 23 112
64 24 61
64 25 163
64 26 206
64 27 253
64 28 251
64 29 160
64 30 176
64 31 128
64 32 238
64 34 163
64 35 124
64 36 37
64 37 145
64 39 213
64 40 147
64 41 69
64 42 89
64 43 39
64 44 174
64 46 112
64 47 226
64 48 7
64 49 212
64 50 143
64 51 72
64 52 134
64 54 298
64 55 50
64 57 120
64 59 320
64 63 43
65 0 198
65 1 30
65 2 267
65 3 261
65 4 96
65 5 78
65 6 315
65 7 178
65 9 81
65 10 133
65 11 181
65 12 215
65 13 6
65 15 96
65 16 224
65 17 236
65 18 124
65 19 137
65 20 51
65 22 311
65 24 282
65 25 187
65 28 48
65 29 306
65 31 242
65 32 212
65 33 305
65 34 58
65 35 210
65 36 79
65 37 95
65 38 196
65 39 296
65 40 73
65 41 139
65 42 33
65 43 82
65 44 264
65 45 21
65 46 205
65 47 65
65 48 253
65 49 89
65 50 192
65 51 121
65 52 108
65 53 257
65 54 156
65 55 44
65 56 156
65 57 208
65 58 103
65 59 264
65 61 57
65 62 65
65 63 237
66 0 164
66 2 300
66 3 107
66 4 306
66 6 144
66 8 314
66 9 209
66 10 96
66 11 41
66 12 163
66 13 255
66 14 218
66 15 149
66 16 88
66 17 53
66 18 221
66 19 193
66 20 108
66 22 133
66 23 120
66 24 77
66 25 75
66 26 8
66 27 277
66 28 219
66 29 292
66 30 106
66 32 286
66 33 110
66 34 107
66 37 289
66 38 107
66 39 241
66 40 10
66 41 1
66 42 223
66 43 133
66 44 247
66 45 265
66 46 252
66 47 298
66 48 240
66 49 284
66 50 292
66 51 306
66 53 99
66 54 83
66 55 175
66 57 275
66 58 245
66 60 97
66 62 88
66 63 7
66 65 71
67 0 191
67 1 75
67 2 89
67 4 6
67 5 64
67 6 290
67 7 23
67 8 203
67 9 189
67 10 212
67 11 266
67 13 242
67 15 137
67 16 320
67 17 227
67 18 305
67 19 289
67 20 224
67 21 89
67 22 200
67 24 98
67 26 6
67 27 304
67 29 153
67 31 50
67 32 65
67 33 206
67 34 11
67 35 230
67 36 247
67 37 115
67 38 170
67 39 103
67 40 221
67 41 86
67 43 225
67 47 165
67 48 111
67 49 253
67 50 274
67 51 120
67 52 159
67 53 122
67 54 205
67 55 245
67 56 78
67 59 65
67 60 195
67 61 268
67 62 241
67 63 51
67 64 156
67 65 117
67 66 20
68 0 317
68 1 86
68 2 69
68 3 24
68 4 34
68 5 221
68 6 317
68 7 46
68 9 123
68 10 30
68 11 63
68 13 222
68 14 279
68 15 248
68 16 229
68 17 206
68 18 308
68 20 66
68 22 44
68 23 314
68 24 281
68 25 318
68 26 221
68 27 188
68 28 264
68 29 317
68 30 262
68 31 281
68 32 141
68 34 6
68 35 271
68 36 172
68 38 206
68 39 213
68 42 299
68 43 194
68 45 160
68 46 5
68 48 259
68 49 95
68 54 305
68 55 271
68 57 102
68 58 208
68 59 299
68 60 109
68 61 299
68 62 39
68 64 159
68 65 115
68 66 167
68 67 239
69 0 250
69 1 165
69 2 307
69 3 32
69 4 292
69 5 228
69 7 22
69 8 274
69 10 42
69 11 246
69 13 206
69 14 174
69 15 88
69 18 153
69 19 21
69 20 229
69 21 122
69 24 253
69 25 38
69 26 281
69 28 199
69 29 211
69 30 104
69 31 268
69 32 203
69 33 165
69 35 55
69 36 158
69 37 48
69 38 308
69 41 4
69 42 290
69 43 189
69 44 86
69 45 261
69 46 16
69 47 313
69 48 293
69 49 254
69 50 156
69 51 185
69 53 91
69 54 7
69 55 277
69 56 8
69 57 301
69 58 144
69 60 315
69 61 191
69 63 320
69 64 246
69 65 112
69 68 125
