60
1 0 129
3 1 144
4 1 165
5 4 216
6 2 250
6 4 252
7 6 241
8 2 252
8 3 113
9 1 163
9 3 106
9 5 26
9 6 156
10 4 318
12 1 191
12 4 78
13 6 124
14 1 30
14 5 300
15 4 90
15 6 28
17 1 237
17 11 198
18 0 91
18 5 287
18 10 52
19 1 142
19 2 247
19 8 14
19 18 4
20 4 181
20 15 124
20 17 106
21 5 104
21 7 250
21 18 248
21 20 184
22 7 49
22 9 257
23 3 134
23 7 312
23 11 62
23 22 38
24 5 78
24 7 261
24 11 124
25 10 191
25 13 219
25 19 201
25 24 119
26 0 52
26 2 3
26 8 23
26 17 228
27 5 180
27 13 68
27 15 7
27 17 92
27 22 184
27 26 166
28 1 18
28 10 313
28 13 176
28 15 201
28 16 219
28 17 297
28 22 63
29 3 70
29 7 189
29 9 136
29 17 49
29 22 43
29 28 114
30 7 51
30 15 14
30 23 298
30 25 306
30 27 159
31 19 210
31 22 191
31 25 132
32 2 54
32 24 113
32 25 151
32 26 170
32 31 85
33 0 223
33 3 180
33 8 136
33 10 214
33 12 63
33 14 262
33 21 271
34 0 101
34 2 118
34 5 229
34 8 271
34 10 44
34 15 156
34 17 246
34 20 42
34 21 81
34 29 102
35 2 234
35 7 266
35 10 212
35 17 269
35 20 206
35 21 148
35 22 58
35 28 153
35 29 274
36 0 15
36 4 125
36 12 308
36 13 287
36 17 317
36 22 314
36 23 104
36 26 295
36 27 53
36 31 14
36 32 49
36 35 290
37 1 155
37 2 279
37 4 117
37 7 43
37 11 223
37 12 73
37 15 37
37 16 3
37 18 17
37 22 215
37 27 95
37 28 296
38 1 316
38 4 213
38 6 134
38 13 51
38 14 164
38 17 288
38 25 6
38 26 218
38 29 319
38 36 158
39 2 95
39 5 5
39 6 312
39 7 142
39 8 198
39 11 37
39 13 26
39 18 232
39 19 4
39 28 54
39 31 287
39 35 121
40 2 169
40 6 124
40 9 256
40 16 45
40 17 139
41 2 69
41 13 152
41 15 76
41 16 300
41 23 215
41 26 135
41 35 217
41 39 135
42 1 229
42 4 25
42 6 170
42 8 100
42 27 310
42 31 300
42 32 307
42 35 135
42 37 116
42 41 3
43 6 16
43 8 184
43 11 59
43 12 154
43 13 107
43 23 215
43 34 69
43 37 161
43 41 165
44 7 11
44 15 24
44 17 261
44 20 169
44 22 243
44 25 209
44 33 109
44 38 132
44 41 211
44 43 153
45 0 151
45 4 102
45 6 279
45 10 302
45 13 235
45 14 160
45 15 215
45 17 181
45 22 176
45 25 135
45 29 247
45 37 141
45 39 138
45 42 191
46 3 184
46 4 285
46 15 169
46 26 139
46 27 309
46 32 90
46 33 90
46 34 224
46 35 136
46 44 214
47 4 169
47 11 95
47 19 29
47 22 218
47 25 146
47 27 45
47 31 258
47 41 174
47 44 231
48 7 275
48 18 197
48 21 151
48 29 247
48 31 122
48 36 49
48 42 76
49 2 155
49 3 145
49 6 170
49 11 316
49 22 206
49 25 130
49 26 76
49 34 291
49 39 128
49 43 15
49 46 131
49 48 291
50 1 4
50 4 159
50 13 102
50 26 215
50 31 82
50 32 303
50 49 218
51 3 78
51 4 97
51 11 6
51 12 64
51 13 255
51 14 94
51 17 179
51 23 209
51 25 175
51 29 246
51 39 69
51 44 316
51 45 49
52 0 36
52 1 107
52 2 232
52 4 95
52 11 295
52 13 231
52 14 203
52 20 196
52 26 76
52 44 75
53 1 209
53 4 22
53 8 17
53 12 34
53 15 4
53 16 312
53 20 227
53 22 291
53 30 269
53 32 23
53 36 189
53 41 239
53 44 300
53 49 202
54 10 318
54 19 111
54 21 183
54 24 246
54 26 237
54 29 52
54 31 252
54 40 222
54 41 179
54 48 31
54 50 86
55 1 320
55 2 129
55 6 72
55 22 75
55 26 154
55 40 315
55 46 204
55 50 300
55 53 32
56 1 130
56 10 102
56 14 2
56 16 112
56 17 52
56 24 36
56 27 246
56 31 270
56 38 161
56 43 120
56 52 43
56 54 318
56 55 91
57 0 274
57 4 173
57 5 39
57 6 204
57 13 285
57 21 277
57 27 58
57 29 101
57 30 302
57 31 97
57 36 175
57 37 52
57 43 147
57 49 218
57 51 262
57 52 244
58 1 198
58 4 287
58 15 201
58 22 94
58 24 301
58 27 4
58 30 222
58 35 56
58 37 247
58 38 238
58 39 33
58 52 17
58 56 147
59 9 236
59 22 246
59 23 260
59 25 264
59 33 83
59 39 136
59 40 284
59 46 33
59 49 82
59 50 32
59 52 304
59 54 70
59 57 102
