60
6 0 12
6 4 64
8 6 27
9 1 15
10 2 16
11 3 41
11 5 43
11 9 16
12 8 8
13 3 59
13 10 53
14 1 3
14 4 60
15 11 59
16 4 54
16 6 62
17 1 70
17 15 36
18 9 31
19 16 79
20 1 35
20 2 21
20 10 13
21 15 27
22 0 38
22 12 50
23 14 71
23 17 46
23 20 73
24 7 60
24 18 33
25 2 67
25 3 13
25 4 63
25 14 77
26 2 21
26 4 78
26 10 36
27 4 74
27 5 15
27 22 39
28 1 73
28 3 3
28 26 33
29 2 75
29 17 30
29 19 22
29 25 52
30 1 80
30 15 61
30 27 19
31 3 53
31 4 52
31 10 67
31 13 72
32 6 75
32 10 21
32 12 43
32 30 33
33 11 71
33 13 56
33 15 27
33 20 61
33 22 59
33 23 23
33 31 4
34 6 48
34 8 53
34 12 29
34 16 62
34 30 1
35 14 22
35 24 10
35 32 50
35 34 29
36 16 54
36 23 24
36 25 1
36 34 35
36 35 77
37 19 34
37 21 9
37 25 9
38 5 57
38 30 11
39 27 34
39 33 8
40 8 2
40 9 10
40 14 65
40 33 70
41 8 24
41 9 71
41 16 44
41 24 43
41 31 62
42 11 32
42 38 70
43 21 72
43 29 20
43 31 14
43 32 56
44 23 1
45 1 45
45 20 22
45 21 16
45 29 26
45 37 30
46 0 12
46 1 77
46 9 79
46 16 32
46 34 61
47 2 15
47 18 23
47 21 70
47 34 73
47 37 29
48 4 73
48 27 71
48 30 51
48 35 29
49 5 4
49 15 9
49 20 47
49 26 48
49 39 68
49 44 12
50 4 49
50 8 13
50 14 35
50 29 10
50 30 52
50 34 29
50 42 68
51 2 61
51 14 51
51 20 62
51 31 69
51 42 63
52 20 23
52 23 30
53 0 44
53 10 20
53 14 62
53 15 55
53 16 55
53 18 68
53 36 40
54 0 78
54 2 51
54 3 77
54 17 45
54 21 53
54 31 11
54 45 78
55 7 36
55 10 24
55 12 45
55 14 67
55 23 4
55 44 65
55 50 59
56 25 73
56 30 2
56 40 65
56 42 69
57 9 72
57 10 48
57 13 62
57 16 50
57 28 62
57 29 45
57 47 28
57 51 33
58 6 71
58 21 77
59 7 54
59 36 45
59 42 19
59 47 28
59 54 77
