30
1 0 36
2 0 150
2 1 110
3 0 51
3 1 67
3 2 57
4 0 130
4 2 142
4 3 149
5 0 77
5 2 70
5 3 136
5 4 63
6 1 37
6 2 112
6 3 22
6 4 131
7 0 56
7 1 28
7 2 73
7 3 7
7 4 87
7 5 70
7 6 140
8 0 154
8 1 123
8 2 37
8 5 148
8 6 60
8 7 138
9 0 95
9 1 80
9 3 64
9 4 137
9 6 64
9 7 120
9 8 10
10 1 16
10 2 145
10 3 58
10 4 111
10 5 1
10 6 100
10 7 41
10 8 48
11 0 93
11 1 144
11 2 100
11 3 99
11 4 77
11 5 78
11 6 59
11 7 22
11 8 119
11 9 16
11 10 114
12 1 131
12 2 134
12 3 135
12 4 80
12 5 127
12 6 10
12 7 153
12 8 151
12 9 154
12 11 28
13 0 5
13 1 19
13 2 69
13 3 153
13 5 147
13 6 97
13 11 82
13 12 100
14 0 86
14 1 155
14 3 142
14 4 136
14 5 26
14 6 5
14 7 105
14 8 9
14 9 60
14 10 157
14 12 47
14 13 156
15 0 22
15 1 103
15 2 81
15 3 84
15 4 122
15 5 44
15 6 12
15 7 159
15 8 37
15 9 63
15 10 21
15 11 42
15 12 121
15 14 120
16 0 5
16 1 151
16 2 153
16 3 150
16 4 97
16 5 104
16 6 88
16 7 13
16 8 97
16 9 68
16 11 53
16 12 72
16 13 106
16 14 129
16 15 135
17 0 136
17 3 152
17 4 141
17 5 18
17 6 79
17 7 16
17 8 157
17 9 90
17 10 122
17 11 118
17 12 66
17 13 44
17 15 44
17 16 81
18 1 24
18 2 88
18 3 73
18 5 70
18 6 57
18 7 111
18 8 45
18 9 104
18 10 111
18 11 105
18 12 3
18 14 17
18 17 154
19 0 62
19 2 35
19 3 74
19 4 131
19 5 84
19 7 70
19 8 9
19 9 17
19 10 28
19 11 130
19 12 17
19 14 82
19 15 92
19 16 97
19 17 88
20 0 100
20 1 60
20 3 132
20 4 74
20 5 3
20 6 107
20 7 14
20 8 51
20 9 105
20 11 140
20 12 133
20 13 7
20 15 38
20 16 104
20 17 54
20 18 19
20 19 8
21 0 93
21 1 160
21 3 81
21 5 53
21 6 7
21 7 43
21 9 111
21 10 53
21 11 50
21 12 120
21 13 45
21 14 154
21 15 70
21 17 38
21 18 92
21 20 69
22 0 3
22 2 147
22 3 122
22 4 135
22 5 6
22 6 61
22 7 36
22 8 77
22 9 141
22 10 77
22 11 11
22 12 160
22 13 125
22 14 81
22 17 21
22 19 102
22 20 157
22 21 102
23 0 111
23 1 155
23 2 84
23 3 115
23 4 128
23 5 49
23 6 100
23 7 1
23 9 142
23 10 8
23 11 75
23 12 29
23 14 118
23 17 81
23 18 160
23 19 7
23 20 143
23 21 97
23 22 135
24 0 157
24 1 85
24 2 99
24 3 133
24 4 71
24 5 88
24 6 126
24 7 59
24 8 104
24 9 32
24 10 98
24 12 27
24 13 48
24 14 5
24 16 47
24 17 14
24 18 18
24 19 135
24 20 36
24 21 4
24 22 149
25 0 19
25 1 37
25 2 99
25 3 47
25 4 12
25 5 84
25 7 34
25 8 79
25 9 6
25 12 101
25 13 126
25 14 7
25 16 92
25 17 159
25 19 68
25 20 134
25 22 145
25 23 139
25 24 124
26 0 151
26 1 69
26 2 23
26 3 132
26 4 38
26 5 49
26 6 2
26 8 92
26 9 75
26 10 104
26 11 142
26 12 30
26 13 95
26 14 93
26 15 143
26 16 150
26 17 130
26 18 160
26 20 99
26 22 2
26 24 14
26 25 130
27 0 9
27 1 23
27 2 87
27 4 150
27 5 155
27 8 157
27 9 58
27 11 141
27 12 75
27 13 68
27 14 46
27 15 62
27 16 52
27 18 5
27 19 53
27 21 17
27 22 62
27 23 154
27 24 56
27 25 104
28 0 135
28 3 29
28 4 96
28 5 90
28 6 27
28 7 32
28 8 52
28 9 133
28 10 94
28 11 30
28 12 82
28 13 148
28 14 96
28 15 35
28 19 118
28 20 146
28 22 26
28 23 41
28 24 71
28 25 77
28 27 128
29 0 2
29 2 154
29 3 47
29 4 94
29 7 16
29 8 88
29 9 36
29 10 155
29 11 81
29 12 66
29 13 159
29 14 87
29 15 140
29 16 140
29 17 84
29 18 159
29 19 125
29 20 123
29 21 149
29 23 92
29 24 107
29 25 13
29 26 48
29 27 111
