30
3 2 5
5 0 9
5 3 3
6 4 6
6 5 6
7 2 8
7 3 7
7 4 1
7 6 6
8 0 3
8 6 1
9 6 8
9 8 4
10 4 5
10 5 3
10 9 8
11 4 2
11 5 9
11 8 9
11 9 2
11 10 2
12 1 5
12 8 5
13 3 7
13 4 1
13 6 9
13 8 8
13 9 7
13 10 9
13 12 4
14 1 1
14 3 10
14 5 9
14 7 7
14 9 8
14 10 2
14 11 6
15 1 10
15 2 8
15 4 3
15 5 9
15 6 1
15 10 6
15 11 5
15 14 9
16 2 3
16 4 7
16 5 3
16 8 8
16 9 1
16 10 4
16 13 10
16 14 6
17 3 9
17 9 9
17 10 4
17 12 2
17 13 8
17 14 5
17 16 5
18 1 8
18 2 3
18 3 1
18 6 1
18 8 6
18 9 9
18 16 4
19 0 8
19 1 1
19 3 5
19 4 5
19 6 3
19 7 3
19 8 10
19 12 8
19 13 4
19 17 4
20 0 4
20 1 3
20 2 5
20 8 1
20 10 6
20 13 1
20 14 1
20 18 6
21 0 9
21 3 1
21 8 7
21 10 10
21 11 7
21 12 4
21 13 10
21 14 6
21 15 8
21 16 8
22 0 6
22 3 6
22 5 10
22 8 3
22 10 1
22 12 9
22 17 1
22 19 8
22 20 6
22 21 6
23 3 2
23 9 1
23 10 6
23 12 6
23 14 10
23 16 1
23 21 6
24 1 2
24 3 8
24 4 6
24 5 10
24 6 1
24 7 2
24 8 5
24 9 2
24 11 7
24 13 8
24 15 4
24 18 2
24 19 8
25 2 1
25 3 10
25 5 5
25 6 9
25 8 8
25 11 5
25 20 2
26 1 1
26 9 6
26 10 1
26 11 7
26 16 3
26 17 1
26 19 7
26 21 7
26 22 6
27 0 7
27 1 5
27 3 4
27 4 7
27 7 1
27 10 4
27 11 3
27 12 9
27 14 4
27 15 10
27 18 2
27 20 6
27 21 6
28 1 5
28 9 4
28 11 1
28 15 8
28 16 4
28 18 8
28 21 3
28 22 5
28 25 4
28 26 1
28 27 9
29 1 5
29 4 9
29 7 5
29 12 4
29 13 3
29 15 7
29 16 10
29 22 2
29 25 4
29 26 10
