20
1 0 108
2 0 76
2 1 35
3 2 68
4 0 110
4 1 53
4 2 151
5 1 148
5 2 131
6 0 20
6 1 151
6 2 20
6 4 40
7 1 24
7 2 12
7 4 8
7 6 52
8 0 156
8 1 138
8 3 29
8 4 60
8 5 58
8 6 52
8 7 127
9 0 80
9 1 48
9 2 9
9 3 124
9 6 33
9 7 30
9 8 127
10 1 57
10 2 58
10 3 126
10 4 36
10 5 14
10 6 149
10 7 7
10 8 147
11 0 72
11 1 19
11 2 142
11 3 9
11 4 119
11 5 155
11 7 102
11 8 88
11 9 158
11 10 104
12 0 154
12 2 115
12 3 128
12 4 24
12 6 110
12 7 78
12 8 60
12 10 20
12 11 24
13 1 17
13 2 128
13 4 134
13 5 62
13 7 76
13 8 129
13 10 113
13 11 152
13 12 77
14 3 112
14 5 159
14 6 27
14 7 42
14 8 154
14 9 156
14 11 111
14 12 109
14 13 21
15 0 46
15 1 108
15 2 100
15 3 49
15 4 44
15 5 123
15 6 72
15 8 79
15 9 65
15 10 54
15 11 87
15 12 82
15 13 34
15 14 22
16 2 20
16 3 57
16 4 69
16 5 154
16 6 71
16 7 36
16 8 72
16 9 97
16 10 86
16 12 75
16 13 99
16 15 156
17 0 95
17 1 113
17 2 93
17 5 159
17 9 136
17 10 24
17 11 11
17 16 23
18 0 99
18 2 29
18 3 157
18 5 17
18 7 3
18 8 119
18 9 6
18 10 102
18 12 31
18 13 90
18 14 130
18 15 63
19 0 54
19 1 35
19 2 119
19 3 88
19 5 32
19 6 116
19 7 7
19 8 160
19 9 77
19 10 93
19 11 13
19 12 1
19 16 19
19 18 64
