70
1 0 46
2 0 4
2 1 136
3 0 79
3 1 77
3 2 51
4 0 68
4 1 35
4 2 127
4 3 42
5 0 65
5 1 55
5 2 27
5 3 31
5 4 23
6 0 100
6 1 143
6 2 64
6 3 90
6 4 10
6 5 114
7 0 155
7 1 17
7 2 17
7 3 124
7 4 67
7 5 125
7 6 18
8 0 136
8 1 126
8 2 63
8 3 50
8 4 57
8 5 20
8 6 28
8 7 143
9 0 35
9 1 102
9 2 56
9 3 5
9 4 95
9 5 142
9 6 67
9 7 157
9 8 150
10 0 130
10 1 18
10 2 75
10 3 160
10 4 71
10 5 71
10 6 17
10 7 110
10 8 105
10 9 25
11 0 79
11 1 146
11 2 38
11 3 87
11 4 42
11 5 127
11 6 24
11 7 85
11 8 43
11 9 156
11 10 131
12 0 53
12 1 85
12 2 123
12 3 118
12 4 32
12 5 134
12 6 68
12 7 126
12 8 7
12 9 160
12 10 139
12 11 2
13 0 149
13 1 20
13 2 84
13 3 128
13 4 115
13 5 79
13 6 24
13 7 106
13 8 62
13 9 138
13 10 132
13 11 17
13 12 122
14 0 52
14 1 74
14 2 39
14 3 123
14 4 150
14 5 91
14 6 26
14 7 54
14 8 136
14 9 158
14 10 37
14 11 97
14 12 107
14 13 151
15 0 124
15 1 20
15 2 22
15 3 114
15 4 143
15 5 19
15 6 85
15 7 76
15 8 48
15 9 159
15 10 46
15 11 72
15 12 72
15 13 121
15 14 120
16 0 34
16 1 63
16 2 152
16 3 4
16 4 129
16 5 6
16 6 44
16 7 64
16 8 22
16 9 132
16 10 5
16 11 134
16 12 103
16 13 156
16 14 1
16 15 56
17 0 50
17 1 131
17 2 83
17 3 66
17 4 84
17 5 134
17 6 107
17 7 111
17 8 42
17 9 76
17 10 5
17 11 107
17 12 108
17 13 130
17 14 54
17 15 9
17 16 17
18 0 112
18 1 151
18 2 158
18 3 147
18 4 140
18 5 2
18 6 64
18 7 146
18 8 37
18 9 122
18 10 22
18 11 11
18 12 40
18 13 47
18 14 105
18 15 132
18 16 31
18 17 116
19 0 55
19 1 56
19 2 110
19 3 109
19 4 138
19 5 56
19 6 111
19 7 65
19 8 9
19 9 51
19 10 7
19 11 160
19 12 34
19 13 78
19 14 160
19 15 93
19 16 142
19 17 113
19 18 99
20 0 61
20 1 77
20 2 4
20 3 117
20 4 2
20 5 37
20 6 130
20 7 140
20 8 72
20 9 72
20 10 93
20 11 99
20 12 89
20 13 6
20 14 141
20 15 139
20 16 5
20 17 110
20 18 149
20 19 52
21 0 30
21 1 44
21 2 146
21 3 8
21 4 4
21 5 51
21 6 159
21 7 130
21 8 52
21 9 95
21 10 86
21 11 131
21 12 143
21 13 28
21 14 21
21 15 119
21 16 12
21 17 96
21 18 51
21 19 66
21 20 38
22 0 139
22 1 25
22 2 69
22 3 128
22 4 65
22 5 13
22 6 93
22 7 1
22 8 57
22 9 91
22 10 141
22 11 90
22 12 119
22 13 112
22 14 89
22 15 127
22 16 53
22 17 85
22 18 55
22 19 152
22 20 52
22 21 144
23 0 135
23 1 127
23 2 19
23 3 18
23 4 147
23 5 115
23 6 139
23 7 87
23 8 44
23 9 132
23 10 75
23 11 36
23 12 118
23 13 140
23 14 47
23 15 139
23 16 147
23 17 159
23 18 123
23 19 137
23 20 29
23 21 83
23 22 93
24 0 45
24 1 37
24 2 70
24 3 30
24 4 155
24 5 101
24 6 26
24 7 132
24 8 10
24 9 11
24 10 122
24 11 41
24 12 110
24 13 47
24 14 129
24 15 152
24 16 103
24 17 148
24 18 74
24 19 59
24 20 39
24 21 93
24 22 74
24 23 99
25 0 124
25 1 10
25 2 17
25 3 108
25 4 12
25 5 84
25 6 78
25 7 127
25 8 44
25 9 137
25 10 79
25 11 156
25 12 121
25 13 118
25 14 49
25 15 80
25 16 116
25 17 2
25 18 83
25 19 153
25 20 18
25 21 72
25 22 159
25 23 37
25 24 99
26 0 1
26 1 21
26 2 65
26 3 14
26 4 11
26 5 33
26 6 91
26 7 93
26 8 66
26 9 139
26 10 137
26 11 135
26 12 130
26 13 160
26 14 70
26 15 159
26 16 77
26 17 87
26 18 15
26 19 99
26 20 140
26 21 157
26 22 95
26 23 107
26 24 79
26 25 86
27 0 29
27 1 127
27 2 106
27 3 58
27 4 114
27 5 157
27 6 80
27 7 31
27 8 53
27 9 115
27 10 89
27 11 53
27 12 115
27 13 158
27 14 122
27 15 134
27 16 41
27 17 125
27 18 118
27 19 55
27 20 119
27 21 8
27 22 90
27 23 144
27 24 65
27 25 28
27 26 93
28 0 112
28 1 51
28 2 69
28 3 130
28 4 104
28 5 104
28 6 155
28 7 12
28 8 11
28 9 26
28 10 63
28 11 144
28 12 10
28 13 146
28 14 137
28 15 126
28 16 51
28 17 34
28 18 44
28 19 67
28 20 47
28 21 25
28 22 27
28 23 146
28 24 36
28 25 49
28 26 10
28 27 25
29 0 38
29 1 61
29 2 102
29 3 136
29 4 90
29 5 5
29 6 150
29 7 137
29 8 116
29 9 159
29 10 60
29 11 131
29 12 4
29 13 44
29 14 53
29 15 55
29 16 136
29 17 19
29 18 95
29 19 10
29 20 87
29 21 146
29 22 151
29 23 67
29 24 140
29 25 51
29 26 94
29 27 9
29 28 67
30 0 34
30 1 47
30 2 5
30 3 42
30 4 46
30 5 67
30 6 51
30 7 145
30 8 62
30 9 29
30 10 48
30 11 54
30 12 145
30 13 138
30 14 35
30 15 87
30 16 133
30 17 119
30 18 126
30 19 3
30 20 44
30 21 15
30 22 62
30 23 153
30 24 88
30 25 62
30 26 99
30 27 38
30 28 24
30 29 95
31 0 19
31 1 70
31 2 35
31 3 47
31 4 138
31 5 60
31 6 48
31 7 132
31 8 64
31 9 153
31 10 77
31 11 140
31 12 120
31 13 64
31 14 46
31 15 15
31 16 146
31 17 159
31 18 137
31 19 115
31 20 25
31 21 9
31 22 36
31 23 35
31 24 100
31 25 117
31 26 142
31 27 85
31 28 144
31 29 115
31 30 138
32 0 59
32 1 74
32 2 26
32 3 145
32 4 93
32 5 59
32 6 48
32 7 111
32 8 112
32 9 73
32 10 78
32 11 4
32 12 12
32 13 144
32 14 132
32 15 70
32 16 30
32 17 2
32 18 70
32 19 122
32 20 17
32 21 79
32 22 16
32 23 74
32 24 33
32 25 108
32 26 146
32 27 139
32 28 82
32 29 49
32 30 157
32 31 97
33 0 59
33 1 1
33 2 84
33 3 131
33 4 45
33 5 75
33 6 122
33 7 158
33 8 14
33 9 151
33 10 76
33 11 79
33 12 144
33 13 109
33 14 32
33 15 28
33 16 57
33 17 44
33 18 52
33 19 83
33 20 35
33 21 22
33 22 101
33 23 49
33 24 50
33 25 94
33 26 10
33 27 125
33 28 50
33 29 32
33 30 110
33 31 105
33 32 159
34 0 60
34 1 22
34 2 101
34 3 126
34 4 70
34 5 24
34 6 16
34 7 139
34 8 91
34 9 122
34 10 45
34 11 19
34 12 68
34 13 68
34 14 1
34 15 94
34 16 39
34 17 20
34 18 129
34 19 73
34 20 135
34 21 16
34 22 11
34 23 75
34 24 122
34 25 154
34 26 66
34 27 68
34 28 66
34 29 21
34 30 89
34 31 36
34 32 11
34 33 159
35 0 51
35 1 67
35 2 11
35 3 24
35 4 81
35 5 71
35 6 73
35 7 111
35 8 136
35 9 137
35 10 1
35 11 59
35 12 46
35 13 46
35 14 67
35 15 157
35 16 26
35 17 154
35 18 157
35 19 96
35 20 28
35 21 151
35 22 14
35 23 34
35 24 32
35 25 82
35 26 67
35 27 149
35 28 42
35 29 47
35 30 100
35 31 10
35 32 46
35 33 12
35 34 132
36 0 68
36 1 62
36 2 58
36 3 45
36 4 129
36 5 145
36 6 37
36 7 5
36 8 84
36 9 61
36 10 149
36 11 65
36 12 62
36 13 25
36 14 49
36 15 105
36 16 83
36 17 57
36 18 160
36 19 13
36 20 147
36 21 64
36 22 9
36 23 76
36 24 102
36 25 52
36 26 57
36 27 121
36 28 1
36 29 86
36 30 142
36 31 2
36 32 40
36 33 128
36 34 1
36 35 74
37 0 72
37 1 85
37 2 1
37 3 153
37 4 110
37 5 128
37 6 119
37 7 10
37 8 130
37 9 85
37 10 17
37 11 142
37 12 31
37 13 126
37 14 87
37 15 12
37 16 56
37 17 36
37 18 4
37 19 127
37 20 69
37 21 2
37 22 17
37 23 81
37 24 125
37 25 135
37 26 143
37 27 144
37 28 29
37 29 133
37 30 35
37 31 44
37 32 74
37 33 59
37 34 41
37 35 43
37 36 94
38 0 60
38 1 52
38 2 107
38 3 63
38 4 57
38 5 115
38 6 119
38 7 89
38 8 39
38 9 125
38 10 57
38 11 94
38 12 2
38 13 83
38 14 108
38 15 121
38 16 81
38 17 74
38 18 69
38 19 56
38 20 141
38 21 107
38 22 144
38 23 114
38 24 117
38 25 160
38 26 9
38 27 133
38 28 120
38 29 5
38 30 101
38 31 87
38 32 66
38 33 51
38 34 14
38 35 88
38 36 33
38 37 138
39 0 86
39 1 132
39 2 42
39 3 142
39 4 51
39 5 29
39 6 62
39 7 68
39 8 109
39 9 158
39 10 2
39 11 35
39 12 117
39 13 45
39 14 63
39 15 1
39 16 118
39 17 147
39 18 18
39 19 17
39 20 48
39 21 54
39 22 139
39 23 156
39 24 9
39 25 24
39 26 133
39 27 14
39 28 143
39 29 110
39 30 46
39 31 48
39 32 149
39 33 18
39 34 47
39 35 104
39 36 101
39 37 129
39 38 65
40 0 13
40 1 126
40 2 12
40 3 155
40 4 113
40 5 65
40 6 73
40 7 55
40 8 86
40 9 93
40 10 22
40 11 11
40 12 122
40 13 142
40 14 34
40 15 148
40 16 4
40 17 3
40 18 142
40 19 55
40 20 53
40 21 90
40 22 130
40 23 99
40 24 77
40 25 21
40 26 19
40 27 138
40 28 20
40 29 62
40 30 146
40 31 113
40 32 150
40 33 88
40 34 35
40 35 25
40 36 70
40 37 71
40 38 111
40 39 14
41 0 71
41 1 32
41 2 96
41 3 53
41 4 45
41 5 27
41 6 128
41 7 48
41 8 8
41 9 108
41 10 132
41 11 97
41 12 126
41 13 97
41 14 34
41 15 27
41 16 32
41 17 3
41 18 125
41 19 116
41 20 48
41 21 41
41 22 65
41 23 110
41 24 31
41 25 38
41 26 81
41 27 140
41 28 120
41 29 149
41 30 64
41 31 82
41 32 10
41 33 22
41 34 14
41 35 74
41 36 117
41 37 27
41 38 34
41 39 111
41 40 81
42 0 154
42 1 38
42 2 56
42 3 135
42 4 119
42 5 18
42 6 5
42 7 42
42 8 55
42 9 145
42 10 2
42 11 120
42 12 106
42 13 43
42 14 103
42 15 75
42 16 2
42 17 93
42 18 17
42 19 82
42 20 38
42 21 43
42 22 31
42 23 90
42 24 138
42 25 99
42 26 155
42 27 97
42 28 117
42 29 157
42 30 46
42 31 16
42 32 127
42 33 48
42 34 94
42 35 35
42 36 7
42 37 49
42 38 90
42 39 19
42 40 132
42 41 138
43 0 66
43 1 46
43 2 144
43 3 39
43 4 150
43 5 74
43 6 9
43 7 46
43 8 104
43 9 116
43 10 27
43 11 141
43 12 90
43 13 96
43 14 147
43 15 11
43 16 79
43 17 72
43 18 108
43 19 115
43 20 145
43 21 67
43 22 30
43 23 112
43 24 115
43 25 101
43 26 13
43 27 135
43 28 88
43 29 87
43 30 57
43 31 34
43 32 47
43 33 99
43 34 53
43 35 76
43 36 23
43 37 96
43 38 124
43 39 55
43 40 49
43 41 32
43 42 19
44 0 66
44 1 9
44 2 157
44 3 12
44 4 135
44 5 148
44 6 89
44 7 149
44 8 124
44 9 26
44 10 102
44 11 70
44 12 54
44 13 114
44 14 66
44 15 17
44 16 107
44 17 58
44 18 46
44 19 23
44 20 58
44 21 141
44 22 1
44 23 84
44 24 29
44 25 33
44 26 109
44 27 144
44 28 158
44 29 1
44 30 38
44 31 38
44 32 39
44 33 43
44 34 49
44 35 80
44 36 85
44 37 99
44 38 92
44 39 116
44 40 141
44 41 101
44 42 18
44 43 45
45 0 152
45 1 41
45 2 34
45 3 32
45 4 46
45 5 19
45 6 114
45 7 137
45 8 40
45 9 68
45 10 149
45 11 65
45 12 46
45 13 97
45 14 90
45 15 110
45 16 99
45 17 158
45 18 38
45 19 89
45 20 106
45 21 18
45 22 101
45 23 146
45 24 91
45 25 80
45 26 34
45 27 118
45 28 133
45 29 158
45 30 16
45 31 3
45 32 125
45 33 147
45 34 99
45 35 64
45 36 66
45 37 131
45 38 78
45 39 126
45 40 156
45 41 51
45 42 117
45 43 67
45 44 16
46 0 80
46 1 126
46 2 7
46 3 78
46 4 150
46 5 63
46 6 30
46 7 75
46 8 156
46 9 21
46 10 116
46 11 142
46 12 36
46 13 138
46 14 35
46 15 18
46 16 25
46 17 58
46 18 114
46 19 37
46 20 48
46 21 134
46 22 144
46 23 99
46 24 84
46 25 32
46 26 2
46 27 73
46 28 46
46 29 42
46 30 111
46 31 153
46 32 144
46 33 43
46 34 114
46 35 52
46 36 24
46 37 52
46 38 69
46 39 110
46 40 142
46 41 118
46 42 33
46 43 90
46 44 61
46 45 42
47 0 32
47 1 92
47 2 82
47 3 137
47 4 49
47 5 86
47 6 30
47 7 54
47 8 30
47 9 3
47 10 82
47 11 7
47 12 88
47 13 16
47 14 87
47 15 91
47 16 28
47 17 142
47 18 128
47 19 146
47 20 63
47 21 1
47 22 112
47 23 122
47 24 158
47 25 29
47 26 104
47 27 130
47 28 106
47 29 78
47 30 94
47 31 28
47 32 96
47 33 14
47 34 157
47 35 59
47 36 130
47 37 61
47 38 115
47 39 79
47 40 31
47 41 144
47 42 65
47 43 75
47 44 80
47 45 71
47 46 148
48 0 85
48 1 129
48 2 42
48 3 58
48 4 48
48 5 150
48 6 34
48 7 91
48 8 27
48 9 11
48 10 50
48 11 2
48 12 129
48 13 87
48 14 3
48 15 110
48 16 160
48 17 68
48 18 30
48 19 38
48 20 29
48 21 73
48 22 96
48 23 85
48 24 44
48 25 71
48 26 61
48 27 58
48 28 133
48 29 37
48 30 134
48 31 9
48 32 82
48 33 109
48 34 72
48 35 8
48 36 54
48 37 75
48 38 13
48 39 134
48 40 66
48 41 91
48 42 100
48 43 131
48 44 143
48 45 104
48 46 102
48 47 142
49 0 77
49 1 141
49 2 119
49 3 132
49 4 117
49 5 129
49 6 128
49 7 146
49 8 140
49 9 39
49 10 12
49 11 36
49 12 8
49 13 79
49 14 8
49 15 83
49 16 3
49 17 29
49 18 77
49 19 127
49 20 146
49 21 91
49 22 138
49 23 130
49 24 69
49 25 36
49 26 76
49 27 30
49 28 105
49 29 40
49 30 96
49 31 147
49 32 52
49 33 92
49 34 98
49 35 56
49 36 43
49 37 156
49 38 5
49 39 156
49 40 62
49 41 130
49 42 120
49 43 103
49 44 42
49 45 99
49 46 158
49 47 159
49 48 60
50 0 25
50 1 113
50 2 25
50 3 85
50 4 67
50 5 93
50 6 30
50 7 141
50 8 123
50 9 113
50 10 100
50 11 113
50 12 41
50 13 96
50 14 32
50 15 139
50 16 100
50 17 46
50 18 98
50 19 79
50 20 122
50 21 73
50 22 127
50 23 70
50 24 69
50 25 157
50 26 46
50 27 78
50 28 105
50 29 47
50 30 66
50 31 58
50 32 9
50 33 68
50 34 75
50 35 1
50 36 151
50 37 108
50 38 33
50 39 125
50 40 14
50 41 44
50 42 35
50 43 61
50 44 62
50 45 66
50 46 158
50 47 118
50 48 139
50 49 89
51 0 123
51 1 37
51 2 124
51 3 156
51 4 94
51 5 138
51 6 99
51 7 127
51 8 153
51 9 46
51 10 82
51 11 8
51 12 22
51 13 138
51 14 18
51 15 92
51 16 159
51 17 17
51 18 160
51 19 110
51 20 134
51 21 30
51 22 60
51 23 152
51 24 125
51 25 59
51 26 48
51 27 92
51 28 84
51 29 82
51 30 155
51 31 27
51 32 78
51 33 15
51 34 102
51 35 145
51 36 133
51 37 57
51 38 47
51 39 54
51 40 121
51 41 64
51 42 24
51 43 64
51 44 16
51 45 88
51 46 77
51 47 62
51 48 17
51 49 30
51 50 82
52 0 141
52 1 140
52 2 136
52 3 46
52 4 149
52 5 1
52 6 61
52 7 125
52 8 2
52 9 34
52 10 57
52 11 95
52 12 78
52 13 20
52 14 19
52 15 17
52 16 103
52 17 73
52 18 19
52 19 143
52 20 87
52 21 40
52 22 66
52 23 111
52 24 36
52 25 152
52 26 81
52 27 62
52 28 2
52 29 65
52 30 139
52 31 98
52 32 147
52 33 27
52 34 135
52 35 18
52 36 85
52 37 98
52 38 129
52 39 137
52 40 115
52 41 120
52 42 112
52 43 94
52 44 20
52 45 133
52 46 67
52 47 41
52 48 45
52 49 158
52 50 84
52 51 91
53 0 121
53 1 99
53 2 68
53 3 102
53 4 128
53 5 37
53 6 148
53 7 50
53 8 32
53 9 146
53 10 112
53 11 135
53 12 84
53 13 114
53 14 41
53 15 143
53 16 129
53 17 83
53 18 56
53 19 160
53 20 65
53 21 49
53 22 143
53 23 15
53 24 102
53 25 122
53 26 139
53 27 98
53 28 51
53 29 112
53 30 126
53 31 52
53 32 69
53 33 129
53 34 110
53 35 153
53 36 67
53 37 84
53 38 115
53 39 18
53 40 154
53 41 32
53 42 125
53 43 43
53 44 19
53 45 135
53 46 132
53 47 100
53 48 40
53 49 1
53 50 116
53 51 39
53 52 24
54 0 106
54 1 135
54 2 117
54 3 23
54 4 33
54 5 118
54 6 51
54 7 45
54 8 125
54 9 94
54 10 28
54 11 118
54 12 112
54 13 42
54 14 45
54 15 17
54 16 97
54 17 33
54 18 35
54 19 32
54 20 89
54 21 75
54 22 103
54 23 78
54 24 62
54 25 97
54 26 62
54 27 65
54 28 135
54 29 43
54 30 57
54 31 8
54 32 62
54 33 109
54 34 122
54 35 1
54 36 119
54 37 58
54 38 48
54 39 60
54 40 76
54 41 121
54 42 49
54 43 43
54 44 42
54 45 111
54 46 11
54 47 37
54 48 97
54 49 120
54 50 119
54 51 63
54 52 23
54 53 156
55 0 94
55 1 71
55 2 128
55 3 97
55 4 81
55 5 89
55 6 75
55 7 101
55 8 2
55 9 146
55 10 155
55 11 69
55 12 34
55 13 75
55 14 66
55 15 124
55 16 63
55 17 28
55 18 40
55 19 146
55 20 35
55 21 107
55 22 110
55 23 104
55 24 117
55 25 26
55 26 28
55 27 71
55 28 108
55 29 37
55 30 25
55 31 14
55 32 116
55 33 75
55 34 56
55 35 76
55 36 113
55 37 59
55 38 22
55 39 67
55 40 146
55 41 137
55 42 158
55 43 104
55 44 10
55 45 55
55 46 136
55 47 62
55 48 87
55 49 40
55 50 152
55 51 22
55 52 144
55 53 44
55 54 92
56 0 92
56 1 130
56 2 152
56 3 98
56 4 115
56 5 4
56 6 45
56 7 156
56 8 122
56 9 134
56 10 62
56 11 39
56 12 21
56 13 44
56 14 86
56 15 13
56 16 133
56 17 156
56 18 3
56 19 43
56 20 13
56 21 63
56 22 100
56 23 74
56 24 103
56 25 148
56 26 133
56 27 153
56 28 96
56 29 157
56 30 130
56 31 13
56 32 57
56 33 23
56 34 157
56 35 9
56 36 9
56 37 156
56 38 105
56 39 51
56 40 131
56 41 5
56 42 1
56 43 132
56 44 69
56 45 34
56 46 75
56 47 106
56 48 58
56 49 76
56 50 28
56 51 5
56 52 53
56 53 84
56 54 29
56 55 92
57 0 105
57 1 18
57 2 74
57 3 54
57 4 42
57 5 139
57 6 4
57 7 11
57 8 159
57 9 156
57 10 95
57 11 96
57 12 96
57 13 5
57 14 101
57 15 65
57 16 96
57 17 143
57 18 123
57 19 109
57 20 132
57 21 63
57 22 145
57 23 84
57 24 67
57 25 31
57 26 68
57 27 10
57 28 81
57 29 32
57 30 61
57 31 93
57 32 143
57 33 36
57 34 106
57 35 159
57 36 77
57 37 149
57 38 55
57 39 40
57 40 35
57 41 27
57 42 127
57 43 80
57 44 132
57 45 33
57 46 55
57 47 17
57 48 96
57 49 101
57 50 70
57 51 133
57 52 3
57 53 114
57 54 99
57 55 121
57 56 157
58 0 96
58 1 131
58 2 136
58 3 140
58 4 115
58 5 126
58 6 20
58 7 129
58 8 19
58 9 95
58 10 137
58 11 113
58 12 104
58 13 82
58 14 61
58 15 29
58 16 51
58 17 137
58 18 45
58 19 33
58 20 23
58 21 70
58 22 16
58 23 22
58 24 40
58 25 116
58 26 139
58 27 97
58 28 40
58 29 4
58 30 9
58 31 45
58 32 156
58 33 6
58 34 122
58 35 85
58 36 19
58 37 125
58 38 35
58 39 79
58 40 77
58 41 109
58 42 158
58 43 18
58 44 119
58 45 48
58 46 61
58 47 16
58 48 152
58 49 4
58 50 148
58 51 139
58 52 46
58 53 110
58 54 6
58 55 3
58 56 112
58 57 153
59 0 23
59 1 122
59 2 69
59 3 139
59 4 139
59 5 68
59 6 94
59 7 7
59 8 29
59 9 5
59 10 47
59 11 36
59 12 68
59 13 59
59 14 10
59 15 51
59 16 125
59 17 44
59 18 58
59 19 16
59 20 82
59 21 144
59 22 99
59 23 23
59 24 3
59 25 38
59 26 6
59 27 115
59 28 111
59 29 29
59 30 6
59 31 116
59 32 139
59 33 139
59 34 28
59 35 142
59 36 88
59 37 15
59 38 137
59 39 116
59 40 108
59 41 13
59 42 30
59 43 20
59 44 3
59 45 131
59 46 121
59 47 75
59 48 14
59 49 128
59 50 38
59 51 100
59 52 82
59 53 145
59 54 21
59 55 49
59 56 145
59 57 110
59 58 147
60 0 94
60 1 19
60 2 57
60 3 89
60 4 89
60 5 52
60 6 28
60 7 7
60 8 67
60 9 83
60 10 25
60 11 78
60 12 89
60 13 24
60 14 25
60 15 150
60 16 46
60 17 20
60 18 133
60 19 130
60 20 59
60 21 63
60 22 160
60 23 132
60 24 86
60 25 126
60 26 74
60 27 103
60 28 88
60 29 135
60 30 36
60 31 115
60 32 81
60 33 126
60 34 114
60 35 158
60 36 89
60 37 160
60 38 76
60 39 68
60 40 20
60 41 70
60 42 55
60 43 104
60 44 45
60 45 2
60 46 31
60 47 3
60 48 156
60 49 139
60 50 108
60 51 155
60 52 27
60 53 155
60 54 89
60 55 73
60 56 22
60 57 84
60 58 96
60 59 137
61 0 74
61 1 25
61 2 19
61 3 103
61 4 72
61 5 127
61 6 87
61 7 99
61 8 11
61 9 117
61 10 119
61 11 104
61 12 94
61 13 53
61 14 146
61 15 16
61 16 83
61 17 50
61 18 35
61 19 67
61 20 88
61 21 91
61 22 90
61 23 98
61 24 91
61 25 3
61 26 24
61 27 83
61 28 157
61 29 142
61 30 114
61 31 24
61 32 141
61 33 66
61 34 91
61 35 78
61 36 135
61 37 153
61 38 141
61 39 76
61 40 53
61 41 140
61 42 127
61 43 31
61 44 2
61 45 123
61 46 47
61 47 62
61 48 75
61 49 144
61 50 3
61 51 124
61 52 26
61 53 137
61 54 46
61 55 148
61 56 82
61 57 135
61 58 23
61 59 96
61 60 89
62 0 22
62 1 29
62 2 122
62 3 83
62 4 89
62 5 58
62 6 125
62 7 32
62 8 160
62 9 30
62 10 71
62 11 23
62 12 75
62 13 150
62 14 127
62 15 135
62 16 2
62 17 119
62 18 155
62 19 86
62 20 96
62 21 125
62 22 88
62 23 57
62 24 135
62 25 141
62 26 11
62 27 129
62 28 160
62 29 36
62 30 101
62 31 151
62 32 131
62 33 9
62 34 145
62 35 102
62 36 10
62 37 83
62 38 153
62 39 126
62 40 115
62 41 160
62 42 77
62 43 81
62 44 60
62 45 104
62 46 99
62 47 73
62 48 28
62 49 2
62 50 60
62 51 1
62 52 57
62 53 127
62 54 29
62 55 124
62 56 45
62 57 46
62 58 49
62 59 129
62 60 71
62 61 9
63 0 10
63 1 76
63 2 145
63 3 111
63 4 157
63 5 112
63 6 20
63 7 156
63 8 78
63 9 44
63 10 20
63 11 91
63 12 113
63 13 43
63 14 70
63 15 34
63 16 70
63 17 127
63 18 59
63 19 158
63 20 60
63 21 108
63 22 59
63 23 5
63 24 35
63 25 126
63 26 116
63 27 1
63 28 29
63 29 8
63 30 113
63 31 151
63 32 3
63 33 58
63 34 151
63 35 69
63 36 108
63 37 4
63 38 124
63 39 31
63 40 8
63 41 65
63 42 94
63 43 88
63 44 99
63 45 133
63 46 106
63 47 60
63 48 121
63 49 2
63 50 139
63 51 57
63 52 22
63 53 86
63 54 48
63 55 140
63 56 82
63 57 27
63 58 107
63 59 118
63 60 105
63 61 149
63 62 5
64 0 80
64 1 69
64 2 61
64 3 37
64 4 36
64 5 24
64 6 71
64 7 8
64 8 138
64 9 113
64 10 101
64 11 4
64 12 101
64 13 33
64 14 119
64 15 52
64 16 1
64 17 159
64 18 27
64 19 45
64 20 43
64 21 59
64 22 69
64 23 59
64 24 118
64 25 56
64 26 115
64 27 116
64 28 12
64 29 47
64 30 55
64 31 87
64 32 45
64 33 36
64 34 85
64 35 153
64 36 51
64 37 32
64 38 152
64 39 28
64 40 87
64 41 2
64 42 125
64 43 4
64 44 31
64 45 20
64 46 64
64 47 28
64 48 121
64 49 98
64 50 136
64 51 108
64 52 156
64 53 76
64 54 109
64 55 90
64 56 117
64 57 99
64 58 153
64 59 122
64 60 19
64 61 62
64 62 54
64 63 64
65 0 71
65 1 74
65 2 105
65 3 57
65 4 145
65 5 63
65 6 59
65 7 107
65 8 49
65 9 34
65 10 116
65 11 4
65 12 158
65 13 136
65 14 111
65 15 92
65 16 115
65 17 49
65 18 136
65 19 119
65 20 81
65 21 116
65 22 124
65 23 121
65 24 48
65 25 152
65 26 121
65 27 10
65 28 26
65 29 23
65 30 127
65 31 152
65 32 67
65 33 79
65 34 23
65 35 142
65 36 121
65 37 38
65 38 1
65 39 88
65 40 65
65 41 60
65 42 1
65 43 73
65 44 121
65 45 135
65 46 103
65 47 103
65 48 13
65 49 19
65 50 128
65 51 157
65 52 51
65 53 65
65 54 159
65 55 140
65 56 148
65 57 144
65 58 3
65 59 80
65 60 53
65 61 128
65 62 9
65 63 140
65 64 89
66 0 18
66 1 89
66 2 58
66 3 146
66 4 54
66 5 48
66 6 75
66 7 149
66 8 91
66 9 84
66 10 145
66 11 147
66 12 110
66 13 12
66 14 68
66 15 122
66 16 103
66 17 137
66 18 131
66 19 149
66 20 157
66 21 17
66 22 13
66 23 114
66 24 12
66 25 47
66 26 108
66 27 39
66 28 132
66 29 96
66 30 60
66 31 125
66 32 117
66 33 46
66 34 19
66 35 49
66 36 87
66 37 80
66 38 136
66 39 73
66 40 159
66 41 30
66 42 44
66 43 35
66 44 41
66 45 46
66 46 9
66 47 18
66 48 23
66 49 52
66 50 127
66 51 99
66 52 36
66 53 158
66 54 140
66 55 20
66 56 50
66 57 79
66 58 11
66 59 108
66 60 8
66 61 111
66 62 47
66 63 41
66 64 82
66 65 38
67 0 28
67 1 74
67 2 18
67 3 44
67 4 13
67 5 113
67 6 26
67 7 85
67 8 149
67 9 60
67 10 140
67 11 108
67 12 142
67 13 82
67 14 116
67 15 54
67 16 109
67 17 8
67 18 66
67 19 47
67 20 49
67 21 93
67 22 134
67 23 77
67 24 34
67 25 34
67 26 131
67 27 5
67 28 49
67 29 4
67 30 86
67 31 69
67 32 59
67 33 15
67 34 138
67 35 69
67 36 105
67 37 36
67 38 6
67 39 70
67 40 137
67 41 119
67 42 74
67 43 65
67 44 110
67 45 14
67 46 78
67 47 82
67 48 110
67 49 147
67 50 72
67 51 18
67 52 15
67 53 20
67 54 62
67 55 126
67 56 134
67 57 144
67 58 27
67 59 68
67 60 8
67 61 110
67 62 156
67 63 117
67 64 88
67 65 131
67 66 53
68 0 83
68 1 50
68 2 158
68 3 30
68 4 119
68 5 131
68 6 157
68 7 111
68 8 14
68 9 121
68 10 52
68 11 110
68 12 95
68 13 93
68 14 106
68 15 7
68 16 102
68 17 128
68 18 17
68 19 66
68 20 36
68 21 7
68 22 144
68 23 155
68 24 69
68 25 44
68 26 6
68 27 33
68 28 69
68 29 111
68 30 124
68 31 150
68 32 82
68 33 35
68 34 16
68 35 155
68 36 144
68 37 83
68 38 108
68 39 28
68 40 63
68 41 16
68 42 118
68 43 142
68 44 17
68 45 136
68 46 8
68 47 137
68 48 127
68 49 156
68 50 129
68 51 32
68 52 90
68 53 68
68 54 25
68 55 12
68 56 2
68 57 5
68 58 117
68 59 1
68 60 154
68 61 15
68 62 47
68 63 19
68 64 74
68 65 17
68 66 73
68 67 104
69 0 107
69 1 120
69 2 4
69 3 90
69 4 120
69 5 95
69 6 87
69 7 19
69 8 7
69 9 138
69 10 140
69 11 105
69 12 145
69 13 52
69 14 18
69 15 7
69 16 31
69 17 40
69 18 6
69 19 79
69 20 33
69 21 129
69 22 150
69 23 112
69 24 85
69 25 80
69 26 89
69 27 81
69 28 23
69 29 70
69 30 55
69 31 92
69 32 115
69 33 89
69 34 79
69 35 119
69 36 155
69 37 20
69 38 44
69 39 4
69 40 76
69 41 6
69 42 99
69 43 75
69 44 60
69 45 138
69 46 26
69 47 63
69 48 121
69 49 101
69 50 2
69 51 86
69 52 124
69 53 109
69 54 160
69 55 47
69 56 121
69 57 42
69 58 38
69 59 12
69 60 117
69 61 89
69 62 27
69 63 56
69 64 53
69 65 62
69 66 75
69 67 160
69 68 147
