60
3 0 11
3 1 17
4 1 9
4 3 14
5 0 7
5 2 15
5 3 17
6 2 16
6 3 4
7 0 16
7 3 9
7 5 2
8 3 8
8 5 6
8 6 19
8 7 18
9 0 8
9 2 3
9 4 5
9 6 5
10 0 15
10 2 14
10 3 12
10 6 17
10 7 11
11 1 9
11 2 2
11 4 12
11 5 15
11 6 7
11 10 17
12 3 16
12 4 20
12 5 1
12 6 5
12 7 7
12 8 6
12 9 2
12 10 20
13 0 16
13 2 16
13 5 12
13 6 14
13 7 1
13 8 8
13 10 5
13 11 12
14 1 9
14 6 15
14 9 19
14 11 19
14 12 5
14 13 20
15 1 17
15 2 6
15 3 1
15 4 20
15 5 4
15 8 13
15 10 19
15 13 12
16 6 4
16 7 13
16 8 19
16 9 15
16 10 9
16 15 12
17 0 9
17 1 20
17 7 3
17 10 8
17 12 3
18 0 9
18 1 14
18 3 2
18 5 6
18 6 8
18 8 1
18 12 5
19 0 9
19 3 11
19 4 12
19 5 4
19 6 14
19 8 9
19 9 6
19 14 19
19 16 9
20 1 13
20 4 13
20 5 19
20 6 8
20 9 19
20 10 7
20 11 4
20 12 1
20 16 1
20 18 5
21 0 14
21 1 18
21 6 5
21 7 11
21 9 2
21 11 19
21 13 19
21 15 17
21 16 8
22 0 8
22 1 14
22 2 19
22 4 6
22 5 5
22 6 2
22 8 10
22 9 19
22 10 7
22 11 15
22 12 16
22 13 13
22 16 9
22 18 1
22 19 18
22 20 9
22 21 5
23 1 3
23 3 5
23 4 11
23 5 20
23 9 10
23 11 11
23 18 19
23 19 7
23 22 7
24 0 13
24 5 17
24 6 1
24 7 16
24 8 18
24 9 7
24 11 5
24 13 1
24 14 13
24 16 13
24 21 8
24 22 5
25 0 9
25 3 10
25 6 11
25 8 11
25 11 4
25 13 1
25 16 12
25 18 16
25 20 8
25 24 10
26 0 6
26 8 3
26 9 10
26 11 1
26 12 18
26 15 2
26 16 8
26 17 4
26 18 1
26 19 10
26 21 6
26 25 2
27 1 14
27 3 16
27 4 20
27 5 17
27 6 3
27 7 19
27 9 13
27 10 19
27 11 17
27 12 4
27 14 17
27 15 2
27 19 1
27 22 13
27 23 15
27 26 1
28 0 16
28 1 14
28 2 1
28 3 2
28 4 2
28 7 4
28 8 8
28 9 12
28 13 2
28 14 10
28 16 20
28 17 7
28 18 9
28 19 7
28 20 12
28 21 2
28 24 8
29 1 8
29 2 12
29 5 10
29 9 11
29 10 11
29 12 15
29 15 17
29 19 11
29 20 16
29 21 16
29 23 5
29 28 1
30 1 11
30 2 4
30 4 20
30 6 20
30 9 18
30 10 11
30 11 10
30 13 18
30 16 7
30 17 15
30 25 17
30 29 3
31 2 11
31 4 16
31 5 18
31 6 15
31 7 8
31 8 3
31 10 5
31 13 18
31 15 15
31 16 13
31 20 2
31 21 6
31 22 9
31 24 4
31 25 6
31 26 1
31 29 4
32 0 17
32 2 12
32 4 13
32 5 11
32 6 6
32 8 20
32 10 16
32 15 11
32 18 8
32 19 2
32 20 6
32 22 18
32 26 17
32 27 13
32 28 4
33 2 10
33 3 20
33 5 15
33 7 3
33 9 5
33 11 7
33 12 10
33 13 19
33 15 20
33 18 16
33 19 14
33 20 3
33 21 5
33 23 6
33 24 15
33 26 1
33 27 6
33 31 6
33 32 8
34 1 13
34 7 3
34 9 12
34 10 6
34 15 18
34 18 10
34 20 11
34 21 14
34 24 12
34 26 1
34 29 9
34 30 10
34 31 13
34 32 20
35 3 14
35 4 1
35 6 4
35 11 19
35 12 9
35 18 10
35 19 6
35 21 10
35 23 1
35 24 14
35 25 8
35 26 19
35 27 19
35 28 7
35 29 8
35 32 8
35 33 2
35 34 3
36 0 1
36 3 14
36 4 2
36 6 7
36 7 9
36 8 9
36 9 5
36 11 15
36 14 19
36 16 20
36 17 15
36 18 7
36 19 5
36 21 14
36 23 16
36 26 13
36 30 6
36 31 15
36 33 3
36 34 7
37 3 6
37 4 12
37 6 19
37 7 9
37 8 17
37 9 6
37 10 8
37 11 7
37 12 11
37 13 19
37 14 20
37 15 16
37 18 10
37 19 2
37 20 3
37 21 12
37 22 3
37 24 1
37 25 3
37 29 11
37 30 7
37 31 7
37 35 11
38 0 16
38 2 16
38 5 18
38 6 4
38 7 20
38 8 6
38 11 6
38 16 8
38 18 18
38 22 20
38 24 8
38 27 19
38 30 17
38 31 17
38 33 19
38 34 14
38 36 12
39 2 6
39 5 8
39 6 17
39 14 15
39 15 19
39 18 2
39 19 18
39 20 2
39 23 10
39 26 6
39 27 16
39 28 11
39 29 6
39 30 2
39 33 15
39 35 16
39 36 6
39 38 11
40 1 1
40 3 16
40 4 7
40 6 11
40 7 15
40 11 15
40 19 18
40 20 18
40 21 6
40 22 14
40 23 19
40 25 7
40 27 4
40 28 19
40 30 13
40 31 10
40 32 15
40 33 19
40 34 4
40 36 11
40 38 4
40 39 13
41 2 16
41 3 17
41 5 15
41 6 16
41 7 6
41 13 5
41 15 12
41 18 15
41 19 3
41 25 6
41 26 18
41 27 18
41 28 7
41 29 1
41 30 7
41 34 11
41 35 11
41 39 12
42 0 7
42 2 19
42 4 9
42 6 14
42 10 11
42 11 12
42 12 2
42 14 4
42 16 2
42 17 9
42 21 8
42 23 12
42 25 1
42 26 1
42 27 12
42 28 4
42 38 5
42 39 2
42 40 4
43 0 20
43 1 5
43 2 14
43 3 3
43 4 10
43 6 3
43 7 11
43 8 1
43 9 9
43 10 7
43 11 20
43 13 17
43 14 4
43 22 3
43 23 6
43 27 19
43 29 8
43 30 1
43 32 4
43 35 20
43 39 10
43 40 1
43 41 1
43 42 7
44 1 13
44 3 19
44 4 20
44 6 18
44 8 9
44 10 10
44 12 12
44 14 4
44 20 11
44 21 17
44 23 8
44 24 4
44 26 20
44 27 6
44 28 6
44 30 6
44 31 7
44 32 6
44 33 9
44 35 20
44 38 17
44 39 11
44 40 14
44 42 16
45 1 6
45 2 20
45 3 8
45 5 5
45 6 8
45 12 6
45 13 18
45 14 3
45 15 15
45 16 18
45 17 20
45 18 12
45 19 9
45 20 17
45 22 16
45 24 12
45 25 5
45 27 2
45 28 7
45 32 10
45 33 9
45 36 9
45 38 2
45 40 14
45 42 7
45 43 16
46 0 15
46 5 11
46 6 4
46 7 16
46 8 17
46 10 19
46 11 2
46 12 2
46 17 15
46 19 5
46 20 1
46 23 2
46 24 19
46 26 20
46 29 3
46 30 7
46 31 15
46 33 4
46 36 16
46 37 4
46 38 1
46 43 20
46 44 9
46 45 13
47 1 13
47 4 20
47 5 5
47 7 15
47 8 18
47 14 12
47 16 7
47 20 17
47 22 20
47 23 9
47 26 18
47 27 4
47 29 7
47 30 2
47 32 16
47 36 5
47 37 8
47 44 14
47 45 5
48 1 6
48 3 20
48 5 15
48 6 7
48 7 3
48 9 2
48 11 3
48 13 15
48 14 12
48 15 17
48 16 17
48 18 6
48 20 9
48 21 8
48 22 8
48 23 13
48 25 16
48 27 19
48 28 19
48 29 1
48 31 1
48 35 1
48 41 9
48 42 8
48 44 1
48 45 7
49 2 15
49 4 16
49 5 13
49 6 13
49 7 14
49 8 15
49 14 20
49 16 13
49 18 2
49 19 10
49 23 6
49 25 4
49 26 8
49 27 4
49 31 7
49 32 1
49 37 16
49 38 10
49 41 17
49 42 16
49 43 13
49 44 17
49 46 1
49 47 6
50 5 11
50 6 12
50 7 12
50 8 6
50 11 8
50 14 6
50 15 14
50 16 5
50 18 16
50 19 15
50 20 17
50 21 11
50 23 9
50 25 6
50 26 3
50 28 13
50 29 1
50 30 19
50 31 6
50 33 11
50 34 19
50 35 1
50 36 6
50 37 11
50 38 6
50 41 4
50 42 4
50 43 9
50 46 5
51 5 20
51 6 7
51 13 17
51 14 6
51 16 1
51 23 19
51 24 12
51 25 14
51 28 14
51 29 6
51 31 3
51 32 2
51 33 10
51 34 2
51 36 20
51 37 19
51 39 7
51 40 9
51 42 4
51 43 18
51 47 16
51 48 16
52 0 19
52 7 12
52 9 20
52 10 7
52 11 9
52 15 10
52 17 15
52 18 1
52 19 3
52 22 17
52 23 5
52 24 19
52 25 13
52 26 6
52 27 6
52 28 16
52 29 10
52 32 12
52 33 11
52 34 8
52 37 18
52 38 7
52 41 1
52 43 10
52 45 15
52 46 1
52 47 17
53 0 11
53 2 10
53 5 6
53 6 20
53 10 8
53 11 13
53 14 3
53 16 2
53 18 14
53 19 11
53 20 5
53 21 12
53 22 2
53 23 10
53 24 10
53 27 17
53 30 12
53 31 20
53 32 15
53 39 19
53 40 3
53 41 9
53 45 6
53 48 7
53 50 16
53 51 18
53 52 15
54 0 6
54 1 12
54 2 13
54 4 10
54 5 16
54 6 13
54 7 9
54 8 14
54 9 16
54 10 6
54 11 17
54 12 20
54 15 4
54 16 4
54 18 16
54 21 4
54 23 8
54 24 1
54 27 2
54 29 2
54 30 20
54 33 13
54 34 7
54 37 3
54 38 14
54 39 12
54 44 6
54 45 8
54 46 13
54 49 20
54 51 12
54 53 14
55 2 18
55 4 13
55 5 5
55 7 7
55 8 17
55 9 17
55 11 19
55 12 3
55 14 2
55 17 15
55 18 5
55 19 17
55 20 16
55 22 1
55 26 1
55 27 5
55 28 15
55 29 8
55 30 16
55 32 7
55 34 16
55 35 1
55 36 18
55 38 19
55 41 15
55 44 17
55 46 15
55 47 13
55 48 16
55 51 12
55 53 2
55 54 16
56 0 3
56 2 18
56 7 1
56 10 13
56 12 5
56 14 6
56 16 8
56 17 14
56 18 16
56 20 6
56 25 13
56 26 8
56 27 12
56 28 5
56 29 5
56 30 2
56 32 3
56 33 18
56 35 11
56 40 20
56 41 16
56 42 3
56 44 13
56 47 16
56 48 17
56 49 8
56 51 16
56 53 16
56 55 1
57 0 1
57 2 20
57 4 1
57 5 5
57 7 17
57 9 18
57 10 18
57 12 19
57 15 16
57 18 20
57 21 10
57 24 13
57 25 10
57 27 13
57 32 3
57 34 6
57 35 10
57 36 8
57 40 18
57 43 10
57 44 10
57 45 3
57 46 16
57 49 17
57 51 16
57 53 16
57 54 3
57 56 14
58 2 16
58 3 13
58 4 15
58 6 12
58 8 19
58 11 15
58 12 1
58 17 17
58 18 12
58 20 12
58 21 17
58 22 10
58 23 10
58 25 11
58 27 2
58 28 20
58 33 11
58 35 18
58 38 16
58 39 12
58 42 20
58 43 10
58 44 7
58 45 2
58 50 6
58 51 10
58 57 8
59 0 4
59 1 4
59 5 10
59 7 6
59 10 9
59 12 20
59 15 8
59 17 11
59 18 1
59 19 5
59 20 5
59 21 20
59 22 4
59 23 13
59 24 15
59 26 2
59 27 13
59 28 12
59 29 19
59 33 2
59 34 6
59 35 14
59 38 7
59 39 3
59 41 18
59 42 17
59 45 6
59 46 10
59 48 20
59 53 17
59 56 18
59 57 3
