60
1 0 12
2 1 136
3 2 113
4 0 88
4 1 68
4 2 87
5 2 129
5 3 148
5 4 85
6 0 25
6 1 114
6 2 71
6 4 93
7 0 140
7 1 27
7 2 146
7 4 72
7 5 81
7 6 24
8 0 149
8 1 37
8 2 79
8 5 113
8 6 131
9 1 48
9 2 9
9 3 29
9 4 38
9 5 72
9 6 123
9 7 133
9 8 101
10 0 140
10 1 16
10 2 16
10 3 122
10 4 65
10 5 74
10 6 21
10 8 57
10 9 144
11 0 53
11 1 95
11 2 59
11 5 109
11 9 126
11 10 114
12 0 67
12 1 149
12 2 118
12 3 10
12 4 108
12 5 61
12 6 35
12 7 96
12 8 95
12 9 18
12 10 121
12 11 146
13 0 82
13 1 121
13 2 125
13 5 27
13 7 122
13 8 119
13 10 137
14 1 27
14 2 140
14 3 109
14 4 143
14 5 52
14 8 86
14 9 3
14 11 10
14 13 12
15 1 43
15 3 44
15 4 25
15 6 123
15 7 120
15 8 81
15 12 160
15 14 51
16 0 95
16 3 12
16 4 13
16 5 86
16 6 128
16 7 111
16 9 49
16 10 95
16 11 118
16 12 87
16 13 46
16 14 65
17 0 79
17 1 32
17 3 46
17 4 84
17 5 22
17 7 95
17 9 158
17 10 22
17 11 145
17 12 149
17 13 20
17 14 50
17 15 126
17 16 132
18 0 48
18 2 41
18 3 82
18 4 14
18 5 125
18 6 143
18 7 131
18 9 7
18 10 35
18 11 6
18 13 142
18 14 17
18 17 8
19 0 30
19 1 153
19 2 8
19 3 89
19 4 111
19 7 89
19 8 158
19 10 36
19 12 56
19 13 74
19 14 74
19 15 62
19 16 34
19 17 47
19 18 104
20 0 112
20 1 83
20 2 138
20 3 43
20 4 53
20 5 153
20 6 103
20 7 95
20 8 160
20 9 92
20 11 122
20 12 71
20 13 31
20 16 15
20 17 104
20 18 80
21 1 53
21 3 14
21 4 94
21 5 18
21 7 111
21 11 48
21 12 124
21 13 22
21 14 73
21 17 69
21 18 12
21 19 66
21 20 63
22 0 60
22 1 64
22 2 135
22 3 123
22 5 160
22 8 27
22 9 72
22 10 153
22 11 40
22 12 68
22 13 98
22 14 147
22 16 136
22 17 93
22 18 37
22 20 5
23 0 86
23 1 30
23 2 41
23 4 49
23 5 17
23 11 54
23 13 124
23 14 106
23 15 15
23 16 111
23 17 16
23 18 51
23 19 24
23 20 9
23 21 28
23 22 9
24 2 88
24 3 134
24 8 18
24 9 64
24 10 75
24 11 6
24 12 31
24 13 119
24 15 19
24 18 136
24 19 95
24 20 59
24 21 27
25 1 99
25 2 7
25 4 79
25 5 136
25 6 38
25 7 47
25 9 124
25 10 129
25 12 149
25 13 28
25 14 160
25 16 138
25 17 68
25 18 158
25 19 25
25 20 43
25 21 34
25 22 85
25 23 141
25 24 102
26 0 160
26 5 125
26 6 74
26 8 45
26 9 107
26 10 59
26 11 72
26 14 68
26 15 4
26 16 107
26 17 82
26 19 102
26 22 121
26 24 69
26 25 111
27 0 96
27 1 154
27 2 68
27 3 25
27 4 124
27 5 1
27 6 70
27 7 25
27 8 153
27 11 147
27 13 54
27 15 55
27 16 135
27 17 75
27 19 93
27 20 143
27 21 55
27 22 145
27 24 123
27 26 10
28 0 50
28 1 123
28 2 18
28 3 106
28 4 17
28 5 74
28 7 57
28 8 5
28 9 115
28 10 121
28 11 70
28 12 35
28 14 134
28 15 102
28 16 148
28 17 18
28 18 103
28 19 141
28 20 52
28 21 35
28 22 154
28 23 33
28 25 37
28 27 76
29 0 96
29 2 148
29 3 75
29 5 3
29 6 16
29 7 37
29 8 86
29 9 28
29 10 83
29 12 140
29 13 108
29 14 144
29 16 140
29 17 113
29 21 58
29 23 137
29 24 99
29 27 90
30 0 122
30 2 43
30 3 108
30 4 30
30 6 70
30 7 9
30 8 40
30 9 22
30 11 76
30 12 40
30 14 64
30 16 89
30 17 129
30 18 18
30 19 109
30 21 117
30 22 74
30 25 152
30 26 126
30 27 13
30 28 50
30 29 115
31 0 22
31 1 112
31 2 131
31 3 47
31 4 65
31 5 16
31 6 8
31 7 17
31 8 114
31 9 42
31 11 34
31 13 22
31 18 65
31 20 24
31 21 48
31 22 53
31 23 133
31 24 77
31 28 77
31 29 158
31 30 109
32 0 152
32 3 111
32 4 30
32 6 135
32 7 57
32 8 128
32 9 2
32 12 146
32 14 118
32 15 39
32 16 12
32 18 91
32 19 28
32 20 99
32 22 4
32 23 145
32 24 122
32 25 122
32 26 141
32 28 6
32 30 140
33 0 66
33 1 116
33 4 136
33 5 13
33 6 21
33 7 150
33 12 126
33 14 147
33 15 135
33 16 154
33 18 76
33 21 5
33 22 115
33 23 143
33 24 63
33 26 66
33 27 104
33 28 92
33 29 4
33 30 13
33 31 53
34 0 142
34 1 130
34 2 89
34 4 97
34 5 97
34 6 83
34 8 42
34 10 51
34 11 77
34 12 72
34 13 139
34 14 60
34 17 78
34 18 29
34 20 58
34 21 146
34 22 18
34 23 25
34 24 148
34 25 105
34 26 88
34 27 130
34 28 131
34 29 7
34 32 155
34 33 74
35 1 53
35 2 22
35 3 140
35 5 82
35 6 93
35 9 27
35 10 99
35 11 80
35 13 136
35 14 92
35 16 157
35 17 124
35 18 65
35 19 82
35 20 160
35 21 142
35 22 138
35 23 5
35 24 18
35 26 100
35 30 35
35 31 8
35 32 109
35 33 60
35 34 140
36 0 131
36 3 107
36 8 45
36 9 65
36 10 116
36 11 55
36 14 112
36 15 81
36 16 49
36 17 127
36 18 121
36 19 18
36 21 80
36 22 74
36 23 12
36 24 91
36 25 115
36 26 88
36 27 69
36 28 128
36 29 30
36 30 141
36 31 9
36 32 109
36 33 72
36 34 41
37 0 23
37 1 17
37 3 36
37 4 74
37 5 66
37 6 136
37 8 117
37 9 2
37 10 15
37 12 88
37 13 150
37 14 21
37 15 13
37 16 139
37 18 151
37 19 52
37 20 13
37 22 119
37 23 17
37 24 139
37 25 72
37 26 48
37 29 146
37 30 28
37 33 143
37 35 76
37 36 21
38 0 157
38 1 81
38 2 95
38 3 18
38 4 25
38 5 107
38 6 4
38 7 26
38 9 36
38 10 131
38 12 14
38 13 155
38 15 96
38 16 20
38 17 45
38 18 135
38 19 108
38 22 136
38 23 21
38 25 49
38 27 27
38 28 28
38 30 96
38 31 24
38 32 37
39 1 31
39 2 94
39 3 63
39 4 76
39 5 110
39 8 60
39 9 107
39 10 14
39 11 15
39 13 117
39 15 129
39 16 60
39 18 7
39 20 74
39 21 70
39 22 75
39 23 87
39 25 32
39 26 56
39 27 112
39 28 93
39 29 105
39 31 130
39 33 99
39 34 64
39 35 152
39 38 134
40 1 148
40 2 28
40 3 1
40 4 70
40 6 3
40 7 94
40 8 116
40 9 76
40 10 80
40 14 81
40 16 144
40 17 51
40 18 28
40 19 5
40 21 20
40 24 143
40 25 147
40 26 124
40 27 14
40 29 71
40 30 8
40 31 156
40 32 21
40 33 129
40 34 26
40 35 21
40 36 11
40 37 94
40 38 47
40 39 129
41 1 46
41 2 110
41 3 80
41 4 49
41 5 127
41 8 99
41 9 33
41 10 84
41 12 26
41 14 87
41 15 6
41 16 49
41 17 9
41 18 78
41 19 98
41 20 138
41 22 116
41 23 127
41 25 100
41 26 108
41 28 29
41 30 53
41 31 155
41 32 129
41 33 22
41 34 141
41 35 91
41 38 58
41 39 95
42 0 132
42 1 40
42 2 40
42 3 14
42 4 114
42 5 3
42 6 153
42 8 119
42 9 131
42 10 38
42 11 91
42 12 49
42 13 5
42 14 81
42 15 49
42 16 2
42 17 138
42 18 52
42 19 160
42 20 27
42 21 8
42 22 143
42 23 20
42 24 69
42 25 19
42 26 71
42 28 38
42 31 50
42 33 86
42 35 29
42 36 113
42 37 38
42 39 31
42 40 26
42 41 83
43 0 40
43 1 115
43 2 77
43 3 1
43 4 71
43 5 55
43 6 121
43 7 158
43 9 47
43 10 104
43 11 55
43 13 72
43 15 49
43 16 16
43 17 143
43 18 24
43 19 46
43 20 104
43 21 122
43 23 9
43 24 104
43 26 105
43 28 8
43 30 16
43 31 138
43 33 130
43 35 136
43 36 18
43 37 65
43 40 133
43 42 99
44 0 119
44 1 137
44 2 141
44 3 114
44 4 19
44 7 134
44 8 20
44 10 148
44 11 123
44 12 51
44 13 122
44 14 78
44 16 12
44 18 76
44 19 54
44 21 52
44 22 59
44 23 109
44 26 33
44 27 118
44 28 154
44 29 91
44 30 22
44 31 24
44 33 103
44 34 65
44 35 151
44 36 119
44 38 94
44 39 14
44 40 12
44 42 40
44 43 58
45 0 32
45 1 123
45 2 78
45 3 59
45 4 152
45 5 91
45 6 90
45 9 102
45 10 122
45 11 50
45 12 111
45 13 143
45 14 78
45 17 139
45 18 145
45 19 125
45 21 45
45 22 145
45 23 60
45 24 26
45 25 73
45 28 35
45 29 53
45 30 66
45 31 39
45 32 4
45 34 48
45 35 87
45 36 158
45 37 138
45 38 90
45 39 127
45 40 14
45 42 13
45 43 2
45 44 56
46 0 149
46 2 124
46 3 59
46 4 8
46 5 89
46 6 15
46 8 7
46 10 104
46 11 68
46 12 11
46 13 78
46 16 37
46 17 95
46 19 16
46 20 7
46 22 94
46 23 128
46 28 113
46 30 48
46 31 31
46 32 62
46 33 85
46 34 33
46 35 20
46 36 5
46 37 109
46 39 47
46 41 130
46 42 128
46 44 76
47 0 5
47 1 123
47 2 34
47 3 15
47 4 113
47 5 47
47 6 101
47 9 24
47 10 1
47 11 83
47 12 76
47 13 41
47 15 69
47 16 9
47 17 124
47 20 151
47 21 22
47 22 152
47 23 132
47 28 80
47 29 41
47 30 4
47 35 129
47 36 72
47 37 160
47 38 48
47 42 115
47 43 154
47 44 53
47 45 57
48 0 58
48 1 39
48 3 106
48 4 30
48 6 83
48 7 68
48 8 92
48 9 50
48 10 131
48 11 153
48 12 69
48 14 109
48 15 126
48 16 17
48 18 87
48 19 20
48 20 100
48 21 37
48 23 134
48 24 146
48 25 33
48 27 56
48 28 74
48 29 65
48 31 144
48 32 91
48 35 120
48 37 73
48 38 123
48 39 108
48 40 143
48 41 38
48 42 128
48 43 16
48 44 82
48 45 146
48 46 81
48 47 25
49 0 96
49 2 64
49 3 48
49 4 157
49 5 3
49 6 120
49 7 109
49 9 20
49 10 114
49 12 48
49 13 25
49 14 72
49 15 14
49 16 127
49 17 88
49 18 3
49 20 54
49 22 60
49 24 106
49 27 70
49 29 106
49 30 127
49 32 72
49 34 123
49 35 76
49 36 109
49 37 149
49 38 32
49 39 67
49 40 57
49 41 85
49 43 37
49 44 89
49 45 123
49 47 21
49 48 122
50 1 4
50 2 128
50 6 54
50 7 14
50 8 123
50 11 60
50 12 63
50 13 139
50 15 9
50 16 69
50 17 61
50 19 95
50 20 61
50 21 92
50 22 155
50 23 45
50 25 37
50 27 85
50 28 29
50 29 16
50 32 4
50 33 5
50 34 73
50 35 69
50 37 105
50 38 90
50 39 113
50 40 71
50 42 9
50 43 15
50 44 119
50 45 74
50 47 150
50 48 68
51 0 86
51 1 152
51 2 127
51 3 9
51 4 95
51 5 70
51 7 2
51 8 67
51 10 81
51 11 122
51 12 113
51 14 154
51 15 43
51 17 160
51 18 112
51 20 101
51 22 133
51 23 95
51 25 23
51 26 86
51 27 56
51 28 54
51 29 110
51 30 14
51 31 14
51 32 40
51 34 4
51 35 65
51 36 1
51 37 94
51 38 102
51 39 127
51 40 59
51 41 150
51 43 53
51 44 115
51 45 114
51 46 83
51 47 121
51 49 147
51 50 42
52 0 142
52 1 15
52 2 61
52 4 28
52 5 34
52 7 122
52 8 94
52 9 124
52 10 65
52 11 121
52 13 19
52 15 155
52 16 135
52 17 51
52 18 66
52 21 97
52 22 35
52 23 50
52 24 117
52 25 55
52 27 147
52 28 59
52 30 131
52 31 50
52 33 120
52 34 56
52 38 56
52 40 49
52 41 25
52 42 96
52 43 31
52 44 2
52 51 54
53 0 67
53 2 49
53 3 25
53 5 157
53 6 74
53 7 8
53 9 67
53 13 61
53 14 98
53 15 149
53 16 123
53 17 34
53 18 45
53 19 154
53 20 8
53 23 116
53 24 125
53 25 131
53 26 89
53 27 71
53 28 6
53 29 122
53 30 130
53 31 16
53 32 95
53 33 39
53 34 102
53 35 131
53 36 126
53 38 41
53 39 8
53 41 2
53 42 155
53 43 84
53 44 109
53 45 65
53 47 150
53 48 39
53 49 94
53 50 21
53 51 42
53 52 55
54 0 3
54 4 139
54 5 70
54 6 78
54 7 63
54 11 159
54 12 27
54 15 44
54 16 60
54 19 92
54 20 100
54 21 26
54 22 133
54 23 52
54 26 121
54 27 117
54 28 49
54 29 70
54 30 68
54 31 111
54 33 148
54 34 27
54 37 11
54 38 128
54 39 159
54 40 83
54 41 56
54 42 54
54 43 140
54 45 67
54 47 54
54 48 65
54 50 120
54 52 43
54 53 79
55 0 78
55 2 23
55 3 72
55 4 29
55 5 93
55 6 93
55 7 12
55 9 100
55 11 1
55 12 80
55 13 120
55 15 69
55 16 66
55 18 49
55 19 58
55 20 122
55 21 43
55 24 152
55 25 51
55 26 114
55 27 71
55 28 110
55 29 7
55 31 18
55 33 20
55 34 123
55 36 66
55 38 117
55 40 12
55 41 127
55 42 26
55 43 94
55 44 51
55 45 87
55 46 115
55 47 120
55 48 122
55 49 154
55 51 41
55 52 92
55 53 138
55 54 150
56 1 115
56 2 2
56 3 69
56 5 80
56 6 17
56 7 58
56 8 97
56 9 64
56 11 137
56 12 145
56 13 117
56 14 157
56 16 89
56 18 30
56 19 137
56 20 6
56 21 151
56 23 137
56 24 16
56 26 81
56 29 151
56 31 155
56 32 114
56 33 32
56 34 93
56 35 65
56 39 36
56 40 79
56 41 86
56 42 118
56 43 92
56 44 155
56 47 133
56 48 156
56 49 105
56 51 16
56 52 123
56 53 124
56 54 26
56 55 104
57 0 7
57 1 108
57 2 68
57 3 34
57 4 11
57 6 104
57 7 6
57 8 104
57 9 159
57 10 33
57 11 64
57 15 115
57 17 98
57 18 130
57 19 150
57 20 27
57 23 105
57 24 59
57 25 75
57 26 74
57 27 101
57 28 146
57 29 85
57 31 23
57 32 142
57 34 95
57 35 71
57 36 83
57 37 159
57 38 32
57 39 76
57 40 100
57 42 17
57 44 6
57 46 149
57 47 128
57 48 110
57 49 29
57 50 123
57 51 122
57 52 6
57 53 107
57 54 102
57 56 139
58 1 120
58 3 111
58 4 83
58 5 152
58 6 157
58 9 111
58 10 135
58 11 77
58 16 113
58 18 112
58 20 67
58 21 66
58 22 111
58 23 132
58 25 20
58 27 112
58 28 153
58 29 118
58 30 100
58 31 69
58 33 160
58 34 78
58 36 127
58 37 43
58 38 2
58 40 78
58 41 107
58 42 55
58 43 80
58 44 69
58 47 74
58 49 95
58 50 75
58 53 1
58 54 24
58 55 14
59 0 151
59 1 2
59 4 38
59 6 150
59 9 9
59 10 30
59 11 71
59 12 16
59 13 49
59 14 61
59 15 71
59 16 133
59 17 152
59 18 43
59 19 28
59 22 146
59 24 104
59 25 100
59 26 35
59 27 60
59 29 101
59 32 145
59 33 107
59 35 76
59 37 141
59 39 36
59 40 110
59 41 2
59 42 131
59 43 137
59 44 2
59 45 87
59 46 45
59 49 118
59 50 74
59 52 109
59 53 52
59 55 83
59 57 131
59 58 135
