60
1 0 31
2 0 248
2 1 241
3 0 21
3 1 320
3 2 64
4 0 320
4 1 196
4 2 94
4 3 256
5 0 267
5 1 213
5 2 72
5 3 139
5 4 203
6 1 176
6 2 291
6 3 79
6 4 229
6 5 285
7 0 7
7 1 35
7 5 258
7 6 115
8 0 80
8 1 107
8 2 284
8 3 11
8 4 246
8 5 140
8 6 81
8 7 131
9 1 13
9 2 204
9 3 18
9 4 216
9 5 144
9 7 222
9 8 297
10 0 61
10 1 287
10 2 259
10 3 36
10 4 221
10 5 157
10 6 195
10 7 270
10 8 269
10 9 156
11 0 147
11 1 288
11 2 93
11 3 286
11 4 182
11 5 262
11 6 238
11 7 123
11 8 6
11 9 10
11 10 284
12 0 55
12 1 137
12 2 109
12 3 15
12 4 289
12 5 76
12 6 3
12 7 46
12 9 311
12 10 60
13 0 253
13 1 113
13 2 256
13 3 263
13 4 194
13 5 113
13 6 147
13 7 15
13 8 23
13 11 304
13 12 318
14 0 166
14 1 159
14 2 243
14 4 7
14 5 187
14 6 190
14 7 310
14 8 215
14 9 55
14 10 145
14 11 49
14 13 218
15 0 152
15 1 10
15 3 289
15 4 189
15 5 199
15 6 65
15 8 214
15 9 117
15 10 240
15 11 264
15 12 37
15 13 286
15 14 18
16 0 272
16 1 247
16 2 201
16 3 86
16 4 155
16 5 136
16 7 156
16 8 264
16 9 57
16 10 207
16 11 57
16 12 201
16 13 257
16 14 217
17 0 150
17 1 108
17 2 193
17 3 67
17 4 302
17 6 140
17 7 79
17 8 270
17 9 139
17 10 276
17 11 203
17 12 123
17 13 260
17 15 92
17 16 144
18 0 215
18 1 120
18 2 81
18 3 185
18 4 65
18 5 229
18 6 313
18 7 295
18 8 32
18 9 47
18 10 310
18 11 41
18 12 128
18 14 110
18 15 27
18 16 202
18 17 192
19 0 186
19 1 117
19 2 277
19 3 63
19 4 158
19 5 250
19 6 179
19 7 270
19 8 27
19 9 128
19 10 82
19 11 230
19 12 186
19 13 117
19 14 262
19 15 73
19 16 217
19 17 4
19 18 143
20 0 11
20 1 175
20 2 162
20 3 35
20 4 221
20 5 76
20 7 164
20 8 185
20 9 28
20 10 83
20 11 16
20 12 276
20 13 247
20 14 110
20 15 287
20 16 294
20 17 84
20 18 195
20 19 171
21 0 277
21 1 72
21 2 191
21 3 102
21 4 122
21 5 58
21 6 181
21 7 44
21 8 190
21 9 320
21 10 86
21 11 260
21 12 192
21 13 66
21 14 150
21 15 62
21 16 226
21 18 134
21 19 107
21 20 287
22 1 7
22 2 228
22 3 20
22 4 99
22 6 158
22 8 298
22 9 126
22 10 247
22 11 62
22 12 273
22 13 144
22 14 282
22 15 233
22 16 50
22 17 155
22 18 163
22 19 298
22 20 35
22 21 143
23 0 69
23 2 284
23 3 167
23 4 87
23 5 171
23 6 48
23 7 178
23 8 316
23 10 252
23 12 131
23 13 184
23 14 97
23 16 206
23 17 41
23 18 73
23 19 231
23 20 193
23 21 46
23 22 22
24 0 46
24 1 141
24 2 271
24 3 52
24 4 248
24 5 211
24 6 14
24 7 182
24 8 255
24 9 30
24 11 18
24 12 299
24 13 146
24 14 146
24 15 319
24 16 251
24 17 265
24 18 78
24 19 294
24 20 130
24 21 134
24 22 136
24 23 2
25 0 254
25 1 250
25 2 314
25 3 164
25 4 42
25 5 105
25 6 27
25 7 43
25 8 135
25 9 15
25 10 72
25 11 53
25 13 16
25 14 46
25 15 320
25 16 212
25 17 91
25 18 170
25 19 213
25 20 108
25 21 171
25 22 12
25 23 174
25 24 169
26 0 3
26 1 56
26 2 215
26 4 60
26 6 53
26 7 26
26 8 92
26 10 91
26 11 208
26 12 150
26 13 67
26 14 174
26 15 309
26 16 69
26 17 193
26 18 227
26 19 116
26 20 60
26 21 103
26 22 211
26 23 20
26 24 53
26 25 159
27 0 69
27 1 227
27 2 188
27 3 56
27 4 169
27 5 114
27 6 131
27 7 37
27 8 190
27 9 300
27 11 264
27 13 67
27 15 92
27 16 170
27 17 139
27 18 149
27 19 265
27 20 85
27 21 72
27 22 106
27 24 232
27 25 36
27 26 65
28 0 220
28 1 126
28 2 223
28 3 237
28 4 141
28 5 302
28 6 238
28 7 271
28 8 67
28 9 281
28 10 292
28 11 150
28 12 36
28 13 85
28 14 176
28 15 88
28 16 249
28 17 111
28 18 246
28 19 136
28 20 256
28 21 54
28 22 43
28 23 115
28 24 212
28 25 149
28 26 313
28 27 133
29 0 252
29 1 102
29 2 218
29 3 143
29 4 207
29 5 89
29 6 133
29 7 229
29 8 41
29 9 313
29 10 66
29 11 247
29 12 174
29 13 151
29 14 110
29 15 37
29 16 319
29 17 242
29 18 132
29 19 250
29 21 60
29 22 195
29 23 312
29 24 172
29 25 86
29 26 96
29 27 265
30 0 28
30 1 76
30 2 285
30 3 99
30 5 240
30 6 176
30 7 154
30 8 102
30 9 29
30 10 274
30 11 162
30 12 127
30 13 300
30 14 202
30 15 11
30 16 91
30 17 165
30 18 100
30 19 101
30 20 67
30 21 261
30 22 151
30 23 285
30 24 73
30 25 59
30 26 279
30 28 225
30 29 95
31 0 45
31 1 280
31 2 90
31 3 98
31 4 133
31 5 272
31 6 317
31 7 6
31 9 21
31 11 96
31 12 57
31 13 298
31 14 282
31 15 257
31 17 154
31 18 266
31 19 242
31 20 125
31 21 136
31 22 12
31 23 197
31 25 292
31 26 208
31 27 270
31 28 192
32 0 33
32 1 148
32 2 231
32 3 10
32 4 183
32 5 203
32 6 302
32 7 135
32 8 26
32 9 211
32 10 59
32 11 120
32 12 281
32 13 283
32 14 128
32 15 103
32 16 258
32 17 184
32 18 109
32 19 235
32 21 225
32 22 59
32 24 262
32 25 61
32 26 263
32 27 159
32 28 244
32 29 10
32 30 318
32 31 248
33 0 159
33 1 87
33 2 286
33 3 20
33 4 25
33 5 224
33 6 97
33 7 45
33 8 61
33 9 40
33 11 22
33 13 124
33 14 277
33 15 36
33 16 14
33 17 14
33 18 120
33 19 106
33 20 137
33 21 46
33 22 302
33 23 136
33 24 227
33 25 119
33 26 246
33 27 131
33 28 39
33 29 61
33 30 265
33 31 175
33 32 97
34 1 319
34 2 150
34 3 301
34 7 250
34 8 132
34 9 12
34 10 296
34 11 214
34 13 190
34 14 266
34 15 142
34 16 95
34 17 231
34 18 29
34 20 221
34 21 211
34 22 93
34 23 20
34 24 2
34 25 82
34 27 191
34 29 197
34 30 130
34 31 127
34 32 34
34 33 112
35 0 75
35 1 46
35 2 258
35 3 138
35 4 239
35 5 156
35 6 95
35 7 168
35 8 202
35 9 60
35 10 132
35 11 148
35 12 55
35 13 29
35 14 298
35 15 55
35 16 166
35 17 74
35 18 142
35 19 170
35 20 292
35 22 72
35 23 44
35 24 18
35 25 102
35 26 151
35 27 70
35 28 73
35 29 229
35 30 51
35 31 293
35 32 73
35 33 86
35 34 185
36 0 194
36 1 85
36 2 17
36 5 101
36 6 287
36 7 36
36 9 260
36 10 91
36 11 18
36 12 35
36 14 287
36 15 73
36 16 193
36 18 319
36 19 261
36 20 64
36 21 110
36 22 308
36 23 150
36 24 258
36 25 85
36 26 207
36 27 70
36 28 144
36 29 294
36 30 51
36 31 159
36 32 298
36 33 209
36 34 281
36 35 65
37 0 39
37 1 100
37 2 254
37 3 173
37 4 47
37 6 261
37 7 194
37 8 115
37 9 29
37 11 312
37 12 171
37 13 88
37 15 265
37 16 201
37 17 157
37 18 118
37 19 241
37 20 8
37 21 54
37 22 266
37 23 238
37 24 92
37 25 114
37 26 106
37 27 132
37 29 210
37 30 27
37 31 177
37 33 188
37 34 172
37 35 242
37 36 194
38 0 294
38 1 101
38 2 113
38 3 273
38 4 12
38 5 167
38 6 161
38 7 60
38 8 300
38 9 246
38 10 117
38 11 47
38 12 15
38 13 174
38 14 189
38 15 93
38 16 8
38 17 19
38 18 182
38 19 209
38 20 16
38 21 318
38 22 222
38 23 100
38 24 144
38 25 109
38 26 70
38 27 308
38 28 319
38 29 317
38 30 180
38 31 202
38 32 75
38 34 73
38 35 209
38 37 191
39 0 171
39 1 286
39 2 177
39 3 80
39 4 22
39 5 200
39 6 232
39 7 283
39 8 251
39 9 30
39 10 10
39 11 281
39 12 166
39 13 266
39 14 244
39 15 189
39 16 302
39 17 155
39 18 183
39 19 223
39 20 114
39 22 249
39 23 104
39 24 100
39 25 123
39 26 182
39 28 238
39 30 314
39 31 98
39 32 182
39 33 177
39 34 317
39 36 314
39 38 80
40 0 240
40 1 163
40 2 74
40 4 168
40 5 13
40 6 139
40 7 103
40 9 12
40 10 173
40 11 204
40 13 263
40 15 81
40 16 262
40 17 214
40 18 241
40 19 161
40 20 294
40 21 214
40 22 9
40 23 75
40 24 104
40 25 44
40 26 105
40 27 121
40 29 308
40 31 275
40 33 85
40 34 29
40 35 197
40 36 82
40 37 10
40 38 94
40 39 167
41 0 174
41 1 37
41 2 132
41 3 53
41 4 129
41 5 179
41 7 131
41 8 102
41 9 38
41 10 301
41 11 244
41 12 81
41 13 82
41 14 178
41 15 239
41 17 284
41 18 197
41 19 74
41 20 199
41 21 177
41 22 68
41 23 91
41 24 75
41 26 267
41 27 29
41 28 317
41 29 91
41 30 166
41 31 231
41 32 294
41 33 196
41 34 119
41 35 148
41 36 258
41 37 315
41 38 98
41 39 52
41 40 122
42 0 300
42 1 30
42 2 83
42 3 149
42 4 20
42 5 282
42 6 269
42 7 163
42 8 12
42 9 237
42 10 133
42 11 271
42 12 318
42 13 289
42 14 264
42 15 278
42 16 49
42 17 173
42 18 315
42 19 214
42 20 51
42 21 59
42 22 125
42 23 271
42 24 171
42 25 52
42 26 172
42 27 155
42 28 54
42 29 216
42 30 215
42 32 240
42 33 170
42 34 135
42 35 97
42 36 68
42 37 133
42 38 177
42 39 25
42 40 109
42 41 96
43 0 308
43 1 284
43 2 230
43 3 62
43 5 76
43 6 149
43 7 276
43 8 233
43 9 97
43 10 171
43 11 200
43 12 171
43 13 119
43 14 81
43 15 45
43 16 187
43 18 255
43 19 281
43 20 136
43 21 41
43 22 84
43 23 176
43 24 38
43 25 187
43 26 167
43 27 20
43 28 147
43 29 104
43 30 273
43 31 304
43 32 165
43 33 131
43 34 143
43 35 142
43 36 11
43 37 63
43 38 48
43 39 293
43 40 62
43 41 240
43 42 277
44 0 312
44 1 236
44 2 91
44 3 278
44 4 243
44 5 89
44 6 237
44 7 132
44 8 59
44 9 292
44 10 303
44 11 125
44 12 51
44 13 141
44 14 310
44 15 320
44 16 15
44 17 240
44 18 180
44 19 195
44 20 287
44 21 86
44 22 277
44 23 88
44 24 62
44 25 161
44 26 233
44 28 86
44 29 203
44 30 81
44 31 221
44 32 146
44 34 143
44 35 299
44 36 258
44 37 36
44 38 107
44 39 21
44 40 284
44 41 315
44 42 306
44 43 82
45 0 128
45 1 229
45 2 115
45 3 83
45 4 56
45 5 63
45 6 93
45 7 159
45 8 254
45 9 45
45 10 253
45 11 274
45 13 267
45 14 185
45 15 237
45 16 42
45 17 302
45 18 251
45 19 156
45 20 167
45 21 18
45 22 3
45 23 57
45 24 216
45 25 12
45 26 164
45 27 291
45 28 139
45 29 191
45 30 175
45 31 134
45 33 236
45 34 131
45 35 293
45 36 45
45 37 85
45 38 96
45 39 94
45 40 219
45 41 89
45 42 117
45 43 253
45 44 263
46 0 6
46 1 19
46 2 35
46 3 91
46 4 188
46 5 210
46 6 176
46 7 24
46 8 159
46 9 67
46 10 164
46 12 188
46 13 221
46 14 3
46 15 250
46 16 49
46 17 235
46 18 84
46 19 136
46 20 9
46 21 292
46 22 140
46 23 209
46 25 135
46 26 180
46 27 100
46 28 219
46 29 165
46 30 200
46 31 187
46 32 246
46 33 9
46 34 94
46 36 208
46 37 202
46 38 233
46 39 239
46 40 171
46 41 152
46 42 250
46 43 130
46 44 67
46 45 7
47 1 19
47 2 124
47 3 75
47 4 290
47 5 4
47 6 109
47 7 167
47 8 316
47 9 50
47 10 291
47 11 100
47 12 283
47 13 82
47 14 131
47 15 219
47 16 219
47 17 318
47 19 314
47 21 257
47 22 30
47 23 115
47 24 194
47 25 311
47 27 245
47 28 84
47 29 82
47 30 219
47 31 7
47 32 203
47 33 130
47 34 184
47 35 55
47 36 193
47 37 130
47 38 295
47 39 107
47 41 218
47 42 31
47 43 242
47 44 225
47 45 279
47 46 43
48 0 123
48 1 97
48 3 8
48 4 4
48 5 92
48 6 144
48 7 42
48 8 171
48 11 175
48 12 284
48 13 171
48 14 14
48 15 89
48 16 228
48 18 174
48 19 195
48 20 64
48 21 82
48 22 40
48 23 284
48 24 238
48 25 270
48 26 30
48 27 98
48 28 20
48 29 76
48 30 284
48 31 50
48 32 273
48 33 20
48 34 107
48 35 172
48 36 197
48 38 194
48 39 270
48 40 11
48 42 117
48 43 267
48 45 78
48 46 198
48 47 311
49 0 218
49 3 184
49 4 18
49 5 56
49 6 39
49 7 283
49 8 239
49 9 233
49 10 95
49 11 53
49 12 248
49 13 126
49 14 210
49 16 34
49 17 271
49 18 166
49 19 250
49 21 202
49 22 124
49 23 132
49 24 118
49 26 246
49 27 174
49 28 78
49 29 170
49 30 7
49 31 247
49 32 2
49 33 139
49 34 314
49 35 54
49 36 99
49 38 271
49 40 38
49 41 216
49 42 291
49 43 154
49 44 49
49 45 292
49 46 232
49 47 203
49 48 37
50 0 194
50 1 229
50 2 292
50 3 51
50 5 82
50 6 59
50 7 224
50 8 32
50 9 69
50 10 145
50 12 232
50 13 31
50 14 164
50 15 186
50 16 235
50 17 241
50 18 25
50 19 21
50 20 214
50 21 151
50 22 176
50 24 151
50 25 246
50 26 220
50 27 23
50 29 129
50 30 64
50 32 73
50 33 318
50 34 270
50 35 308
50 36 225
50 37 225
50 38 261
50 39 304
50 40 45
50 41 86
50 42 249
50 43 233
50 44 5
50 46 121
50 47 221
50 48 230
50 49 37
51 0 121
51 1 100
51 2 138
51 3 190
51 4 112
51 5 190
51 6 59
51 7 178
51 8 137
51 10 188
51 11 77
51 12 235
51 13 61
51 14 210
51 16 94
51 17 38
51 18 277
51 19 244
51 20 116
51 22 208
51 23 316
51 24 175
51 25 48
51 26 143
51 28 150
51 29 298
51 30 168
51 31 126
51 32 34
51 33 128
51 34 40
51 35 154
51 36 78
51 37 59
51 38 53
51 39 231
51 40 10
51 41 214
51 42 75
51 43 70
51 44 204
51 45 50
51 46 59
51 47 239
51 48 289
51 49 198
51 50 207
52 0 6
52 1 77
52 2 51
52 4 140
52 5 125
52 6 73
52 7 78
52 8 184
52 9 180
52 10 6
52 11 141
52 12 17
52 13 77
52 14 236
52 15 57
52 16 2
52 17 210
52 18 66
52 19 289
52 20 37
52 21 31
52 23 90
52 24 7
52 25 144
52 26 108
52 27 90
52 28 96
52 29 254
52 30 210
52 31 77
52 33 86
52 34 51
52 35 49
52 36 103
52 37 303
52 38 48
52 39 69
52 40 62
52 41 164
52 42 3
52 43 109
52 44 113
52 46 107
52 47 20
52 48 38
52 49 220
52 50 251
52 51 233
53 0 46
53 1 302
53 2 153
53 3 111
53 4 166
53 5 108
53 6 113
53 8 205
53 9 152
53 10 239
53 13 232
53 15 29
53 16 246
53 17 175
53 18 175
53 19 217
53 20 291
53 21 226
53 22 28
53 23 41
53 24 245
53 25 9
53 27 310
53 28 306
53 29 116
53 30 10
53 31 239
53 33 127
53 34 276
53 35 261
53 37 300
53 38 304
53 39 159
53 40 74
53 41 74
53 42 252
53 43 62
53 44 106
53 45 115
53 46 183
53 47 232
53 48 278
53 49 34
53 50 201
53 51 77
53 52 69
54 0 248
54 1 320
54 2 199
54 3 133
54 4 5
54 5 156
54 6 97
54 7 139
54 8 41
54 9 101
54 10 69
54 11 194
54 12 138
54 14 219
54 15 149
54 16 181
54 17 179
54 18 188
54 19 178
54 20 105
54 22 274
54 23 188
54 24 134
54 25 180
54 26 130
54 28 51
54 30 185
54 31 18
54 32 274
54 33 247
54 34 136
54 35 29
54 36 232
54 38 87
54 39 287
54 40 258
54 41 33
54 42 87
54 43 146
54 44 290
54 45 309
54 46 298
54 47 295
54 48 270
54 50 28
54 51 149
54 53 185
55 0 242
55 2 275
55 3 112
55 4 63
55 6 3
55 7 191
55 8 139
55 9 70
55 10 219
55 11 32
55 12 193
55 13 316
55 14 72
55 15 162
55 16 61
55 17 284
55 18 119
55 19 316
55 20 7
55 21 18
55 22 190
55 23 106
55 24 19
55 25 121
55 26 238
55 28 282
55 29 203
55 30 161
55 31 68
55 32 158
55 33 5
55 34 14
55 35 9
55 36 271
55 37 31
55 38 84
55 39 178
55 40 91
55 41 9
55 43 46
55 44 170
55 45 246
55 46 208
55 48 92
55 49 72
55 50 161
55 52 143
55 53 235
55 54 147
56 0 100
56 1 220
56 2 183
56 3 41
56 4 295
56 5 67
56 6 97
56 7 50
56 8 310
56 9 300
56 10 202
56 11 57
56 13 206
56 14 100
56 15 79
56 16 150
56 17 227
56 18 300
56 19 256
56 21 48
56 22 63
56 23 232
56 24 262
56 25 317
56 26 296
56 27 273
56 28 164
56 29 73
56 30 14
56 31 80
56 32 318
56 33 80
56 34 293
56 35 153
56 36 75
56 37 122
56 38 72
56 39 61
56 40 151
56 41 212
56 42 251
56 43 36
56 44 201
56 45 86
56 46 39
56 47 13
56 48 24
56 49 31
56 50 255
56 51 299
56 52 73
56 53 80
56 54 135
56 55 182
57 0 192
57 1 155
57 2 246
57 3 107
57 4 116
57 5 274
57 6 180
57 7 40
57 8 181
57 9 40
57 10 239
57 11 133
57 12 151
57 13 198
57 15 239
57 17 243
57 18 209
57 19 54
57 21 15
57 22 181
57 23 92
57 24 302
57 25 127
57 26 102
57 27 306
57 29 239
57 30 241
57 31 53
57 32 194
57 33 213
57 34 51
57 35 149
57 37 265
57 38 178
57 39 157
57 40 127
57 41 290
57 42 89
57 43 185
57 44 276
57 46 151
57 47 19
57 48 71
57 49 278
57 50 144
57 52 44
57 54 211
57 55 120
57 56 9
58 0 307
58 1 274
58 2 200
58 3 246
58 4 22
58 6 264
58 7 172
58 8 266
58 9 182
58 11 4
58 12 285
58 13 254
58 15 296
58 17 72
58 18 2
58 20 176
58 21 140
58 23 314
58 24 208
58 25 38
58 26 161
58 27 59
58 28 35
58 29 233
58 30 153
58 31 139
58 32 170
58 33 84
58 34 115
58 35 137
58 36 242
58 37 231
58 38 235
58 39 278
58 40 100
58 41 6
58 42 60
58 45 14
58 46 206
58 47 223
58 48 161
58 49 249
58 50 301
58 51 152
58 52 59
58 53 195
58 54 301
58 55 139
58 56 235
58 57 216
59 0 278
59 1 240
59 2 172
59 3 145
59 4 229
59 5 82
59 6 145
59 7 304
59 8 173
59 9 179
59 10 274
59 11 109
59 12 121
59 13 56
59 14 145
59 17 293
59 18 9
59 19 205
59 20 119
59 21 94
59 22 48
59 23 146
59 24 272
59 25 241
59 26 137
59 27 110
59 28 70
59 29 291
59 30 209
59 31 88
59 32 164
59 33 296
59 34 110
59 35 6
59 36 177
59 37 278
59 38 3
59 39 174
59 40 32
59 41 310
59 42 272
59 43 264
59 44 45
59 45 202
59 46 21
59 47 196
59 49 45
59 50 186
59 51 284
59 52 134
59 53 22
59 54 150
59 55 185
59 56 1
59 57 34
59 58 91
