50
3 1 45
4 2 47
7 5 78
7 6 80
8 1 32
8 2 56
8 3 14
8 6 21
9 4 29
9 7 23
10 7 71
10 9 51
11 2 16
12 2 2
12 10 35
13 5 54
13 7 32
13 10 63
14 3 2
14 6 37
14 11 5
15 6 71
15 8 28
16 1 39
16 7 33
16 12 71
16 15 42
17 3 37
17 9 4
17 11 63
18 7 24
18 8 80
18 9 12
18 12 24
19 5 76
19 9 54
19 10 16
19 11 61
19 18 4
20 14 63
20 16 69
20 18 15
21 1 30
21 3 3
21 16 21
22 1 68
22 6 26
22 7 77
22 16 17
22 19 48
22 20 65
23 0 9
23 5 68
23 13 4
23 17 30
23 20 10
23 21 21
23 22 16
24 8 47
24 10 56
24 11 43
24 23 41
25 5 17
25 15 52
25 18 35
25 19 68
25 21 14
26 1 24
26 2 64
26 19 27
26 23 30
27 2 37
27 6 22
27 8 7
27 13 63
27 22 49
27 26 52
28 0 19
28 2 77
28 11 17
28 13 60
28 20 39
28 26 66
29 1 2
29 2 74
29 9 16
29 10 20
29 13 77
29 15 6
29 18 19
29 19 24
29 27 10
30 2 3
30 9 44
30 15 9
30 19 50
30 23 55
30 24 18
31 2 16
31 5 56
31 6 58
31 8 14
31 10 45
31 20 78
31 26 68
32 4 37
32 5 27
32 10 61
32 21 5
32 25 68
32 27 37
33 8 63
33 13 31
33 14 44
33 16 72
33 19 44
33 21 11
33 30 9
34 8 63
34 14 36
34 20 52
35 2 30
35 3 37
35 17 79
35 19 33
35 23 34
35 30 51
36 2 57
36 8 53
36 9 70
36 11 7
36 15 26
36 20 11
36 26 74
36 32 13
36 34 26
37 6 59
37 9 60
37 10 42
37 17 58
37 29 37
37 32 52
37 36 13
38 0 55
38 8 68
38 11 68
38 25 40
38 26 10
38 29 38
38 31 24
38 32 12
38 33 39
38 36 21
38 37 21
39 11 76
39 27 47
39 37 38
40 4 52
40 14 9
40 21 62
40 23 60
40 30 33
40 32 76
40 39 19
41 0 8
41 1 68
41 6 36
41 8 61
41 13 72
41 14 66
41 18 21
41 36 69
42 1 53
42 3 64
42 13 72
42 19 55
42 20 1
42 21 28
42 22 26
42 27 69
42 30 37
42 35 40
43 9 70
43 11 3
43 15 9
43 16 73
43 25 19
43 37 17
43 39 42
44 1 30
44 2 66
44 9 77
44 15 36
44 16 72
44 19 75
44 29 42
44 34 17
44 35 4
44 42 65
45 0 72
45 3 21
45 7 77
45 17 77
45 18 51
45 24 79
45 28 49
45 42 12
45 44 46
46 4 44
46 6 41
46 9 10
46 13 24
46 30 6
46 35 29
46 36 13
46 37 56
46 38 32
46 42 13
47 1 76
47 7 18
47 12 80
47 18 27
47 19 19
47 20 20
47 36 1
47 40 59
47 42 80
47 46 16
48 7 39
48 23 26
48 28 59
48 35 64
49 1 3
49 4 48
49 5 15
49 13 46
49 14 20
49 16 1
49 17 15
49 20 65
49 26 38
49 29 5
49 30 72
49 33 12
49 39 28
