30
1 0 156
3 2 115
4 1 73
4 2 98
5 0 131
5 2 76
6 2 42
7 1 153
7 2 40
7 4 100
7 5 111
8 1 11
9 0 70
9 2 30
9 5 32
9 7 128
9 8 28
10 0 133
10 2 67
10 3 53
10 7 5
10 9 78
11 0 52
11 1 47
11 9 81
11 10 10
12 0 8
12 2 98
12 3 4
12 4 32
12 8 70
12 9 61
13 4 66
13 6 14
13 7 13
13 8 1
13 9 1
13 10 160
13 11 125
14 0 3
14 1 57
14 2 41
14 4 3
14 5 154
14 6 117
14 8 100
14 9 58
14 10 145
14 13 16
15 2 77
15 8 34
15 11 46
15 12 49
15 14 22
16 2 73
16 4 115
16 8 57
16 9 10
16 10 28
16 14 107
17 3 9
17 4 76
17 5 21
17 13 116
18 4 29
18 7 144
18 8 55
18 11 117
18 14 158
18 15 122
19 0 47
19 2 22
19 3 73
19 4 105
19 6 21
19 7 15
19 8 116
19 11 91
19 13 3
19 18 96
20 2 34
20 3 52
20 11 38
20 12 79
20 15 65
20 17 135
21 3 110
21 5 95
21 8 81
21 15 14
21 17 140
21 20 104
22 1 62
22 3 87
22 6 153
22 10 115
22 13 72
22 14 128
23 2 40
23 3 8
23 5 4
23 11 111
23 12 39
23 14 75
23 15 53
23 16 4
23 19 143
23 22 63
24 3 81
24 5 154
24 6 125
24 8 15
24 11 156
24 13 61
24 14 42
24 15 139
24 18 119
24 20 111
24 22 44
25 1 112
25 2 87
25 3 126
25 4 102
25 6 130
25 12 108
25 14 89
25 19 81
25 20 132
25 21 116
25 23 48
26 6 89
26 7 70
26 8 76
26 9 127
26 11 149
26 12 1
26 16 50
26 19 141
26 20 160
26 21 137
26 22 115
26 23 33
26 25 2
27 0 131
27 1 24
27 3 134
27 5 115
27 6 136
27 11 111
27 12 143
27 14 99
27 16 75
27 18 4
27 19 99
27 24 132
27 26 97
28 0 1
28 1 84
28 7 159
28 12 30
28 18 140
28 22 75
28 24 48
28 26 119
29 0 87
29 4 105
29 5 147
29 6 26
29 8 55
29 9 75
29 14 115
29 15 14
29 19 27
29 20 146
29 21 154
29 28 81
