20
1 0 83
3 0 68
3 1 26
3 2 119
4 0 57
4 1 52
4 2 19
4 3 90
5 0 151
5 1 22
5 2 87
5 4 160
6 0 83
6 1 40
6 2 56
6 3 108
6 4 50
6 5 20
7 0 81
7 1 30
7 2 13
7 3 89
7 4 151
7 5 157
7 6 144
8 0 50
8 1 147
8 2 74
8 3 155
8 4 31
8 5 65
8 6 53
8 7 140
9 1 39
9 2 148
9 3 130
9 4 117
9 5 134
9 6 7
9 7 103
9 8 118
10 0 109
10 1 116
10 2 132
10 3 87
10 4 79
10 7 8
10 8 110
10 9 73
11 0 78
11 1 16
11 2 70
11 3 148
11 4 70
11 5 135
11 6 64
11 8 47
11 9 69
11 10 16
12 0 156
12 1 74
12 2 14
12 4 106
12 6 151
12 7 40
12 8 101
12 9 142
12 10 148
12 11 103
13 0 28
13 1 151
13 2 135
13 4 61
13 5 56
13 6 68
13 7 157
13 9 152
13 11 84
14 0 159
14 1 124
14 2 123
14 3 123
14 4 118
14 6 13
14 7 153
14 8 5
14 9 156
14 10 58
14 11 127
14 12 137
14 13 2
15 0 35
15 1 6
15 2 2
15 3 154
15 4 110
15 5 151
15 6 90
15 7 51
15 8 76
15 9 69
15 10 72
15 11 98
15 13 135
15 14 39
16 0 81
16 1 29
16 3 20
16 4 14
16 5 50
16 6 6
16 7 110
16 8 147
16 9 139
16 10 95
16 11 111
16 12 78
16 13 18
16 14 60
17 1 52
17 2 43
17 3 143
17 4 47
17 5 5
17 6 139
17 7 136
17 10 102
17 11 34
17 12 146
17 13 132
17 14 76
17 15 40
17 16 89
18 0 106
18 1 9
18 2 51
18 3 15
18 4 136
18 5 83
18 6 12
18 7 17
18 8 40
18 9 109
18 10 68
18 11 141
18 12 106
18 13 138
18 14 76
18 15 102
18 16 116
18 17 123
19 0 98
19 1 103
19 2 20
19 3 55
19 4 64
19 5 64
19 6 42
19 7 44
19 8 129
19 9 96
19 10 104
19 11 84
19 12 152
19 13 86
19 14 117
19 15 29
19 16 73
19 17 13
19 18 152
