60
1 0 72
4 2 116
5 0 131
5 4 140
6 5 159
7 4 56
7 5 137
8 1 154
8 3 103
9 2 3
10 2 58
10 5 96
10 7 25
10 9 86
11 3 83
11 6 65
11 8 38
12 2 81
12 3 102
12 5 70
12 6 25
13 1 110
13 10 25
13 11 35
13 12 61
14 3 112
14 5 6
14 11 59
14 12 61
14 13 23
15 0 151
15 2 64
15 4 96
15 5 18
15 8 65
15 12 25
16 0 115
16 1 156
16 5 25
16 8 141
16 11 126
16 13 58
17 0 42
17 2 103
17 4 150
17 15 27
18 2 111
18 4 16
18 11 36
18 14 144
18 17 35
19 3 138
19 4 47
19 10 114
19 14 25
19 16 12
19 18 143
20 1 46
20 4 65
20 9 129
20 14 14
20 18 152
20 19 150
21 2 72
21 3 30
21 9 47
21 14 48
21 17 21
22 2 93
22 4 89
22 7 78
22 11 47
22 12 87
22 16 135
23 0 40
23 1 139
23 5 159
23 7 18
23 14 130
23 15 83
23 19 93
23 21 81
24 5 137
24 8 130
24 9 40
24 10 87
24 11 97
24 13 65
24 18 21
24 19 107
25 3 49
25 5 100
25 6 48
25 14 74
25 16 69
25 17 8
25 21 49
26 15 104
26 16 50
26 19 2
26 25 7
27 0 70
27 2 148
27 16 27
27 20 10
27 22 75
28 0 13
28 3 136
28 10 104
28 16 150
28 17 123
28 18 43
28 23 101
28 24 160
29 2 1
29 12 39
29 13 55
29 16 100
29 26 55
30 15 111
30 18 142
30 20 20
30 22 63
30 29 46
31 0 28
31 1 4
31 5 103
31 6 24
31 9 113
31 11 141
31 12 80
31 16 110
31 19 42
31 22 152
31 24 44
31 25 140
32 1 6
32 4 30
32 7 141
32 8 3
32 9 128
32 10 128
32 16 26
32 22 154
32 24 105
32 26 99
32 28 40
33 1 39
33 6 84
33 8 66
33 13 140
33 17 128
33 18 53
33 21 74
33 24 113
33 26 61
33 28 122
33 31 132
34 2 10
34 4 84
34 5 63
34 7 60
34 11 104
34 17 89
34 18 92
34 22 12
34 27 4
34 29 119
34 30 52
34 32 4
35 1 36
35 6 121
35 8 116
35 9 68
35 14 81
35 18 153
35 19 114
35 20 44
35 23 75
35 24 160
35 30 75
35 33 155
36 1 96
36 4 149
36 5 84
36 6 36
36 7 90
36 11 99
36 13 107
36 19 80
36 22 2
36 23 44
36 24 101
36 25 149
36 28 76
36 29 48
36 31 27
36 32 59
36 33 16
36 35 66
37 0 88
37 1 151
37 2 44
37 3 95
37 8 111
37 9 83
37 12 111
37 14 3
37 16 1
37 21 145
37 26 5
37 28 117
38 5 157
38 10 7
38 17 22
38 22 116
38 31 8
38 35 129
38 37 22
39 0 106
39 10 48
39 12 142
39 15 154
39 19 113
39 20 46
39 24 145
39 25 123
39 34 21
39 35 11
39 37 70
39 38 130
40 0 4
40 4 105
40 5 8
40 13 2
40 15 131
40 20 76
40 24 149
40 28 77
40 32 30
40 33 36
40 36 63
40 38 57
41 0 1
41 3 98
41 5 95
41 7 138
41 8 80
41 9 53
41 12 29
41 13 41
41 16 108
41 18 119
41 28 113
41 29 4
41 32 5
42 0 28
42 2 118
42 4 138
42 9 117
42 10 132
42 13 20
42 16 67
42 25 148
42 26 78
42 30 116
42 32 32
42 33 142
42 34 59
42 38 117
42 40 5
43 3 105
43 13 36
43 16 133
43 19 85
43 27 133
43 28 17
43 30 75
43 37 82
43 40 157
43 41 55
44 1 82
44 2 11
44 4 124
44 7 19
44 16 1
44 18 61
44 19 129
44 20 34
44 21 78
44 25 148
44 36 117
44 39 40
44 41 156
45 4 92
45 7 137
45 13 85
45 30 65
45 33 13
45 34 86
45 37 19
45 38 149
45 39 12
45 40 149
45 42 31
46 0 145
46 1 28
46 4 60
46 6 7
46 7 115
46 13 88
46 23 29
46 24 134
46 25 156
46 36 58
46 40 8
46 44 155
47 0 51
47 2 46
47 3 44
47 7 13
47 11 95
47 20 123
47 28 61
47 30 16
47 35 48
47 40 20
47 41 46
47 42 35
47 44 89
48 2 17
48 6 51
48 7 32
48 9 4
48 11 71
48 14 160
48 18 44
48 23 18
48 25 152
48 27 77
48 32 82
48 34 82
48 36 34
48 37 158
48 38 64
48 40 32
48 41 3
49 0 63
49 2 86
49 6 123
49 7 101
49 14 13
49 16 90
49 18 101
49 20 49
49 32 10
49 33 147
49 35 31
49 44 93
49 46 159
49 47 90
50 1 59
50 3 156
50 5 21
50 6 148
50 12 67
50 14 51
50 16 104
50 24 102
50 25 134
50 31 53
50 32 51
50 37 20
50 45 30
50 47 126
50 49 48
51 4 108
51 11 114
51 14 100
51 15 45
51 17 25
51 27 151
51 31 140
51 34 78
51 35 7
51 38 65
51 41 38
51 43 47
51 44 96
52 0 73
52 1 41
52 2 25
52 5 60
52 10 54
52 12 12
52 16 91
52 22 120
52 31 79
52 32 124
52 36 9
52 39 56
52 40 128
52 41 17
52 43 81
52 46 58
52 48 98
52 51 159
53 5 95
53 9 126
53 14 77
53 17 27
53 18 35
53 21 85
53 24 119
53 29 89
53 30 117
53 31 55
53 32 127
53 33 51
53 35 50
53 41 104
53 51 112
53 52 142
54 1 96
54 9 87
54 14 70
54 17 65
54 18 91
54 24 144
54 32 111
54 33 19
54 34 96
54 38 49
54 39 125
54 40 5
54 46 82
54 50 152
54 51 85
54 52 66
55 5 4
55 8 4
55 9 79
55 10 110
55 11 137
55 18 26
55 23 93
55 30 63
55 31 58
55 32 118
55 34 49
55 35 14
55 37 99
55 40 133
55 41 106
55 42 147
55 44 143
55 45 5
55 50 149
55 51 8
55 53 148
55 54 137
56 0 21
56 2 94
56 10 137
56 14 40
56 16 39
56 22 51
56 23 5
56 24 127
56 29 41
56 33 106
56 40 56
56 42 38
56 43 100
56 47 119
56 55 11
57 3 31
57 7 83
57 11 144
57 12 148
57 13 4
57 19 150
57 21 109
57 22 29
57 23 47
57 24 19
57 27 8
57 38 73
57 40 32
57 41 6
57 43 4
57 46 117
57 48 18
57 50 144
57 54 20
58 3 148
58 9 55
58 13 52
58 15 86
58 19 96
58 21 87
58 22 87
58 30 55
58 31 41
58 33 144
58 35 140
58 44 49
58 46 154
58 47 52
58 48 114
58 55 45
59 3 113
59 8 109
59 18 49
59 25 17
59 28 90
59 29 155
59 30 157
59 31 67
59 33 14
59 38 29
59 40 71
59 43 102
59 44 160
59 47 35
59 48 19
59 50 63
59 54 149
59 58 120
