40
1 0 95
2 0 94
2 1 9
3 0 36
3 1 139
3 2 92
4 0 137
4 1 133
4 2 48
4 3 61
5 0 120
5 1 81
5 2 72
5 3 156
5 4 106
6 0 13
6 1 101
6 2 28
6 3 8
6 4 44
6 5 157
7 0 38
7 1 31
7 2 120
7 3 82
7 4 104
7 5 42
7 6 34
8 0 64
8 1 93
8 2 14
8 3 132
8 4 40
8 5 32
8 6 141
8 7 100
9 0 38
9 1 138
9 2 84
9 3 106
9 4 35
9 5 124
9 6 23
9 7 8
9 8 34
10 0 110
10 1 147
10 2 24
10 3 149
10 4 124
10 5 86
10 6 93
10 7 41
10 8 113
10 9 115
11 0 124
11 1 118
11 2 81
11 3 92
11 4 49
11 5 96
11 6 133
11 7 141
11 8 20
11 9 132
11 10 107
12 0 79
12 1 80
12 2 44
12 3 105
12 4 64
12 5 51
12 6 149
12 7 67
12 8 46
12 9 149
12 10 109
12 11 119
13 0 76
13 1 135
13 2 49
13 3 71
13 4 102
13 5 136
13 6 87
13 7 28
13 8 123
13 9 59
13 10 62
13 11 103
13 12 23
14 0 33
14 1 155
14 2 148
14 3 52
14 4 146
14 5 123
14 6 131
14 7 79
14 8 74
14 9 145
14 10 81
14 11 91
14 12 157
14 13 133
15 0 146
15 1 152
15 2 105
15 3 99
15 4 74
15 5 142
15 6 24
15 7 110
15 8 51
15 9 111
15 10 15
15 11 109
15 12 17
15 13 64
15 14 82
16 0 129
16 1 121
16 2 91
16 3 36
16 4 144
16 5 16
16 6 46
16 7 96
16 8 147
16 9 23
16 10 104
16 11 33
16 12 125
16 13 52
16 14 36
16 15 35
17 0 99
17 1 12
17 2 36
17 3 103
17 4 151
17 5 86
17 6 79
17 7 114
17 8 40
17 9 48
17 10 89
17 11 160
17 12 10
17 13 58
17 14 21
17 15 21
17 16 79
18 0 133
18 1 17
18 2 24
18 3 119
18 4 5
18 5 117
18 6 136
18 7 32
18 8 158
18 9 88
18 10 111
18 11 152
18 12 75
18 13 58
18 14 18
18 15 159
18 16 16
18 17 30
19 0 55
19 1 60
19 2 28
19 3 13
19 4 159
19 5 10
19 6 33
19 7 33
19 8 12
19 9 49
19 10 60
19 11 93
19 12 41
19 13 117
19 14 49
19 15 51
19 16 62
19 17 80
19 18 160
20 0 67
20 1 114
20 2 37
20 3 108
20 4 39
20 5 46
20 6 84
20 7 155
20 8 63
20 9 70
20 10 42
20 11 117
20 12 90
20 13 64
20 14 15
20 15 42
20 16 84
20 17 67
20 18 117
20 19 149
21 0 73
21 1 134
21 2 146
21 3 45
21 4 20
21 5 29
21 6 44
21 7 40
21 8 121
21 9 20
21 10 72
21 11 7
21 12 82
21 13 127
21 14 3
21 15 113
21 16 150
21 17 148
21 18 47
21 19 102
21 20 133
22 0 125
22 1 5
22 2 61
22 3 60
22 4 133
22 5 65
22 6 84
22 7 73
22 8 88
22 9 9
22 10 94
22 11 88
22 12 150
22 13 144
22 14 18
22 15 91
22 16 99
22 17 160
22 18 78
22 19 93
22 20 78
22 21 134
23 0 17
23 1 45
23 2 62
23 3 95
23 4 138
23 5 98
23 6 43
23 7 71
23 8 37
23 9 148
23 10 122
23 11 135
23 12 52
23 13 94
23 14 25
23 15 62
23 16 109
23 17 148
23 18 36
23 19 115
23 20 109
23 21 139
23 22 53
24 0 80
24 1 146
24 2 125
24 3 134
24 4 87
24 5 124
24 6 37
24 7 109
24 8 78
24 9 35
24 10 114
24 11 106
24 12 108
24 13 66
24 14 112
24 15 138
24 16 23
24 17 102
24 18 54
24 19 18
24 20 138
24 21 135
24 22 126
24 23 91
25 0 89
25 1 95
25 2 6
25 3 116
25 4 143
25 5 44
25 6 91
25 7 71
25 8 125
25 9 147
25 10 61
25 11 136
25 12 157
25 13 151
25 14 15
25 15 28
25 16 82
25 17 100
25 18 33
25 19 129
25 20 52
25 21 37
25 22 118
25 23 46
25 24 43
26 0 158
26 1 127
26 2 144
26 3 77
26 4 59
26 5 133
26 6 14
26 7 82
26 8 69
26 9 101
26 10 148
26 11 151
26 12 18
26 13 36
26 14 47
26 15 48
26 16 115
26 17 56
26 18 88
26 19 74
26 20 11
26 21 24
26 22 132
26 23 148
26 24 153
26 25 32
27 0 28
27 1 96
27 2 158
27 3 2
27 4 49
27 5 160
27 6 136
27 7 114
27 8 102
27 9 3
27 10 104
27 11 78
27 12 114
27 13 95
27 14 132
27 15 148
27 16 72
27 17 6
27 18 128
27 19 81
27 20 110
27 21 128
27 22 64
27 23 116
27 24 140
27 25 142
27 26 99
28 0 101
28 1 10
28 2 50
28 3 61
28 4 135
28 5 72
28 6 35
28 7 41
28 8 38
28 9 8
28 10 84
28 11 58
28 12 146
28 13 74
28 14 59
28 15 145
28 16 16
28 17 94
28 18 90
28 19 3
28 20 26
28 21 135
28 22 136
28 23 152
28 24 132
28 25 57
28 26 130
28 27 110
29 0 40
29 1 151
29 2 87
29 3 98
29 4 108
29 5 5
29 6 80
29 7 122
29 8 105
29 9 128
29 10 33
29 11 117
29 12 31
29 13 23
29 14 107
29 15 65
29 16 35
29 17 46
29 18 103
29 19 160
29 20 42
29 21 22
29 22 33
29 23 7
29 24 47
29 25 111
29 26 28
29 27 56
29 28 159
30 0 18
30 1 58
30 2 22
30 3 3
30 4 40
30 5 125
30 6 124
30 7 156
30 8 120
30 9 29
30 10 130
30 11 27
30 12 9
30 13 89
30 14 53
30 15 60
30 16 140
30 17 86
30 18 118
30 19 24
30 20 153
30 21 134
30 22 91
30 23 73
30 24 41
30 25 9
30 26 134
30 27 98
30 28 132
30 29 98
31 0 17
31 1 141
31 2 2
31 3 93
31 4 44
31 5 22
31 6 125
31 7 105
31 8 112
31 9 73
31 10 40
31 11 98
31 12 42
31 13 96
31 14 131
31 15 142
31 16 62
31 17 110
31 18 56
31 19 36
31 20 28
31 21 91
31 22 64
31 23 77
31 24 29
31 25 111
31 26 69
31 27 160
31 28 71
31 29 65
31 30 70
32 0 36
32 1 129
32 2 9
32 3 81
32 4 66
32 5 117
32 6 61
32 7 31
32 8 96
32 9 158
32 10 146
32 11 124
32 12 37
32 13 159
32 14 78
32 15 105
32 16 16
32 17 126
32 18 7
32 19 104
32 20 66
32 21 117
32 22 54
32 23 128
32 24 48
32 25 84
32 26 35
32 27 148
32 28 151
32 29 21
32 30 102
32 31 41
33 0 25
33 1 109
33 2 74
33 3 94
33 4 33
33 5 71
33 6 135
33 7 156
33 8 7
33 9 68
33 10 108
33 11 142
33 12 55
33 13 35
33 14 59
33 15 41
33 16 4
33 17 22
33 18 13
33 19 159
33 20 11
33 21 125
33 22 152
33 23 115
33 24 140
33 25 84
33 26 18
33 27 145
33 28 78
33 29 94
33 30 93
33 31 112
33 32 55
34 0 119
34 1 13
34 2 157
34 3 70
34 4 123
34 5 98
34 6 93
34 7 19
34 8 20
34 9 40
34 10 105
34 11 120
34 12 98
34 13 68
34 14 90
34 15 14
34 16 145
34 17 124
34 18 140
34 19 10
34 20 35
34 21 37
34 22 48
34 23 46
34 24 83
34 25 158
34 26 101
34 27 91
34 28 5
34 29 77
34 30 5
34 31 19
34 32 154
34 33 89
35 0 40
35 1 51
35 2 107
35 3 65
35 4 98
35 5 45
35 6 112
35 7 2
35 8 130
35 9 70
35 10 80
35 11 22
35 12 151
35 13 155
35 14 95
35 15 18
35 16 37
35 17 139
35 18 95
35 19 155
35 20 61
35 21 126
35 22 66
35 23 99
35 24 93
35 25 20
35 26 66
35 27 36
35 28 84
35 29 146
35 30 66
35 31 140
35 32 1
35 33 77
35 34 134
36 0 38
36 1 151
36 2 157
36 3 62
36 4 129
36 5 141
36 6 31
36 7 157
36 8 150
36 9 56
36 10 39
36 11 141
36 12 119
36 13 99
36 14 29
36 15 48
36 16 90
36 17 109
36 18 70
36 19 135
36 20 98
36 21 101
36 22 115
36 23 86
36 24 154
36 25 95
36 26 139
36 27 67
36 28 3
36 29 2
36 30 97
36 31 143
36 32 11
36 33 146
36 34 50
36 35 39
37 0 107
37 1 59
37 2 48
37 3 17
37 4 141
37 5 76
37 6 10
37 7 127
37 8 102
37 9 51
37 10 96
37 11 115
37 12 111
37 13 150
37 14 125
37 15 50
37 16 10
37 17 31
37 18 42
37 19 37
37 20 130
37 21 158
37 22 87
37 23 119
37 24 98
37 25 61
37 26 17
37 27 83
37 28 74
37 29 72
37 30 109
37 31 44
37 32 66
37 33 143
37 34 28
37 35 5
37 36 48
38 0 142
38 1 125
38 2 137
38 3 120
38 4 89
38 5 43
38 6 57
38 7 159
38 8 12
38 9 78
38 10 58
38 11 32
38 12 62
38 13 94
38 14 82
38 15 76
38 16 145
38 17 84
38 18 113
38 19 96
38 20 115
38 21 125
38 22 94
38 23 42
38 24 41
38 25 71
38 26 94
38 27 56
38 28 58
38 29 3
38 30 26
38 31 69
38 32 35
38 33 101
38 34 37
38 35 106
38 36 95
38 37 85
39 0 4
39 1 105
39 2 55
39 3 4
39 4 116
39 5 11
39 6 31
39 7 29
39 8 116
39 9 144
39 10 30
39 11 16
39 12 58
39 13 139
39 14 42
39 15 72
39 16 62
39 17 34
39 18 150
39 19 93
39 20 93
39 21 146
39 22 18
39 23 78
39 24 51
39 25 19
39 26 50
39 27 60
39 28 145
39 29 40
39 30 151
39 31 98
39 32 158
39 33 24
39 34 79
39 35 46
39 36 78
39 37 22
39 38 96
