30
2 1 10
5 1 1
5 4 7
6 4 2
7 2 5
7 4 2
8 2 4
8 6 10
9 2 8
9 3 8
9 5 4
9 6 4
10 5 5
10 9 10
11 4 3
11 7 1
11 8 1
12 5 6
12 10 10
13 0 5
13 1 5
13 3 3
13 5 5
13 7 2
13 11 2
14 6 10
14 8 10
14 9 2
14 10 8
14 13 4
15 5 4
15 6 10
16 10 2
16 11 6
16 12 2
16 13 3
17 9 5
17 14 7
18 0 6
18 2 5
18 6 7
18 7 4
18 9 9
18 11 9
18 14 5
18 15 10
18 17 5
19 7 6
19 8 5
19 10 8
19 12 8
19 16 2
19 18 4
20 0 4
20 3 4
20 7 5
20 8 7
20 13 8
21 0 8
21 6 8
21 9 4
21 14 10
22 3 5
22 12 3
22 21 10
23 1 8
23 6 10
23 12 10
24 4 9
24 18 4
24 20 6
25 2 4
25 4 7
25 12 5
25 13 4
25 18 8
25 23 2
26 0 8
26 6 9
26 8 7
26 9 9
26 15 1
26 19 2
26 22 4
26 24 5
27 8 7
27 13 7
28 3 6
28 4 4
28 5 6
28 10 1
28 11 10
28 14 1
28 16 6
28 25 10
28 27 1
29 0 10
29 3 4
29 17 10
29 25 4
29 28 4
