40
1 0 72
2 0 49
2 1 32
3 1 54
3 2 71
4 0 25
4 1 61
4 2 6
4 3 21
5 0 34
5 1 69
5 2 30
5 4 23
6 0 64
6 1 30
6 2 67
6 5 30
7 0 63
7 1 65
7 2 64
7 3 28
7 4 27
7 5 16
7 6 75
8 0 49
8 1 76
8 2 39
8 3 70
8 4 59
8 6 55
8 7 17
9 0 37
9 1 68
9 2 41
9 3 39
9 5 65
9 6 52
9 7 24
10 0 3
10 1 25
10 2 63
10 3 15
10 4 7
10 5 79
10 7 41
10 8 37
11 0 3
11 1 31
11 2 16
11 4 72
11 5 43
11 6 46
11 8 47
11 9 49
11 10 64
12 1 38
12 2 25
12 3 76
12 5 22
12 6 60
12 7 40
12 8 67
12 9 12
12 11 3
13 0 15
13 1 53
13 4 23
13 5 5
13 7 65
13 8 29
13 9 32
13 10 77
13 11 35
13 12 75
14 0 20
14 1 28
14 2 31
14 3 39
14 4 25
14 5 27
14 6 1
14 7 24
14 8 30
14 9 65
14 10 25
14 12 61
14 13 29
15 0 15
15 1 61
15 4 64
15 5 48
15 6 34
15 7 30
15 10 62
15 11 44
15 12 46
15 14 54
16 0 75
16 1 23
16 2 46
16 3 64
16 4 40
16 5 46
16 6 63
16 7 80
16 8 10
16 9 25
16 10 49
16 11 48
16 13 28
16 14 71
16 15 53
17 0 23
17 1 21
17 2 18
17 3 50
17 6 23
17 7 80
17 8 46
17 9 65
17 10 61
17 13 52
17 14 14
17 15 77
17 16 2
18 0 77
18 1 27
18 2 32
18 4 48
18 5 9
18 6 45
18 7 23
18 8 29
18 12 37
18 14 68
18 15 79
18 16 19
18 17 15
19 1 72
19 3 4
19 4 21
19 5 63
19 6 25
19 7 46
19 8 30
19 10 28
19 11 52
19 12 57
19 13 33
19 14 63
19 16 32
19 17 49
20 0 4
20 1 54
20 2 80
20 4 53
20 5 27
20 6 6
20 7 72
20 8 79
20 9 63
20 10 18
20 11 63
20 12 42
20 13 49
20 14 1
20 15 68
20 16 74
20 17 45
20 18 16
20 19 19
21 0 20
21 1 78
21 2 33
21 4 47
21 5 7
21 7 13
21 8 79
21 9 41
21 10 29
21 11 54
21 12 63
21 13 34
21 14 66
21 15 15
21 16 55
21 17 23
21 18 46
22 0 18
22 1 8
22 2 75
22 3 38
22 4 50
22 5 80
22 6 30
22 7 50
22 8 43
22 9 71
22 10 52
22 13 27
22 15 6
22 18 18
22 19 21
22 20 16
22 21 34
23 0 69
23 1 44
23 2 1
23 4 23
23 5 22
23 6 48
23 8 48
23 9 23
23 11 33
23 13 22
23 16 79
23 17 38
23 18 78
23 19 65
23 20 51
23 21 67
23 22 63
24 0 28
24 1 42
24 2 33
24 3 39
24 4 24
24 5 78
24 7 48
24 8 76
24 10 42
24 12 14
24 13 14
24 14 23
24 16 40
24 17 51
24 18 22
24 19 40
24 20 80
24 22 64
25 0 27
25 1 57
25 2 57
25 4 10
25 5 61
25 6 41
25 7 60
25 8 66
25 9 73
25 10 5
25 11 74
25 12 75
25 14 37
25 15 11
25 16 52
25 17 28
25 18 68
25 20 48
25 21 61
25 22 50
25 23 31
25 24 39
26 0 14
26 1 68
26 2 10
26 3 21
26 4 44
26 5 10
26 6 9
26 7 64
26 8 79
26 10 70
26 11 62
26 12 7
26 13 1
26 16 1
26 17 67
26 18 7
26 19 43
26 21 42
26 23 36
26 24 5
26 25 64
27 0 3
27 1 47
27 3 61
27 4 71
27 6 45
27 8 30
27 9 45
27 10 34
27 11 39
27 13 8
27 14 2
27 15 2
27 16 47
27 17 18
27 20 68
27 21 60
27 23 21
27 25 1
27 26 44
28 0 33
28 1 13
28 2 28
28 3 20
28 4 74
28 5 2
28 6 12
28 7 70
28 8 56
28 9 14
28 10 22
28 12 36
28 13 12
28 14 64
28 15 22
28 16 26
28 18 61
28 20 19
28 21 29
28 22 20
28 23 34
28 24 35
28 26 39
28 27 59
29 0 6
29 1 70
29 2 31
29 3 34
29 4 12
29 5 72
29 6 14
29 8 37
29 9 29
29 10 52
29 11 54
29 14 42
29 16 24
29 17 39
29 20 13
29 21 44
29 22 78
29 26 12
29 27 23
30 0 57
30 2 36
30 3 7
30 7 27
30 8 47
30 9 48
30 11 25
30 12 79
30 13 77
30 14 58
30 15 54
30 17 75
30 18 14
30 19 51
30 22 73
30 24 48
30 25 24
30 26 73
30 27 78
30 28 73
30 29 75
31 0 5
31 1 19
31 2 79
31 5 11
31 6 18
31 7 66
31 8 1
31 9 37
31 10 40
31 11 33
31 12 26
31 14 49
31 15 73
31 16 25
31 17 78
31 18 26
31 19 22
31 21 78
31 23 57
31 24 73
31 25 52
31 26 64
31 27 59
31 28 10
31 29 15
32 0 44
32 1 58
32 2 52
32 3 70
32 4 64
32 5 39
32 7 22
32 8 43
32 9 36
32 11 35
32 12 24
32 13 14
32 14 69
32 15 53
32 16 16
32 17 21
32 18 37
32 19 11
32 20 7
32 21 35
32 22 58
32 23 43
32 25 29
32 26 61
32 27 41
32 28 65
32 29 13
32 30 3
32 31 41
33 0 63
33 1 24
33 3 50
33 4 42
33 5 32
33 6 23
33 9 53
33 10 53
33 12 43
33 13 73
33 14 21
33 15 78
33 16 66
33 17 39
33 18 5
33 19 50
33 20 25
33 23 40
33 24 25
33 26 26
33 28 44
33 29 76
33 30 42
33 31 12
33 32 30
34 0 43
34 1 3
34 2 47
34 3 18
34 4 69
34 5 49
34 6 26
34 7 22
34 8 8
34 11 13
34 12 70
34 13 59
34 14 12
34 15 44
34 16 72
34 19 26
34 20 43
34 21 3
34 22 64
34 24 41
34 25 46
34 26 37
34 27 52
34 28 52
34 29 44
34 30 73
34 31 77
34 32 28
34 33 8
35 0 55
35 1 54
35 2 3
35 3 50
35 4 21
35 5 78
35 11 6
35 12 73
35 14 7
35 15 58
35 16 68
35 17 59
35 18 41
35 19 69
35 21 67
35 22 61
35 23 59
35 24 80
35 25 18
35 26 33
35 27 73
35 28 1
35 29 29
35 30 24
35 31 60
35 32 80
35 33 13
35 34 42
36 0 19
36 1 69
36 2 35
36 5 26
36 6 73
36 7 78
36 8 79
36 9 26
36 11 62
36 13 70
36 14 32
36 15 79
36 16 69
36 19 1
36 20 44
36 21 64
36 22 21
36 23 15
36 24 41
36 25 36
36 26 47
36 27 53
36 28 20
36 29 61
36 30 65
36 31 49
37 0 13
37 2 5
37 3 79
37 4 58
37 6 78
37 8 56
37 10 4
37 11 44
37 12 3
37 13 10
37 14 8
37 15 32
37 17 51
37 19 51
37 20 8
37 21 29
37 22 19
37 23 10
37 24 42
37 26 55
37 28 28
37 29 22
37 31 78
37 32 45
37 33 33
37 34 10
37 35 10
38 1 29
38 2 75
38 4 16
38 5 37
38 6 22
38 7 5
38 8 51
38 9 72
38 10 46
38 11 35
38 13 55
38 14 46
38 15 40
38 16 70
38 17 79
38 18 27
38 19 45
38 20 32
38 21 6
38 22 40
38 23 2
38 24 62
38 25 47
38 26 16
38 27 72
38 28 16
38 30 22
38 31 56
38 32 70
38 34 66
38 35 33
38 36 24
39 1 70
39 3 76
39 4 14
39 5 4
39 6 50
39 7 46
39 8 5
39 9 23
39 10 20
39 12 16
39 14 26
39 15 12
39 16 44
39 17 78
39 20 35
39 21 70
39 22 12
39 23 24
39 24 52
39 25 61
39 26 77
39 28 35
39 32 70
39 33 25
39 34 1
39 35 16
39 37 23
39 38 2
