50
1 0 22
2 0 51
2 1 69
3 0 18
4 0 10
4 1 46
5 4 75
6 0 69
6 1 22
6 2 46
6 3 55
6 4 44
7 0 68
7 1 33
7 3 77
7 4 49
7 5 61
8 3 53
8 5 9
8 7 5
9 0 28
9 1 9
9 2 34
9 3 35
9 6 36
9 7 65
10 0 41
10 1 49
10 2 68
10 3 61
10 7 47
10 8 12
10 9 37
11 1 4
11 2 10
11 5 37
11 6 28
11 8 67
11 9 69
12 1 6
12 2 23
12 3 50
12 4 54
12 5 63
12 6 79
12 8 77
12 10 26
13 0 32
13 3 39
13 4 38
13 8 61
13 9 30
13 10 79
13 11 48
14 0 80
14 1 14
14 2 78
14 3 9
14 4 42
14 5 3
14 6 69
14 7 30
14 9 30
14 10 1
14 12 15
15 1 33
15 3 31
15 4 25
15 5 6
15 6 13
15 7 29
15 8 75
15 10 40
15 11 63
15 12 28
15 13 32
15 14 23
16 0 26
16 1 4
16 3 55
16 4 60
16 5 28
16 6 6
16 7 52
16 8 3
16 9 13
16 10 75
16 11 71
16 12 34
16 15 52
17 1 68
17 2 28
17 3 11
17 4 67
17 5 35
17 6 76
17 8 32
17 9 32
17 10 27
17 11 31
17 12 15
17 13 1
17 14 75
17 15 58
17 16 34
18 0 58
18 1 38
18 2 1
18 5 13
18 6 45
18 10 43
18 11 17
18 13 76
18 14 11
18 16 54
18 17 6
19 0 69
19 4 40
19 5 77
19 6 66
19 8 31
19 10 68
19 11 18
19 13 19
19 17 77
19 18 27
20 0 1
20 4 54
20 5 17
20 7 34
20 8 19
20 10 62
20 12 2
20 13 23
20 16 46
20 17 46
20 19 27
21 1 78
21 2 8
21 4 38
21 5 63
21 7 57
21 8 27
21 9 71
21 10 66
21 12 44
21 13 23
21 15 70
21 16 33
21 17 50
22 0 23
22 1 34
22 2 24
22 3 13
22 6 54
22 7 52
22 8 35
22 10 10
22 11 33
22 14 71
22 19 8
22 20 17
22 21 4
23 0 43
23 1 75
23 2 70
23 3 46
23 6 17
23 7 7
23 9 74
23 10 36
23 11 59
23 12 44
23 13 14
23 14 25
23 15 37
23 17 57
23 18 8
23 21 69
23 22 75
24 0 73
24 1 15
24 2 14
24 3 55
24 7 63
24 8 26
24 9 52
24 12 14
24 13 57
24 14 41
24 15 76
24 16 68
24 19 58
24 20 39
24 22 60
24 23 55
25 0 77
25 1 64
25 2 12
25 3 56
25 5 77
25 6 34
25 7 65
25 8 67
25 9 60
25 11 30
25 13 73
25 14 51
25 15 55
25 17 69
25 20 23
25 21 4
25 22 77
25 23 65
25 24 76
26 0 26
26 2 55
26 3 58
26 6 13
26 9 78
26 11 22
26 12 39
26 13 12
26 15 37
26 16 2
26 18 55
26 21 35
26 22 60
26 23 76
26 25 8
27 0 11
27 1 7
27 5 40
27 6 38
27 7 28
27 8 12
27 12 32
27 14 25
27 15 59
27 16 6
27 17 49
27 18 64
27 19 62
27 20 68
27 24 20
27 25 32
28 0 53
28 1 19
28 2 79
28 4 51
28 5 42
28 6 31
28 7 71
28 8 75
28 10 23
28 11 55
28 13 50
28 16 50
28 19 48
28 20 16
28 22 39
28 23 61
28 24 60
28 27 73
29 0 49
29 3 34
29 5 76
29 11 38
29 12 65
29 14 67
29 17 66
29 18 63
29 21 13
29 24 1
29 25 35
29 28 65
30 3 29
30 6 53
30 8 51
30 13 15
30 15 26
30 17 79
30 18 55
30 21 73
30 23 62
30 25 20
30 26 34
31 1 76
31 2 61
31 3 41
31 6 64
31 7 50
31 8 69
31 9 16
31 10 41
31 11 16
31 13 32
31 14 78
31 15 19
31 16 32
31 19 80
31 20 55
31 21 75
31 22 26
31 23 66
31 25 78
31 26 31
31 28 38
31 29 79
31 30 42
32 0 7
32 1 73
32 5 22
32 6 30
32 7 64
32 10 44
32 12 56
32 13 73
32 14 48
32 15 58
32 17 6
32 18 39
32 20 80
32 21 10
32 22 14
32 23 21
32 24 62
32 25 29
32 26 54
32 27 61
33 0 16
33 1 35
33 2 57
33 3 34
33 5 15
33 8 61
33 10 34
33 11 19
33 14 49
33 15 36
33 17 70
33 18 31
33 21 76
33 22 20
33 25 24
33 26 29
33 27 68
33 30 10
33 32 21
34 0 19
34 1 1
34 2 78
34 3 54
34 7 57
34 8 1
34 9 69
34 10 51
34 11 51
34 12 23
34 13 44
34 15 42
34 16 2
34 17 68
34 18 31
34 19 1
34 20 35
34 21 45
34 23 43
34 27 30
34 28 49
34 29 35
34 31 32
34 32 44
34 33 70
35 0 66
35 1 74
35 2 33
35 3 59
35 6 59
35 7 27
35 9 72
35 10 77
35 11 58
35 13 36
35 14 64
35 16 16
35 18 79
35 21 20
35 22 34
35 24 44
35 25 33
35 26 49
35 27 5
35 28 20
35 29 12
35 30 54
35 32 57
35 33 50
35 34 22
36 0 22
36 1 61
36 5 56
36 6 49
36 9 64
36 10 40
36 11 32
36 12 74
36 13 6
36 14 71
36 15 39
36 16 58
36 19 57
36 21 6
36 22 66
36 23 40
36 26 72
36 27 41
36 28 33
36 29 43
36 30 27
36 31 56
36 32 79
36 33 45
36 34 53
36 35 76
37 0 16
37 2 50
37 3 30
37 5 1
37 6 73
37 9 37
37 10 79
37 11 46
37 14 68
37 17 74
37 18 78
37 19 10
37 20 41
37 24 69
37 25 31
37 26 67
37 32 4
37 35 51
38 1 28
38 2 18
38 3 51
38 5 78
38 6 9
38 7 12
38 8 80
38 9 43
38 10 34
38 13 9
38 14 56
38 17 19
38 21 74
38 23 72
38 24 51
38 26 43
38 28 10
38 29 31
38 31 25
38 33 74
38 34 55
38 35 28
38 37 24
39 1 35
39 3 5
39 5 63
39 6 21
39 11 18
39 12 76
39 14 55
39 15 1
39 16 29
39 17 29
39 18 3
39 19 58
39 20 13
39 21 72
39 25 78
39 26 65
39 28 24
39 29 46
39 30 23
39 31 55
39 33 22
39 36 12
39 37 20
40 0 59
40 1 39
40 2 50
40 4 57
40 7 60
40 8 18
40 9 4
40 10 11
40 12 38
40 13 24
40 14 53
40 15 1
40 17 46
40 18 37
40 19 41
40 21 26
40 23 9
40 24 60
40 25 75
40 27 26
40 28 21
40 30 43
40 31 9
40 32 71
40 33 59
40 35 18
40 36 55
40 38 6
41 0 80
41 3 15
41 4 45
41 7 53
41 8 79
41 9 31
41 10 22
41 12 10
41 13 57
41 14 42
41 16 70
41 18 14
41 19 37
41 22 37
41 23 53
41 25 8
41 26 2
41 27 36
41 31 59
41 32 27
41 33 34
41 34 27
41 37 36
41 39 33
42 1 80
42 3 16
42 4 9
42 8 48
42 11 49
42 12 76
42 14 5
42 15 28
42 18 75
42 19 28
42 23 35
42 25 34
42 26 25
42 27 9
42 28 45
42 29 19
42 30 77
42 32 74
42 35 47
42 38 62
42 39 55
42 40 28
42 41 15
43 0 26
43 2 10
43 3 36
43 4 4
43 6 24
43 7 36
43 8 50
43 9 16
43 12 35
43 13 15
43 15 76
43 16 43
43 17 23
43 19 7
43 20 40
43 21 27
43 22 46
43 23 47
43 24 69
43 25 18
43 26 36
43 27 47
43 30 45
43 31 44
43 33 17
43 34 79
43 38 46
43 39 75
43 40 72
44 1 72
44 2 17
44 3 46
44 4 53
44 5 74
44 6 27
44 8 12
44 9 77
44 10 65
44 12 21
44 13 71
44 14 8
44 17 35
44 18 23
44 19 24
44 20 58
44 21 33
44 22 12
44 23 10
44 24 54
44 26 39
44 27 13
44 28 2
44 29 60
44 30 59
44 35 26
44 36 51
44 37 69
44 38 6
44 39 70
44 41 79
44 43 26
45 0 33
45 2 9
45 4 20
45 5 54
45 7 51
45 8 78
45 9 17
45 10 72
45 11 3
45 12 79
45 13 76
45 14 44
45 16 1
45 18 33
45 20 63
45 21 6
45 23 44
45 25 54
45 26 73
45 27 49
45 28 5
45 29 80
45 36 33
45 37 22
45 38 45
45 39 71
45 40 34
45 44 31
46 0 79
46 3 71
46 4 25
46 5 1
46 7 74
46 9 64
46 12 53
46 15 72
46 17 47
46 19 36
46 22 14
46 23 54
46 24 42
46 25 64
46 26 55
46 28 35
46 30 18
46 31 25
46 34 18
46 36 63
46 39 51
46 41 54
46 44 18
46 45 70
47 0 27
47 1 51
47 5 30
47 6 25
47 8 39
47 9 43
47 10 6
47 11 35
47 12 74
47 13 47
47 14 47
47 17 14
47 19 22
47 21 63
47 22 40
47 24 19
47 25 66
47 26 52
47 27 61
47 28 41
47 30 59
47 32 69
47 34 71
47 35 1
47 36 1
47 38 80
47 40 59
47 41 30
47 44 36
47 45 7
47 46 64
48 1 50
48 3 36
48 4 54
48 5 29
48 6 10
48 8 37
48 9 58
48 10 49
48 11 62
48 12 36
48 13 29
48 14 21
48 15 34
48 16 78
48 17 39
48 22 79
48 23 9
48 28 36
48 30 65
48 33 77
48 35 39
48 37 67
48 38 28
48 39 79
48 40 20
48 42 11
48 43 80
48 46 21
48 47 79
49 2 54
49 3 70
49 4 22
49 5 47
49 8 28
49 10 2
49 11 20
49 15 75
49 16 26
49 17 56
49 18 39
49 19 59
49 21 17
49 23 47
49 25 27
49 26 3
49 27 26
49 28 25
49 29 35
49 30 73
49 32 61
49 33 16
49 34 75
49 35 41
49 38 18
49 39 51
49 40 39
49 41 56
49 48 39
