50
1 0 46
2 0 8
2 1 24
3 0 12
3 1 45
3 2 5
4 0 14
4 1 12
4 2 33
4 3 35
5 0 45
5 1 28
5 2 7
5 3 40
5 4 78
6 0 24
6 1 23
6 2 46
6 3 78
6 4 62
6 5 9
7 0 39
7 1 10
7 2 3
7 3 73
7 4 16
7 5 24
7 6 43
8 0 25
8 1 31
8 2 11
8 3 29
8 4 39
8 5 72
8 6 19
8 7 74
9 0 3
9 1 11
9 2 13
9 3 61
9 4 7
9 5 79
9 6 23
9 7 34
9 8 39
10 0 66
10 1 26
10 2 66
10 3 9
10 4 44
10 5 79
10 6 47
10 7 74
10 8 70
10 9 65
11 0 6
11 1 80
11 2 21
11 3 41
11 4 31
11 5 57
11 6 12
11 7 19
11 8 28
11 9 5
11 10 41
12 0 44
12 1 27
12 2 36
12 3 55
12 4 79
12 5 32
12 6 56
12 7 21
12 8 46
12 9 8
12 10 74
12 11 26
13 0 60
13 1 6
13 2 50
13 3 18
13 4 31
13 5 79
13 6 14
13 7 79
13 8 77
13 9 58
13 10 36
13 11 57
13 12 2
14 0 63
14 1 27
14 2 67
14 3 47
14 4 15
14 5 28
14 6 70
14 7 3
14 8 43
14 9 52
14 10 10
14 11 53
14 12 72
14 13 7
15 0 49
15 1 76
15 2 56
15 3 15
15 4 71
15 5 19
15 6 62
15 7 5
15 8 66
15 9 25
15 10 19
15 11 64
15 12 23
15 13 11
15 14 3
16 0 60
16 1 31
16 2 62
16 3 80
16 4 59
16 5 69
16 6 4
16 7 73
16 8 14
16 9 34
16 10 62
16 11 8
16 12 42
16 13 37
16 14 32
16 15 21
17 0 60
17 1 25
17 2 27
17 3 53
17 4 39
17 5 78
17 6 51
17 7 1
17 8 16
17 9 79
17 10 32
17 11 36
17 12 44
17 13 65
17 14 26
17 15 52
17 16 61
18 0 4
18 1 21
18 2 70
18 3 53
18 4 18
18 5 42
18 6 32
18 7 45
18 8 3
18 9 45
18 10 73
18 11 42
18 12 18
18 13 3
18 14 40
18 15 20
18 16 46
18 17 36
19 0 37
19 1 74
19 2 45
19 3 1
19 4 14
19 5 55
19 6 61
19 7 16
19 8 41
19 9 31
19 10 8
19 11 26
19 12 58
19 13 9
19 14 23
19 15 80
19 16 60
19 17 31
19 18 28
20 0 27
20 1 22
20 2 15
20 3 69
20 4 24
20 5 7
20 6 78
20 7 33
20 8 36
20 9 50
20 10 48
20 11 31
20 12 17
20 13 43
20 14 67
20 15 2
20 16 4
20 17 66
20 18 41
20 19 36
21 0 45
21 1 78
21 2 70
21 3 4
21 4 14
21 5 66
21 6 44
21 7 39
21 8 75
21 9 30
21 10 16
21 11 4
21 12 52
21 13 61
21 14 56
21 15 26
21 16 30
21 17 69
21 18 43
21 19 27
21 20 77
22 0 39
22 1 57
22 2 37
22 3 12
22 4 12
22 5 21
22 6 5
22 7 39
22 8 50
22 9 32
22 10 41
22 11 3
22 12 78
22 13 49
22 14 69
22 15 45
22 16 65
22 17 36
22 18 50
22 19 63
22 20 64
22 21 56
23 0 31
23 1 71
23 2 53
23 3 15
23 4 77
23 5 11
23 6 39
23 7 48
23 8 43
23 9 58
23 10 58
23 11 58
23 12 6
23 13 66
23 14 29
23 15 22
23 16 49
23 17 42
23 18 17
23 19 11
23 20 43
23 21 26
23 22 11
24 0 51
24 1 74
24 2 18
24 3 66
24 4 12
24 5 24
24 6 44
24 7 21
24 8 25
24 9 49
24 10 7
24 11 17
24 12 46
24 13 26
24 14 18
24 15 13
24 16 53
24 17 60
24 18 11
24 19 51
24 20 40
24 21 5
24 22 18
24 23 68
25 0 37
25 1 55
25 2 13
25 3 11
25 4 10
25 5 6
25 6 51
25 7 37
25 8 62
25 9 61
25 10 28
25 11 5
25 12 27
25 13 43
25 14 65
25 15 13
25 16 51
25 17 4
25 18 29
25 19 1
25 20 2
25 21 76
25 22 1
25 23 77
25 24 64
26 0 59
26 1 22
26 2 9
26 3 77
26 4 52
26 5 12
26 6 74
26 7 23
26 8 33
26 9 57
26 10 63
26 11 52
26 12 46
26 13 10
26 14 22
26 15 12
26 16 69
26 17 77
26 18 66
26 19 44
26 20 60
26 21 16
26 22 71
26 23 69
26 24 1
26 25 24
27 0 74
27 1 26
27 2 16
27 3 3
27 4 53
27 5 79
27 6 19
27 7 21
27 8 42
27 9 45
27 10 34
27 11 54
27 12 25
27 13 42
27 14 62
27 15 11
27 16 18
27 17 29
27 18 24
27 19 22
27 20 7
27 21 40
27 22 54
27 23 31
27 24 24
27 25 38
27 26 52
28 0 64
28 1 62
28 2 14
28 3 57
28 4 26
28 5 77
28 6 27
28 7 17
28 8 27
28 9 58
28 10 46
28 11 67
28 12 54
28 13 54
28 14 50
28 15 14
28 16 38
28 17 14
28 18 51
28 19 53
28 20 35
28 21 13
28 22 53
28 23 17
28 24 26
28 25 42
28 26 49
28 27 37
29 0 48
29 1 46
29 2 34
29 3 9
29 4 42
29 5 80
29 6 14
29 7 13
29 8 12
29 9 20
29 10 29
29 11 60
29 12 75
29 13 14
29 14 54
29 15 76
29 16 1
29 17 49
29 18 62
29 19 68
29 20 25
29 21 73
29 22 15
29 23 56
29 24 11
29 25 66
29 26 9
29 27 73
29 28 53
30 0 18
30 1 61
30 2 15
30 3 53
30 4 37
30 5 58
30 6 9
30 7 45
30 8 38
30 9 20
30 10 6
30 11 15
30 12 68
30 13 45
30 14 16
30 15 16
30 16 40
30 17 42
30 18 49
30 19 80
30 20 51
30 21 30
30 22 33
30 23 32
30 24 14
30 25 22
30 26 13
30 27 49
30 28 71
30 29 67
31 0 41
31 1 18
31 2 61
31 3 4
31 4 38
31 5 10
31 6 35
31 7 8
31 8 50
31 9 59
31 10 60
31 11 3
31 12 62
31 13 72
31 14 61
31 15 30
31 16 31
31 17 21
31 18 47
31 19 79
31 20 39
31 21 8
31 22 12
31 23 72
31 24 67
31 25 63
31 26 55
31 27 72
31 28 73
31 29 44
31 30 28
32 0 75
32 1 42
32 2 75
32 3 42
32 4 71
32 5 40
32 6 33
32 7 43
32 8 10
32 9 42
32 10 76
32 11 78
32 12 62
32 13 9
32 14 20
32 15 59
32 16 73
32 17 42
32 18 32
32 19 44
32 20 68
32 21 58
32 22 66
32 23 45
32 24 27
32 25 72
32 26 67
32 27 14
32 28 31
32 29 20
32 30 24
32 31 38
33 0 69
33 1 68
33 2 6
33 3 52
33 4 27
33 5 70
33 6 22
33 7 24
33 8 45
33 9 41
33 10 48
33 11 56
33 12 59
33 13 29
33 14 11
33 15 20
33 16 28
33 17 10
33 18 41
33 19 61
33 20 25
33 21 70
33 22 18
33 23 18
33 24 50
33 25 13
33 26 44
33 27 24
33 28 65
33 29 71
33 30 28
33 31 54
33 32 72
34 0 47
34 1 56
34 2 73
34 3 45
34 4 44
34 5 11
34 6 50
34 7 69
34 8 79
34 9 74
34 10 71
34 11 50
34 12 9
34 13 58
34 14 30
34 15 30
34 16 71
34 17 35
34 18 51
34 19 27
34 20 63
34 21 19
34 22 26
34 23 2
34 24 69
34 25 2
34 26 43
34 27 30
34 28 64
34 29 54
34 30 32
34 31 38
34 32 1
34 33 5
35 0 50
35 1 15
35 2 62
35 3 44
35 4 55
35 5 37
35 6 80
35 7 38
35 8 61
35 9 80
35 10 17
35 11 71
35 12 57
35 13 44
35 14 48
35 15 32
35 16 50
35 17 8
35 18 45
35 19 9
35 20 63
35 21 43
35 22 66
35 23 68
35 24 7
35 25 67
35 26 14
35 27 14
35 28 8
35 29 51
35 30 34
35 31 79
35 32 46
35 33 63
35 34 73
36 0 45
36 1 71
36 2 23
36 3 9
36 4 38
36 5 59
36 6 53
36 7 52
36 8 52
36 9 20
36 10 60
36 11 7
36 12 37
36 13 4
36 14 30
36 15 29
36 16 66
36 17 13
36 18 27
36 19 27
36 20 41
36 21 62
36 22 71
36 23 23
36 24 5
36 25 6
36 26 35
36 27 8
36 28 25
36 29 71
36 30 16
36 31 37
36 32 14
36 33 55
36 34 8
36 35 25
37 0 22
37 1 24
37 2 5
37 3 36
37 4 42
37 5 27
37 6 44
37 7 6
37 8 66
37 9 7
37 10 75
37 11 34
37 12 38
37 13 47
37 14 12
37 15 6
37 16 63
37 17 80
37 18 47
37 19 31
37 20 23
37 21 34
37 22 25
37 23 16
37 24 22
37 25 77
37 26 77
37 27 69
37 28 56
37 29 46
37 30 74
37 31 77
37 32 55
37 33 75
37 34 57
37 35 49
37 36 78
38 0 42
38 1 49
38 2 7
38 3 28
38 4 48
38 5 77
38 6 72
38 7 56
38 8 50
38 9 51
38 10 2
38 11 14
38 12 45
38 13 61
38 14 54
38 15 74
38 16 73
38 17 43
38 18 51
38 19 73
38 20 32
38 21 61
38 22 35
38 23 15
38 24 77
38 25 36
38 26 51
38 27 37
38 28 2
38 29 48
38 30 80
38 31 64
38 32 42
38 33 13
38 34 32
38 35 70
38 36 7
38 37 38
39 0 62
39 1 3
39 2 18
39 3 69
39 4 30
39 5 22
39 6 52
39 7 32
39 8 12
39 9 46
39 10 71
39 11 49
39 12 79
39 13 39
39 14 66
39 15 64
39 16 26
39 17 65
39 18 3
39 19 35
39 20 9
39 21 55
39 22 62
39 23 47
39 24 17
39 25 43
39 26 7
39 27 26
39 28 73
39 29 54
39 30 48
39 31 55
39 32 63
39 33 35
39 34 48
39 35 53
39 36 34
39 37 17
39 38 56
40 0 7
40 1 42
40 2 65
40 3 18
40 4 51
40 5 37
40 6 69
40 7 72
40 8 14
40 9 28
40 10 25
40 11 61
40 12 11
40 13 15
40 14 9
40 15 6
40 16 64
40 17 45
40 18 70
40 19 73
40 20 43
40 21 4
40 22 67
40 23 49
40 24 38
40 25 26
40 26 42
40 27 11
40 28 2
40 29 37
40 30 2
40 31 25
40 32 28
40 33 13
40 34 43
40 35 14
40 36 61
40 37 56
40 38 78
40 39 13
41 0 29
41 1 75
41 2 31
41 3 55
41 4 54
41 5 51
41 6 55
41 7 37
41 8 5
41 9 74
41 10 3
41 11 43
41 12 2
41 13 58
41 14 55
41 15 74
41 16 59
41 17 28
41 18 12
41 19 25
41 20 45
41 21 59
41 22 8
41 23 12
41 24 12
41 25 75
41 26 35
41 27 26
41 28 47
41 29 63
41 30 12
41 31 74
41 32 43
41 33 2
41 34 6
41 35 74
41 36 37
41 37 9
41 38 67
41 39 77
41 40 23
42 0 53
42 1 20
42 2 24
42 3 7
42 4 11
42 5 15
42 6 50
42 7 65
42 8 20
42 9 54
42 10 47
42 11 69
42 12 23
42 13 45
42 14 70
42 15 18
42 16 14
42 17 27
42 18 37
42 19 43
42 20 8
42 21 45
42 22 18
42 23 6
42 24 78
42 25 16
42 26 2
42 27 50
42 28 6
42 29 77
42 30 7
42 31 71
42 32 44
42 33 5
42 34 14
42 35 51
42 36 65
42 37 27
42 38 75
42 39 72
42 40 66
42 41 36
43 0 25
43 1 73
43 2 74
43 3 55
43 4 1
43 5 40
43 6 44
43 7 52
43 8 39
43 9 24
43 10 18
43 11 51
43 12 58
43 13 67
43 14 38
43 15 59
43 16 70
43 17 30
43 18 49
43 19 64
43 20 50
43 21 14
43 22 50
43 23 67
43 24 59
43 25 40
43 26 29
43 27 47
43 28 13
43 29 36
43 30 11
43 31 16
43 32 52
43 33 41
43 34 5
43 35 22
43 36 72
43 37 43
43 38 80
43 39 60
43 40 28
43 41 19
43 42 67
44 0 38
44 1 47
44 2 56
44 3 34
44 4 22
44 5 50
44 6 35
44 7 37
44 8 68
44 9 51
44 10 63
44 11 14
44 12 6
44 13 1
44 14 71
44 15 44
44 16 20
44 17 43
44 18 46
44 19 32
44 20 36
44 21 39
44 22 55
44 23 54
44 24 8
44 25 43
44 26 71
44 27 47
44 28 33
44 29 74
44 30 59
44 31 56
44 32 16
44 33 30
44 34 70
44 35 71
44 36 27
44 37 49
44 38 38
44 39 66
44 40 61
44 41 28
44 42 4
44 43 45
45 0 72
45 1 35
45 2 61
45 3 4
45 4 72
45 5 17
45 6 35
45 7 78
45 8 70
45 9 23
45 10 5
45 11 16
45 12 25
45 13 45
45 14 42
45 15 38
45 16 14
45 17 73
45 18 55
45 19 34
45 20 34
45 21 3
45 22 29
45 23 75
45 24 70
45 25 15
45 26 36
45 27 27
45 28 61
45 29 2
45 30 37
45 31 16
45 32 33
45 33 61
45 34 22
45 35 36
45 36 62
45 37 10
45 38 57
45 39 14
45 40 61
45 41 4
45 42 24
45 43 34
45 44 64
46 0 8
46 1 21
46 2 63
46 3 64
46 4 64
46 5 69
46 6 43
46 7 49
46 8 56
46 9 27
46 10 49
46 11 50
46 12 57
46 13 5
46 14 73
46 15 4
46 16 70
46 17 79
46 18 32
46 19 10
46 20 70
46 21 13
46 22 10
46 23 15
46 24 69
46 25 75
46 26 18
46 27 34
46 28 18
46 29 38
46 30 32
46 31 53
46 32 56
46 33 11
46 34 42
46 35 52
46 36 55
46 37 23
46 38 19
46 39 42
46 40 54
46 41 42
46 42 66
46 43 43
46 44 34
46 45 11
47 0 57
47 1 15
47 2 80
47 3 46
47 4 27
47 5 26
47 6 67
47 7 8
47 8 11
47 9 74
47 10 50
47 11 75
47 12 12
47 13 42
47 14 46
47 15 42
47 16 28
47 17 45
47 18 20
47 19 67
47 20 37
47 21 6
47 22 20
47 23 56
47 24 33
47 25 48
47 26 23
47 27 57
47 28 16
47 29 12
47 30 28
47 31 5
47 32 1
47 33 42
47 34 23
47 35 41
47 36 70
47 37 42
47 38 56
47 39 19
47 40 12
47 41 54
47 42 12
47 43 17
47 44 58
47 45 48
47 46 7
48 0 50
48 1 45
48 2 12
48 3 66
48 4 6
48 5 7
48 6 68
48 7 52
48 8 75
48 9 39
48 10 29
48 11 67
48 12 80
48 13 7
48 14 3
48 15 16
48 16 12
48 17 8
48 18 52
48 19 21
48 20 64
48 21 45
48 22 71
48 23 32
48 24 35
48 25 27
48 26 33
48 27 42
48 28 32
48 29 25
48 30 29
48 31 74
48 32 47
48 33 27
48 34 38
48 35 53
48 36 2
48 37 37
48 38 45
48 39 31
48 40 25
48 41 29
48 42 67
48 43 40
48 44 30
48 45 30
48 46 16
48 47 23
49 0 6
49 1 19
49 2 54
49 3 6
49 4 50
49 5 40
49 6 43
49 7 60
49 8 67
49 9 22
49 10 66
49 11 14
49 12 49
49 13 63
49 14 14
49 15 23
49 16 24
49 17 68
49 18 31
49 19 4
49 20 58
49 21 14
49 22 4
49 23 20
49 24 6
49 25 23
49 26 76
49 27 14
49 28 76
49 29 34
49 30 35
49 31 34
49 32 22
49 33 40
49 34 61
49 35 30
49 36 58
49 37 16
49 38 7
49 39 22
49 40 11
49 41 71
49 42 53
49 43 61
49 44 72
49 45 41
49 46 32
49 47 27
49 48 9
