30
2 1 6
3 1 10
3 2 11
4 0 16
4 1 6
4 3 11
5 0 3
5 2 9
5 3 19
6 1 7
6 4 20
7 1 3
7 6 19
8 0 19
8 1 16
8 3 6
9 5 15
9 7 17
10 1 16
10 2 4
10 3 6
10 4 2
10 5 14
10 7 12
10 9 12
11 1 11
11 3 20
11 4 13
11 5 4
11 6 10
11 7 8
11 9 4
11 10 2
12 0 10
12 1 6
12 3 12
12 5 1
12 7 6
12 11 16
13 0 11
13 2 3
13 6 15
13 9 13
13 10 14
13 11 10
13 12 1
14 0 6
14 1 17
14 2 12
14 3 20
14 4 7
14 9 7
14 11 5
14 12 4
15 2 2
15 5 11
15 6 7
15 9 17
15 10 10
15 11 18
15 12 20
15 14 16
16 0 2
16 1 9
16 2 15
16 3 19
16 4 1
16 6 13
16 8 9
16 11 16
17 0 10
17 1 3
17 4 11
17 6 13
17 9 17
17 10 5
17 16 10
18 0 13
18 3 14
18 4 7
18 5 3
18 8 4
18 9 9
18 11 7
18 14 8
18 15 15
19 0 17
19 2 10
19 5 20
19 9 4
19 11 6
19 13 15
19 15 13
20 7 5
20 9 8
20 10 15
20 12 17
21 1 12
21 4 7
21 6 8
21 9 5
21 10 2
21 12 5
21 13 3
21 14 2
21 15 3
21 18 1
21 19 18
22 0 5
22 2 18
22 4 19
22 5 17
22 6 18
22 10 17
22 11 20
22 18 20
22 19 1
22 20 18
23 1 10
23 3 8
23 9 7
23 11 4
23 14 19
23 16 8
23 21 15
23 22 12
24 0 14
24 2 5
24 3 10
24 4 17
24 6 15
24 16 20
24 18 19
24 21 11
25 1 12
25 4 18
25 14 17
25 16 2
25 17 4
25 18 2
25 19 3
25 20 6
25 21 11
25 24 20
26 1 6
26 3 13
26 7 1
26 11 15
26 14 4
26 18 18
26 19 7
26 20 1
26 21 11
26 23 13
27 1 8
27 4 19
27 5 11
27 6 20
27 8 19
27 11 6
27 12 3
27 14 10
27 15 17
27 17 1
27 21 1
27 26 19
28 0 3
28 4 7
28 5 12
28 7 20
28 9 17
28 10 10
28 11 3
28 12 6
28 13 7
28 14 7
28 15 2
28 17 8
28 19 6
28 20 17
28 21 18
28 23 15
28 25 3
28 27 15
29 1 15
29 4 2
29 5 10
29 6 1
29 7 7
29 8 19
29 11 5
29 12 7
29 13 9
29 14 17
29 16 16
29 17 10
29 18 7
29 22 13
29 23 10
29 24 1
29 27 6
29 28 16
