50
2 1 3
3 2 8
4 0 4
4 2 4
5 1 4
5 2 5
5 3 2
5 4 4
6 3 8
6 5 1
7 0 5
7 3 6
7 4 4
8 2 5
9 0 3
9 2 3
9 3 7
9 4 8
9 6 9
9 7 7
10 2 3
10 4 9
10 5 4
10 8 5
10 9 2
11 0 6
11 3 7
11 8 5
11 10 4
12 0 7
12 2 8
12 4 10
12 8 2
12 9 8
12 11 9
13 0 5
13 2 6
13 5 10
13 9 8
13 10 7
13 11 8
13 12 10
14 0 8
14 2 4
14 5 3
14 6 4
14 9 6
14 10 3
14 11 5
14 13 10
15 3 1
15 4 6
15 5 8
15 8 1
15 9 6
15 11 3
15 12 1
15 13 4
16 0 2
16 1 9
16 2 3
16 4 2
16 7 6
16 8 2
16 10 1
16 12 7
16 14 5
16 15 8
17 0 2
17 2 5
17 3 1
17 5 8
17 6 5
17 8 10
17 12 7
17 13 7
17 14 7
18 1 10
18 2 5
18 4 1
18 6 10
18 14 5
18 17 4
19 1 7
19 3 2
19 10 5
19 12 9
19 14 3
19 15 3
19 17 9
20 1 1
20 2 7
20 4 3
20 6 2
20 7 3
20 8 6
20 9 8
20 12 8
20 17 5
20 18 7
20 19 9
21 0 7
21 5 6
21 10 7
21 14 4
21 17 8
21 19 7
22 0 2
22 3 8
22 7 10
22 9 5
22 10 1
22 11 9
22 12 3
22 14 10
22 15 3
22 19 7
22 20 5
22 21 9
23 3 7
23 5 8
23 8 9
23 10 1
23 11 8
23 13 5
23 14 5
23 16 9
23 20 6
23 22 3
24 0 4
24 1 2
24 2 2
24 3 5
24 4 3
24 5 3
24 6 1
24 7 10
24 8 8
24 9 4
24 11 4
24 12 7
24 16 2
24 17 5
24 21 1
24 23 9
25 5 6
25 6 6
25 7 1
25 10 2
25 12 4
25 14 1
25 15 10
25 17 10
25 18 3
25 21 6
25 24 8
26 0 7
26 1 4
26 2 2
26 3 6
26 4 10
26 5 7
26 7 1
26 8 8
26 10 9
26 11 1
26 12 10
26 13 7
26 14 10
26 15 8
26 17 8
26 18 5
26 19 9
26 21 2
26 23 4
27 1 8
27 7 8
27 10 8
27 12 2
27 17 8
27 22 1
27 23 7
27 26 2
28 0 1
28 4 9
28 5 7
28 7 2
28 9 10
28 10 9
28 14 5
28 15 5
28 17 4
28 19 5
28 20 6
28 21 8
28 23 2
28 24 4
28 26 8
29 1 1
29 3 10
29 4 6
29 5 2
29 6 10
29 7 8
29 10 4
29 13 5
29 14 6
29 19 3
29 22 8
29 23 4
29 24 4
29 25 6
29 26 10
30 1 2
30 2 3
30 5 10
30 8 6
30 10 10
30 13 3
30 14 8
30 16 7
30 17 5
30 18 5
30 21 2
30 22 9
30 23 9
30 29 9
31 1 7
31 4 2
31 8 4
31 11 1
31 12 2
31 13 4
31 19 4
31 20 8
31 21 8
31 23 6
31 25 6
31 26 9
31 27 4
32 2 6
32 3 2
32 4 3
32 6 3
32 7 4
32 9 5
32 11 2
32 13 2
32 14 7
32 15 10
32 16 8
32 17 5
32 18 1
32 19 9
32 20 6
32 22 2
32 23 8
32 27 8
32 28 10
32 31 1
33 1 8
33 2 9
33 3 9
33 4 2
33 5 8
33 7 1
33 9 5
33 10 9
33 11 7
33 13 4
33 16 8
33 17 10
33 18 3
33 21 6
33 22 1
33 25 8
33 28 1
33 29 10
33 31 8
33 32 3
34 5 9
34 6 3
34 7 1
34 8 7
34 9 5
34 15 3
34 17 2
34 21 9
34 22 3
34 23 8
34 24 1
34 27 3
34 28 2
34 29 8
34 33 5
35 0 10
35 1 10
35 3 4
35 5 7
35 6 10
35 8 7
35 9 6
35 10 4
35 14 7
35 16 1
35 18 5
35 20 4
35 21 8
35 22 5
35 23 1
35 26 2
35 27 10
35 31 1
35 32 7
35 33 7
36 0 10
36 1 8
36 3 3
36 5 10
36 6 8
36 9 3
36 10 10
36 12 6
36 14 6
36 15 6
36 17 2
36 20 7
36 24 2
36 26 4
36 28 8
36 30 1
36 34 2
36 35 6
37 1 4
37 2 6
37 3 2
37 5 3
37 6 4
37 7 1
37 9 7
37 11 9
37 13 8
37 15 8
37 16 7
37 17 7
37 18 1
37 19 3
37 21 8
37 22 3
37 23 2
37 25 2
37 27 10
37 29 7
37 34 3
38 0 8
38 1 4
38 2 7
38 6 1
38 8 9
38 9 6
38 13 7
38 14 7
38 16 10
38 18 7
38 21 8
38 23 10
38 24 4
38 25 6
38 26 6
38 27 9
38 28 4
38 29 2
38 30 4
38 31 5
38 34 5
38 36 10
38 37 5
39 0 9
39 1 4
39 2 9
39 3 1
39 4 4
39 10 4
39 11 8
39 14 3
39 18 1
39 20 4
39 23 2
39 25 9
39 27 10
39 28 6
39 30 1
39 32 1
39 36 2
40 0 1
40 1 4
40 2 1
40 4 1
40 5 2
40 6 8
40 9 2
40 10 2
40 11 9
40 12 9
40 17 9
40 20 10
40 21 1
40 22 7
40 23 10
40 25 3
40 26 4
40 28 4
40 29 9
40 30 7
40 31 9
40 34 3
40 37 2
40 38 2
41 1 7
41 2 10
41 3 7
41 4 10
41 6 3
41 8 1
41 12 4
41 13 10
41 14 3
41 15 3
41 16 10
41 17 6
41 19 7
41 21 5
41 24 7
41 26 7
41 29 10
41 30 5
41 32 6
41 33 2
41 34 2
41 35 6
41 36 3
41 37 5
41 38 3
41 39 1
41 40 3
42 4 3
42 8 9
42 14 2
42 15 2
42 16 2
42 17 1
42 20 1
42 22 4
42 23 1
42 24 4
42 25 1
42 28 8
42 31 9
42 32 8
42 35 8
42 36 1
42 37 9
43 4 6
43 6 7
43 7 9
43 9 7
43 11 7
43 13 8
43 14 3
43 15 1
43 16 9
43 17 6
43 18 3
43 19 1
43 20 7
43 21 10
43 25 5
43 26 6
43 28 5
43 29 3
43 32 10
43 34 3
43 36 2
43 39 3
43 40 10
44 0 7
44 4 9
44 7 1
44 8 1
44 11 4
44 13 5
44 14 9
44 16 4
44 17 7
44 18 7
44 19 2
44 23 8
44 24 2
44 25 2
44 27 4
44 28 9
44 29 6
44 31 4
44 32 8
44 34 5
44 35 7
44 38 5
44 40 5
44 42 4
44 43 1
45 1 9
45 5 10
45 6 4
45 8 3
45 10 3
45 12 10
45 13 9
45 16 4
45 22 3
45 24 10
45 31 10
45 34 10
45 38 5
45 39 5
45 41 2
45 43 4
46 0 5
46 1 5
46 3 5
46 5 7
46 6 8
46 8 5
46 10 10
46 11 10
46 12 6
46 14 6
46 15 9
46 17 6
46 18 8
46 20 9
46 23 1
46 24 2
46 26 8
46 28 1
46 30 4
46 31 7
46 33 6
46 34 8
46 41 4
46 42 7
46 44 1
46 45 10
47 0 1
47 1 1
47 3 6
47 4 7
47 8 9
47 9 8
47 12 4
47 13 7
47 21 3
47 25 10
47 26 7
47 27 5
47 28 9
47 29 1
47 30 1
47 33 5
47 35 9
47 38 8
47 39 5
47 40 7
47 41 2
47 45 10
47 46 10
48 0 2
48 4 7
48 7 5
48 8 2
48 9 8
48 11 10
48 12 10
48 18 1
48 19 6
48 20 5
48 22 6
48 23 2
48 24 5
48 25 2
48 32 10
48 33 4
48 34 6
48 36 8
48 42 9
48 47 9
49 2 4
49 3 3
49 4 2
49 5 4
49 6 10
49 8 9
49 10 3
49 13 4
49 14 10
49 16 6
49 19 8
49 20 1
49 21 7
49 23 7
49 25 1
49 26 10
49 29 1
49 30 2
49 31 7
49 32 1
49 34 9
49 35 5
49 36 8
49 37 2
49 41 2
49 42 1
49 43 6
49 45 6
49 46 3
