30
1 0 217
3 0 296
4 0 230
4 1 207
4 2 195
4 3 270
5 0 6
5 3 215
5 4 67
6 0 85
6 2 66
6 5 37
7 1 200
7 3 141
7 4 43
7 5 224
8 0 149
8 1 13
8 2 2
8 3 108
8 4 185
8 5 132
8 6 228
8 7 105
9 0 135
9 2 278
9 4 299
9 6 75
9 7 305
10 1 159
10 3 173
10 9 61
11 2 209
11 4 130
11 9 97
12 0 23
12 8 291
12 9 117
12 11 69
13 0 283
13 3 187
13 5 244
13 6 68
13 8 24
13 9 293
13 12 43
14 0 174
14 2 39
14 3 304
14 4 264
14 6 215
14 10 67
14 12 265
14 13 320
15 3 173
15 6 156
15 8 198
15 9 123
15 11 63
15 13 271
15 14 308
16 4 280
16 5 288
16 6 199
16 7 93
16 8 123
16 9 311
16 10 308
16 11 161
17 0 13
17 2 259
17 3 263
17 5 276
17 6 58
17 7 60
17 8 109
17 9 151
18 3 8
18 6 184
18 12 201
18 13 57
18 15 143
18 16 104
18 17 21
19 3 307
19 5 258
19 7 25
19 9 222
19 14 45
19 15 128
19 16 117
19 18 180
20 2 316
20 5 5
20 8 233
20 10 30
20 11 249
20 16 13
20 17 219
20 19 100
21 0 186
21 6 86
21 11 81
21 12 62
21 15 5
21 16 146
21 20 294
22 0 215
22 1 30
22 2 113
22 3 149
22 5 254
22 7 59
22 9 207
22 10 304
22 12 157
22 15 80
22 20 143
23 0 252
23 1 313
23 4 37
23 6 197
23 7 246
23 9 246
23 12 192
23 13 302
23 15 35
23 16 128
23 17 14
23 21 116
23 22 255
24 2 243
24 6 189
24 7 172
24 8 103
24 12 248
24 13 168
24 18 254
24 20 283
25 0 75
25 1 126
25 2 244
25 4 156
25 5 303
25 8 191
25 11 86
25 14 105
25 17 282
25 18 194
25 22 152
25 23 13
26 0 126
26 3 272
26 5 298
26 7 290
26 8 133
26 9 147
26 14 99
26 15 45
26 16 267
26 17 198
26 18 157
26 21 205
26 22 317
26 23 252
26 24 112
26 25 64
27 0 265
27 1 162
27 2 47
27 3 280
27 7 103
27 9 161
27 10 243
27 12 31
27 15 22
27 17 318
27 19 295
27 20 218
27 21 67
27 22 272
27 23 297
27 24 80
27 25 105
27 26 99
28 0 303
28 7 255
28 12 226
28 14 208
28 15 86
28 18 298
28 19 212
28 22 63
28 25 121
29 0 117
29 2 11
29 3 199
29 4 86
29 7 157
29 8 116
29 9 261
29 10 117
29 13 226
29 16 5
29 18 129
29 19 94
29 20 36
29 23 126
29 24 160
29 25 15
29 28 102
