40
1 0 4
3 1 3
3 2 9
5 1 1
5 4 4
8 2 1
8 4 3
9 0 3
9 1 5
9 6 2
10 0 7
10 1 3
10 5 1
10 9 10
11 3 8
11 7 4
12 5 8
12 9 2
13 3 3
14 6 4
14 8 5
14 9 2
15 7 3
15 9 2
15 10 7
15 12 6
16 0 2
16 7 3
16 14 8
17 0 7
17 2 8
17 5 2
17 9 7
18 13 3
18 14 7
19 0 4
19 3 8
19 11 3
20 0 7
20 1 10
20 3 6
20 7 9
20 8 3
20 13 5
20 15 8
22 3 5
22 6 2
22 9 2
24 4 5
24 7 4
24 16 10
24 18 2
24 19 3
25 7 2
25 11 9
25 15 1
25 18 8
25 19 1
26 14 7
26 18 10
26 23 3
26 25 10
27 1 10
27 9 7
27 12 8
27 13 9
27 15 2
27 23 6
27 24 2
27 26 4
28 10 7
28 23 1
28 24 10
28 25 6
29 1 2
29 3 2
29 11 4
29 14 7
29 21 8
29 22 8
30 9 5
30 11 10
30 12 2
30 19 9
31 5 2
31 6 3
31 22 2
31 23 4
31 24 10
31 27 10
32 4 10
32 11 3
32 13 10
32 18 5
32 24 7
32 31 1
33 2 6
33 7 1
33 14 5
33 16 7
34 9 6
34 14 9
34 26 1
34 31 8
35 21 1
35 26 6
36 1 6
36 16 3
36 20 7
36 21 10
36 25 2
36 30 6
36 33 3
36 35 8
37 7 5
37 8 4
37 9 4
37 18 8
37 28 10
37 30 8
37 31 3
37 34 6
38 1 8
38 12 1
38 14 8
38 24 10
38 32 9
38 35 4
38 36 3
39 6 2
39 13 8
39 17 4
39 19 5
39 25 5
39 28 2
39 29 2
39 32 8
