30
1 0 15
3 1 6
5 1 10
5 3 11
6 1 3
6 3 9
7 5 13
8 7 1
9 1 18
9 2 1
9 3 18
10 2 19
10 5 17
11 1 13
11 3 12
11 10 5
12 0 12
12 1 6
12 5 10
12 9 18
12 11 8
13 4 4
14 4 6
14 8 18
14 9 2
14 10 20
14 12 16
15 2 5
15 11 8
15 12 17
15 13 3
15 14 15
16 2 15
16 4 12
16 12 6
17 0 4
17 2 10
17 3 18
17 5 6
17 8 3
17 13 1
18 3 5
18 4 18
18 6 1
18 7 2
18 11 10
18 12 11
19 2 11
19 5 10
19 7 11
19 10 6
19 17 15
20 4 6
20 5 12
20 6 19
20 9 16
20 11 4
20 14 17
20 15 2
20 18 18
20 19 20
21 0 11
21 8 8
21 9 6
21 12 2
21 20 16
22 0 7
22 2 16
22 3 12
22 4 15
22 6 5
22 8 2
22 9 11
22 10 9
22 12 7
22 13 3
22 19 15
22 20 11
23 0 20
23 5 7
23 8 1
23 10 4
23 12 11
23 13 1
23 15 6
23 17 5
23 19 15
23 20 20
24 5 15
24 6 7
24 9 16
24 12 10
24 22 14
25 7 6
25 8 7
25 10 14
25 12 16
25 13 4
25 14 13
25 15 3
25 19 9
25 24 19
26 0 11
26 14 3
26 15 3
26 21 20
26 24 12
27 0 16
27 7 5
27 10 11
27 14 20
27 15 20
27 17 8
27 18 14
27 20 2
27 21 7
28 0 1
28 4 15
28 5 1
28 8 4
28 16 18
28 23 4
28 25 8
29 4 17
29 6 9
29 12 19
29 13 18
29 16 19
29 17 5
29 20 4
29 21 20
29 23 2
29 24 2
