70
1 0 8
2 0 28
2 1 30
3 0 7
3 1 10
3 2 29
4 0 39
4 1 36
4 3 28
5 0 20
5 1 29
5 2 39
5 3 1
5 4 25
6 0 26
6 1 30
6 2 10
6 3 3
6 4 21
6 5 39
7 0 3
7 1 35
7 2 3
7 3 12
7 4 5
7 5 20
7 6 34
8 0 2
8 1 21
8 2 32
8 3 25
8 4 9
8 5 12
8 6 12
8 7 14
9 0 28
9 1 35
9 2 27
9 3 35
9 4 17
9 5 27
9 6 9
9 7 20
9 8 29
10 1 4
10 3 19
10 4 39
10 5 37
10 7 14
10 8 22
10 9 17
11 0 30
11 1 38
11 2 16
11 4 5
11 5 40
11 6 14
11 7 18
11 8 31
11 9 27
11 10 9
12 0 26
12 1 36
12 2 7
12 3 13
12 4 9
12 5 20
12 6 16
12 7 15
12 8 8
12 9 3
12 10 17
12 11 36
13 0 29
13 1 36
13 3 23
13 4 10
13 5 27
13 7 10
13 8 4
13 12 13
14 0 4
14 1 2
14 2 35
14 3 35
14 4 2
14 5 39
14 6 36
14 8 8
14 9 7
14 10 1
14 11 30
14 12 26
14 13 24
15 0 17
15 1 5
15 2 16
15 4 3
15 5 27
15 6 25
15 7 14
15 8 8
15 9 8
15 10 2
15 12 25
15 13 10
15 14 14
16 1 34
16 2 24
16 3 2
16 4 11
16 5 23
16 6 31
16 7 16
16 8 32
16 9 30
16 10 16
16 11 18
16 12 19
16 13 40
16 14 9
16 15 1
17 0 25
17 1 4
17 2 24
17 3 25
17 5 39
17 6 24
17 7 1
17 8 19
17 10 7
17 11 6
17 12 14
17 13 12
17 14 1
17 15 17
17 16 36
18 0 12
18 1 18
18 2 6
18 3 1
18 4 26
18 5 25
18 6 14
18 7 29
18 8 15
18 9 2
18 10 33
18 11 21
18 12 11
18 15 19
18 16 6
19 0 24
19 1 30
19 2 40
19 3 33
19 4 9
19 5 5
19 6 20
19 7 22
19 8 5
19 9 25
19 10 2
19 12 26
19 13 1
19 14 28
19 15 19
19 16 7
19 17 13
19 18 29
20 0 4
20 1 2
20 2 2
20 3 28
20 4 13
20 5 22
20 6 23
20 7 40
20 8 26
20 9 21
20 10 32
20 11 33
20 12 11
20 15 34
20 16 20
20 17 3
20 18 30
20 19 8
21 0 33
21 1 13
21 2 18
21 3 2
21 5 34
21 6 38
21 7 32
21 8 30
21 9 20
21 10 2
21 11 14
21 12 25
21 13 15
21 14 35
21 15 28
21 16 33
21 17 17
21 18 12
21 19 31
21 20 38
22 1 8
22 2 17
22 3 39
22 4 1
22 5 34
22 6 33
22 8 33
22 9 32
22 10 8
22 11 13
22 12 18
22 13 38
22 14 23
22 15 32
22 16 14
22 17 24
22 18 21
22 19 6
22 20 24
22 21 31
23 0 25
23 1 15
23 3 8
23 4 34
23 5 36
23 6 7
23 7 29
23 8 12
23 9 5
23 10 40
23 11 11
23 12 17
23 14 5
23 15 37
23 16 26
23 17 22
23 18 37
23 19 16
23 20 40
23 21 22
23 22 19
24 0 31
24 1 6
24 2 11
24 3 12
24 4 29
24 5 37
24 6 17
24 7 26
24 8 9
24 9 25
24 10 10
24 11 24
24 12 14
24 13 31
24 14 28
24 15 26
24 16 6
24 18 20
24 19 39
24 20 36
24 21 29
24 22 6
24 23 16
25 0 21
25 1 36
25 2 35
25 3 28
25 4 6
25 5 16
25 6 27
25 7 20
25 8 23
25 9 32
25 10 13
25 11 31
25 12 12
25 13 1
25 14 36
25 15 22
25 16 13
25 17 2
25 18 22
25 19 8
25 20 17
25 21 37
25 22 18
25 23 7
25 24 1
26 0 31
26 1 17
26 2 12
26 3 37
26 4 16
26 5 35
26 6 21
26 8 33
26 9 1
26 11 16
26 12 24
26 13 32
26 14 14
26 15 28
26 16 8
26 17 12
26 18 28
26 19 37
26 20 16
26 21 23
26 22 27
26 23 30
26 24 28
26 25 34
27 0 26
27 1 31
27 2 25
27 4 19
27 5 8
27 6 15
27 7 25
27 8 25
27 10 40
27 12 5
27 13 18
27 14 36
27 15 14
27 16 28
27 17 15
27 18 40
27 20 21
27 21 13
27 24 6
27 25 12
27 26 37
28 0 3
28 1 29
28 2 14
28 3 25
28 4 34
28 5 13
28 6 22
28 8 2
28 9 4
28 10 35
28 12 17
28 13 1
28 14 30
28 15 2
28 17 23
28 18 30
28 19 20
28 20 26
28 21 10
28 22 10
28 23 8
28 24 18
28 25 32
28 26 21
28 27 34
29 0 15
29 1 22
29 2 27
29 3 19
29 4 10
29 5 3
29 7 34
29 8 28
29 9 34
29 10 28
29 11 21
29 12 12
29 13 35
29 14 36
29 15 20
29 16 6
29 17 28
29 18 2
29 19 10
29 20 39
29 21 29
29 22 31
29 23 30
29 24 6
29 25 24
29 27 39
29 28 36
30 0 20
30 1 9
30 2 6
30 3 19
30 4 33
30 5 25
30 8 24
30 9 11
30 10 35
30 11 2
30 12 20
30 13 38
30 14 18
30 15 4
30 16 16
30 18 16
30 19 30
30 20 14
30 21 6
30 22 32
30 24 36
30 26 1
30 27 28
30 28 15
30 29 14
31 1 40
31 2 31
31 3 39
31 4 14
31 5 11
31 6 28
31 7 5
31 8 33
31 9 15
31 10 31
31 11 38
31 12 2
31 14 33
31 15 18
31 16 5
31 17 12
31 18 29
31 19 36
31 20 18
31 21 37
31 22 39
31 23 26
31 24 10
31 26 14
31 27 11
31 28 24
31 29 2
31 30 30
32 0 28
32 1 19
32 2 17
32 3 23
32 4 5
32 5 37
32 6 28
32 7 18
32 8 5
32 9 7
32 11 15
32 12 10
32 14 16
32 15 15
32 16 18
32 17 37
32 18 6
32 19 1
32 20 39
32 21 19
32 22 31
32 23 35
32 25 20
32 26 1
32 27 2
32 28 13
32 29 28
32 30 2
32 31 27
33 0 1
33 1 20
33 2 6
33 3 18
33 4 32
33 5 25
33 6 12
33 7 10
33 8 12
33 9 33
33 10 31
33 11 34
33 12 4
33 13 20
33 14 31
33 15 8
33 16 9
33 17 30
33 18 17
33 19 25
33 20 3
33 22 14
33 23 3
33 24 40
33 25 18
33 26 19
33 27 17
33 28 40
33 29 6
33 30 12
33 31 1
33 32 39
34 0 29
34 1 7
34 2 31
34 3 8
34 4 37
34 5 2
34 6 39
34 7 37
34 9 6
34 10 21
34 11 15
34 12 34
34 13 31
34 14 39
34 16 21
34 17 2
34 18 32
34 19 11
34 21 11
34 22 32
34 23 18
34 24 31
34 25 36
34 26 34
34 30 17
34 31 16
34 32 30
34 33 14
35 0 32
35 1 34
35 2 7
35 5 2
35 6 29
35 9 20
35 10 5
35 11 36
35 12 19
35 13 23
35 14 38
35 15 22
35 16 10
35 17 17
35 18 9
35 20 7
35 21 7
35 22 32
35 23 15
35 24 18
35 25 13
35 26 11
35 27 9
35 28 16
35 29 7
35 30 38
35 31 4
35 32 27
35 33 26
35 34 3
36 0 7
36 1 33
36 2 24
36 3 16
36 5 4
36 6 17
36 7 7
36 9 10
36 10 36
36 11 9
36 13 33
36 14 3
36 15 12
36 16 12
36 17 33
36 18 30
36 19 35
36 20 38
36 21 17
36 22 11
36 23 32
36 24 27
36 25 32
36 26 21
36 27 28
36 28 16
36 29 21
36 30 38
36 32 10
36 33 24
36 34 12
36 35 26
37 0 30
37 1 5
37 2 25
37 3 10
37 4 20
37 5 40
37 6 3
37 7 24
37 8 25
37 9 19
37 10 5
37 11 32
37 12 34
37 13 16
37 14 39
37 15 28
37 16 1
37 17 26
37 19 20
37 21 9
37 22 34
37 23 37
37 24 18
37 25 11
37 26 39
37 27 33
37 28 12
37 29 3
37 30 5
37 31 10
37 33 10
37 34 2
37 35 20
37 36 32
38 0 20
38 1 24
38 2 5
38 3 2
38 4 1
38 5 14
38 6 24
38 7 36
38 8 17
38 9 18
38 11 25
38 12 34
38 13 26
38 14 31
38 15 24
38 16 22
38 17 18
38 18 24
38 19 18
38 20 2
38 21 37
38 22 12
38 23 34
38 24 28
38 26 16
38 27 27
38 28 14
38 29 35
38 31 34
38 33 20
38 34 17
38 35 1
38 36 10
38 37 12
39 1 40
39 2 31
39 3 30
39 4 27
39 5 18
39 6 16
39 7 33
39 8 25
39 9 9
39 10 29
39 11 26
39 12 23
39 13 30
39 14 39
39 15 30
39 16 39
39 17 18
39 18 4
39 19 5
39 20 19
39 21 15
39 22 10
39 23 3
39 24 13
39 25 25
39 27 28
39 28 38
39 29 37
39 30 9
39 31 20
39 32 16
39 35 39
39 36 9
39 37 40
39 38 16
40 0 7
40 1 17
40 2 38
40 3 35
40 4 1
40 5 5
40 6 34
40 7 20
40 8 29
40 9 17
40 10 40
40 11 12
40 12 1
40 13 3
40 14 34
40 15 15
40 16 26
40 17 21
40 18 14
40 19 10
40 21 30
40 22 16
40 23 26
40 24 5
40 25 12
40 26 5
40 27 26
40 28 38
40 30 22
40 31 27
40 32 6
40 33 19
40 34 26
40 35 2
40 36 7
40 37 12
40 38 14
40 39 14
41 0 13
41 1 2
41 2 37
41 3 40
41 4 35
41 5 7
41 6 25
41 7 22
41 8 39
41 9 4
41 11 3
41 12 26
41 13 12
41 14 1
41 15 12
41 16 33
41 17 35
41 19 3
41 20 9
41 21 7
41 22 29
41 23 1
41 24 19
41 25 22
41 26 28
41 27 26
41 28 31
41 29 22
41 30 29
41 32 39
41 33 5
41 34 10
41 35 25
41 36 11
41 38 22
41 39 12
42 1 13
42 2 5
42 3 28
42 4 29
42 5 20
42 6 1
42 7 34
42 8 28
42 9 38
42 10 22
42 12 13
42 13 31
42 14 29
42 15 28
42 16 14
42 17 5
42 18 38
42 19 28
42 20 26
42 21 29
42 22 5
42 23 33
42 24 31
42 26 10
42 27 21
42 28 6
42 29 12
42 31 2
42 32 17
42 33 36
42 34 10
42 35 20
42 36 1
42 37 28
42 38 24
42 39 17
42 41 29
43 0 29
43 1 32
43 2 33
43 3 25
43 4 5
43 5 40
43 6 35
43 7 32
43 8 11
43 9 16
43 10 11
43 11 33
43 12 34
43 13 14
43 14 35
43 15 21
43 16 12
43 18 23
43 19 19
43 20 17
43 22 23
43 23 3
43 24 17
43 25 40
43 26 32
43 27 26
43 28 21
43 29 9
43 31 11
43 32 3
43 33 33
43 34 3
43 35 11
43 37 14
43 38 25
43 39 25
43 40 23
43 41 27
43 42 11
44 0 16
44 3 30
44 4 29
44 5 22
44 6 13
44 7 20
44 8 24
44 9 6
44 10 22
44 11 14
44 12 22
44 13 17
44 14 33
44 15 37
44 16 32
44 17 26
44 18 25
44 19 5
44 20 36
44 21 19
44 22 17
44 23 11
44 24 7
44 25 31
44 26 2
44 27 1
44 28 25
44 29 28
44 31 29
44 32 33
44 33 2
44 34 34
44 35 8
44 37 6
44 38 14
44 39 9
44 40 9
44 41 6
44 42 17
44 43 37
45 0 38
45 1 40
45 2 34
45 3 29
45 4 27
45 5 35
45 6 8
45 7 30
45 8 37
45 9 19
45 10 40
45 11 40
45 12 32
45 13 13
45 14 5
45 15 14
45 16 10
45 17 17
45 19 21
45 20 38
45 21 30
45 23 28
45 24 11
45 25 7
45 27 1
45 28 7
45 29 39
45 30 36
45 31 15
45 32 19
45 33 4
45 34 23
45 35 26
45 36 23
45 37 39
45 38 28
45 39 13
45 40 3
45 41 28
45 42 24
45 43 24
46 0 33
46 1 2
46 2 20
46 3 32
46 4 4
46 5 34
46 6 3
46 9 27
46 10 40
46 11 40
46 12 2
46 13 28
46 14 40
46 15 37
46 16 29
46 17 18
46 18 21
46 19 8
46 20 7
46 21 25
46 22 34
46 23 35
46 24 22
46 25 14
46 26 34
46 27 23
46 28 23
46 29 25
46 30 19
46 31 18
46 32 17
46 33 38
46 34 6
46 38 12
46 39 13
46 40 5
46 41 12
46 43 2
46 44 30
46 45 13
47 0 13
47 1 7
47 2 35
47 3 35
47 4 39
47 5 31
47 6 38
47 7 16
47 8 39
47 9 6
47 10 27
47 12 4
47 13 31
47 14 7
47 15 32
47 16 26
47 17 11
47 18 15
47 19 31
47 20 34
47 21 16
47 22 30
47 23 17
47 24 25
47 25 37
47 26 24
47 27 1
47 28 20
47 29 23
47 30 15
47 31 2
47 32 3
47 33 17
47 34 14
47 35 28
47 36 36
47 37 21
47 38 28
47 39 2
47 40 24
47 41 29
47 42 9
47 43 4
47 44 37
47 45 14
47 46 2
48 0 28
48 1 30
48 2 3
48 3 7
48 4 2
48 5 17
48 6 8
48 7 27
48 8 15
48 9 3
48 10 34
48 11 25
48 12 27
48 13 6
48 14 21
48 15 20
48 16 10
48 18 15
48 19 10
48 20 21
48 21 15
48 22 35
48 23 39
48 24 35
48 25 28
48 26 21
48 27 18
48 28 36
48 29 38
48 31 5
48 32 31
48 33 37
48 35 5
48 36 7
48 37 22
48 38 19
48 39 8
48 40 11
48 41 17
48 42 26
48 44 21
48 45 13
48 46 5
48 47 36
49 0 1
49 1 6
49 2 31
49 3 2
49 4 10
49 5 40
49 6 24
49 7 23
49 8 3
49 10 5
49 11 17
49 12 13
49 13 2
49 14 4
49 15 31
49 16 28
49 17 9
49 19 10
49 20 38
49 21 21
49 22 9
49 23 13
49 24 37
49 25 15
49 26 1
49 28 13
49 29 19
49 30 30
49 31 2
49 32 18
49 33 2
49 34 16
49 35 26
49 36 31
49 37 10
49 38 32
49 39 31
49 40 6
49 42 40
49 43 13
49 44 30
49 45 3
49 46 22
49 48 13
50 1 2
50 2 38
50 3 5
50 4 29
50 5 25
50 6 32
50 7 22
50 8 8
50 9 3
50 10 18
50 11 5
50 12 28
50 13 40
50 14 16
50 15 8
50 16 22
50 17 33
50 18 37
50 19 14
50 20 30
50 21 15
50 22 21
50 23 3
50 24 33
50 25 23
50 26 25
50 27 12
50 28 23
50 29 38
50 30 30
50 31 17
50 32 25
50 33 25
50 35 16
50 36 6
50 37 38
50 38 33
50 39 5
50 40 14
50 41 7
50 42 13
50 43 12
50 46 31
50 47 39
50 48 23
50 49 18
51 0 20
51 1 11
51 2 7
51 3 38
51 4 6
51 5 35
51 6 27
51 7 18
51 8 14
51 9 29
51 10 6
51 11 15
51 12 28
51 14 36
51 15 6
51 16 5
51 17 13
51 18 33
51 19 11
51 20 2
51 21 18
51 22 38
51 23 24
51 25 26
51 26 39
51 28 9
51 29 32
51 31 6
51 32 7
51 33 21
51 34 21
51 35 1
51 37 16
51 38 35
51 39 28
51 40 40
51 41 37
51 42 28
51 43 8
51 44 40
51 45 25
51 46 10
51 47 40
51 48 13
51 50 33
52 1 15
52 2 32
52 3 16
52 4 38
52 5 22
52 6 20
52 7 4
52 8 29
52 9 22
52 10 21
52 11 30
52 12 9
52 13 39
52 14 34
52 15 22
52 16 33
52 17 19
52 18 6
52 19 16
52 20 6
52 21 20
52 22 15
52 23 4
52 24 6
52 25 16
52 26 2
52 27 28
52 28 19
52 29 30
52 30 29
52 31 19
52 32 26
52 33 1
52 34 22
52 35 30
52 36 37
52 37 26
52 38 2
52 39 15
52 40 30
52 41 25
52 43 22
52 44 20
52 45 22
52 46 39
52 47 1
52 48 38
52 49 31
52 50 7
52 51 1
53 0 39
53 1 37
53 2 21
53 3 3
53 4 30
53 5 21
53 6 9
53 7 11
53 9 24
53 10 24
53 11 22
53 12 21
53 13 20
53 14 17
53 15 30
53 16 17
53 17 18
53 18 16
53 19 15
53 20 40
53 21 8
53 22 8
53 23 5
53 24 11
53 25 24
53 26 4
53 29 14
53 30 4
53 31 31
53 32 38
53 33 10
53 34 2
53 35 5
53 36 35
53 38 13
53 39 20
53 40 9
53 42 27
53 43 21
53 44 20
53 45 14
53 47 37
53 48 38
53 49 7
53 50 40
53 51 26
53 52 4
54 0 13
54 1 4
54 2 23
54 3 37
54 4 8
54 6 1
54 7 37
54 8 22
54 9 3
54 10 18
54 11 15
54 12 24
54 13 28
54 15 14
54 16 39
54 17 30
54 18 9
54 20 40
54 21 39
54 22 5
54 23 7
54 25 31
54 27 13
54 28 8
54 29 6
54 30 5
54 31 29
54 32 31
54 33 30
54 34 6
54 35 17
54 36 19
54 37 10
54 38 13
54 39 20
54 40 12
54 41 39
54 42 12
54 43 18
54 45 6
54 46 5
54 47 27
54 48 32
54 49 24
54 50 5
54 51 24
54 52 8
54 53 15
55 0 25
55 1 5
55 2 25
55 3 28
55 4 6
55 5 2
55 6 29
55 7 24
55 8 29
55 9 36
55 10 9
55 11 36
55 12 8
55 13 21
55 14 32
55 15 8
55 16 25
55 18 19
55 19 15
55 20 25
55 21 31
55 22 39
55 23 37
55 24 31
55 25 34
55 26 18
55 27 31
55 29 31
55 31 23
55 32 7
55 33 14
55 34 5
55 36 25
55 38 6
55 39 38
55 40 21
55 41 3
55 42 20
55 44 23
55 45 32
55 46 28
55 47 32
55 48 5
55 49 1
55 50 30
55 51 4
55 52 6
55 54 8
56 0 32
56 1 4
56 2 23
56 3 6
56 4 22
56 5 32
56 6 28
56 9 11
56 10 27
56 11 22
56 12 21
56 13 34
56 14 31
56 15 24
56 16 2
56 17 3
56 18 4
56 19 22
56 20 14
56 21 27
56 22 29
56 23 36
56 24 23
56 25 14
56 27 21
56 28 39
56 29 40
56 30 26
56 32 25
56 33 8
56 34 35
56 35 5
56 36 28
56 37 33
56 38 39
56 39 23
56 40 14
56 41 27
56 42 6
56 43 39
56 44 20
56 45 19
56 46 7
56 47 37
56 48 34
56 49 12
56 50 14
56 52 14
56 53 38
56 54 24
56 55 32
57 0 18
57 1 22
57 2 39
57 3 7
57 5 11
57 6 18
57 7 16
57 8 29
57 9 11
57 10 8
57 11 39
57 12 7
57 13 28
57 14 28
57 15 27
57 16 24
57 17 22
57 18 35
57 19 11
57 20 10
57 22 10
57 23 27
57 24 2
57 26 13
57 27 29
57 28 37
57 29 39
57 30 5
57 31 8
57 32 31
57 33 10
57 34 18
57 35 30
57 36 31
57 37 4
57 38 24
57 39 28
57 40 31
57 41 34
57 42 8
57 43 16
57 44 22
57 45 6
57 46 6
57 47 14
57 48 39
57 49 4
57 50 31
57 51 19
57 52 21
57 53 7
57 54 26
57 55 23
57 56 5
58 0 4
58 1 23
58 2 27
58 4 34
58 5 27
58 6 34
58 7 1
58 8 1
58 9 33
58 10 1
58 11 22
58 14 1
58 15 27
58 16 12
58 17 16
58 18 11
58 19 37
58 20 20
58 21 16
58 22 20
58 23 25
58 24 2
58 25 31
58 26 28
58 27 18
58 28 31
58 29 3
58 30 18
58 31 20
58 32 6
58 33 4
58 34 20
58 35 34
58 36 34
58 37 10
58 39 17
58 40 25
58 41 6
58 42 12
58 43 18
58 44 20
58 45 35
58 46 3
58 47 10
58 49 36
58 50 18
58 52 37
58 53 6
58 54 14
58 55 7
58 56 35
59 0 12
59 1 13
59 2 18
59 3 38
59 4 30
59 6 33
59 7 38
59 8 37
59 10 21
59 11 33
59 12 33
59 13 16
59 14 24
59 15 6
59 16 29
59 17 17
59 18 3
59 19 34
59 20 20
59 21 7
59 22 40
59 23 21
59 24 40
59 26 28
59 28 16
59 29 2
59 30 29
59 31 25
59 32 15
59 33 19
59 34 4
59 35 37
59 36 1
59 37 3
59 38 18
59 39 33
59 43 26
59 45 5
59 46 14
59 47 28
59 48 22
59 49 6
59 50 23
59 51 17
59 52 23
59 54 14
59 55 18
59 57 6
59 58 27
60 0 7
60 1 22
60 2 26
60 3 28
60 4 5
60 5 9
60 6 19
60 7 34
60 8 8
60 9 30
60 10 11
60 11 26
60 12 38
60 13 15
60 14 9
60 15 16
60 16 23
60 17 36
60 18 25
60 20 32
60 21 23
60 22 2
60 23 5
60 25 29
60 26 4
60 27 1
60 28 8
60 29 24
60 30 13
60 32 40
60 33 37
60 35 26
60 36 21
60 37 35
60 38 25
60 39 31
60 40 12
60 41 12
60 42 2
60 43 18
60 45 1
60 46 26
60 47 37
60 48 8
60 49 16
60 50 19
60 51 21
60 52 1
60 53 24
60 54 6
60 55 26
60 56 12
60 57 27
60 58 31
60 59 18
61 0 14
61 1 23
61 2 1
61 3 14
61 4 16
61 5 3
61 6 10
61 7 36
61 8 33
61 9 1
61 10 9
61 11 17
61 12 5
61 13 8
61 15 27
61 16 40
61 17 6
61 18 22
61 19 23
61 20 8
61 21 27
61 22 28
61 23 35
61 25 18
61 26 16
61 28 23
61 29 28
61 30 35
61 31 5
61 33 28
61 34 10
61 35 32
61 36 11
61 38 36
61 39 4
61 40 38
61 41 16
61 42 5
61 43 32
61 44 5
61 45 30
61 46 35
61 47 26
61 48 4
61 49 17
61 50 4
61 52 11
61 53 34
61 54 37
61 55 4
61 56 9
61 57 7
61 58 15
61 59 29
61 60 14
62 1 8
62 2 34
62 3 37
62 4 19
62 5 14
62 7 9
62 8 1
62 9 9
62 10 11
62 11 39
62 12 5
62 13 40
62 14 19
62 15 12
62 16 4
62 17 6
62 18 8
62 19 34
62 20 28
62 21 15
62 22 29
62 23 31
62 24 17
62 25 38
62 26 18
62 27 26
62 28 36
62 29 7
62 30 7
62 31 35
62 32 35
62 33 25
62 34 2
62 35 40
62 36 38
62 37 31
62 38 33
62 39 34
62 40 25
62 41 39
62 42 16
62 43 39
62 44 4
62 45 16
62 46 18
62 47 2
62 48 16
62 49 30
62 50 13
62 51 13
62 52 18
62 53 39
62 54 11
62 55 39
62 56 37
62 57 40
62 59 10
62 60 39
62 61 9
63 0 25
63 1 13
63 3 11
63 4 4
63 5 23
63 7 37
63 8 37
63 9 20
63 10 15
63 11 27
63 12 11
63 14 26
63 15 37
63 16 31
63 17 22
63 18 17
63 19 36
63 20 5
63 21 34
63 22 7
63 23 6
63 24 11
63 25 32
63 26 5
63 27 16
63 29 4
63 30 35
63 31 27
63 32 17
63 33 37
63 34 5
63 35 13
63 36 18
63 37 33
63 38 16
63 39 11
63 40 9
63 41 14
63 42 30
63 43 28
63 44 23
63 45 6
63 47 23
63 48 38
63 49 14
63 50 19
63 51 17
63 52 24
63 53 11
63 54 8
63 55 14
63 56 36
63 57 1
63 58 31
63 61 36
63 62 14
64 0 15
64 1 18
64 2 25
64 3 27
64 4 10
64 5 30
64 6 2
64 7 9
64 8 20
64 9 9
64 10 15
64 11 17
64 12 10
64 13 12
64 14 36
64 16 15
64 17 31
64 18 8
64 20 40
64 21 31
64 22 12
64 23 31
64 24 30
64 25 32
64 26 28
64 27 15
64 28 28
64 29 7
64 30 27
64 31 1
64 32 27
64 33 2
64 35 24
64 36 9
64 38 34
64 39 7
64 40 30
64 41 28
64 42 9
64 43 21
64 44 9
64 45 3
64 46 8
64 47 24
64 48 29
64 49 37
64 50 38
64 51 22
64 52 19
64 53 16
64 54 23
64 55 7
64 56 31
64 57 33
64 58 40
64 59 37
64 60 19
64 61 29
64 62 22
64 63 26
65 0 6
65 1 40
65 2 8
65 3 15
65 4 13
65 5 7
65 6 5
65 7 27
65 8 23
65 9 32
65 10 19
65 11 31
65 12 18
65 13 5
65 14 10
65 15 32
65 16 3
65 17 17
65 18 26
65 19 37
65 20 20
65 21 39
65 22 19
65 23 30
65 24 23
65 25 21
65 26 12
65 27 37
65 28 5
65 30 36
65 31 6
65 32 37
65 33 33
65 34 22
65 35 34
65 36 20
65 37 4
65 38 23
65 39 34
65 40 16
65 41 24
65 42 19
65 43 27
65 45 15
65 46 37
65 47 3
65 48 23
65 49 18
65 50 28
65 51 18
65 52 15
65 54 38
65 55 35
65 56 35
65 57 38
65 58 1
65 59 25
65 60 28
65 61 1
65 62 2
65 63 12
65 64 29
66 0 7
66 1 14
66 2 34
66 3 31
66 4 21
66 5 18
66 7 5
66 8 33
66 9 8
66 10 18
66 11 30
66 12 15
66 13 12
66 14 9
66 15 34
66 16 28
66 17 31
66 18 12
66 20 39
66 21 26
66 22 18
66 24 21
66 25 20
66 26 11
66 27 4
66 29 30
66 32 19
66 33 39
66 35 28
66 36 22
66 37 30
66 39 11
66 40 20
66 41 37
66 42 30
66 43 6
66 44 31
66 45 40
66 46 20
66 47 2
66 49 11
66 50 33
66 51 4
66 52 18
66 53 18
66 54 7
66 56 35
66 57 23
66 58 32
66 59 29
66 60 40
66 63 6
66 64 28
66 65 17
67 0 18
67 1 24
67 2 26
67 3 27
67 4 27
67 5 1
67 6 30
67 7 15
67 8 10
67 9 11
67 10 40
67 11 19
67 12 9
67 13 28
67 14 22
67 15 35
67 16 35
67 18 32
67 19 32
67 20 40
67 21 6
67 22 1
67 23 30
67 24 13
67 25 19
67 26 27
67 27 32
67 28 16
67 29 16
67 30 2
67 31 13
67 32 35
67 33 32
67 34 3
67 35 22
67 36 10
67 37 30
67 38 36
67 39 24
67 40 11
67 41 31
67 42 21
67 43 14
67 44 16
67 45 23
67 46 20
67 47 37
67 48 26
67 49 33
67 50 40
67 51 4
67 52 33
67 53 29
67 54 29
67 56 25
67 57 10
67 58 24
67 59 29
67 60 31
67 61 40
67 62 28
67 63 28
67 64 36
67 65 30
67 66 37
68 0 36
68 2 14
68 3 13
68 5 32
68 6 11
68 8 18
68 9 17
68 10 38
68 11 39
68 12 19
68 13 7
68 14 39
68 15 31
68 16 23
68 17 18
68 19 7
68 20 17
68 21 34
68 22 7
68 23 14
68 24 22
68 25 22
68 26 5
68 27 2
68 28 23
68 29 33
68 30 12
68 31 7
68 32 25
68 33 35
68 35 21
68 36 1
68 38 17
68 39 11
68 40 10
68 41 12
68 42 8
68 43 10
68 44 1
68 45 38
68 46 19
68 47 16
68 48 11
68 49 23
68 50 2
68 51 5
68 52 17
68 53 31
68 54 37
68 55 9
68 56 30
68 57 24
68 58 24
68 59 26
68 60 7
68 61 4
68 62 27
68 63 13
68 64 10
68 65 14
68 66 12
68 67 19
69 0 25
69 2 5
69 3 7
69 4 31
69 5 19
69 6 23
69 7 20
69 8 15
69 9 8
69 10 18
69 11 32
69 12 10
69 13 8
69 14 1
69 15 15
69 16 40
69 17 4
69 19 33
69 20 22
69 21 11
69 22 6
69 24 40
69 25 27
69 26 18
69 27 31
69 28 25
69 29 40
69 30 36
69 32 21
69 34 22
69 35 36
69 36 28
69 38 9
69 39 3
69 40 13
69 42 26
69 45 21
69 46 26
69 47 7
69 48 12
69 49 29
69 50 2
69 51 13
69 52 40
69 54 29
69 55 25
69 56 38
69 57 35
69 58 15
69 59 21
69 60 18
69 61 16
69 62 22
69 64 32
69 65 16
69 66 34
69 67 23
69 68 7
