20
1 0 20
2 0 29
2 1 29
3 0 24
3 1 63
3 2 20
4 0 26
4 1 71
4 2 45
4 3 71
5 0 54
5 1 9
5 2 17
5 3 15
5 4 41
6 0 35
6 1 49
6 2 42
6 3 60
6 4 61
6 5 37
7 0 70
7 1 31
7 2 78
7 3 1
7 4 46
7 5 61
7 6 58
8 0 44
8 1 71
8 2 24
8 3 38
8 4 70
8 5 2
8 6 56
8 7 64
9 0 37
9 1 19
9 2 49
9 3 50
9 4 55
9 5 4
9 6 3
9 7 47
9 8 30
10 0 4
10 1 16
10 2 75
10 3 48
10 4 40
10 5 41
10 6 58
10 7 38
10 8 56
10 9 79
11 0 63
11 1 32
11 2 11
11 3 12
11 4 29
11 5 69
11 6 49
11 7 20
11 8 70
11 9 73
11 10 72
12 0 33
12 1 31
12 2 72
12 3 54
12 4 3
12 5 66
12 6 3
12 7 66
12 8 46
12 9 68
12 10 60
12 11 24
13 0 26
13 1 10
13 2 19
13 3 6
13 4 14
13 5 14
13 6 28
13 7 78
13 8 20
13 9 16
13 10 63
13 11 40
13 12 66
14 0 45
14 1 39
14 2 50
14 3 13
14 4 63
14 5 20
14 6 39
14 7 77
14 8 13
14 9 33
14 10 29
14 11 57
14 12 40
14 13 66
15 0 19
15 1 80
15 2 39
15 3 43
15 4 6
15 5 54
15 6 59
15 7 1
15 8 23
15 9 35
15 10 42
15 11 51
15 12 31
15 13 1
15 14 52
16 0 2
16 1 44
16 2 31
16 3 12
16 4 10
16 5 43
16 6 37
16 7 46
16 8 39
16 9 43
16 10 5
16 11 17
16 12 68
16 13 40
16 14 36
16 15 34
17 0 4
17 1 15
17 2 46
17 3 73
17 4 1
17 5 8
17 6 48
17 7 54
17 8 13
17 9 61
17 10 62
17 11 72
17 12 46
17 13 29
17 14 33
17 15 14
17 16 58
18 0 31
18 1 42
18 2 46
18 3 56
18 4 71
18 5 55
18 6 48
18 7 4
18 8 56
18 9 63
18 10 13
18 11 67
18 12 33
18 13 2
18 14 65
18 15 44
18 16 12
18 17 17
19 0 6
19 1 60
19 2 30
19 3 9
19 4 55
19 5 67
19 6 26
19 7 54
19 8 70
19 9 14
19 10 60
19 11 7
19 12 3
19 13 41
19 14 79
19 15 15
19 16 51
19 17 37
19 18 63
