30
1 0 215
2 0 220
2 1 123
4 0 129
4 2 118
5 1 135
5 3 303
6 0 201
6 2 52
7 0 305
7 6 164
8 1 77
8 2 276
8 3 234
8 6 93
9 0 48
9 1 78
9 2 263
9 3 242
9 4 286
9 6 115
9 7 232
10 2 243
10 3 67
10 6 4
10 7 285
10 8 104
11 0 79
11 3 163
11 4 302
11 5 47
11 7 49
11 9 181
11 10 111
12 1 132
12 8 66
12 10 98
13 0 218
13 1 54
13 2 180
13 3 140
13 4 33
13 8 273
13 9 80
13 10 70
13 11 60
14 0 225
14 1 82
14 2 4
14 3 313
14 4 239
14 5 86
14 6 270
14 7 314
14 9 317
14 10 290
14 11 164
14 12 146
15 4 69
15 5 79
15 7 55
15 9 214
15 11 7
15 12 240
15 13 235
16 0 34
16 3 256
16 4 181
16 5 176
16 6 205
16 7 135
16 8 254
16 9 292
16 10 248
16 11 319
16 12 96
16 13 310
16 14 141
17 1 294
17 2 184
17 5 303
17 9 86
17 10 155
17 12 106
17 13 304
17 14 213
17 15 182
17 16 194
18 0 142
18 2 49
18 3 46
18 4 95
18 5 144
18 7 98
18 12 307
18 14 240
18 17 283
19 0 179
19 1 8
19 5 9
19 7 243
19 9 61
19 10 189
19 11 234
19 13 286
19 15 129
19 16 238
19 17 43
20 0 150
20 1 292
20 4 301
20 5 53
20 7 185
20 8 116
20 9 106
20 11 276
20 12 244
20 14 311
20 15 30
20 16 222
20 17 96
20 18 190
20 19 198
21 1 162
21 2 79
21 4 95
21 6 97
21 7 308
21 8 2
21 9 6
21 15 135
21 16 149
21 19 262
22 1 225
22 3 305
22 5 285
22 11 139
22 12 149
22 14 53
22 15 63
22 17 142
22 19 245
22 20 285
22 21 315
23 2 192
23 3 36
23 9 239
23 12 171
23 13 278
23 15 246
23 18 318
23 19 264
23 20 263
23 21 108
23 22 272
24 0 270
24 1 297
24 2 54
24 3 130
24 6 263
24 7 224
24 8 305
24 9 98
24 11 199
24 12 106
24 13 224
24 14 113
24 16 167
24 17 55
24 19 138
24 20 205
24 21 93
24 22 137
24 23 181
25 0 299
25 1 259
25 3 91
25 4 11
25 5 96
25 7 206
25 8 32
25 10 264
25 11 148
25 13 291
25 14 110
25 15 86
25 16 271
25 17 244
25 18 43
25 21 245
25 22 92
26 0 180
26 1 2
26 3 83
26 6 198
26 8 201
26 9 18
26 10 179
26 16 18
26 19 204
26 21 292
26 22 274
26 23 214
26 24 154
27 0 253
27 1 284
27 2 147
27 3 78
27 5 47
27 6 64
27 9 118
27 13 132
27 15 29
27 17 6
27 19 68
27 20 77
27 21 76
27 22 282
27 23 178
27 24 63
27 25 257
28 1 160
28 2 27
28 5 230
28 6 239
28 7 141
28 8 184
28 9 4
28 10 263
28 11 318
28 12 26
28 14 218
28 17 249
28 18 177
28 21 151
28 27 142
29 0 78
29 1 311
29 2 138
29 3 237
29 4 139
29 5 7
29 6 112
29 7 206
29 8 249
29 13 55
29 15 269
29 17 46
29 18 101
29 20 271
29 22 159
29 23 168
29 24 154
29 25 283
29 26 264
29 27 221
