50
1 0 22
2 1 12
4 2 30
5 0 1
6 0 27
6 5 15
8 4 25
8 6 32
8 7 16
9 0 2
9 1 23
9 2 20
9 4 40
9 8 31
10 2 7
10 3 8
10 4 25
10 8 38
11 1 1
11 2 11
11 3 34
11 8 27
11 9 33
11 10 28
12 2 36
12 4 35
12 6 24
12 7 6
12 10 15
13 0 30
13 8 26
13 9 30
13 10 27
13 11 35
13 12 20
14 3 5
14 6 5
14 9 24
14 10 18
14 12 8
15 1 20
15 4 8
15 6 35
15 10 40
15 12 19
15 13 29
15 14 14
16 4 9
16 5 9
16 6 15
16 12 25
16 13 28
16 15 23
17 4 10
17 6 25
17 7 2
17 11 31
18 6 34
18 7 21
18 10 18
18 15 35
19 3 3
19 6 15
19 14 17
19 15 4
19 17 11
20 4 8
20 8 17
20 9 7
20 12 30
20 19 34
21 0 20
21 1 2
21 3 26
21 9 26
21 10 3
21 11 14
21 13 33
21 14 2
21 15 31
21 17 26
22 1 39
22 2 31
22 9 20
22 12 39
22 14 26
22 16 12
22 18 33
22 19 12
22 20 37
23 1 21
23 2 26
23 7 1
23 8 21
23 9 18
23 11 17
23 12 1
23 21 6
24 6 19
24 7 15
24 10 30
24 14 1
24 16 23
24 17 14
24 18 21
24 21 15
24 22 31
24 23 15
25 5 34
25 8 31
25 12 21
25 16 26
25 18 25
25 20 4
25 21 36
26 3 31
26 4 34
26 5 10
26 6 12
26 12 37
26 17 5
26 18 37
26 21 28
26 23 35
27 3 36
27 18 24
27 19 40
27 21 24
27 24 18
27 25 19
28 3 24
28 6 8
28 14 33
28 22 36
28 24 24
28 25 32
28 27 32
29 2 39
29 4 4
29 6 34
29 8 30
29 10 5
29 11 31
29 17 23
29 18 8
29 22 22
29 23 12
29 24 16
30 3 36
30 4 28
30 6 3
30 11 19
30 12 26
30 14 11
30 18 6
30 19 9
30 20 24
30 21 7
30 26 26
30 29 13
31 0 18
31 1 18
31 7 3
31 14 29
31 20 8
31 23 16
32 7 23
32 9 4
32 12 3
32 16 20
32 18 40
32 21 33
32 22 40
32 26 7
32 27 23
32 28 16
33 3 16
33 4 17
33 8 32
33 10 6
33 13 14
33 18 7
33 23 13
33 24 3
33 25 33
33 29 14
34 1 9
34 8 39
34 11 24
34 15 3
34 21 24
34 25 39
34 28 35
35 0 22
35 3 25
35 5 28
35 8 29
35 11 23
35 13 21
35 14 31
35 24 32
35 27 18
35 28 22
35 30 34
35 32 14
35 33 39
36 0 6
36 2 39
36 5 7
36 6 12
36 14 37
36 20 2
36 23 9
36 26 22
36 27 25
36 28 12
36 29 32
36 30 19
36 33 16
37 5 20
37 7 11
37 8 5
37 9 10
37 11 10
37 12 18
37 23 4
37 25 6
37 28 29
37 31 25
38 9 15
38 20 38
38 21 33
38 22 14
38 23 18
38 24 30
38 29 13
38 32 2
38 37 23
39 4 5
39 6 29
39 9 2
39 12 36
39 13 18
39 16 9
39 17 10
39 18 14
39 22 19
39 23 13
39 28 21
39 32 12
39 33 19
39 34 4
40 10 37
40 11 28
40 32 8
40 33 37
40 34 14
40 37 30
40 38 16
40 39 19
41 1 4
41 7 11
41 9 39
41 18 14
41 19 19
41 20 14
41 22 9
41 33 15
41 36 27
42 5 18
42 6 28
42 7 2
42 8 13
42 21 26
42 26 33
42 27 12
42 32 14
42 33 7
42 39 4
43 3 23
43 8 39
43 13 29
43 15 13
43 17 6
43 18 22
43 20 8
43 21 3
43 24 7
43 26 33
43 30 1
43 31 5
43 32 26
43 35 38
43 37 25
43 38 31
43 42 36
44 1 8
44 3 19
44 6 35
44 8 1
44 16 20
44 19 20
44 21 11
44 22 21
44 25 24
44 27 4
44 29 23
44 30 33
44 32 6
44 36 2
44 41 23
45 6 6
45 7 34
45 22 40
45 26 27
45 27 8
45 30 4
45 36 30
45 37 4
45 38 35
46 0 40
46 2 8
46 5 26
46 10 11
46 11 24
46 13 5
46 17 4
46 19 25
46 22 1
46 23 40
46 35 14
46 45 17
47 6 25
47 7 32
47 8 20
47 14 10
47 15 15
47 17 31
47 19 26
47 23 19
47 26 1
47 33 13
47 37 24
47 39 30
47 41 18
47 42 27
47 43 14
47 44 5
47 46 23
48 2 33
48 6 27
48 9 15
48 10 39
48 17 23
48 18 16
48 20 2
48 21 27
48 26 38
48 28 10
48 29 34
48 30 15
48 33 25
48 38 32
48 42 5
48 43 25
48 44 21
48 45 5
49 1 11
49 4 28
49 6 36
49 9 25
49 15 12
49 19 40
49 22 5
49 29 27
49 31 27
49 33 35
49 35 5
49 37 8
49 43 1
