60
2 0 60
2 1 58
3 0 64
3 1 48
3 2 4
4 0 24
4 1 26
4 2 35
4 3 71
5 0 47
5 1 58
5 2 27
5 3 48
5 4 71
6 0 46
6 1 4
6 2 38
6 3 48
6 4 52
7 0 21
7 1 46
7 2 9
7 5 30
7 6 48
8 0 65
8 1 78
8 2 29
8 3 71
8 4 66
8 5 45
8 6 28
9 0 19
9 1 38
9 3 17
9 4 17
9 5 61
9 6 11
9 7 79
9 8 68
10 0 17
10 1 40
10 3 30
10 4 40
10 6 4
10 7 20
10 8 40
10 9 20
11 0 5
11 3 74
11 4 51
11 5 47
11 6 20
11 8 19
11 10 3
12 0 80
12 1 68
12 2 10
12 5 15
12 6 65
12 7 50
12 8 23
12 9 46
12 10 8
12 11 57
13 0 57
13 1 24
13 2 14
13 3 1
13 4 41
13 9 72
13 10 67
13 11 3
13 12 19
14 0 4
14 3 57
14 4 26
14 5 74
14 6 50
14 8 7
14 9 64
14 10 74
14 11 17
14 12 52
14 13 8
15 0 43
15 1 16
15 2 11
15 3 11
15 4 14
15 6 53
15 7 33
15 8 55
15 9 23
15 10 61
15 11 57
15 12 13
15 13 74
15 14 17
16 1 7
16 4 66
16 6 21
16 7 9
16 8 7
16 9 26
16 10 57
16 12 11
16 15 34
17 0 64
17 1 18
17 2 24
17 3 20
17 4 76
17 5 61
17 6 68
17 7 32
17 10 33
17 11 51
17 12 6
17 13 42
17 14 7
17 15 72
17 16 71
18 0 21
18 2 55
18 3 35
18 4 48
18 5 6
18 6 56
18 7 5
18 8 5
18 9 59
18 10 79
18 11 67
18 12 44
18 13 29
18 14 56
18 15 43
18 17 79
19 0 4
19 1 39
19 3 50
19 4 19
19 5 74
19 7 62
19 8 78
19 9 11
19 10 32
19 12 46
19 14 36
19 15 28
19 16 46
19 17 30
19 18 42
20 1 49
20 2 61
20 3 5
20 4 65
20 5 79
20 6 79
20 7 78
20 8 37
20 9 23
20 10 15
20 12 37
20 13 67
20 14 76
20 15 41
20 16 42
20 18 27
20 19 73
21 0 12
21 2 32
21 4 31
21 5 74
21 7 71
21 9 42
21 10 1
21 11 20
21 12 63
21 13 25
21 14 10
21 15 78
21 16 39
21 20 6
22 0 78
22 1 23
22 2 36
22 3 61
22 4 9
22 5 60
22 6 72
22 7 7
22 8 41
22 9 2
22 10 45
22 11 33
22 12 33
22 13 75
22 14 50
22 15 35
22 16 54
22 17 60
22 18 71
22 19 27
22 20 13
22 21 80
23 1 30
23 2 56
23 3 47
23 4 51
23 5 59
23 7 79
23 8 52
23 9 70
23 10 74
23 14 33
23 16 47
23 21 60
23 22 52
24 0 53
24 1 26
24 2 6
24 3 33
24 4 30
24 5 5
24 8 56
24 9 47
24 11 65
24 12 53
24 13 65
24 14 50
24 15 43
24 16 8
24 17 17
24 18 45
24 19 64
24 20 80
24 21 68
24 23 18
25 0 47
25 1 7
25 2 76
25 3 67
25 4 38
25 5 68
25 8 13
25 9 26
25 10 80
25 11 80
25 12 51
25 14 19
25 15 79
25 16 71
25 17 21
25 18 58
25 19 45
25 20 28
25 21 7
25 22 53
25 23 63
26 0 73
26 1 27
26 2 3
26 3 58
26 6 38
26 7 50
26 8 48
26 9 36
26 10 21
26 11 24
26 12 23
26 13 48
26 14 17
26 15 8
26 17 1
26 19 78
26 20 21
26 22 53
26 23 50
26 24 27
26 25 5
27 1 43
27 2 59
27 3 24
27 4 8
27 5 19
27 6 21
27 7 65
27 8 71
27 9 62
27 10 16
27 11 28
27 13 8
27 14 42
27 15 78
27 16 45
27 17 77
27 19 56
27 20 54
27 21 27
27 22 16
27 23 17
27 24 55
27 25 69
27 26 71
28 0 11
28 1 80
28 2 20
28 4 67
28 8 69
28 10 70
28 11 17
28 12 21
28 13 79
28 14 28
28 16 19
28 17 26
28 19 40
28 20 3
28 21 55
28 22 46
28 23 68
28 24 13
28 26 70
28 27 53
29 0 9
29 1 72
29 2 42
29 3 24
29 4 74
29 5 71
29 7 2
29 8 54
29 9 9
29 10 13
29 12 71
29 13 41
29 14 51
29 15 21
29 16 17
29 17 42
29 18 21
29 19 39
29 20 24
29 21 49
29 23 77
29 24 29
29 26 79
29 27 14
30 0 74
30 1 23
30 2 59
30 3 8
30 4 60
30 5 72
30 6 36
30 7 75
30 9 44
30 10 71
30 11 10
30 12 6
30 13 39
30 14 17
30 15 24
30 17 48
30 18 30
30 19 18
30 20 45
30 21 33
30 22 7
30 24 68
30 26 50
30 27 25
30 28 6
30 29 25
31 0 61
31 3 14
31 4 18
31 6 79
31 8 58
31 10 3
31 11 54
31 12 5
31 13 29
31 15 25
31 16 3
31 17 74
31 18 19
31 19 11
31 22 24
31 23 11
31 24 12
31 25 41
31 26 39
31 28 6
31 29 44
31 30 51
32 0 16
32 1 6
32 3 23
32 4 28
32 6 19
32 7 8
32 8 30
32 10 17
32 11 25
32 12 58
32 13 8
32 14 15
32 16 27
32 17 45
32 18 10
32 19 39
32 20 5
32 21 79
32 22 58
32 23 8
32 24 71
32 25 1
32 26 7
32 27 22
32 29 53
32 30 7
32 31 17
33 1 30
33 3 19
33 4 13
33 5 48
33 9 51
33 10 37
33 12 42
33 13 1
33 14 60
33 17 49
33 18 55
33 21 46
33 22 14
33 23 45
33 24 38
33 26 4
33 27 37
33 28 65
33 29 13
33 30 14
33 31 62
33 32 73
34 1 78
34 2 50
34 3 78
34 4 33
34 5 52
34 6 35
34 7 7
34 9 5
34 10 14
34 11 68
34 12 57
34 13 75
34 14 8
34 15 38
34 16 12
34 17 10
34 18 23
34 19 15
34 20 69
34 21 29
34 22 24
34 24 77
34 25 17
34 27 76
34 28 16
34 29 56
34 30 70
34 31 26
34 32 40
34 33 43
35 2 62
35 4 66
35 6 53
35 8 80
35 10 19
35 11 58
35 13 61
35 14 9
35 16 7
35 17 24
35 18 63
35 19 19
35 21 74
35 22 71
35 23 42
35 25 10
35 26 47
35 27 76
35 28 47
35 29 78
35 30 61
35 31 76
35 32 53
35 33 62
35 34 51
36 0 56
36 1 76
36 3 72
36 4 15
36 5 78
36 8 62
36 9 6
36 10 63
36 12 34
36 14 73
36 15 50
36 16 71
36 17 67
36 18 64
36 19 6
36 21 57
36 23 28
36 24 68
36 25 67
36 26 58
36 27 63
36 29 20
36 31 79
36 32 67
36 33 4
36 35 56
37 0 32
37 1 17
37 2 67
37 3 76
37 4 66
37 5 15
37 6 17
37 8 80
37 9 24
37 10 37
37 11 14
37 12 76
37 13 23
37 14 28
37 15 69
37 16 25
37 17 69
37 18 39
37 19 37
37 20 12
37 21 65
37 22 29
37 23 41
37 24 29
37 25 49
37 26 36
37 28 9
37 29 2
37 30 20
37 31 16
37 32 34
37 33 78
37 36 60
38 1 31
38 2 76
38 3 67
38 4 38
38 5 51
38 7 54
38 9 50
38 12 55
38 13 56
38 14 28
38 16 38
38 17 65
38 18 62
38 19 22
38 20 80
38 21 79
38 22 53
38 23 36
38 24 15
38 25 39
38 26 27
38 27 64
38 28 65
38 29 1
38 30 13
38 31 23
38 32 4
38 34 31
38 35 2
38 36 61
38 37 67
39 0 35
39 1 26
39 2 40
39 3 35
39 4 49
39 5 69
39 6 14
39 7 45
39 8 33
39 9 16
39 10 65
39 11 73
39 13 32
39 14 17
39 16 70
39 17 4
39 18 63
39 21 8
39 22 71
39 23 75
39 24 30
39 25 40
39 26 60
39 27 2
39 29 55
39 31 79
39 33 57
39 34 39
39 35 52
40 0 18
40 1 43
40 2 33
40 3 15
40 4 27
40 5 37
40 6 35
40 7 60
40 8 49
40 9 4
40 10 17
40 11 49
40 12 38
40 13 37
40 14 32
40 15 44
40 19 8
40 20 68
40 21 25
40 22 30
40 24 56
40 25 63
40 26 7
40 27 78
40 28 71
40 29 3
40 31 39
40 32 33
40 33 21
40 34 28
40 35 27
40 37 67
40 38 28
40 39 32
41 0 34
41 1 70
41 2 12
41 3 13
41 4 80
41 5 36
41 6 38
41 8 67
41 10 7
41 13 6
41 14 69
41 15 8
41 16 15
41 18 31
41 19 51
41 22 67
41 23 5
41 24 72
41 25 28
41 27 29
41 28 5
41 29 17
41 30 33
41 31 73
41 32 64
41 33 63
41 34 74
41 35 79
41 36 26
41 39 65
41 40 45
42 0 71
42 2 61
42 3 55
42 4 30
42 5 17
42 6 4
42 7 69
42 8 75
42 10 55
42 11 49
42 12 29
42 13 61
42 14 8
42 15 41
42 16 58
42 17 32
42 18 10
42 19 50
42 20 63
42 21 71
42 22 19
42 24 43
42 25 14
42 26 8
42 27 51
42 28 63
42 29 65
42 30 42
42 31 75
42 33 49
42 34 13
42 35 53
42 36 4
42 38 71
42 39 41
42 40 57
43 0 27
43 2 40
43 4 71
43 5 22
43 6 32
43 7 12
43 8 60
43 11 77
43 12 64
43 13 25
43 14 28
43 15 73
43 16 4
43 17 34
43 19 10
43 20 52
43 21 38
43 22 52
43 23 75
43 24 70
43 25 69
43 26 67
43 27 66
43 28 61
43 29 50
43 30 28
43 31 19
43 32 21
43 33 63
43 34 29
43 35 52
43 36 61
43 37 55
43 38 50
43 40 61
43 41 45
43 42 49
44 0 32
44 2 63
44 3 21
44 6 40
44 8 27
44 9 3
44 10 65
44 11 19
44 12 13
44 13 63
44 14 54
44 15 63
44 16 48
44 18 57
44 22 60
44 23 42
44 24 65
44 25 68
44 26 45
44 27 50
44 28 38
44 29 26
44 30 2
44 31 72
44 32 16
44 33 16
44 34 47
44 35 10
44 36 41
44 37 23
44 38 53
44 39 76
44 40 69
44 41 75
44 42 34
45 0 28
45 1 60
45 2 67
45 3 35
45 4 68
45 5 73
45 6 42
45 7 75
45 8 54
45 9 48
45 11 34
45 12 47
45 13 48
45 14 66
45 16 13
45 21 17
45 22 54
45 23 5
45 24 40
45 25 74
45 26 67
45 27 70
45 28 4
45 29 41
45 31 32
45 32 29
45 33 33
45 35 38
45 36 33
45 37 51
45 38 5
45 39 10
45 40 6
45 41 32
45 42 20
45 43 64
45 44 65
46 0 8
46 1 18
46 2 28
46 3 34
46 4 66
46 5 10
46 6 22
46 7 66
46 8 78
46 9 18
46 10 6
46 11 46
46 12 17
46 13 5
46 14 39
46 15 38
46 16 10
46 17 8
46 19 51
46 20 75
46 21 71
46 22 24
46 23 13
46 24 6
46 25 64
46 26 37
46 27 4
46 28 60
46 29 26
46 31 80
46 32 3
46 33 63
46 34 51
46 35 70
46 37 48
46 38 20
46 39 61
46 40 67
46 41 59
46 42 15
46 43 5
46 44 36
47 1 10
47 2 38
47 3 41
47 4 39
47 5 43
47 6 30
47 7 42
47 9 12
47 10 33
47 11 13
47 12 54
47 13 69
47 15 2
47 17 36
47 18 49
47 19 8
47 20 3
47 21 58
47 22 38
47 23 17
47 24 5
47 25 8
47 27 25
47 28 27
47 29 50
47 30 50
47 31 79
47 33 30
47 34 67
47 35 9
47 36 14
47 37 69
47 38 55
47 39 22
47 40 27
47 41 41
47 43 13
47 44 8
47 45 48
47 46 51
48 0 27
48 1 31
48 2 20
48 3 76
48 4 56
48 6 78
48 8 38
48 9 13
48 10 76
48 11 36
48 12 44
48 13 39
48 14 18
48 16 5
48 17 3
48 18 45
48 19 16
48 20 22
48 21 59
48 22 14
48 23 56
48 24 78
48 27 32
48 28 52
48 29 3
48 30 25
48 32 31
48 33 30
48 34 36
48 35 68
48 36 18
48 37 47
48 38 21
48 40 50
48 42 21
48 43 20
48 44 38
48 45 67
48 46 49
48 47 46
49 1 39
49 2 16
49 3 3
49 4 3
49 5 37
49 6 8
49 7 45
49 8 40
49 10 31
49 11 5
49 12 14
49 15 64
49 16 1
49 17 1
49 19 16
49 20 26
49 21 9
49 22 19
49 23 61
49 24 61
49 25 48
49 27 73
49 28 42
49 30 60
49 31 27
49 32 13
49 34 17
49 35 67
49 36 20
49 37 71
49 38 7
49 41 23
49 42 16
49 43 45
49 44 77
49 45 80
49 46 40
49 47 6
49 48 25
50 0 66
50 2 23
50 3 44
50 5 9
50 6 80
50 7 37
50 9 29
50 10 46
50 11 10
50 13 18
50 14 10
50 15 2
50 16 21
50 18 18
50 20 41
50 23 6
50 24 15
50 25 34
50 26 63
50 27 24
50 31 3
50 34 6
50 35 2
50 36 44
50 38 43
50 39 1
50 40 21
50 41 8
50 42 66
50 43 70
50 44 56
50 45 59
50 46 79
50 47 64
50 48 50
50 49 65
51 0 53
51 1 66
51 2 51
51 3 35
51 5 49
51 6 78
51 7 76
51 8 21
51 10 53
51 11 17
51 12 39
51 13 26
51 14 24
51 15 73
51 16 2
51 17 55
51 18 7
51 19 1
51 20 74
51 22 51
51 23 60
51 24 27
51 25 38
51 26 64
51 28 24
51 29 19
51 30 79
51 31 80
51 32 76
51 33 53
51 34 39
51 35 44
51 36 63
51 37 15
51 38 62
51 39 63
51 40 53
51 45 35
51 46 50
51 47 7
51 48 4
51 49 6
51 50 10
52 0 75
52 1 7
52 2 23
52 3 12
52 4 24
52 5 50
52 6 60
52 7 45
52 8 26
52 9 79
52 10 8
52 12 36
52 13 39
52 14 31
52 15 79
52 16 35
52 17 41
52 18 40
52 19 14
52 20 58
52 21 70
52 23 73
52 24 38
52 25 14
52 26 48
52 27 20
52 28 80
52 29 18
52 30 8
52 31 54
52 32 64
52 33 48
52 34 53
52 35 54
52 36 71
52 37 70
52 38 79
52 39 16
52 41 63
52 44 10
52 45 61
52 46 15
52 47 51
52 48 10
52 49 18
52 50 19
53 2 27
53 3 61
53 4 2
53 7 52
53 8 5
53 9 29
53 10 33
53 11 60
53 12 77
53 13 9
53 14 5
53 16 73
53 17 22
53 19 46
53 21 34
53 24 24
53 25 58
53 26 61
53 27 45
53 28 15
53 29 58
53 31 33
53 32 50
53 34 70
53 35 54
53 38 66
53 39 13
53 40 80
53 42 34
53 43 47
53 44 26
53 45 67
53 47 68
53 48 2
53 49 4
53 51 37
53 52 67
54 0 4
54 1 55
54 2 63
54 3 44
54 4 4
54 5 23
54 7 66
54 8 64
54 9 64
54 11 6
54 12 24
54 14 49
54 15 45
54 16 2
54 17 61
54 18 80
54 19 36
54 20 54
54 23 11
54 24 30
54 26 64
54 27 35
54 29 80
54 30 30
54 31 44
54 32 37
54 33 7
54 34 12
54 35 53
54 36 4
54 37 12
54 38 21
54 39 74
54 40 33
54 41 52
54 42 6
54 44 19
54 45 17
54 46 10
54 47 17
54 48 43
54 49 2
54 50 7
54 51 59
54 52 49
54 53 6
55 0 59
55 1 41
55 2 53
55 3 10
55 4 74
55 5 12
55 7 48
55 8 47
55 9 28
55 10 45
55 11 43
55 12 10
55 13 43
55 15 50
55 16 6
55 17 3
55 18 46
55 19 77
55 20 71
55 21 12
55 22 43
55 24 2
55 25 31
55 27 80
55 28 16
55 29 68
55 30 7
55 31 51
55 32 47
55 34 12
55 35 36
55 38 10
55 39 11
55 40 33
55 41 37
55 42 3
55 43 9
55 45 41
55 46 8
55 47 20
55 48 28
55 50 75
55 51 27
55 52 75
55 53 27
55 54 54
56 0 58
56 1 27
56 2 43
56 3 33
56 5 24
56 8 77
56 9 48
56 11 3
56 13 76
56 14 78
56 15 41
56 16 58
56 17 40
56 18 77
56 19 21
56 20 19
56 21 52
56 22 65
56 23 2
56 24 80
56 25 29
56 26 9
56 27 7
56 28 65
56 29 13
56 30 18
56 32 5
56 34 44
56 35 40
56 36 66
56 37 42
56 38 50
56 39 23
56 40 71
56 41 79
56 42 55
56 43 37
56 44 76
56 45 11
56 46 60
56 47 18
56 50 61
56 51 19
56 52 11
56 53 80
56 54 61
56 55 32
57 0 69
57 1 51
57 2 57
57 3 9
57 4 6
57 5 14
57 6 62
57 8 15
57 9 48
57 10 79
57 11 47
57 12 38
57 13 27
57 14 77
57 16 43
57 17 73
57 19 38
57 20 26
57 21 55
57 22 70
57 23 30
57 24 24
57 25 23
57 26 9
57 27 33
57 29 60
57 30 37
57 31 72
57 32 34
57 33 20
57 34 70
57 35 69
57 36 74
57 37 58
57 38 20
57 39 72
57 40 4
57 42 75
57 43 3
57 44 15
57 45 9
57 47 13
57 48 56
57 49 5
57 50 5
57 51 73
57 52 68
57 53 50
57 54 37
57 55 32
57 56 21
58 1 36
58 2 13
58 3 77
58 4 25
58 5 21
58 9 36
58 11 77
58 12 52
58 13 18
58 14 63
58 15 13
58 16 64
58 17 52
58 18 5
58 19 36
58 20 9
58 21 69
58 22 5
58 23 36
58 24 22
58 25 64
58 26 17
58 29 20
58 30 58
58 31 22
58 32 34
58 33 6
58 34 33
58 36 2
58 37 8
58 38 78
58 39 24
58 43 63
58 44 14
58 45 1
58 46 43
58 47 67
58 48 55
58 49 10
58 51 26
58 54 1
58 55 6
58 56 68
58 57 44
59 0 13
59 1 57
59 2 26
59 3 71
59 4 47
59 5 65
59 6 76
59 7 8
59 9 46
59 10 3
59 11 52
59 14 15
59 15 70
59 16 35
59 17 15
59 18 25
59 19 75
59 20 63
59 22 3
59 23 33
59 25 9
59 27 53
59 28 1
59 29 22
59 30 6
59 31 54
59 32 28
59 33 28
59 34 49
59 35 20
59 36 51
59 37 78
59 38 6
59 39 56
59 40 66
59 41 17
59 42 59
59 44 55
59 45 67
59 46 39
59 47 49
59 48 33
59 50 70
59 51 50
59 52 62
59 55 51
59 56 43
59 57 69
59 58 29
