50
1 0 264
2 0 12
2 1 29
3 0 210
3 1 161
3 2 123
4 0 276
4 1 233
4 2 45
4 3 186
5 0 102
5 1 205
5 2 85
5 3 298
5 4 249
6 0 48
6 1 241
6 2 171
6 3 278
6 4 238
6 5 230
7 0 49
7 1 198
7 2 171
7 3 200
7 4 259
7 5 153
7 6 305
8 0 82
8 1 201
8 2 157
8 3 132
8 4 155
8 5 212
8 6 63
8 7 92
9 0 6
9 1 208
9 2 24
9 3 253
9 4 172
9 5 6
9 6 175
9 7 216
9 8 295
10 0 169
10 1 287
10 2 258
10 3 144
10 4 122
10 5 186
10 6 3
10 7 67
10 8 232
10 9 257
11 0 262
11 1 27
11 2 261
11 3 113
11 4 296
11 5 8
11 6 104
11 7 12
11 8 162
11 9 170
11 10 167
12 0 80
12 1 248
12 2 161
12 3 106
12 4 151
12 5 113
12 6 286
12 7 156
12 8 242
12 9 107
12 10 277
12 11 96
13 0 160
13 1 52
13 2 105
13 3 232
13 4 23
13 5 219
13 6 22
13 7 255
13 8 15
13 9 311
13 10 286
13 11 187
13 12 53
14 0 260
14 1 141
14 2 66
14 3 81
14 4 304
14 5 201
14 6 208
14 7 223
14 8 140
14 9 272
14 10 108
14 11 86
14 12 241
14 13 136
15 0 234
15 1 106
15 2 161
15 3 287
15 4 131
15 5 235
15 6 268
15 7 54
15 8 133
15 9 311
15 10 299
15 11 198
15 12 261
15 13 117
15 14 66
16 0 201
16 1 231
16 2 116
16 3 10
16 4 67
16 5 87
16 6 66
16 7 50
16 8 204
16 9 101
16 10 189
16 11 44
16 12 89
16 13 242
16 14 6
16 15 138
17 0 14
17 1 266
17 2 1
17 3 311
17 4 36
17 5 255
17 6 104
17 7 123
17 8 291
17 9 241
17 10 316
17 11 58
17 12 143
17 13 194
17 14 186
17 15 175
17 16 161
18 0 127
18 1 55
18 2 191
18 3 93
18 4 163
18 5 320
18 6 62
18 7 175
18 8 145
18 9 162
18 10 227
18 11 76
18 12 80
18 13 171
18 14 110
18 15 78
18 16 203
18 17 236
19 0 269
19 1 259
19 2 189
19 3 152
19 4 235
19 5 178
19 6 287
19 7 253
19 8 163
19 9 107
19 10 246
19 11 70
19 12 72
19 13 90
19 14 233
19 15 171
19 16 173
19 17 258
19 18 88
20 0 215
20 1 62
20 2 118
20 3 14
20 4 141
20 5 110
20 6 97
20 7 148
20 8 252
20 9 115
20 10 9
20 11 46
20 12 209
20 13 295
20 14 130
20 15 157
20 16 249
20 17 185
20 18 32
20 19 84
21 0 296
21 1 24
21 2 46
21 3 32
21 4 136
21 5 32
21 6 56
21 7 66
21 8 312
21 9 102
21 10 300
21 11 233
21 12 29
21 13 244
21 14 12
21 15 174
21 16 231
21 17 2
21 18 33
21 19 140
21 20 262
22 0 213
22 1 257
22 2 296
22 3 298
22 4 51
22 5 108
22 6 64
22 7 37
22 8 251
22 9 128
22 10 301
22 11 233
22 12 161
22 13 236
22 14 315
22 15 277
22 16 16
22 17 243
22 18 25
22 19 174
22 20 66
22 21 272
23 0 68
23 1 284
23 2 123
23 3 104
23 4 88
23 5 292
23 6 269
23 7 69
23 8 3
23 9 206
23 10 60
23 11 91
23 12 167
23 13 224
23 14 8
23 15 307
23 16 261
23 17 186
23 18 256
23 19 37
23 20 28
23 21 69
23 22 98
24 0 281
24 1 259
24 2 201
24 3 124
24 4 279
24 5 250
24 6 222
24 7 230
24 8 183
24 9 217
24 10 108
24 11 262
24 12 238
24 13 267
24 14 228
24 15 183
24 16 20
24 17 69
24 18 50
24 19 314
24 20 129
24 21 274
24 22 312
24 23 295
25 0 147
25 1 77
25 2 116
25 3 19
25 4 191
25 5 111
25 6 1
25 7 90
25 8 44
25 9 117
25 10 44
25 11 84
25 12 166
25 13 104
25 14 66
25 15 3
25 16 297
25 17 28
25 18 87
25 19 167
25 20 147
25 21 165
25 22 280
25 23 294
25 24 268
26 0 226
26 1 11
26 2 205
26 3 72
26 4 203
26 5 169
26 6 191
26 7 246
26 8 190
26 9 215
26 10 124
26 11 253
26 12 80
26 13 65
26 14 293
26 15 256
26 16 85
26 17 20
26 18 22
26 19 251
26 20 228
26 21 29
26 22 86
26 23 138
26 24 259
26 25 1
27 0 15
27 1 60
27 2 219
27 3 34
27 4 320
27 5 126
27 6 48
27 7 210
27 8 227
27 9 267
27 10 242
27 11 265
27 12 176
27 13 147
27 14 193
27 15 203
27 16 132
27 17 51
27 18 198
27 19 110
27 20 257
27 21 246
27 22 104
27 23 66
27 24 274
27 25 238
27 26 109
28 0 157
28 1 47
28 2 59
28 3 13
28 4 64
28 5 143
28 6 33
28 7 70
28 8 312
28 9 233
28 10 52
28 11 200
28 12 319
28 13 29
28 14 83
28 15 229
28 16 294
28 17 137
28 18 208
28 19 9
28 20 63
28 21 309
28 22 183
28 23 311
28 24 84
28 25 13
28 26 152
28 27 1
29 0 139
29 1 232
29 2 113
29 3 130
29 4 187
29 5 48
29 6 256
29 7 64
29 8 262
29 9 218
29 10 240
29 11 285
29 12 261
29 13 75
29 14 18
29 15 18
29 16 168
29 17 141
29 18 118
29 19 5
29 20 111
29 21 143
29 22 294
29 23 17
29 24 15
29 25 157
29 26 70
29 27 302
29 28 4
30 0 203
30 1 252
30 2 249
30 3 182
30 4 76
30 5 119
30 6 101
30 7 160
30 8 16
30 9 97
30 10 108
30 11 320
30 12 9
30 13 301
30 14 250
30 15 203
30 16 83
30 17 119
30 18 188
30 19 45
30 20 187
30 21 251
30 22 181
30 23 16
30 24 250
30 25 66
30 26 224
30 27 162
30 28 143
30 29 165
31 0 213
31 1 250
31 2 293
31 3 290
31 4 183
31 5 94
31 6 268
31 7 82
31 8 28
31 9 72
31 10 90
31 11 8
31 12 177
31 13 310
31 14 154
31 15 215
31 16 221
31 17 5
31 18 182
31 19 221
31 20 4
31 21 13
31 22 294
31 23 249
31 24 30
31 25 89
31 26 316
31 27 232
31 28 75
31 29 141
31 30 231
32 0 5
32 1 65
32 2 250
32 3 299
32 4 91
32 5 46
32 6 20
32 7 73
32 8 23
32 9 244
32 10 159
32 11 116
32 12 169
32 13 121
32 14 307
32 15 55
32 16 7
32 17 172
32 18 11
32 19 113
32 20 259
32 21 54
32 22 213
32 23 262
32 24 61
32 25 177
32 26 157
32 27 126
32 28 274
32 29 181
32 30 52
32 31 10
33 0 96
33 1 299
33 2 54
33 3 281
33 4 166
33 5 164
33 6 3
33 7 258
33 8 129
33 9 256
33 10 230
33 11 94
33 12 160
33 13 66
33 14 32
33 15 241
33 16 21
33 17 246
33 18 50
33 19 205
33 20 195
33 21 111
33 22 182
33 23 15
33 24 103
33 25 167
33 26 86
33 27 166
33 28 21
33 29 215
33 30 111
33 31 104
33 32 290
34 0 312
34 1 303
34 2 148
34 3 87
34 4 111
34 5 272
34 6 16
34 7 81
34 8 161
34 9 280
34 10 308
34 11 210
34 12 220
34 13 106
34 14 263
34 15 246
34 16 245
34 17 44
34 18 224
34 19 1
34 20 224
34 21 113
34 22 49
34 23 272
34 24 197
34 25 68
34 26 151
34 27 258
34 28 311
34 29 298
34 30 64
34 31 68
34 32 183
34 33 276
35 0 114
35 1 53
35 2 121
35 3 253
35 4 300
35 5 305
35 6 128
35 7 133
35 8 177
35 9 213
35 10 41
35 11 99
35 12 105
35 13 289
35 14 80
35 15 304
35 16 142
35 17 257
35 18 206
35 19 178
35 20 286
35 21 236
35 22 285
35 23 275
35 24 116
35 25 137
35 26 247
35 27 5
35 28 95
35 29 116
35 30 168
35 31 104
35 32 184
35 33 222
35 34 261
36 0 139
36 1 111
36 2 22
36 3 217
36 4 58
36 5 302
36 6 10
36 7 294
36 8 101
36 9 308
36 10 306
36 11 221
36 12 214
36 13 268
36 14 210
36 15 87
36 16 182
36 17 198
36 18 41
36 19 81
36 20 185
36 21 225
36 22 24
36 23 204
36 24 252
36 25 231
36 26 50
36 27 182
36 28 99
36 29 284
36 30 40
36 31 234
36 32 218
36 33 146
36 34 96
36 35 181
37 0 98
37 1 43
37 2 6
37 3 293
37 4 51
37 5 186
37 6 8
37 7 226
37 8 124
37 9 99
37 10 300
37 11 239
37 12 171
37 13 221
37 14 85
37 15 276
37 16 155
37 17 261
37 18 194
37 19 262
37 20 129
37 21 138
37 22 310
37 23 259
37 24 81
37 25 73
37 26 132
37 27 155
37 28 207
37 29 53
37 30 128
37 31 241
37 32 35
37 33 201
37 34 176
37 35 277
37 36 26
38 0 193
38 1 234
38 2 152
38 3 40
38 4 49
38 5 209
38 6 232
38 7 83
38 8 286
38 9 123
38 10 173
38 11 110
38 12 78
38 13 154
38 14 211
38 15 294
38 16 210
38 17 207
38 18 34
38 19 314
38 20 32
38 21 33
38 22 40
38 23 177
38 24 156
38 25 24
38 26 253
38 27 9
38 28 273
38 29 36
38 30 255
38 31 212
38 32 134
38 33 42
38 34 45
38 35 233
38 36 298
38 37 114
39 0 239
39 1 37
39 2 265
39 3 201
39 4 54
39 5 153
39 6 48
39 7 220
39 8 315
39 9 55
39 10 95
39 11 136
39 12 156
39 13 190
39 14 313
39 15 73
39 16 254
39 17 209
39 18 310
39 19 282
39 20 161
39 21 159
39 22 179
39 23 212
39 24 140
39 25 238
39 26 256
39 27 194
39 28 71
39 29 249
39 30 283
39 31 15
39 32 209
39 33 305
39 34 104
39 35 306
39 36 36
39 37 213
39 38 232
40 0 204
40 1 167
40 2 228
40 3 109
40 4 262
40 5 178
40 6 120
40 7 231
40 8 74
40 9 43
40 10 37
40 11 25
40 12 48
40 13 124
40 14 278
40 15 75
40 16 174
40 17 199
40 18 96
40 19 93
40 20 252
40 21 4
40 22 161
40 23 109
40 24 27
40 25 317
40 26 319
40 27 273
40 28 13
40 29 194
40 30 21
40 31 193
40 32 23
40 33 98
40 34 222
40 35 83
40 36 174
40 37 287
40 38 230
40 39 313
41 0 275
41 1 221
41 2 304
41 3 201
41 4 280
41 5 7
41 6 103
41 7 161
41 8 119
41 9 220
41 10 123
41 11 204
41 12 144
41 13 316
41 14 214
41 15 37
41 16 24
41 17 132
41 18 245
41 19 294
41 20 58
41 21 57
41 22 31
41 23 80
41 24 310
41 25 26
41 26 248
41 27 131
41 28 133
41 29 154
41 30 1
41 31 187
41 32 23
41 33 104
41 34 289
41 35 57
41 36 204
41 37 154
41 38 243
41 39 171
41 40 308
42 0 283
42 1 1
42 2 57
42 3 136
42 4 68
42 5 163
42 6 296
42 7 260
42 8 28
42 9 307
42 10 154
42 11 65
42 12 12
42 13 119
42 14 125
42 15 145
42 16 227
42 17 14
42 18 147
42 19 82
42 20 25
42 21 169
42 22 314
42 23 305
42 24 198
42 25 119
42 26 138
42 27 157
42 28 232
42 29 229
42 30 144
42 31 73
42 32 252
42 33 13
42 34 79
42 35 160
42 36 241
42 37 194
42 38 249
42 39 47
42 40 35
42 41 125
43 0 110
43 1 121
43 2 162
43 3 186
43 4 128
43 5 223
43 6 186
43 7 291
43 8 248
43 9 256
43 10 207
43 11 128
43 12 196
43 13 195
43 14 89
43 15 95
43 16 209
43 17 284
43 18 6
43 19 87
43 20 234
43 21 24
43 22 222
43 23 52
43 24 190
43 25 108
43 26 25
43 27 262
43 28 131
43 29 294
43 30 287
43 31 277
43 32 187
43 33 99
43 34 127
43 35 132
43 36 227
43 37 265
43 38 2
43 39 4
43 40 267
43 41 192
43 42 243
44 0 142
44 1 108
44 2 27
44 3 172
44 4 26
44 5 23
44 6 183
44 7 108
44 8 304
44 9 198
44 10 107
44 11 14
44 12 227
44 13 250
44 14 116
44 15 148
44 16 54
44 17 210
44 18 272
44 19 193
44 20 35
44 21 298
44 22 275
44 23 141
44 24 146
44 25 72
44 26 269
44 27 204
44 28 43
44 29 204
44 30 301
44 31 319
44 32 37
44 33 266
44 34 83
44 35 183
44 36 159
44 37 89
44 38 158
44 39 245
44 40 202
44 41 168
44 42 205
44 43 257
45 0 200
45 1 189
45 2 220
45 3 126
45 4 247
45 5 282
45 6 146
45 7 168
45 8 211
45 9 63
45 10 13
45 11 218
45 12 33
45 13 230
45 14 159
45 15 280
45 16 30
45 17 32
45 18 235
45 19 115
45 20 129
45 21 319
45 22 242
45 23 289
45 24 186
45 25 208
45 26 225
45 27 292
45 28 143
45 29 142
45 30 112
45 31 286
45 32 110
45 33 140
45 34 1
45 35 315
45 36 228
45 37 121
45 38 304
45 39 163
45 40 250
45 41 213
45 42 297
45 43 284
45 44 148
46 0 80
46 1 75
46 2 82
46 3 215
46 4 154
46 5 138
46 6 216
46 7 234
46 8 116
46 9 275
46 10 254
46 11 175
46 12 237
46 13 90
46 14 97
46 15 224
46 16 110
46 17 147
46 18 187
46 19 225
46 20 244
46 21 158
46 22 120
46 23 313
46 24 246
46 25 48
46 26 112
46 27 119
46 28 165
46 29 181
46 30 306
46 31 81
46 32 178
46 33 20
46 34 282
46 35 158
46 36 245
46 37 298
46 38 319
46 39 278
46 40 162
46 41 127
46 42 217
46 43 222
46 44 221
46 45 68
47 0 258
47 1 245
47 2 188
47 3 155
47 4 290
47 5 274
47 6 145
47 7 240
47 8 44
47 9 113
47 10 135
47 11 124
47 12 65
47 13 274
47 14 66
47 15 280
47 16 103
47 17 233
47 18 152
47 19 159
47 20 260
47 21 306
47 22 26
47 23 152
47 24 6
47 25 268
47 26 139
47 27 216
47 28 172
47 29 101
47 30 204
47 31 102
47 32 9
47 33 318
47 34 106
47 35 126
47 36 15
47 37 52
47 38 75
47 39 208
47 40 220
47 41 103
47 42 272
47 43 130
47 44 317
47 45 36
47 46 287
48 0 175
48 1 114
48 2 181
48 3 107
48 4 137
48 5 151
48 6 39
48 7 37
48 8 183
48 9 152
48 10 262
48 11 4
48 12 115
48 13 106
48 14 189
48 15 38
48 16 50
48 17 227
48 18 199
48 19 300
48 20 159
48 21 247
48 22 35
48 23 30
48 24 95
48 25 219
48 26 315
48 27 38
48 28 89
48 29 258
48 30 115
48 31 274
48 32 312
48 33 251
48 34 251
48 35 119
48 36 20
48 37 21
48 38 200
48 39 160
48 40 284
48 41 177
48 42 17
48 43 115
48 44 129
48 45 127
48 46 162
48 47 153
49 0 294
49 1 49
49 2 214
49 3 117
49 4 113
49 5 263
49 6 70
49 7 214
49 8 289
49 9 141
49 10 306
49 11 81
49 12 97
49 13 104
49 14 24
49 15 275
49 16 42
49 17 27
49 18 206
49 19 43
49 20 255
49 21 311
49 22 190
49 23 74
49 24 50
49 25 94
49 26 241
49 27 84
49 28 297
49 29 269
49 30 244
49 31 88
49 32 110
49 33 197
49 34 277
49 35 193
49 36 222
49 37 102
49 38 301
49 39 213
49 40 226
49 41 105
49 42 87
49 43 206
49 44 294
49 45 65
49 46 288
49 47 190
49 48 159
