40
1 0 11
2 1 16
3 0 9
3 1 20
4 0 15
4 1 6
4 2 2
4 3 20
5 0 3
5 1 8
5 2 1
5 3 10
5 4 8
6 0 8
6 1 14
6 2 9
6 3 19
6 4 16
6 5 12
7 0 3
7 1 4
7 2 20
7 3 3
7 4 1
7 5 12
7 6 17
8 0 16
8 1 16
8 2 19
8 3 16
8 4 19
8 5 7
8 6 19
8 7 2
9 0 14
9 1 9
9 2 11
9 3 13
9 4 3
9 6 6
9 8 18
10 0 9
10 1 19
10 2 16
10 3 15
10 4 14
10 5 10
10 6 1
10 7 15
10 8 2
10 9 2
11 0 5
11 1 2
11 2 6
11 3 5
11 4 19
11 5 15
11 6 19
11 7 11
11 8 9
11 9 20
11 10 4
12 1 13
12 2 1
12 3 8
12 4 15
12 5 10
12 6 5
12 7 1
12 8 14
12 9 7
12 10 1
12 11 19
13 0 3
13 1 7
13 2 16
13 3 9
13 4 12
13 5 14
13 6 18
13 7 12
13 8 7
13 9 13
13 10 9
13 11 6
13 12 10
14 0 16
14 1 9
14 2 2
14 3 16
14 4 12
14 5 11
14 6 14
14 7 15
14 8 2
14 10 17
14 11 14
14 12 8
14 13 20
15 1 18
15 2 13
15 3 20
15 4 8
15 5 4
15 6 7
15 7 13
15 9 3
15 10 17
15 12 13
15 13 11
15 14 20
16 0 12
16 1 13
16 2 8
16 3 6
16 5 1
16 7 7
16 8 11
16 9 18
16 10 10
16 11 4
16 13 9
16 14 7
16 15 8
17 0 12
17 1 17
17 2 5
17 3 13
17 4 8
17 5 16
17 6 12
17 7 16
17 8 8
17 9 13
17 10 19
17 11 5
17 12 19
17 13 6
17 14 19
17 15 14
17 16 12
18 0 14
18 1 1
18 2 8
18 3 15
18 4 20
18 5 12
18 6 17
18 7 2
18 8 9
18 9 9
18 11 1
18 12 6
18 13 15
18 14 15
18 15 20
18 16 3
18 17 1
19 0 18
19 1 16
19 2 19
19 3 18
19 4 18
19 5 7
19 7 15
19 8 18
19 10 4
19 11 10
19 12 18
19 13 1
19 14 18
19 15 2
19 16 12
19 17 11
19 18 2
20 0 11
20 1 9
20 2 7
20 3 4
20 4 8
20 5 12
20 8 12
20 9 3
20 10 1
20 11 3
20 12 5
20 13 6
20 14 13
20 15 9
20 16 7
20 17 2
20 18 13
21 0 15
21 1 10
21 2 10
21 3 5
21 6 15
21 7 9
21 8 5
21 9 4
21 10 14
21 12 2
21 13 2
21 14 1
21 15 20
21 16 17
21 17 7
21 18 8
21 19 5
21 20 6
22 0 12
22 2 8
22 3 4
22 4 10
22 5 2
22 6 6
22 7 8
22 8 17
22 9 5
22 10 7
22 11 6
22 12 12
22 13 2
22 14 15
22 16 9
22 19 10
22 20 7
22 21 6
23 0 17
23 1 13
23 2 1
23 3 16
23 4 6
23 5 17
23 6 13
23 7 16
23 8 18
23 9 9
23 10 9
23 11 10
23 12 12
23 13 5
23 14 11
23 15 18
23 16 1
23 17 9
23 18 17
23 19 19
23 20 4
23 21 10
23 22 18
24 0 17
24 1 3
24 2 10
24 3 2
24 4 6
24 5 9
24 6 10
24 7 17
24 8 18
24 9 10
24 10 18
24 12 9
24 13 9
24 14 6
24 15 17
24 16 11
24 17 17
24 19 15
24 20 9
24 21 20
24 22 7
24 23 7
25 0 2
25 1 1
25 4 11
25 5 2
25 6 12
25 8 18
25 9 17
25 10 3
25 11 4
25 12 9
25 13 7
25 14 1
25 15 12
25 16 12
25 17 10
25 18 18
25 19 11
25 20 20
25 21 10
25 22 11
25 23 16
25 24 18
26 0 12
26 1 4
26 3 16
26 4 17
26 6 18
26 7 8
26 8 14
26 9 11
26 10 20
26 11 4
26 12 2
26 13 2
26 14 3
26 15 2
26 16 8
26 17 20
26 19 16
26 20 11
26 21 12
26 22 4
26 23 9
26 24 10
26 25 6
27 1 16
27 2 16
27 3 11
27 5 10
27 6 19
27 7 6
27 8 13
27 9 17
27 10 14
27 11 2
27 12 4
27 13 12
27 14 15
27 16 12
27 17 19
27 18 19
27 19 8
27 20 9
27 21 19
27 22 5
27 23 11
27 24 3
27 25 5
27 26 1
28 0 15
28 2 10
28 3 2
28 4 6
28 5 16
28 6 2
28 7 7
28 9 10
28 10 11
28 12 8
28 13 4
28 14 10
28 15 7
28 16 6
28 18 6
28 19 5
28 21 2
28 22 11
28 23 4
28 24 9
28 25 5
28 26 12
28 27 11
29 0 1
29 1 5
29 2 19
29 3 14
29 4 15
29 5 18
29 6 8
29 7 20
29 8 16
29 9 5
29 11 16
29 12 20
29 13 1
29 14 20
29 15 19
29 16 6
29 17 14
29 18 15
29 19 10
29 20 19
29 22 10
29 23 20
29 24 3
29 25 8
29 26 8
29 27 18
29 28 12
30 0 11
30 1 14
30 2 5
30 4 6
30 5 19
30 6 6
30 7 7
30 9 19
30 10 13
30 11 13
30 12 4
30 15 14
30 17 9
30 18 14
30 19 5
30 20 6
30 21 14
30 22 7
30 23 2
30 24 9
30 25 20
30 27 19
30 28 6
30 29 6
31 0 1
31 1 13
31 2 6
31 3 10
31 4 3
31 5 13
31 6 8
31 7 19
31 8 7
31 9 2
31 11 16
31 12 11
31 13 13
31 15 11
31 16 17
31 17 17
31 18 8
31 19 2
31 20 10
31 22 13
31 23 17
31 24 15
31 26 15
31 27 7
31 28 15
31 29 17
31 30 20
32 0 9
32 1 17
32 2 7
32 3 20
32 4 11
32 5 12
32 6 10
32 8 15
32 9 5
32 10 8
32 11 11
32 12 6
32 13 3
32 14 13
32 15 10
32 16 9
32 17 7
32 18 3
32 19 14
32 20 14
32 21 18
32 22 2
32 23 18
32 24 12
32 26 19
32 27 10
32 28 6
32 29 18
32 30 11
32 31 5
33 1 2
33 2 19
33 3 17
33 4 12
33 5 1
33 6 3
33 7 18
33 8 10
33 9 14
33 10 5
33 11 11
33 12 14
33 13 8
33 14 1
33 15 5
33 16 8
33 17 14
33 18 7
33 19 14
33 20 4
33 21 10
33 22 1
33 23 2
33 24 10
33 25 8
33 26 1
33 27 7
33 28 20
33 29 7
33 30 1
33 32 7
34 0 6
34 1 16
34 2 20
34 3 9
34 4 17
34 5 10
34 6 1
34 7 9
34 8 13
34 10 15
34 11 20
34 12 5
34 14 19
34 15 17
34 16 9
34 17 8
34 18 17
34 19 1
34 20 9
34 21 16
34 22 9
34 23 7
34 24 11
34 25 19
34 26 13
34 27 3
34 28 8
34 29 4
34 30 8
34 31 15
34 32 4
34 33 12
35 0 18
35 1 7
35 2 4
35 3 16
35 4 13
35 5 18
35 6 8
35 7 2
35 8 7
35 9 2
35 10 14
35 11 7
35 12 16
35 13 11
35 14 17
35 15 16
35 16 19
35 17 9
35 18 16
35 19 9
35 20 3
35 21 5
35 22 11
35 23 7
35 24 1
35 25 13
35 26 16
35 27 3
35 29 6
35 30 11
35 31 19
35 32 5
35 33 20
35 34 20
36 0 1
36 1 13
36 2 12
36 3 19
36 4 4
36 5 9
36 6 12
36 7 12
36 8 12
36 9 12
36 10 3
36 11 4
36 12 18
36 13 9
36 14 14
36 15 2
36 16 5
36 17 16
36 18 12
36 19 15
36 20 6
36 21 14
36 23 4
36 24 13
36 25 16
36 26 8
36 27 19
36 28 14
36 29 8
36 30 18
36 31 6
36 32 13
36 33 5
36 34 2
36 35 6
37 0 16
37 1 7
37 2 20
37 3 15
37 4 2
37 5 19
37 6 9
37 7 10
37 8 4
37 9 7
37 10 1
37 11 3
37 12 11
37 14 12
37 15 18
37 16 3
37 17 10
37 18 6
37 19 20
37 22 19
37 24 9
37 25 10
37 26 8
37 27 1
37 28 8
37 29 3
37 30 16
37 31 10
37 32 7
37 33 8
37 34 6
37 35 16
37 36 19
38 0 11
38 1 11
38 2 13
38 3 6
38 4 4
38 5 3
38 6 13
38 7 11
38 8 1
38 9 17
38 10 12
38 11 14
38 12 14
38 13 18
38 14 12
38 17 9
38 18 20
38 19 10
38 20 11
38 21 16
38 22 3
38 23 16
38 24 5
38 25 1
38 26 14
38 27 4
38 28 9
38 29 15
38 30 4
38 31 20
38 32 20
38 33 17
38 34 3
38 35 1
38 36 4
38 37 6
39 2 12
39 3 17
39 4 8
39 5 14
39 6 12
39 7 20
39 8 4
39 9 3
39 10 19
39 11 3
39 12 3
39 13 9
39 14 3
39 15 3
39 16 4
39 17 17
39 18 2
39 19 18
39 20 1
39 21 13
39 23 9
39 25 5
39 26 15
39 27 2
39 29 20
39 30 14
39 31 10
39 32 15
39 33 1
39 35 14
39 36 12
39 37 19
39 38 13
