40
1 0 76
2 1 116
3 0 156
3 2 158
4 0 113
4 1 66
5 0 53
5 1 113
5 3 61
6 0 66
6 1 65
6 3 56
6 4 147
6 5 150
7 0 20
7 1 111
7 5 23
7 6 5
8 0 121
8 1 23
8 2 89
8 3 86
8 4 95
8 5 47
8 6 4
8 7 119
9 1 126
9 2 33
9 4 53
9 5 36
9 7 116
9 8 96
10 1 90
10 2 144
10 3 99
10 4 131
10 5 135
10 7 51
10 8 76
10 9 117
11 0 58
11 1 64
11 3 77
11 5 88
11 6 86
11 8 123
11 9 109
11 10 98
12 1 118
12 2 65
12 3 86
12 4 42
12 6 32
12 7 53
12 8 65
13 0 14
13 1 7
13 3 160
13 4 55
13 5 86
13 6 146
13 7 9
13 10 18
14 0 16
14 1 92
14 2 1
14 6 74
14 7 2
14 9 18
14 10 80
14 11 126
14 12 51
14 13 11
15 0 41
15 2 148
15 3 72
15 5 68
15 7 14
15 8 147
15 9 150
15 10 104
15 11 27
15 12 73
15 13 20
15 14 23
16 1 3
16 2 29
16 3 70
16 4 157
16 5 40
16 6 55
16 7 158
16 8 95
16 9 34
16 10 35
16 11 7
16 12 6
16 13 131
16 14 59
16 15 54
17 1 113
17 2 103
17 3 143
17 5 139
17 6 13
17 8 61
17 9 46
17 11 40
17 12 146
17 13 35
17 14 23
17 16 48
18 0 85
18 2 35
18 3 3
18 5 135
18 6 59
18 7 29
18 10 124
18 11 34
18 13 138
18 14 57
18 15 109
18 16 102
18 17 107
19 1 12
19 2 35
19 3 15
19 4 11
19 6 158
19 7 70
19 8 58
19 9 69
19 10 109
19 11 22
19 17 128
19 18 16
20 0 115
20 1 114
20 4 125
20 5 52
20 7 81
20 8 130
20 11 23
20 12 117
20 14 50
20 15 48
20 16 121
20 18 17
20 19 61
21 0 149
21 1 150
21 2 116
21 4 98
21 8 25
21 12 20
21 13 129
21 14 80
21 15 100
21 16 119
21 17 56
21 19 69
21 20 17
22 0 149
22 1 6
22 2 103
22 3 54
22 4 96
22 5 35
22 6 158
22 7 128
22 8 57
22 10 111
22 11 56
22 12 55
22 13 146
22 14 118
22 19 141
22 20 17
22 21 155
23 0 132
23 1 120
23 4 45
23 5 8
23 6 55
23 7 99
23 10 56
23 11 93
23 12 113
23 13 52
23 16 45
23 19 97
23 21 37
23 22 106
24 0 112
24 2 78
24 3 152
24 4 97
24 5 48
24 6 34
24 7 151
24 8 103
24 9 45
24 12 48
24 13 35
24 14 95
24 15 87
24 17 20
24 18 52
24 19 151
24 20 44
24 22 132
24 23 95
25 0 115
25 2 63
25 4 111
25 5 78
25 6 62
25 7 17
25 8 10
25 10 135
25 11 160
25 13 74
25 14 71
25 19 57
25 22 109
25 23 12
25 24 77
26 0 102
26 1 119
26 3 160
26 5 22
26 6 34
26 7 130
26 9 30
26 10 40
26 13 103
26 14 95
26 15 89
26 16 46
26 18 49
26 19 91
26 20 139
26 21 131
26 25 91
27 0 4
27 1 45
27 3 82
27 4 13
27 5 27
27 6 80
27 8 120
27 10 152
27 11 77
27 12 23
27 14 128
27 15 148
27 16 73
27 18 62
27 20 59
27 21 21
27 22 26
27 23 46
27 24 125
27 25 26
27 26 144
28 0 38
28 1 128
28 2 135
28 3 85
28 4 89
28 5 5
28 6 145
28 7 30
28 11 41
28 12 18
28 13 63
28 14 20
28 15 102
28 16 130
28 18 88
28 19 10
28 20 22
28 22 41
28 23 121
28 24 6
28 26 129
28 27 84
29 2 133
29 4 92
29 5 79
29 6 104
29 7 138
29 11 102
29 12 80
29 13 152
29 14 21
29 15 26
29 17 27
29 18 85
29 19 121
29 20 26
29 21 95
29 22 18
29 23 85
29 24 123
29 27 54
29 28 149
30 0 128
30 1 150
30 2 90
30 3 115
30 5 128
30 7 136
30 8 9
30 9 82
30 10 59
30 11 7
30 12 160
30 13 73
30 15 67
30 17 145
30 18 87
30 19 42
30 20 29
30 21 4
30 23 139
30 24 128
30 27 29
30 28 28
31 1 116
31 2 155
31 3 108
31 6 132
31 8 120
31 9 15
31 11 76
31 14 50
31 15 98
31 17 58
31 19 134
31 20 129
31 21 30
31 23 12
31 24 89
31 25 6
31 26 99
31 29 38
31 30 74
32 0 159
32 1 70
32 3 102
32 7 4
32 9 26
32 12 102
32 13 57
32 16 160
32 18 14
32 19 6
32 20 77
32 23 135
32 24 56
32 26 86
32 28 101
32 29 95
32 30 77
33 0 12
33 1 34
33 3 10
33 4 121
33 5 159
33 6 135
33 8 31
33 9 97
33 10 45
33 11 140
33 14 151
33 15 101
33 16 27
33 17 60
33 18 141
33 21 104
33 23 13
33 25 140
33 28 158
33 29 77
33 31 83
34 1 108
34 3 133
34 4 118
34 5 39
34 7 2
34 8 43
34 11 84
34 14 96
34 15 32
34 16 39
34 18 93
34 19 5
34 20 148
34 21 133
34 22 84
34 24 45
34 27 15
34 29 77
34 30 56
34 31 108
34 33 32
35 0 19
35 1 143
35 3 84
35 5 71
35 6 83
35 7 153
35 8 105
35 9 157
35 11 6
35 13 48
35 14 83
35 15 101
35 16 80
35 19 54
35 20 142
35 21 75
35 22 82
35 23 104
35 25 21
35 27 118
35 28 78
35 29 148
35 31 11
35 32 42
35 33 80
35 34 53
36 0 141
36 2 158
36 3 44
36 4 104
36 6 96
36 7 135
36 8 70
36 10 91
36 11 56
36 13 133
36 14 53
36 15 124
36 17 153
36 18 121
36 20 57
36 21 79
36 23 130
36 25 59
36 26 119
36 27 58
36 28 127
36 29 57
36 31 42
36 32 150
37 2 129
37 3 2
37 4 8
37 7 101
37 8 60
37 9 124
37 11 101
37 12 133
37 14 80
37 15 151
37 16 76
37 17 156
37 18 114
37 20 27
37 21 11
37 22 25
37 23 114
37 24 40
37 25 97
37 27 84
37 29 4
37 30 120
37 31 77
37 32 110
37 33 88
37 35 55
37 36 65
38 0 82
38 3 18
38 4 73
38 7 19
38 10 109
38 11 37
38 12 106
38 13 34
38 15 40
38 16 97
38 17 104
38 18 10
38 21 68
38 22 44
38 25 123
38 26 159
38 27 125
38 28 5
38 29 13
38 30 3
38 32 107
38 33 125
38 37 67
39 0 69
39 1 21
39 2 103
39 3 1
39 5 130
39 6 73
39 7 100
39 8 48
39 9 101
39 10 96
39 11 30
39 14 74
39 15 4
39 16 139
39 17 75
39 18 32
39 19 57
39 21 105
39 24 34
39 25 159
39 27 31
39 28 123
39 29 141
39 30 1
39 32 156
39 33 136
39 34 147
39 36 84
39 38 14
