30
2 0 173
3 0 85
3 2 48
4 0 92
4 1 277
5 1 192
6 1 131
6 3 31
6 4 50
7 2 28
8 1 28
8 5 47
9 1 155
9 2 217
9 4 298
9 5 13
9 7 274
10 0 122
10 2 37
10 3 10
10 5 211
10 7 57
10 8 188
10 9 128
11 0 37
11 5 34
11 6 57
11 7 247
12 2 145
12 4 312
12 7 292
12 10 36
13 1 57
13 8 299
13 10 73
13 12 220
14 2 289
14 4 150
14 5 78
14 9 281
14 10 222
14 11 202
15 2 53
15 3 254
15 6 85
15 9 160
16 2 195
16 7 202
16 8 98
16 9 226
16 10 241
16 15 32
17 1 42
17 3 247
17 4 114
17 10 156
17 12 51
17 13 97
18 4 187
18 5 206
18 7 246
18 11 221
18 12 156
18 14 254
18 16 263
18 17 256
19 3 13
19 5 289
19 8 98
19 13 269
19 14 29
19 16 220
19 17 217
19 18 185
20 5 99
20 12 199
20 15 146
20 16 287
20 18 105
21 1 20
21 4 48
21 5 152
21 7 60
21 10 41
21 11 209
21 13 195
21 15 57
21 18 94
21 20 312
22 2 50
22 5 204
22 10 218
22 11 12
22 12 125
22 15 16
22 19 255
22 21 155
23 1 103
23 2 94
23 3 267
23 6 119
23 10 262
23 14 41
23 18 84
23 20 89
24 7 7
24 10 276
24 20 120
25 1 44
25 3 122
25 6 267
25 9 291
25 11 78
25 14 320
25 15 52
25 17 138
25 20 261
25 22 239
25 23 55
26 0 314
26 7 236
26 8 283
26 11 314
26 12 76
26 14 53
26 19 104
26 25 205
27 0 220
27 2 160
27 3 256
27 4 54
27 5 182
27 7 269
27 11 145
27 12 12
27 17 314
27 18 178
27 20 83
27 25 91
27 26 206
28 0 29
28 2 69
28 4 169
28 6 101
28 9 284
28 12 289
28 13 32
28 16 28
28 19 59
28 20 13
28 24 149
28 27 114
29 0 194
29 1 233
29 3 98
29 6 111
29 11 88
29 14 317
29 16 235
29 17 319
29 19 185
29 20 39
29 21 316
29 22 129
29 26 126
29 28 82
