60
1 0 68
2 0 5
2 1 70
3 0 42
3 2 15
4 0 4
4 1 38
4 2 79
4 3 25
5 0 56
5 1 1
5 2 69
5 3 50
5 4 33
6 0 62
6 2 76
6 3 21
6 4 32
6 5 12
7 0 34
7 1 47
7 2 39
7 3 39
7 4 13
7 5 23
7 6 25
8 0 63
8 1 32
8 2 24
8 3 8
8 4 45
8 5 60
8 6 62
8 7 43
9 0 21
9 2 47
9 3 33
9 4 24
9 6 20
10 0 52
10 1 73
10 2 5
10 3 6
10 4 25
10 5 71
10 6 58
10 7 34
10 8 53
10 9 9
11 0 29
11 1 51
11 2 36
11 3 67
11 4 31
11 5 38
11 6 65
11 7 20
11 8 71
11 9 44
11 10 49
12 0 29
12 1 64
12 2 38
12 3 37
12 4 56
12 5 21
12 6 34
12 7 28
12 8 52
12 9 72
12 11 77
13 0 30
13 1 31
13 2 56
13 3 47
13 4 3
13 5 77
13 6 12
13 8 65
13 9 34
13 10 45
13 11 44
13 12 42
14 1 44
14 2 59
14 3 16
14 4 12
14 5 62
14 6 72
14 7 28
14 8 56
14 9 70
14 10 12
14 11 32
14 13 7
15 0 39
15 1 28
15 2 22
15 3 75
15 4 13
15 5 70
15 6 28
15 7 74
15 8 20
15 9 46
15 10 37
15 11 58
15 12 56
15 13 56
15 14 51
16 0 7
16 1 2
16 2 48
16 3 80
16 5 54
16 6 78
16 7 39
16 8 17
16 9 46
16 10 21
16 11 53
16 13 42
16 15 6
17 0 33
17 1 6
17 2 13
17 3 52
17 4 36
17 5 56
17 6 69
17 7 69
17 9 10
17 10 4
17 11 14
17 12 74
17 14 24
17 15 34
17 16 2
18 0 45
18 2 61
18 3 23
18 4 15
18 5 76
18 6 70
18 7 53
18 8 52
18 9 37
18 10 30
18 11 75
18 12 6
18 13 74
18 14 11
18 15 69
18 16 58
18 17 60
19 0 48
19 1 79
19 2 29
19 3 32
19 4 51
19 5 45
19 6 69
19 7 42
19 9 47
19 10 54
19 11 41
19 12 71
19 13 5
19 14 76
19 15 60
19 17 26
19 18 46
20 0 48
20 1 30
20 2 60
20 5 22
20 6 44
20 7 58
20 8 38
20 9 80
20 10 55
20 11 26
20 12 67
20 13 24
20 14 39
20 15 15
20 17 41
20 18 72
20 19 29
21 0 2
21 1 8
21 2 69
21 3 79
21 4 35
21 5 16
21 6 28
21 7 46
21 8 5
21 9 3
21 10 21
21 11 54
21 12 10
21 15 21
21 16 80
21 17 70
21 18 23
21 19 45
21 20 8
22 0 32
22 1 8
22 2 75
22 3 75
22 4 65
22 6 66
22 7 58
22 8 74
22 12 18
22 13 20
22 14 21
22 15 71
22 16 1
22 17 43
22 18 33
22 19 60
22 20 30
22 21 69
23 0 14
23 1 33
23 2 66
23 4 74
23 5 47
23 6 1
23 7 13
23 9 42
23 10 43
23 11 58
23 12 7
23 13 56
23 14 43
23 15 52
23 16 33
23 17 14
23 18 77
23 20 39
23 21 78
23 22 76
24 0 74
24 1 11
24 2 68
24 3 78
24 4 71
24 5 60
24 6 57
24 7 40
24 8 11
24 9 66
24 10 40
24 11 18
24 12 12
24 13 2
24 14 76
24 15 52
24 16 47
24 18 80
24 19 77
24 20 22
24 22 66
25 0 23
25 1 64
25 2 38
25 3 45
25 4 78
25 6 60
25 8 12
25 9 31
25 10 23
25 11 77
25 12 23
25 13 36
25 14 46
25 15 46
25 16 75
25 17 2
25 18 79
25 19 33
25 20 65
25 21 9
25 22 18
25 23 43
25 24 33
26 0 5
26 1 30
26 2 80
26 3 27
26 4 39
26 5 69
26 6 22
26 7 8
26 8 45
26 9 65
26 10 79
26 11 37
26 12 69
26 14 5
26 15 2
26 16 8
26 18 28
26 20 48
26 21 12
26 22 48
26 23 5
26 24 37
26 25 48
27 0 42
27 1 41
27 2 56
27 3 47
27 4 33
27 6 31
27 7 32
27 8 60
27 9 10
27 10 43
27 11 56
27 12 47
27 13 25
27 14 56
27 15 11
27 16 67
27 17 53
27 19 7
27 20 4
27 21 36
27 22 37
27 23 46
27 24 72
27 25 1
28 0 46
28 1 28
28 2 63
28 3 30
28 4 53
28 5 32
28 6 17
28 8 32
28 9 35
28 10 46
28 11 15
28 12 56
28 13 73
28 14 33
28 15 57
28 16 71
28 17 69
28 18 55
28 19 60
28 20 62
28 21 74
28 22 11
28 23 25
28 24 44
28 25 58
28 26 64
29 0 25
29 1 13
29 2 70
29 3 41
29 4 12
29 5 48
29 6 65
29 7 56
29 8 27
29 9 59
29 10 44
29 12 33
29 13 35
29 14 31
29 15 49
29 16 63
29 17 19
29 18 74
29 19 61
29 20 61
29 21 75
29 22 46
29 23 75
29 25 40
29 26 23
29 27 20
29 28 69
30 0 54
30 1 16
30 2 52
30 3 63
30 4 7
30 5 28
30 6 35
30 7 37
30 8 52
30 9 77
30 10 16
30 11 72
30 12 80
30 13 34
30 14 52
30 15 6
30 16 8
30 17 41
30 18 57
30 19 74
30 20 56
30 21 70
30 22 72
30 23 19
30 24 59
30 25 73
30 26 50
30 27 40
30 28 13
31 0 20
31 1 47
31 2 64
31 3 55
31 4 26
31 5 61
31 6 40
31 7 39
31 8 26
31 9 46
31 10 50
31 11 73
31 12 74
31 13 61
31 14 45
31 16 74
31 17 79
31 18 63
31 19 79
31 21 52
31 22 68
31 23 11
31 24 45
31 25 32
31 26 42
31 27 12
32 0 9
32 1 61
32 2 27
32 3 40
32 4 15
32 5 21
32 6 1
32 7 72
32 8 7
32 9 62
32 10 41
32 11 48
32 12 30
32 13 24
32 15 32
32 16 36
32 17 43
32 19 64
32 20 75
32 21 72
32 22 5
32 23 4
32 24 52
32 25 37
32 26 72
32 27 62
32 28 34
32 29 80
32 30 42
32 31 21
33 1 40
33 2 18
33 3 77
33 4 55
33 6 8
33 7 70
33 8 68
33 9 6
33 10 45
33 11 10
33 12 57
33 14 11
33 15 40
33 16 22
33 17 40
33 18 65
33 19 33
33 20 77
33 21 9
33 22 61
33 23 64
33 24 28
33 25 16
33 26 67
33 27 70
33 28 38
33 29 75
33 31 65
33 32 39
34 0 71
34 1 48
34 2 66
34 3 53
34 4 49
34 5 50
34 6 6
34 9 1
34 10 53
34 11 42
34 13 6
34 14 77
34 15 33
34 16 67
34 18 7
34 19 2
34 20 51
34 21 43
34 22 57
34 23 16
34 24 72
34 27 25
34 28 11
34 30 23
34 31 44
34 32 17
34 33 74
35 0 26
35 1 58
35 2 72
35 3 59
35 4 47
35 5 28
35 6 14
35 7 70
35 8 23
35 10 29
35 11 70
35 12 79
35 14 41
35 15 1
35 16 46
35 17 75
35 18 4
35 20 12
35 21 49
35 22 65
35 23 37
35 24 38
35 25 65
35 26 73
35 27 47
35 28 8
35 30 48
35 31 11
35 32 6
35 33 61
35 34 65
36 0 26
36 1 9
36 2 21
36 3 69
36 4 56
36 5 77
36 6 5
36 7 79
36 8 75
36 9 1
36 10 30
36 11 31
36 12 40
36 13 10
36 14 26
36 16 67
36 17 75
36 19 13
36 20 46
36 21 13
36 22 45
36 23 70
36 24 25
36 25 72
36 27 28
36 28 73
36 29 23
36 31 49
36 32 77
36 33 29
36 34 38
36 35 44
37 0 32
37 1 73
37 2 14
37 3 20
37 5 19
37 6 21
37 7 51
37 8 46
37 9 18
37 10 52
37 11 29
37 12 61
37 13 5
37 14 75
37 15 10
37 16 61
37 17 19
37 18 32
37 19 52
37 20 76
37 21 73
37 22 48
37 23 7
37 24 19
37 25 75
37 26 31
37 27 63
37 28 53
37 29 33
37 30 27
37 31 29
37 32 22
37 33 53
37 34 40
37 35 42
37 36 19
38 0 39
38 1 68
38 2 12
38 3 61
38 4 6
38 5 64
38 6 42
38 7 42
38 8 71
38 11 71
38 12 29
38 13 29
38 14 56
38 16 49
38 17 58
38 18 70
38 19 55
38 20 6
38 21 74
38 22 74
38 23 29
38 24 29
38 25 36
38 26 37
38 27 16
38 28 23
38 29 22
38 30 72
38 31 29
38 32 29
38 33 60
38 34 2
38 35 32
38 36 74
38 37 40
39 0 54
39 1 25
39 2 63
39 3 74
39 4 56
39 6 5
39 7 41
39 8 8
39 9 63
39 11 79
39 12 49
39 14 34
39 15 13
39 16 60
39 18 33
39 19 9
39 20 7
39 21 27
39 22 79
39 23 20
39 24 15
39 25 44
39 26 45
39 27 67
39 28 9
39 29 49
39 30 68
39 31 77
39 32 45
39 33 53
39 34 50
39 35 48
39 36 47
39 37 1
40 0 10
40 1 35
40 2 41
40 3 33
40 4 15
40 6 56
40 7 71
40 8 56
40 9 69
40 10 42
40 11 31
40 12 80
40 13 55
40 14 63
40 15 9
40 16 67
40 18 54
40 19 68
40 20 48
40 21 11
40 22 75
40 23 79
40 24 76
40 25 47
40 26 50
40 27 5
40 28 15
40 29 77
40 30 3
40 31 43
40 32 39
40 33 34
40 34 8
40 35 20
40 36 10
40 37 68
40 38 74
41 0 76
41 1 61
41 2 24
41 3 14
41 4 74
41 5 75
41 7 72
41 8 29
41 9 10
41 10 23
41 11 63
41 12 26
41 13 57
41 14 35
41 15 61
41 16 6
41 17 51
41 18 72
41 19 77
41 20 22
41 22 70
41 23 19
41 24 26
41 25 20
41 26 50
41 27 45
41 28 75
41 29 67
41 30 23
41 31 16
41 32 48
41 33 6
41 34 30
41 35 62
41 36 5
41 37 14
41 38 16
41 39 46
41 40 15
42 0 7
42 2 12
42 3 13
42 4 59
42 5 27
42 6 49
42 7 40
42 8 76
42 9 79
42 10 37
42 11 44
42 14 68
42 15 36
42 16 6
42 17 17
42 18 26
42 19 77
42 21 77
42 22 71
42 23 70
42 24 25
42 26 63
42 27 29
42 28 46
42 29 64
42 30 49
42 32 4
42 34 66
42 35 19
42 36 5
42 37 15
42 38 30
42 39 33
42 40 68
42 41 57
43 0 59
43 1 2
43 2 11
43 3 75
43 4 72
43 5 68
43 6 62
43 7 12
43 8 63
43 10 30
43 11 53
43 12 37
43 13 37
43 14 76
43 15 54
43 16 12
43 17 38
43 18 62
43 19 78
43 20 18
43 21 51
43 22 36
43 23 61
43 24 38
43 25 69
43 26 78
43 27 80
43 28 43
43 29 43
43 30 15
43 31 77
43 32 45
43 33 27
43 34 18
43 35 60
43 36 19
43 37 63
43 38 39
43 39 40
43 40 43
43 41 36
43 42 16
44 0 55
44 1 54
44 3 24
44 4 25
44 5 39
44 6 75
44 8 50
44 9 62
44 10 37
44 11 54
44 13 13
44 14 40
44 16 12
44 17 4
44 18 29
44 19 68
44 20 62
44 21 73
44 22 63
44 23 19
44 24 55
44 26 58
44 27 76
44 28 71
44 29 59
44 31 35
44 32 53
44 33 74
44 34 5
44 35 28
44 36 75
44 37 77
44 38 71
44 39 72
44 40 18
44 41 64
44 42 26
44 43 7
45 0 41
45 1 74
45 2 40
45 3 63
45 4 50
45 5 4
45 6 62
45 7 72
45 8 77
45 9 49
45 10 54
45 11 73
45 12 53
45 13 5
45 14 5
45 16 13
45 17 54
45 18 3
45 19 56
45 20 12
45 21 65
45 22 56
45 23 73
45 24 15
45 25 57
45 26 33
45 27 23
45 28 71
45 29 13
45 30 71
45 31 80
45 32 72
45 33 15
45 34 37
45 35 44
45 36 47
45 37 56
45 38 78
45 40 19
45 41 18
45 42 29
45 43 22
45 44 79
46 0 48
46 2 64
46 3 26
46 4 38
46 6 32
46 7 52
46 8 51
46 9 46
46 10 49
46 11 17
46 12 39
46 13 33
46 14 1
46 15 79
46 16 6
46 17 6
46 18 35
46 19 68
46 20 65
46 21 29
46 22 19
46 23 58
46 25 63
46 26 23
46 28 75
46 29 28
46 31 47
46 32 26
46 33 37
46 35 68
46 36 9
46 37 75
46 39 28
46 40 6
46 41 19
46 42 17
46 43 13
46 44 35
46 45 26
47 1 42
47 2 7
47 3 76
47 4 15
47 5 33
47 6 25
47 7 36
47 8 5
47 9 5
47 10 72
47 11 17
47 12 57
47 13 67
47 15 10
47 16 31
47 17 6
47 18 79
47 19 40
47 22 58
47 23 61
47 24 6
47 25 31
47 26 6
47 27 12
47 28 79
47 29 45
47 30 71
47 31 36
47 33 80
47 34 68
47 35 56
47 36 10
47 37 20
47 38 12
47 39 46
47 40 39
47 41 46
47 42 21
47 43 62
47 44 1
47 45 45
47 46 51
48 0 45
48 1 37
48 4 30
48 5 19
48 6 47
48 7 45
48 8 76
48 9 35
48 10 41
48 11 43
48 12 64
48 13 11
48 15 71
48 16 22
48 17 25
48 18 64
48 20 42
48 21 20
48 22 69
48 23 42
48 24 28
48 25 46
48 26 45
48 27 21
48 28 52
48 30 77
48 31 25
48 32 46
48 33 70
48 34 12
48 35 7
48 36 32
48 37 48
48 38 59
48 39 55
48 40 32
48 41 32
48 42 59
48 43 9
48 44 53
48 45 5
48 46 34
48 47 57
49 0 40
49 1 66
49 2 41
49 3 2
49 4 67
49 5 33
49 6 77
49 7 47
49 8 45
49 9 14
49 10 38
49 12 31
49 13 63
49 14 26
49 15 9
49 16 10
49 17 44
49 18 72
49 19 47
49 20 40
49 21 10
49 22 31
49 23 49
49 24 30
49 25 7
49 26 1
49 27 24
49 28 30
49 29 4
49 30 49
49 31 69
49 32 37
49 33 45
49 34 63
49 35 65
49 36 31
49 37 76
49 40 40
49 41 68
49 42 62
49 43 34
49 44 38
49 45 65
49 46 2
49 47 59
49 48 45
50 0 26
50 1 56
50 2 48
50 3 33
50 4 18
50 5 7
50 6 54
50 7 10
50 8 77
50 9 71
50 10 65
50 11 6
50 12 67
50 13 18
50 14 9
50 15 14
50 17 69
50 18 79
50 19 51
50 20 3
50 21 17
50 22 24
50 23 47
50 24 19
50 25 32
50 26 64
50 27 33
50 28 25
50 29 29
50 31 46
50 32 37
50 33 68
50 34 43
50 36 25
50 37 30
50 38 50
50 39 7
50 40 37
50 41 47
50 42 72
50 43 71
50 44 27
50 45 64
50 46 70
50 48 32
50 49 55
51 0 56
51 1 67
51 2 14
51 3 54
51 5 72
51 6 48
51 7 70
51 8 19
51 9 35
51 10 45
51 11 65
51 12 14
51 13 53
51 14 47
51 15 32
51 16 80
51 17 64
51 18 20
51 20 50
51 21 76
51 22 56
51 23 44
51 24 64
51 25 22
51 26 76
51 27 3
51 28 68
51 30 70
51 31 52
51 32 71
51 33 64
51 34 14
51 37 45
51 38 68
51 39 20
51 40 28
51 41 57
51 42 49
51 43 11
51 44 66
51 46 31
51 47 17
51 48 36
51 49 32
52 1 63
52 2 40
52 3 54
52 4 64
52 5 37
52 6 64
52 7 51
52 8 56
52 9 42
52 10 3
52 11 65
52 12 69
52 13 66
52 14 3
52 15 22
52 16 33
52 18 50
52 19 35
52 20 67
52 21 36
52 22 51
52 23 17
52 24 2
52 25 69
52 26 13
52 27 27
52 28 39
52 29 69
52 30 33
52 31 18
52 32 4
52 33 29
52 34 33
52 35 74
52 36 55
52 39 33
52 40 26
52 41 64
52 42 67
52 43 69
52 44 42
52 45 12
52 46 30
52 47 11
52 48 58
52 49 9
52 50 15
52 51 57
53 0 4
53 1 56
53 2 56
53 4 33
53 5 11
53 6 47
53 7 76
53 8 21
53 9 66
53 11 80
53 12 29
53 13 67
53 15 26
53 16 2
53 17 10
53 18 8
53 19 16
53 20 33
53 21 51
53 22 54
53 23 16
53 24 2
53 25 70
53 26 25
53 28 74
53 30 74
53 31 31
53 32 49
53 33 46
53 34 77
53 35 29
53 36 29
53 37 59
53 38 38
53 39 65
53 40 48
53 41 18
53 42 7
53 43 39
53 44 43
53 45 54
53 46 15
53 47 65
53 48 17
53 49 71
53 50 55
53 51 37
54 0 35
54 1 64
54 2 22
54 3 13
54 4 59
54 5 37
54 6 17
54 7 44
54 8 4
54 9 15
54 10 19
54 11 15
54 12 16
54 13 72
54 14 14
54 15 39
54 16 60
54 17 7
54 18 39
54 19 71
54 20 71
54 21 35
54 22 10
54 23 9
54 24 71
54 25 9
54 26 60
54 27 27
54 28 23
54 29 20
54 30 76
54 31 16
54 32 38
54 34 26
54 37 60
54 38 56
54 39 55
54 42 52
54 43 27
54 44 54
54 45 77
54 46 51
54 47 30
54 48 38
54 49 55
54 50 64
54 51 73
54 52 80
54 53 69
55 0 63
55 1 68
55 2 18
55 3 74
55 4 59
55 5 44
55 6 43
55 7 40
55 8 80
55 9 18
55 11 43
55 12 50
55 13 16
55 14 1
55 15 43
55 16 23
55 17 77
55 18 20
55 19 32
55 20 62
55 21 50
55 22 58
55 23 77
55 24 63
55 25 76
55 26 26
55 27 52
55 28 36
55 29 4
55 30 18
55 31 5
55 33 26
55 34 63
55 35 42
55 36 69
55 37 53
55 38 79
55 40 62
55 42 61
55 43 1
55 45 22
55 46 43
55 47 62
55 48 49
55 50 72
55 51 7
55 52 69
55 53 35
55 54 41
56 0 18
56 1 65
56 2 1
56 3 21
56 4 47
56 6 39
56 7 4
56 8 78
56 9 51
56 10 51
56 11 8
56 12 57
56 13 2
56 15 32
56 16 56
56 17 65
56 19 23
56 20 5
56 21 57
56 22 61
56 23 78
56 24 59
56 26 57
56 27 78
56 28 69
56 29 32
56 30 34
56 31 66
56 32 54
56 34 53
56 35 78
56 36 64
56 37 28
56 38 71
56 39 55
56 40 58
56 41 25
56 42 14
56 43 42
56 44 55
56 46 25
56 47 5
56 48 80
56 49 35
56 50 17
56 51 66
56 52 16
56 53 76
56 54 71
56 55 60
57 0 20
57 1 47
57 2 38
57 3 18
57 4 47
57 5 57
57 6 40
57 7 6
57 8 71
57 9 29
57 10 38
57 11 71
57 12 42
57 13 19
57 14 51
57 15 27
57 16 34
57 17 67
57 18 30
57 19 29
57 20 68
57 21 4
57 22 32
57 23 48
57 24 35
57 25 37
57 26 61
57 28 23
57 29 59
57 30 31
57 31 19
57 32 50
57 33 56
57 34 33
57 35 39
57 36 9
57 37 24
57 38 56
57 39 57
57 40 29
57 41 74
57 42 35
57 43 44
57 44 19
57 45 64
57 46 42
57 48 61
57 49 57
57 50 22
57 51 39
57 52 37
57 53 13
57 54 16
57 55 25
57 56 6
58 0 61
58 1 14
58 2 32
58 3 22
58 4 63
58 6 51
58 7 16
58 8 7
58 9 5
58 10 58
58 11 51
58 12 21
58 13 80
58 14 5
58 15 43
58 16 26
58 17 5
58 19 7
58 20 52
58 21 5
58 22 25
58 23 37
58 24 40
58 25 12
58 26 69
58 27 40
58 28 45
58 29 4
58 30 45
58 31 17
58 32 80
58 33 49
58 34 63
58 35 6
58 36 13
58 37 12
58 38 4
58 39 39
58 40 46
58 42 38
58 43 64
58 44 65
58 45 56
58 46 71
58 47 5
58 49 36
58 50 9
58 52 39
58 53 15
58 54 64
58 55 37
58 56 24
58 57 52
59 0 31
59 1 23
59 2 78
59 3 49
59 4 22
59 5 79
59 6 9
59 7 6
59 8 20
59 10 60
59 11 61
59 12 13
59 13 72
59 14 11
59 15 36
59 16 70
59 17 72
59 18 7
59 19 49
59 20 65
59 21 16
59 22 53
59 23 42
59 24 17
59 25 40
59 26 5
59 27 26
59 28 80
59 29 33
59 30 59
59 31 17
59 32 38
59 33 14
59 34 7
59 35 76
59 36 41
59 37 62
59 38 36
59 39 59
59 40 44
59 41 7
59 43 65
59 44 56
59 46 72
59 47 60
59 48 63
59 49 55
59 50 64
59 51 58
59 52 62
59 53 38
59 54 34
59 55 47
59 56 9
59 57 24
59 58 39
