40
1 0 9
2 1 15
4 0 3
4 1 5
4 3 7
5 0 12
5 3 11
5 4 12
6 0 2
6 1 17
6 2 19
6 4 2
7 0 19
7 3 20
7 5 15
7 6 11
8 0 6
8 1 11
8 2 5
8 3 7
8 4 6
8 5 9
9 0 8
9 5 9
9 6 2
9 7 2
9 8 17
10 1 12
10 2 14
10 5 4
10 6 8
10 7 8
10 8 8
11 0 8
11 1 16
11 2 10
11 4 9
11 5 4
11 7 4
11 9 18
12 2 17
12 4 9
12 6 20
12 10 14
12 11 6
13 2 20
13 3 2
13 4 15
13 6 11
13 7 13
13 8 5
13 10 7
13 11 15
14 1 19
14 2 5
14 4 8
14 7 7
14 8 17
14 11 3
14 12 4
15 0 18
15 2 1
15 6 1
15 7 5
15 10 4
15 12 16
16 1 5
16 2 19
16 3 10
16 4 7
16 5 4
16 6 12
16 7 15
16 10 7
16 11 3
16 12 7
16 13 14
16 15 18
17 0 18
17 3 8
17 5 7
17 6 1
17 7 20
17 8 14
17 10 5
17 15 11
18 1 9
18 2 5
18 3 17
18 4 8
18 5 13
18 8 20
18 9 19
18 10 11
19 0 7
19 3 3
19 4 17
19 6 16
19 7 11
19 9 8
19 12 5
19 13 15
19 15 3
19 16 15
19 17 17
19 18 19
20 0 19
20 4 2
20 5 16
20 7 5
20 10 18
20 11 1
20 12 15
20 14 19
20 16 6
20 17 1
20 18 10
20 19 11
21 1 6
21 6 16
21 9 10
21 11 5
21 12 5
21 13 12
21 14 4
21 16 8
21 18 9
21 19 4
22 0 8
22 1 5
22 4 20
22 5 13
22 6 16
22 8 13
22 9 2
22 11 2
22 12 11
22 14 10
22 15 9
22 17 13
22 19 10
23 0 13
23 1 18
23 2 9
23 4 16
23 5 9
23 6 4
23 7 10
23 9 19
23 11 19
23 12 10
23 14 4
23 15 8
23 16 11
23 17 14
23 18 15
23 19 4
23 22 16
24 1 17
24 6 16
24 11 15
24 12 11
24 15 3
24 17 9
24 18 18
24 19 2
24 20 9
24 21 18
24 22 20
24 23 9
25 1 17
25 6 1
25 10 3
25 12 13
25 13 15
25 15 14
25 16 2
25 18 16
25 19 2
25 20 6
25 21 9
25 22 9
25 23 4
25 24 5
26 0 4
26 2 12
26 4 16
26 5 2
26 9 11
26 10 5
26 11 4
26 14 12
26 15 9
26 16 12
26 17 5
26 18 10
26 19 6
26 20 5
26 21 13
26 22 20
26 23 1
26 25 20
27 2 3
27 3 8
27 4 17
27 6 11
27 8 17
27 9 16
27 10 9
27 12 7
27 14 19
27 15 3
27 16 15
27 17 11
27 19 1
27 20 19
27 21 12
27 25 5
27 26 12
28 0 2
28 2 9
28 3 6
28 4 18
28 7 6
28 8 19
28 9 10
28 11 19
28 12 16
28 13 5
28 14 15
28 15 4
28 17 7
28 21 11
28 22 12
28 23 1
28 26 1
28 27 3
29 1 2
29 2 12
29 6 13
29 8 4
29 9 11
29 10 8
29 12 4
29 13 11
29 14 13
29 15 9
29 17 8
29 18 18
29 20 13
29 21 8
29 22 6
29 23 2
29 25 3
29 27 13
29 28 19
30 1 1
30 3 12
30 4 10
30 5 2
30 6 4
30 7 2
30 9 17
30 10 16
30 11 12
30 12 12
30 13 7
30 15 10
30 16 4
30 17 4
30 18 17
30 19 8
30 20 5
30 23 17
30 24 10
30 25 12
30 28 15
30 29 14
31 0 13
31 2 5
31 3 13
31 4 16
31 5 17
31 9 11
31 10 1
31 11 5
31 13 13
31 15 12
31 17 5
31 18 11
31 19 13
31 20 11
31 21 7
31 22 10
31 23 18
31 24 1
31 25 12
31 26 15
31 27 15
31 28 4
31 29 4
31 30 19
32 3 19
32 6 6
32 7 17
32 10 20
32 12 10
32 14 18
32 16 10
32 18 10
32 19 18
32 20 4
32 22 12
32 23 15
32 24 14
32 25 5
32 26 13
32 28 1
32 29 5
32 30 20
33 0 13
33 1 5
33 3 17
33 6 5
33 11 20
33 12 16
33 16 4
33 18 20
33 19 2
33 21 2
33 22 12
33 26 7
33 27 1
33 28 5
33 29 7
33 31 11
33 32 3
34 3 6
34 4 19
34 5 11
34 6 20
34 7 9
34 8 5
34 10 19
34 14 6
34 16 20
34 17 6
34 18 4
34 19 19
34 20 3
34 22 18
34 24 14
34 27 10
34 29 11
34 30 17
34 31 2
35 1 15
35 2 1
35 3 5
35 4 15
35 5 3
35 7 4
35 8 4
35 10 12
35 11 2
35 12 7
35 13 7
35 15 17
35 16 20
35 21 17
35 22 5
35 24 18
35 25 15
35 26 1
35 27 3
35 29 20
35 31 6
35 32 4
35 33 4
35 34 7
36 0 1
36 1 6
36 2 8
36 3 19
36 6 7
36 8 4
36 9 6
36 11 15
36 13 4
36 17 1
36 19 2
36 20 20
36 21 12
36 25 2
36 27 9
36 29 10
36 32 4
36 33 4
36 35 20
37 0 18
37 2 16
37 4 6
37 5 15
37 6 10
37 7 2
37 13 14
37 14 20
37 18 16
37 19 8
37 20 13
37 21 18
37 22 19
37 23 16
37 25 14
37 27 18
37 28 4
37 30 13
37 31 6
37 35 11
38 0 3
38 1 15
38 2 4
38 4 20
38 5 3
38 7 7
38 8 4
38 12 7
38 15 2
38 16 8
38 17 15
38 19 15
38 20 6
38 21 4
38 23 20
38 24 17
38 26 1
38 28 20
38 29 6
38 31 9
38 32 10
38 33 13
38 35 19
38 36 2
38 37 7
39 0 14
39 2 6
39 3 4
39 4 11
39 8 5
39 13 5
39 14 13
39 15 20
39 17 1
39 19 10
39 20 12
39 23 1
39 27 9
39 29 15
39 30 9
39 35 20
39 36 19
39 37 19
39 38 6
