50
3 2 1
5 1 9
5 2 9
8 3 10
8 4 7
8 7 9
9 1 9
9 3 5
9 7 10
9 8 9
10 8 2
11 5 6
11 7 7
11 9 4
12 2 10
12 9 9
14 5 8
14 8 7
15 13 1
15 14 5
16 3 6
16 4 8
17 5 9
17 8 7
17 14 5
17 15 2
18 17 6
19 0 6
19 8 2
19 10 5
19 14 10
19 15 5
20 0 2
20 3 4
20 7 2
20 8 3
20 12 9
20 13 9
20 14 1
20 19 9
21 5 2
21 7 10
21 10 2
21 11 9
21 18 8
22 0 6
22 2 5
22 5 9
22 7 6
22 9 4
22 11 6
22 18 1
22 21 3
23 5 2
23 10 5
23 11 6
23 22 9
24 0 9
24 17 7
24 19 6
24 21 2
25 2 9
25 4 8
25 6 7
25 9 3
25 17 7
26 7 8
26 8 1
26 9 4
26 10 4
26 13 5
26 17 4
27 0 7
27 8 8
27 9 2
27 15 5
27 19 9
27 22 10
27 23 9
28 2 9
28 7 1
28 8 2
28 10 5
28 11 2
28 15 10
28 18 5
28 25 5
29 3 8
29 4 7
29 11 1
29 15 3
29 19 7
29 21 2
29 26 2
30 5 5
30 10 8
30 11 10
31 5 1
31 8 1
31 12 8
31 20 1
31 23 5
32 0 3
32 1 7
32 7 5
32 8 10
32 9 3
32 11 4
32 20 8
32 28 2
33 1 6
33 4 3
33 6 8
33 24 6
33 25 7
33 27 8
34 9 7
34 12 1
34 15 1
34 25 1
34 28 10
34 32 9
35 3 10
35 14 5
35 18 2
35 19 5
35 20 2
35 23 2
35 30 10
35 32 3
36 8 1
36 11 6
36 27 6
36 30 5
37 0 9
37 5 8
37 15 7
37 18 1
37 20 9
37 24 7
37 28 1
37 34 4
38 3 1
38 9 10
38 13 10
38 17 10
38 21 7
38 25 2
38 36 1
39 3 10
39 5 7
39 6 7
39 7 2
39 12 5
39 22 2
39 23 5
39 24 4
39 30 4
39 33 5
40 7 6
40 10 7
40 13 6
40 14 4
40 20 10
40 22 4
40 23 7
40 28 10
40 33 7
41 1 7
41 5 8
41 6 4
41 8 6
41 12 10
41 13 2
41 16 7
41 18 9
41 20 4
42 1 1
42 6 1
42 11 3
42 18 2
42 22 9
42 25 6
42 28 3
42 29 5
42 30 3
42 34 5
42 36 10
43 4 1
43 7 6
43 10 3
43 12 6
43 23 9
43 36 10
43 38 4
44 29 4
44 30 4
44 32 7
44 38 5
44 43 3
45 2 7
45 5 8
45 9 8
45 12 9
45 14 8
45 23 10
45 27 5
45 33 2
46 7 7
46 13 4
46 14 7
46 27 5
46 39 6
46 40 6
46 44 4
47 6 7
47 10 2
47 14 2
47 20 8
47 21 5
47 30 2
47 37 2
47 44 5
47 45 6
47 46 3
48 0 6
48 2 6
48 12 2
48 16 1
48 23 3
48 25 4
48 30 6
48 35 8
48 37 6
48 43 7
48 45 2
49 18 4
49 25 9
49 30 7
49 34 4
49 39 1
49 45 6
49 48 8
