50
1 0 14
2 0 27
2 1 40
3 0 20
3 1 38
3 2 11
4 1 17
4 2 24
4 3 14
5 0 20
5 1 16
5 2 25
5 3 22
5 4 11
6 0 35
6 1 16
6 2 31
6 3 3
6 4 9
6 5 31
7 0 17
7 1 27
7 2 37
7 3 14
7 4 12
7 5 25
7 6 2
8 1 37
8 2 14
9 1 24
9 3 12
9 6 28
9 8 34
10 0 3
10 1 4
10 2 18
10 3 35
10 4 28
10 5 28
10 6 11
10 7 9
10 8 15
10 9 7
11 0 12
11 1 6
11 2 13
11 4 1
11 5 16
11 6 37
11 7 11
11 9 36
11 10 29
12 0 9
12 1 10
12 3 39
12 4 13
12 5 36
12 6 39
12 7 5
12 8 36
12 9 38
12 11 35
13 1 15
13 3 8
13 4 19
13 5 15
13 6 32
13 7 11
13 9 22
13 10 35
13 11 4
13 12 22
14 0 8
14 1 12
14 2 26
14 3 9
14 5 30
14 6 23
14 7 1
14 8 33
14 10 31
14 13 36
15 0 14
15 2 23
15 3 28
15 4 38
15 5 37
15 6 18
15 7 37
15 8 13
15 10 3
15 11 27
15 13 36
15 14 14
16 0 37
16 1 40
16 2 1
16 3 9
16 5 38
16 6 28
16 7 1
16 8 19
16 10 33
16 11 36
16 13 28
16 14 35
17 0 17
17 2 32
17 3 33
17 4 10
17 5 28
17 6 30
17 7 36
17 8 28
17 10 26
17 11 27
17 12 28
17 16 35
18 1 30
18 2 16
18 3 17
18 4 27
18 6 31
18 7 4
18 8 15
18 9 7
18 10 26
18 11 4
18 13 20
18 14 28
18 15 14
18 16 13
19 1 40
19 2 7
19 3 27
19 4 18
19 5 10
19 7 1
19 8 22
19 9 24
19 10 38
19 13 17
19 14 23
19 16 37
19 18 3
20 0 4
20 1 34
20 2 25
20 6 3
20 7 22
20 8 25
20 9 16
20 10 20
20 11 11
20 12 32
20 13 28
20 15 21
20 17 38
20 18 29
20 19 35
21 0 27
21 1 19
21 2 17
21 3 20
21 4 15
21 5 30
21 6 25
21 7 28
21 8 2
21 10 9
21 11 9
21 13 11
21 14 23
21 15 18
21 16 9
21 17 35
21 18 37
21 19 20
21 20 24
22 1 5
22 2 29
22 3 2
22 4 40
22 5 1
22 6 7
22 7 30
22 8 16
22 10 21
22 11 7
22 12 12
22 13 13
22 14 37
22 15 16
22 16 32
22 17 30
22 18 29
22 19 14
22 20 31
22 21 22
23 0 31
23 1 28
23 2 16
23 3 30
23 4 8
23 5 27
23 7 6
23 8 37
23 9 18
23 10 32
23 12 20
23 13 32
23 14 6
23 16 27
23 17 30
23 18 7
23 19 14
23 20 40
23 21 35
23 22 14
24 0 24
24 2 37
24 3 29
24 4 22
24 6 3
24 7 29
24 8 9
24 9 39
24 10 28
24 11 32
24 12 19
24 13 4
24 14 20
24 15 17
24 16 23
24 17 32
24 18 1
24 20 39
24 21 31
24 22 12
25 0 40
25 2 32
25 3 33
25 4 34
25 5 17
25 6 24
25 7 21
25 9 4
25 10 2
25 11 15
25 12 8
25 13 21
25 14 2
25 15 12
25 17 3
25 18 19
25 19 22
25 20 22
25 23 21
25 24 12
26 0 36
26 1 4
26 2 33
26 3 7
26 4 33
26 5 16
26 7 38
26 8 23
26 9 29
26 10 37
26 12 25
26 13 26
26 14 14
26 18 5
26 20 15
26 21 34
26 22 10
26 23 38
26 24 8
26 25 8
27 0 39
27 3 37
27 4 40
27 5 39
27 6 23
27 7 18
27 10 4
27 11 19
27 12 22
27 13 22
27 14 5
27 15 10
27 16 20
27 17 32
27 19 29
27 21 22
27 22 22
27 24 32
27 25 35
27 26 6
28 0 32
28 1 33
28 2 36
28 3 29
28 4 37
28 5 32
28 7 21
28 8 22
28 9 17
28 10 22
28 12 20
28 13 33
28 15 10
28 19 38
28 22 25
28 23 3
28 24 37
28 25 40
28 26 24
28 27 18
29 0 27
29 1 16
29 2 8
29 3 24
29 4 23
29 5 21
29 8 24
29 9 8
29 12 10
29 13 36
29 14 3
29 15 8
29 16 7
29 17 35
29 20 16
29 22 7
29 23 36
29 24 3
29 25 40
29 26 35
29 27 6
30 0 27
30 1 26
30 3 34
30 4 40
30 5 34
30 6 32
30 7 22
30 8 35
30 9 31
30 10 39
30 11 30
30 13 23
30 14 7
30 15 37
30 16 37
30 17 9
30 18 15
30 19 34
30 20 29
30 22 27
30 23 23
30 25 5
30 26 29
30 27 38
30 28 26
30 29 21
31 0 18
31 1 29
31 2 27
31 3 27
31 4 27
31 5 4
31 7 24
31 8 5
31 9 4
31 10 28
31 11 30
31 12 34
31 15 34
31 16 21
31 17 26
31 18 22
31 19 32
31 20 17
31 22 31
31 24 18
31 26 20
31 27 38
31 29 9
31 30 22
32 0 21
32 1 5
32 2 31
32 3 5
32 4 5
32 5 14
32 6 12
32 8 16
32 10 20
32 12 28
32 13 10
32 14 9
32 15 3
32 17 19
32 20 32
32 21 18
32 22 7
32 23 16
32 25 7
32 26 40
32 27 3
32 28 23
32 29 19
32 30 10
33 0 8
33 3 19
33 4 6
33 5 22
33 6 4
33 7 24
33 8 30
33 9 26
33 10 12
33 11 40
33 12 16
33 13 24
33 14 12
33 15 5
33 16 12
33 17 10
33 18 6
33 19 2
33 20 8
33 21 10
33 22 30
33 23 36
33 24 21
33 25 11
33 26 3
33 28 4
33 29 35
33 30 4
33 32 5
34 0 34
34 1 30
34 2 12
34 3 8
34 4 28
34 5 20
34 6 10
34 7 7
34 8 38
34 10 39
34 11 23
34 12 31
34 13 11
34 14 25
34 15 19
34 17 28
34 18 31
34 19 7
34 21 30
34 23 28
34 24 25
34 25 40
34 26 33
34 27 1
34 28 18
34 29 18
34 30 29
34 31 6
34 32 32
34 33 28
35 0 31
35 3 17
35 4 22
35 5 36
35 7 9
35 8 29
35 9 10
35 10 25
35 11 16
35 12 32
35 13 36
35 14 22
35 15 32
35 16 19
35 17 14
35 18 22
35 19 25
35 21 36
35 22 27
35 23 3
35 24 33
35 25 39
35 26 35
35 27 32
35 28 5
35 29 40
35 31 39
35 32 26
35 33 18
35 34 18
36 0 5
36 2 5
36 3 28
36 4 25
36 6 30
36 7 20
36 8 8
36 9 37
36 10 5
36 11 29
36 12 34
36 13 32
36 14 5
36 15 27
36 16 22
36 17 5
36 20 5
36 21 27
36 25 24
36 26 2
36 27 5
36 28 37
36 29 34
36 31 16
36 32 21
36 33 22
36 34 39
36 35 15
37 0 17
37 1 33
37 2 25
37 3 3
37 5 4
37 6 21
37 7 16
37 8 20
37 10 17
37 11 29
37 12 34
37 13 26
37 14 4
37 15 37
37 16 7
37 17 38
37 18 7
37 19 37
37 20 15
37 21 36
37 22 34
37 23 28
37 24 15
37 26 15
37 27 36
37 28 17
37 29 11
37 30 29
37 32 28
37 33 14
37 34 25
37 35 11
38 0 35
38 1 18
38 2 10
38 3 15
38 4 3
38 5 31
38 6 15
38 7 6
38 8 18
38 9 29
38 10 10
38 11 38
38 12 11
38 13 22
38 14 27
38 15 8
38 16 38
38 17 37
38 18 27
38 19 29
38 20 17
38 21 31
38 23 22
38 24 36
38 25 21
38 26 24
38 27 22
38 28 25
38 31 6
38 32 27
38 33 25
38 34 15
38 35 23
38 36 1
38 37 21
39 0 2
39 1 40
39 2 28
39 3 9
39 4 36
39 5 3
39 7 19
39 8 19
39 9 15
39 10 35
39 11 37
39 13 18
39 16 14
39 19 10
39 20 40
39 21 11
39 22 23
39 23 16
39 24 22
39 26 8
39 27 20
39 30 2
39 31 22
39 33 8
39 34 8
39 35 38
39 36 14
39 37 6
39 38 17
40 0 37
40 1 15
40 3 32
40 4 15
40 6 30
40 8 10
40 9 5
40 10 15
40 11 5
40 12 15
40 15 30
40 16 12
40 17 35
40 18 9
40 19 14
40 20 1
40 21 33
40 22 21
40 23 7
40 24 19
40 25 7
40 26 38
40 27 10
40 28 32
40 29 28
40 31 31
40 33 40
40 34 19
40 35 3
40 37 30
40 38 20
41 0 40
41 1 10
41 2 27
41 3 32
41 7 30
41 9 17
41 10 16
41 11 27
41 14 17
41 15 17
41 16 5
41 17 5
41 19 13
41 20 19
41 21 28
41 22 12
41 23 33
41 24 37
41 25 33
41 26 4
41 28 34
41 31 12
41 32 5
41 33 33
41 34 27
41 35 22
41 36 26
41 37 25
41 39 26
42 0 21
42 1 1
42 2 4
42 3 11
42 4 21
42 5 38
42 6 1
42 7 10
42 8 33
42 9 16
42 11 12
42 12 29
42 13 4
42 14 24
42 15 10
42 16 14
42 17 23
42 19 25
42 20 9
42 21 35
42 23 6
42 24 6
42 25 18
42 26 19
42 29 12
42 31 2
42 32 24
42 33 35
42 35 14
42 37 1
42 38 30
42 39 5
42 40 36
42 41 34
43 0 37
43 2 23
43 4 18
43 5 19
43 6 21
43 8 40
43 9 20
43 12 22
43 13 12
43 14 17
43 15 6
43 16 5
43 17 24
43 18 15
43 19 21
43 20 18
43 21 23
43 22 3
43 23 24
43 24 14
43 27 14
43 28 17
43 30 33
43 31 2
43 32 8
43 33 3
43 34 32
43 35 20
43 36 25
43 37 11
43 38 14
43 40 27
43 41 7
43 42 29
44 0 36
44 1 23
44 3 13
44 4 28
44 5 33
44 6 30
44 7 11
44 8 18
44 9 2
44 10 2
44 11 20
44 12 19
44 14 32
44 15 9
44 16 18
44 18 2
44 19 5
44 20 25
44 21 4
44 22 39
44 23 32
44 24 35
44 25 20
44 26 34
44 27 20
44 28 40
44 29 7
44 30 23
44 31 19
44 32 28
44 33 1
44 34 15
44 35 37
44 36 8
44 37 4
44 39 32
44 40 24
44 42 21
45 1 31
45 2 23
45 3 9
45 5 3
45 7 35
45 8 26
45 9 15
45 10 19
45 11 40
45 12 12
45 13 35
45 14 35
45 15 8
45 16 24
45 17 13
45 18 12
45 19 29
45 20 22
45 21 25
45 22 18
45 23 24
45 25 19
45 26 6
45 27 9
45 28 7
45 31 2
45 32 30
45 33 14
45 34 14
45 35 19
45 37 10
45 38 7
45 39 24
45 40 31
45 41 27
45 42 30
46 0 12
46 1 38
46 3 14
46 4 26
46 6 11
46 7 3
46 9 4
46 10 32
46 11 22
46 12 6
46 13 38
46 14 14
46 15 38
46 16 6
46 17 13
46 18 20
46 19 21
46 20 40
46 21 35
46 22 9
46 23 22
46 24 19
46 25 2
46 26 16
46 27 26
46 28 40
46 29 17
46 30 21
46 32 9
46 33 10
46 34 30
46 36 15
46 37 13
46 38 37
46 39 4
46 40 12
46 41 37
46 42 30
46 43 17
46 44 33
47 0 28
47 1 27
47 2 19
47 5 24
47 7 23
47 8 37
47 9 7
47 10 25
47 11 15
47 12 26
47 14 21
47 15 2
47 16 11
47 17 34
47 18 36
47 19 31
47 20 4
47 22 18
47 25 3
47 26 17
47 28 23
47 29 14
47 30 2
47 31 37
47 32 19
47 33 25
47 35 26
47 37 23
47 38 28
47 40 21
47 41 31
47 42 17
47 44 5
47 45 12
47 46 5
48 0 8
48 1 23
48 2 31
48 4 18
48 5 26
48 6 21
48 7 18
48 8 25
48 9 32
48 10 10
48 11 22
48 12 33
48 13 36
48 15 36
48 16 39
48 17 24
48 18 30
48 19 29
48 20 13
48 21 15
48 22 10
48 24 34
48 25 31
48 26 38
48 27 6
48 29 18
48 30 14
48 31 24
48 32 18
48 33 24
48 34 19
48 36 21
48 37 31
48 39 31
48 40 24
48 41 17
48 42 24
48 44 38
48 45 18
48 47 39
49 0 14
49 1 9
49 2 1
49 3 15
49 4 40
49 5 20
49 8 37
49 10 36
49 12 9
49 13 14
49 14 34
49 15 17
49 17 18
49 18 1
49 19 1
49 20 28
49 21 19
49 22 29
49 23 3
49 26 25
49 27 37
49 28 17
49 29 27
49 30 32
49 32 27
49 33 11
49 34 27
49 35 23
49 36 26
49 38 21
49 40 4
49 41 36
49 42 40
49 43 40
49 44 13
49 46 25
49 48 15
