40
1 0 61
2 0 64
2 1 60
3 0 78
3 1 65
3 2 65
4 0 20
4 1 57
4 2 8
4 3 76
5 0 62
5 1 3
5 2 43
5 3 20
5 4 44
6 0 18
6 1 62
6 2 72
6 3 25
6 4 12
6 5 5
7 0 1
7 1 61
7 2 27
7 3 35
7 4 66
7 5 45
7 6 1
8 0 41
8 1 29
8 2 55
8 3 22
8 4 3
8 5 62
8 6 77
8 7 59
9 0 9
9 1 50
9 2 27
9 3 17
9 4 64
9 5 14
9 6 15
9 7 17
9 8 26
10 0 14
10 1 37
10 2 42
10 3 20
10 4 76
10 5 65
10 6 72
10 7 23
10 8 40
10 9 68
11 0 63
11 1 53
11 2 12
11 3 4
11 4 49
11 5 1
11 6 68
11 7 14
11 8 74
11 9 45
11 10 18
12 0 9
12 1 53
12 2 61
12 3 72
12 4 40
12 5 3
12 6 55
12 7 55
12 8 51
12 9 80
12 10 12
12 11 74
13 0 25
13 1 28
13 2 72
13 3 43
13 4 68
13 5 56
13 6 49
13 7 12
13 8 25
13 9 79
13 10 51
13 11 79
13 12 56
14 0 34
14 1 35
14 2 41
14 3 50
14 4 58
14 5 28
14 6 1
14 7 56
14 8 23
14 9 13
14 10 45
14 11 66
14 12 45
14 13 33
15 0 14
15 1 67
15 2 55
15 3 53
15 4 69
15 5 33
15 6 33
15 7 79
15 8 20
15 9 11
15 10 42
15 11 38
15 12 41
15 13 4
15 14 42
16 0 38
16 1 17
16 2 20
16 3 25
16 4 71
16 5 9
16 6 16
16 7 76
16 8 66
16 9 74
16 10 65
16 11 66
16 12 17
16 13 69
16 14 54
16 15 68
17 0 35
17 1 15
17 2 59
17 3 43
17 4 70
17 5 17
17 6 37
17 7 70
17 8 2
17 9 47
17 10 20
17 11 49
17 12 52
17 13 43
17 14 42
17 15 19
17 16 75
18 0 52
18 1 80
18 2 57
18 3 59
18 4 25
18 5 65
18 6 76
18 7 37
18 8 60
18 9 57
18 10 26
18 11 79
18 12 37
18 13 24
18 14 67
18 15 58
18 16 31
18 17 10
19 0 73
19 1 73
19 2 12
19 3 21
19 4 44
19 5 33
19 6 15
19 7 27
19 8 48
19 9 72
19 10 53
19 11 38
19 12 32
19 13 7
19 14 25
19 15 33
19 16 58
19 17 21
19 18 68
20 0 64
20 1 24
20 2 41
20 3 41
20 4 44
20 5 65
20 6 28
20 7 51
20 8 44
20 9 35
20 10 31
20 11 54
20 12 27
20 13 36
20 14 47
20 15 77
20 16 24
20 17 3
20 18 8
20 19 78
21 0 56
21 1 56
21 2 49
21 3 80
21 4 41
21 5 69
21 6 79
21 7 40
21 8 68
21 9 26
21 10 20
21 11 52
21 12 43
21 13 74
21 14 46
21 15 45
21 16 78
21 17 37
21 18 50
21 19 29
21 20 40
22 0 58
22 1 25
22 2 25
22 3 72
22 4 19
22 5 10
22 6 21
22 7 42
22 8 71
22 9 21
22 10 22
22 11 40
22 12 68
22 13 39
22 14 38
22 15 66
22 16 20
22 17 23
22 18 2
22 19 13
22 20 39
22 21 59
23 0 1
23 1 11
23 2 23
23 3 24
23 4 60
23 5 65
23 6 60
23 7 23
23 8 46
23 9 8
23 10 10
23 11 70
23 12 12
23 13 12
23 14 75
23 15 61
23 16 4
23 17 71
23 18 62
23 19 76
23 20 2
23 21 34
23 22 67
24 0 13
24 1 1
24 2 63
24 3 3
24 4 78
24 5 21
24 6 31
24 7 28
24 8 50
24 9 57
24 10 6
24 11 43
24 12 3
24 13 49
24 14 61
24 15 48
24 16 46
24 17 17
24 18 67
24 19 39
24 20 42
24 21 56
24 22 77
24 23 77
25 0 37
25 1 79
25 2 4
25 3 50
25 4 58
25 5 70
25 6 24
25 7 41
25 8 71
25 9 54
25 10 53
25 11 63
25 12 73
25 13 35
25 14 28
25 15 30
25 16 25
25 17 22
25 18 70
25 19 54
25 20 39
25 21 40
25 22 77
25 23 44
25 24 12
26 0 37
26 1 31
26 2 28
26 3 42
26 4 28
26 5 27
26 6 50
26 7 41
26 8 35
26 9 4
26 10 63
26 11 28
26 12 33
26 13 61
26 14 72
26 15 14
26 16 63
26 17 19
26 18 19
26 19 50
26 20 52
26 21 31
26 22 41
26 23 31
26 24 80
26 25 58
27 0 55
27 1 30
27 2 59
27 3 57
27 4 73
27 5 65
27 6 71
27 7 25
27 8 79
27 9 41
27 10 41
27 11 8
27 12 22
27 13 17
27 14 55
27 15 73
27 16 14
27 17 32
27 18 19
27 19 76
27 20 29
27 21 38
27 22 13
27 23 38
27 24 43
27 25 67
27 26 10
28 0 78
28 1 27
28 2 24
28 3 15
28 4 14
28 5 58
28 6 5
28 7 62
28 8 10
28 9 73
28 10 4
28 11 44
28 12 51
28 13 51
28 14 20
28 15 61
28 16 41
28 17 40
28 18 42
28 19 10
28 20 30
28 21 36
28 22 78
28 23 15
28 24 8
28 25 64
28 26 64
28 27 15
29 0 13
29 1 25
29 2 18
29 3 27
29 4 30
29 5 18
29 6 75
29 7 24
29 8 63
29 9 18
29 10 22
29 11 28
29 12 61
29 13 68
29 14 64
29 15 18
29 16 47
29 17 52
29 18 17
29 19 1
29 20 80
29 21 20
29 22 59
29 23 23
29 24 37
29 25 12
29 26 25
29 27 37
29 28 20
30 0 57
30 1 32
30 2 2
30 3 48
30 4 70
30 5 79
30 6 13
30 7 24
30 8 37
30 9 31
30 10 7
30 11 60
30 12 10
30 13 55
30 14 53
30 15 24
30 16 23
30 17 4
30 18 39
30 19 16
30 20 49
30 21 22
30 22 50
30 23 59
30 24 79
30 25 8
30 26 14
30 27 16
30 28 69
30 29 36
31 0 63
31 1 72
31 2 37
31 3 31
31 4 60
31 5 18
31 6 32
31 7 47
31 8 4
31 9 45
31 10 41
31 11 40
31 12 60
31 13 48
31 14 78
31 15 49
31 16 40
31 17 15
31 18 11
31 19 40
31 20 77
31 21 79
31 22 42
31 23 29
31 24 52
31 25 27
31 26 71
31 27 41
31 28 21
31 29 23
31 30 31
32 0 72
32 1 44
32 2 49
32 3 30
32 4 38
32 5 42
32 6 23
32 7 2
32 8 27
32 9 11
32 10 59
32 11 1
32 12 49
32 13 9
32 14 64
32 15 6
32 16 54
32 17 32
32 18 24
32 19 73
32 20 18
32 21 31
32 22 47
32 23 78
32 24 9
32 25 72
32 26 42
32 27 73
32 28 13
32 29 58
32 30 53
32 31 69
33 0 22
33 1 80
33 2 58
33 3 71
33 4 42
33 5 58
33 6 39
33 7 3
33 8 7
33 9 38
33 10 67
33 11 6
33 12 13
33 13 61
33 14 38
33 15 55
33 16 34
33 17 68
33 18 47
33 19 63
33 20 27
33 21 65
33 22 35
33 23 20
33 24 40
33 25 14
33 26 59
33 27 5
33 28 13
33 29 50
33 30 21
33 31 76
33 32 80
34 0 29
34 1 78
34 2 58
34 3 24
34 4 10
34 5 53
34 6 3
34 7 70
34 8 9
34 9 74
34 10 29
34 11 30
34 12 18
34 13 3
34 14 15
34 15 3
34 16 30
34 17 60
34 18 66
34 19 49
34 20 61
34 21 33
34 22 43
34 23 44
34 24 27
34 25 66
34 26 39
34 27 18
34 28 78
34 29 50
34 30 78
34 31 73
34 32 1
34 33 14
35 0 4
35 1 3
35 2 3
35 3 32
35 4 6
35 5 49
35 6 24
35 7 65
35 8 23
35 9 72
35 10 6
35 11 63
35 12 12
35 13 73
35 14 58
35 15 69
35 16 7
35 17 17
35 18 30
35 19 40
35 20 3
35 21 76
35 22 44
35 23 59
35 24 48
35 25 28
35 26 79
35 27 43
35 28 8
35 29 73
35 30 50
35 31 70
35 32 51
35 33 15
35 34 37
36 0 59
36 1 66
36 2 54
36 3 51
36 4 56
36 5 8
36 6 36
36 7 14
36 8 55
36 9 46
36 10 33
36 11 4
36 12 8
36 13 66
36 14 20
36 15 47
36 16 36
36 17 14
36 18 56
36 19 31
36 20 6
36 21 26
36 22 33
36 23 13
36 24 58
36 25 37
36 26 56
36 27 28
36 28 77
36 29 79
36 30 78
36 31 23
36 32 63
36 33 56
36 34 50
36 35 18
37 0 64
37 1 10
37 2 40
37 3 59
37 4 71
37 5 3
37 6 35
37 7 2
37 8 23
37 9 48
37 10 42
37 11 19
37 12 33
37 13 55
37 14 66
37 15 80
37 16 69
37 17 15
37 18 71
37 19 39
37 20 39
37 21 27
37 22 26
37 23 76
37 24 33
37 25 42
37 26 13
37 27 30
37 28 34
37 29 8
37 30 67
37 31 65
37 32 6
37 33 72
37 34 73
37 35 44
37 36 39
38 0 65
38 1 11
38 2 2
38 3 52
38 4 38
38 5 10
38 6 21
38 7 49
38 8 69
38 9 76
38 10 22
38 11 10
38 12 38
38 13 37
38 14 47
38 15 29
38 16 23
38 17 74
38 18 76
38 19 69
38 20 60
38 21 50
38 22 62
38 23 71
38 24 36
38 25 10
38 26 75
38 27 65
38 28 22
38 29 50
38 30 8
38 31 11
38 32 4
38 33 43
38 34 23
38 35 33
38 36 13
38 37 11
39 0 70
39 1 1
39 2 50
39 3 3
39 4 79
39 5 47
39 6 34
39 7 55
39 8 69
39 9 62
39 10 27
39 11 28
39 12 64
39 13 23
39 14 28
39 15 2
39 16 68
39 17 41
39 18 37
39 19 39
39 20 13
39 21 25
39 22 52
39 23 21
39 24 59
39 25 57
39 26 75
39 27 18
39 28 3
39 29 40
39 30 12
39 31 20
39 32 51
39 33 75
39 34 56
39 35 79
39 36 78
39 37 23
39 38 28
