50
1 0 22
4 0 16
4 2 38
7 2 32
7 4 22
7 5 15
8 0 27
8 1 11
8 2 2
9 1 7
9 6 25
10 7 9
11 2 34
11 6 25
11 7 16
11 10 38
12 2 32
12 8 5
13 0 16
13 8 33
13 9 17
13 11 13
14 1 33
14 2 21
14 3 3
14 7 33
14 8 34
14 10 28
14 11 32
14 12 19
14 13 20
15 5 7
15 6 38
15 12 31
15 14 32
16 4 33
16 8 27
16 12 39
17 1 25
17 2 16
17 3 3
17 9 37
17 13 15
17 14 16
18 3 19
18 6 27
18 10 7
19 13 25
19 15 26
19 18 10
20 0 7
20 3 36
20 8 14
20 9 35
20 10 6
20 11 39
20 12 26
20 16 23
21 4 13
21 5 26
21 7 32
21 9 7
21 11 12
21 12 30
22 0 35
22 2 15
22 3 9
22 4 38
22 8 1
22 10 2
22 17 5
23 12 39
23 17 5
23 18 4
23 20 14
24 0 40
24 3 14
24 8 5
24 10 35
24 13 36
24 16 29
24 18 8
24 22 32
25 6 2
25 7 18
25 9 32
25 10 6
25 23 9
25 24 9
26 2 23
26 10 28
27 1 35
27 2 9
27 4 21
27 5 28
27 8 38
27 9 40
27 10 22
27 17 22
27 19 34
28 5 31
28 7 8
28 8 26
28 15 17
29 6 40
29 13 30
29 16 38
29 17 1
29 21 34
29 23 23
29 24 23
30 4 27
30 6 4
30 8 21
30 10 1
30 11 8
30 13 26
30 15 8
30 18 15
30 27 29
31 4 6
31 6 9
31 11 6
31 16 22
31 17 20
31 18 35
31 19 20
31 22 3
31 25 2
31 28 39
32 1 12
32 8 12
32 11 10
32 13 31
32 18 34
32 20 13
32 23 5
32 30 10
33 0 12
33 5 8
33 6 26
33 8 35
33 10 7
33 12 25
33 22 40
33 28 14
33 32 24
34 1 40
34 5 3
34 6 25
34 10 7
34 12 9
34 14 14
34 15 11
34 16 17
34 17 12
34 19 23
34 25 8
34 27 15
34 29 14
34 33 39
35 0 20
35 6 2
35 7 5
35 9 7
35 10 15
35 12 8
35 17 26
35 22 3
35 23 9
35 27 4
35 28 32
35 30 32
36 1 9
36 4 13
36 8 2
36 10 25
36 14 28
36 15 37
36 20 25
36 22 22
36 26 24
36 32 14
36 34 5
36 35 31
37 0 2
37 1 37
37 5 33
37 9 5
37 10 37
37 18 28
37 20 1
37 21 17
37 23 10
37 24 26
37 25 19
37 26 16
37 27 13
37 32 34
37 34 21
38 1 8
38 6 37
38 8 38
38 12 20
38 13 32
38 15 13
38 17 4
38 18 2
38 23 34
38 25 6
38 28 36
38 29 37
38 32 9
38 36 31
39 0 35
39 1 25
39 6 3
39 8 15
39 9 9
39 13 25
39 14 24
39 22 21
39 25 22
39 31 17
39 36 17
40 9 25
40 10 3
40 14 30
40 17 2
40 18 25
40 19 9
40 28 17
40 29 24
40 30 2
40 33 29
40 34 27
40 38 33
40 39 32
41 1 13
41 3 32
41 13 22
41 15 39
41 16 13
41 17 5
41 19 16
41 21 33
41 26 14
41 32 34
41 33 20
41 37 24
41 39 29
42 0 31
42 2 24
42 4 27
42 10 36
42 24 11
42 26 32
42 30 5
42 38 25
42 40 24
42 41 6
43 0 11
43 2 24
43 3 30
43 6 32
43 10 27
43 11 22
43 12 12
43 16 33
43 24 1
43 33 20
43 34 23
43 36 21
43 40 39
43 42 12
44 1 32
44 3 20
44 6 39
44 7 15
44 13 7
44 15 34
44 16 34
44 19 6
44 21 23
44 23 26
44 24 9
44 27 29
44 30 3
44 33 39
44 34 37
44 36 36
44 37 36
44 39 4
44 40 4
45 0 36
45 2 38
45 3 1
45 4 31
45 5 39
45 7 8
45 13 16
45 14 13
45 17 20
45 20 18
45 25 7
45 29 24
45 31 29
45 37 10
45 38 28
45 39 32
46 3 13
46 5 23
46 7 8
46 13 22
46 16 2
46 17 37
46 19 2
46 21 20
46 22 37
46 24 5
46 25 9
46 31 9
46 33 10
46 37 14
46 43 26
46 45 39
47 3 8
47 4 9
47 5 8
47 10 36
47 13 1
47 16 40
47 19 23
47 24 26
47 25 31
47 37 15
47 39 1
47 46 35
48 1 36
48 4 30
48 6 3
48 10 29
48 14 1
48 16 6
48 18 39
48 21 28
48 23 33
48 24 28
48 30 36
48 33 11
48 35 9
48 39 21
48 42 33
48 43 11
48 47 11
49 1 29
49 3 5
49 6 31
49 7 5
49 9 5
49 12 7
49 13 1
49 14 16
49 17 35
49 20 20
49 21 18
49 22 25
49 26 1
49 30 23
49 32 33
49 36 15
49 42 12
49 45 8
49 48 4
