50
2 0 25
2 1 15
3 1 21
3 2 73
4 0 80
4 2 56
4 3 36
5 0 80
6 0 69
6 1 33
6 4 33
7 2 1
8 4 70
8 5 32
8 6 20
9 1 54
9 2 51
9 4 33
9 5 48
9 6 73
9 7 67
10 3 78
10 4 75
10 6 39
10 7 51
10 9 1
11 3 45
11 9 9
11 10 37
12 2 20
12 9 30
13 1 46
13 7 13
13 8 19
14 0 24
14 1 71
14 6 41
14 8 30
14 11 39
14 12 26
14 13 79
15 7 79
15 8 66
15 14 61
16 1 38
16 3 18
16 4 21
16 5 60
16 7 2
16 9 63
16 11 15
16 12 25
16 13 37
16 15 45
17 0 45
17 3 33
17 13 50
17 15 29
18 0 44
18 1 60
18 4 44
18 7 47
18 10 42
18 11 67
18 13 40
18 14 46
19 0 11
19 5 22
19 6 67
19 7 32
19 8 40
19 16 41
19 17 13
20 1 69
20 9 25
20 11 11
20 12 45
20 14 31
20 16 39
20 17 60
21 2 27
21 4 43
21 5 50
21 7 36
21 8 45
21 9 15
21 10 62
21 12 25
21 16 6
21 18 72
21 20 5
22 0 7
22 1 15
22 2 5
22 5 20
22 6 1
22 11 47
22 18 30
22 19 28
23 1 3
23 5 65
23 8 43
23 9 1
23 10 6
23 13 7
23 15 22
23 18 75
23 20 8
23 21 2
24 0 29
24 2 39
24 8 42
24 12 29
24 13 74
24 14 48
24 15 26
24 17 69
24 18 70
24 19 46
24 20 13
25 0 47
25 4 12
25 7 44
25 8 48
25 11 68
25 12 43
25 15 70
25 16 67
25 17 66
25 19 73
25 20 43
25 21 55
26 0 75
26 1 36
26 2 17
26 3 60
26 4 38
26 5 35
26 9 14
26 11 42
26 12 32
26 17 7
26 18 43
26 21 30
26 25 69
27 0 55
27 1 62
27 3 49
27 8 38
27 9 28
27 10 69
27 12 13
27 15 46
27 22 44
27 23 22
27 26 16
28 3 23
28 4 8
28 7 39
28 10 70
28 11 66
28 15 61
28 16 62
28 17 52
28 18 53
28 24 64
28 25 41
29 0 20
29 4 44
29 8 3
29 9 75
29 10 26
29 13 21
29 15 23
29 16 27
29 17 38
29 19 10
29 23 74
30 0 77
30 1 27
30 2 70
30 3 54
30 4 41
30 5 11
30 6 9
30 7 60
30 8 16
30 12 62
30 13 58
30 17 10
30 23 14
30 24 34
30 25 62
30 28 48
30 29 28
31 1 36
31 3 62
31 4 33
31 5 19
31 6 57
31 8 66
31 13 66
31 16 58
31 18 19
31 19 44
31 26 38
32 1 75
32 2 75
32 5 47
32 6 30
32 10 36
32 12 11
32 14 43
32 15 49
32 17 27
32 18 57
32 22 11
32 27 77
32 30 61
33 2 52
33 7 73
33 13 71
33 14 46
33 16 14
33 18 30
33 19 46
33 22 32
33 26 29
33 31 38
34 0 76
34 1 53
34 3 16
34 5 40
34 7 51
34 12 15
34 13 45
34 16 49
34 18 32
34 22 68
34 23 26
34 24 11
34 26 3
34 28 58
34 31 1
35 1 22
35 3 3
35 4 2
35 5 63
35 16 14
35 21 45
35 23 34
35 29 76
35 30 52
35 31 53
35 34 66
36 9 19
36 12 13
36 15 26
36 18 11
36 19 45
36 24 67
36 25 59
36 30 27
36 31 29
36 32 47
37 0 63
37 1 1
37 5 59
37 10 15
37 11 26
37 14 61
37 15 6
37 17 8
37 18 30
37 21 6
37 24 33
37 34 3
37 35 79
37 36 21
38 3 67
38 4 23
38 5 57
38 7 54
38 11 6
38 13 28
38 17 28
38 19 28
38 24 57
38 25 35
38 26 7
38 30 12
38 32 20
38 35 55
38 36 72
38 37 29
39 1 65
39 2 59
39 5 40
39 6 62
39 13 79
39 14 34
39 15 16
39 17 25
39 19 21
39 20 59
39 21 47
39 23 5
39 26 53
39 27 11
39 30 7
39 31 71
39 34 39
39 36 53
40 2 80
40 8 3
40 9 80
40 14 33
40 15 39
40 17 32
40 26 6
40 27 53
40 29 65
40 33 41
40 37 79
40 39 64
41 1 38
41 5 26
41 12 16
41 13 26
41 17 11
41 18 42
41 21 67
41 29 46
41 30 15
41 31 24
41 35 38
41 37 39
42 7 7
42 9 3
42 14 37
42 16 33
42 18 32
42 21 31
42 22 57
42 24 14
42 25 24
42 27 64
42 29 34
42 31 14
42 33 34
42 36 21
42 39 43
42 40 65
42 41 17
43 0 61
43 1 27
43 2 77
43 7 53
43 8 34
43 10 20
43 12 7
43 13 80
43 21 4
43 23 21
43 25 55
43 26 62
43 27 44
43 30 7
43 34 58
43 35 38
43 38 52
43 39 37
43 40 39
43 42 2
44 0 35
44 3 47
44 7 38
44 9 61
44 10 71
44 11 29
44 13 48
44 14 32
44 15 77
44 16 42
44 17 49
44 25 19
44 26 20
44 27 31
44 28 51
44 36 67
44 41 52
44 42 53
44 43 26
45 2 6
45 6 8
45 12 6
45 14 49
45 17 64
45 19 72
45 21 38
45 22 22
45 23 67
45 27 9
45 31 4
45 33 40
45 37 31
45 39 23
45 41 36
45 42 16
45 43 40
46 7 51
46 12 37
46 13 16
46 14 46
46 15 11
46 16 16
46 17 24
46 19 16
46 21 38
46 22 16
46 24 77
46 26 66
46 27 51
46 28 66
46 32 32
46 34 41
46 36 59
46 41 38
47 1 37
47 2 80
47 3 53
47 4 20
47 5 44
47 7 52
47 13 24
47 14 73
47 17 50
47 18 30
47 21 68
47 22 6
47 26 20
47 28 1
47 31 13
47 35 75
47 37 33
48 2 69
48 3 24
48 4 74
48 12 15
48 15 10
48 16 34
48 17 61
48 18 20
48 22 63
48 25 6
48 26 35
48 27 11
48 28 27
48 29 30
48 30 64
48 32 14
48 33 61
48 35 33
48 43 17
48 44 15
48 46 26
48 47 69
49 2 24
49 4 63
49 6 30
49 7 40
49 8 10
49 11 32
49 14 22
49 17 57
49 18 1
49 20 47
49 21 27
49 23 32
49 24 69
49 25 30
49 29 4
49 32 79
49 33 20
49 35 45
49 36 42
49 40 69
49 42 28
49 46 61
