20
1 0 4
2 0 6
2 1 1
3 0 2
3 1 8
3 2 3
4 0 10
4 1 4
4 2 1
4 3 5
5 0 6
5 1 1
5 2 6
5 3 5
5 4 9
6 0 1
6 1 9
6 2 9
6 3 10
6 4 7
6 5 10
7 0 6
7 1 3
7 2 5
7 3 10
7 4 8
7 5 1
7 6 6
8 0 10
8 1 1
8 2 3
8 3 9
8 4 6
8 5 7
8 6 5
8 7 7
9 0 3
9 1 3
9 2 4
9 3 4
9 4 1
9 5 3
9 6 4
9 7 7
9 8 4
10 0 1
10 1 10
10 2 8
10 3 2
10 4 2
10 5 3
10 6 3
10 7 9
10 8 9
10 9 4
11 0 5
11 1 4
11 2 7
11 3 1
11 4 7
11 5 3
11 6 7
11 7 10
11 8 5
11 9 5
11 10 9
12 0 4
12 1 5
12 2 10
12 3 10
12 4 10
12 5 2
12 6 9
12 7 4
12 8 7
12 9 5
12 10 3
12 11 3
13 0 10
13 1 10
13 2 1
13 3 4
13 4 1
13 5 5
13 6 6
13 7 10
13 8 3
13 9 5
13 10 4
13 11 2
13 12 9
14 0 7
14 1 7
14 2 5
14 3 10
14 4 8
14 5 3
14 6 1
14 7 9
14 8 1
14 9 3
14 10 2
14 11 4
14 12 1
14 13 4
15 0 4
15 1 7
15 2 7
15 3 4
15 4 4
15 5 1
15 6 4
15 7 1
15 8 10
15 9 8
15 10 3
15 11 3
15 12 1
15 13 3
15 14 5
16 0 9
16 1 5
16 2 6
16 3 4
16 4 3
16 5 1
16 6 3
16 7 4
16 8 9
16 9 3
16 10 9
16 11 6
16 12 5
16 13 4
16 14 10
16 15 7
17 0 2
17 1 2
17 2 10
17 3 8
17 4 2
17 5 1
17 6 2
17 7 4
17 8 1
17 9 6
17 10 9
17 11 2
17 12 2
17 13 1
17 14 1
17 15 7
17 16 7
18 0 6
18 1 3
18 2 5
18 3 9
18 4 8
18 5 1
18 6 6
18 7 2
18 8 9
18 9 4
18 10 2
18 11 8
18 12 2
18 13 3
18 14 8
18 15 10
18 16 1
18 17 3
19 0 5
19 1 6
19 2 10
19 3 3
19 4 10
19 5 6
19 6 6
19 7 2
19 8 7
19 9 6
19 10 8
19 11 3
19 12 4
19 13 8
19 14 9
19 15 9
19 16 10
19 17 5
19 18 2
