60
3 0 315
4 1 292
4 3 132
5 1 214
5 2 16
5 4 25
6 0 133
8 4 170
8 5 48
8 6 90
9 0 247
9 5 191
9 7 252
10 4 237
10 7 27
11 2 176
11 3 21
11 7 231
11 8 241
12 1 197
12 3 195
12 7 122
12 8 5
13 4 130
13 6 2
13 10 130
14 5 169
14 11 166
14 13 75
15 0 282
15 9 49
15 10 133
16 0 64
16 4 306
16 6 110
16 7 72
16 8 39
16 12 217
16 14 155
17 0 48
17 1 117
17 2 108
17 6 273
17 12 191
17 14 160
18 2 98
18 3 22
18 6 185
18 12 6
18 15 154
18 16 156
18 17 193
19 4 12
19 5 267
19 7 87
19 10 179
19 13 209
20 3 50
20 4 62
20 9 270
20 12 9
20 14 208
21 0 301
21 2 190
21 3 253
21 4 108
21 5 312
21 6 216
21 16 79
21 17 168
21 20 141
22 6 238
22 14 265
22 15 74
22 16 145
22 20 241
23 1 151
23 8 228
23 9 256
23 14 54
23 15 205
23 16 186
23 18 287
24 2 293
24 3 206
24 6 165
24 10 13
24 12 17
24 13 189
24 15 37
24 22 98
24 23 313
25 3 300
25 4 202
25 10 63
25 12 89
25 17 6
25 21 98
25 23 93
25 24 183
26 0 53
26 2 104
26 4 140
26 12 272
26 13 205
26 25 106
27 0 21
27 4 159
27 12 267
27 13 311
27 16 55
27 19 133
27 20 268
27 22 113
27 23 232
27 24 229
27 25 192
28 5 134
28 7 259
28 9 13
28 11 69
28 13 84
28 17 241
28 22 194
28 25 193
29 0 156
29 1 67
29 12 188
29 13 270
29 14 100
29 19 37
29 21 96
29 22 233
29 23 257
29 27 22
30 3 190
30 4 6
30 6 214
30 8 178
30 14 84
30 15 116
30 17 217
30 19 300
30 21 46
30 22 223
30 26 79
30 27 186
31 6 247
31 8 139
31 13 43
31 22 100
31 24 75
31 26 198
31 29 237
32 1 261
32 2 125
32 6 102
32 11 138
32 17 36
32 18 304
32 29 61
33 3 212
33 10 151
33 11 39
33 13 108
33 14 65
33 27 312
33 28 6
33 29 25
33 32 221
34 0 116
34 1 7
34 2 312
34 3 67
34 4 82
34 5 67
34 6 70
34 7 293
34 16 12
34 18 163
34 19 271
34 20 63
34 21 2
34 29 171
34 30 301
34 32 178
34 33 221
35 1 248
35 5 285
35 9 104
35 13 40
35 18 113
35 23 310
35 27 34
35 30 50
35 33 58
35 34 219
36 5 261
36 8 295
36 9 20
36 10 10
36 12 250
36 13 80
36 15 195
36 16 243
36 17 111
36 18 91
36 19 167
36 21 234
36 24 25
36 25 290
36 27 276
36 35 310
37 7 313
37 8 235
37 12 251
37 14 275
37 18 121
37 19 114
37 27 158
37 28 64
37 31 234
37 32 162
37 35 281
38 1 45
38 2 226
38 5 35
38 7 266
38 9 145
38 13 179
38 14 109
38 16 293
38 18 30
38 22 249
38 34 276
38 35 10
38 36 94
39 1 74
39 3 153
39 4 23
39 8 81
39 15 194
39 18 7
39 20 195
39 22 40
39 23 131
39 24 212
39 27 122
39 30 86
39 33 26
39 34 67
39 35 82
39 36 100
40 0 232
40 1 12
40 3 99
40 10 91
40 11 25
40 14 218
40 21 320
40 28 169
40 32 153
40 36 150
41 2 247
41 18 11
41 21 91
41 26 11
41 30 280
41 33 314
41 38 311
41 39 156
41 40 8
42 3 269
42 4 275
42 5 63
42 7 159
42 9 173
42 11 160
42 12 156
42 18 186
42 19 39
42 21 211
42 22 152
42 23 137
42 26 306
42 32 205
42 33 226
42 35 150
42 37 107
42 38 195
42 39 159
43 2 133
43 7 54
43 9 142
43 22 102
43 25 144
43 26 278
43 27 302
43 29 8
43 31 136
43 35 102
43 39 2
43 41 122
44 0 69
44 2 37
44 7 220
44 8 113
44 13 274
44 18 135
44 22 29
44 25 173
44 26 252
44 27 58
44 28 124
44 36 228
44 42 315
44 43 310
45 0 108
45 2 142
45 5 91
45 7 183
45 10 107
45 19 11
45 21 313
45 22 256
45 26 70
45 27 137
45 28 159
45 29 106
45 30 272
45 41 91
45 42 93
46 3 178
46 14 136
46 15 185
46 18 113
46 21 45
46 22 97
46 27 142
46 29 281
46 30 151
46 31 256
46 32 274
46 34 271
46 36 168
46 40 208
46 41 82
46 43 243
47 0 44
47 1 196
47 4 104
47 13 307
47 15 253
47 19 316
47 22 135
47 23 99
47 24 122
47 27 181
47 36 99
47 39 215
48 1 230
48 5 267
48 11 291
48 12 1
48 13 82
48 16 180
48 18 224
48 21 144
48 26 20
48 27 115
48 30 193
48 33 119
48 34 251
48 43 251
48 44 165
49 1 94
49 2 238
49 5 319
49 8 248
49 9 77
49 12 281
49 13 296
49 16 112
49 17 134
49 18 163
49 20 60
49 23 176
49 25 95
49 28 115
49 34 81
49 38 247
49 47 225
49 48 239
50 1 206
50 7 190
50 8 200
50 9 145
50 10 148
50 12 217
50 14 5
50 15 274
50 16 129
50 25 281
50 27 13
50 28 302
50 29 148
50 31 187
50 35 200
50 36 116
50 37 133
50 40 47
50 42 194
50 43 174
50 44 92
50 49 156
51 1 183
51 3 56
51 4 217
51 5 279
51 8 282
51 12 243
51 21 18
51 24 125
51 28 59
51 34 255
51 36 132
51 37 103
51 46 137
51 48 32
51 49 132
51 50 66
52 0 59
52 3 298
52 6 68
52 14 154
52 16 290
52 19 307
52 23 293
52 29 88
52 32 62
52 36 20
52 38 191
52 39 6
52 44 304
53 7 155
53 12 37
53 19 140
53 23 86
53 35 140
53 40 84
53 43 235
53 44 281
53 45 184
53 50 229
54 4 312
54 8 261
54 10 309
54 11 252
54 13 205
54 15 164
54 16 12
54 34 90
54 36 312
54 40 12
54 43 285
54 45 129
54 46 240
54 47 117
54 48 46
54 53 188
55 2 133
55 6 191
55 8 248
55 9 201
55 13 284
55 16 6
55 17 41
55 22 143
55 27 218
55 28 294
55 33 291
55 38 13
55 40 114
55 45 170
55 47 259
55 48 23
55 49 160
55 50 116
56 2 52
56 5 270
56 6 21
56 18 91
56 20 180
56 21 68
56 23 273
56 32 23
56 33 199
56 38 19
56 52 273
57 0 163
57 2 234
57 3 306
57 7 67
57 11 150
57 12 250
57 15 199
57 16 225
57 18 17
57 19 286
57 22 123
57 30 83
57 32 251
57 33 162
57 36 44
57 38 197
57 40 219
57 42 158
57 46 124
57 48 130
57 49 93
58 2 5
58 12 262
58 17 232
58 21 302
58 24 288
58 25 86
58 31 43
58 35 135
58 39 303
58 41 137
58 46 188
58 50 315
58 57 178
59 0 22
59 1 33
59 12 162
59 13 179
59 15 294
59 16 56
59 38 181
59 39 64
59 41 192
59 43 67
59 50 1
59 52 101
59 58 155
