50
1 0 25
3 0 17
4 0 17
4 1 37
4 2 38
5 1 13
6 0 18
6 3 38
6 4 6
7 2 26
7 4 16
8 2 36
8 4 4
8 7 10
9 5 18
9 6 18
9 7 27
10 5 36
10 6 27
10 7 25
10 8 26
10 9 8
11 2 23
11 3 34
11 4 39
11 6 28
11 9 28
11 10 13
12 0 22
12 1 2
12 2 36
12 4 8
12 5 33
12 6 28
12 9 13
12 10 31
13 2 14
13 5 12
13 6 25
13 8 10
13 10 1
13 12 2
14 0 26
14 2 34
14 3 6
14 4 10
14 5 39
14 7 22
14 10 17
14 11 29
15 4 37
15 5 24
15 7 14
15 8 28
15 9 16
15 10 2
15 13 28
15 14 22
16 0 22
16 1 10
16 3 38
16 4 25
16 5 7
16 7 11
16 12 38
16 13 34
17 0 3
17 7 12
17 9 28
18 1 4
18 3 23
18 5 8
18 9 39
18 10 34
18 11 19
18 14 13
18 17 31
19 0 39
19 3 37
19 5 9
19 8 30
19 11 8
19 13 17
19 14 19
19 15 30
19 17 38
20 6 37
20 7 4
20 8 21
20 9 30
20 10 11
20 11 18
20 18 20
20 19 17
21 2 27
21 3 8
21 5 36
21 8 24
21 10 6
21 11 39
21 13 36
21 19 26
22 1 33
22 7 13
22 10 5
22 13 24
22 16 3
23 1 16
23 2 3
23 4 40
23 5 23
23 7 36
23 8 32
23 14 34
23 15 13
23 16 5
23 17 25
24 3 10
24 7 37
24 11 11
24 12 1
24 13 11
24 14 21
24 15 20
24 19 21
24 20 25
25 2 29
25 3 27
25 8 26
25 9 1
25 10 9
25 15 17
25 18 37
25 20 26
26 0 36
26 4 18
26 7 21
26 8 28
26 11 12
26 12 38
26 15 27
26 16 1
26 19 30
26 20 4
27 2 15
27 4 38
27 5 25
27 7 8
27 9 27
27 10 22
27 12 7
27 15 31
27 19 27
27 21 5
27 26 10
28 0 35
28 2 33
28 3 38
28 7 23
28 8 1
28 9 36
28 11 33
28 14 24
28 17 24
28 20 19
28 21 15
29 1 13
29 6 33
29 7 26
29 8 19
29 13 11
29 18 6
29 21 28
29 22 10
29 23 29
29 25 30
29 26 38
29 28 31
30 2 36
30 4 35
30 6 5
30 7 19
30 9 40
30 11 12
30 12 16
30 13 33
30 17 11
30 18 19
30 20 39
30 22 20
30 24 11
30 26 9
31 3 31
31 5 4
31 8 33
31 10 40
31 20 33
31 24 17
31 27 16
31 28 36
31 29 22
31 30 37
32 0 17
32 2 6
32 8 30
32 11 15
32 15 8
32 18 40
32 26 31
32 27 20
32 29 36
33 0 6
33 3 20
33 9 14
33 12 13
33 14 4
33 15 15
33 18 29
33 20 7
33 32 37
34 0 8
34 2 25
34 4 3
34 7 40
34 8 5
34 10 18
34 16 27
34 17 28
34 18 29
34 19 11
34 23 19
34 24 25
34 25 36
34 26 15
34 27 40
34 30 23
34 32 12
35 0 22
35 3 2
35 4 12
35 5 16
35 7 22
35 8 40
35 10 13
35 12 3
35 19 29
35 21 36
35 22 22
35 29 26
35 30 20
35 32 3
35 33 15
36 0 14
36 2 12
36 5 3
36 6 9
36 8 6
36 9 39
36 10 13
36 11 31
36 13 35
36 18 11
36 23 26
36 25 15
36 27 11
36 32 35
36 34 30
36 35 14
37 1 34
37 7 5
37 9 2
37 17 40
37 21 35
37 24 13
37 25 37
37 28 5
37 32 19
37 34 39
38 3 14
38 5 1
38 10 20
38 11 23
38 14 30
38 15 7
38 16 20
38 17 31
38 21 10
38 22 6
38 25 14
38 28 2
38 29 11
38 30 31
38 32 4
38 33 1
38 35 25
39 1 39
39 2 15
39 4 25
39 7 23
39 8 19
39 9 40
39 10 13
39 16 15
39 21 15
39 23 9
39 31 19
39 34 13
39 35 15
39 36 1
39 37 37
39 38 26
40 3 30
40 5 38
40 6 33
40 7 5
40 8 17
40 14 2
40 16 19
40 20 40
40 21 20
40 30 26
40 31 31
40 33 26
40 39 7
41 2 1
41 15 22
41 17 22
41 24 14
41 25 13
41 30 32
41 31 35
41 37 16
42 1 18
42 3 9
42 4 8
42 10 32
42 15 38
42 17 37
42 19 30
42 21 33
42 22 7
42 24 3
42 26 37
42 28 40
42 29 8
42 30 32
42 36 2
42 40 14
43 5 30
43 7 40
43 8 16
43 10 32
43 11 7
43 12 8
43 14 30
43 16 18
43 17 34
43 19 22
43 22 21
43 23 30
43 27 11
43 29 4
43 34 35
43 38 31
43 40 28
43 42 7
44 0 29
44 1 22
44 2 40
44 4 36
44 11 23
44 14 21
44 18 38
44 21 16
44 25 9
44 27 34
44 30 11
44 34 22
44 37 6
44 38 34
44 42 3
44 43 14
45 4 23
45 6 39
45 12 24
45 13 20
45 16 27
45 18 3
45 21 5
45 24 35
45 29 33
45 32 17
45 33 20
45 36 28
45 37 28
45 38 6
46 2 19
46 3 24
46 5 5
46 9 36
46 11 40
46 13 39
46 15 20
46 16 25
46 17 34
46 20 22
46 21 3
46 24 23
46 27 26
46 29 36
46 30 17
46 31 21
46 33 33
46 34 11
46 35 6
46 37 36
46 38 12
46 39 8
46 45 26
47 0 4
47 1 7
47 6 17
47 7 3
47 8 20
47 13 9
47 15 21
47 16 8
47 20 22
47 21 35
47 22 3
47 23 3
47 24 7
47 27 12
47 35 12
47 38 16
47 43 26
47 46 22
48 4 9
48 5 1
48 11 16
48 12 11
48 15 2
48 17 37
48 23 5
48 24 15
48 27 29
48 32 30
48 33 10
48 38 15
48 39 8
48 42 35
48 46 15
49 0 25
49 1 39
49 8 9
49 9 23
49 11 19
49 12 39
49 14 9
49 15 3
49 17 13
49 23 37
49 25 3
49 26 18
49 33 21
49 34 21
49 37 31
49 47 24
49 48 17
