70
3 1 155
3 2 152
5 2 148
5 3 97
6 5 52
7 0 40
7 1 81
7 2 30
7 3 47
7 4 139
7 5 76
8 3 159
8 4 47
8 6 86
8 7 64
9 1 53
9 2 59
9 3 127
9 7 49
10 1 158
10 3 105
10 4 120
10 6 60
10 8 5
11 2 125
11 4 76
11 5 58
11 6 77
11 8 80
11 10 115
12 0 120
12 1 31
12 5 72
12 7 9
12 8 44
12 9 53
12 10 51
12 11 41
13 7 13
13 12 138
14 2 91
14 3 73
14 8 84
14 12 2
15 0 64
15 4 123
15 5 132
15 7 38
15 8 85
15 9 145
15 11 28
15 12 74
15 14 50
16 0 22
16 1 53
16 4 118
16 5 132
16 8 2
16 10 22
16 11 145
16 12 66
16 14 95
17 1 80
17 5 29
17 6 8
17 8 66
17 11 6
17 13 94
18 1 104
18 3 138
18 5 146
18 8 10
18 10 61
18 11 59
18 15 119
18 17 159
19 1 155
19 2 114
19 3 142
19 7 82
19 8 143
19 9 12
19 11 137
19 12 135
19 13 36
19 15 10
19 17 27
19 18 133
20 0 35
20 1 112
20 2 112
20 3 64
20 4 58
20 6 109
20 7 7
20 9 57
20 12 115
20 13 146
20 14 37
20 17 150
20 18 104
20 19 100
21 1 123
21 3 87
21 4 142
21 8 108
21 10 109
21 12 94
21 14 136
21 15 157
21 16 60
21 17 22
21 19 85
22 1 117
22 5 148
22 6 111
22 7 130
22 8 80
22 11 141
22 12 33
22 13 32
22 15 50
22 18 83
22 19 47
22 21 16
23 1 77
23 4 35
23 7 41
23 10 70
23 16 59
23 18 104
23 21 33
24 0 16
24 4 86
24 5 68
24 6 42
24 8 13
24 9 122
24 10 125
24 11 147
24 12 73
24 13 39
24 14 114
24 20 95
24 21 110
24 23 137
25 1 6
25 2 12
25 4 36
25 7 4
25 8 136
25 9 117
25 11 129
25 13 45
25 15 103
25 17 147
25 21 116
25 22 34
25 23 151
25 24 143
26 0 10
26 1 76
26 2 19
26 4 156
26 7 157
26 9 28
26 11 153
26 12 1
26 13 125
26 14 102
26 15 116
26 20 79
26 23 82
26 24 109
27 1 42
27 3 62
27 5 118
27 9 59
27 10 29
27 11 97
27 12 53
27 13 125
27 15 136
27 17 38
27 19 117
27 21 124
27 26 62
28 1 75
28 4 141
28 7 111
28 12 61
28 14 58
28 16 153
28 17 99
28 19 120
28 21 111
28 23 47
28 25 41
28 26 66
29 1 70
29 2 42
29 4 78
29 5 124
29 7 159
29 10 48
29 13 42
29 14 160
29 16 104
29 18 11
29 19 127
29 20 30
29 26 120
29 27 137
29 28 59
30 2 61
30 4 147
30 8 14
30 9 159
30 10 28
30 11 57
30 12 94
30 14 154
30 18 18
30 19 44
30 21 71
30 23 143
30 26 84
30 27 85
30 28 123
31 1 61
31 2 15
31 6 99
31 7 124
31 8 100
31 10 84
31 13 109
31 16 20
31 18 35
31 19 57
31 20 35
31 21 131
31 22 34
31 23 50
31 25 151
31 26 75
31 28 102
32 2 57
32 5 18
32 6 101
32 11 71
32 12 23
32 13 156
32 14 149
32 15 156
32 18 45
32 19 145
32 20 147
32 22 114
32 25 102
32 26 49
32 27 160
32 29 140
33 0 118
33 1 1
33 4 94
33 5 135
33 6 18
33 9 92
33 12 148
33 15 23
33 17 25
33 19 69
33 29 100
33 30 117
33 31 69
34 0 99
34 1 34
34 4 73
34 5 3
34 6 157
34 7 24
34 8 112
34 10 17
34 12 159
34 14 98
34 15 103
34 16 31
34 18 60
34 19 122
34 22 73
34 23 87
34 26 114
34 28 75
34 31 91
34 32 11
35 0 134
35 1 47
35 3 16
35 5 148
35 6 54
35 12 75
35 13 110
35 14 133
35 16 97
35 18 141
35 19 43
35 20 115
35 21 103
35 24 144
35 30 77
35 32 69
35 33 50
36 0 156
36 1 147
36 5 79
36 6 7
36 9 133
36 10 46
36 11 60
36 13 137
36 18 105
36 19 11
36 23 44
36 29 109
36 34 21
37 0 38
37 4 84
37 7 5
37 9 67
37 15 118
37 16 35
37 19 103
37 20 23
37 22 94
37 24 51
37 25 32
37 27 153
37 28 27
37 31 74
37 33 91
37 34 157
38 0 147
38 2 156
38 3 80
38 7 84
38 8 155
38 11 1
38 12 86
38 16 158
38 19 92
38 26 63
38 28 32
38 29 139
38 31 128
38 33 92
38 34 136
38 35 110
39 1 42
39 2 100
39 3 34
39 5 68
39 7 44
39 9 27
39 10 1
39 12 97
39 13 48
39 14 89
39 15 66
39 17 128
39 18 83
39 20 12
39 22 152
39 24 15
39 26 90
39 27 12
39 29 79
39 35 144
39 36 25
40 0 123
40 1 114
40 3 102
40 4 38
40 5 66
40 6 67
40 11 155
40 13 37
40 16 122
40 17 82
40 20 60
40 25 72
40 29 129
40 32 144
40 33 48
40 35 115
40 36 25
40 37 132
41 0 126
41 2 114
41 4 153
41 5 40
41 6 13
41 8 113
41 9 116
41 15 126
41 17 31
41 22 7
41 25 8
41 26 5
41 28 6
41 30 81
41 34 25
41 35 153
41 36 61
42 2 141
42 3 143
42 5 148
42 7 59
42 8 103
42 15 77
42 18 106
42 21 3
42 22 117
42 26 4
42 30 60
42 31 71
42 35 116
42 37 105
42 38 41
42 40 85
43 3 104
43 6 88
43 11 82
43 13 111
43 26 52
43 27 65
43 34 137
43 36 22
43 38 140
43 39 66
44 0 82
44 3 83
44 4 132
44 6 106
44 7 102
44 9 34
44 10 12
44 11 29
44 14 19
44 15 50
44 16 5
44 17 130
44 18 128
44 20 144
44 22 91
44 24 50
44 25 40
44 27 55
44 29 19
44 31 110
44 32 70
44 33 141
44 37 93
44 38 147
44 39 109
44 42 64
45 0 45
45 6 160
45 7 159
45 9 152
45 11 113
45 12 30
45 13 15
45 17 45
45 18 48
45 21 160
45 26 143
45 28 45
45 29 109
45 31 71
45 32 136
45 34 86
45 35 45
45 36 129
45 40 66
45 41 59
45 43 108
46 1 103
46 4 15
46 5 155
46 8 128
46 14 39
46 16 77
46 22 30
46 23 44
46 25 101
46 26 29
46 27 126
46 28 155
46 29 63
46 31 72
46 32 103
46 33 24
46 34 103
46 39 6
46 40 150
46 41 34
46 44 20
46 45 124
47 6 59
47 7 39
47 10 130
47 11 115
47 12 110
47 14 150
47 15 71
47 18 101
47 20 131
47 21 42
47 22 126
47 23 63
47 24 132
47 25 51
47 27 47
47 30 148
47 31 98
47 34 39
47 35 155
47 38 149
47 39 151
47 41 152
47 43 105
47 44 29
47 46 22
48 1 159
48 4 68
48 10 79
48 13 10
48 14 63
48 15 117
48 16 51
48 17 9
48 19 118
48 20 15
48 22 21
48 24 148
48 26 114
48 27 31
48 33 88
48 34 82
48 35 50
48 37 82
48 41 143
48 44 155
48 45 78
48 47 71
49 0 110
49 1 81
49 3 129
49 6 23
49 7 1
49 9 75
49 10 157
49 13 14
49 14 64
49 15 144
49 16 91
49 17 155
49 19 87
49 22 52
49 25 151
49 26 132
49 27 107
49 28 104
49 30 64
49 31 109
49 32 122
49 35 30
49 36 43
49 38 111
49 40 96
49 41 78
49 42 106
49 44 147
49 48 88
50 0 96
50 4 121
50 6 102
50 8 111
50 10 58
50 12 142
50 16 130
50 17 98
50 18 87
50 20 3
50 21 62
50 22 108
50 23 132
50 25 111
50 26 139
50 32 10
50 35 158
50 36 149
50 37 155
50 42 154
50 44 39
50 46 68
50 49 56
51 3 3
51 7 152
51 13 35
51 16 48
51 17 43
51 18 156
51 20 137
51 22 6
51 24 53
51 26 20
51 27 141
51 30 144
51 36 149
51 37 109
51 39 113
51 41 105
51 43 22
51 49 120
52 0 129
52 1 83
52 2 119
52 3 95
52 7 91
52 13 10
52 16 100
52 17 60
52 19 1
52 20 10
52 23 26
52 33 129
52 35 103
52 36 19
52 39 125
52 40 80
52 47 26
52 48 146
52 49 7
52 50 27
53 0 89
53 3 81
53 4 154
53 6 156
53 7 51
53 9 108
53 10 107
53 11 112
53 23 132
53 24 65
53 27 116
53 29 111
53 31 11
53 34 144
53 35 110
53 36 27
53 37 90
53 38 55
53 39 67
53 40 118
53 45 23
53 46 105
53 48 94
53 49 148
54 0 130
54 1 66
54 2 73
54 10 148
54 11 145
54 18 60
54 19 75
54 20 5
54 21 96
54 26 148
54 27 36
54 28 153
54 29 142
54 32 89
54 35 109
54 36 28
54 37 126
54 38 48
54 41 70
54 42 131
54 47 77
54 52 36
54 53 58
55 1 54
55 2 56
55 4 54
55 7 42
55 10 35
55 11 92
55 17 5
55 18 152
55 19 57
55 22 111
55 23 40
55 25 134
55 29 45
55 31 5
55 34 108
55 36 78
55 39 144
55 41 120
55 43 24
55 45 157
56 0 62
56 2 154
56 3 41
56 5 3
56 7 19
56 9 66
56 10 149
56 11 93
56 14 37
56 17 85
56 18 68
56 20 102
56 21 102
56 22 22
56 26 97
56 28 115
56 29 9
56 30 79
56 31 51
56 32 38
56 33 99
56 37 60
56 38 51
56 40 48
56 43 133
56 45 46
56 47 31
56 49 6
56 50 77
56 54 111
56 55 65
57 1 84
57 3 135
57 4 57
57 6 17
57 8 69
57 10 53
57 11 138
57 13 145
57 16 85
57 17 94
57 18 152
57 24 135
57 27 158
57 28 27
57 31 141
57 32 19
57 34 94
57 35 60
57 42 69
57 45 148
57 46 44
57 47 58
57 48 81
57 50 115
57 52 58
57 53 90
57 55 154
58 0 11
58 1 62
58 4 137
58 6 35
58 9 119
58 10 18
58 12 150
58 14 101
58 15 36
58 18 2
58 19 47
58 20 48
58 21 84
58 26 111
58 27 5
58 28 36
58 29 86
58 33 123
58 35 105
58 36 35
58 37 152
58 42 115
58 43 90
58 44 16
58 45 127
58 47 140
58 48 71
58 50 101
58 51 44
58 53 59
58 54 133
59 1 121
59 3 43
59 4 76
59 6 133
59 7 8
59 9 44
59 11 38
59 16 50
59 17 160
59 19 61
59 21 154
59 25 114
59 27 102
59 31 130
59 33 85
59 34 13
59 36 10
59 38 94
59 45 144
59 46 55
59 47 68
59 48 92
59 49 3
59 52 91
59 53 105
59 57 52
59 58 102
60 3 98
60 4 7
60 7 127
60 11 64
60 14 14
60 15 41
60 16 48
60 18 140
60 20 49
60 21 109
60 23 137
60 24 149
60 25 154
60 26 35
60 27 98
60 29 160
60 31 107
60 33 98
60 36 66
60 37 68
60 38 103
60 39 44
60 40 63
60 46 120
60 47 48
60 48 65
60 52 54
60 56 138
60 59 158
61 0 61
61 2 97
61 3 15
61 4 77
61 5 6
61 7 85
61 8 91
61 11 12
61 12 138
61 15 91
61 16 116
61 17 74
61 18 12
61 25 70
61 27 15
61 29 46
61 32 114
61 35 135
61 39 153
61 44 115
61 45 131
61 50 51
61 52 46
61 53 29
61 54 3
61 56 74
61 57 102
62 5 122
62 8 11
62 9 68
62 13 64
62 14 117
62 16 52
62 17 113
62 25 156
62 26 36
62 27 105
62 31 135
62 32 25
62 33 64
62 35 52
62 42 106
62 45 83
62 47 93
62 48 85
62 49 59
62 50 12
62 51 56
62 53 26
62 54 160
62 55 75
62 57 33
62 58 120
62 59 153
62 61 123
63 0 14
63 3 94
63 5 136
63 6 9
63 7 126
63 10 119
63 11 12
63 16 53
63 19 115
63 20 124
63 22 80
63 23 139
63 24 68
63 26 82
63 28 22
63 29 33
63 31 47
63 35 21
63 36 115
63 37 143
63 38 12
63 43 134
63 46 150
63 48 62
63 50 48
63 52 73
63 53 16
63 55 135
63 57 100
63 58 95
63 62 139
64 1 68
64 5 12
64 6 115
64 7 48
64 8 5
64 11 81
64 12 120
64 14 79
64 15 47
64 17 118
64 19 8
64 21 135
64 22 96
64 23 6
64 24 36
64 27 25
64 29 82
64 32 69
64 35 93
64 36 20
64 38 139
64 40 98
64 42 139
64 43 77
64 46 11
64 50 135
64 51 143
64 53 28
64 54 24
64 55 82
64 59 9
64 62 114
65 0 117
65 3 108
65 4 107
65 5 17
65 10 112
65 11 56
65 12 76
65 13 136
65 15 101
65 18 92
65 19 29
65 20 69
65 23 114
65 24 16
65 26 5
65 27 74
65 31 86
65 33 79
65 34 105
65 36 47
65 37 147
65 39 104
65 41 12
65 43 91
65 50 94
65 51 11
65 55 124
65 56 149
65 57 56
65 59 27
65 61 140
65 62 62
65 63 37
65 64 45
66 0 56
66 1 138
66 4 33
66 6 149
66 7 24
66 11 23
66 12 131
66 14 67
66 16 25
66 17 114
66 18 120
66 24 106
66 25 44
66 27 129
66 28 93
66 30 104
66 32 31
66 35 61
66 36 70
66 38 21
66 41 42
66 42 94
66 45 120
66 47 48
66 50 62
66 51 142
66 52 10
66 53 69
66 54 57
66 56 128
66 59 51
66 62 21
66 64 120
67 0 113
67 1 10
67 5 48
67 6 91
67 7 125
67 8 137
67 9 64
67 11 145
67 13 98
67 14 118
67 15 49
67 16 56
67 19 65
67 20 114
67 24 61
67 25 12
67 26 54
67 27 135
67 29 54
67 31 127
67 32 26
67 34 74
67 35 33
67 41 106
67 42 40
67 44 127
67 45 92
67 51 108
67 53 87
67 55 76
67 61 97
67 63 17
67 64 57
67 65 7
67 66 51
68 5 8
68 6 99
68 7 152
68 8 80
68 9 107
68 10 2
68 11 147
68 13 109
68 14 150
68 16 154
68 17 47
68 19 128
68 20 39
68 22 113
68 25 130
68 32 28
68 34 109
68 36 64
68 37 129
68 40 21
68 41 24
68 42 154
68 43 77
68 44 145
68 45 45
68 46 116
68 53 116
68 55 152
68 56 81
68 57 115
68 58 143
68 60 116
68 61 107
68 62 131
68 63 131
69 1 25
69 3 46
69 4 4
69 5 116
69 6 115
69 10 120
69 12 16
69 16 16
69 17 71
69 18 122
69 20 67
69 21 15
69 22 35
69 23 97
69 25 22
69 28 51
69 33 12
69 35 10
69 36 147
69 37 142
69 38 16
69 42 18
69 43 16
69 45 126
69 46 96
69 47 158
69 48 67
69 52 14
69 55 8
69 58 22
69 61 159
69 63 12
69 64 1
69 65 22
69 66 109
69 67 95
