50
1 0 68
2 1 8
3 0 153
3 1 46
3 2 21
4 0 24
4 1 44
4 2 41
5 1 142
5 2 11
5 3 128
5 4 143
6 0 65
6 1 132
6 2 100
6 3 16
6 4 154
6 5 60
7 0 134
7 1 143
7 2 26
7 3 55
7 4 69
7 5 109
7 6 83
8 0 53
8 1 57
8 2 10
8 3 50
8 4 132
8 5 10
8 6 97
8 7 30
9 0 160
9 1 50
9 2 2
9 3 15
9 4 126
9 5 107
9 6 126
9 8 96
10 1 8
10 2 111
10 3 54
10 4 6
10 5 21
10 6 87
10 7 12
10 8 84
11 0 19
11 1 105
11 2 87
11 3 86
11 4 129
11 5 115
11 7 63
11 8 139
11 9 150
11 10 81
12 0 156
12 1 133
12 2 119
12 4 151
12 5 65
12 6 35
12 7 4
12 8 146
12 10 86
12 11 148
13 0 29
13 1 50
13 2 138
13 3 60
13 4 17
13 5 16
13 6 16
13 7 31
13 8 30
13 10 89
13 11 119
13 12 64
14 0 125
14 1 73
14 2 143
14 3 82
14 4 87
14 5 24
14 6 127
14 7 46
14 8 13
14 9 105
14 10 10
14 11 1
14 12 7
15 0 11
15 1 151
15 2 41
15 3 34
15 4 76
15 5 39
15 6 79
15 7 142
15 8 100
15 9 118
15 10 113
15 11 81
15 12 35
15 13 120
15 14 12
16 0 8
16 1 89
16 2 134
16 3 72
16 4 89
16 5 20
16 6 138
16 7 104
16 8 118
16 9 105
16 10 58
16 12 103
16 13 13
16 14 28
16 15 23
17 0 122
17 1 104
17 2 55
17 3 81
17 4 48
17 5 75
17 6 50
17 7 112
17 8 147
17 9 89
17 10 4
17 11 145
17 13 46
17 14 89
17 15 62
17 16 111
18 0 39
18 1 76
18 3 56
18 4 147
18 5 27
18 6 41
18 7 61
18 9 48
18 11 80
18 12 56
18 13 103
18 16 147
18 17 40
19 0 71
19 1 30
19 2 112
19 3 38
19 4 36
19 5 115
19 6 39
19 7 31
19 8 142
19 9 85
19 10 45
19 11 58
19 12 23
19 16 108
19 18 38
20 0 3
20 2 25
20 3 61
20 4 1
20 5 131
20 6 3
20 7 153
20 8 50
20 9 91
20 10 94
20 11 98
20 12 43
20 13 157
20 14 25
20 15 112
20 16 7
20 17 104
20 19 43
21 0 94
21 1 62
21 2 78
21 3 65
21 4 106
21 5 158
21 6 7
21 8 121
21 9 74
21 10 46
21 11 71
21 12 30
21 13 20
21 14 29
21 16 53
21 17 125
21 18 109
21 19 74
21 20 97
22 0 136
22 1 50
22 2 67
22 3 129
22 4 49
22 5 98
22 6 75
22 7 139
22 8 51
22 9 7
22 10 36
22 12 71
22 13 147
22 14 84
22 16 117
22 17 83
22 18 115
22 19 91
22 20 81
23 0 153
23 2 32
23 3 99
23 4 48
23 5 109
23 7 113
23 8 17
23 9 144
23 10 28
23 11 8
23 12 85
23 14 30
23 15 62
23 17 70
23 18 47
23 20 75
23 21 91
23 22 68
24 0 122
24 2 55
24 3 138
24 4 105
24 6 111
24 7 81
24 8 42
24 9 96
24 10 148
24 11 52
24 13 135
24 14 45
24 15 99
24 16 152
24 18 88
24 19 53
24 20 130
24 21 118
24 22 3
25 0 95
25 1 126
25 2 152
25 3 14
25 4 34
25 5 119
25 6 113
25 7 138
25 8 11
25 11 104
25 13 2
25 14 134
25 15 36
25 16 25
25 17 74
25 19 113
25 21 120
25 22 102
25 23 84
25 24 92
26 0 160
26 1 27
26 2 118
26 3 109
26 4 151
26 5 58
26 7 117
26 8 117
26 9 152
26 10 123
26 11 121
26 12 26
26 13 59
26 14 53
26 15 68
26 16 60
26 17 126
26 18 2
26 19 129
26 20 137
26 21 57
26 22 26
26 23 126
26 24 32
26 25 147
27 0 32
27 1 148
27 2 118
27 3 88
27 4 39
27 5 119
27 6 118
27 7 35
27 8 113
27 9 140
27 10 52
27 11 48
27 12 105
27 13 99
27 14 102
27 15 64
27 16 16
27 17 133
27 18 115
27 19 136
27 20 52
27 21 34
27 22 42
27 23 99
27 24 1
27 25 61
28 0 1
28 1 78
28 2 4
28 3 138
28 5 28
28 7 158
28 8 151
28 9 56
28 10 77
28 11 91
28 12 79
28 13 109
28 14 76
28 15 148
28 16 63
28 17 55
28 18 91
28 19 116
28 20 143
28 21 146
28 22 1
28 23 63
28 24 106
28 25 68
28 26 19
29 0 38
29 1 32
29 2 47
29 3 22
29 6 152
29 8 103
29 9 100
29 10 129
29 12 28
29 13 115
29 14 136
29 15 62
29 16 154
29 17 124
29 19 88
29 20 103
29 21 18
29 22 17
29 23 78
29 24 118
29 25 22
29 26 79
29 28 35
30 1 127
30 3 7
30 4 97
30 5 6
30 6 112
30 7 75
30 9 17
30 10 29
30 11 15
30 12 71
30 14 20
30 15 42
30 17 79
30 18 159
30 19 87
30 20 53
30 21 113
30 22 147
30 23 78
30 24 20
30 25 58
30 26 71
30 29 75
31 0 46
31 1 116
31 2 149
31 3 121
31 4 106
31 5 154
31 7 127
31 8 60
31 9 79
31 10 131
31 11 95
31 12 11
31 14 113
31 15 34
31 17 154
31 18 32
31 19 127
31 20 15
31 22 119
31 24 77
31 25 126
31 26 83
31 27 158
31 29 155
31 30 137
32 0 130
32 3 27
32 4 53
32 5 88
32 6 91
32 7 96
32 8 153
32 9 151
32 10 32
32 12 60
32 13 1
32 14 104
32 15 118
32 16 29
32 17 136
32 18 105
32 19 20
32 20 45
32 21 19
32 22 11
32 23 131
32 25 150
32 26 71
32 28 1
32 29 2
32 30 151
32 31 88
33 0 61
33 1 95
33 2 120
33 3 7
33 4 112
33 5 60
33 6 55
33 7 42
33 8 141
33 9 49
33 10 92
33 12 117
33 13 13
33 16 134
33 17 107
33 18 13
33 19 25
33 20 2
33 21 63
33 22 133
33 24 73
33 25 116
33 26 93
33 27 154
33 28 22
33 29 140
33 30 86
33 31 16
33 32 34
34 0 83
34 1 156
34 3 115
34 5 66
34 6 130
34 7 23
34 8 92
34 9 36
34 10 24
34 11 128
34 12 151
34 13 40
34 14 107
34 15 146
34 16 82
34 17 72
34 18 23
34 19 93
34 20 117
34 21 92
34 22 135
34 23 139
34 24 136
34 25 127
34 26 129
34 27 8
34 28 77
34 30 70
34 31 120
34 32 30
35 2 62
35 3 106
35 4 39
35 5 153
35 6 8
35 7 70
35 8 84
35 9 51
35 10 3
35 11 20
35 12 150
35 13 143
35 14 53
35 15 90
35 16 71
35 18 56
35 19 27
35 20 25
35 21 36
35 23 101
35 24 137
35 25 53
35 26 51
35 27 1
35 28 12
35 29 144
35 30 103
35 31 19
35 32 41
35 33 29
35 34 46
36 0 138
36 1 105
36 2 19
36 3 135
36 4 19
36 5 29
36 6 12
36 7 4
36 8 84
36 9 52
36 10 39
36 11 141
36 13 158
36 14 52
36 15 147
36 16 68
36 17 67
36 18 66
36 19 54
36 20 66
36 21 54
36 22 154
36 23 127
36 24 100
36 25 61
36 26 91
36 27 33
36 28 152
36 29 27
36 31 157
36 32 45
36 33 71
36 34 122
36 35 20
37 0 68
37 1 24
37 2 56
37 3 58
37 4 14
37 5 13
37 6 40
37 7 54
37 8 54
37 9 62
37 10 103
37 11 32
37 12 79
37 14 3
37 15 23
37 16 16
37 18 4
37 19 126
37 20 138
37 21 73
37 22 97
37 23 84
37 24 19
37 25 137
37 26 11
37 27 119
37 29 20
37 30 30
37 31 64
37 32 159
37 33 122
37 34 159
37 35 82
37 36 8
38 0 18
38 1 99
38 2 57
38 3 42
38 5 149
38 6 121
38 7 127
38 8 81
38 10 159
38 11 115
38 12 134
38 13 128
38 14 1
38 15 107
38 16 153
38 17 134
38 18 141
38 19 51
38 20 55
38 21 42
38 22 103
38 23 82
38 24 152
38 25 22
38 26 157
38 27 46
38 28 35
38 29 62
38 30 4
38 31 63
38 32 37
38 33 117
38 34 105
38 35 79
38 36 63
38 37 142
39 0 14
39 1 160
39 2 142
39 3 109
39 5 27
39 8 32
39 12 40
39 13 34
39 14 95
39 15 35
39 16 61
39 17 125
39 18 84
39 19 86
39 20 20
39 22 130
39 23 32
39 24 38
39 27 18
39 28 29
39 30 99
39 31 30
39 32 136
39 33 25
39 34 25
39 36 141
39 37 52
39 38 111
40 0 123
40 1 114
40 2 103
40 3 108
40 4 99
40 5 106
40 6 49
40 7 85
40 8 22
40 9 101
40 10 134
40 11 157
40 12 99
40 13 52
40 14 114
40 15 148
40 16 43
40 17 24
40 18 2
40 19 36
40 20 36
40 21 44
40 22 146
40 23 33
40 24 133
40 25 54
40 26 37
40 27 154
40 28 157
40 29 59
40 30 56
40 31 100
40 33 70
40 34 79
40 35 60
40 36 139
40 37 88
40 38 160
40 39 61
41 0 124
41 1 76
41 2 114
41 3 106
41 4 145
41 5 159
41 6 3
41 7 6
41 8 22
41 9 150
41 10 108
41 11 24
41 12 110
41 13 99
41 14 148
41 15 97
41 16 30
41 17 95
41 18 154
41 19 103
41 20 142
41 21 138
41 22 23
41 23 5
41 24 5
41 25 155
41 27 78
41 28 96
41 29 134
41 30 1
41 33 35
41 34 23
41 35 49
41 36 2
41 37 58
41 38 128
41 39 117
41 40 141
42 0 146
42 1 27
42 2 138
42 3 10
42 4 102
42 5 111
42 6 60
42 7 68
42 8 74
42 9 82
42 10 143
42 11 145
42 12 43
42 13 151
42 14 139
42 15 81
42 16 96
42 19 57
42 20 39
42 21 85
42 22 100
42 23 131
42 24 148
42 25 117
42 26 8
42 27 45
42 28 159
42 29 63
42 30 150
42 31 78
42 32 130
42 33 89
42 34 87
42 35 144
42 37 147
42 38 48
42 39 130
42 40 121
42 41 149
43 0 159
43 1 31
43 2 121
43 3 50
43 4 147
43 5 141
43 6 6
43 7 84
43 8 52
43 11 13
43 12 137
43 13 115
43 14 156
43 15 135
43 16 55
43 17 71
43 18 25
43 19 96
43 20 124
43 21 59
43 22 32
43 26 89
43 27 17
43 28 133
43 29 54
43 30 81
43 31 64
43 32 83
43 33 74
43 34 9
43 35 44
43 36 150
43 37 143
43 38 81
43 39 148
43 40 17
43 41 143
43 42 112
44 0 47
44 1 105
44 2 18
44 3 27
44 4 77
44 5 38
44 7 17
44 8 8
44 9 117
44 10 55
44 11 74
44 13 35
44 14 51
44 15 150
44 16 119
44 17 29
44 18 14
44 19 159
44 20 24
44 21 54
44 22 41
44 23 24
44 24 57
44 25 71
44 26 63
44 27 153
44 28 18
44 29 74
44 30 78
44 31 6
44 32 49
44 33 117
44 34 34
44 35 27
44 36 84
44 37 112
44 38 1
44 39 70
44 40 64
44 41 89
44 42 31
44 43 103
45 0 111
45 1 125
45 2 130
45 3 67
45 4 60
45 5 77
45 6 9
45 7 107
45 9 159
45 11 53
45 13 41
45 14 28
45 15 149
45 16 18
45 17 1
45 19 110
45 20 46
45 21 64
45 22 141
45 23 12
45 24 57
45 25 83
45 26 74
45 27 120
45 29 30
45 30 28
45 31 29
45 32 43
45 33 23
45 34 16
45 35 158
45 36 6
45 37 37
45 38 11
45 39 36
45 40 83
45 41 92
45 42 94
45 43 126
45 44 91
46 0 32
46 1 49
46 2 74
46 3 72
46 4 52
46 5 22
46 6 143
46 7 155
46 8 53
46 10 130
46 11 132
46 12 131
46 13 60
46 14 99
46 15 64
46 16 141
46 17 81
46 18 9
46 19 1
46 20 107
46 21 9
46 22 78
46 23 134
46 24 108
46 26 126
46 27 36
46 28 132
46 30 109
46 31 29
46 32 2
46 33 119
46 34 134
46 35 156
46 36 76
46 37 66
46 38 19
46 39 125
46 40 133
46 41 85
46 42 26
46 43 144
46 44 29
46 45 131
47 0 12
47 1 76
47 2 47
47 3 112
47 4 31
47 5 67
47 6 129
47 7 109
47 8 57
47 9 133
47 10 60
47 11 17
47 12 11
47 13 20
47 14 157
47 15 36
47 16 28
47 17 51
47 18 92
47 19 108
47 20 23
47 21 38
47 22 107
47 23 112
47 24 147
47 25 112
47 26 104
47 27 124
47 28 153
47 30 89
47 31 128
47 32 64
47 35 116
47 37 87
47 38 81
47 39 71
47 41 10
47 42 71
47 43 105
47 44 46
47 45 102
47 46 12
48 0 123
48 1 109
48 2 154
48 3 129
48 4 84
48 5 78
48 6 83
48 8 92
48 9 22
48 10 32
48 11 7
48 12 11
48 13 58
48 14 125
48 15 138
48 17 107
48 18 97
48 19 108
48 20 97
48 21 81
48 22 105
48 23 94
48 24 90
48 25 152
48 26 74
48 27 127
48 28 122
48 29 129
48 30 142
48 31 33
48 32 46
48 33 130
48 34 132
48 35 99
48 36 87
48 37 2
48 38 67
48 40 29
48 41 108
48 42 48
48 43 119
48 44 28
48 45 34
48 46 88
48 47 136
49 0 21
49 1 70
49 2 11
49 3 107
49 6 92
49 7 51
49 8 107
49 9 111
49 10 71
49 11 80
49 12 45
49 13 119
49 14 129
49 15 91
49 16 10
49 17 69
49 18 131
49 19 98
49 21 16
49 22 55
49 23 42
49 24 54
49 25 92
49 26 140
49 27 28
49 28 135
49 29 28
49 30 122
49 31 131
49 33 127
49 34 36
49 35 32
49 36 92
49 38 93
49 39 101
49 40 96
49 41 53
49 43 77
49 44 72
49 45 48
49 46 89
49 47 127
49 48 3
