30
1 0 51
2 0 10
2 1 31
3 0 56
3 1 62
3 2 5
4 0 41
4 1 39
4 2 37
4 3 20
5 0 40
5 1 53
5 2 26
5 3 75
5 4 77
6 0 21
6 1 58
6 2 16
6 3 27
6 4 44
6 5 45
7 0 19
7 1 59
7 2 11
7 3 58
7 4 24
7 5 76
7 6 70
8 0 76
8 1 50
8 2 76
8 3 43
8 4 17
8 5 42
8 6 52
8 7 12
9 0 70
9 1 42
9 2 76
9 3 19
9 4 25
9 5 13
9 6 8
9 7 50
9 8 57
10 0 76
10 1 4
10 2 37
10 3 29
10 4 39
10 5 22
10 6 43
10 7 27
10 8 56
10 9 21
11 0 4
11 1 55
11 2 76
11 3 53
11 4 47
11 5 43
11 6 12
11 7 51
11 8 64
11 9 32
11 10 26
12 0 20
12 1 79
12 2 75
12 3 26
12 4 46
12 5 65
12 6 70
12 7 30
12 8 74
12 9 48
12 10 58
12 11 66
13 0 59
13 1 10
13 2 41
13 3 35
13 4 40
13 5 58
13 6 70
13 7 61
13 8 5
13 9 18
13 10 80
13 11 48
13 12 17
14 0 77
14 1 25
14 2 53
14 3 18
14 4 74
14 5 76
14 6 63
14 7 72
14 8 61
14 9 36
14 10 37
14 11 15
14 12 11
14 13 4
15 0 30
15 1 43
15 2 76
15 3 55
15 4 26
15 5 30
15 6 75
15 7 38
15 8 60
15 9 46
15 10 4
15 11 25
15 12 48
15 13 60
15 14 45
16 0 75
16 1 31
16 2 45
16 3 45
16 4 31
16 5 51
16 6 48
16 7 57
16 8 77
16 9 78
16 10 42
16 11 75
16 12 76
16 13 61
16 14 22
16 15 63
17 0 62
17 1 71
17 2 63
17 3 48
17 4 22
17 5 2
17 6 39
17 7 34
17 8 31
17 9 60
17 10 31
17 11 57
17 12 32
17 13 9
17 14 54
17 15 75
17 16 32
18 0 41
18 1 80
18 2 70
18 3 64
18 4 12
18 5 78
18 6 4
18 7 74
18 8 32
18 9 41
18 10 47
18 11 17
18 12 48
18 13 8
18 14 48
18 15 17
18 16 37
18 17 78
19 0 60
19 1 53
19 2 74
19 3 75
19 4 45
19 5 33
19 6 4
19 7 25
19 8 64
19 9 54
19 10 45
19 11 6
19 12 68
19 13 10
19 14 66
19 15 31
19 16 75
19 17 51
19 18 46
20 0 74
20 1 51
20 2 76
20 3 53
20 4 63
20 5 1
20 6 26
20 7 42
20 8 71
20 9 31
20 10 73
20 11 15
20 12 2
20 13 38
20 14 53
20 15 12
20 16 9
20 17 33
20 18 70
20 19 15
21 0 31
21 1 78
21 2 50
21 3 17
21 4 18
21 5 6
21 6 60
21 7 44
21 8 19
21 9 3
21 10 18
21 11 13
21 12 52
21 13 48
21 14 70
21 15 12
21 16 1
21 17 33
21 18 75
21 19 74
21 20 1
22 0 45
22 1 78
22 2 27
22 3 49
22 4 35
22 5 73
22 6 44
22 7 5
22 8 65
22 9 34
22 10 23
22 11 35
22 12 11
22 13 64
22 14 1
22 15 48
22 16 24
22 17 8
22 18 72
22 19 74
22 20 29
22 21 24
23 0 64
23 1 6
23 2 13
23 3 35
23 4 52
23 5 60
23 6 42
23 7 27
23 8 58
23 9 8
23 10 60
23 11 13
23 12 80
23 13 27
23 14 39
23 15 1
23 16 34
23 17 49
23 18 4
23 19 16
23 20 58
23 21 21
23 22 5
24 0 2
24 1 18
24 2 4
24 3 66
24 4 18
24 5 60
24 6 66
24 7 51
24 8 8
24 9 48
24 10 3
24 11 23
24 12 38
24 13 1
24 14 44
24 15 26
24 16 53
24 17 76
24 18 18
24 19 45
24 20 10
24 21 59
24 22 71
24 23 30
25 0 51
25 1 9
25 2 50
25 3 36
25 4 77
25 5 60
25 6 62
25 7 5
25 8 44
25 9 8
25 10 71
25 11 13
25 12 48
25 13 25
25 14 38
25 15 61
25 16 46
25 17 44
25 18 30
25 19 30
25 20 79
25 21 69
25 22 18
25 23 50
25 24 2
26 0 38
26 1 4
26 2 10
26 3 40
26 4 23
26 5 15
26 6 28
26 7 64
26 8 55
26 9 1
26 10 8
26 11 24
26 12 17
26 13 13
26 14 49
26 15 13
26 16 42
26 17 12
26 18 60
26 19 26
26 20 59
26 21 57
26 22 41
26 23 43
26 24 17
26 25 16
27 0 68
27 1 30
27 2 12
27 3 71
27 4 61
27 5 56
27 6 51
27 7 77
27 8 66
27 9 5
27 10 13
27 11 42
27 12 71
27 13 72
27 14 49
27 15 4
27 16 37
27 17 58
27 18 12
27 19 4
27 20 6
27 21 29
27 22 55
27 23 54
27 24 46
27 25 15
27 26 66
28 0 66
28 1 15
28 2 64
28 3 30
28 4 75
28 5 71
28 6 47
28 7 72
28 8 15
28 9 21
28 10 20
28 11 70
28 12 23
28 13 73
28 14 75
28 15 28
28 16 60
28 17 19
28 18 76
28 19 31
28 20 33
28 21 6
28 22 68
28 23 38
28 24 49
28 25 25
28 26 45
28 27 58
29 0 20
29 1 67
29 2 72
29 3 51
29 4 62
29 5 19
29 6 27
29 7 52
29 8 43
29 9 2
29 10 17
29 11 68
29 12 33
29 13 37
29 14 53
29 15 35
29 16 30
29 17 15
29 18 58
29 19 75
29 20 35
29 21 18
29 22 55
29 23 15
29 24 29
29 25 12
29 26 47
29 27 50
29 28 65
