60
1 0 308
2 0 4
2 1 90
3 0 251
3 1 152
3 2 298
4 0 164
4 1 22
4 2 220
4 3 71
5 0 47
5 1 72
5 2 189
5 3 201
5 4 316
6 0 187
6 1 92
6 2 242
6 3 145
6 4 249
6 5 39
7 0 114
7 1 121
7 2 101
7 3 266
7 4 88
7 5 99
7 6 226
8 0 298
8 1 71
8 2 57
8 3 305
8 4 319
8 5 224
8 6 183
8 7 112
9 0 174
9 1 240
9 2 8
9 3 269
9 4 195
9 5 96
9 6 309
9 7 138
9 8 104
10 0 98
10 1 96
10 2 122
10 3 15
10 4 2
10 5 244
10 6 56
10 7 253
10 8 294
10 9 156
11 0 162
11 1 30
11 2 137
11 3 150
11 4 244
11 5 179
11 6 35
11 7 262
11 8 240
11 9 204
11 10 28
12 0 10
12 1 205
12 2 148
12 3 47
12 4 211
12 5 125
12 6 251
12 7 107
12 8 21
12 9 39
12 10 93
12 11 88
13 0 66
13 1 55
13 2 281
13 3 157
13 4 191
13 5 275
13 6 217
13 7 123
13 8 289
13 9 40
13 10 282
13 11 226
13 12 265
14 0 200
14 1 208
14 2 211
14 3 60
14 4 301
14 5 221
14 6 316
14 7 137
14 8 297
14 9 92
14 10 210
14 11 299
14 12 147
14 13 261
15 0 315
15 1 267
15 2 313
15 3 23
15 4 119
15 5 76
15 6 230
15 7 308
15 8 299
15 9 23
15 10 144
15 11 108
15 12 234
15 13 296
15 14 29
16 0 8
16 1 111
16 2 195
16 3 196
16 4 126
16 5 21
16 6 108
16 7 2
16 8 303
16 9 282
16 10 227
16 11 89
16 12 251
16 13 12
16 14 289
16 15 239
17 0 317
17 1 298
17 2 260
17 3 23
17 4 61
17 5 159
17 6 307
17 7 266
17 8 292
17 9 135
17 10 144
17 11 176
17 12 151
17 13 269
17 14 112
17 15 157
17 16 161
18 0 101
18 1 50
18 2 207
18 3 118
18 4 94
18 5 99
18 6 224
18 7 19
18 8 100
18 9 293
18 10 300
18 11 107
18 12 210
18 13 27
18 14 102
18 15 66
18 16 84
18 17 196
19 0 84
19 1 3
19 2 7
19 3 272
19 4 255
19 5 211
19 6 259
19 7 8
19 8 50
19 9 276
19 10 295
19 11 122
19 12 311
19 13 114
19 14 222
19 15 264
19 16 200
19 17 144
19 18 150
20 0 5
20 1 140
20 2 151
20 3 96
20 4 26
20 5 238
20 6 267
20 7 293
20 8 111
20 9 4
20 10 277
20 11 291
20 12 260
20 13 192
20 14 204
20 15 62
20 16 75
20 17 246
20 18 122
20 19 43
21 0 16
21 1 18
21 2 83
21 3 294
21 4 172
21 5 50
21 6 185
21 7 29
21 8 287
21 9 273
21 10 227
21 11 100
21 12 51
21 13 228
21 14 101
21 15 239
21 16 46
21 17 173
21 18 196
21 19 205
21 20 265
22 0 269
22 1 252
22 2 6
22 3 281
22 4 237
22 5 269
22 6 176
22 7 56
22 8 56
22 9 126
22 10 5
22 11 198
22 12 78
22 13 94
22 14 287
22 15 176
22 16 15
22 17 12
22 18 18
22 19 155
22 20 141
22 21 105
23 0 169
23 1 44
23 2 158
23 3 103
23 4 271
23 5 271
23 6 185
23 7 107
23 8 162
23 9 268
23 10 125
23 11 38
23 12 123
23 13 15
23 14 112
23 15 301
23 16 99
23 17 122
23 18 43
23 19 18
23 20 20
23 21 193
23 22 105
24 0 122
24 1 153
24 2 88
24 3 137
24 4 121
24 5 154
24 6 141
24 7 227
24 8 160
24 9 65
24 10 305
24 11 206
24 12 227
24 13 154
24 14 208
24 15 293
24 16 287
24 17 134
24 18 241
24 19 79
24 20 72
24 21 273
24 22 83
24 23 161
25 0 232
25 1 254
25 2 39
25 3 271
25 4 221
25 5 91
25 6 169
25 7 295
25 8 202
25 9 70
25 10 193
25 11 90
25 12 294
25 13 2
25 14 83
25 15 190
25 16 106
25 17 76
25 18 36
25 19 99
25 20 37
25 21 202
25 22 202
25 23 267
25 24 110
26 0 303
26 1 305
26 2 125
26 3 194
26 4 226
26 5 14
26 6 32
26 7 115
26 8 262
26 9 37
26 10 6
26 11 151
26 12 158
26 13 160
26 14 23
26 15 242
26 16 12
26 17 115
26 18 58
26 19 185
26 20 136
26 21 316
26 22 17
26 23 246
26 24 233
26 25 170
27 0 112
27 1 158
27 2 251
27 3 126
27 4 77
27 5 249
27 6 225
27 7 220
27 8 190
27 9 259
27 10 31
27 11 140
27 12 86
27 13 90
27 14 38
27 15 147
27 16 81
27 17 111
27 18 226
27 19 32
27 20 207
27 21 310
27 22 195
27 23 69
27 24 227
27 25 240
27 26 28
28 0 41
28 1 155
28 2 152
28 3 124
28 4 146
28 5 230
28 6 2
28 7 112
28 8 315
28 9 22
28 10 82
28 11 249
28 12 5
28 13 270
28 14 105
28 15 139
28 16 282
28 17 244
28 18 38
28 19 235
28 20 165
28 21 148
28 22 299
28 23 179
28 24 97
28 25 241
28 26 287
28 27 249
29 0 187
29 1 274
29 2 78
29 3 102
29 4 173
29 5 35
29 6 244
29 7 301
29 8 110
29 9 283
29 10 305
29 11 13
29 12 247
29 13 222
29 14 223
29 15 40
29 16 222
29 17 236
29 18 160
29 19 258
29 20 45
29 21 122
29 22 188
29 23 138
29 24 265
29 25 87
29 26 137
29 27 227
29 28 117
30 0 43
30 1 153
30 2 307
30 3 173
30 4 138
30 5 53
30 6 260
30 7 116
30 8 129
30 9 154
30 10 174
30 11 256
30 12 77
30 13 211
30 14 98
30 15 123
30 16 108
30 17 254
30 18 309
30 19 29
30 20 288
30 21 137
30 22 116
30 23 63
30 24 118
30 25 127
30 26 32
30 27 8
30 28 140
30 29 166
31 0 77
31 1 241
31 2 188
31 3 284
31 4 174
31 5 231
31 6 148
31 7 269
31 8 14
31 9 288
31 10 153
31 11 299
31 12 57
31 13 146
31 14 158
31 15 124
31 16 230
31 17 190
31 18 150
31 19 293
31 20 69
31 21 27
31 22 118
31 23 282
31 24 241
31 25 51
31 26 263
31 27 55
31 28 54
31 29 232
31 30 74
32 0 89
32 1 24
32 2 9
32 3 115
32 4 133
32 5 99
32 6 73
32 7 196
32 8 226
32 9 215
32 10 173
32 11 164
32 12 249
32 13 21
32 14 286
32 15 30
32 16 82
32 17 127
32 18 76
32 19 68
32 20 4
32 21 279
32 22 312
32 23 8
32 24 63
32 25 161
32 26 55
32 27 29
32 28 107
32 29 1
32 30 143
32 31 277
33 0 26
33 1 119
33 2 246
33 3 177
33 4 127
33 5 267
33 6 173
33 7 185
33 8 73
33 9 304
33 10 214
33 11 45
33 12 300
33 13 21
33 14 175
33 15 197
33 16 39
33 17 127
33 18 34
33 19 242
33 20 170
33 21 138
33 22 127
33 23 314
33 24 62
33 25 142
33 26 104
33 27 62
33 28 10
33 29 101
33 30 165
33 31 285
33 32 161
34 0 300
34 1 150
34 2 174
34 3 37
34 4 280
34 5 133
34 6 158
34 7 256
34 8 41
34 9 175
34 10 276
34 11 161
34 12 30
34 13 192
34 14 59
34 15 162
34 16 41
34 17 280
34 18 242
34 19 98
34 20 90
34 21 68
34 22 320
34 23 23
34 24 31
34 25 175
34 26 72
34 27 8
34 28 181
34 29 306
34 30 195
34 31 75
34 32 202
34 33 143
35 0 119
35 1 220
35 2 260
35 3 255
35 4 110
35 5 210
35 6 276
35 7 81
35 8 146
35 9 205
35 10 164
35 11 290
35 12 279
35 13 158
35 14 239
35 15 313
35 16 240
35 17 153
35 18 40
35 19 135
35 20 286
35 21 104
35 22 31
35 23 168
35 24 237
35 25 196
35 26 121
35 27 136
35 28 149
35 29 313
35 30 247
35 31 239
35 32 53
35 33 320
35 34 8
36 0 232
36 1 119
36 2 248
36 3 197
36 4 179
36 5 121
36 6 161
36 7 178
36 8 285
36 9 36
36 10 205
36 11 188
36 12 177
36 13 176
36 14 127
36 15 122
36 16 25
36 17 298
36 18 204
36 19 191
36 20 193
36 21 63
36 22 167
36 23 301
36 24 28
36 25 151
36 26 117
36 27 174
36 28 17
36 29 169
36 30 190
36 31 98
36 32 75
36 33 152
36 34 249
36 35 24
37 0 276
37 1 54
37 2 39
37 3 230
37 4 144
37 5 29
37 6 279
37 7 173
37 8 98
37 9 211
37 10 167
37 11 185
37 12 58
37 13 78
37 14 257
37 15 212
37 16 223
37 17 104
37 18 264
37 19 131
37 20 176
37 21 193
37 22 274
37 23 129
37 24 190
37 25 308
37 26 184
37 27 91
37 28 87
37 29 199
37 30 272
37 31 174
37 32 20
37 33 277
37 34 106
37 35 54
37 36 275
38 0 55
38 1 129
38 2 153
38 3 146
38 4 216
38 5 108
38 6 248
38 7 190
38 8 74
38 9 198
38 10 222
38 11 60
38 12 180
38 13 269
38 14 103
38 15 237
38 16 64
38 17 205
38 18 156
38 19 12
38 20 84
38 21 171
38 22 257
38 23 189
38 24 80
38 25 204
38 26 116
38 27 161
38 28 128
38 29 211
38 30 52
38 31 222
38 32 91
38 33 204
38 34 207
38 35 197
38 36 221
38 37 82
39 0 308
39 1 300
39 2 313
39 3 256
39 4 261
39 5 267
39 6 143
39 7 12
39 8 319
39 9 270
39 10 126
39 11 178
39 12 4
39 13 135
39 14 296
39 15 137
39 16 112
39 17 212
39 18 217
39 19 48
39 20 96
39 21 269
39 22 3
39 23 79
39 24 139
39 25 227
39 26 111
39 27 22
39 28 28
39 29 225
39 30 227
39 31 167
39 32 152
39 33 164
39 34 205
39 35 284
39 36 94
39 37 220
39 38 5
40 0 303
40 1 301
40 2 58
40 3 156
40 4 316
40 5 220
40 6 9
40 7 180
40 8 164
40 9 143
40 10 187
40 11 164
40 12 216
40 13 311
40 14 315
40 15 207
40 16 239
40 17 197
40 18 248
40 19 210
40 20 62
40 21 11
40 22 273
40 23 16
40 24 37
40 25 122
40 26 61
40 27 278
40 28 46
40 29 302
40 30 314
40 31 73
40 32 22
40 33 83
40 34 42
40 35 121
40 36 247
40 37 39
40 38 102
40 39 95
41 0 73
41 1 23
41 2 316
41 3 15
41 4 218
41 5 76
41 6 314
41 7 120
41 8 72
41 9 204
41 10 243
41 11 100
41 12 134
41 13 101
41 14 104
41 15 239
41 16 214
41 17 290
41 18 107
41 19 67
41 20 149
41 21 169
41 22 16
41 23 117
41 24 247
41 25 18
41 26 11
41 27 308
41 28 34
41 29 70
41 30 264
41 31 57
41 32 38
41 33 15
41 34 299
41 35 217
41 36 232
41 37 198
41 38 296
41 39 253
41 40 26
42 0 43
42 1 143
42 2 195
42 3 309
42 4 246
42 5 127
42 6 308
42 7 116
42 8 267
42 9 220
42 10 161
42 11 94
42 12 54
42 13 73
42 14 138
42 15 65
42 16 273
42 17 31
42 18 170
42 19 147
42 20 192
42 21 17
42 22 185
42 23 234
42 24 149
42 25 266
42 26 96
42 27 114
42 28 220
42 29 279
42 30 131
42 31 301
42 32 273
42 33 141
42 34 142
42 35 247
42 36 207
42 37 92
42 38 123
42 39 268
42 40 290
42 41 95
43 0 98
43 1 164
43 2 241
43 3 245
43 4 181
43 5 64
43 6 312
43 7 94
43 8 63
43 9 150
43 10 1
43 11 129
43 12 196
43 13 167
43 14 24
43 15 108
43 16 232
43 17 8
43 18 159
43 19 236
43 20 30
43 21 183
43 22 19
43 23 23
43 24 234
43 25 128
43 26 6
43 27 17
43 28 206
43 29 30
43 30 77
43 31 130
43 32 91
43 33 116
43 34 107
43 35 231
43 36 141
43 37 58
43 38 312
43 39 92
43 40 88
43 41 273
43 42 217
44 0 20
44 1 168
44 2 247
44 3 225
44 4 85
44 5 25
44 6 314
44 7 306
44 8 65
44 9 140
44 10 250
44 11 300
44 12 96
44 13 256
44 14 304
44 15 57
44 16 156
44 17 229
44 18 132
44 19 231
44 20 119
44 21 200
44 22 109
44 23 175
44 24 283
44 25 220
44 26 24
44 27 10
44 28 102
44 29 228
44 30 101
44 31 259
44 32 294
44 33 38
44 34 152
44 35 211
44 36 156
44 37 66
44 38 63
44 39 87
44 40 203
44 41 63
44 42 105
44 43 5
45 0 202
45 1 258
45 2 307
45 3 15
45 4 15
45 5 104
45 6 77
45 7 135
45 8 180
45 9 139
45 10 36
45 11 2
45 12 212
45 13 88
45 14 65
45 15 114
45 16 38
45 17 151
45 18 145
45 19 294
45 20 149
45 21 46
45 22 85
45 23 41
45 24 272
45 25 27
45 26 81
45 27 103
45 28 309
45 29 213
45 30 268
45 31 173
45 32 1
45 33 43
45 34 99
45 35 190
45 36 237
45 37 112
45 38 37
45 39 2
45 40 88
45 41 52
45 42 130
45 43 229
45 44 2
46 0 300
46 1 64
46 2 192
46 3 264
46 4 308
46 5 211
46 6 83
46 7 226
46 8 228
46 9 100
46 10 189
46 11 21
46 12 74
46 13 84
46 14 27
46 15 203
46 16 38
46 17 218
46 18 293
46 19 229
46 20 259
46 21 43
46 22 70
46 23 13
46 24 76
46 25 180
46 26 40
46 27 200
46 28 317
46 29 301
46 30 151
46 31 95
46 32 185
46 33 294
46 34 84
46 35 279
46 36 136
46 37 10
46 38 77
46 39 20
46 40 224
46 41 71
46 42 74
46 43 204
46 44 32
46 45 245
47 0 11
47 1 146
47 2 57
47 3 291
47 4 29
47 5 103
47 6 287
47 7 231
47 8 58
47 9 254
47 10 127
47 11 1
47 12 266
47 13 148
47 14 79
47 15 99
47 16 89
47 17 89
47 18 211
47 19 107
47 20 29
47 21 289
47 22 113
47 23 91
47 24 263
47 25 88
47 26 50
47 27 305
47 28 104
47 29 238
47 30 157
47 31 206
47 32 175
47 33 179
47 34 83
47 35 49
47 36 309
47 37 171
47 38 292
47 39 137
47 40 318
47 41 37
47 42 197
47 43 211
47 44 317
47 45 90
47 46 260
48 0 287
48 1 238
48 2 298
48 3 200
48 4 143
48 5 158
48 6 220
48 7 283
48 8 204
48 9 294
48 10 102
48 11 228
48 12 231
48 13 215
48 14 53
48 15 307
48 16 5
48 17 102
48 18 87
48 19 301
48 20 164
48 21 258
48 22 46
48 23 72
48 24 184
48 25 265
48 26 101
48 27 149
48 28 148
48 29 217
48 30 40
48 31 166
48 32 253
48 33 157
48 34 129
48 35 99
48 36 63
48 37 302
48 38 1
48 39 72
48 40 237
48 41 260
48 42 97
48 43 313
48 44 288
48 45 312
48 46 56
48 47 73
49 0 49
49 1 240
49 2 10
49 3 128
49 4 156
49 5 207
49 6 291
49 7 150
49 8 117
49 9 298
49 10 251
49 11 225
49 12 306
49 13 188
49 14 153
49 15 182
49 16 217
49 17 180
49 18 292
49 19 105
49 20 115
49 21 125
49 22 182
49 23 12
49 24 184
49 25 180
49 26 123
49 27 306
49 28 298
49 29 87
49 30 148
49 31 185
49 32 123
49 33 120
49 34 97
49 35 255
49 36 276
49 37 221
49 38 153
49 39 304
49 40 251
49 41 6
49 42 291
49 43 218
49 44 68
49 45 140
49 46 63
49 47 298
49 48 240
50 0 265
50 1 204
50 2 157
50 3 148
50 4 208
50 5 299
50 6 277
50 7 114
50 8 127
50 9 211
50 10 144
50 11 76
50 12 101
50 13 5
50 14 85
50 15 319
50 16 80
50 17 151
50 18 224
50 19 202
50 20 234
50 21 89
50 22 12
50 23 160
50 24 221
50 25 315
50 26 239
50 27 230
50 28 122
50 29 125
50 30 241
50 31 198
50 32 123
50 33 207
50 34 70
50 35 219
50 36 264
50 37 125
50 38 166
50 39 140
50 40 44
50 41 28
50 42 148
50 43 35
50 44 3
50 45 15
50 46 297
50 47 49
50 48 120
50 49 241
51 0 152
51 1 283
51 2 172
51 3 141
51 4 190
51 5 251
51 6 267
51 7 32
51 8 212
51 9 98
51 10 131
51 11 111
51 12 244
51 13 70
51 14 314
51 15 252
51 16 297
51 17 245
51 18 230
51 19 281
51 20 160
51 21 71
51 22 189
51 23 122
51 24 194
51 25 202
51 26 251
51 27 287
51 28 316
51 29 251
51 30 26
51 31 33
51 32 224
51 33 236
51 34 89
51 35 221
51 36 116
51 37 128
51 38 10
51 39 24
51 40 319
51 41 13
51 42 242
51 43 138
51 44 216
51 45 227
51 46 127
51 47 191
51 48 148
51 49 292
51 50 68
52 0 284
52 1 128
52 2 23
52 3 307
52 4 297
52 5 163
52 6 186
52 7 9
52 8 297
52 9 18
52 10 162
52 11 148
52 12 39
52 13 184
52 14 68
52 15 294
52 16 84
52 17 121
52 18 168
52 19 307
52 20 109
52 21 173
52 22 42
52 23 99
52 24 316
52 25 193
52 26 122
52 27 280
52 28 66
52 29 153
52 30 224
52 31 226
52 32 120
52 33 98
52 34 66
52 35 81
52 36 219
52 37 73
52 38 108
52 39 153
52 40 143
52 41 111
52 42 165
52 43 242
52 44 307
52 45 102
52 46 54
52 47 201
52 48 259
52 49 122
52 50 207
52 51 259
53 0 274
53 1 227
53 2 271
53 3 3
53 4 82
53 5 146
53 6 184
53 7 162
53 8 84
53 9 275
53 10 316
53 11 160
53 12 211
53 13 65
53 14 195
53 15 221
53 16 28
53 17 205
53 18 247
53 19 203
53 20 192
53 21 23
53 22 163
53 23 244
53 24 69
53 25 187
53 26 60
53 27 63
53 28 94
53 29 67
53 30 154
53 31 216
53 32 3
53 33 304
53 34 130
53 35 84
53 36 87
53 37 116
53 38 181
53 39 208
53 40 259
53 41 40
53 42 260
53 43 66
53 44 107
53 45 125
53 46 301
53 47 32
53 48 307
53 49 276
53 50 59
53 51 50
53 52 91
54 0 275
54 1 186
54 2 81
54 3 276
54 4 275
54 5 159
54 6 134
54 7 292
54 8 71
54 9 274
54 10 313
54 11 172
54 12 47
54 13 288
54 14 110
54 15 245
54 16 15
54 17 158
54 18 109
54 19 67
54 20 266
54 21 100
54 22 53
54 23 55
54 24 282
54 25 141
54 26 109
54 27 134
54 28 207
54 29 57
54 30 92
54 31 17
54 32 50
54 33 43
54 34 117
54 35 43
54 36 278
54 37 276
54 38 167
54 39 318
54 40 220
54 41 207
54 42 275
54 43 132
54 44 9
54 45 59
54 46 257
54 47 27
54 48 85
54 49 79
54 50 218
54 51 16
54 52 314
54 53 197
55 0 269
55 1 8
55 2 259
55 3 266
55 4 221
55 5 248
55 6 256
55 7 189
55 8 76
55 9 5
55 10 198
55 11 248
55 12 8
55 13 142
55 14 319
55 15 160
55 16 179
55 17 288
55 18 66
55 19 210
55 20 189
55 21 245
55 22 184
55 23 254
55 24 280
55 25 28
55 26 64
55 27 124
55 28 83
55 29 15
55 30 139
55 31 241
55 32 74
55 33 239
55 34 268
55 35 75
55 36 86
55 37 145
55 38 185
55 39 123
55 40 196
55 41 242
55 42 176
55 43 78
55 44 108
55 45 91
55 46 215
55 47 317
55 48 265
55 49 300
55 50 34
55 51 172
55 52 316
55 53 251
55 54 135
56 0 272
56 1 281
56 2 18
56 3 275
56 4 13
56 5 177
56 6 303
56 7 96
56 8 182
56 9 88
56 10 26
56 11 180
56 12 19
56 13 138
56 14 282
56 15 31
56 16 179
56 17 257
56 18 74
56 19 89
56 20 92
56 21 2
56 22 44
56 23 253
56 24 54
56 25 82
56 26 87
56 27 273
56 28 223
56 29 257
56 30 197
56 31 84
56 32 307
56 33 202
56 34 192
56 35 159
56 36 262
56 37 108
56 38 141
56 39 114
56 40 200
56 41 81
56 42 186
56 43 295
56 44 296
56 45 59
56 46 129
56 47 236
56 48 18
56 49 127
56 50 217
56 51 183
56 52 191
56 53 231
56 54 120
56 55 37
57 0 13
57 1 267
57 2 261
57 3 145
57 4 61
57 5 45
57 6 90
57 7 87
57 8 39
57 9 271
57 10 178
57 11 2
57 12 229
57 13 28
57 14 21
57 15 145
57 16 33
57 17 66
57 18 162
57 19 189
57 20 181
57 21 186
57 22 62
57 23 178
57 24 214
57 25 190
57 26 166
57 27 18
57 28 222
57 29 190
57 30 56
57 31 218
57 32 221
57 33 320
57 34 49
57 35 278
57 36 208
57 37 276
57 38 185
57 39 157
57 40 208
57 41 176
57 42 291
57 43 106
57 44 2
57 45 122
57 46 34
57 47 292
57 48 227
57 49 103
57 50 234
57 51 132
57 52 232
57 53 45
57 54 50
57 55 219
57 56 302
58 0 189
58 1 86
58 2 193
58 3 272
58 4 171
58 5 133
58 6 66
58 7 59
58 8 16
58 9 138
58 10 130
58 11 52
58 12 317
58 13 317
58 14 77
58 15 17
58 16 153
58 17 221
58 18 282
58 19 57
58 20 102
58 21 165
58 22 303
58 23 191
58 24 117
58 25 211
58 26 249
58 27 23
58 28 78
58 29 262
58 30 237
58 31 28
58 32 5
58 33 144
58 34 239
58 35 313
58 36 214
58 37 190
58 38 157
58 39 152
58 40 179
58 41 89
58 42 47
58 43 65
58 44 37
58 45 188
58 46 171
58 47 308
58 48 155
58 49 280
58 50 294
58 51 258
58 52 292
58 53 259
58 54 15
58 55 78
58 56 21
58 57 38
59 0 14
59 1 34
59 2 175
59 3 86
59 4 74
59 5 281
59 6 97
59 7 152
59 8 28
59 9 177
59 10 242
59 11 230
59 12 265
59 13 98
59 14 246
59 15 225
59 16 107
59 17 168
59 18 259
59 19 297
59 20 153
59 21 8
59 22 304
59 23 98
59 24 315
59 25 155
59 26 163
59 27 311
59 28 132
59 29 124
59 30 170
59 31 87
59 32 302
59 33 20
59 34 121
59 35 10
59 36 308
59 37 180
59 38 41
59 39 187
59 40 225
59 41 163
59 42 185
59 43 74
59 44 132
59 45 41
59 46 320
59 47 320
59 48 252
59 49 23
59 50 6
59 51 316
59 52 218
59 53 263
59 54 61
59 55 187
59 56 92
59 57 230
59 58 59
