60
1 0 19
2 0 19
2 1 2
3 0 9
3 1 7
3 2 10
4 0 15
4 1 1
4 3 11
5 0 16
5 1 4
5 2 13
5 3 2
5 4 18
6 0 12
6 1 17
6 2 7
6 3 19
6 4 18
6 5 13
7 0 10
7 1 12
7 2 10
7 3 16
7 4 17
7 5 8
7 6 18
8 0 1
8 1 7
8 2 3
8 3 14
8 4 14
8 5 13
8 6 10
8 7 9
9 0 19
9 1 16
9 2 3
9 3 8
9 4 2
9 5 11
9 6 6
9 8 7
10 0 17
10 1 15
10 2 5
10 3 7
10 4 17
10 5 9
10 6 4
10 7 5
10 8 3
10 9 2
11 0 19
11 1 7
11 2 14
11 3 4
11 4 19
11 5 12
11 6 14
11 7 19
11 8 18
11 9 7
11 10 12
12 0 12
12 3 15
12 4 4
12 5 20
12 6 20
12 7 5
12 8 12
12 9 9
12 10 14
13 0 8
13 1 10
13 2 12
13 3 11
13 5 7
13 6 7
13 7 14
13 8 14
13 9 7
13 10 1
13 11 9
13 12 20
14 0 9
14 1 5
14 2 19
14 4 8
14 5 4
14 6 1
14 7 15
14 8 4
14 12 15
14 13 3
15 0 6
15 1 3
15 2 19
15 3 6
15 4 18
15 5 15
15 6 18
15 7 1
15 8 14
15 9 9
15 10 20
15 11 14
15 12 16
15 13 8
15 14 15
16 0 20
16 2 18
16 3 13
16 4 9
16 5 2
16 6 17
16 7 17
16 9 13
16 11 7
16 12 16
16 14 7
16 15 18
17 0 14
17 1 11
17 3 1
17 4 13
17 5 1
17 6 19
17 7 7
17 8 12
17 9 18
17 10 8
17 11 19
17 12 9
17 13 9
17 14 9
17 15 6
18 0 4
18 3 5
18 4 5
18 5 3
18 6 4
18 7 16
18 8 3
18 9 2
18 10 19
18 11 18
18 12 15
18 13 3
18 14 14
18 15 6
18 16 8
18 17 15
19 0 4
19 1 9
19 2 5
19 3 10
19 4 11
19 6 4
19 7 2
19 8 14
19 9 17
19 10 4
19 11 4
19 13 14
19 14 2
19 15 11
19 16 1
19 17 18
19 18 18
20 0 17
20 1 1
20 3 7
20 4 2
20 5 11
20 6 17
20 7 11
20 8 12
20 9 20
20 10 19
20 11 14
20 12 11
20 13 4
20 14 9
20 15 17
20 16 15
20 17 8
20 18 10
20 19 20
21 0 6
21 1 20
21 2 4
21 3 1
21 4 8
21 5 16
21 6 19
21 7 7
21 8 5
21 9 1
21 10 12
21 11 11
21 12 5
21 13 3
21 14 12
21 15 1
21 17 3
21 18 8
21 19 7
21 20 7
22 0 10
22 1 1
22 2 15
22 3 19
22 4 20
22 5 19
22 6 17
22 9 12
22 10 19
22 11 3
22 12 20
22 13 6
22 14 5
22 15 5
22 16 13
22 18 9
22 19 9
22 20 13
22 21 15
23 0 6
23 1 20
23 2 14
23 3 15
23 4 1
23 5 5
23 6 10
23 7 6
23 8 4
23 9 1
23 10 15
23 11 13
23 12 6
23 13 9
23 14 3
23 15 18
23 16 10
23 17 7
23 19 14
23 20 7
23 21 15
23 22 17
24 0 15
24 1 15
24 3 20
24 4 2
24 5 2
24 6 17
24 7 17
24 8 7
24 9 5
24 10 8
24 11 20
24 12 4
24 13 6
24 15 3
24 16 19
24 17 11
24 18 17
24 19 3
24 20 18
24 21 5
24 22 10
24 23 19
25 0 16
25 1 5
25 3 2
25 4 5
25 5 12
25 6 2
25 7 10
25 8 1
25 10 7
25 11 14
25 12 16
25 14 20
25 15 19
25 17 2
25 18 9
25 19 13
25 20 4
25 21 17
25 22 16
25 23 4
25 24 6
26 0 20
26 1 7
26 2 18
26 3 19
26 4 15
26 5 9
26 6 14
26 7 1
26 8 10
26 9 3
26 10 10
26 11 2
26 12 10
26 13 16
26 14 14
26 15 16
26 16 12
26 17 13
26 18 1
26 19 3
26 20 14
26 21 4
26 22 6
26 23 19
26 25 12
27 0 6
27 1 6
27 2 18
27 3 10
27 4 8
27 5 8
27 6 19
27 7 18
27 8 3
27 9 16
27 10 5
27 11 3
27 12 9
27 13 14
27 14 12
27 15 20
27 16 13
27 18 13
27 19 20
27 20 5
27 21 20
27 22 3
27 23 2
27 24 9
27 25 10
27 26 14
28 0 18
28 1 16
28 2 5
28 3 15
28 4 16
28 6 9
28 7 8
28 8 6
28 9 15
28 11 4
28 12 19
28 13 14
28 14 9
28 15 18
28 16 14
28 17 13
28 18 13
28 19 11
28 20 16
28 21 14
28 22 1
28 23 6
28 24 14
28 25 20
28 26 10
28 27 8
29 0 14
29 1 12
29 2 2
29 3 3
29 4 16
29 6 20
29 7 13
29 9 15
29 10 9
29 11 10
29 12 19
29 13 6
29 14 6
29 15 11
29 16 13
29 17 4
29 18 5
29 20 1
29 22 5
29 23 16
29 24 16
29 25 7
29 26 11
29 27 17
29 28 2
30 0 3
30 2 10
30 3 12
30 4 3
30 5 9
30 6 14
30 8 11
30 9 11
30 10 6
30 11 13
30 12 2
30 14 19
30 15 15
30 16 3
30 17 4
30 18 2
30 19 15
30 20 12
30 21 4
30 22 8
30 24 12
30 25 16
30 26 10
30 28 14
30 29 15
31 1 5
31 2 1
31 3 7
31 4 6
31 5 16
31 6 3
31 10 11
31 11 12
31 13 13
31 14 13
31 17 12
31 18 19
31 19 10
31 20 8
31 21 2
31 22 15
31 23 17
31 24 11
31 25 5
31 26 6
31 27 15
31 28 8
31 29 7
31 30 11
32 1 17
32 2 20
32 3 8
32 4 10
32 5 20
32 8 18
32 9 10
32 10 13
32 11 4
32 12 6
32 13 10
32 14 5
32 16 17
32 17 3
32 18 8
32 19 10
32 20 7
32 23 13
32 25 10
32 26 15
32 27 16
32 28 5
32 29 12
32 30 10
33 0 20
33 1 3
33 2 1
33 3 12
33 4 16
33 5 8
33 6 5
33 7 7
33 9 16
33 10 12
33 11 10
33 12 13
33 13 17
33 15 19
33 16 6
33 17 4
33 18 14
33 19 1
33 20 7
33 21 11
33 22 15
33 23 11
33 24 11
33 25 10
33 26 9
33 27 16
33 28 15
33 29 7
33 30 11
33 31 19
33 32 11
34 0 15
34 1 1
34 2 14
34 3 7
34 4 4
34 5 13
34 6 8
34 7 12
34 9 15
34 10 17
34 11 1
34 12 13
34 13 3
34 14 14
34 16 18
34 17 5
34 18 1
34 19 19
34 20 17
34 21 13
34 22 4
34 23 7
34 24 13
34 25 19
34 26 3
34 27 16
34 28 9
34 29 2
34 31 16
34 32 8
35 0 1
35 1 19
35 2 6
35 5 8
35 6 13
35 7 4
35 8 1
35 9 8
35 10 10
35 11 1
35 13 16
35 14 2
35 15 4
35 16 1
35 17 8
35 18 15
35 19 5
35 20 3
35 21 6
35 23 8
35 24 20
35 25 15
35 26 13
35 27 5
35 28 17
35 29 10
35 31 9
35 33 5
35 34 5
36 0 17
36 1 7
36 2 15
36 3 8
36 4 12
36 5 11
36 7 8
36 8 15
36 9 13
36 10 17
36 11 10
36 12 13
36 13 2
36 14 1
36 15 19
36 17 16
36 18 20
36 19 16
36 20 6
36 21 6
36 22 12
36 23 15
36 24 6
36 25 17
36 26 12
36 27 7
36 28 6
36 29 5
36 30 6
36 31 18
36 32 10
36 33 13
36 34 18
36 35 18
37 0 2
37 1 4
37 2 6
37 3 13
37 4 10
37 5 14
37 6 5
37 7 1
37 8 7
37 9 1
37 10 7
37 12 17
37 13 18
37 14 6
37 16 6
37 17 6
37 18 19
37 19 1
37 20 12
37 21 1
37 22 11
37 23 3
37 24 5
37 25 3
37 26 20
37 27 16
37 28 1
37 29 11
37 30 12
37 31 16
37 32 13
37 33 3
37 34 7
37 35 2
37 36 15
38 0 16
38 1 1
38 2 4
38 3 19
38 4 6
38 5 14
38 6 1
38 7 13
38 8 10
38 9 9
38 10 8
38 11 8
38 12 13
38 14 6
38 15 19
38 16 6
38 17 15
38 18 12
38 19 13
38 20 16
38 21 4
38 23 19
38 24 3
38 25 9
38 26 7
38 27 6
38 28 7
38 29 17
38 30 8
38 31 15
38 32 4
38 33 17
38 34 13
38 35 3
38 36 20
38 37 12
39 0 14
39 1 9
39 2 1
39 3 9
39 4 14
39 5 8
39 6 12
39 7 5
39 8 7
39 9 8
39 10 5
39 11 3
39 12 14
39 13 16
39 14 3
39 15 1
39 18 6
39 19 20
39 20 12
39 21 19
39 22 18
39 23 6
39 24 19
39 25 19
39 26 2
39 27 7
39 28 13
39 29 5
39 30 5
39 31 10
39 35 13
39 36 10
39 37 6
39 38 2
40 0 11
40 2 10
40 3 4
40 4 8
40 5 12
40 6 16
40 7 7
40 8 4
40 9 3
40 10 8
40 11 15
40 12 12
40 13 13
40 14 15
40 15 7
40 17 7
40 19 5
40 21 1
40 22 16
40 23 2
40 24 19
40 25 6
40 26 6
40 27 14
40 28 20
40 29 13
40 30 8
40 31 2
40 32 9
40 33 10
40 34 7
40 35 6
40 36 13
40 37 16
40 39 11
41 0 20
41 2 1
41 3 1
41 4 14
41 5 10
41 6 17
41 7 1
41 8 3
41 9 3
41 10 19
41 11 6
41 13 8
41 15 20
41 16 17
41 17 1
41 18 16
41 19 16
41 20 3
41 21 2
41 23 16
41 24 6
41 25 7
41 26 12
41 27 4
41 28 17
41 29 9
41 30 20
41 31 5
41 32 11
41 33 14
41 34 1
41 35 5
41 37 1
41 38 7
41 39 7
41 40 3
42 0 3
42 2 11
42 3 3
42 4 16
42 8 2
42 9 6
42 10 16
42 11 2
42 12 4
42 13 19
42 14 14
42 16 6
42 17 5
42 18 4
42 19 11
42 20 19
42 21 3
42 22 2
42 23 14
42 24 12
42 25 10
42 26 8
42 27 1
42 28 8
42 29 15
42 30 13
42 32 10
42 33 9
42 34 18
42 35 16
42 37 14
42 38 1
42 39 10
42 40 4
42 41 5
43 0 13
43 1 12
43 2 3
43 3 18
43 4 11
43 5 6
43 6 18
43 7 6
43 8 11
43 9 5
43 10 8
43 11 1
43 12 18
43 14 14
43 15 5
43 16 16
43 17 1
43 18 2
43 19 5
43 20 14
43 21 11
43 22 15
43 23 9
43 25 2
43 26 11
43 27 1
43 28 17
43 29 4
43 30 15
43 31 19
43 32 20
43 33 12
43 34 12
43 35 19
43 36 18
43 37 3
43 39 1
43 40 10
43 41 20
43 42 11
44 0 19
44 1 7
44 2 20
44 4 12
44 5 17
44 6 2
44 7 15
44 8 3
44 9 18
44 10 1
44 12 19
44 13 8
44 14 13
44 15 17
44 16 6
44 17 16
44 18 16
44 19 4
44 20 20
44 22 13
44 23 18
44 24 2
44 25 1
44 26 6
44 27 8
44 28 19
44 30 19
44 32 12
44 33 8
44 34 13
44 35 3
44 36 5
44 37 16
44 38 3
44 39 8
44 40 6
44 42 1
44 43 10
45 0 14
45 1 11
45 2 7
45 3 4
45 4 7
45 5 3
45 6 15
45 7 12
45 8 14
45 9 18
45 10 19
45 11 4
45 12 15
45 13 6
45 14 16
45 15 4
45 16 18
45 17 14
45 18 11
45 20 16
45 21 10
45 23 5
45 24 20
45 25 13
45 26 16
45 27 11
45 28 1
45 29 12
45 31 4
45 32 10
45 33 10
45 34 19
45 35 14
45 36 4
45 37 4
45 38 8
45 39 2
45 40 3
45 41 8
45 42 19
45 43 20
45 44 15
46 0 6
46 1 20
46 2 12
46 3 18
46 4 1
46 5 14
46 6 16
46 7 15
46 8 1
46 9 6
46 10 19
46 12 1
46 13 11
46 14 8
46 15 12
46 17 2
46 18 10
46 19 3
46 20 19
46 21 18
46 22 4
46 23 4
46 25 17
46 26 9
46 28 19
46 29 1
46 30 4
46 31 7
46 32 7
46 33 7
46 34 11
46 35 8
46 36 8
46 37 8
46 38 16
46 39 2
46 41 17
46 43 15
46 45 20
47 0 3
47 1 20
47 2 7
47 4 3
47 5 9
47 6 13
47 7 5
47 8 15
47 9 13
47 10 15
47 11 7
47 12 17
47 13 4
47 14 16
47 15 4
47 16 6
47 17 11
47 18 6
47 19 12
47 20 6
47 21 2
47 22 1
47 23 2
47 24 6
47 26 15
47 27 16
47 28 17
47 29 20
47 30 16
47 31 5
47 32 5
47 33 6
47 35 17
47 36 8
47 37 12
47 38 17
47 39 8
47 40 20
47 43 17
47 44 14
47 45 12
47 46 14
48 0 15
48 1 4
48 2 17
48 3 20
48 5 17
48 6 20
48 7 18
48 8 8
48 9 20
48 10 10
48 11 11
48 13 13
48 14 14
48 15 1
48 16 5
48 17 2
48 18 10
48 19 11
48 20 14
48 21 8
48 22 4
48 23 12
48 24 12
48 25 3
48 26 6
48 27 8
48 29 2
48 30 14
48 32 14
48 33 17
48 34 1
48 35 6
48 37 2
48 38 11
48 39 5
48 40 16
48 41 6
48 42 14
48 43 17
48 44 12
48 45 4
48 46 9
48 47 13
49 0 2
49 1 4
49 2 14
49 3 1
49 4 2
49 5 13
49 6 7
49 7 15
49 8 16
49 9 7
49 10 4
49 11 10
49 12 1
49 13 13
49 14 19
49 16 2
49 17 18
49 18 16
49 19 16
49 21 17
49 22 14
49 23 1
49 25 17
49 26 13
49 27 12
49 28 16
49 29 10
49 30 2
49 31 9
49 32 18
49 33 2
49 34 17
49 35 12
49 36 15
49 37 15
49 38 5
49 39 19
49 40 13
49 41 1
49 42 17
49 43 1
49 44 19
49 45 1
49 47 3
49 48 11
50 0 6
50 2 17
50 3 18
50 4 18
50 5 20
50 6 2
50 7 13
50 8 4
50 9 4
50 10 12
50 11 5
50 12 17
50 13 8
50 14 11
50 15 8
50 16 11
50 17 19
50 18 7
50 19 10
50 20 6
50 21 10
50 22 2
50 23 9
50 24 5
50 25 17
50 27 18
50 28 8
50 29 15
50 30 10
50 31 18
50 33 10
50 34 9
50 35 8
50 36 14
50 37 4
50 38 6
50 39 1
50 40 16
50 41 14
50 42 10
50 43 5
50 44 2
50 45 11
50 46 1
50 47 11
50 48 1
50 49 5
51 0 18
51 1 5
51 2 4
51 3 10
51 4 2
51 5 17
51 7 16
51 8 2
51 10 8
51 11 9
51 12 3
51 13 1
51 14 16
51 15 14
51 16 7
51 17 17
51 18 15
51 19 11
51 20 11
51 21 12
51 22 14
51 24 4
51 25 13
51 26 7
51 27 13
51 28 18
51 29 18
51 30 1
51 31 2
51 32 10
51 34 14
51 35 12
51 36 12
51 37 6
51 38 8
51 39 5
51 40 12
51 41 9
51 42 14
51 44 10
51 45 18
51 46 6
51 47 19
51 48 8
51 49 16
51 50 11
52 0 5
52 1 2
52 2 4
52 3 18
52 4 18
52 5 15
52 6 10
52 7 15
52 8 8
52 9 2
52 10 17
52 11 16
52 12 17
52 13 9
52 14 2
52 15 10
52 16 11
52 17 11
52 18 10
52 19 13
52 20 17
52 21 17
52 22 4
52 23 4
52 24 13
52 25 16
52 26 10
52 27 8
52 28 5
52 29 19
52 30 9
52 31 17
52 32 10
52 33 6
52 34 6
52 35 9
52 37 10
52 38 16
52 39 11
52 41 9
52 42 19
52 43 13
52 44 13
52 45 19
52 47 18
52 48 18
52 49 6
52 50 15
52 51 16
53 1 5
53 2 19
53 3 17
53 4 6
53 5 18
53 6 10
53 7 20
53 8 18
53 9 2
53 10 4
53 11 17
53 12 7
53 13 20
53 14 5
53 17 1
53 18 10
53 19 4
53 20 9
53 21 5
53 22 6
53 23 20
53 24 13
53 25 17
53 26 18
53 27 3
53 28 9
53 29 15
53 31 1
53 33 16
53 34 9
53 35 7
53 36 15
53 37 10
53 38 9
53 39 18
53 40 16
53 41 11
53 42 4
53 44 18
53 45 8
53 46 16
53 48 9
53 49 6
53 50 18
53 51 15
54 1 9
54 2 2
54 3 10
54 4 4
54 5 6
54 7 3
54 8 15
54 9 11
54 10 9
54 11 16
54 12 14
54 13 10
54 14 18
54 15 7
54 16 6
54 17 15
54 18 17
54 19 20
54 20 11
54 21 14
54 23 3
54 25 12
54 26 15
54 28 2
54 30 17
54 32 6
54 33 10
54 35 19
54 36 11
54 37 18
54 38 14
54 39 15
54 40 4
54 42 9
54 43 19
54 44 15
54 45 9
54 46 3
54 47 12
54 48 17
54 49 1
54 50 2
54 51 12
54 52 3
54 53 13
55 0 18
55 1 10
55 2 20
55 3 1
55 4 17
55 5 10
55 6 15
55 7 10
55 8 4
55 9 17
55 10 4
55 11 6
55 12 17
55 13 17
55 14 2
55 15 10
55 16 1
55 17 9
55 18 2
55 19 14
55 20 9
55 21 19
55 22 13
55 23 7
55 24 7
55 25 5
55 26 19
55 27 8
55 28 18
55 29 4
55 30 10
55 31 8
55 32 3
55 33 16
55 34 18
55 35 13
55 36 7
55 37 11
55 38 11
55 39 6
55 40 4
55 41 14
55 43 14
55 44 19
55 45 20
55 46 20
55 47 8
55 48 16
55 49 11
55 50 7
55 51 3
55 52 20
55 53 10
55 54 16
56 0 20
56 1 1
56 2 7
56 3 18
56 4 1
56 5 1
56 6 19
56 8 4
56 9 9
56 10 4
56 11 6
56 12 18
56 13 8
56 14 19
56 15 16
56 17 18
56 18 16
56 19 1
56 20 13
56 21 7
56 22 19
56 23 16
56 24 9
56 25 5
56 26 20
56 27 10
56 28 16
56 29 10
56 30 5
56 31 6
56 32 20
56 33 5
56 34 8
56 35 12
56 36 15
56 37 1
56 38 15
56 39 14
56 40 9
56 41 15
56 42 15
56 43 12
56 44 19
56 45 15
56 46 19
56 47 7
56 48 15
56 49 20
56 50 14
56 51 20
56 52 5
56 53 5
56 55 10
57 0 14
57 1 16
57 3 16
57 4 10
57 5 7
57 7 16
57 8 7
57 10 9
57 12 12
57 14 4
57 15 4
57 16 12
57 17 14
57 18 9
57 19 14
57 21 18
57 22 5
57 23 2
57 24 13
57 26 12
57 27 18
57 28 20
57 29 12
57 30 3
57 31 6
57 32 16
57 33 9
57 34 1
57 35 5
57 36 3
57 37 5
57 38 17
57 39 13
57 41 3
57 42 15
57 44 12
57 45 8
57 46 7
57 47 9
57 48 16
57 49 12
57 50 7
57 51 8
57 53 10
57 54 5
57 55 6
57 56 9
58 0 12
58 1 14
58 2 1
58 3 18
58 4 11
58 5 12
58 7 2
58 8 3
58 9 2
58 10 14
58 12 5
58 13 6
58 15 5
58 16 13
58 17 11
58 18 18
58 19 14
58 20 10
58 21 12
58 23 7
58 25 13
58 27 13
58 28 4
58 29 20
58 31 8
58 32 8
58 33 2
58 35 2
58 36 3
58 37 18
58 38 9
58 39 20
58 40 12
58 41 4
58 43 20
58 44 20
58 46 16
58 50 20
58 51 16
58 52 9
58 53 10
58 54 19
58 55 19
58 56 11
59 0 18
59 1 17
59 2 18
59 3 11
59 4 19
59 5 18
59 6 9
59 7 17
59 9 16
59 10 5
59 11 12
59 12 12
59 13 18
59 14 2
59 15 2
59 16 6
59 17 6
59 18 8
59 19 9
59 20 16
59 21 20
59 22 7
59 23 20
59 24 19
59 25 14
59 26 18
59 27 17
59 28 9
59 29 3
59 30 2
59 31 16
59 32 20
59 33 10
59 34 14
59 35 11
59 36 10
59 37 8
59 38 7
59 39 18
59 40 14
59 42 6
59 43 5
59 44 8
59 45 12
59 46 2
59 47 18
59 48 19
59 49 16
59 50 6
59 52 10
59 53 19
59 54 6
59 55 17
59 56 6
59 57 11
59 58 2
