60
1 0 12
2 0 10
2 1 39
3 1 26
4 1 34
4 2 37
4 3 39
5 1 28
5 2 30
5 3 3
5 4 10
6 0 28
6 1 5
6 2 8
6 3 21
6 5 1
7 0 16
7 2 5
7 5 35
7 6 12
8 0 21
8 1 40
8 2 27
8 4 11
8 5 19
8 7 21
9 0 12
9 1 12
9 6 30
9 8 14
10 0 14
10 1 16
10 2 24
10 3 14
10 4 33
10 5 2
10 6 30
10 7 3
10 8 33
11 1 10
11 3 33
11 4 10
11 6 15
11 7 27
11 10 6
12 1 10
12 3 18
12 4 6
12 5 19
12 6 21
12 9 21
13 1 29
13 2 20
13 4 5
13 5 21
13 6 13
13 7 15
13 11 23
14 1 33
14 3 38
14 4 13
14 6 34
14 7 21
14 9 12
14 10 17
14 13 35
15 0 34
15 1 12
15 3 35
15 5 7
15 6 40
15 7 22
15 8 35
15 9 2
15 10 24
15 11 29
15 12 11
15 13 25
16 1 31
16 2 22
16 7 14
16 8 25
16 9 19
16 10 28
16 11 35
16 12 10
16 15 37
17 0 13
17 1 31
17 2 16
17 3 1
17 4 20
17 5 28
17 6 5
17 7 8
17 8 14
17 9 35
17 10 9
17 14 3
17 16 18
18 1 6
18 2 35
18 3 19
18 4 35
18 5 15
18 6 25
18 9 3
18 10 34
18 11 27
18 12 29
18 14 27
18 17 3
19 0 32
19 1 3
19 4 35
19 6 9
19 9 23
19 11 8
19 13 26
19 14 5
19 16 17
19 17 40
20 0 31
20 1 5
20 2 12
20 3 2
20 5 5
20 6 20
20 7 1
20 9 26
20 10 10
20 11 34
20 12 36
20 13 3
20 14 38
20 15 2
20 17 38
20 18 10
20 19 7
21 1 24
21 4 16
21 5 32
21 6 14
21 8 27
21 9 16
21 10 34
21 13 26
21 14 33
21 15 40
21 16 13
21 17 19
21 18 2
21 19 19
21 20 37
22 0 35
22 1 4
22 2 23
22 3 26
22 4 36
22 6 18
22 9 21
22 11 19
22 12 27
22 13 23
22 14 7
22 16 4
22 18 5
22 19 34
22 20 27
23 0 27
23 2 14
23 3 8
23 4 14
23 5 3
23 8 6
23 13 9
23 14 14
23 15 31
23 16 25
23 17 32
23 18 7
23 19 11
23 20 24
23 22 37
24 2 23
24 3 4
24 6 37
24 7 34
24 8 18
24 10 8
24 11 4
24 12 36
24 13 3
24 14 20
24 17 22
24 18 23
24 21 40
24 22 28
24 23 25
25 0 8
25 1 20
25 2 32
25 3 38
25 4 27
25 5 3
25 6 1
25 7 18
25 8 20
25 9 12
25 10 35
25 11 2
25 13 14
25 15 18
25 16 18
25 17 7
25 19 17
25 21 24
25 23 38
26 0 39
26 1 37
26 2 20
26 3 10
26 4 1
26 5 3
26 6 18
26 7 30
26 9 32
26 10 16
26 11 37
26 12 34
26 13 27
26 15 27
26 16 15
26 17 11
26 22 39
26 23 31
26 24 28
27 0 24
27 1 15
27 2 20
27 3 17
27 4 39
27 7 30
27 8 2
27 10 6
27 17 3
27 18 13
27 19 15
27 22 39
27 23 32
28 1 1
28 4 36
28 5 22
28 10 7
28 11 39
28 13 13
28 14 27
28 16 1
28 20 3
28 23 10
28 25 15
28 26 21
28 27 33
29 0 16
29 3 28
29 6 37
29 8 35
29 10 25
29 11 21
29 15 4
29 17 7
29 19 18
29 20 6
29 21 16
29 23 10
29 24 15
29 25 31
29 26 32
29 27 1
29 28 8
30 0 17
30 2 5
30 3 25
30 4 40
30 5 19
30 6 26
30 7 12
30 11 32
30 13 1
30 14 21
30 15 11
30 17 21
30 18 4
30 19 26
30 20 19
30 22 36
30 24 9
30 25 13
30 26 21
30 27 30
30 29 12
31 0 4
31 3 35
31 5 30
31 6 12
31 7 30
31 8 15
31 9 11
31 10 26
31 12 28
31 13 12
31 15 34
31 17 6
31 18 9
31 19 13
31 20 15
31 21 24
31 22 27
31 23 1
31 24 1
31 27 4
31 28 12
31 29 32
32 0 34
32 1 12
32 2 28
32 4 28
32 6 12
32 7 29
32 10 34
32 11 28
32 12 40
32 13 21
32 14 28
32 17 22
32 19 4
32 20 35
32 21 13
32 22 6
32 23 39
32 24 32
32 25 36
32 26 17
32 27 15
32 29 40
32 31 2
33 0 13
33 2 21
33 4 34
33 5 16
33 7 13
33 9 39
33 10 19
33 11 16
33 14 8
33 15 18
33 18 23
33 19 37
33 20 17
33 21 25
33 22 9
33 23 19
33 27 5
33 28 3
33 30 23
33 32 3
34 1 16
34 2 19
34 3 26
34 5 7
34 6 38
34 7 36
34 8 14
34 9 30
34 10 15
34 11 27
34 14 29
34 15 16
34 16 8
34 18 38
34 19 34
34 20 36
34 21 22
34 23 31
34 25 21
34 26 10
34 27 18
34 29 35
34 31 29
34 32 17
35 1 23
35 2 13
35 3 28
35 4 20
35 7 26
35 10 23
35 11 21
35 12 38
35 13 29
35 14 38
35 15 40
35 18 29
35 19 3
35 20 29
35 21 6
35 22 24
35 23 38
35 24 7
35 25 21
35 26 18
35 27 9
35 29 6
35 30 6
35 31 40
35 33 40
35 34 15
36 0 13
36 1 34
36 2 4
36 3 5
36 6 19
36 7 26
36 8 21
36 9 4
36 10 6
36 11 26
36 12 33
36 13 36
36 14 3
36 15 17
36 16 4
36 17 13
36 21 39
36 22 27
36 23 25
36 24 21
36 27 13
36 28 35
36 29 16
36 31 30
36 32 19
36 33 28
36 35 2
37 1 18
37 2 29
37 4 9
37 5 33
37 7 11
37 8 3
37 9 31
37 10 36
37 12 7
37 17 37
37 19 30
37 20 40
37 21 27
37 22 11
37 23 13
37 25 2
37 27 6
37 28 21
37 29 1
37 30 7
37 32 32
37 33 29
37 35 39
37 36 12
38 0 21
38 2 9
38 4 8
38 6 35
38 7 20
38 8 11
38 12 32
38 13 8
38 14 22
38 15 21
38 17 25
38 18 7
38 20 20
38 21 20
38 23 39
38 24 10
38 25 6
38 26 12
38 28 15
38 30 37
38 32 19
38 33 12
38 34 17
38 36 15
38 37 21
39 5 1
39 6 4
39 8 31
39 9 6
39 10 38
39 11 18
39 12 36
39 13 14
39 14 4
39 18 29
39 19 28
39 20 6
39 21 25
39 22 14
39 23 7
39 24 18
39 25 39
39 26 23
39 27 1
39 28 25
39 29 7
39 30 18
39 34 15
39 35 21
39 36 37
39 37 7
39 38 5
40 1 24
40 2 23
40 3 34
40 6 36
40 7 10
40 11 19
40 12 11
40 14 5
40 16 17
40 18 24
40 19 11
40 20 32
40 22 40
40 23 30
40 25 38
40 26 17
40 27 16
40 28 28
40 29 37
40 31 12
40 33 36
40 34 30
40 35 33
40 36 35
40 38 22
40 39 35
41 1 34
41 2 6
41 3 20
41 4 4
41 5 38
41 6 7
41 9 27
41 11 29
41 12 16
41 15 11
41 16 1
41 17 34
41 18 7
41 19 28
41 21 38
41 22 17
41 23 37
41 24 40
41 25 3
41 27 2
41 29 32
41 30 13
41 31 22
41 32 19
41 33 8
41 36 29
41 37 1
41 38 11
41 39 24
41 40 25
42 1 32
42 3 27
42 5 9
42 6 29
42 8 6
42 10 18
42 11 24
42 12 10
42 13 12
42 15 40
42 16 7
42 17 11
42 18 33
42 19 6
42 20 39
42 21 23
42 22 6
42 23 33
42 25 8
42 26 30
42 28 28
42 29 15
42 30 20
42 31 3
42 32 37
42 33 30
42 35 19
42 36 21
42 37 34
42 39 14
42 41 7
43 0 15
43 2 25
43 3 10
43 5 17
43 7 38
43 9 7
43 12 11
43 13 5
43 14 26
43 15 3
43 17 1
43 18 32
43 19 35
43 20 40
43 21 14
43 24 18
43 25 6
43 26 29
43 27 6
43 30 31
43 31 2
43 32 6
43 33 3
43 34 37
43 35 5
43 37 17
43 38 37
43 40 11
43 41 11
43 42 5
44 1 14
44 6 40
44 7 38
44 8 18
44 9 18
44 12 36
44 14 31
44 15 25
44 16 24
44 19 9
44 20 14
44 21 4
44 22 10
44 23 32
44 25 5
44 26 23
44 29 36
44 30 23
44 31 23
44 32 37
44 33 3
44 35 39
44 36 39
44 37 14
44 38 28
44 41 6
44 42 27
45 1 14
45 3 20
45 4 9
45 5 5
45 6 29
45 8 29
45 10 7
45 11 24
45 13 32
45 14 11
45 15 24
45 17 32
45 18 27
45 19 10
45 20 11
45 21 29
45 23 2
45 24 7
45 27 20
45 28 38
45 29 11
45 31 11
45 33 32
45 35 29
45 37 10
45 38 36
45 39 1
45 40 37
45 41 35
45 42 16
45 43 31
46 0 19
46 1 26
46 2 3
46 3 10
46 5 32
46 6 1
46 7 4
46 8 37
46 9 11
46 11 18
46 12 29
46 13 30
46 14 9
46 15 4
46 17 18
46 18 11
46 19 38
46 20 38
46 22 12
46 23 28
46 24 32
46 26 18
46 27 3
46 28 23
46 29 5
46 30 16
46 33 25
46 34 39
46 35 30
46 36 36
46 37 22
46 39 9
46 40 18
46 42 38
46 44 15
46 45 37
47 0 16
47 1 27
47 2 5
47 3 9
47 4 37
47 5 32
47 6 21
47 7 8
47 9 5
47 11 34
47 12 35
47 13 15
47 14 25
47 17 10
47 18 1
47 19 31
47 20 27
47 21 35
47 23 31
47 24 8
47 25 26
47 26 25
47 27 23
47 28 13
47 29 38
47 30 1
47 32 26
47 33 19
47 35 23
47 36 6
47 37 7
47 38 31
47 40 38
47 41 21
47 42 34
47 43 8
47 44 33
47 45 39
47 46 3
48 0 4
48 1 6
48 2 6
48 4 33
48 5 1
48 6 6
48 7 27
48 8 37
48 9 28
48 10 29
48 11 36
48 12 36
48 13 24
48 14 33
48 15 4
48 17 25
48 18 8
48 21 13
48 22 10
48 27 11
48 28 35
48 30 33
48 31 32
48 33 17
48 34 39
48 36 13
48 37 7
48 40 40
48 42 33
48 44 3
48 47 6
49 0 6
49 1 20
49 3 25
49 5 26
49 7 19
49 8 40
49 9 17
49 11 18
49 13 19
49 15 35
49 16 5
49 18 21
49 19 21
49 20 20
49 21 17
49 22 30
49 23 12
49 24 21
49 25 20
49 26 30
49 28 20
49 30 22
49 32 39
49 33 19
49 34 25
49 35 17
49 37 4
49 39 39
49 40 21
49 43 10
49 45 4
49 46 20
49 47 38
49 48 33
50 0 8
50 1 16
50 3 20
50 4 3
50 5 26
50 8 14
50 9 15
50 11 29
50 12 27
50 13 14
50 15 26
50 17 23
50 19 39
50 22 8
50 23 12
50 25 31
50 26 7
50 28 1
50 30 5
50 31 37
50 32 36
50 34 21
50 35 38
50 36 4
50 37 23
50 38 27
50 40 13
50 41 23
50 42 6
50 47 34
50 49 12
51 1 17
51 2 17
51 5 33
51 7 35
51 10 8
51 11 32
51 12 23
51 16 32
51 17 40
51 18 19
51 21 11
51 22 19
51 23 6
51 24 7
51 25 25
51 26 11
51 27 35
51 29 5
51 30 36
51 31 37
51 32 40
51 33 28
51 34 8
51 35 39
51 38 23
51 39 8
51 43 27
51 45 34
51 47 31
51 48 26
51 49 15
51 50 8
52 0 17
52 1 27
52 2 34
52 4 13
52 5 30
52 6 16
52 7 9
52 10 5
52 11 10
52 12 9
52 14 15
52 15 20
52 16 1
52 17 1
52 18 13
52 19 28
52 20 18
52 23 1
52 25 40
52 27 39
52 28 34
52 29 25
52 30 6
52 34 13
52 35 31
52 37 28
52 38 1
52 39 3
52 41 36
52 43 1
52 45 24
52 46 23
52 47 14
52 48 21
52 49 36
52 50 21
52 51 1
53 1 38
53 2 17
53 3 6
53 4 33
53 5 24
53 6 34
53 9 23
53 10 39
53 11 22
53 13 8
53 14 34
53 16 4
53 17 11
53 18 36
53 19 12
53 22 15
53 23 23
53 24 3
53 25 24
53 27 3
53 28 9
53 29 9
53 31 37
53 32 17
53 33 29
53 34 30
53 37 15
53 38 13
53 39 29
53 40 26
53 41 34
53 42 31
53 43 20
53 44 20
53 45 38
53 46 37
53 47 7
53 48 25
53 49 5
53 50 23
53 51 20
53 52 4
54 1 24
54 2 24
54 3 23
54 4 11
54 5 22
54 6 40
54 7 22
54 8 6
54 9 3
54 11 5
54 12 28
54 13 3
54 14 23
54 15 21
54 16 5
54 18 25
54 19 10
54 20 25
54 21 18
54 22 9
54 23 37
54 27 26
54 30 33
54 32 9
54 33 27
54 34 34
54 36 23
54 37 4
54 39 39
54 40 6
54 41 9
54 43 17
54 45 35
54 47 14
54 48 27
54 49 21
54 50 28
54 51 18
54 52 11
55 0 10
55 2 12
55 5 14
55 6 12
55 8 9
55 10 29
55 11 7
55 12 27
55 13 4
55 15 1
55 16 20
55 17 18
55 18 19
55 19 12
55 20 14
55 22 28
55 24 3
55 25 7
55 26 37
55 28 20
55 29 19
55 30 31
55 31 19
55 32 17
55 33 7
55 35 16
55 36 11
55 38 3
55 41 32
55 42 36
55 43 3
55 44 30
55 45 25
55 46 24
55 47 23
55 48 1
55 49 6
55 50 34
55 51 20
55 52 39
55 53 14
55 54 7
56 2 31
56 3 29
56 4 35
56 5 15
56 6 35
56 7 12
56 8 39
56 9 10
56 10 9
56 12 20
56 13 23
56 14 3
56 16 3
56 17 12
56 19 29
56 20 22
56 21 20
56 22 9
56 23 23
56 26 1
56 27 9
56 28 23
56 29 37
56 31 35
56 32 30
56 33 17
56 35 27
56 36 28
56 37 5
56 38 13
56 39 24
56 41 36
56 43 3
56 44 4
56 45 40
56 46 15
56 47 35
56 48 9
56 49 30
56 51 34
56 53 30
56 54 26
56 55 21
57 1 20
57 2 1
57 3 12
57 4 29
57 5 33
57 6 24
57 7 36
57 9 29
57 11 1
57 13 30
57 14 21
57 18 26
57 19 16
57 20 14
57 22 9
57 23 22
57 24 29
57 25 32
57 27 8
57 29 35
57 30 26
57 31 19
57 32 28
57 33 28
57 34 31
57 35 1
57 37 40
57 40 27
57 41 5
57 43 16
57 46 5
57 47 2
57 48 21
57 51 9
57 52 39
57 54 30
57 56 30
58 0 6
58 1 36
58 2 40
58 3 26
58 4 30
58 5 22
58 6 31
58 7 22
58 8 23
58 10 4
58 12 31
58 13 29
58 14 14
58 15 8
58 16 5
58 19 21
58 20 24
58 21 20
58 22 28
58 23 30
58 26 20
58 27 6
58 29 25
58 30 10
58 33 33
58 34 33
58 36 32
58 39 14
58 40 12
58 41 24
58 42 12
58 44 18
58 46 35
58 47 33
58 48 16
58 49 27
58 50 28
58 52 22
58 53 9
58 54 12
58 55 40
58 56 36
58 57 19
59 0 33
59 1 14
59 2 6
59 4 35
59 6 25
59 7 29
59 8 18
59 9 17
59 10 31
59 11 14
59 13 3
59 15 31
59 18 21
59 19 26
59 21 16
59 22 8
59 23 8
59 24 32
59 25 32
59 28 25
59 29 2
59 30 30
59 31 25
59 33 24
59 34 19
59 38 2
59 39 8
59 40 31
59 42 9
59 44 7
59 45 2
59 46 18
59 47 24
59 50 1
59 51 2
59 52 19
59 53 9
59 55 20
59 56 12
59 57 29
59 58 32
