20
1 0 93
2 0 292
4 2 93
4 3 84
5 0 282
5 1 141
5 4 32
6 3 74
6 5 218
7 1 91
7 2 230
7 3 83
7 5 94
8 0 170
8 6 288
9 0 317
9 2 57
9 5 270
10 1 277
10 2 38
10 4 7
10 5 248
10 8 23
10 9 38
11 0 312
11 3 101
11 7 23
11 8 241
11 10 157
12 5 221
12 6 160
12 7 241
12 8 208
12 9 203
12 10 70
13 0 316
13 3 139
13 4 157
13 8 290
13 10 87
13 12 119
14 0 268
14 1 232
14 2 307
14 3 47
14 4 239
14 11 201
14 12 32
15 3 153
15 6 165
15 7 196
15 9 201
15 10 83
15 11 266
16 0 19
16 3 304
16 5 64
16 8 89
16 9 266
16 12 130
16 15 183
17 0 139
17 2 300
17 5 63
17 9 19
17 11 198
17 12 320
17 14 97
17 15 93
17 16 263
18 1 4
18 2 54
18 5 150
18 10 233
18 11 45
18 14 49
19 2 11
19 4 29
19 8 107
19 10 114
19 12 206
19 13 229
19 16 118
19 18 198
