50
4 0 1
4 2 8
5 1 6
6 1 10
6 2 4
6 5 5
7 1 1
7 2 7
7 3 5
9 1 6
9 4 4
9 6 7
9 7 4
9 8 10
10 2 8
10 3 9
10 7 1
11 8 10
12 4 8
12 8 8
13 2 4
13 3 9
13 4 5
13 5 10
13 9 5
13 12 8
14 3 7
14 4 8
14 12 6
15 4 4
15 5 7
15 6 4
15 11 8
15 12 5
16 5 9
16 11 8
17 0 7
17 3 1
17 9 4
17 11 9
17 12 1
17 13 2
18 4 6
18 5 3
18 6 7
18 7 6
18 15 8
19 2 7
19 5 2
19 9 10
19 14 6
19 15 4
19 16 1
19 18 5
20 0 3
20 1 6
20 6 3
20 11 10
20 14 9
20 16 2
20 18 2
21 2 9
21 3 6
21 7 10
21 17 1
22 3 4
22 4 1
22 10 5
22 12 2
22 13 2
22 14 10
22 16 9
22 17 9
22 18 10
23 3 10
23 4 7
23 5 8
23 7 4
23 17 10
23 19 6
23 20 6
23 22 7
24 5 8
24 8 7
24 9 2
24 11 10
24 13 5
24 14 5
24 22 3
24 23 8
25 2 6
25 7 4
25 9 5
25 10 3
25 11 8
25 14 6
25 15 7
26 2 3
26 7 7
26 8 3
26 12 1
26 13 7
26 14 10
26 15 8
26 20 3
27 4 10
27 15 1
27 17 9
27 19 10
27 23 9
28 3 10
28 6 2
28 11 3
28 15 9
28 16 8
28 21 7
28 22 9
28 25 10
29 4 10
29 7 7
29 9 6
29 10 5
29 13 7
29 18 4
29 20 4
29 22 1
29 23 7
29 26 1
29 28 8
30 1 5
30 7 6
30 12 5
30 13 3
30 17 7
30 21 4
30 22 1
30 23 9
30 25 6
30 29 7
31 2 6
31 6 5
31 11 2
31 12 10
31 14 5
31 16 10
31 17 7
31 18 3
31 20 8
31 23 1
31 30 8
32 2 2
32 4 2
32 9 6
32 11 5
32 13 5
32 17 6
32 20 5
32 21 7
32 23 1
32 24 5
32 26 5
33 1 6
33 5 5
33 6 8
33 7 8
33 15 10
33 17 1
33 24 2
33 25 6
33 30 7
34 5 5
34 9 6
34 14 7
34 15 6
34 16 7
34 20 7
34 22 2
34 23 1
34 27 2
35 6 9
35 9 3
35 12 2
35 17 1
35 18 4
35 20 3
35 21 4
35 23 7
35 24 5
35 26 3
35 28 3
35 29 6
35 31 3
35 34 6
36 10 4
36 11 4
36 12 7
36 13 10
36 16 6
36 20 6
36 21 7
36 23 1
36 25 9
36 26 7
36 27 7
36 32 1
37 1 8
37 7 5
37 8 10
37 21 3
37 22 4
37 23 1
37 25 2
37 35 9
38 0 7
38 1 4
38 11 8
38 18 6
38 20 4
38 23 8
38 25 10
38 28 2
38 30 10
38 31 1
38 33 7
38 37 8
39 3 7
39 6 2
39 9 3
39 13 6
39 14 3
39 16 5
39 20 6
39 23 4
39 24 5
39 29 8
39 31 4
39 36 7
40 14 2
40 18 7
40 20 1
40 22 1
40 28 2
40 30 3
40 32 6
40 34 2
40 38 1
41 0 3
41 3 3
41 5 3
41 6 1
41 12 10
41 16 1
41 18 3
41 19 6
41 23 5
41 26 9
41 29 8
41 37 2
41 38 10
41 40 1
42 6 4
42 10 9
42 15 7
42 17 4
42 18 8
42 20 4
42 22 5
42 23 6
42 28 10
42 30 1
42 34 3
42 35 7
42 36 8
42 40 6
43 4 3
43 7 9
43 18 2
43 25 1
43 27 2
43 28 8
43 30 2
43 36 10
44 1 4
44 4 9
44 10 6
44 13 9
44 15 1
44 16 10
44 17 2
44 20 8
44 21 1
44 29 6
44 31 4
44 33 9
44 36 3
44 37 9
44 38 10
44 39 5
44 42 2
45 7 8
45 8 7
45 10 4
45 14 2
45 22 7
45 23 8
45 24 10
45 26 1
45 33 10
45 35 2
45 38 8
45 43 8
46 1 10
46 6 2
46 11 7
46 15 2
46 17 2
46 18 7
46 20 9
46 24 3
46 27 9
46 34 8
46 36 6
47 5 1
47 6 2
47 7 1
47 8 5
47 15 1
47 31 2
47 32 1
47 35 10
47 38 2
47 39 6
47 40 9
47 41 9
47 44 6
48 3 1
48 7 6
48 9 10
48 10 10
48 15 2
48 16 7
48 18 4
48 23 6
48 24 10
48 27 8
48 28 4
48 29 3
48 33 9
48 39 3
48 40 2
48 41 5
48 42 4
48 46 7
49 0 1
49 3 1
49 5 6
49 7 5
49 11 4
49 16 9
49 17 4
49 23 7
49 26 9
49 30 6
49 31 8
49 34 8
49 35 4
49 36 6
49 40 5
49 41 5
49 47 1
49 48 8
