70
4 3 3
7 3 37
7 4 27
8 5 23
8 7 40
9 2 19
10 3 39
10 8 39
11 0 3
11 3 40
11 8 18
12 0 33
12 1 17
16 1 28
16 6 27
18 10 9
19 2 34
19 10 19
20 3 3
20 7 9
20 15 10
20 17 40
20 18 12
21 3 16
21 16 16
22 0 36
22 4 24
24 12 2
25 7 33
26 15 3
26 18 17
26 23 28
27 15 34
27 20 13
27 25 20
28 26 4
29 12 23
29 28 20
30 1 17
30 7 26
30 14 35
30 21 14
31 1 24
31 4 14
31 8 1
31 23 39
31 25 15
32 8 39
32 15 13
32 18 14
32 20 16
33 6 18
33 20 29
34 9 21
35 13 3
35 25 29
36 16 22
36 27 35
36 35 36
37 15 9
37 18 16
37 22 20
37 31 29
38 2 32
38 11 12
38 18 34
39 1 36
39 5 35
39 15 22
39 18 29
39 22 6
39 26 1
40 18 18
40 20 31
40 23 4
40 26 34
40 32 33
41 4 37
41 8 4
41 19 18
41 20 21
42 2 12
42 3 30
42 8 25
42 13 21
42 21 25
42 39 29
43 17 31
43 21 18
43 27 9
44 3 36
44 33 40
45 4 4
45 9 22
45 13 8
45 17 19
45 26 20
46 6 19
46 12 1
46 15 24
46 23 36
46 24 24
46 26 39
46 30 12
46 36 20
47 9 31
47 15 29
47 20 15
47 25 5
48 1 7
48 5 4
48 22 14
48 24 30
48 26 15
48 44 6
49 7 5
49 14 12
49 23 3
49 29 20
49 30 34
49 40 34
49 42 20
49 48 29
50 0 22
50 11 6
50 12 28
50 16 25
50 27 20
50 29 16
51 24 2
52 1 4
52 20 5
52 26 20
52 34 8
53 0 17
53 5 8
53 23 11
53 26 33
53 35 14
53 44 17
53 46 23
53 50 27
54 15 3
54 21 25
54 49 15
54 52 8
55 18 12
55 22 34
55 25 38
55 26 33
55 42 34
55 48 36
56 47 26
57 14 37
57 31 33
57 41 39
57 52 29
58 3 35
58 7 19
58 12 33
58 15 30
58 20 35
58 31 3
58 44 4
59 1 8
59 2 25
59 14 15
59 15 24
59 22 31
59 34 39
59 37 33
59 48 35
60 0 11
60 4 25
60 15 10
60 17 11
60 18 40
60 24 19
60 29 40
60 52 26
61 1 17
61 2 34
61 3 10
61 7 11
61 17 16
61 28 10
61 34 29
61 42 22
61 47 27
61 55 12
62 4 30
62 16 35
62 19 17
62 25 22
62 52 36
63 0 19
63 7 17
63 21 8
63 35 24
63 36 18
63 40 8
63 46 6
63 51 20
63 54 39
63 55 9
64 0 19
64 13 19
64 17 21
64 20 9
64 29 38
64 33 21
64 36 19
64 37 31
64 61 40
65 7 6
65 14 39
65 22 11
65 34 6
65 42 16
66 2 7
66 7 21
66 21 14
66 24 2
66 30 37
66 31 38
66 32 15
66 41 10
66 63 36
66 65 30
67 0 18
67 26 20
67 32 6
67 47 40
67 48 7
67 55 1
68 4 7
68 6 32
68 17 39
68 28 14
68 40 28
68 60 30
68 66 18
69 0 22
69 4 10
69 12 9
69 13 9
69 20 35
69 24 35
69 28 4
69 57 39
69 64 22
