60
4 2 75
5 4 66
6 1 35
9 6 75
9 7 60
11 3 49
11 5 54
11 8 73
12 1 12
12 3 39
12 7 8
12 11 54
13 4 74
13 11 66
14 0 31
14 1 57
14 10 46
15 10 16
15 14 28
16 4 40
16 6 32
16 9 71
17 1 3
17 2 41
17 8 27
17 9 16
17 11 32
17 13 76
19 4 51
19 9 4
19 11 51
20 2 39
20 5 29
20 8 47
20 10 51
21 4 48
22 10 52
22 12 39
22 17 49
22 19 16
23 0 22
23 5 37
23 7 74
23 11 28
23 12 2
23 14 27
23 19 19
24 0 80
24 1 56
24 2 52
24 4 78
24 5 45
24 12 12
24 17 38
24 23 16
25 2 30
25 4 71
25 9 50
25 19 23
26 5 59
26 11 22
26 16 26
26 23 20
26 24 2
27 1 35
27 14 9
27 15 64
27 26 67
28 8 63
28 16 51
28 27 36
29 2 46
29 5 19
29 7 45
29 8 69
29 13 51
29 17 57
29 25 69
30 0 79
30 8 17
30 18 70
30 28 59
31 2 37
31 3 60
31 4 29
31 12 21
31 16 38
31 18 67
31 24 79
31 26 66
31 27 60
32 4 52
32 8 8
32 11 56
32 21 57
32 28 74
32 31 45
33 0 33
33 6 55
33 13 51
33 14 80
34 0 80
34 1 64
34 5 71
34 7 26
34 10 63
34 11 15
34 12 7
34 14 32
34 17 66
34 22 55
35 0 28
35 1 36
35 12 66
35 13 62
35 22 8
36 0 65
36 4 65
36 9 77
36 16 70
36 17 69
36 26 53
36 30 36
36 32 80
36 34 34
37 2 45
37 5 65
37 6 33
37 20 76
37 26 42
37 33 16
38 21 65
38 23 9
38 31 5
39 0 70
39 4 5
39 8 36
39 9 15
39 12 7
39 15 67
39 17 73
39 18 33
39 35 61
40 1 16
40 3 60
40 4 79
40 6 70
40 11 9
40 12 42
40 15 6
40 20 12
41 0 67
41 11 29
41 15 62
41 26 17
41 36 48
41 37 10
42 0 3
42 9 33
42 10 35
42 12 46
42 27 19
43 3 40
43 5 19
43 15 49
43 25 54
43 29 17
43 30 33
43 31 33
43 33 46
43 37 1
44 6 18
44 11 48
44 18 50
44 22 47
44 24 42
44 27 66
44 39 28
44 41 18
45 4 28
45 5 75
45 11 26
45 15 7
45 18 48
45 23 68
45 25 7
45 26 59
45 32 41
45 35 3
46 3 75
46 8 12
46 23 67
46 24 42
46 29 21
46 42 32
47 0 16
47 1 22
47 7 57
47 8 74
47 20 73
47 21 43
47 24 72
47 28 21
47 30 3
47 32 22
47 42 17
47 45 9
47 46 47
48 1 75
48 5 13
48 8 47
48 23 8
48 25 40
48 35 41
48 42 75
48 44 23
48 45 68
49 17 37
49 30 79
49 31 69
49 33 3
49 34 65
49 38 70
49 42 23
50 2 37
50 7 71
50 8 37
50 13 19
50 24 52
50 26 76
50 32 39
50 39 74
50 40 7
50 45 49
51 1 56
51 19 59
51 23 5
51 26 4
51 30 9
51 32 52
51 33 72
51 45 52
51 48 74
52 1 75
52 5 17
52 8 26
52 11 38
52 13 27
52 19 35
52 20 14
52 22 40
52 36 49
52 37 50
52 39 11
53 7 25
53 9 65
53 12 72
53 17 34
53 20 17
53 21 35
53 23 73
53 31 53
53 32 28
53 37 8
53 45 67
54 0 39
54 2 78
54 11 53
54 13 12
54 17 62
54 30 22
54 31 20
54 40 57
54 44 28
54 48 78
54 51 71
55 0 24
55 6 62
55 11 19
55 17 59
55 24 52
55 26 36
55 27 10
55 32 47
55 38 2
55 44 7
55 46 52
55 47 58
55 50 23
55 54 27
56 1 63
56 5 9
56 7 1
56 10 26
56 15 60
56 16 25
56 29 2
56 31 69
56 34 43
56 44 34
56 45 34
56 51 25
57 1 34
57 2 61
57 5 75
57 9 41
57 10 24
57 13 9
57 22 62
57 24 57
57 28 30
57 31 66
57 38 58
57 41 26
57 47 11
57 51 38
57 54 65
57 55 41
58 7 62
58 18 35
58 27 71
58 32 17
58 37 23
58 45 6
58 50 33
59 3 6
59 8 79
59 10 45
59 14 24
59 31 44
59 39 20
59 40 39
59 55 65
