50
1 0 56
2 0 81
2 1 96
3 0 95
3 2 46
4 0 91
4 1 151
4 2 102
4 3 155
5 0 82
5 3 58
6 0 23
6 4 148
6 5 73
7 0 17
7 1 76
7 3 112
8 0 57
8 2 90
8 4 146
8 5 157
8 7 20
9 4 49
9 8 76
10 0 58
10 1 31
10 2 5
10 3 156
10 4 19
10 6 94
10 7 85
10 9 127
11 0 24
11 1 31
11 2 26
11 5 34
11 10 101
12 0 119
12 1 105
12 2 107
12 3 16
12 4 133
12 5 75
12 7 7
12 8 126
12 11 13
13 1 91
13 2 1
13 3 149
13 4 41
13 6 119
13 9 149
13 10 75
13 11 107
14 0 45
14 1 126
14 3 24
14 5 32
14 7 150
14 8 24
14 10 51
14 11 27
14 12 43
14 13 82
15 0 43
15 1 137
15 2 153
15 3 4
15 5 139
15 7 11
15 8 45
15 10 50
16 0 54
16 3 60
16 4 11
16 7 107
16 8 98
16 9 14
16 10 157
16 11 130
16 14 138
17 0 109
17 1 102
17 2 106
17 3 118
17 4 35
17 9 66
17 10 23
17 11 84
17 12 2
17 14 52
18 0 103
18 2 54
18 3 3
18 4 116
18 7 66
18 8 138
18 9 89
18 10 155
18 11 101
18 13 15
18 15 79
18 17 2
19 1 55
19 2 99
19 3 141
19 4 146
19 5 66
19 7 129
19 8 46
19 10 4
19 12 81
19 13 35
19 14 149
19 16 151
19 17 158
19 18 25
20 1 21
20 3 141
20 4 91
20 5 72
20 10 116
20 12 44
20 13 31
20 15 44
20 17 57
20 19 66
21 0 31
21 1 6
21 3 30
21 5 42
21 6 96
21 10 55
21 12 122
21 14 103
21 16 90
21 17 12
21 19 81
21 20 98
22 0 17
22 1 105
22 2 14
22 3 104
22 5 72
22 8 17
22 9 34
22 10 137
22 17 59
22 18 70
22 20 131
23 0 42
23 2 15
23 3 3
23 4 50
23 5 45
23 6 93
23 7 148
23 9 136
23 12 28
23 13 27
23 15 144
23 17 55
23 18 22
23 19 79
23 20 109
23 21 144
23 22 32
24 0 49
24 1 145
24 4 22
24 6 30
24 7 55
24 8 42
24 11 77
24 14 31
24 15 99
24 16 17
24 17 71
24 18 94
24 19 91
24 20 113
24 21 96
24 22 27
25 1 135
25 3 147
25 4 75
25 5 102
25 8 97
25 9 74
25 10 22
25 12 67
25 13 11
25 14 153
25 15 50
25 16 27
25 19 158
25 20 37
25 22 51
25 23 21
25 24 46
26 2 67
26 6 51
26 8 77
26 9 62
26 10 160
26 11 54
26 16 54
26 17 14
26 18 128
26 19 130
26 20 150
26 21 152
26 22 70
26 25 146
27 2 60
27 3 19
27 4 84
27 5 118
27 11 42
27 14 55
27 15 136
27 16 52
27 17 84
27 18 116
27 19 138
27 22 112
27 23 21
27 24 126
27 26 127
28 1 40
28 2 113
28 3 89
28 4 84
28 6 89
28 9 99
28 10 111
28 11 5
28 12 75
28 13 128
28 14 29
28 15 12
28 16 112
28 17 72
28 20 82
28 21 27
28 23 34
28 24 54
28 27 26
29 0 70
29 2 156
29 3 8
29 8 153
29 9 113
29 11 134
29 13 9
29 14 120
29 16 94
29 19 76
29 21 25
29 22 98
29 23 104
29 25 1
29 27 105
30 0 66
30 2 23
30 3 98
30 4 100
30 5 27
30 6 16
30 8 84
30 10 79
30 13 156
30 14 118
30 15 18
30 16 67
30 17 76
30 18 117
30 23 123
30 25 100
30 26 50
30 27 125
30 29 107
31 2 108
31 4 103
31 6 116
31 9 36
31 10 109
31 12 41
31 14 40
31 16 160
31 17 113
31 18 159
31 19 79
31 21 77
31 24 78
31 27 106
31 29 117
31 30 8
32 1 89
32 2 146
32 3 45
32 5 69
32 7 90
32 8 77
32 9 34
32 12 21
32 14 33
32 15 96
32 18 156
32 19 88
32 21 126
32 22 11
32 23 25
32 24 151
32 26 121
32 28 137
32 30 2
32 31 150
33 0 115
33 1 4
33 2 2
33 3 139
33 4 121
33 6 77
33 8 151
33 10 37
33 12 142
33 18 131
33 19 159
33 20 74
33 21 31
33 24 153
33 27 105
33 28 110
33 29 39
33 31 75
33 32 78
34 0 34
34 1 102
34 2 66
34 4 46
34 5 108
34 7 150
34 8 15
34 10 17
34 15 76
34 16 119
34 17 143
34 18 30
34 19 44
34 20 7
34 21 45
34 22 155
34 24 26
34 25 138
34 29 42
34 32 86
35 1 96
35 2 65
35 3 65
35 4 25
35 6 6
35 9 8
35 10 92
35 11 51
35 12 126
35 14 127
35 15 123
35 17 69
35 18 3
35 19 60
35 22 95
35 23 151
35 24 55
35 26 46
35 27 89
35 28 64
35 30 18
35 33 71
36 0 27
36 1 141
36 2 10
36 3 85
36 6 123
36 9 3
36 10 72
36 11 42
36 13 19
36 14 63
36 16 35
36 17 61
36 19 58
36 20 118
36 21 133
36 22 61
36 25 81
36 27 95
36 29 40
36 30 59
36 31 76
36 32 42
36 33 146
36 34 47
37 1 70
37 2 118
37 4 115
37 5 25
37 6 132
37 8 95
37 9 99
37 11 157
37 12 47
37 14 27
37 16 46
37 17 54
37 19 80
37 21 121
37 22 151
37 23 119
37 24 98
37 25 7
37 26 125
37 27 20
37 30 149
37 31 34
37 34 151
38 6 157
38 7 148
38 10 78
38 13 123
38 14 48
38 15 149
38 16 74
38 17 19
38 19 91
38 20 109
38 21 81
38 23 15
38 24 83
38 25 54
38 28 11
38 29 20
38 32 131
38 33 3
38 35 142
38 36 72
39 0 100
39 2 80
39 3 125
39 4 62
39 5 67
39 8 102
39 9 5
39 13 68
39 14 57
39 15 107
39 16 80
39 20 1
39 21 60
39 26 31
39 27 129
39 31 102
39 32 69
39 34 103
39 38 97
40 1 28
40 6 122
40 8 77
40 9 129
40 11 97
40 12 150
40 13 90
40 16 57
40 17 65
40 20 101
40 22 134
40 24 146
40 25 121
40 31 76
40 32 140
40 37 62
40 38 108
40 39 160
41 1 64
41 6 87
41 9 24
41 10 37
41 11 38
41 12 3
41 15 46
41 19 79
41 21 32
41 22 103
41 23 30
41 25 124
41 30 139
41 31 62
41 33 106
41 35 120
41 37 20
41 40 36
42 0 147
42 2 110
42 4 6
42 5 54
42 6 31
42 8 70
42 9 153
42 10 141
42 11 14
42 14 30
42 15 148
42 16 14
42 18 122
42 19 89
42 21 33
42 24 141
42 27 106
42 31 68
42 32 21
42 33 68
42 34 41
42 35 64
42 39 71
42 41 50
43 0 34
43 3 37
43 4 74
43 6 75
43 8 135
43 10 11
43 11 132
43 13 33
43 14 67
43 19 115
43 21 26
43 23 131
43 24 16
43 25 48
43 26 44
43 27 112
43 29 71
43 30 78
43 31 74
43 37 83
43 38 55
43 40 21
43 42 55
44 0 60
44 1 61
44 2 11
44 4 39
44 5 39
44 6 38
44 7 59
44 8 98
44 9 83
44 10 148
44 11 156
44 12 114
44 13 32
44 14 27
44 16 5
44 18 34
44 19 55
44 20 149
44 21 141
44 24 42
44 26 114
44 27 75
44 28 142
44 29 76
44 30 102
44 34 143
44 36 133
44 37 70
44 39 111
44 40 74
44 43 12
45 0 31
45 1 99
45 2 23
45 3 111
45 5 90
45 6 67
45 8 153
45 9 156
45 11 16
45 12 128
45 14 52
45 15 35
45 16 86
45 17 20
45 19 46
45 20 84
45 21 143
45 23 48
45 24 63
45 30 137
45 32 27
45 34 98
45 35 144
45 36 5
45 37 109
45 39 60
45 40 128
45 42 34
45 43 7
46 2 98
46 4 124
46 5 39
46 9 135
46 10 7
46 11 61
46 13 115
46 15 26
46 16 151
46 18 19
46 19 49
46 20 96
46 21 137
46 23 39
46 26 136
46 27 29
46 29 107
46 32 26
46 33 30
46 35 121
46 36 107
46 38 33
46 39 143
46 41 47
46 44 128
47 0 13
47 3 82
47 4 136
47 5 85
47 7 34
47 8 135
47 10 130
47 13 2
47 14 9
47 15 140
47 17 111
47 19 85
47 20 116
47 21 138
47 22 117
47 24 68
47 25 43
47 26 141
47 27 39
47 28 136
47 29 69
47 32 12
47 33 48
47 34 133
47 35 6
47 37 103
47 38 102
47 39 37
47 42 98
47 43 153
47 44 72
47 45 142
47 46 25
48 1 107
48 2 103
48 4 69
48 5 100
48 9 91
48 12 35
48 13 149
48 14 63
48 16 21
48 18 119
48 19 5
48 20 143
48 22 138
48 31 135
48 32 101
48 33 11
48 34 96
48 35 113
48 37 120
48 39 51
48 41 153
48 42 100
48 43 50
48 44 34
48 47 149
49 0 149
49 1 139
49 2 83
49 3 14
49 4 97
49 5 137
49 7 90
49 9 22
49 17 44
49 19 6
49 20 39
49 21 122
49 22 8
49 25 87
49 27 57
49 28 134
49 29 1
49 31 60
49 32 4
49 34 56
49 37 9
49 39 117
49 42 31
49 44 118
49 45 93
49 47 77
