30
1 0 13
2 0 79
2 1 51
3 0 45
3 1 33
3 2 71
4 0 78
4 1 36
4 2 7
4 3 12
5 0 2
5 1 51
5 2 40
5 3 42
5 4 4
6 0 4
6 1 74
6 2 71
6 3 43
6 4 48
6 5 49
7 0 61
7 1 67
7 2 52
7 3 11
7 4 32
7 5 46
7 6 77
8 0 52
8 1 72
8 2 71
8 3 36
8 4 57
8 5 68
8 6 75
8 7 61
9 0 73
9 1 60
9 2 41
9 3 35
9 4 55
9 5 67
9 6 44
9 7 10
9 8 51
10 0 23
10 1 71
10 2 23
10 3 44
10 4 66
10 5 55
10 6 11
10 7 67
10 8 22
10 9 8
11 0 71
11 1 5
11 2 49
11 3 30
11 4 46
11 5 65
11 6 31
11 7 32
11 8 75
11 9 2
11 10 57
12 0 19
12 1 7
12 2 58
12 3 21
12 4 27
12 5 16
12 6 35
12 7 64
12 8 32
12 9 12
12 10 2
12 11 14
13 0 7
13 1 72
13 2 50
13 3 4
13 4 80
13 5 30
13 6 70
13 7 44
13 8 56
13 9 50
13 10 59
13 11 52
13 12 56
14 0 65
14 1 33
14 2 6
14 3 46
14 4 34
14 5 23
14 6 79
14 7 62
14 8 35
14 9 1
14 10 57
14 11 58
14 12 43
14 13 73
15 0 17
15 1 20
15 2 51
15 3 34
15 4 21
15 5 34
15 6 14
15 7 25
15 8 32
15 9 43
15 10 80
15 11 71
15 12 76
15 13 44
15 14 73
16 0 30
16 1 5
16 2 21
16 3 78
16 4 9
16 5 27
16 6 25
16 7 24
16 8 34
16 9 27
16 10 35
16 11 73
16 12 20
16 13 34
16 14 60
16 15 73
17 0 60
17 1 33
17 2 71
17 3 75
17 4 54
17 5 9
17 6 39
17 7 57
17 8 11
17 9 58
17 10 5
17 11 18
17 12 74
17 13 55
17 14 31
17 15 66
17 16 66
18 0 30
18 1 2
18 2 8
18 3 19
18 4 65
18 5 33
18 6 47
18 7 26
18 8 22
18 9 72
18 10 42
18 11 27
18 12 36
18 13 29
18 14 12
18 15 63
18 16 43
18 17 38
19 0 37
19 1 71
19 2 30
19 3 64
19 4 13
19 5 10
19 6 51
19 7 14
19 8 42
19 9 5
19 10 45
19 11 76
19 12 7
19 13 57
19 14 60
19 15 26
19 16 49
19 17 75
19 18 9
20 0 58
20 1 56
20 2 76
20 3 70
20 4 62
20 5 68
20 6 65
20 7 18
20 8 51
20 9 7
20 10 20
20 11 14
20 12 49
20 13 23
20 14 41
20 15 42
20 16 6
20 17 66
20 18 76
20 19 7
21 0 42
21 1 16
21 2 45
21 3 42
21 4 14
21 5 63
21 6 52
21 7 48
21 8 9
21 9 78
21 10 24
21 11 37
21 12 22
21 13 1
21 14 41
21 15 31
21 16 60
21 17 49
21 18 77
21 19 14
21 20 72
22 0 15
22 1 73
22 2 80
22 3 45
22 4 74
22 5 48
22 6 37
22 7 19
22 8 27
22 9 11
22 10 3
22 11 75
22 12 9
22 13 2
22 14 35
22 15 24
22 16 80
22 17 28
22 18 25
22 19 80
22 20 27
22 21 47
23 0 28
23 1 39
23 2 45
23 3 48
23 4 73
23 5 64
23 6 37
23 7 80
23 8 35
23 9 68
23 10 23
23 11 18
23 12 39
23 13 31
23 14 68
23 15 71
23 16 13
23 17 56
23 18 26
23 19 15
23 20 12
23 21 43
23 22 26
24 0 44
24 1 49
24 2 3
24 3 33
24 4 63
24 5 65
24 6 40
24 7 17
24 8 26
24 9 16
24 10 23
24 11 57
24 12 31
24 13 7
24 14 24
24 15 43
24 16 15
24 17 38
24 18 59
24 19 12
24 20 38
24 21 39
24 22 5
24 23 20
25 0 79
25 1 32
25 2 35
25 3 1
25 4 56
25 5 34
25 6 78
25 7 58
25 8 71
25 9 46
25 10 59
25 11 5
25 12 29
25 13 27
25 14 11
25 15 9
25 16 39
25 17 79
25 18 20
25 19 61
25 20 60
25 21 54
25 22 14
25 23 10
25 24 4
26 0 60
26 1 44
26 2 14
26 3 76
26 4 78
26 5 57
26 6 52
26 7 42
26 8 25
26 9 15
26 10 77
26 11 49
26 12 66
26 13 42
26 14 56
26 15 49
26 16 52
26 17 42
26 18 72
26 19 5
26 20 79
26 21 51
26 22 18
26 23 51
26 24 77
26 25 64
27 0 52
27 1 35
27 2 22
27 3 8
27 4 31
27 5 40
27 6 31
27 7 9
27 8 7
27 9 10
27 10 49
27 11 56
27 12 45
27 13 24
27 14 10
27 15 48
27 16 53
27 17 22
27 18 79
27 19 21
27 20 63
27 21 20
27 22 51
27 23 39
27 24 41
27 25 48
27 26 35
28 0 4
28 1 4
28 2 10
28 3 19
28 4 28
28 5 48
28 6 16
28 7 77
28 8 48
28 9 75
28 10 78
28 11 63
28 12 24
28 13 39
28 14 61
28 15 40
28 16 63
28 17 12
28 18 37
28 19 63
28 20 31
28 21 16
28 22 53
28 23 68
28 24 19
28 25 30
28 26 37
28 27 39
29 0 65
29 1 61
29 2 48
29 3 47
29 4 73
29 5 6
29 6 14
29 7 40
29 8 35
29 9 61
29 10 2
29 11 75
29 12 21
29 13 43
29 14 50
29 15 28
29 16 12
29 17 51
29 18 8
29 19 60
29 20 29
29 21 69
29 22 52
29 23 50
29 24 37
29 25 77
29 26 39
29 27 23
29 28 47
