50
1 0 7
2 0 39
2 1 7
3 0 29
3 1 8
3 2 38
4 0 16
4 1 37
4 2 17
4 3 31
5 0 35
5 1 39
5 2 20
5 3 9
5 4 20
6 0 30
6 1 24
6 2 37
6 3 10
6 4 39
6 5 36
7 0 22
7 1 29
7 2 34
7 3 40
7 4 19
7 5 10
7 6 36
8 0 3
8 1 36
8 2 37
8 3 5
8 4 21
8 5 12
8 6 39
8 7 22
9 0 38
9 1 36
9 2 14
9 3 10
9 4 20
9 5 33
9 6 11
9 7 35
9 8 14
10 0 24
10 1 12
10 2 16
10 3 40
10 4 25
10 5 38
10 6 5
10 7 29
10 8 23
10 9 11
11 0 19
11 1 15
11 2 28
11 3 24
11 4 13
11 5 9
11 6 36
11 7 11
11 8 5
11 9 24
11 10 24
12 0 31
12 1 1
12 2 31
12 3 7
12 4 21
12 5 14
12 6 31
12 7 7
12 8 5
12 9 24
12 10 26
12 11 24
13 0 19
13 1 28
13 2 8
13 3 13
13 4 32
13 5 38
13 6 36
13 7 40
13 8 8
13 9 10
13 10 37
13 11 9
13 12 22
14 0 14
14 1 14
14 2 35
14 3 4
14 4 4
14 5 33
14 6 27
14 7 15
14 8 6
14 9 19
14 10 26
14 11 38
14 12 23
14 13 32
15 0 34
15 1 39
15 2 11
15 3 28
15 4 23
15 5 7
15 6 40
15 7 39
15 8 3
15 9 10
15 10 28
15 11 35
15 12 4
15 13 28
15 14 12
16 0 32
16 1 12
16 2 3
16 3 39
16 4 35
16 5 35
16 6 32
16 7 39
16 8 4
16 9 13
16 10 3
16 11 8
16 12 18
16 13 40
16 14 26
16 15 40
17 0 3
17 1 31
17 2 14
17 3 15
17 4 13
17 5 8
17 6 31
17 7 4
17 8 12
17 9 36
17 10 19
17 11 17
17 12 17
17 13 2
17 14 14
17 15 37
17 16 29
18 0 3
18 1 20
18 2 2
18 3 16
18 4 8
18 5 13
18 6 26
18 7 15
18 8 10
18 9 40
18 10 25
18 11 9
18 12 31
18 13 12
18 14 16
18 15 19
18 16 32
18 17 13
19 0 37
19 1 10
19 2 14
19 3 12
19 4 7
19 5 39
19 6 25
19 7 28
19 8 28
19 9 3
19 10 24
19 11 19
19 12 21
19 13 21
19 14 22
19 15 28
19 16 13
19 17 4
19 18 14
20 0 17
20 1 32
20 2 2
20 3 36
20 4 23
20 5 38
20 6 30
20 7 3
20 8 18
20 9 3
20 10 24
20 11 22
20 12 32
20 13 5
20 14 20
20 15 5
20 16 34
20 17 28
20 18 31
20 19 35
21 0 25
21 1 29
21 2 22
21 3 10
21 4 21
21 5 23
21 6 18
21 7 17
21 8 28
21 9 10
21 10 7
21 11 36
21 12 2
21 13 37
21 14 11
21 15 21
21 16 35
21 17 27
21 18 32
21 19 25
21 20 4
22 0 33
22 1 10
22 2 12
22 3 40
22 4 17
22 5 32
22 6 23
22 7 36
22 8 14
22 9 3
22 10 36
22 11 34
22 12 2
22 13 5
22 14 39
22 15 20
22 16 17
22 17 26
22 18 3
22 19 40
22 20 1
22 21 11
23 0 17
23 1 37
23 2 4
23 3 17
23 4 36
23 5 4
23 6 9
23 7 18
23 8 26
23 9 36
23 10 32
23 11 30
23 12 39
23 13 33
23 14 17
23 15 1
23 16 31
23 17 36
23 18 36
23 19 6
23 20 22
23 21 9
23 22 24
24 0 39
24 1 4
24 2 18
24 3 10
24 4 22
24 5 15
24 6 40
24 7 14
24 8 33
24 9 16
24 10 29
24 11 40
24 12 20
24 13 15
24 14 37
24 15 30
24 16 19
24 17 27
24 18 30
24 19 18
24 20 18
24 21 37
24 22 9
24 23 27
25 0 22
25 1 25
25 2 19
25 3 5
25 4 23
25 5 5
25 6 14
25 7 24
25 8 31
25 9 17
25 10 27
25 11 40
25 12 8
25 13 28
25 14 15
25 15 16
25 16 21
25 17 6
25 18 28
25 19 31
25 20 23
25 21 28
25 22 36
25 23 6
25 24 27
26 0 24
26 1 4
26 2 16
26 3 40
26 4 37
26 5 29
26 6 30
26 7 29
26 8 32
26 9 40
26 10 30
26 11 28
26 12 12
26 13 36
26 14 13
26 15 35
26 16 36
26 17 13
26 18 9
26 19 32
26 20 28
26 21 20
26 22 30
26 23 26
26 24 28
26 25 37
27 0 36
27 1 3
27 2 38
27 3 36
27 4 37
27 5 15
27 6 19
27 7 15
27 8 16
27 9 37
27 10 4
27 11 27
27 12 38
27 13 6
27 14 25
27 15 36
27 16 10
27 17 39
27 18 2
27 19 1
27 20 7
27 21 36
27 22 26
27 23 30
27 24 1
27 25 39
27 26 16
28 0 36
28 1 12
28 2 24
28 3 27
28 4 29
28 5 6
28 6 14
28 7 18
28 8 22
28 9 4
28 10 31
28 11 17
28 12 15
28 13 7
28 14 36
28 15 29
28 16 33
28 17 16
28 18 11
28 19 1
28 20 3
28 21 35
28 22 18
28 23 20
28 24 34
28 25 21
28 26 39
28 27 33
29 0 33
29 1 1
29 2 13
29 3 34
29 4 23
29 5 1
29 6 5
29 7 9
29 8 9
29 9 18
29 10 37
29 11 26
29 12 21
29 13 3
29 14 16
29 15 27
29 16 29
29 17 13
29 18 9
29 19 10
29 20 22
29 21 32
29 22 25
29 23 17
29 24 13
29 25 22
29 26 2
29 27 38
29 28 31
30 0 23
30 1 14
30 2 24
30 3 20
30 4 4
30 5 28
30 6 13
30 7 18
30 8 6
30 9 37
30 10 1
30 11 21
30 12 35
30 13 3
30 14 5
30 15 3
30 16 25
30 17 18
30 18 11
30 19 9
30 20 15
30 21 6
30 22 4
30 23 18
30 24 20
30 25 12
30 26 23
30 27 30
30 28 27
30 29 5
31 0 26
31 1 39
31 2 15
31 3 23
31 4 37
31 5 1
31 6 19
31 7 26
31 8 38
31 9 32
31 10 31
31 11 35
31 12 38
31 13 13
31 14 18
31 15 2
31 16 11
31 17 13
31 18 28
31 19 9
31 20 4
31 21 12
31 22 17
31 23 17
31 24 27
31 25 22
31 26 7
31 27 16
31 28 24
31 29 8
31 30 4
32 0 29
32 1 29
32 2 27
32 3 22
32 4 2
32 5 25
32 6 23
32 7 21
32 8 35
32 9 33
32 10 25
32 11 40
32 12 23
32 13 10
32 14 7
32 15 3
32 16 23
32 17 20
32 18 33
32 19 19
32 20 24
32 21 33
32 22 15
32 23 12
32 24 21
32 25 8
32 26 37
32 27 39
32 28 13
32 29 31
32 30 23
32 31 2
33 0 6
33 1 8
33 2 30
33 3 18
33 4 17
33 5 4
33 6 18
33 7 27
33 8 22
33 9 32
33 10 2
33 11 28
33 12 26
33 13 11
33 14 40
33 15 21
33 16 12
33 17 35
33 18 31
33 19 3
33 20 14
33 21 26
33 22 11
33 23 14
33 24 9
33 25 27
33 26 36
33 27 12
33 28 14
33 29 21
33 30 14
33 31 1
33 32 9
34 0 30
34 1 36
34 2 33
34 3 38
34 4 18
34 5 25
34 6 16
34 7 35
34 8 17
34 9 31
34 10 19
34 11 11
34 12 18
34 13 14
34 14 10
34 15 4
34 16 6
34 17 22
34 18 25
34 19 21
34 20 17
34 21 27
34 22 12
34 23 36
34 24 26
34 25 24
34 26 26
34 27 32
34 28 9
34 29 36
34 30 26
34 31 30
34 32 29
34 33 12
35 0 33
35 1 37
35 2 6
35 3 4
35 4 40
35 5 10
35 6 34
35 7 18
35 8 22
35 9 18
35 10 6
35 11 1
35 12 11
35 13 24
35 14 30
35 15 5
35 16 5
35 17 39
35 18 14
35 19 20
35 20 12
35 21 38
35 22 15
35 23 12
35 24 30
35 25 29
35 26 9
35 27 36
35 28 27
35 29 37
35 30 39
35 31 31
35 32 40
35 33 1
35 34 5
36 0 9
36 1 24
36 2 38
36 3 31
36 4 2
36 5 29
36 6 18
36 7 26
36 8 10
36 9 10
36 10 17
36 11 19
36 12 16
36 13 12
36 14 28
36 15 2
36 16 10
36 17 29
36 18 10
36 19 18
36 20 33
36 21 6
36 22 3
36 23 28
36 24 33
36 25 30
36 26 31
36 27 34
36 28 16
36 29 1
36 30 36
36 31 26
36 32 13
36 33 2
36 34 11
36 35 12
37 0 15
37 1 9
37 2 13
37 3 38
37 4 12
37 5 6
37 6 31
37 7 24
37 8 25
37 9 21
37 10 8
37 11 13
37 12 21
37 13 2
37 14 19
37 15 36
37 16 39
37 17 17
37 18 9
37 19 22
37 20 11
37 21 20
37 22 20
37 23 38
37 24 30
37 25 30
37 26 12
37 27 6
37 28 35
37 29 32
37 30 6
37 31 32
37 32 13
37 33 23
37 34 7
37 35 34
37 36 28
38 0 14
38 1 30
38 2 26
38 3 34
38 4 33
38 5 38
38 6 9
38 7 14
38 8 37
38 9 25
38 10 1
38 11 37
38 12 36
38 13 15
38 14 12
38 15 14
38 16 10
38 17 35
38 18 8
38 19 17
38 20 40
38 21 31
38 22 7
38 23 2
38 24 31
38 25 19
38 26 38
38 27 18
38 28 25
38 29 23
38 30 25
38 31 31
38 32 19
38 33 29
38 34 14
38 35 13
38 36 26
38 37 32
39 0 33
39 1 25
39 2 34
39 3 12
39 4 12
39 5 25
39 6 25
39 7 37
39 8 2
39 9 8
39 10 4
39 11 31
39 12 28
39 13 15
39 14 25
39 15 34
39 16 12
39 17 2
39 18 15
39 19 18
39 20 20
39 21 9
39 22 15
39 23 5
39 24 4
39 25 1
39 26 10
39 27 31
39 28 25
39 29 33
39 30 34
39 31 15
39 32 7
39 33 19
39 34 11
39 35 8
39 36 11
39 37 10
39 38 9
40 0 36
40 1 13
40 2 11
40 3 28
40 4 16
40 5 22
40 6 15
40 7 9
40 8 21
40 9 2
40 10 21
40 11 12
40 12 3
40 13 13
40 14 22
40 15 33
40 16 26
40 17 20
40 18 19
40 19 20
40 20 8
40 21 12
40 22 8
40 23 23
40 24 17
40 25 9
40 26 29
40 27 17
40 28 20
40 29 20
40 30 20
40 31 35
40 32 13
40 33 40
40 34 31
40 35 9
40 36 34
40 37 34
40 38 15
40 39 7
41 0 28
41 1 30
41 2 4
41 3 20
41 4 23
41 5 5
41 6 5
41 7 2
41 8 29
41 9 15
41 10 7
41 11 40
41 12 28
41 13 8
41 14 24
41 15 7
41 16 13
41 17 27
41 18 10
41 19 8
41 20 10
41 21 19
41 22 6
41 23 8
41 24 29
41 25 11
41 26 6
41 27 11
41 28 16
41 29 24
41 30 37
41 31 21
41 32 24
41 33 21
41 34 21
41 35 3
41 36 28
41 37 24
41 38 33
41 39 37
41 40 3
42 0 20
42 1 19
42 2 16
42 3 40
42 4 38
42 5 2
42 6 3
42 7 18
42 8 40
42 9 18
42 10 4
42 11 32
42 12 17
42 13 14
42 14 5
42 15 14
42 16 18
42 17 14
42 18 31
42 19 1
42 20 22
42 21 23
42 22 35
42 23 2
42 24 2
42 25 15
42 26 7
42 27 7
42 28 3
42 29 6
42 30 5
42 31 40
42 32 28
42 33 25
42 34 3
42 35 5
42 36 38
42 37 31
42 38 31
42 39 21
42 40 6
42 41 22
43 0 5
43 1 6
43 2 14
43 3 1
43 4 33
43 5 33
43 6 38
43 7 16
43 8 34
43 9 28
43 10 8
43 11 13
43 12 11
43 13 1
43 14 27
43 15 9
43 16 34
43 17 8
43 18 25
43 19 26
43 20 3
43 21 27
43 22 38
43 23 38
43 24 7
43 25 35
43 26 9
43 27 24
43 28 26
43 29 3
43 30 28
43 31 5
43 32 27
43 33 19
43 34 34
43 35 15
43 36 24
43 37 13
43 38 6
43 39 27
43 40 32
43 41 34
43 42 22
44 0 39
44 1 8
44 2 1
44 3 4
44 4 7
44 5 3
44 6 29
44 7 35
44 8 10
44 9 30
44 10 27
44 11 3
44 12 18
44 13 14
44 14 8
44 15 12
44 16 17
44 17 36
44 18 35
44 19 24
44 20 17
44 21 20
44 22 15
44 23 2
44 24 9
44 25 34
44 26 5
44 27 14
44 28 12
44 29 36
44 30 31
44 31 8
44 32 20
44 33 12
44 34 15
44 35 18
44 36 10
44 37 23
44 38 36
44 39 38
44 40 28
44 41 25
44 42 12
44 43 30
45 0 4
45 1 31
45 2 23
45 3 9
45 4 19
45 5 20
45 6 11
45 7 4
45 8 32
45 9 20
45 10 16
45 11 21
45 12 14
45 13 36
45 14 38
45 15 25
45 16 28
45 17 18
45 18 2
45 19 4
45 20 25
45 21 21
45 22 33
45 23 6
45 24 29
45 25 29
45 26 21
45 27 14
45 28 1
45 29 23
45 30 4
45 31 18
45 32 12
45 33 1
45 34 20
45 35 15
45 36 37
45 37 40
45 38 26
45 39 27
45 40 4
45 41 31
45 42 18
45 43 7
45 44 3
46 0 37
46 1 17
46 2 30
46 3 35
46 4 23
46 5 35
46 6 22
46 7 39
46 8 34
46 9 30
46 10 29
46 11 26
46 12 20
46 13 16
46 14 33
46 15 35
46 16 35
46 17 3
46 18 9
46 19 9
46 20 40
46 21 31
46 22 18
46 23 5
46 24 21
46 25 32
46 26 39
46 27 6
46 28 17
46 29 4
46 30 5
46 31 21
46 32 36
46 33 17
46 34 4
46 35 33
46 36 5
46 37 24
46 38 1
46 39 30
46 40 10
46 41 28
46 42 33
46 43 7
46 44 15
46 45 30
47 0 15
47 1 37
47 2 37
47 3 12
47 4 31
47 5 13
47 6 32
47 7 3
47 8 9
47 9 3
47 10 27
47 11 14
47 12 26
47 13 1
47 14 19
47 15 3
47 16 28
47 17 1
47 18 19
47 19 19
47 20 25
47 21 40
47 22 25
47 23 40
47 24 7
47 25 37
47 26 26
47 27 30
47 28 5
47 29 39
47 30 8
47 31 27
47 32 3
47 33 12
47 34 11
47 35 8
47 36 9
47 37 27
47 38 25
47 39 7
47 40 26
47 41 36
47 42 15
47 43 8
47 44 11
47 45 24
47 46 33
48 0 26
48 1 10
48 2 24
48 3 35
48 4 10
48 5 24
48 6 27
48 7 10
48 8 29
48 9 27
48 10 30
48 11 28
48 12 36
48 13 6
48 14 25
48 15 3
48 16 18
48 17 3
48 18 2
48 19 24
48 20 40
48 21 2
48 22 13
48 23 28
48 24 20
48 25 24
48 26 3
48 27 32
48 28 32
48 29 14
48 30 33
48 31 3
48 32 40
48 33 3
48 34 15
48 35 32
48 36 35
48 37 29
48 38 15
48 39 21
48 40 32
48 41 6
48 42 5
48 43 34
48 44 22
48 45 10
48 46 5
48 47 16
49 0 1
49 1 13
49 2 17
49 3 16
49 4 3
49 5 1
49 6 34
49 7 9
49 8 17
49 9 36
49 10 1
49 11 13
49 12 31
49 13 2
49 14 9
49 15 23
49 16 28
49 17 16
49 18 36
49 19 16
49 20 17
49 21 34
49 22 9
49 23 18
49 24 34
49 25 1
49 26 3
49 27 6
49 28 31
49 29 19
49 30 6
49 31 25
49 32 18
49 33 28
49 34 15
49 35 3
49 36 20
49 37 7
49 38 25
49 39 8
49 40 30
49 41 5
49 42 17
49 43 16
49 44 5
49 45 11
49 46 12
49 47 5
49 48 3
