40
2 0 244
3 2 191
4 0 19
4 1 5
4 2 310
4 3 256
6 0 93
6 3 47
6 4 2
6 5 186
7 0 216
7 3 109
7 4 268
7 6 310
8 0 213
8 4 192
8 7 31
9 1 9
9 3 245
9 6 185
10 1 271
10 2 227
10 5 157
10 6 131
10 7 50
11 1 62
11 2 177
11 3 129
11 4 192
11 5 30
11 6 129
11 7 131
11 8 165
11 9 262
11 10 158
12 1 144
12 4 115
12 7 173
12 9 201
13 0 64
13 2 83
13 6 62
13 11 204
14 1 165
14 3 57
14 7 263
14 9 298
14 10 270
14 11 316
14 12 150
15 0 78
15 1 188
15 4 178
15 7 21
15 13 36
16 0 118
16 2 227
16 4 96
16 8 204
16 9 75
16 10 302
16 11 300
17 0 203
17 1 168
17 6 6
17 7 269
17 9 92
17 11 96
17 13 151
17 14 39
17 16 279
18 0 298
18 3 233
18 4 253
18 6 40
18 7 223
18 8 196
18 14 76
18 15 188
18 17 141
19 0 223
19 1 74
19 4 149
19 5 139
19 6 177
19 8 250
19 9 98
19 11 20
19 14 85
19 16 273
19 17 245
20 3 44
20 10 99
20 11 294
20 13 73
20 14 105
20 15 112
20 16 113
21 4 292
21 5 101
21 7 113
21 8 251
21 9 121
21 10 121
21 13 245
21 14 262
21 15 183
21 16 119
21 17 90
21 20 194
22 1 46
22 2 261
22 5 314
22 6 171
22 10 74
22 11 298
22 12 217
22 15 244
22 17 121
22 19 170
22 20 136
23 0 44
23 1 217
23 2 308
23 3 30
23 4 4
23 5 151
23 6 318
23 7 68
23 8 39
23 11 152
23 13 164
23 14 244
23 17 242
23 18 184
23 19 142
23 20 25
23 21 244
24 1 299
24 3 171
24 4 90
24 5 241
24 8 22
24 11 34
24 12 199
24 13 292
24 14 317
24 18 166
24 19 26
24 20 209
24 23 22
25 0 291
25 1 50
25 4 105
25 8 144
25 10 291
25 11 204
25 12 60
25 15 91
25 20 182
25 23 277
26 0 182
26 1 303
26 2 186
26 3 161
26 6 250
26 7 155
26 8 115
26 10 275
26 11 135
26 13 208
26 15 157
26 16 111
26 17 16
26 19 25
26 21 41
26 22 237
27 0 223
27 4 60
27 7 253
27 9 206
27 10 288
27 11 148
27 13 174
27 14 112
27 17 186
27 20 164
27 24 269
27 26 277
28 1 62
28 4 191
28 7 48
28 8 289
28 13 40
28 14 148
28 15 148
28 16 115
28 17 140
28 18 320
28 19 233
28 20 145
28 22 51
28 24 137
28 26 118
29 0 207
29 5 6
29 6 138
29 9 64
29 15 87
29 16 33
29 17 310
29 19 191
29 21 80
29 22 188
29 24 245
29 26 299
29 27 277
30 0 214
30 1 22
30 2 112
30 4 90
30 5 93
30 7 45
30 14 258
30 16 162
30 18 132
30 19 118
30 21 264
30 24 229
30 27 286
30 28 304
30 29 310
31 0 304
31 3 36
31 4 238
31 6 113
31 13 29
31 15 52
31 18 138
31 19 2
31 20 224
31 21 47
31 22 203
31 24 171
31 27 59
31 28 267
32 5 301
32 10 5
32 11 147
32 12 249
32 16 98
32 17 163
32 18 117
32 26 48
32 27 289
32 28 23
32 31 162
33 2 244
33 4 138
33 9 220
33 12 167
33 13 134
33 15 319
33 16 27
33 20 46
33 21 268
33 23 254
33 24 227
33 25 110
33 26 199
33 27 201
33 30 316
34 0 113
34 4 84
34 5 211
34 8 183
34 13 15
34 14 54
34 15 110
34 21 149
34 25 4
34 26 23
34 30 275
34 31 78
35 4 222
35 5 194
35 6 82
35 7 126
35 8 298
35 12 131
35 14 213
35 15 215
35 17 140
35 18 297
35 19 292
35 20 63
35 22 89
35 23 301
35 25 317
35 29 140
35 30 2
35 31 315
35 32 320
35 33 190
35 34 143
36 3 288
36 5 297
36 6 293
36 8 277
36 9 216
36 16 124
36 17 138
36 18 266
36 23 110
36 24 52
36 28 87
36 31 317
36 33 297
36 34 202
37 0 319
37 1 78
37 2 317
37 3 179
37 6 89
37 7 106
37 9 244
37 11 154
37 12 216
37 13 189
37 17 133
37 21 220
37 23 14
37 24 242
37 25 246
37 26 137
37 27 215
37 28 253
37 31 96
37 33 240
37 34 177
37 35 217
38 0 271
38 2 193
38 6 106
38 8 138
38 9 185
38 10 202
38 11 209
38 12 107
38 13 134
38 14 28
38 15 296
38 16 204
38 17 214
38 19 99
38 20 284
38 21 175
38 25 179
38 26 138
38 29 97
38 30 58
38 32 14
38 37 306
39 3 82
39 4 273
39 10 101
39 11 243
39 12 191
39 13 71
39 15 168
39 16 75
39 17 172
39 18 77
39 20 222
39 23 45
39 25 126
39 27 59
39 28 211
39 30 236
39 31 128
39 37 60
