60
4 2 22
5 2 34
6 1 31
7 0 32
8 7 9
10 1 17
11 3 21
11 4 27
11 5 7
11 10 35
12 0 3
12 1 35
12 5 29
12 8 17
12 11 15
13 8 32
14 0 32
15 5 26
15 7 22
15 11 29
16 1 38
16 2 9
16 10 14
16 14 27
17 5 5
17 10 16
18 14 16
18 16 18
18 17 14
19 2 14
19 6 15
19 13 8
19 14 35
19 17 39
20 0 13
20 11 34
21 0 8
21 5 1
21 10 1
21 17 12
21 19 37
22 1 25
22 10 1
22 11 19
22 12 12
23 3 8
23 12 36
23 17 16
23 21 2
23 22 11
24 0 13
24 6 12
24 9 40
24 10 8
24 20 29
24 22 37
25 16 16
26 3 23
26 5 19
26 6 30
26 9 23
26 16 23
26 20 32
27 6 35
27 13 9
27 22 39
28 0 10
28 7 33
28 13 23
28 25 20
28 27 26
29 2 31
29 9 15
29 28 6
30 0 35
30 6 28
30 9 7
30 12 17
30 16 5
30 20 27
31 9 28
31 14 20
31 15 4
31 17 31
31 23 40
31 29 21
32 3 32
32 4 26
32 10 4
32 13 20
32 28 3
33 7 10
33 8 33
33 10 10
33 13 27
33 14 36
33 20 37
33 26 37
34 4 27
34 8 19
34 9 35
34 11 32
34 18 28
34 22 14
34 27 22
34 32 34
35 0 18
35 14 27
35 17 10
35 28 25
35 30 34
35 31 40
35 34 10
36 7 20
36 13 4
36 14 9
36 15 38
36 18 15
36 25 2
36 28 10
36 33 8
37 1 9
37 2 3
37 6 19
37 13 39
37 20 20
37 28 22
37 34 3
37 36 35
38 9 19
38 12 24
38 16 12
38 24 33
38 26 26
38 33 34
39 0 2
39 2 23
39 5 27
39 14 37
39 15 14
39 21 33
39 24 1
39 30 13
39 38 30
40 22 37
40 25 23
40 26 6
40 35 4
40 36 37
40 38 9
41 2 23
41 5 14
41 6 17
41 8 23
41 10 23
41 19 21
41 20 30
42 6 4
42 16 2
42 29 4
42 33 27
42 34 12
42 37 13
42 39 34
43 1 8
43 19 28
43 20 37
43 30 36
43 35 32
44 7 23
44 13 2
44 16 4
44 19 3
44 26 27
44 31 19
44 33 19
45 9 26
45 25 24
45 31 2
45 37 17
45 41 15
45 42 22
46 2 12
46 4 17
46 6 7
46 8 25
46 11 40
46 12 6
46 17 26
46 18 28
46 28 32
46 36 29
46 37 32
46 38 2
46 43 10
47 8 29
47 17 21
47 19 17
47 28 22
47 33 3
47 34 22
47 38 37
47 40 40
47 42 19
48 3 24
48 4 38
48 10 12
48 11 37
48 13 32
48 26 40
48 27 6
48 31 33
48 44 34
49 0 19
49 11 18
49 12 3
49 23 12
49 24 24
49 35 14
49 43 20
49 48 28
50 12 17
50 14 19
50 20 9
50 23 35
50 27 16
50 28 36
50 29 9
50 38 38
50 42 1
50 44 34
50 46 7
51 2 5
51 6 36
51 8 27
51 17 26
51 21 24
51 23 15
51 24 36
51 25 31
51 26 8
51 38 28
51 39 10
51 43 11
51 45 36
51 46 5
51 49 31
51 50 14
52 0 12
52 1 32
52 10 28
52 16 1
52 18 40
52 20 7
52 23 6
52 27 38
52 28 8
52 29 36
52 38 34
52 41 8
53 11 24
53 15 3
53 17 20
53 18 32
53 19 37
53 23 34
53 27 24
53 29 28
53 32 34
53 33 4
53 39 20
53 48 39
53 50 4
53 51 30
53 52 2
54 0 5
54 6 16
54 9 3
54 25 31
54 28 22
54 36 39
54 45 38
54 47 17
55 10 11
55 11 12
55 18 2
55 19 3
55 24 28
55 29 27
55 41 29
55 42 29
55 43 31
55 51 30
55 52 7
55 53 32
56 2 27
56 7 22
56 13 8
56 14 6
56 19 19
56 22 16
56 25 10
56 26 30
56 29 30
56 32 23
56 34 36
56 39 3
56 40 22
56 45 34
56 48 27
56 55 26
57 1 33
57 9 29
57 11 28
57 15 34
57 17 10
57 22 16
57 27 4
57 44 15
57 45 7
57 49 12
58 7 1
58 15 11
58 19 3
58 24 16
58 30 10
58 36 30
58 37 38
58 48 35
58 54 27
58 56 12
59 5 22
59 8 33
59 11 16
59 16 13
59 22 18
59 27 23
59 29 2
59 31 26
59 37 27
59 38 31
59 39 12
59 40 6
59 41 37
59 46 17
59 54 30
