30
1 0 5
2 0 3
2 1 1
3 0 10
3 1 8
3 2 9
4 0 15
4 1 6
4 2 7
4 3 6
5 0 13
5 1 13
5 2 14
5 3 19
5 4 7
6 0 11
6 1 19
6 2 14
6 3 7
6 4 11
6 5 10
7 0 7
7 1 17
7 2 8
7 3 3
7 4 13
7 5 10
7 6 7
8 0 1
8 1 10
8 2 5
8 3 4
8 4 15
8 5 14
8 6 4
8 7 13
9 0 1
9 1 12
9 2 13
9 3 7
9 4 16
9 5 2
9 6 8
9 7 5
9 8 11
10 0 4
10 1 2
10 2 8
10 3 5
10 4 18
10 5 13
10 6 17
10 7 20
10 8 10
10 9 20
11 0 10
11 1 7
11 2 16
11 3 4
11 4 4
11 5 6
11 6 18
11 7 11
11 8 7
11 9 14
11 10 15
12 0 18
12 1 5
12 2 4
12 3 9
12 4 9
12 5 1
12 6 14
12 7 20
12 8 19
12 9 6
12 10 12
12 11 5
13 0 19
13 1 20
13 2 6
13 3 2
13 4 4
13 5 7
13 6 18
13 7 9
13 8 19
13 9 15
13 10 17
13 11 6
13 12 9
14 0 3
14 1 18
14 2 18
14 3 12
14 4 2
14 5 20
14 6 20
14 7 19
14 8 18
14 9 3
14 10 15
14 11 16
14 12 3
14 13 2
15 0 6
15 1 18
15 2 1
15 3 1
15 4 18
15 5 7
15 6 5
15 7 15
15 8 18
15 9 8
15 10 16
15 11 14
15 12 13
15 13 19
15 14 8
16 0 18
16 1 3
16 2 4
16 3 18
16 4 16
16 5 18
16 6 14
16 7 7
16 8 8
16 9 20
16 10 17
16 11 8
16 12 2
16 13 15
16 14 12
16 15 14
17 0 12
17 1 12
17 2 2
17 3 16
17 4 9
17 5 7
17 6 13
17 7 8
17 8 12
17 9 13
17 10 2
17 11 2
17 12 4
17 13 8
17 14 13
17 15 2
17 16 14
18 0 4
18 1 17
18 2 4
18 3 15
18 4 2
18 5 1
18 6 8
18 7 6
18 8 9
18 9 5
18 10 20
18 11 6
18 12 4
18 13 20
18 14 9
18 15 2
18 16 17
18 17 16
19 0 11
19 1 5
19 2 1
19 3 11
19 4 9
19 5 16
19 6 4
19 7 7
19 8 18
19 9 9
19 10 4
19 11 12
19 12 2
19 13 19
19 14 6
19 15 14
19 16 12
19 17 14
19 18 11
20 0 2
20 1 6
20 2 4
20 3 6
20 4 17
20 5 11
20 6 4
20 7 15
20 8 18
20 9 17
20 10 6
20 11 10
20 12 19
20 13 12
20 14 12
20 15 2
20 16 4
20 17 1
20 18 15
20 19 6
21 0 16
21 1 5
21 2 4
21 3 20
21 4 16
21 5 10
21 6 10
21 7 8
21 8 19
21 9 1
21 10 9
21 11 10
21 12 6
21 13 19
21 14 13
21 15 16
21 16 16
21 17 11
21 18 10
21 19 15
21 20 10
22 0 4
22 1 10
22 2 14
22 3 2
22 4 10
22 5 15
22 6 3
22 7 7
22 8 17
22 9 2
22 10 12
22 11 13
22 12 5
22 13 13
22 14 1
22 15 14
22 16 8
22 17 6
22 18 11
22 19 17
22 20 15
22 21 10
23 0 10
23 1 14
23 2 5
23 3 13
23 4 17
23 5 13
23 6 11
23 7 12
23 8 15
23 9 3
23 10 17
23 11 4
23 12 8
23 13 18
23 14 3
23 15 20
23 16 18
23 17 6
23 18 10
23 19 9
23 20 17
23 21 1
23 22 16
24 0 1
24 1 8
24 2 10
24 3 19
24 4 13
24 5 7
24 6 16
24 7 9
24 8 12
24 9 11
24 10 16
24 11 5
24 12 8
24 13 18
24 14 15
24 15 1
24 16 5
24 17 9
24 18 20
24 19 6
24 20 16
24 21 11
24 22 16
24 23 3
25 0 2
25 1 17
25 2 10
25 3 20
25 4 16
25 5 3
25 6 20
25 7 1
25 8 9
25 9 16
25 10 1
25 11 12
25 12 1
25 13 18
25 14 16
25 15 10
25 16 5
25 17 1
25 18 20
25 19 6
25 20 19
25 21 7
25 22 20
25 23 14
25 24 7
26 0 20
26 1 9
26 2 11
26 3 3
26 4 4
26 5 16
26 6 17
26 7 4
26 8 16
26 9 5
26 10 13
26 11 8
26 12 1
26 13 16
26 14 7
26 15 4
26 16 19
26 17 7
26 18 5
26 19 20
26 20 3
26 21 4
26 22 3
26 23 14
26 24 8
26 25 5
27 0 4
27 1 19
27 2 13
27 3 11
27 4 13
27 5 10
27 6 1
27 7 2
27 8 18
27 9 7
27 10 17
27 11 18
27 12 7
27 13 4
27 14 17
27 15 6
27 16 5
27 17 8
27 18 10
27 19 16
27 20 10
27 21 15
27 22 13
27 23 7
27 24 8
27 25 6
27 26 14
28 0 3
28 1 13
28 2 6
28 3 13
28 4 19
28 5 9
28 6 2
28 7 6
28 8 7
28 9 9
28 10 13
28 11 18
28 12 20
28 13 10
28 14 5
28 15 5
28 16 20
28 17 18
28 18 10
28 19 9
28 20 8
28 21 10
28 22 6
28 23 9
28 24 1
28 25 20
28 26 6
28 27 2
29 0 9
29 1 4
29 2 1
29 3 8
29 4 12
29 5 7
29 6 5
29 7 1
29 8 7
29 9 5
29 10 20
29 11 4
29 12 19
29 13 9
29 14 16
29 15 13
29 16 17
29 17 4
29 18 6
29 19 18
29 20 7
29 21 1
29 22 17
29 23 17
29 24 3
29 25 15
29 26 18
29 27 12
29 28 18
