50
1 0 1
2 1 5
3 1 10
3 2 1
4 0 7
4 1 6
4 3 3
5 0 8
5 1 8
5 2 1
5 4 1
6 0 9
6 1 4
6 2 3
6 4 2
6 5 5
7 0 8
7 1 2
7 3 6
8 0 10
8 2 1
8 3 6
8 4 10
8 5 5
8 6 10
8 7 1
9 4 7
9 6 10
9 7 5
9 8 1
10 0 3
10 1 8
10 2 2
10 3 5
10 6 9
10 7 4
10 8 5
10 9 8
11 0 7
11 1 8
11 3 4
11 7 7
11 9 7
12 0 4
12 1 3
12 2 9
12 5 5
12 7 3
12 9 7
12 10 8
13 4 8
13 7 8
13 10 2
13 12 10
14 4 9
14 6 8
14 7 8
14 8 10
14 10 5
14 11 7
15 0 1
15 3 1
15 4 4
15 8 8
15 12 3
15 13 2
15 14 1
16 1 3
16 2 10
16 3 10
16 4 1
16 6 4
16 7 4
16 9 4
16 11 2
16 12 9
16 13 5
16 14 5
16 15 4
17 0 9
17 1 6
17 2 2
17 4 6
17 7 7
17 11 6
17 12 2
17 13 8
17 14 1
17 16 5
18 1 8
18 6 1
18 7 2
18 8 9
18 9 2
18 10 2
18 12 6
18 13 3
18 14 9
18 15 3
18 17 6
19 1 2
19 6 6
19 8 10
19 10 10
19 11 1
19 12 5
19 14 6
19 15 4
19 17 3
20 1 3
20 2 8
20 3 9
20 4 1
20 5 10
20 6 4
20 8 8
20 10 8
20 12 5
20 13 10
20 14 4
21 0 5
21 1 10
21 2 6
21 4 2
21 5 4
21 6 10
21 8 1
21 10 5
21 13 10
21 14 9
21 15 7
21 16 8
21 19 6
21 20 7
22 0 3
22 3 6
22 4 1
22 6 3
22 8 5
22 11 1
22 14 10
22 19 8
22 20 7
23 2 4
23 3 1
23 4 6
23 5 3
23 6 3
23 7 7
23 8 5
23 9 9
23 10 3
23 12 4
23 14 6
23 15 3
23 16 9
23 19 10
23 21 5
23 22 10
24 0 3
24 2 9
24 3 4
24 4 9
24 5 3
24 7 9
24 10 7
24 11 3
24 13 1
24 14 7
24 16 10
24 17 1
24 18 5
24 19 6
24 20 10
24 21 2
24 23 10
25 0 9
25 2 1
25 4 3
25 6 7
25 7 10
25 9 1
25 11 4
25 13 5
25 14 10
25 15 6
25 17 2
25 20 10
25 21 4
25 22 4
26 2 3
26 3 6
26 4 6
26 6 4
26 9 4
26 10 10
26 13 1
26 16 6
26 19 2
26 20 3
26 21 9
26 22 10
26 23 9
26 25 2
27 0 8
27 2 5
27 9 10
27 10 8
27 11 6
27 16 7
27 20 5
27 21 1
27 25 9
28 0 3
28 2 5
28 3 4
28 5 5
28 8 3
28 9 8
28 10 10
28 12 9
28 14 2
28 17 6
28 18 1
28 21 3
28 24 9
28 27 4
29 0 1
29 3 8
29 4 3
29 6 5
29 7 2
29 9 3
29 10 2
29 11 6
29 12 6
29 13 2
29 16 1
29 17 3
29 18 2
29 19 2
29 20 8
29 21 10
29 22 10
29 25 8
29 26 5
29 27 7
30 1 3
30 3 10
30 4 6
30 5 5
30 7 6
30 9 1
30 10 9
30 12 2
30 13 1
30 16 3
30 17 4
30 19 5
30 20 6
30 22 6
30 23 9
30 24 8
30 25 3
30 26 10
30 27 5
30 28 5
31 2 9
31 5 3
31 6 3
31 7 10
31 8 8
31 10 10
31 13 10
31 17 5
31 18 6
31 21 9
31 22 7
31 27 2
31 29 6
31 30 5
32 0 4
32 1 7
32 2 4
32 3 6
32 8 9
32 9 5
32 10 9
32 11 3
32 12 4
32 13 5
32 14 10
32 20 2
32 23 8
32 24 4
32 25 2
32 26 2
32 27 3
32 29 8
32 31 6
33 2 5
33 4 5
33 7 2
33 8 5
33 10 10
33 11 4
33 12 5
33 13 5
33 15 7
33 16 5
33 17 6
33 19 7
33 21 9
33 25 5
33 26 9
33 27 5
33 28 4
33 32 3
34 2 1
34 5 2
34 6 6
34 7 6
34 8 6
34 10 4
34 11 8
34 12 3
34 13 9
34 14 1
34 15 6
34 16 7
34 19 7
34 20 6
34 22 6
34 25 10
34 26 1
34 27 8
34 28 4
34 29 7
34 30 8
34 31 6
34 32 1
34 33 7
35 1 8
35 3 7
35 4 6
35 5 4
35 6 1
35 8 9
35 10 4
35 12 5
35 13 8
35 15 8
35 16 10
35 24 4
35 25 2
35 26 5
35 30 1
35 31 10
35 34 9
36 4 2
36 6 7
36 7 10
36 13 2
36 14 1
36 15 3
36 16 9
36 17 9
36 19 10
36 21 1
36 23 7
36 27 10
36 28 5
36 29 7
36 31 4
36 32 4
36 33 2
36 34 5
37 0 10
37 1 10
37 3 8
37 4 9
37 6 3
37 7 6
37 8 6
37 9 8
37 10 3
37 13 3
37 15 3
37 17 10
37 18 3
37 19 3
37 20 8
37 22 4
37 26 3
37 27 5
37 28 6
37 29 7
37 34 9
37 35 5
37 36 8
38 3 5
38 5 2
38 6 1
38 7 2
38 8 2
38 9 3
38 10 1
38 12 2
38 13 5
38 15 1
38 18 3
38 19 10
38 20 5
38 21 6
38 23 3
38 24 5
38 26 6
38 28 4
38 29 8
38 30 7
38 31 6
38 32 2
38 34 10
38 36 1
38 37 1
39 4 7
39 5 1
39 6 7
39 8 9
39 9 3
39 12 5
39 14 5
39 18 10
39 19 7
39 20 6
39 22 2
39 24 8
39 25 7
39 26 4
39 27 10
39 28 8
39 30 9
39 32 10
39 35 2
39 36 10
39 38 1
40 1 2
40 2 7
40 7 4
40 8 10
40 9 10
40 10 4
40 11 10
40 14 7
40 15 9
40 16 1
40 17 4
40 19 6
40 22 8
40 23 5
40 27 1
40 28 6
40 30 1
40 31 1
40 32 2
40 33 4
40 34 7
40 35 2
41 1 10
41 5 6
41 7 10
41 9 9
41 10 9
41 11 9
41 12 10
41 13 1
41 15 1
41 16 3
41 17 1
41 19 5
41 21 1
41 22 4
41 26 2
41 29 2
41 30 8
41 31 7
41 34 2
41 35 3
41 40 4
42 0 1
42 1 5
42 2 8
42 3 8
42 4 9
42 5 6
42 8 5
42 9 9
42 10 8
42 14 1
42 17 2
42 20 1
42 21 6
42 22 6
42 24 10
42 25 3
42 27 4
42 31 3
42 33 2
42 34 10
42 35 3
42 37 1
42 38 1
42 39 4
42 40 6
42 41 2
43 3 7
43 6 3
43 8 1
43 11 5
43 14 5
43 16 3
43 19 6
43 20 7
43 22 8
43 23 3
43 25 1
43 27 9
43 28 3
43 30 9
43 31 2
43 32 1
43 33 5
43 34 10
43 35 7
43 37 9
43 40 2
43 42 3
44 1 10
44 4 6
44 5 9
44 8 2
44 9 9
44 11 5
44 12 1
44 13 5
44 14 10
44 15 5
44 17 6
44 18 10
44 20 9
44 21 8
44 24 10
44 25 1
44 29 7
44 30 9
44 31 5
44 32 8
44 33 5
44 34 8
44 35 3
44 38 7
44 39 6
45 0 9
45 1 10
45 4 7
45 8 5
45 9 7
45 10 5
45 11 3
45 12 1
45 13 10
45 14 5
45 15 5
45 17 7
45 18 10
45 19 5
45 21 7
45 22 1
45 26 7
45 28 6
45 29 7
45 30 10
45 31 5
45 32 3
45 33 8
45 36 2
45 37 6
45 38 3
45 39 7
45 40 8
45 43 1
45 44 7
46 0 2
46 2 10
46 3 4
46 5 6
46 6 8
46 9 7
46 10 3
46 15 1
46 18 2
46 21 2
46 22 3
46 23 9
46 25 7
46 28 4
46 30 2
46 32 4
46 34 5
46 35 8
46 38 9
46 40 7
46 42 4
46 43 4
46 45 2
47 0 1
47 1 5
47 2 4
47 4 8
47 6 2
47 10 1
47 11 6
47 12 2
47 13 6
47 16 2
47 19 1
47 20 3
47 21 3
47 23 5
47 24 3
47 27 8
47 29 3
47 30 9
47 32 10
47 33 6
47 34 3
47 35 9
47 37 1
47 39 2
47 41 9
47 42 10
47 43 3
47 44 9
47 45 2
47 46 1
48 0 1
48 1 8
48 5 4
48 6 6
48 7 10
48 8 5
48 10 4
48 15 10
48 17 2
48 18 8
48 19 3
48 21 8
48 22 9
48 23 5
48 24 10
48 25 9
48 28 6
48 29 10
48 30 5
48 31 6
48 34 9
48 35 4
48 36 1
48 38 3
48 40 2
48 41 3
48 42 1
48 43 8
48 46 1
49 2 10
49 3 6
49 4 8
49 7 7
49 8 2
49 9 4
49 11 9
49 12 7
49 14 2
49 18 4
49 19 8
49 20 6
49 21 8
49 22 4
49 23 7
49 26 8
49 27 1
49 28 10
49 32 1
49 33 5
49 34 10
49 35 7
49 36 2
49 39 8
49 42 9
49 43 5
49 44 7
49 46 7
49 47 7
49 48 5
