40
3 0 128
4 1 43
6 0 127
6 3 129
6 5 42
7 2 13
7 4 200
9 2 307
9 3 278
9 5 315
10 1 236
10 4 106
12 10 181
13 0 32
13 1 298
13 3 68
13 4 99
13 6 259
14 3 55
15 2 147
15 4 289
15 6 164
15 11 281
15 12 269
16 3 123
16 9 197
17 4 219
17 8 204
17 15 296
18 3 131
18 5 72
18 6 230
18 7 317
18 11 175
18 14 27
19 10 309
19 17 127
20 3 265
20 9 19
20 13 248
21 1 102
21 4 222
21 5 67
21 14 292
21 18 85
22 0 74
22 5 98
22 6 91
23 1 47
23 9 306
23 10 20
23 11 107
23 12 85
23 14 312
23 17 39
24 0 306
24 2 269
24 8 235
24 9 294
24 10 217
24 14 14
25 1 121
25 5 194
25 11 70
25 13 216
26 3 68
26 15 208
26 17 40
26 22 84
27 1 213
27 10 84
27 12 229
27 13 282
27 17 180
27 22 12
28 0 139
28 22 214
28 23 155
29 5 38
29 7 84
29 10 159
29 25 37
30 9 7
30 11 172
30 18 151
30 20 107
31 4 311
31 15 104
31 16 272
31 17 198
31 22 40
31 26 305
31 28 46
31 30 219
32 1 267
32 13 272
33 2 276
33 5 182
33 8 319
33 11 174
33 16 83
33 17 299
33 18 263
33 28 277
33 30 292
33 31 58
34 0 19
34 3 209
34 20 235
34 26 126
34 27 309
34 28 239
34 29 60
34 30 201
35 0 153
35 3 131
35 17 284
35 18 10
35 20 31
35 26 248
36 1 227
36 3 26
36 5 34
36 6 269
36 9 296
36 17 12
36 19 227
36 27 253
36 32 15
36 35 177
37 3 240
37 12 121
37 13 307
37 27 196
37 28 39
38 2 284
38 3 15
38 4 129
38 7 319
38 17 136
38 20 281
38 23 125
38 25 159
38 30 238
39 3 310
39 6 81
39 11 88
39 21 130
39 24 311
39 28 180
39 34 261
39 35 301
