60
7 1 65
11 3 154
11 6 19
12 11 72
13 7 131
14 3 106
15 0 65
15 1 103
15 6 159
15 12 106
16 3 137
16 7 83
17 15 140
19 1 113
19 2 83
20 8 157
21 4 46
21 8 61
22 0 7
22 13 144
23 0 45
23 7 148
23 8 87
23 19 41
23 22 91
25 0 37
25 4 75
25 9 40
26 5 1
26 13 120
27 3 128
27 22 38
28 9 30
28 14 35
28 20 48
29 9 139
29 10 96
29 15 74
29 20 70
30 15 155
30 18 127
30 20 82
30 21 119
31 0 85
31 11 139
31 19 70
31 20 160
32 2 36
32 3 116
32 11 87
32 12 41
32 23 29
32 24 141
33 4 85
33 25 74
33 28 24
33 29 56
34 1 38
34 2 19
34 7 89
34 26 98
35 3 41
35 6 18
35 23 160
35 28 113
36 2 85
36 7 74
36 8 89
36 16 149
36 18 109
36 27 52
37 0 32
37 6 72
37 26 124
37 30 160
38 1 61
38 15 120
38 20 41
38 27 95
38 30 137
39 2 129
39 17 19
39 33 119
40 20 115
40 23 138
40 33 8
41 7 63
41 24 141
41 27 71
42 23 120
42 36 134
43 4 4
43 21 92
43 31 129
43 34 79
43 42 25
44 0 113
44 3 149
44 8 2
44 11 157
44 13 118
44 18 20
44 31 40
45 19 47
45 29 86
45 39 134
46 1 7
46 12 48
46 14 124
46 17 57
46 20 72
46 28 109
47 1 145
47 8 67
47 21 111
47 24 20
47 28 43
47 38 76
48 21 147
48 23 18
48 38 79
48 42 56
49 3 129
49 4 142
49 10 53
49 20 155
49 35 118
49 38 9
49 40 112
49 47 10
49 48 6
50 5 90
50 8 112
50 12 63
50 29 62
50 40 7
51 0 110
51 6 89
51 16 150
51 17 38
51 23 79
51 29 129
51 32 55
51 33 1
52 4 134
52 5 153
52 10 132
52 16 133
53 0 124
53 8 78
53 11 97
53 17 88
53 18 56
53 39 96
53 51 126
54 1 134
54 3 52
54 12 61
54 36 80
54 47 73
55 10 125
55 28 120
55 30 85
55 50 70
56 2 8
56 3 118
56 5 138
56 35 80
57 11 13
57 14 66
57 20 142
57 33 140
57 43 65
57 55 99
58 3 56
58 16 156
58 17 139
58 46 72
59 0 68
59 1 12
59 5 94
59 9 29
59 10 48
59 15 94
59 18 66
59 23 41
59 31 146
59 33 133
59 34 126
59 35 61
59 43 132
59 47 18
59 54 15
59 56 156
