60
1 0 7
2 0 60
2 1 14
4 0 140
4 3 1
5 3 37
6 0 59
6 1 43
6 2 15
6 3 30
7 0 159
7 3 83
7 5 47
7 6 108
8 1 58
8 2 52
8 3 2
8 5 35
9 3 59
9 4 97
9 8 92
10 1 100
10 2 44
10 5 154
10 7 156
10 8 10
10 9 149
11 0 125
11 1 65
11 2 99
11 3 63
11 5 93
11 6 26
11 7 18
11 8 114
11 10 31
12 1 57
12 2 28
12 3 76
12 4 26
12 5 122
12 6 22
12 8 68
12 9 126
12 11 12
13 11 131
13 12 27
14 0 79
14 1 45
14 2 159
14 4 18
14 5 131
14 6 12
14 7 81
14 8 134
14 9 33
14 10 115
14 11 13
14 13 6
15 0 146
15 1 16
15 2 10
15 4 26
15 5 135
15 6 28
15 8 30
15 9 105
15 11 106
15 12 104
15 13 100
15 14 27
16 0 116
16 3 112
16 4 141
16 8 31
16 9 19
16 10 64
16 12 67
16 13 78
16 15 158
17 0 128
17 1 156
17 6 133
17 9 9
17 10 129
17 11 134
17 14 54
17 15 154
17 16 79
18 0 78
18 1 80
18 3 30
18 4 85
18 8 80
18 10 98
18 11 40
18 12 31
18 14 10
19 1 48
19 2 84
19 4 72
19 5 74
19 7 156
19 11 51
19 12 110
19 13 30
19 15 116
19 16 110
19 17 69
20 0 74
20 1 132
20 2 149
20 4 56
20 6 50
20 7 29
20 9 93
20 10 88
20 12 142
20 13 81
20 14 34
20 15 39
20 16 157
20 18 56
21 3 123
21 4 124
21 5 122
21 6 25
21 7 23
21 8 154
21 11 113
21 13 84
21 14 13
21 16 105
21 17 157
21 18 24
21 19 46
21 20 6
22 0 112
22 1 132
22 3 113
22 5 5
22 6 107
22 9 99
22 10 7
22 12 44
22 13 53
22 14 99
22 15 117
22 17 154
22 18 88
22 20 75
23 2 49
23 3 157
23 7 102
23 10 33
23 12 117
23 13 62
23 14 134
23 15 137
23 16 83
23 21 64
23 22 72
24 0 111
24 1 148
24 2 112
24 3 31
24 4 56
24 5 92
24 6 125
24 7 35
24 12 82
24 13 47
24 15 118
24 17 34
24 18 105
24 20 16
24 22 3
25 0 44
25 1 100
25 4 90
25 6 71
25 7 39
25 9 84
25 11 133
25 15 76
25 17 111
25 21 52
25 22 34
26 0 9
26 1 119
26 2 16
26 4 27
26 7 57
26 11 76
26 12 86
26 14 111
26 15 101
26 16 81
26 17 124
26 18 97
26 19 34
26 20 149
26 21 119
26 22 74
26 23 156
26 24 158
26 25 100
27 1 86
27 5 25
27 7 57
27 9 21
27 10 135
27 11 123
27 14 149
27 15 106
27 16 58
27 22 79
27 23 142
28 0 152
28 2 47
28 3 117
28 4 83
28 5 60
28 9 132
28 10 136
28 11 45
28 13 91
28 15 46
28 17 104
28 18 75
28 19 96
28 20 152
28 21 6
28 23 103
28 24 67
28 25 2
28 26 67
28 27 55
29 0 39
29 2 151
29 3 25
29 4 99
29 8 156
29 10 84
29 15 51
29 16 16
29 18 110
29 20 28
29 23 114
29 24 39
29 25 94
29 28 127
30 0 103
30 1 90
30 2 148
30 5 158
30 6 126
30 7 110
30 8 38
30 9 91
30 10 53
30 11 90
30 12 6
30 13 49
30 15 114
30 18 66
30 19 153
30 21 75
30 22 116
30 24 1
30 25 24
30 26 92
31 1 12
31 6 134
31 8 144
31 9 126
31 10 68
31 11 39
31 13 63
31 14 55
31 18 110
31 19 27
31 22 9
31 24 26
31 25 46
31 26 127
31 27 104
31 29 84
31 30 106
32 2 51
32 4 156
32 6 55
32 8 86
32 9 98
32 12 128
32 14 117
32 15 159
32 16 1
32 18 61
32 19 88
32 23 36
32 24 138
32 26 136
32 28 136
32 29 126
32 30 107
32 31 127
33 0 139
33 2 11
33 4 49
33 5 131
33 6 16
33 7 33
33 11 107
33 12 44
33 15 128
33 16 1
33 17 159
33 19 150
33 21 101
33 25 142
33 26 125
33 27 87
33 29 146
33 31 111
33 32 105
34 1 47
34 3 15
34 4 116
34 5 37
34 6 19
34 7 123
34 8 26
34 9 98
34 10 66
34 15 85
34 19 61
34 20 68
34 21 90
34 22 110
34 25 118
34 27 20
34 28 56
34 29 13
34 31 62
34 32 43
34 33 54
35 1 67
35 7 43
35 11 159
35 13 52
35 15 153
35 16 159
35 17 49
35 18 30
35 19 2
35 21 99
35 22 124
35 24 88
35 27 96
35 30 109
35 32 33
35 33 87
35 34 61
36 1 158
36 2 23
36 4 69
36 5 147
36 7 67
36 8 122
36 9 156
36 10 88
36 11 62
36 12 48
36 13 158
36 14 23
36 15 80
36 16 13
36 18 92
36 19 74
36 20 47
36 22 128
36 23 46
36 25 102
36 26 138
36 29 55
36 30 152
36 31 158
36 35 110
37 0 78
37 1 125
37 4 112
37 5 69
37 6 65
37 7 160
37 14 26
37 16 138
37 17 135
37 23 89
37 25 52
37 27 93
37 28 145
37 29 142
37 30 101
37 33 91
37 34 93
37 35 76
37 36 104
38 6 85
38 8 137
38 9 102
38 11 90
38 12 136
38 14 16
38 15 51
38 17 147
38 18 55
38 19 98
38 20 38
38 21 160
38 22 139
38 23 46
38 24 14
38 25 119
38 27 34
38 28 141
38 30 38
38 31 117
38 32 78
38 34 145
38 36 109
38 37 27
39 0 64
39 3 139
39 4 48
39 5 139
39 6 85
39 7 25
39 8 76
39 9 89
39 10 47
39 12 136
39 13 99
39 14 152
39 16 77
39 18 60
39 20 96
39 22 123
39 23 98
39 25 111
39 28 110
39 30 89
39 37 78
40 1 3
40 2 62
40 3 155
40 4 72
40 5 51
40 8 158
40 10 122
40 11 159
40 13 52
40 15 136
40 16 121
40 17 156
40 19 87
40 21 72
40 23 90
40 24 75
40 28 13
40 30 98
40 34 108
40 36 17
40 37 107
40 38 84
41 0 131
41 2 31
41 3 118
41 4 120
41 8 52
41 9 134
41 10 90
41 11 120
41 12 35
41 13 113
41 14 64
41 16 72
41 17 2
41 19 21
41 20 20
41 21 118
41 22 46
41 24 19
41 25 121
41 26 9
41 28 158
41 29 19
41 30 27
41 31 134
41 35 42
41 40 55
42 0 74
42 1 7
42 2 63
42 3 17
42 4 65
42 8 112
42 9 6
42 10 78
42 11 108
42 12 144
42 14 24
42 15 133
42 20 143
42 21 66
42 23 88
42 26 154
42 28 147
42 29 139
42 30 131
42 32 9
42 33 83
42 38 53
42 39 93
42 40 62
42 41 123
43 0 13
43 1 106
43 5 51
43 7 151
43 8 113
43 9 19
43 11 6
43 13 2
43 14 55
43 15 42
43 16 39
43 20 138
43 21 153
43 23 98
43 27 17
43 28 64
43 29 62
43 30 18
43 31 153
43 35 140
43 38 76
43 39 145
43 41 12
43 42 117
44 0 54
44 2 98
44 4 126
44 5 133
44 7 132
44 8 128
44 12 113
44 13 128
44 15 123
44 16 21
44 17 150
44 19 101
44 21 11
44 22 112
44 25 114
44 26 16
44 27 69
44 28 142
44 29 54
44 30 136
44 31 126
44 32 135
44 34 125
44 35 64
44 36 81
44 37 76
44 38 99
44 39 117
44 40 93
45 0 133
45 1 16
45 3 130
45 5 82
45 8 158
45 10 159
45 11 127
45 12 75
45 13 30
45 14 61
45 16 54
45 17 160
45 18 77
45 21 159
45 27 116
45 29 127
45 32 89
45 34 99
45 35 79
45 36 38
45 37 135
45 42 12
45 43 88
46 3 68
46 5 139
46 6 85
46 7 135
46 8 153
46 9 153
46 10 137
46 12 160
46 13 85
46 15 46
46 17 2
46 18 72
46 19 142
46 21 34
46 23 89
46 24 133
46 25 50
46 26 114
46 28 142
46 29 2
46 30 137
46 35 135
46 36 48
46 37 88
46 38 132
46 39 160
46 40 151
46 41 46
46 44 160
46 45 130
47 0 105
47 1 154
47 2 8
47 4 41
47 5 22
47 6 46
47 7 80
47 8 120
47 10 15
47 14 27
47 16 116
47 17 23
47 18 69
47 20 75
47 21 28
47 22 158
47 24 120
47 25 160
47 26 76
47 28 141
47 32 62
47 34 42
47 36 155
47 37 125
47 38 80
47 39 134
47 40 78
47 41 139
47 43 24
47 46 17
48 1 75
48 2 105
48 4 30
48 5 118
48 6 11
48 7 46
48 8 70
48 9 116
48 10 51
48 16 19
48 18 158
48 19 52
48 20 66
48 21 142
48 23 107
48 26 148
48 28 77
48 30 33
48 31 76
48 32 23
48 33 88
48 34 31
48 35 15
48 36 19
48 38 33
48 39 8
48 42 108
48 43 42
48 46 6
48 47 105
49 0 108
49 2 72
49 4 102
49 6 130
49 7 109
49 9 64
49 10 159
49 11 30
49 12 23
49 14 108
49 15 94
49 16 24
49 17 63
49 18 72
49 20 100
49 21 20
49 22 155
49 23 14
49 25 128
49 28 95
49 29 29
49 31 45
49 34 113
49 35 142
49 36 72
49 37 128
49 40 23
49 41 114
49 43 116
49 47 51
49 48 35
50 0 112
50 4 123
50 7 100
50 8 39
50 12 57
50 13 16
50 14 25
50 16 98
50 17 91
50 18 109
50 19 89
50 21 31
50 22 40
50 24 128
50 25 139
50 26 89
50 32 86
50 35 22
50 36 11
50 37 9
50 39 64
50 40 130
50 41 117
50 42 64
50 43 149
50 44 114
50 46 22
50 47 32
50 48 149
50 49 89
51 0 93
51 1 103
51 2 53
51 3 82
51 4 28
51 6 57
51 7 118
51 9 23
51 10 93
51 11 155
51 12 137
51 14 151
51 16 41
51 20 84
51 21 156
51 23 101
51 25 4
51 30 101
51 32 132
51 33 133
51 34 43
51 36 24
51 38 66
51 39 98
51 40 23
51 41 111
51 42 13
51 43 128
51 44 56
51 45 102
51 46 117
51 47 124
51 48 125
51 49 40
51 50 151
52 1 23
52 2 153
52 5 133
52 7 71
52 8 61
52 14 31
52 15 37
52 21 101
52 24 48
52 25 48
52 26 22
52 27 114
52 29 32
52 30 95
52 31 152
52 34 71
52 35 110
52 36 21
52 37 131
52 41 68
52 42 7
52 44 92
52 47 50
52 48 65
52 51 85
53 1 138
53 2 3
53 3 86
53 4 63
53 5 136
53 6 157
53 7 147
53 8 130
53 12 84
53 15 119
53 17 3
53 18 133
53 20 98
53 21 30
53 22 53
53 24 57
53 25 72
53 26 50
53 29 10
53 31 152
53 33 52
53 36 24
53 37 38
53 39 122
53 42 136
53 46 158
53 48 121
53 49 159
53 51 8
54 0 1
54 1 85
54 2 133
54 3 65
54 5 2
54 7 52
54 8 101
54 11 90
54 12 146
54 15 69
54 16 32
54 18 17
54 20 63
54 21 77
54 22 37
54 27 90
54 29 47
54 31 20
54 32 99
54 33 14
54 34 116
54 35 83
54 36 4
54 39 80
54 40 110
54 41 12
54 42 101
54 44 8
54 45 149
54 46 31
54 47 61
54 49 18
54 52 70
54 53 120
55 0 133
55 4 95
55 7 42
55 8 27
55 9 157
55 11 63
55 12 83
55 13 20
55 14 121
55 16 22
55 17 39
55 19 133
55 24 26
55 27 23
55 28 154
55 30 25
55 31 13
55 32 47
55 34 148
55 35 72
55 36 146
55 44 156
55 45 130
55 48 141
55 51 78
55 53 104
56 2 51
56 3 91
56 4 20
56 5 82
56 6 5
56 7 17
56 10 37
56 12 109
56 13 129
56 15 121
56 16 67
56 17 104
56 18 140
56 21 130
56 22 119
56 24 138
56 25 150
56 26 74
56 28 32
56 30 27
56 33 79
56 34 90
56 36 142
56 37 132
56 38 110
56 39 3
56 42 115
56 43 81
56 44 90
56 45 24
56 47 106
56 48 128
56 49 88
56 50 5
56 52 73
56 54 134
57 0 9
57 2 126
57 3 43
57 4 146
57 5 88
57 7 97
57 10 37
57 11 132
57 12 1
57 13 40
57 14 31
57 15 15
57 17 45
57 18 57
57 19 148
57 21 52
57 26 126
57 27 107
57 30 138
57 32 136
57 33 151
57 34 30
57 35 80
57 39 45
57 41 103
57 42 157
57 43 17
57 44 106
57 45 66
57 46 122
57 47 106
57 48 72
57 50 101
57 52 100
57 53 117
57 55 77
57 56 87
58 0 22
58 2 75
58 4 61
58 6 11
58 7 112
58 8 160
58 9 37
58 10 70
58 13 140
58 14 67
58 15 56
58 16 105
58 17 72
58 19 86
58 20 131
58 21 59
58 23 94
58 25 137
58 26 9
58 27 151
58 28 62
58 31 152
58 32 1
58 33 160
58 35 122
58 36 83
58 37 127
58 39 124
58 40 64
58 41 6
58 42 56
58 45 108
58 47 60
58 48 112
58 49 24
58 50 77
58 51 94
58 52 139
58 54 8
58 55 17
58 56 108
58 57 155
59 0 10
59 1 2
59 3 151
59 4 9
59 5 67
59 8 31
59 10 23
59 12 102
59 13 118
59 14 119
59 16 1
59 17 52
59 18 135
59 19 125
59 20 82
59 21 44
59 23 93
59 24 92
59 28 81
59 30 76
59 31 121
59 33 50
59 35 11
59 36 151
59 38 150
59 40 151
59 42 130
59 44 136
59 45 19
59 46 9
59 49 94
59 50 28
59 51 56
59 56 90
59 57 93
