30
1 0 62
2 0 98
2 1 91
3 0 228
3 1 111
3 2 96
4 0 232
4 1 289
4 2 18
4 3 160
5 0 18
5 1 216
5 2 221
5 3 77
5 4 51
6 0 176
6 1 10
6 2 297
6 3 214
6 4 141
6 5 120
7 0 118
7 1 269
7 2 307
7 3 3
7 4 142
7 5 301
7 6 261
8 0 58
8 1 177
8 2 271
8 3 137
8 4 274
8 5 131
8 6 273
8 7 301
9 0 266
9 1 54
9 2 272
9 3 58
9 4 38
9 5 299
9 6 115
9 7 117
9 8 180
10 0 43
10 1 44
10 2 169
10 3 42
10 4 109
10 5 81
10 6 306
10 7 129
10 8 143
10 9 301
11 0 55
11 1 24
11 2 122
11 3 185
11 4 61
11 5 200
11 6 220
11 7 184
11 8 35
11 9 135
11 10 219
12 0 31
12 1 95
12 2 274
12 3 13
12 4 271
12 5 208
12 6 115
12 7 304
12 8 102
12 9 249
12 10 119
12 11 89
13 0 99
13 1 13
13 2 189
13 3 114
13 4 177
13 5 250
13 6 26
13 7 80
13 8 247
13 9 71
13 10 30
13 11 237
13 12 171
14 0 267
14 1 211
14 2 109
14 3 210
14 4 56
14 5 93
14 6 320
14 7 33
14 8 146
14 9 122
14 10 142
14 11 193
14 12 129
14 13 44
15 0 70
15 1 130
15 2 36
15 3 36
15 4 287
15 5 296
15 6 2
15 7 214
15 8 19
15 9 60
15 10 18
15 11 318
15 12 298
15 13 107
15 14 285
16 0 138
16 1 280
16 2 191
16 3 160
16 4 92
16 5 23
16 6 152
16 7 182
16 8 118
16 9 22
16 10 23
16 11 224
16 12 288
16 13 24
16 14 246
16 15 28
17 0 195
17 1 56
17 2 242
17 3 111
17 4 28
17 5 258
17 6 14
17 7 182
17 8 231
17 9 66
17 10 314
17 11 275
17 12 268
17 13 208
17 14 149
17 15 275
17 16 267
18 0 228
18 1 90
18 2 13
18 3 133
18 4 277
18 5 96
18 6 254
18 7 78
18 8 32
18 9 155
18 10 181
18 11 193
18 12 149
18 13 295
18 14 183
18 15 289
18 16 212
18 17 102
19 0 277
19 1 30
19 2 21
19 3 217
19 4 240
19 5 113
19 6 281
19 7 36
19 8 275
19 9 186
19 10 72
19 11 5
19 12 111
19 13 188
19 14 137
19 15 3
19 16 17
19 17 5
19 18 248
20 0 138
20 1 179
20 2 107
20 3 148
20 4 81
20 5 162
20 6 170
20 7 204
20 8 226
20 9 190
20 10 81
20 11 191
20 12 4
20 13 46
20 14 180
20 15 204
20 16 307
20 17 35
20 18 185
20 19 45
21 0 87
21 1 305
21 2 199
21 3 252
21 4 313
21 5 248
21 6 217
21 7 29
21 8 79
21 9 174
21 10 85
21 11 185
21 12 119
21 13 141
21 14 13
21 15 108
21 16 284
21 17 174
21 18 232
21 19 239
21 20 5
22 0 135
22 1 57
22 2 197
22 3 286
22 4 123
22 5 230
22 6 12
22 7 95
22 8 127
22 9 313
22 10 223
22 11 260
22 12 306
22 13 301
22 14 142
22 15 213
22 16 134
22 17 302
22 18 103
22 19 213
22 20 187
22 21 233
23 0 144
23 1 311
23 2 169
23 3 290
23 4 117
23 5 202
23 6 298
23 7 126
23 8 243
23 9 39
23 10 162
23 11 202
23 12 237
23 13 95
23 14 62
23 15 237
23 16 320
23 17 169
23 18 69
23 19 271
23 20 176
23 21 295
23 22 71
24 0 83
24 1 295
24 2 275
24 3 21
24 4 73
24 5 306
24 6 97
24 7 309
24 8 156
24 9 191
24 10 188
24 11 29
24 12 249
24 13 101
24 14 206
24 15 257
24 16 18
24 17 29
24 18 271
24 19 43
24 20 46
24 21 10
24 22 318
24 23 67
25 0 291
25 1 40
25 2 22
25 3 212
25 4 118
25 5 208
25 6 243
25 7 104
25 8 61
25 9 77
25 10 308
25 11 216
25 12 176
25 13 222
25 14 230
25 15 273
25 16 101
25 17 297
25 18 80
25 19 74
25 20 304
25 21 237
25 22 41
25 23 266
25 24 230
26 0 85
26 1 229
26 2 31
26 3 319
26 4 78
26 5 117
26 6 251
26 7 250
26 8 174
26 9 28
26 10 3
26 11 238
26 12 178
26 13 199
26 14 227
26 15 131
26 16 113
26 17 53
26 18 10
26 19 78
26 20 241
26 21 45
26 22 141
26 23 264
26 24 225
26 25 254
27 0 173
27 1 106
27 2 200
27 3 164
27 4 285
27 5 2
27 6 188
27 7 38
27 8 108
27 9 118
27 10 152
27 11 173
27 12 201
27 13 101
27 14 181
27 15 205
27 16 107
27 17 121
27 18 32
27 19 33
27 20 107
27 21 252
27 22 261
27 23 187
27 24 126
27 25 39
27 26 171
28 0 202
28 1 198
28 2 201
28 3 64
28 4 13
28 5 243
28 6 193
28 7 15
28 8 191
28 9 225
28 10 108
28 11 248
28 12 144
28 13 194
28 14 160
28 15 269
28 16 176
28 17 150
28 18 19
28 19 108
28 20 272
28 21 63
28 22 4
28 23 6
28 24 77
28 25 112
28 26 184
28 27 139
29 0 140
29 1 55
29 2 202
29 3 88
29 4 80
29 5 197
29 6 156
29 7 113
29 8 302
29 9 136
29 10 115
29 11 267
29 12 224
29 13 160
29 14 22
29 15 202
29 16 92
29 17 37
29 18 268
29 19 36
29 20 162
29 21 225
29 22 92
29 23 162
29 24 12
29 25 89
29 26 285
29 27 205
29 28 218
