60
3 0 10
4 1 2
5 1 7
5 2 2
5 3 8
6 1 9
6 4 2
6 5 10
7 0 8
7 2 3
7 3 8
7 5 9
7 6 8
8 0 9
8 1 5
8 2 10
8 3 8
8 4 10
8 5 1
9 2 3
9 6 10
9 7 4
10 0 6
10 2 9
10 3 6
10 4 1
10 5 3
10 7 10
10 9 10
11 2 2
11 3 5
11 6 5
11 9 6
11 10 2
12 1 1
12 2 4
12 3 1
12 4 4
12 8 2
12 10 7
12 11 1
13 0 8
13 2 2
13 4 4
13 5 5
13 6 7
13 7 6
13 10 9
13 12 10
14 0 6
14 1 7
14 3 4
14 10 3
14 11 8
14 12 10
15 3 9
15 11 2
15 13 9
15 14 9
16 0 9
16 3 4
16 6 5
16 8 3
16 11 6
16 15 6
17 0 8
17 2 5
17 3 2
17 7 3
17 12 10
17 14 9
17 15 5
17 16 4
18 0 3
18 4 5
18 5 8
18 11 8
18 14 7
18 16 6
18 17 10
19 3 3
19 4 2
19 5 6
19 8 2
19 10 7
19 13 1
19 17 10
20 0 9
20 7 3
20 8 3
20 11 1
20 12 3
20 13 10
20 16 5
20 17 4
20 18 4
21 3 6
21 5 8
21 6 2
21 8 5
21 9 6
21 10 9
21 11 9
21 15 8
21 16 9
22 1 2
22 3 4
22 8 10
22 9 5
22 10 10
22 12 6
22 13 8
22 14 2
22 16 5
22 18 6
22 21 2
23 0 8
23 1 2
23 8 1
23 9 4
23 10 8
23 11 1
23 12 6
23 13 8
23 14 9
23 16 6
24 1 1
24 3 4
24 4 4
24 6 3
24 8 6
24 9 2
24 11 8
24 15 6
24 16 5
24 17 2
24 18 2
24 19 10
24 20 4
24 22 2
24 23 10
25 0 3
25 3 5
25 4 7
25 6 4
25 8 10
25 9 10
25 11 1
25 13 5
25 14 8
25 17 5
25 18 5
25 22 5
25 24 7
26 1 6
26 5 7
26 6 5
26 9 1
26 11 10
26 12 6
26 14 8
26 15 5
26 16 5
26 20 5
26 23 3
27 3 3
27 6 9
27 10 2
27 12 1
27 14 3
27 17 8
27 20 10
27 21 2
27 22 7
27 23 10
27 25 7
28 1 9
28 2 8
28 6 7
28 9 2
28 10 8
28 11 2
28 12 4
28 13 4
28 14 6
28 16 8
28 19 6
28 20 2
28 21 6
28 22 4
28 23 9
28 24 9
28 25 5
28 26 5
29 2 1
29 5 6
29 8 2
29 9 10
29 10 8
29 15 7
29 16 6
29 17 6
29 20 6
29 21 5
29 22 7
29 23 10
29 24 3
29 26 6
30 0 5
30 3 4
30 6 3
30 7 1
30 11 2
30 16 10
30 17 7
30 19 6
30 20 2
30 24 10
30 26 10
30 27 8
30 28 3
30 29 10
31 0 1
31 2 6
31 3 1
31 4 9
31 5 10
31 9 2
31 13 2
31 14 7
31 15 7
31 16 7
31 22 2
31 23 6
31 24 9
31 26 5
31 27 2
31 28 4
31 29 4
32 0 10
32 3 5
32 5 6
32 6 7
32 9 6
32 10 4
32 14 8
32 17 3
32 18 8
32 19 3
32 20 5
32 22 5
32 23 5
32 26 3
32 27 9
32 28 6
32 29 9
32 30 1
33 0 1
33 1 8
33 3 1
33 4 2
33 5 4
33 7 6
33 11 6
33 14 2
33 15 8
33 22 4
33 23 2
33 24 6
33 25 9
33 26 4
33 27 9
33 28 1
33 29 4
33 32 3
34 0 4
34 5 4
34 6 6
34 8 2
34 10 8
34 11 10
34 14 2
34 15 4
34 16 9
34 19 2
34 20 5
34 21 5
34 23 4
34 25 7
34 26 7
34 32 6
34 33 3
35 0 7
35 2 3
35 5 8
35 6 2
35 7 5
35 10 9
35 13 7
35 14 6
35 15 6
35 19 10
35 21 10
35 22 8
35 24 5
35 25 7
35 27 8
35 28 10
35 30 8
35 33 10
36 1 3
36 5 9
36 8 10
36 10 2
36 12 2
36 15 9
36 16 4
36 20 6
36 22 9
36 23 8
36 26 7
36 27 3
36 30 4
36 31 8
36 34 4
37 0 9
37 1 3
37 2 3
37 4 3
37 5 1
37 6 9
37 7 9
37 8 9
37 10 4
37 11 5
37 12 10
37 14 10
37 15 2
37 17 3
37 20 4
37 23 9
37 26 5
37 27 7
37 29 1
37 32 2
37 33 6
37 35 4
37 36 10
38 3 7
38 5 9
38 7 7
38 9 10
38 10 2
38 11 5
38 13 9
38 15 7
38 17 7
38 19 6
38 23 2
38 24 7
38 28 5
38 29 2
38 31 10
38 32 1
38 34 3
38 35 6
38 36 1
39 0 1
39 1 9
39 4 1
39 7 9
39 11 7
39 12 10
39 16 2
39 17 3
39 20 5
39 24 1
39 26 2
39 29 5
39 30 8
39 31 6
39 33 6
39 34 1
40 0 10
40 1 1
40 3 1
40 4 4
40 8 2
40 9 10
40 11 6
40 12 8
40 17 1
40 18 7
40 20 9
40 23 1
40 24 5
40 26 3
40 28 8
40 30 2
40 32 3
40 33 8
40 34 10
40 35 2
40 36 8
40 38 7
40 39 3
41 0 4
41 1 3
41 2 2
41 3 1
41 4 5
41 5 1
41 6 4
41 7 1
41 8 4
41 9 10
41 14 9
41 15 1
41 16 6
41 20 4
41 23 7
41 25 10
41 26 7
41 28 9
41 29 8
41 30 4
41 32 1
41 34 8
41 36 8
42 2 7
42 4 3
42 8 1
42 9 3
42 10 3
42 12 8
42 14 1
42 15 5
42 16 8
42 17 2
42 20 4
42 21 4
42 22 3
42 26 5
42 27 4
42 28 9
42 29 3
42 31 3
42 32 9
42 34 8
42 36 10
42 38 8
42 41 10
43 1 9
43 3 7
43 6 3
43 7 3
43 10 4
43 11 5
43 13 3
43 14 3
43 17 5
43 18 1
43 21 7
43 22 3
43 23 4
43 24 4
43 25 3
43 27 5
43 30 8
43 32 7
43 37 5
43 39 2
43 40 1
43 42 3
44 0 6
44 3 2
44 4 5
44 5 9
44 6 1
44 8 3
44 10 8
44 11 6
44 12 7
44 13 2
44 14 2
44 15 8
44 16 6
44 19 6
44 29 10
44 31 6
44 32 4
44 33 8
44 36 1
44 43 10
45 0 3
45 1 1
45 3 1
45 4 8
45 5 7
45 8 4
45 10 6
45 12 2
45 15 7
45 17 7
45 18 8
45 19 1
45 20 8
45 22 7
45 26 5
45 31 8
45 32 10
45 34 2
45 35 8
45 40 9
45 42 9
45 44 3
46 1 5
46 3 8
46 4 4
46 6 3
46 7 5
46 8 9
46 10 3
46 12 2
46 14 1
46 16 9
46 17 8
46 18 9
46 20 2
46 21 10
46 22 4
46 24 6
46 26 8
46 27 10
46 32 10
46 33 10
46 34 7
46 35 4
46 36 8
46 38 4
46 40 9
46 42 4
46 44 8
46 45 9
47 0 4
47 2 8
47 4 6
47 8 10
47 10 1
47 17 1
47 18 10
47 19 9
47 23 1
47 25 2
47 26 5
47 30 9
47 33 4
47 34 7
47 35 9
47 36 4
47 37 10
47 41 10
47 42 1
47 43 6
47 46 3
48 1 10
48 3 8
48 4 8
48 7 7
48 9 4
48 11 5
48 12 8
48 16 10
48 17 4
48 18 3
48 19 9
48 26 5
48 28 10
48 30 5
48 31 6
48 34 2
48 35 7
48 39 10
48 40 10
48 42 8
48 46 3
48 47 9
49 1 6
49 2 5
49 3 4
49 4 5
49 5 6
49 6 2
49 8 9
49 11 7
49 13 2
49 14 5
49 17 4
49 18 6
49 20 6
49 25 7
49 26 4
49 28 1
49 29 8
49 31 3
49 34 1
49 35 8
49 36 2
49 37 1
49 38 3
49 39 2
49 40 5
49 41 3
49 42 6
49 46 3
49 47 10
50 1 2
50 5 4
50 6 8
50 7 6
50 9 4
50 10 8
50 15 1
50 16 7
50 17 8
50 18 9
50 19 4
50 20 7
50 21 4
50 22 7
50 24 8
50 25 4
50 28 8
50 29 9
50 32 7
50 40 6
50 42 5
50 43 10
50 44 3
50 45 9
51 0 2
51 2 5
51 4 5
51 7 2
51 8 4
51 9 10
51 11 10
51 12 9
51 13 9
51 14 8
51 16 7
51 18 8
51 19 8
51 23 8
51 26 2
51 27 7
51 29 5
51 30 7
51 32 7
51 33 3
51 38 8
51 40 9
51 41 2
51 42 8
51 43 2
51 47 3
51 50 10
52 1 8
52 2 6
52 3 10
52 5 10
52 6 1
52 7 7
52 9 3
52 10 3
52 11 9
52 13 8
52 16 10
52 19 7
52 23 5
52 24 9
52 25 1
52 31 2
52 34 8
52 36 7
52 41 10
52 44 9
52 45 7
52 48 8
52 50 4
53 1 2
53 5 7
53 7 4
53 8 6
53 11 7
53 13 9
53 14 2
53 15 10
53 16 4
53 17 10
53 18 10
53 19 4
53 20 9
53 23 7
53 24 10
53 29 8
53 31 2
53 33 1
53 34 6
53 36 5
53 37 2
53 41 6
53 42 2
53 44 6
53 46 7
53 47 4
53 48 1
53 50 1
54 3 10
54 6 1
54 7 9
54 10 2
54 12 8
54 13 9
54 15 7
54 19 10
54 21 10
54 24 6
54 26 6
54 27 7
54 28 2
54 29 4
54 31 4
54 32 8
54 33 9
54 35 5
54 36 7
54 37 1
54 42 5
54 43 1
54 44 3
54 45 3
54 46 1
54 48 2
54 49 5
54 52 2
55 1 5
55 2 2
55 3 5
55 6 8
55 8 8
55 9 9
55 10 2
55 11 7
55 14 9
55 15 10
55 22 6
55 24 3
55 28 2
55 35 8
55 38 9
55 40 2
55 42 3
55 43 7
55 44 1
55 46 9
55 49 8
55 50 9
55 51 2
56 2 7
56 4 1
56 7 3
56 8 8
56 9 5
56 10 5
56 11 5
56 13 4
56 15 4
56 17 3
56 18 5
56 19 9
56 20 7
56 21 1
56 24 4
56 25 4
56 26 2
56 28 6
56 30 4
56 32 10
56 34 4
56 36 5
56 37 9
56 38 5
56 39 5
56 41 7
56 44 4
56 46 3
56 48 5
56 54 2
57 0 1
57 1 9
57 2 5
57 3 1
57 5 6
57 6 8
57 13 4
57 14 3
57 17 8
57 18 4
57 19 9
57 21 9
57 22 7
57 23 2
57 24 2
57 25 2
57 26 3
57 27 6
57 28 4
57 29 5
57 30 9
57 33 10
57 37 1
57 40 7
57 41 8
57 42 6
57 43 2
57 44 2
57 45 8
57 47 6
57 49 1
57 53 2
57 55 5
57 56 4
58 1 2
58 6 8
58 8 1
58 9 3
58 10 3
58 13 3
58 15 3
58 18 9
58 19 1
58 20 2
58 21 6
58 22 8
58 25 9
58 26 10
58 32 9
58 33 4
58 35 10
58 36 7
58 38 6
58 39 10
58 41 5
58 42 6
58 45 6
58 46 6
58 49 5
58 52 2
58 57 1
59 2 6
59 3 3
59 4 10
59 5 10
59 6 1
59 7 6
59 9 9
59 11 5
59 13 10
59 15 8
59 17 3
59 18 2
59 21 3
59 22 1
59 23 9
59 24 9
59 25 9
59 27 5
59 28 10
59 29 3
59 31 3
59 34 7
59 36 7
59 37 9
59 38 1
59 39 10
59 40 5
59 44 8
59 48 1
59 49 3
59 50 10
59 54 5
59 55 6
59 56 9
