30
2 0 1
3 1 16
6 0 11
6 4 2
6 5 15
7 1 12
8 0 14
9 3 18
9 6 5
10 1 19
10 2 9
10 7 4
11 6 7
12 4 18
12 5 2
12 6 7
13 4 16
13 5 8
13 9 18
13 11 7
14 1 12
14 2 10
14 8 8
14 12 8
15 2 18
15 3 4
15 6 2
15 10 3
16 2 19
16 4 9
17 4 10
17 7 7
17 15 18
18 0 4
18 6 7
18 10 8
18 15 18
18 17 4
19 0 7
19 12 20
20 2 20
20 9 2
20 11 20
20 12 4
20 14 13
20 17 10
20 19 18
21 1 16
21 3 15
21 5 5
21 6 6
21 7 4
21 8 4
21 18 14
22 0 9
22 9 6
22 17 14
23 6 11
23 14 6
23 15 5
23 19 19
24 16 10
24 20 4
25 12 14
25 15 9
25 16 5
25 24 5
26 11 5
26 12 4
26 22 16
26 24 6
27 7 9
27 18 8
27 22 2
28 6 7
28 8 18
28 12 13
28 16 2
28 22 2
28 25 1
29 1 13
29 10 16
29 21 10
29 23 20
29 27 3
