70
2 0 32
2 1 30
3 1 23
3 2 18
4 0 18
4 1 20
4 3 2
5 0 6
5 2 1
5 3 34
5 4 40
6 4 13
7 1 31
7 5 24
7 6 15
8 1 29
8 2 25
8 4 28
8 5 22
8 6 4
8 7 12
9 5 5
9 6 10
9 7 4
9 8 21
10 1 6
10 2 37
10 6 33
10 7 25
10 8 38
11 0 35
11 5 31
11 6 22
11 8 26
12 1 29
12 3 29
12 5 30
12 8 3
12 9 25
12 10 35
12 11 38
13 1 40
13 3 11
13 4 36
13 6 36
13 10 18
13 11 25
14 0 20
14 2 23
14 3 24
14 4 32
14 7 12
14 8 33
14 10 27
14 11 25
15 2 1
15 3 31
15 4 31
15 5 35
15 7 15
15 8 11
15 9 25
15 11 33
15 12 33
15 13 17
16 5 4
16 6 31
16 7 6
16 8 13
16 12 13
16 13 23
16 15 4
17 0 10
17 2 28
17 3 15
17 4 39
17 5 16
17 6 6
17 7 24
17 8 38
17 13 33
17 15 33
17 16 17
18 0 35
18 2 19
18 3 33
18 11 20
18 12 13
18 13 36
18 14 16
18 15 22
18 16 27
18 17 40
19 2 24
19 4 35
19 5 7
19 8 9
19 11 22
19 12 18
19 16 30
19 17 7
19 18 1
20 0 22
20 3 15
20 4 37
20 11 14
20 12 33
20 14 1
20 15 35
20 16 6
20 18 18
20 19 27
21 0 37
21 1 35
21 6 6
21 7 34
21 8 19
21 9 13
21 10 29
21 11 6
21 12 22
21 13 8
21 14 23
21 15 40
21 16 31
21 18 31
21 19 40
21 20 33
22 0 5
22 1 3
22 2 27
22 6 27
22 7 30
22 9 37
22 10 31
22 11 14
22 13 3
22 16 34
22 17 27
22 19 23
22 20 39
23 0 5
23 6 4
23 7 30
23 9 20
23 14 38
23 15 27
23 16 36
23 20 36
23 21 29
24 0 21
24 1 1
24 3 21
24 5 31
24 6 21
24 7 2
24 14 16
24 17 14
24 18 31
24 19 29
24 22 37
25 2 8
25 4 7
25 6 10
25 8 25
25 9 35
25 10 18
25 14 5
25 17 40
25 18 34
25 19 4
25 21 25
25 23 15
25 24 7
26 1 18
26 2 20
26 3 12
26 4 23
26 5 19
26 7 17
26 10 21
26 14 25
26 15 32
26 16 10
26 18 22
26 19 15
26 21 7
26 23 27
26 24 18
27 1 2
27 6 24
27 9 11
27 12 36
27 13 18
27 16 18
27 18 1
27 19 33
27 21 29
27 22 38
27 26 19
28 1 10
28 2 28
28 3 33
28 4 4
28 5 34
28 7 39
28 9 40
28 10 39
28 12 33
28 18 23
28 19 3
28 22 25
28 24 36
28 25 16
28 26 12
29 0 13
29 3 16
29 4 25
29 7 15
29 12 2
29 13 27
29 14 19
29 16 34
29 18 20
29 19 12
29 21 11
29 24 18
29 26 22
30 1 13
30 2 8
30 4 10
30 5 12
30 6 23
30 10 26
30 11 30
30 13 28
30 17 13
30 18 13
30 19 16
30 20 30
30 22 16
30 24 8
30 25 31
30 26 9
30 28 2
31 0 2
31 1 16
31 4 40
31 7 34
31 8 40
31 9 5
31 11 28
31 14 16
31 18 24
31 21 6
31 25 25
31 28 32
31 29 7
31 30 10
32 0 33
32 1 38
32 2 32
32 3 5
32 7 3
32 8 17
32 9 38
32 10 15
32 12 23
32 13 35
32 14 25
32 16 8
32 17 25
32 21 19
32 25 4
32 28 2
32 31 1
33 4 2
33 5 23
33 6 4
33 7 14
33 8 21
33 9 38
33 12 37
33 14 11
33 15 5
33 16 9
33 17 12
33 21 11
33 22 29
33 23 9
33 26 4
33 27 6
33 28 2
33 29 29
33 30 37
34 1 29
34 2 26
34 6 25
34 7 2
34 8 37
34 9 9
34 10 7
34 14 35
34 15 6
34 16 21
34 18 39
34 20 24
34 22 19
34 23 1
34 24 40
34 26 30
34 27 35
34 31 39
35 2 25
35 3 24
35 4 7
35 7 1
35 13 1
35 14 28
35 18 4
35 20 18
35 22 27
35 27 16
36 3 22
36 4 5
36 6 9
36 7 15
36 8 19
36 9 17
36 10 18
36 14 12
36 15 7
36 16 39
36 19 23
36 20 18
36 23 16
36 24 15
36 25 22
36 27 28
36 30 22
36 31 13
36 32 13
36 35 28
37 2 26
37 6 38
37 7 24
37 9 38
37 10 31
37 11 27
37 13 27
37 15 1
37 19 28
37 21 18
37 22 22
37 23 19
37 24 5
37 25 19
37 27 26
37 29 29
37 30 32
37 32 17
37 33 27
37 35 36
38 2 6
38 3 34
38 4 25
38 10 6
38 14 19
38 15 15
38 17 19
38 18 20
38 19 31
38 20 24
38 21 18
38 22 26
38 23 21
38 31 31
39 0 6
39 1 12
39 2 37
39 3 14
39 4 3
39 6 36
39 7 4
39 12 7
39 13 11
39 15 38
39 18 35
39 22 17
39 24 13
39 27 10
39 29 33
39 30 7
39 33 6
39 34 4
39 35 13
39 37 27
40 0 9
40 1 36
40 2 5
40 3 29
40 4 38
40 6 35
40 7 1
40 9 25
40 10 24
40 15 30
40 18 6
40 19 31
40 20 36
40 21 35
40 22 34
40 23 32
40 26 30
40 28 26
40 29 12
40 32 22
41 2 6
41 3 36
41 4 19
41 7 19
41 10 34
41 12 29
41 13 22
41 19 29
41 20 27
41 21 38
41 24 18
41 27 28
41 28 1
41 30 30
41 32 4
41 36 18
41 37 28
41 38 34
41 39 28
42 0 35
42 2 37
42 5 8
42 8 40
42 10 6
42 12 36
42 13 12
42 17 31
42 20 32
42 21 2
42 22 39
42 25 3
42 26 28
42 28 36
42 30 27
42 32 11
42 33 27
42 35 5
42 36 22
42 41 29
43 1 16
43 3 36
43 4 27
43 5 32
43 7 6
43 10 6
43 11 36
43 13 9
43 14 23
43 19 29
43 21 19
43 22 29
43 26 26
43 30 34
43 33 1
43 37 13
43 38 28
43 42 23
44 0 7
44 1 32
44 2 21
44 3 30
44 4 33
44 6 38
44 7 27
44 8 20
44 9 22
44 10 23
44 11 3
44 12 5
44 15 34
44 18 39
44 21 33
44 23 2
44 25 9
44 27 36
44 28 7
44 36 34
44 37 37
44 42 7
44 43 9
45 2 30
45 5 19
45 8 10
45 9 6
45 10 33
45 18 6
45 20 15
45 23 23
45 26 8
45 27 5
45 30 31
45 32 24
45 35 1
45 39 32
45 40 17
45 42 26
45 44 31
46 0 21
46 2 22
46 4 11
46 6 24
46 7 35
46 8 31
46 9 4
46 10 32
46 11 27
46 12 11
46 15 26
46 16 37
46 17 17
46 18 35
46 24 7
46 25 40
46 27 5
46 29 28
46 33 16
46 39 9
46 40 37
46 41 19
46 42 21
46 44 27
46 45 3
47 1 37
47 3 6
47 4 28
47 5 21
47 7 17
47 9 27
47 12 21
47 15 17
47 16 31
47 17 10
47 20 38
47 21 19
47 24 38
47 28 25
47 30 13
47 32 2
47 33 32
47 34 13
47 37 11
47 38 6
47 39 16
47 40 14
47 41 27
47 42 23
47 43 14
48 3 13
48 4 17
48 5 5
48 6 7
48 7 35
48 9 29
48 10 1
48 14 16
48 15 14
48 18 26
48 19 17
48 20 9
48 26 8
48 28 9
48 30 11
48 31 18
48 32 21
48 33 28
48 34 35
48 37 13
48 39 32
48 45 15
48 46 40
49 0 2
49 2 33
49 3 13
49 10 26
49 12 34
49 15 10
49 17 37
49 18 7
49 22 8
49 23 17
49 24 30
49 25 34
49 28 33
49 31 21
49 32 21
49 34 1
49 35 8
49 37 2
49 38 7
49 39 39
49 46 33
49 47 6
49 48 9
50 2 10
50 3 14
50 5 11
50 9 13
50 15 5
50 16 21
50 18 15
50 19 28
50 20 17
50 21 25
50 22 5
50 23 2
50 24 15
50 25 11
50 29 34
50 30 22
50 31 13
50 35 18
50 37 21
50 38 1
50 41 27
50 43 28
50 45 4
50 46 21
50 47 30
50 48 25
50 49 6
51 0 2
51 1 20
51 6 39
51 7 23
51 8 9
51 9 24
51 10 28
51 13 7
51 14 23
51 18 37
51 21 8
51 24 27
51 26 20
51 28 26
51 32 17
51 34 36
51 37 7
51 38 26
51 43 33
51 44 9
51 47 32
51 50 15
52 0 26
52 4 28
52 5 5
52 7 19
52 9 23
52 10 1
52 13 31
52 14 34
52 16 9
52 19 39
52 20 15
52 28 22
52 29 19
52 31 24
52 33 4
52 34 30
52 35 40
52 36 32
52 37 29
52 39 1
52 41 36
52 42 38
52 43 32
52 44 29
52 46 15
52 48 39
52 49 1
52 51 26
53 2 18
53 3 32
53 5 10
53 8 29
53 11 22
53 12 6
53 13 27
53 16 7
53 20 5
53 24 22
53 25 22
53 26 19
53 28 22
53 31 3
53 32 32
53 35 34
53 40 32
53 41 1
53 44 35
53 46 2
53 47 2
53 48 7
53 49 8
53 50 5
53 52 36
54 0 33
54 1 38
54 2 17
54 3 2
54 5 15
54 6 18
54 12 34
54 13 13
54 14 16
54 18 5
54 23 8
54 24 36
54 25 20
54 26 22
54 27 15
54 33 37
54 35 13
54 38 30
54 41 10
54 44 1
54 46 13
54 47 23
54 48 13
54 52 5
55 0 33
55 1 3
55 3 32
55 6 1
55 7 25
55 9 16
55 11 25
55 13 37
55 14 19
55 17 24
55 19 8
55 20 7
55 23 20
55 25 19
55 26 18
55 27 17
55 31 16
55 33 34
55 35 26
55 39 4
55 40 4
55 41 9
55 44 32
55 47 21
55 52 24
55 53 40
56 0 15
56 2 20
56 4 2
56 6 34
56 7 34
56 9 35
56 10 15
56 12 1
56 18 4
56 21 35
56 26 13
56 27 22
56 28 11
56 29 10
56 30 28
56 31 24
56 33 10
56 34 29
56 35 31
56 37 40
56 39 15
56 40 25
56 44 27
56 45 6
56 55 24
57 0 25
57 1 12
57 2 19
57 3 31
57 4 5
57 5 18
57 7 24
57 9 33
57 11 7
57 13 22
57 17 21
57 18 27
57 21 29
57 22 3
57 25 10
57 29 39
57 33 27
57 34 2
57 35 40
57 36 27
57 38 9
57 43 19
57 44 23
57 47 33
57 48 6
57 49 31
57 50 29
57 53 28
57 55 25
57 56 31
58 0 1
58 1 20
58 4 16
58 5 27
58 6 11
58 7 1
58 8 14
58 13 19
58 14 15
58 16 6
58 17 2
58 19 40
58 20 23
58 21 2
58 22 10
58 23 13
58 25 1
58 27 31
58 31 12
58 32 3
58 33 33
58 34 17
58 36 14
58 42 16
58 44 11
58 46 29
58 47 34
58 49 9
58 51 22
58 52 23
58 56 27
58 57 1
59 1 33
59 3 4
59 6 39
59 7 7
59 9 22
59 11 20
59 12 36
59 16 34
59 17 13
59 20 4
59 27 24
59 29 23
59 30 20
59 31 9
59 32 6
59 35 36
59 38 20
59 40 40
59 41 27
59 43 6
59 49 21
59 51 7
59 54 15
59 56 9
59 57 36
59 58 29
60 3 15
60 5 30
60 7 5
60 9 20
60 10 15
60 13 7
60 14 25
60 16 16
60 17 31
60 18 3
60 19 8
60 20 36
60 24 40
60 26 2
60 27 12
60 29 18
60 30 40
60 31 37
60 32 30
60 33 6
60 37 31
60 39 40
60 41 6
60 42 5
60 43 29
60 46 15
60 47 34
60 50 29
60 51 35
60 53 32
60 54 20
60 55 33
60 57 22
61 3 18
61 4 27
61 11 1
61 16 36
61 21 24
61 23 21
61 25 10
61 27 2
61 30 39
61 32 2
61 33 16
61 40 29
61 41 10
61 42 36
61 43 36
61 44 18
61 45 1
61 46 40
61 48 1
61 50 35
61 55 37
61 59 17
62 2 27
62 4 35
62 6 39
62 7 5
62 10 36
62 11 22
62 13 29
62 14 37
62 16 2
62 17 10
62 20 32
62 22 3
62 24 24
62 25 38
62 28 36
62 29 20
62 33 8
62 34 32
62 35 30
62 39 3
62 40 10
62 43 19
62 45 22
62 48 23
62 51 39
62 52 10
62 53 39
62 55 32
62 57 32
62 59 2
62 60 10
63 0 33
63 1 17
63 2 11
63 4 15
63 5 23
63 8 25
63 11 23
63 12 27
63 13 13
63 15 11
63 17 25
63 18 25
63 22 28
63 23 5
63 24 17
63 29 11
63 34 7
63 36 29
63 37 17
63 39 7
63 40 3
63 42 7
63 48 35
63 49 30
63 50 5
63 51 15
63 54 38
63 55 33
63 58 39
63 59 4
63 60 1
63 62 13
64 1 3
64 2 22
64 6 25
64 7 5
64 8 18
64 9 32
64 10 12
64 11 26
64 12 16
64 14 20
64 15 22
64 16 2
64 17 36
64 18 1
64 20 16
64 21 30
64 22 24
64 25 40
64 26 11
64 27 34
64 32 7
64 33 26
64 34 35
64 35 37
64 36 23
64 38 12
64 39 30
64 40 13
64 41 32
64 42 40
64 47 26
64 48 33
64 50 38
64 51 21
64 54 33
64 55 32
64 57 13
64 60 16
64 63 34
65 1 7
65 2 37
65 4 23
65 7 1
65 8 3
65 9 4
65 13 31
65 14 40
65 15 14
65 16 16
65 17 39
65 18 40
65 19 36
65 20 39
65 22 14
65 28 12
65 29 10
65 30 7
65 31 27
65 32 17
65 36 40
65 43 5
65 44 18
65 45 25
65 50 21
65 52 33
65 53 5
65 54 33
65 57 1
65 58 38
65 60 33
65 61 1
66 0 1
66 3 33
66 5 3
66 10 36
66 11 2
66 12 29
66 13 23
66 14 12
66 15 37
66 18 32
66 19 23
66 20 32
66 21 4
66 22 40
66 23 9
66 25 1
66 26 33
66 27 37
66 28 17
66 29 29
66 30 27
66 31 6
66 32 36
66 34 27
66 38 18
66 40 31
66 41 30
66 42 30
66 43 6
66 48 22
66 51 36
66 55 31
66 58 31
66 59 35
66 61 23
66 64 32
67 0 26
67 1 29
67 2 20
67 7 11
67 8 32
67 9 17
67 10 40
67 13 31
67 14 40
67 19 23
67 25 38
67 29 3
67 33 6
67 34 22
67 35 5
67 39 33
67 42 34
67 43 27
67 44 34
67 45 29
67 47 12
67 48 6
67 52 19
67 54 28
67 55 36
67 57 15
67 58 17
67 59 7
67 60 9
67 62 15
67 64 7
67 65 13
68 2 14
68 4 34
68 6 8
68 7 40
68 9 35
68 10 26
68 12 38
68 13 9
68 15 35
68 17 13
68 18 38
68 20 31
68 21 23
68 23 7
68 28 3
68 29 6
68 32 26
68 33 32
68 34 7
68 36 20
68 37 8
68 41 25
68 43 14
68 45 10
68 46 30
68 47 16
68 48 27
68 49 31
68 51 32
68 52 2
68 53 28
68 56 2
68 57 24
68 59 36
68 60 8
68 61 21
68 62 25
68 63 20
68 65 33
68 67 14
69 0 11
69 1 8
69 3 9
69 5 21
69 6 2
69 8 16
69 9 37
69 10 1
69 11 1
69 12 27
69 13 23
69 14 34
69 16 40
69 17 22
69 18 32
69 20 6
69 21 18
69 22 32
69 23 40
69 24 37
69 25 4
69 32 30
69 33 28
69 35 4
69 36 37
69 37 6
69 38 7
69 39 38
69 41 15
69 47 6
69 52 39
69 53 6
69 55 22
69 57 2
69 58 16
69 59 10
69 60 40
69 61 24
69 63 21
69 64 7
69 65 13
69 66 24
69 68 8
