40
1 0 71
2 0 20
3 0 143
3 1 108
3 2 264
4 0 305
4 1 71
4 3 139
5 0 313
5 2 197
5 3 254
5 4 17
6 0 59
6 1 250
6 2 137
6 3 249
6 5 248
7 0 61
7 1 242
7 2 68
7 3 186
7 4 37
7 5 227
7 6 279
8 0 245
8 1 214
8 2 139
8 4 49
8 5 288
8 6 13
8 7 156
9 2 36
9 3 171
9 4 136
9 5 191
9 6 214
9 7 312
9 8 25
10 0 265
10 2 48
10 4 249
10 5 117
10 7 166
10 9 159
11 0 8
11 1 252
11 2 157
11 3 270
11 4 37
11 5 256
11 6 291
11 7 219
11 8 275
11 9 270
11 10 93
12 0 308
12 1 28
12 2 246
12 4 148
12 5 8
12 7 194
12 9 156
12 10 307
12 11 205
13 0 207
13 1 155
13 2 221
13 3 171
13 7 110
13 8 204
13 9 292
13 10 117
13 12 194
14 0 205
14 1 31
14 3 22
14 5 85
14 7 190
14 8 15
14 9 155
14 10 142
14 11 315
14 12 94
14 13 240
15 0 105
15 1 298
15 2 180
15 3 150
15 4 61
15 5 136
15 7 59
15 8 136
15 10 2
15 11 192
15 12 244
15 13 25
16 0 85
16 1 253
16 2 191
16 3 245
16 4 251
16 5 275
16 6 276
16 7 51
16 8 313
16 9 235
16 10 316
16 11 312
16 12 9
16 14 313
17 0 236
17 1 57
17 2 108
17 3 113
17 5 302
17 6 219
17 7 231
17 8 284
17 9 4
17 10 23
17 11 31
17 12 289
17 13 189
17 15 254
17 16 71
18 0 211
18 1 106
18 2 187
18 3 180
18 4 143
18 5 169
18 6 5
18 7 4
18 8 319
18 9 299
18 10 36
18 11 81
18 12 244
18 13 115
18 15 205
18 16 62
18 17 232
19 2 309
19 4 110
19 5 32
19 6 9
19 7 26
19 8 18
19 9 104
19 12 103
19 16 62
19 17 315
19 18 59
20 0 75
20 2 219
20 4 77
20 5 90
20 10 233
20 11 211
20 15 281
20 16 191
20 17 87
20 18 103
21 0 227
21 2 142
21 3 256
21 5 228
21 6 256
21 7 22
21 8 253
21 9 273
21 10 228
21 12 312
21 13 155
21 14 232
21 15 287
21 16 134
21 17 238
21 18 43
21 20 48
22 0 176
22 1 157
22 2 287
22 4 107
22 6 87
22 7 239
22 8 177
22 10 47
22 11 31
22 12 190
22 13 269
22 14 296
22 15 262
22 16 271
22 18 277
22 19 216
22 21 303
23 0 231
23 2 17
23 3 269
23 4 86
23 5 118
23 7 138
23 8 9
23 9 285
23 10 200
23 11 106
23 13 288
23 15 32
23 16 222
23 17 8
23 18 74
23 19 22
23 20 289
23 21 279
23 22 152
24 1 115
24 2 258
24 3 87
24 4 315
24 5 167
24 6 259
24 8 107
24 9 248
24 11 147
24 12 46
24 13 256
24 14 14
24 15 196
24 16 53
24 17 285
24 18 39
24 19 297
24 20 108
24 21 237
24 23 259
25 0 184
25 2 199
25 3 181
25 4 138
25 5 208
25 7 167
25 8 308
25 9 246
25 10 119
25 11 9
25 12 53
25 13 269
25 14 182
25 16 272
25 17 155
25 18 171
25 19 276
25 20 76
25 21 303
25 23 49
25 24 137
26 0 129
26 1 72
26 2 42
26 3 100
26 4 258
26 5 149
26 6 115
26 7 140
26 8 156
26 9 180
26 10 111
26 11 216
26 12 209
26 13 260
26 14 73
26 15 17
26 16 252
26 18 273
26 20 145
26 21 29
26 22 149
26 23 318
26 24 45
26 25 275
27 0 165
27 1 281
27 2 99
27 3 95
27 5 300
27 6 63
27 8 135
27 9 31
27 13 48
27 14 297
27 15 228
27 16 217
27 18 70
27 19 264
27 21 217
27 22 91
27 24 65
27 25 208
28 0 49
28 1 122
28 2 16
28 3 23
28 4 9
28 5 156
28 6 13
28 7 58
28 8 293
28 10 274
28 11 319
28 12 70
28 13 222
28 14 284
28 15 16
28 16 67
28 17 103
28 18 264
28 19 54
28 20 192
28 21 255
28 22 274
28 23 159
28 24 25
28 25 305
28 26 228
28 27 162
29 0 284
29 1 260
29 2 176
29 3 120
29 4 50
29 5 23
29 6 287
29 8 277
29 9 187
29 10 58
29 12 217
29 13 259
29 14 151
29 15 81
29 16 246
29 17 71
29 18 17
29 20 25
29 21 27
29 23 132
29 24 94
29 26 90
29 27 55
29 28 230
30 0 101
30 2 224
30 3 285
30 4 119
30 5 135
30 6 230
30 7 84
30 8 293
30 10 239
30 11 241
30 12 320
30 13 198
30 16 294
30 17 3
30 18 225
30 19 224
30 20 111
30 21 45
30 22 39
30 23 167
30 24 108
30 27 282
30 28 228
30 29 277
31 0 254
31 1 52
31 2 21
31 3 101
31 4 120
31 5 59
31 6 89
31 7 48
31 8 196
31 9 151
31 10 173
31 12 107
31 14 75
31 15 5
31 16 102
31 17 317
31 18 9
31 21 84
31 24 288
31 25 142
31 26 319
31 27 117
31 28 196
31 29 270
31 30 120
32 0 28
32 1 243
32 2 74
32 3 103
32 4 189
32 5 249
32 6 23
32 9 224
32 10 66
32 12 211
32 13 113
32 15 227
32 16 16
32 17 195
32 18 281
32 20 33
32 22 140
32 25 148
32 26 85
32 27 71
32 28 181
32 30 173
32 31 57
33 1 51
33 2 44
33 3 241
33 4 187
33 5 254
33 6 48
33 7 52
33 9 119
33 10 242
33 11 101
33 12 77
33 13 146
33 14 35
33 15 139
33 16 290
33 17 299
33 18 44
33 20 38
33 21 207
33 22 82
33 23 7
33 24 239
33 25 1
33 26 297
33 27 60
33 28 166
33 29 222
33 31 148
33 32 153
34 0 124
34 1 91
34 2 268
34 3 311
34 4 109
34 5 131
34 6 246
34 7 34
34 8 300
34 9 1
34 10 200
34 11 309
34 12 186
34 13 154
34 14 173
34 15 14
34 17 82
34 18 127
34 19 253
34 21 50
34 22 33
34 23 144
34 24 311
34 25 221
34 26 226
34 27 236
34 28 312
34 29 283
34 30 45
34 31 191
34 32 219
34 33 231
35 0 223
35 2 55
35 3 67
35 4 73
35 5 156
35 6 174
35 7 305
35 8 172
35 9 80
35 10 270
35 11 184
35 12 107
35 13 41
35 14 242
35 15 20
35 16 50
35 17 114
35 18 315
35 20 247
35 21 57
35 23 288
35 24 307
35 27 258
35 28 24
35 29 28
35 30 195
35 31 279
35 34 79
36 0 129
36 3 52
36 6 111
36 8 12
36 9 112
36 10 5
36 12 264
36 13 46
36 14 151
36 15 40
36 17 275
36 18 244
36 19 122
36 20 242
36 22 298
36 24 263
36 25 120
36 26 37
36 27 227
36 28 175
36 29 112
36 30 164
36 31 84
36 33 134
36 34 12
36 35 197
37 0 134
37 1 177
37 2 214
37 3 310
37 4 15
37 5 261
37 6 259
37 7 193
37 8 120
37 9 236
37 12 62
37 13 113
37 14 142
37 16 288
37 17 135
37 18 207
37 19 153
37 22 90
37 23 236
37 24 280
37 25 24
37 26 41
37 27 143
37 30 91
37 31 75
37 32 122
37 33 137
37 34 302
37 36 11
38 0 212
38 1 230
38 2 142
38 3 109
38 4 120
38 5 170
38 6 269
38 7 264
38 8 114
38 9 224
38 10 53
38 11 177
38 12 17
38 13 167
38 15 160
38 16 210
38 17 236
38 18 234
38 19 199
38 21 89
38 22 287
38 23 297
38 24 76
38 25 8
38 26 151
38 27 284
38 28 202
38 29 36
38 30 210
38 31 140
38 32 56
38 33 154
38 35 235
38 36 214
38 37 258
39 0 124
39 1 8
39 3 284
39 4 49
39 5 83
39 6 11
39 7 88
39 8 155
39 9 303
39 10 232
39 11 213
39 13 4
39 14 240
39 16 2
39 17 291
39 18 277
39 19 194
39 21 4
39 23 91
39 24 313
39 27 173
39 28 75
39 29 281
39 30 178
39 31 113
39 33 31
39 34 174
39 35 218
39 36 97
39 37 29
39 38 49
