40
1 0 1
2 0 5
2 1 2
3 0 16
3 1 1
3 2 18
4 0 15
4 1 16
5 1 20
5 2 16
5 3 13
5 4 15
6 0 11
6 1 18
6 2 13
6 3 7
6 4 19
6 5 14
7 1 1
7 2 14
7 4 11
7 5 8
8 0 10
8 2 16
8 3 2
8 4 4
8 5 16
8 7 16
9 2 12
9 3 13
9 4 20
9 6 2
9 7 17
9 8 4
10 0 16
10 1 18
10 2 5
10 3 4
10 4 10
10 6 12
10 7 13
10 8 18
10 9 2
11 0 8
11 1 10
11 2 4
11 3 19
11 4 14
11 6 16
11 7 11
11 8 7
11 9 9
12 0 13
12 1 10
12 2 12
12 3 7
12 4 3
12 5 7
12 6 4
12 7 20
12 9 9
12 10 20
12 11 8
13 0 4
13 1 17
13 2 16
13 3 7
13 4 20
13 5 11
13 6 2
13 8 9
13 9 2
13 11 4
14 0 1
14 1 4
14 2 2
14 3 14
14 7 7
14 9 14
14 11 5
14 12 4
14 13 17
15 0 4
15 1 16
15 2 3
15 3 20
15 4 17
15 5 19
15 6 1
15 7 14
15 8 19
15 9 15
15 11 1
15 12 16
15 13 9
16 0 17
16 1 9
16 2 8
16 3 10
16 4 4
16 5 10
16 6 8
16 7 5
16 8 9
16 9 14
16 10 10
16 11 4
16 12 6
16 14 13
17 0 13
17 1 9
17 2 4
17 3 10
17 4 18
17 5 20
17 6 2
17 8 14
17 9 10
17 10 4
17 11 11
17 12 15
17 13 18
17 14 7
17 15 15
18 0 19
18 2 2
18 4 8
18 5 16
18 6 14
18 7 10
18 8 4
18 9 20
18 13 8
18 15 5
18 16 19
18 17 16
19 0 2
19 1 1
19 2 20
19 3 9
19 4 12
19 5 5
19 6 15
19 8 16
19 9 11
19 10 15
19 11 14
19 13 15
19 14 19
19 15 20
19 16 4
19 17 11
19 18 6
20 0 6
20 1 13
20 2 10
20 3 14
20 4 16
20 6 4
20 7 19
20 9 16
20 10 2
20 11 2
20 12 15
20 13 12
20 14 15
20 15 9
20 19 11
21 0 11
21 1 13
21 2 19
21 3 17
21 4 4
21 5 11
21 6 19
21 7 12
21 8 10
21 9 20
21 11 19
21 12 18
21 13 18
21 15 17
21 16 19
21 17 18
21 18 12
21 19 12
21 20 5
22 1 13
22 2 3
22 3 7
22 5 3
22 6 9
22 7 6
22 8 15
22 9 12
22 10 16
22 11 1
22 12 16
22 13 2
22 14 4
22 16 17
22 17 6
22 19 17
22 21 18
23 1 5
23 2 15
23 3 19
23 4 10
23 6 4
23 7 9
23 8 5
23 9 16
23 11 9
23 12 13
23 13 10
23 14 11
23 15 1
23 16 4
23 17 2
23 20 19
23 21 4
23 22 11
24 1 14
24 2 20
24 4 3
24 6 10
24 7 7
24 8 11
24 9 20
24 10 15
24 11 7
24 12 8
24 13 13
24 16 7
24 18 8
24 20 3
24 21 16
24 22 15
25 0 19
25 1 16
25 2 3
25 3 3
25 5 20
25 6 4
25 7 5
25 8 4
25 9 15
25 11 2
25 12 16
25 13 7
25 15 11
25 16 1
25 17 12
25 18 7
25 19 11
25 20 16
25 21 12
25 23 20
26 0 13
26 2 9
26 3 19
26 4 10
26 5 18
26 6 8
26 8 7
26 9 18
26 10 15
26 11 8
26 12 12
26 13 10
26 14 8
26 15 3
26 17 17
26 19 6
26 21 13
26 22 15
26 23 19
26 24 3
27 0 19
27 1 2
27 2 16
27 3 5
27 4 6
27 5 17
27 6 20
27 7 1
27 8 6
27 9 9
27 11 14
27 12 3
27 13 10
27 14 5
27 16 15
27 17 20
27 18 5
27 20 11
27 21 17
27 23 9
27 24 10
27 25 2
27 26 16
28 0 2
28 1 2
28 2 17
28 3 15
28 4 1
28 5 7
28 6 13
28 8 12
28 9 15
28 10 10
28 11 4
28 12 4
28 13 3
28 14 14
28 15 18
28 16 7
28 17 17
28 18 7
28 19 11
28 20 12
28 21 8
28 23 8
28 24 1
28 25 8
28 26 6
28 27 20
29 0 1
29 1 10
29 2 6
29 3 3
29 5 15
29 7 16
29 9 1
29 10 1
29 12 4
29 13 5
29 14 5
29 17 17
29 18 11
29 19 4
29 20 10
29 21 19
29 23 5
29 24 5
29 25 14
29 26 18
29 27 5
30 0 9
30 1 15
30 2 13
30 3 11
30 4 11
30 5 1
30 6 4
30 7 5
30 10 9
30 11 6
30 12 16
30 13 6
30 14 8
30 15 5
30 18 20
30 19 10
30 20 1
30 21 16
30 23 10
30 24 3
30 26 12
30 28 10
30 29 9
31 0 16
31 1 1
31 2 2
31 3 8
31 5 19
31 6 19
31 7 9
31 8 4
31 9 15
31 10 15
31 11 2
31 12 8
31 13 4
31 14 20
31 15 8
31 16 16
31 17 7
31 18 11
31 21 3
31 22 17
31 23 6
31 24 7
31 25 7
31 26 10
31 28 6
31 29 19
31 30 17
32 1 19
32 4 7
32 5 14
32 6 15
32 7 15
32 9 13
32 10 2
32 13 6
32 15 10
32 16 11
32 17 6
32 18 19
32 19 11
32 21 15
32 22 13
32 23 6
32 24 13
32 25 12
32 26 20
32 28 17
32 29 3
32 30 18
32 31 5
33 0 8
33 1 7
33 2 8
33 4 12
33 5 10
33 6 19
33 7 16
33 8 5
33 11 5
33 12 3
33 13 16
33 14 17
33 15 7
33 16 10
33 17 14
33 18 18
33 20 20
33 21 15
33 23 14
33 24 11
33 25 10
33 26 7
33 27 12
33 28 17
33 29 12
33 30 12
33 31 1
33 32 1
34 0 7
34 1 5
34 2 8
34 3 14
34 4 10
34 5 3
34 6 10
34 7 4
34 8 7
34 9 19
34 10 1
34 11 2
34 13 5
34 14 17
34 16 4
34 19 3
34 20 8
34 21 3
34 22 18
34 23 11
34 24 9
34 25 13
34 26 8
34 27 4
34 28 14
34 29 5
34 30 4
34 31 13
34 32 1
34 33 6
35 0 15
35 1 7
35 2 3
35 3 11
35 5 20
35 6 3
35 7 10
35 8 8
35 9 6
35 11 18
35 13 18
35 14 13
35 15 10
35 16 3
35 18 2
35 19 8
35 21 16
35 22 12
35 23 11
35 24 13
35 25 1
35 26 3
35 27 18
35 28 2
35 29 3
35 30 9
35 31 11
35 32 15
35 34 12
36 0 2
36 1 1
36 2 4
36 3 4
36 5 11
36 7 10
36 11 13
36 12 11
36 13 5
36 15 12
36 16 5
36 17 11
36 18 20
36 19 20
36 20 6
36 21 10
36 23 15
36 25 12
36 30 17
36 32 15
36 33 15
36 35 18
37 0 11
37 1 3
37 2 19
37 3 12
37 4 5
37 5 5
37 6 17
37 8 5
37 9 18
37 10 10
37 11 12
37 13 16
37 14 7
37 15 2
37 17 14
37 18 14
37 20 8
37 21 19
37 22 8
37 23 14
37 25 13
37 26 11
37 28 4
37 29 5
37 30 16
37 31 20
37 33 5
37 34 13
37 35 7
38 0 1
38 3 9
38 4 7
38 6 12
38 9 13
38 10 2
38 11 20
38 12 8
38 15 13
38 16 19
38 19 5
38 20 4
38 21 7
38 22 5
38 23 1
38 24 16
38 25 2
38 26 11
38 27 14
38 28 17
38 30 13
38 31 17
38 34 6
38 35 10
38 37 17
39 1 4
39 2 20
39 3 13
39 4 9
39 5 11
39 6 7
39 7 11
39 8 5
39 9 20
39 10 12
39 11 3
39 12 2
39 14 14
39 15 8
39 16 1
39 17 14
39 18 7
39 19 9
39 21 12
39 22 20
39 23 13
39 24 3
39 26 6
39 27 15
39 30 8
39 31 9
39 32 12
39 33 10
39 34 5
39 35 5
39 36 13
39 37 15
39 38 17
