60
1 0 34
2 0 36
2 1 4
3 0 2
3 1 7
3 2 10
4 0 17
4 1 23
4 2 9
4 3 1
5 0 32
5 2 14
5 3 3
6 0 21
6 1 24
6 2 5
6 3 23
6 4 29
6 5 24
7 0 21
7 1 32
7 2 38
7 3 12
7 4 22
7 5 29
7 6 13
8 0 15
8 1 40
8 2 36
8 3 11
8 4 29
8 5 16
8 6 23
9 0 39
9 2 26
9 4 31
9 5 22
9 6 23
9 7 23
9 8 33
10 0 35
10 1 11
10 2 22
10 3 10
10 5 4
10 6 19
10 7 12
10 8 4
11 0 20
11 1 35
11 2 13
11 3 5
11 5 16
11 6 6
11 8 38
11 9 12
11 10 33
12 0 29
12 1 13
12 3 4
12 4 33
12 5 28
12 6 7
12 7 15
12 8 4
12 10 40
12 11 10
13 0 34
13 1 11
13 2 14
13 3 4
13 5 15
13 6 8
13 7 5
13 8 9
13 9 22
13 11 22
13 12 22
14 0 31
14 1 33
14 3 7
14 4 39
14 5 30
14 6 24
14 7 29
14 8 15
14 9 2
14 10 28
14 12 35
14 13 17
15 0 36
15 1 22
15 2 18
15 3 15
15 4 31
15 5 13
15 6 35
15 7 4
15 9 24
15 10 18
15 11 21
15 12 32
15 13 29
15 14 38
16 0 16
16 1 38
16 2 21
16 3 14
16 4 4
16 5 32
16 6 39
16 8 38
16 11 38
16 12 7
16 13 9
16 15 12
17 0 30
17 1 31
17 2 22
17 4 34
17 5 30
17 6 7
17 7 13
17 8 5
17 9 40
17 10 18
17 11 21
17 12 29
17 14 4
17 16 14
18 0 1
18 1 8
18 2 15
18 4 10
18 5 36
18 7 17
18 8 20
18 11 12
18 12 29
18 13 35
18 14 24
18 15 4
18 16 20
18 17 17
19 0 6
19 1 16
19 2 31
19 3 28
19 4 32
19 5 2
19 6 31
19 7 26
19 8 26
19 9 10
19 10 34
19 12 40
19 13 34
19 14 40
19 15 5
19 16 2
19 17 24
20 0 20
20 1 24
20 2 10
20 3 29
20 5 29
20 6 6
20 7 10
20 8 4
20 9 32
20 10 34
20 11 3
20 13 13
20 14 10
20 15 21
20 16 6
20 17 29
21 1 20
21 2 3
21 3 4
21 4 9
21 5 24
21 6 37
21 8 6
21 9 32
21 10 36
21 11 35
21 12 24
21 13 28
21 15 1
21 16 34
21 17 35
21 19 38
21 20 8
22 2 17
22 3 38
22 4 14
22 6 30
22 7 14
22 8 26
22 9 31
22 10 35
22 11 3
22 12 1
22 13 19
22 16 12
22 20 26
22 21 20
23 0 39
23 1 38
23 7 31
23 8 2
23 9 35
23 10 12
23 11 11
23 12 11
23 13 30
23 14 33
23 15 12
23 16 5
23 17 22
23 18 30
23 19 9
23 20 31
23 21 6
24 0 40
24 1 18
24 2 34
24 3 6
24 4 14
24 5 33
24 6 30
24 7 14
24 8 4
24 9 40
24 11 7
24 12 39
24 13 32
24 14 37
24 15 9
24 16 4
24 17 36
24 18 16
24 19 37
24 20 36
24 21 21
24 22 38
24 23 16
25 0 16
25 1 25
25 3 37
25 4 20
25 6 33
25 8 33
25 9 34
25 10 37
25 11 28
25 12 12
25 13 26
25 15 7
25 16 34
25 17 15
25 19 39
25 20 34
25 21 34
25 22 25
25 23 36
26 0 18
26 1 3
26 2 16
26 3 23
26 4 14
26 5 4
26 6 22
26 7 16
26 9 15
26 11 36
26 12 7
26 13 7
26 14 7
26 15 10
26 16 1
26 17 12
26 19 13
26 22 32
26 23 28
26 24 15
26 25 17
27 0 27
27 1 18
27 2 4
27 3 19
27 4 3
27 5 1
27 7 4
27 8 37
27 9 26
27 10 15
27 11 38
27 12 6
27 13 22
27 14 24
27 15 7
27 17 39
27 18 25
27 19 4
27 20 20
27 21 5
27 23 16
27 24 10
27 26 11
28 0 14
28 2 38
28 3 9
28 4 27
28 5 26
28 6 39
28 7 33
28 8 24
28 9 5
28 10 11
28 11 16
28 12 7
28 13 24
28 14 24
28 15 37
28 16 4
28 17 26
28 18 19
28 19 10
28 20 5
28 21 39
28 22 3
28 23 23
28 24 36
28 25 34
28 26 40
28 27 37
29 0 15
29 1 7
29 2 4
29 3 21
29 4 11
29 5 2
29 6 2
29 7 27
29 10 35
29 11 38
29 12 4
29 13 38
29 14 31
29 16 29
29 17 40
29 18 23
29 19 25
29 20 19
29 21 17
29 22 14
29 24 37
29 26 9
29 27 19
29 28 14
30 0 20
30 1 5
30 2 5
30 3 10
30 4 36
30 5 9
30 7 6
30 8 38
30 9 30
30 10 2
30 12 1
30 13 4
30 14 32
30 15 26
30 16 1
30 20 31
30 22 10
30 23 1
30 24 37
30 25 5
30 26 10
30 27 12
30 29 24
31 0 11
31 1 32
31 2 19
31 3 22
31 5 21
31 6 40
31 7 14
31 9 12
31 10 5
31 11 16
31 12 38
31 14 36
31 15 16
31 16 33
31 18 20
31 19 30
31 21 24
31 22 20
31 24 26
31 25 30
31 26 17
31 29 20
31 30 30
32 0 10
32 1 28
32 2 21
32 3 3
32 4 17
32 6 19
32 7 32
32 8 29
32 9 27
32 10 15
32 11 23
32 13 3
32 15 23
32 16 30
32 18 23
32 19 32
32 21 6
32 22 29
32 25 18
32 26 3
32 28 10
32 29 2
32 30 2
32 31 22
33 0 38
33 1 10
33 2 34
33 3 31
33 4 31
33 5 9
33 7 31
33 8 1
33 10 4
33 11 2
33 12 40
33 13 31
33 14 10
33 15 15
33 16 37
33 17 18
33 19 40
33 20 26
33 21 15
33 22 20
33 24 4
33 26 39
33 27 27
33 28 3
33 29 26
33 30 7
33 32 37
34 0 4
34 2 27
34 3 23
34 5 21
34 7 17
34 8 25
34 9 32
34 10 31
34 12 29
34 15 38
34 16 18
34 17 35
34 18 35
34 19 33
34 20 9
34 21 16
34 22 17
34 23 7
34 24 6
34 25 24
34 26 36
34 27 40
34 28 25
34 29 34
34 30 5
34 31 12
34 33 29
35 0 16
35 1 38
35 2 20
35 5 6
35 8 24
35 9 7
35 10 32
35 11 3
35 12 19
35 13 34
35 14 39
35 16 3
35 17 19
35 18 2
35 21 11
35 22 38
35 23 20
35 24 33
35 25 11
35 26 6
35 28 3
35 31 2
35 32 18
35 33 22
36 0 11
36 1 30
36 2 10
36 3 37
36 4 4
36 7 11
36 9 2
36 10 7
36 11 14
36 12 27
36 13 26
36 15 10
36 16 12
36 17 16
36 18 35
36 19 10
36 24 16
36 25 14
36 26 36
36 27 37
36 28 4
36 29 8
36 30 25
36 31 17
36 33 26
36 34 3
36 35 8
37 1 36
37 3 27
37 4 30
37 5 13
37 6 8
37 7 26
37 9 10
37 10 36
37 11 13
37 12 31
37 13 14
37 14 15
37 16 36
37 17 27
37 19 33
37 21 16
37 22 27
37 23 29
37 24 26
37 25 40
37 26 35
37 27 19
37 28 40
37 29 37
37 30 27
37 32 35
37 33 22
37 34 21
37 35 17
37 36 10
38 0 38
38 1 13
38 2 17
38 3 25
38 4 14
38 6 1
38 7 10
38 8 21
38 9 40
38 10 31
38 11 22
38 12 12
38 13 27
38 14 29
38 15 5
38 16 13
38 17 40
38 18 15
38 19 38
38 20 25
38 21 36
38 22 23
38 23 36
38 24 15
38 25 2
38 26 40
38 28 22
38 29 40
38 31 1
38 33 3
38 34 35
38 36 6
39 0 7
39 1 24
39 4 12
39 6 14
39 8 11
39 9 39
39 10 13
39 11 13
39 12 3
39 13 2
39 14 16
39 15 27
39 16 28
39 17 17
39 18 32
39 19 3
39 20 34
39 21 2
39 22 17
39 23 13
39 24 25
39 25 36
39 26 24
39 27 21
39 28 14
39 30 13
39 31 30
39 32 5
39 33 15
39 34 16
39 36 37
39 37 30
40 0 27
40 1 25
40 2 20
40 3 23
40 4 18
40 5 9
40 6 19
40 7 33
40 8 13
40 9 35
40 10 15
40 11 30
40 12 7
40 13 5
40 14 31
40 16 20
40 18 27
40 19 40
40 20 36
40 21 21
40 24 4
40 25 7
40 26 37
40 27 12
40 29 5
40 30 10
40 31 37
40 32 16
40 33 11
40 34 35
40 35 9
40 36 27
40 37 4
40 38 8
41 0 30
41 1 40
41 2 16
41 3 37
41 4 18
41 5 5
41 6 21
41 7 33
41 8 6
41 9 22
41 10 3
41 11 18
41 12 8
41 13 30
41 15 2
41 16 27
41 17 21
41 18 32
41 19 32
41 20 17
41 24 1
41 25 11
41 26 18
41 27 13
41 28 11
41 29 21
41 30 4
41 33 1
41 34 35
41 36 17
41 37 23
41 38 12
41 39 6
41 40 13
42 0 19
42 1 21
42 3 2
42 4 21
42 5 27
42 6 5
42 7 3
42 8 35
42 9 10
42 11 3
42 13 35
42 14 26
42 15 6
42 17 29
42 18 27
42 19 17
42 20 7
42 22 18
42 24 32
42 25 1
42 26 35
42 28 34
42 29 5
42 30 12
42 31 9
42 32 20
42 33 31
42 34 39
42 35 14
42 37 15
42 38 5
42 39 34
42 41 20
43 0 39
43 1 3
43 2 21
43 3 31
43 4 25
43 5 3
43 6 40
43 7 13
43 8 39
43 9 30
43 10 34
43 11 29
43 12 16
43 13 9
43 14 37
43 17 12
43 18 23
43 19 13
43 21 13
43 23 18
43 24 35
43 25 19
43 28 36
43 29 14
43 30 32
43 31 17
43 32 23
43 34 37
43 35 14
43 36 8
43 37 32
43 38 40
43 39 4
43 40 27
43 41 28
43 42 11
44 0 32
44 2 1
44 4 26
44 5 19
44 6 18
44 8 34
44 9 14
44 10 7
44 12 32
44 13 13
44 14 33
44 15 11
44 16 38
44 18 4
44 19 37
44 22 16
44 25 11
44 26 38
44 27 32
44 28 2
44 29 7
44 30 18
44 31 30
44 32 9
44 33 38
44 34 16
44 35 16
44 36 9
44 37 20
44 38 15
44 39 40
44 40 22
44 41 5
44 42 33
44 43 21
45 0 11
45 2 27
45 3 39
45 4 15
45 5 10
45 6 26
45 7 34
45 8 40
45 9 31
45 10 36
45 11 39
45 12 18
45 13 28
45 17 21
45 18 29
45 19 14
45 20 2
45 21 37
45 22 8
45 24 7
45 25 3
45 26 14
45 27 4
45 29 3
45 31 19
45 32 24
45 33 40
45 35 21
45 36 37
45 37 24
45 38 39
45 39 40
45 40 13
45 41 5
45 42 40
45 43 7
45 44 6
46 0 31
46 1 37
46 3 34
46 4 10
46 5 13
46 7 29
46 8 28
46 9 24
46 10 21
46 11 7
46 13 9
46 14 6
46 15 22
46 16 6
46 18 28
46 21 1
46 22 3
46 23 28
46 25 9
46 27 31
46 29 28
46 30 36
46 31 14
46 32 7
46 33 5
46 35 39
46 37 32
46 39 4
46 40 18
46 41 28
46 42 1
46 43 7
46 44 18
47 0 13
47 1 39
47 2 23
47 4 12
47 5 27
47 6 23
47 7 33
47 8 27
47 10 25
47 11 3
47 13 17
47 14 6
47 15 27
47 16 21
47 17 4
47 18 22
47 20 39
47 21 20
47 22 1
47 23 36
47 24 27
47 25 12
47 26 2
47 27 37
47 28 35
47 29 16
47 30 33
47 33 19
47 37 36
47 38 8
47 39 13
47 40 22
47 41 26
47 42 22
47 43 32
47 44 7
47 45 1
47 46 5
48 2 17
48 3 20
48 6 30
48 8 40
48 9 35
48 10 10
48 11 18
48 12 16
48 13 12
48 14 23
48 15 31
48 17 32
48 19 28
48 22 38
48 23 28
48 24 30
48 25 19
48 26 38
48 27 34
48 28 12
48 29 24
48 31 24
48 32 19
48 33 24
48 34 27
48 35 28
48 36 25
48 37 14
48 38 9
48 39 34
48 40 27
48 41 2
48 42 15
48 43 40
48 44 6
48 45 11
48 46 11
48 47 37
49 0 24
49 1 7
49 2 21
49 3 14
49 4 1
49 5 10
49 8 12
49 9 33
49 10 31
49 11 5
49 12 28
49 13 9
49 14 17
49 15 18
49 16 28
49 17 39
49 18 35
49 19 18
49 20 25
49 21 38
49 22 32
49 23 11
49 24 33
49 25 31
49 26 1
49 29 2
49 30 26
49 32 6
49 34 29
49 35 35
49 36 4
49 37 36
49 38 11
49 39 3
49 40 31
49 42 32
49 43 36
49 44 8
49 45 17
49 46 3
49 47 1
49 48 31
50 0 38
50 1 6
50 3 32
50 4 15
50 5 10
50 7 32
50 8 21
50 9 16
50 11 31
50 12 28
50 13 18
50 14 28
50 16 10
50 17 34
50 18 12
50 19 22
50 20 1
50 22 34
50 23 27
50 25 16
50 26 16
50 28 21
50 29 15
50 30 3
50 31 14
50 34 32
50 35 3
50 36 15
50 38 12
50 39 22
50 40 27
50 42 5
50 43 14
50 46 18
50 47 35
50 48 38
50 49 14
51 0 24
51 1 32
51 2 21
51 4 28
51 5 35
51 7 29
51 8 6
51 10 33
51 11 10
51 12 40
51 13 4
51 14 1
51 15 1
51 16 39
51 19 23
51 20 5
51 21 3
51 24 1
51 26 35
51 27 34
51 29 25
51 31 39
51 32 40
51 33 2
51 35 7
51 36 11
51 37 30
51 38 5
51 39 15
51 40 12
51 41 24
51 42 5
51 43 3
51 44 9
51 45 24
51 47 2
51 48 19
51 49 24
51 50 38
52 0 28
52 2 4
52 3 23
52 6 21
52 8 38
52 9 33
52 10 25
52 11 12
52 15 40
52 18 38
52 19 6
52 20 35
52 22 8
52 24 37
52 27 3
52 28 26
52 29 5
52 32 40
52 33 33
52 34 33
52 35 8
52 36 15
52 37 16
52 38 36
52 40 27
52 41 8
52 42 3
52 44 2
52 45 5
52 46 31
52 47 40
52 49 7
52 50 3
52 51 21
53 1 25
53 2 19
53 3 29
53 4 28
53 5 14
53 6 10
53 7 25
53 8 38
53 9 35
53 11 35
53 12 6
53 13 16
53 15 36
53 17 10
53 18 9
53 19 19
53 20 4
53 22 34
53 23 29
53 24 1
53 25 31
53 26 26
53 27 11
53 28 18
53 29 7
53 32 3
53 33 1
53 34 9
53 35 17
53 36 2
53 37 11
53 38 17
53 39 25
53 40 24
53 42 35
53 44 14
53 45 28
53 46 9
53 47 29
53 49 8
53 50 31
53 51 25
53 52 29
54 0 29
54 1 25
54 2 16
54 3 7
54 4 15
54 5 20
54 6 39
54 7 40
54 8 14
54 9 40
54 11 10
54 12 38
54 13 30
54 14 22
54 15 30
54 16 23
54 17 31
54 18 5
54 20 26
54 21 40
54 23 32
54 24 2
54 26 33
54 27 9
54 30 20
54 31 23
54 32 23
54 33 40
54 34 35
54 35 21
54 36 35
54 37 39
54 38 4
54 40 13
54 42 15
54 43 9
54 44 17
54 45 10
54 46 1
54 47 25
54 48 17
54 49 10
54 50 24
54 51 19
54 52 16
54 53 16
55 0 4
55 1 32
55 2 40
55 3 20
55 4 10
55 5 17
55 6 3
55 8 7
55 10 25
55 11 28
55 12 7
55 14 27
55 15 6
55 16 15
55 18 36
55 19 35
55 20 27
55 22 7
55 23 23
55 24 7
55 25 22
55 27 33
55 28 11
55 29 4
55 30 10
55 31 25
55 32 9
55 34 26
55 35 26
55 36 40
55 37 14
55 38 18
55 39 34
55 40 27
55 43 3
55 45 14
55 46 33
55 47 32
55 48 36
55 49 17
55 50 17
55 52 40
55 53 8
55 54 40
56 0 25
56 1 2
56 3 30
56 4 19
56 5 2
56 6 6
56 7 31
56 8 27
56 10 18
56 11 1
56 12 8
56 13 25
56 15 29
56 16 21
56 17 34
56 19 19
56 20 5
56 21 2
56 22 34
56 23 36
56 24 34
56 27 22
56 28 34
56 29 22
56 30 11
56 31 16
56 33 35
56 34 38
56 35 27
56 39 19
56 41 19
56 42 29
56 43 36
56 47 27
56 48 15
56 49 26
56 50 16
56 53 33
56 54 26
56 55 34
57 0 23
57 1 33
57 2 18
57 4 2
57 5 38
57 6 12
57 9 8
57 10 29
57 11 23
57 13 23
57 14 8
57 15 38
57 18 32
57 19 7
57 20 25
57 21 28
57 23 26
57 24 40
57 26 12
57 27 18
57 28 36
57 29 26
57 30 14
57 31 15
57 32 15
57 33 31
57 34 33
57 35 22
57 37 1
57 38 34
57 39 15
57 40 39
57 41 5
57 42 19
57 43 24
57 44 28
57 46 24
57 47 22
57 48 23
57 49 24
57 50 38
57 51 27
57 52 14
57 55 16
57 56 32
58 0 6
58 1 13
58 2 15
58 3 9
58 4 24
58 6 14
58 7 32
58 8 26
58 10 8
58 13 1
58 14 10
58 15 23
58 16 20
58 20 4
58 21 29
58 22 28
58 23 11
58 24 12
58 25 16
58 28 12
58 29 16
58 30 32
58 32 31
58 33 16
58 34 20
58 35 32
58 36 10
58 38 14
58 39 27
58 40 38
58 41 40
58 42 27
58 43 18
58 44 40
58 45 2
58 46 36
58 47 19
58 49 35
58 50 34
58 51 15
58 52 10
58 54 27
58 55 21
58 56 5
58 57 33
59 0 3
59 1 22
59 2 7
59 4 7
59 5 23
59 6 31
59 7 12
59 9 16
59 10 40
59 11 15
59 13 17
59 14 3
59 15 19
59 16 24
59 19 32
59 20 1
59 21 39
59 22 24
59 23 26
59 25 22
59 26 17
59 28 14
59 29 36
59 30 34
59 31 12
59 32 28
59 33 29
59 34 4
59 35 26
59 37 10
59 38 16
59 39 19
59 40 40
59 41 35
59 42 17
59 43 24
59 44 19
59 45 33
59 46 2
59 47 28
59 48 22
59 50 39
59 51 25
59 52 17
59 53 10
59 54 13
59 55 9
59 56 20
