50
1 0 17
2 0 51
2 1 12
3 1 23
3 2 14
4 0 67
5 2 25
5 3 54
6 0 39
6 4 23
7 0 25
7 1 22
7 2 53
7 4 49
8 0 49
8 3 36
8 5 61
8 7 7
9 0 80
9 1 52
9 3 12
9 5 26
9 8 40
10 0 40
10 2 26
10 3 79
10 4 71
10 5 80
10 6 19
10 8 79
11 0 73
11 1 77
11 2 51
11 4 39
11 5 36
11 8 54
12 1 60
12 5 24
12 7 49
12 8 37
12 9 3
13 4 66
13 12 20
14 0 17
14 1 80
14 2 53
14 4 77
14 7 78
14 11 51
14 13 79
15 1 80
15 2 72
15 3 69
15 5 73
15 6 48
15 9 9
15 10 79
15 11 75
15 12 68
15 13 72
16 0 37
16 3 73
16 4 53
16 5 72
16 6 50
16 13 39
16 14 67
16 15 36
17 0 61
17 3 49
17 5 59
17 9 57
17 11 38
17 14 42
17 16 11
18 7 59
18 8 71
18 10 3
18 13 7
18 14 59
18 17 55
19 1 27
19 2 72
19 6 23
19 11 36
19 12 3
19 13 38
19 14 72
19 16 25
19 17 5
20 0 13
20 3 42
20 6 43
20 8 4
20 12 48
20 13 27
20 14 46
20 16 62
20 17 66
21 2 54
21 3 80
21 4 44
21 6 59
21 16 70
21 18 75
21 19 7
21 20 7
22 0 41
22 1 26
22 4 33
22 5 40
22 7 78
22 9 45
22 13 72
22 14 48
22 15 51
22 18 16
22 19 55
22 20 19
22 21 66
23 0 78
23 2 23
23 5 13
23 7 41
23 8 21
23 9 20
23 10 5
23 11 62
23 14 31
23 18 62
23 19 71
23 21 77
23 22 3
24 1 20
24 2 21
24 3 12
24 5 43
24 6 65
24 7 1
24 9 57
24 10 25
24 11 49
24 14 24
24 15 21
24 17 32
24 18 48
24 19 65
24 21 62
24 23 77
25 0 68
25 4 66
25 6 71
25 10 13
25 11 32
25 14 25
25 15 21
25 16 37
25 18 69
25 19 68
25 21 27
25 22 14
25 23 80
25 24 7
26 0 33
26 1 57
26 2 1
26 3 78
26 4 66
26 5 31
26 6 39
26 7 2
26 9 56
26 10 30
26 11 26
26 12 66
26 14 66
26 17 12
26 18 79
26 19 34
26 21 76
26 22 59
26 23 46
26 24 45
26 25 3
27 3 50
27 4 73
27 13 16
27 18 49
27 19 22
27 20 30
27 21 2
27 23 29
27 25 69
28 3 71
28 4 77
28 7 8
28 12 49
28 15 49
28 16 43
28 17 45
28 19 51
28 25 60
28 26 20
28 27 53
29 1 26
29 2 30
29 5 34
29 8 14
29 9 28
29 10 37
29 11 11
29 12 7
29 13 5
29 14 12
29 15 75
29 17 32
29 20 61
29 21 69
29 25 60
29 26 73
30 4 58
30 7 18
30 9 47
30 10 32
30 11 18
30 14 15
30 16 75
30 17 17
30 19 7
30 20 71
30 22 69
30 23 29
30 25 2
30 26 35
30 27 71
30 28 28
30 29 26
31 0 57
31 2 10
31 3 39
31 5 65
31 6 49
31 9 44
31 13 11
31 14 46
31 16 23
31 17 4
31 18 42
31 20 30
31 21 22
31 25 4
31 27 76
31 28 25
31 30 3
32 1 59
32 3 61
32 7 10
32 8 7
32 15 20
32 16 14
32 17 16
32 18 42
32 19 24
32 20 59
32 22 76
32 23 40
32 24 6
32 25 18
32 27 53
32 28 57
32 29 3
33 4 43
33 5 53
33 6 44
33 8 49
33 9 49
33 10 32
33 13 17
33 18 17
33 21 57
33 22 71
33 25 74
33 26 15
33 29 33
33 30 55
33 32 22
34 0 17
34 1 52
34 8 6
34 9 47
34 11 37
34 12 23
34 13 55
34 15 38
34 16 71
34 17 71
34 18 60
34 20 41
34 21 72
34 25 73
34 30 44
34 31 47
34 33 65
35 2 68
35 9 42
35 11 59
35 12 4
35 13 32
35 16 19
35 17 42
35 19 62
35 20 51
35 26 56
35 27 21
35 28 2
35 29 71
35 33 39
35 34 66
36 3 51
36 4 48
36 10 68
36 11 66
36 12 2
36 14 10
36 18 74
36 21 52
36 23 47
36 24 13
36 25 62
36 26 29
36 28 77
36 29 15
36 30 20
36 32 33
36 33 61
36 35 67
37 2 52
37 3 20
37 4 43
37 7 9
37 10 47
37 11 69
37 16 57
37 19 3
37 20 20
37 21 3
37 23 6
37 25 49
37 26 46
37 31 63
37 34 50
38 1 17
38 4 50
38 7 8
38 8 74
38 12 61
38 14 76
38 15 50
38 17 77
38 18 7
38 22 13
38 24 42
38 25 49
38 28 4
38 29 44
38 31 19
38 33 17
38 36 79
39 0 54
39 1 24
39 2 72
39 3 72
39 4 23
39 5 34
39 6 53
39 13 18
39 16 24
39 18 16
39 20 21
39 22 11
39 23 57
39 24 63
39 26 12
39 28 56
39 35 50
39 37 44
39 38 54
40 1 24
40 4 56
40 5 50
40 6 20
40 7 43
40 8 61
40 10 40
40 11 8
40 12 59
40 15 69
40 20 36
40 21 73
40 22 27
40 24 29
40 25 70
40 27 69
40 28 45
40 30 24
40 32 34
40 33 51
40 35 34
40 38 41
40 39 66
41 3 12
41 4 75
41 5 68
41 9 30
41 11 23
41 13 57
41 14 45
41 15 45
41 16 37
41 17 34
41 18 21
41 19 21
41 22 20
41 24 14
41 26 28
41 28 39
41 30 28
41 31 61
41 33 22
41 35 57
41 36 38
41 38 14
41 39 46
42 1 13
42 3 79
42 7 73
42 8 26
42 10 73
42 11 14
42 12 52
42 13 10
42 18 6
42 22 66
42 24 57
42 26 17
42 28 6
42 31 32
42 32 15
42 36 4
42 37 53
42 40 45
42 41 10
43 1 52
43 2 8
43 3 7
43 7 44
43 11 76
43 12 36
43 14 16
43 15 47
43 16 24
43 18 48
43 20 21
43 22 45
43 23 32
43 24 7
43 25 4
43 26 32
43 30 55
43 32 43
43 36 9
43 38 8
43 40 36
43 42 69
44 0 40
44 1 11
44 2 73
44 3 41
44 4 71
44 6 31
44 12 52
44 13 35
44 14 27
44 15 15
44 16 65
44 21 31
44 22 71
44 23 63
44 25 2
44 31 32
44 32 5
44 33 30
44 34 79
44 38 3
44 40 50
45 0 50
45 2 42
45 5 8
45 7 78
45 8 52
45 12 29
45 13 41
45 15 22
45 20 55
45 22 17
45 24 50
45 25 46
45 30 52
45 32 47
45 34 68
45 36 18
45 37 7
45 40 66
46 1 40
46 2 38
46 5 28
46 8 37
46 9 52
46 11 45
46 14 62
46 17 61
46 18 22
46 19 43
46 21 49
46 22 57
46 28 60
46 31 12
46 33 5
46 38 29
46 45 8
47 2 64
47 3 28
47 5 58
47 7 59
47 8 6
47 13 59
47 14 41
47 15 78
47 16 2
47 18 23
47 21 38
47 22 33
47 25 71
47 26 1
47 28 35
47 29 29
47 30 37
47 33 2
47 37 39
47 40 15
47 41 44
47 42 27
47 44 74
47 45 72
48 0 44
48 2 34
48 4 40
48 5 5
48 9 58
48 12 7
48 14 59
48 16 5
48 18 49
48 21 5
48 22 33
48 28 20
48 29 46
48 30 55
48 31 27
48 35 49
48 36 50
48 37 73
48 38 70
48 41 55
48 43 68
48 45 79
49 0 22
49 1 71
49 5 6
49 6 44
49 9 23
49 11 6
49 13 50
49 16 20
49 19 63
49 20 13
49 22 16
49 24 29
49 27 18
49 28 49
49 29 34
49 30 57
49 32 19
49 35 53
49 37 5
49 38 31
49 40 61
49 41 72
49 42 65
49 43 4
49 46 49
49 47 40
