20
1 0 13
3 1 10
3 2 21
4 0 30
4 1 26
4 2 38
4 3 22
5 2 25
5 3 23
6 0 39
6 2 34
6 4 39
6 5 6
7 0 2
7 3 37
7 4 3
7 5 1
7 6 13
8 1 29
8 2 29
8 3 20
8 4 18
8 5 25
8 6 22
8 7 19
9 0 28
9 1 1
9 2 5
9 3 26
9 4 25
9 5 36
9 7 4
9 8 22
10 1 29
10 2 28
10 3 32
10 4 21
10 6 2
10 7 29
10 9 23
11 0 2
11 3 29
11 5 34
11 6 11
11 7 5
11 8 40
11 9 24
11 10 40
12 3 14
12 4 27
12 6 6
12 7 1
12 9 5
12 10 9
13 1 16
13 2 12
13 3 20
13 5 24
13 6 33
13 7 25
13 8 39
13 9 14
13 10 6
13 11 32
13 12 5
14 0 25
14 1 22
14 3 13
14 5 14
14 6 31
14 10 40
14 11 14
14 12 32
14 13 22
15 2 19
15 4 22
15 6 27
15 8 11
15 11 26
15 12 10
15 13 40
15 14 39
16 0 36
16 1 39
16 2 2
16 3 18
16 4 29
16 5 3
16 6 15
16 7 35
16 8 24
16 9 39
16 10 2
16 11 17
16 12 13
16 13 34
17 0 14
17 1 39
17 2 26
17 4 4
17 6 3
17 7 35
17 8 30
17 9 11
17 11 9
17 13 14
17 14 15
17 15 15
18 1 37
18 2 13
18 5 17
18 8 39
18 9 5
18 10 34
18 11 29
18 14 9
18 15 21
18 16 31
18 17 32
19 1 3
19 2 14
19 3 24
19 4 8
19 5 33
19 6 40
19 8 6
19 10 17
19 11 28
19 12 5
19 13 31
19 14 3
19 15 29
19 16 23
19 17 23
19 18 35
