50
1 0 202
2 1 315
3 1 33
3 2 292
4 0 119
4 1 89
4 2 67
4 3 28
5 0 90
5 2 98
5 3 252
5 4 184
6 0 14
6 1 55
6 3 319
6 4 91
6 5 54
7 0 32
7 2 47
7 3 180
7 4 180
7 5 2
7 6 252
8 0 295
8 1 46
8 2 190
8 3 72
8 4 32
8 5 231
8 7 113
9 0 83
9 1 247
9 2 19
9 3 16
9 4 56
9 5 227
9 6 168
9 7 23
9 8 135
10 0 32
10 1 37
10 2 27
10 3 80
10 4 204
10 5 315
10 6 87
10 7 161
10 8 3
10 9 314
11 0 164
11 2 261
11 3 238
11 4 208
11 5 78
11 7 273
11 8 18
11 10 313
12 0 209
12 1 256
12 2 123
12 3 220
12 4 168
12 5 7
12 6 18
12 7 33
12 8 154
12 9 292
12 10 57
12 11 47
13 1 283
13 2 60
13 4 253
13 5 215
13 6 303
13 7 103
13 8 313
13 10 38
13 11 35
14 0 10
14 1 81
14 2 176
14 3 59
14 5 65
14 6 173
14 7 241
14 8 188
14 9 156
14 10 125
14 11 43
14 12 264
14 13 15
15 0 97
15 1 297
15 2 108
15 3 194
15 4 2
15 6 35
15 8 161
15 9 59
15 10 185
15 11 155
15 12 116
15 13 59
16 0 185
16 1 109
16 2 131
16 3 280
16 4 177
16 5 223
16 6 13
16 7 158
16 8 305
16 9 80
16 10 19
16 11 153
16 12 262
16 13 273
16 14 120
16 15 217
17 0 125
17 1 199
17 2 184
17 3 141
17 4 203
17 5 86
17 6 121
17 7 51
17 8 83
17 9 60
17 10 157
17 11 126
17 12 102
17 13 78
17 14 173
17 15 35
17 16 246
18 1 123
18 2 67
18 3 141
18 4 32
18 5 153
18 6 40
18 7 213
18 8 70
18 9 175
18 10 168
18 11 4
18 12 278
18 13 42
18 14 246
18 15 114
18 16 123
18 17 67
19 0 184
19 1 254
19 2 91
19 3 127
19 4 147
19 5 317
19 6 18
19 7 203
19 8 30
19 9 232
19 10 74
19 11 160
19 12 50
19 14 312
19 16 215
19 17 125
19 18 163
20 0 63
20 1 60
20 2 303
20 3 252
20 4 297
20 5 151
20 6 72
20 7 304
20 8 7
20 9 126
20 10 249
20 12 230
20 13 79
20 14 208
20 15 300
20 16 86
20 17 313
20 18 150
20 19 293
21 0 99
21 1 299
21 2 156
21 4 99
21 5 12
21 6 316
21 7 269
21 8 233
21 9 105
21 10 5
21 11 180
21 12 278
21 13 302
21 15 294
21 16 318
21 17 191
21 18 292
21 19 140
21 20 118
22 0 315
22 1 263
22 4 57
22 5 277
22 6 23
22 7 315
22 8 252
22 9 49
22 10 18
22 11 266
22 12 231
22 13 203
22 14 82
22 15 277
22 16 216
22 17 233
22 18 87
22 19 238
22 20 273
22 21 275
23 0 300
23 1 140
23 2 142
23 3 51
23 4 294
23 5 87
23 6 95
23 8 257
23 9 182
23 10 59
23 11 12
23 12 292
23 13 279
23 14 118
23 15 202
23 16 192
23 17 117
23 18 84
23 19 230
23 20 109
23 21 28
23 22 229
24 1 268
24 2 22
24 3 42
24 4 191
24 5 100
24 6 48
24 7 239
24 8 16
24 9 4
24 10 243
24 11 283
24 12 173
24 13 259
24 14 282
24 15 75
24 16 246
24 17 56
24 18 236
24 19 86
24 20 248
24 22 192
25 0 4
25 1 98
25 2 192
25 3 43
25 4 317
25 5 133
25 7 112
25 8 180
25 9 242
25 10 27
25 11 118
25 12 193
25 13 222
25 14 286
25 15 296
25 16 178
25 17 120
25 18 73
25 20 101
25 21 125
25 22 277
25 23 257
25 24 94
26 0 60
26 2 7
26 3 280
26 4 12
26 5 246
26 6 145
26 8 207
26 9 27
26 10 128
26 11 121
26 14 69
26 15 248
26 16 281
26 17 80
26 18 135
26 19 245
26 20 103
26 21 180
26 22 285
26 23 206
26 25 134
27 0 284
27 1 41
27 2 199
27 3 158
27 4 117
27 6 176
27 7 141
27 8 219
27 9 309
27 10 12
27 11 193
27 13 22
27 14 304
27 16 283
27 17 63
27 18 32
27 19 82
27 20 20
27 21 130
27 22 158
27 24 63
27 25 272
27 26 195
28 0 81
28 1 45
28 2 185
28 3 139
28 4 161
28 5 55
28 6 263
28 7 263
28 8 280
28 9 160
28 10 122
28 11 196
28 12 199
28 13 150
28 14 9
28 15 51
28 16 213
28 17 276
28 18 184
28 19 53
28 20 196
28 21 36
28 22 80
28 23 157
28 24 251
28 25 89
28 26 175
28 27 95
29 0 312
29 1 264
29 2 291
29 3 104
29 4 317
29 6 73
29 8 50
29 9 74
29 10 142
29 11 314
29 12 254
29 13 265
29 14 195
29 15 81
29 16 284
29 17 33
29 18 167
29 19 291
29 20 134
29 21 130
29 22 245
29 23 218
29 24 235
29 25 172
29 26 178
29 27 318
29 28 56
30 0 106
30 1 192
30 2 222
30 3 228
30 4 42
30 5 147
30 6 252
30 7 117
30 8 67
30 10 92
30 11 5
30 12 264
30 13 251
30 14 15
30 17 4
30 18 54
30 19 39
30 20 224
30 21 295
30 22 89
30 23 119
30 24 216
30 25 9
30 26 152
30 27 64
30 28 268
30 29 154
31 1 168
31 2 101
31 3 89
31 4 295
31 5 267
31 7 94
31 8 149
31 9 197
31 10 277
31 11 80
31 12 132
31 13 9
31 14 313
31 15 22
31 16 19
31 18 197
31 20 32
31 21 139
31 22 277
31 23 292
31 24 226
31 25 222
31 27 143
31 28 145
31 29 257
31 30 168
32 0 17
32 1 299
32 2 20
32 3 109
32 5 218
32 6 163
32 7 151
32 8 71
32 9 224
32 10 238
32 11 282
32 12 254
32 13 73
32 14 314
32 15 211
32 16 13
32 17 215
32 18 35
32 19 70
32 20 74
32 21 281
32 22 16
32 23 147
32 24 36
32 25 43
32 26 247
32 27 5
32 28 287
32 29 213
32 30 13
32 31 246
33 0 225
33 2 2
33 3 78
33 4 253
33 5 251
33 6 15
33 7 75
33 8 258
33 9 233
33 10 158
33 11 127
33 12 239
33 13 31
33 14 292
33 15 123
33 16 296
33 17 253
33 19 173
33 20 259
33 21 292
33 22 295
33 23 128
33 24 320
33 25 232
33 26 39
33 27 80
33 28 37
33 29 142
33 30 149
33 31 22
33 32 284
34 0 245
34 1 135
34 2 186
34 3 22
34 5 295
34 6 225
34 7 277
34 8 129
34 9 120
34 10 165
34 11 129
34 12 284
34 13 272
34 14 274
34 15 149
34 16 204
34 17 114
34 18 10
34 19 202
34 20 263
34 21 154
34 22 256
34 23 185
34 24 39
34 25 269
34 26 186
34 27 141
34 28 128
34 29 151
34 30 119
34 31 260
34 32 168
34 33 156
35 0 5
35 1 143
35 2 184
35 3 187
35 4 236
35 5 255
35 6 310
35 7 72
35 8 19
35 9 277
35 10 93
35 11 196
35 12 170
35 13 29
35 14 260
35 15 231
35 16 282
35 17 70
35 18 3
35 19 12
35 20 161
35 21 111
35 22 178
35 23 255
35 24 137
35 26 189
35 27 245
35 28 29
35 29 267
35 30 33
35 31 225
35 32 256
35 34 47
36 0 41
36 1 275
36 2 251
36 3 51
36 4 202
36 6 113
36 7 51
36 8 152
36 10 225
36 11 232
36 12 146
36 13 116
36 14 106
36 15 242
36 16 182
36 17 197
36 18 261
36 19 259
36 21 88
36 22 180
36 23 189
36 24 175
36 25 216
36 26 242
36 27 171
36 28 260
36 29 177
36 30 8
36 31 247
36 32 147
36 33 320
36 34 29
36 35 166
37 0 80
37 1 91
37 2 312
37 3 212
37 4 319
37 6 108
37 7 186
37 9 60
37 10 221
37 11 149
37 12 72
37 13 274
37 14 196
37 15 202
37 16 189
37 17 215
37 19 3
37 20 3
37 21 63
37 22 17
37 23 86
37 24 278
37 25 70
37 27 234
37 28 227
37 29 295
37 30 114
37 31 62
37 32 26
37 33 113
37 34 224
37 35 59
37 36 95
38 0 244
38 2 234
38 3 98
38 4 1
38 5 163
38 6 149
38 7 17
38 8 247
38 9 52
38 10 152
38 11 292
38 12 102
38 14 200
38 15 36
38 16 182
38 17 178
38 18 281
38 19 251
38 21 121
38 24 271
38 25 235
38 26 182
38 27 134
38 28 103
38 29 145
38 31 20
38 32 4
38 33 227
38 34 144
38 35 56
38 36 113
38 37 106
39 0 80
39 1 240
39 2 299
39 3 46
39 4 234
39 5 45
39 8 92
39 9 127
39 10 280
39 11 144
39 12 171
39 14 71
39 15 293
39 16 258
39 17 201
39 18 6
39 19 271
39 20 253
39 21 83
39 22 307
39 23 286
39 24 176
39 25 248
39 26 158
39 28 174
39 29 184
39 30 237
39 31 53
39 32 181
39 33 221
39 34 318
39 36 120
39 37 78
39 38 169
40 0 73
40 1 236
40 2 254
40 3 95
40 4 108
40 5 263
40 6 55
40 7 139
40 8 187
40 9 117
40 11 144
40 12 290
40 13 25
40 14 6
40 15 162
40 16 144
40 17 165
40 19 273
40 20 263
40 21 300
40 22 131
40 24 112
40 25 57
40 26 47
40 27 115
40 28 309
40 29 309
40 30 221
40 31 76
40 32 81
40 33 95
40 34 211
40 35 243
40 37 298
40 38 319
40 39 77
41 0 203
41 2 18
41 4 123
41 5 177
41 6 132
41 7 77
41 9 273
41 10 242
41 11 26
41 12 6
41 13 12
41 15 133
41 16 115
41 18 34
41 19 268
41 20 122
41 21 26
41 22 23
41 23 288
41 24 132
41 25 67
41 26 214
41 28 217
41 29 90
41 30 61
41 31 210
41 33 10
41 34 4
41 35 172
41 36 82
41 37 22
41 38 3
41 39 224
41 40 145
42 0 163
42 1 204
42 2 104
42 3 167
42 6 3
42 7 271
42 8 106
42 9 13
42 10 151
42 11 320
42 12 161
42 13 158
42 14 286
42 15 91
42 16 261
42 17 269
42 19 255
42 20 199
42 21 11
42 23 17
42 24 190
42 26 178
42 27 294
42 28 298
42 29 97
42 30 263
42 32 218
42 33 99
42 34 177
42 35 316
42 37 316
42 39 67
42 40 125
43 0 99
43 1 144
43 2 300
43 3 275
43 4 42
43 5 136
43 6 259
43 7 52
43 8 25
43 9 96
43 10 212
43 12 198
43 13 245
43 14 263
43 15 266
43 16 214
43 17 244
43 18 220
43 19 269
43 21 300
43 22 101
43 23 294
43 24 103
43 25 283
43 26 22
43 27 260
43 28 223
43 29 47
43 30 220
43 31 177
43 32 61
43 33 268
43 34 86
43 35 288
43 36 19
43 37 138
43 39 290
43 40 4
43 41 24
43 42 23
44 0 65
44 1 110
44 2 4
44 3 109
44 4 23
44 5 122
44 6 182
44 7 56
44 9 313
44 10 287
44 11 175
44 12 16
44 13 79
44 14 140
44 15 161
44 16 232
44 17 250
44 18 34
44 19 249
44 20 123
44 21 273
44 22 289
44 23 116
44 24 255
44 25 248
44 26 256
44 27 222
44 28 16
44 29 148
44 30 71
44 31 201
44 32 22
44 33 121
44 34 159
44 35 289
44 36 114
44 37 299
44 38 205
44 39 243
44 40 303
44 41 185
44 42 11
44 43 197
45 0 242
45 1 23
45 2 264
45 3 303
45 4 261
45 5 259
45 6 45
45 7 237
45 8 17
45 9 31
45 10 140
45 11 60
45 13 69
45 14 28
45 15 101
45 16 165
45 18 90
45 19 196
45 20 13
45 21 308
45 22 67
45 23 236
45 24 7
45 25 99
45 26 55
45 27 282
45 28 209
45 29 88
45 30 161
45 31 108
45 32 120
45 33 286
45 34 294
45 36 14
45 37 196
45 38 52
45 39 119
45 40 130
45 41 316
45 42 164
45 43 61
45 44 78
46 0 305
46 2 156
46 3 29
46 4 212
46 5 200
46 6 142
46 7 183
46 8 155
46 9 172
46 10 233
46 11 209
46 12 44
46 13 72
46 14 64
46 15 79
46 16 148
46 17 19
46 18 273
46 19 118
46 20 32
46 22 82
46 23 123
46 24 35
46 25 299
46 26 134
46 27 204
46 28 158
46 29 188
46 30 262
46 31 211
46 33 318
46 34 300
46 35 55
46 36 20
46 37 264
46 38 300
46 39 31
46 40 213
46 41 262
46 42 302
46 43 197
46 44 177
46 45 143
47 0 164
47 1 186
47 2 56
47 3 250
47 4 98
47 5 107
47 6 159
47 7 239
47 8 111
47 9 13
47 10 165
47 11 8
47 12 20
47 13 165
47 14 175
47 15 9
47 16 293
47 17 166
47 18 209
47 19 184
47 20 158
47 21 249
47 22 232
47 23 53
47 25 177
47 26 162
47 27 272
47 29 269
47 30 211
47 31 293
47 32 23
47 33 73
47 34 145
47 35 16
47 36 71
47 37 25
47 38 298
47 39 16
47 40 200
47 42 57
47 43 68
47 44 227
47 45 181
47 46 230
48 0 30
48 1 299
48 2 267
48 3 166
48 4 61
48 5 157
48 7 253
48 8 296
48 9 263
48 10 11
48 11 316
48 12 208
48 15 224
48 16 172
48 17 135
48 18 175
48 19 234
48 21 206
48 22 180
48 23 290
48 24 280
48 25 137
48 26 177
48 27 173
48 28 113
48 29 288
48 30 209
48 31 172
48 32 136
48 33 3
48 34 111
48 36 249
48 37 11
48 38 238
48 39 197
48 40 143
48 41 76
48 42 156
48 43 251
48 44 197
48 45 20
48 46 318
48 47 65
49 0 25
49 1 54
49 2 282
49 4 64
49 5 307
49 6 170
49 8 247
49 9 292
49 10 179
49 11 228
49 13 225
49 15 82
49 16 320
49 17 187
49 18 294
49 19 188
49 20 199
49 21 48
49 23 143
49 24 102
49 25 252
49 26 225
49 27 202
49 28 159
49 29 124
49 30 220
49 31 101
49 32 67
49 33 248
49 35 100
49 36 268
49 37 32
49 38 127
49 39 286
49 40 167
49 41 192
49 42 154
49 43 116
49 44 319
49 45 46
49 46 59
49 47 212
49 48 203
