40
1 0 1
2 0 3
2 1 3
3 0 5
3 2 2
4 0 7
4 1 8
4 2 1
5 0 5
5 1 10
5 2 8
5 3 5
6 0 6
6 2 1
6 4 4
7 0 1
7 3 8
8 0 9
8 1 5
8 2 9
8 3 5
8 4 6
8 5 1
8 6 6
9 2 9
9 6 8
9 7 6
9 8 7
10 0 7
10 1 2
10 2 1
10 3 2
10 5 8
10 6 3
10 7 4
10 9 8
11 0 9
11 2 1
11 4 9
11 8 5
11 10 1
12 2 5
12 3 8
12 4 5
12 5 7
12 6 2
12 7 3
12 8 3
12 9 10
12 10 3
12 11 2
13 0 5
13 3 2
13 5 8
13 8 3
13 9 5
13 11 10
13 12 8
14 0 4
14 2 2
14 3 2
14 4 5
14 5 8
14 6 9
14 7 8
14 8 7
14 11 4
14 13 9
15 2 5
15 3 3
15 5 10
15 6 2
15 8 2
15 9 3
15 10 1
15 11 5
15 13 6
15 14 10
16 0 7
16 1 8
16 4 5
16 7 3
16 9 8
16 10 7
16 12 2
16 13 1
16 14 2
16 15 5
17 0 3
17 1 10
17 2 4
17 4 1
17 5 2
17 6 6
17 8 4
17 10 1
17 11 5
17 12 2
17 13 4
17 14 6
17 16 4
18 1 9
18 2 5
18 3 2
18 4 8
18 5 8
18 7 4
18 8 1
18 9 1
18 11 1
18 12 1
18 14 3
18 15 10
18 16 9
18 17 3
19 0 1
19 2 8
19 3 10
19 4 3
19 6 1
19 7 2
19 10 8
19 12 10
19 13 7
19 15 1
19 16 6
19 17 5
19 18 3
20 0 4
20 1 5
20 2 9
20 3 7
20 4 4
20 5 5
20 6 1
20 8 1
20 10 6
20 11 3
20 12 4
20 14 10
20 15 1
20 16 2
20 17 10
20 19 9
21 0 8
21 1 9
21 2 9
21 3 8
21 4 7
21 5 8
21 8 10
21 9 6
21 10 8
21 11 1
21 14 2
21 15 6
21 17 7
21 19 10
21 20 1
22 0 9
22 2 1
22 3 5
22 5 1
22 6 9
22 7 2
22 8 6
22 9 7
22 11 10
22 12 4
22 17 5
22 18 1
22 19 1
22 20 1
22 21 9
23 1 6
23 2 8
23 3 8
23 6 5
23 7 9
23 8 1
23 9 9
23 10 1
23 11 2
23 12 4
23 13 8
23 16 7
23 18 2
23 19 3
23 20 3
23 21 10
23 22 7
24 0 6
24 1 5
24 3 5
24 4 1
24 5 1
24 6 8
24 7 10
24 8 6
24 11 10
24 12 1
24 14 3
24 15 10
24 16 1
24 17 5
24 19 8
24 21 6
24 23 5
25 3 5
25 4 4
25 5 5
25 11 3
25 12 9
25 13 3
25 14 8
25 15 6
25 17 5
25 18 1
25 19 9
25 20 2
25 22 9
25 23 1
26 0 4
26 2 7
26 3 5
26 4 3
26 5 6
26 6 10
26 9 6
26 10 6
26 11 6
26 12 5
26 13 7
26 14 1
26 17 5
26 18 10
26 19 6
26 20 2
26 22 2
26 23 8
26 24 5
26 25 6
27 0 4
27 1 7
27 2 6
27 3 4
27 4 7
27 5 3
27 8 2
27 9 10
27 10 4
27 11 8
27 13 8
27 14 1
27 15 1
27 16 7
27 17 5
27 18 6
27 19 3
27 20 3
27 21 3
27 22 6
27 23 10
27 24 2
27 25 1
27 26 6
28 1 10
28 2 7
28 3 8
28 4 3
28 5 1
28 6 6
28 7 3
28 9 1
28 10 10
28 12 3
28 13 5
28 15 9
28 16 10
28 17 6
28 18 5
28 19 9
28 20 5
28 22 5
28 23 2
28 24 5
28 25 9
28 26 9
28 27 6
29 0 1
29 2 6
29 4 3
29 5 8
29 7 9
29 8 2
29 10 6
29 11 9
29 13 6
29 14 10
29 15 2
29 16 5
29 19 1
29 20 2
29 21 2
29 22 3
29 24 6
29 25 9
29 28 1
30 0 7
30 1 5
30 2 4
30 3 3
30 5 1
30 6 10
30 8 9
30 11 1
30 12 4
30 13 8
30 14 8
30 16 6
30 19 6
30 22 1
30 27 7
30 28 3
31 3 5
31 4 10
31 7 8
31 8 2
31 9 7
31 15 2
31 16 9
31 17 9
31 18 10
31 20 4
31 22 10
31 25 6
31 27 9
31 28 7
31 30 6
32 0 9
32 1 10
32 5 5
32 6 7
32 7 6
32 9 9
32 11 8
32 12 10
32 13 4
32 14 7
32 15 8
32 17 7
32 21 9
32 22 5
32 23 5
32 24 10
32 25 1
32 26 2
32 28 1
32 29 7
32 31 6
33 0 2
33 1 9
33 2 3
33 3 7
33 4 10
33 7 1
33 8 9
33 9 4
33 10 3
33 11 9
33 12 10
33 13 6
33 14 5
33 17 4
33 18 3
33 19 1
33 20 6
33 21 7
33 24 1
33 25 8
33 26 9
33 28 1
33 29 7
33 30 9
33 31 1
33 32 8
34 0 4
34 1 9
34 2 7
34 3 5
34 5 10
34 6 6
34 7 2
34 8 3
34 9 6
34 10 7
34 11 3
34 13 9
34 14 8
34 16 1
34 17 10
34 20 3
34 21 2
34 23 7
34 24 9
34 26 10
34 28 1
34 29 3
34 30 4
34 32 8
35 0 2
35 1 10
35 2 8
35 3 1
35 4 7
35 6 8
35 7 6
35 8 5
35 9 10
35 10 3
35 12 8
35 13 5
35 14 5
35 15 3
35 17 10
35 18 1
35 23 8
35 24 3
35 29 6
35 30 5
35 31 6
35 32 9
35 33 7
36 0 4
36 5 4
36 6 10
36 7 2
36 8 6
36 10 4
36 11 9
36 12 4
36 15 8
36 18 9
36 19 4
36 20 5
36 21 3
36 22 8
36 24 10
36 25 2
36 28 10
36 29 3
36 30 8
36 31 1
36 32 7
36 33 5
36 34 10
37 0 1
37 1 10
37 5 8
37 6 10
37 7 6
37 8 10
37 9 9
37 10 2
37 11 4
37 12 7
37 13 3
37 14 2
37 15 8
37 16 1
37 17 10
37 20 3
37 21 10
37 23 1
37 25 10
37 27 10
37 29 10
37 30 4
37 31 7
37 32 10
37 33 3
37 35 3
37 36 7
38 0 10
38 1 1
38 2 10
38 5 7
38 6 10
38 7 4
38 8 2
38 9 7
38 10 1
38 11 9
38 12 1
38 15 4
38 18 6
38 19 2
38 20 5
38 23 5
38 24 9
38 25 6
38 26 6
38 28 8
38 29 8
38 30 2
38 31 10
38 32 8
38 33 6
38 35 9
38 37 6
39 0 4
39 1 6
39 3 9
39 5 7
39 6 10
39 7 10
39 8 5
39 9 8
39 10 4
39 15 6
39 16 4
39 19 5
39 21 7
39 22 6
39 25 5
39 26 9
39 29 7
39 30 10
39 31 1
39 33 7
39 34 6
39 35 6
39 37 7
