20
1 0 13
2 0 55
2 1 39
3 1 13
3 2 45
4 0 9
5 0 48
5 2 37
5 4 80
6 1 5
6 2 55
7 2 8
7 3 25
7 4 32
7 5 10
7 6 80
8 0 8
8 1 2
8 3 24
8 4 78
8 5 42
8 6 29
8 7 75
9 3 50
9 4 4
9 5 29
9 6 62
9 8 53
10 0 76
10 3 24
10 4 33
10 5 5
10 6 35
11 2 29
11 4 71
11 5 43
11 6 31
11 7 30
11 8 69
11 9 3
12 3 7
12 4 32
12 5 32
12 6 32
12 8 26
12 11 42
13 3 53
13 4 21
13 5 14
13 6 13
13 7 16
13 9 46
13 10 53
13 11 10
14 0 13
14 4 13
14 7 75
14 8 78
14 9 53
14 11 78
14 13 13
15 1 46
15 2 73
15 3 26
15 6 41
15 8 61
15 10 20
15 11 20
15 12 21
15 14 76
16 1 70
16 2 3
16 3 58
16 5 48
16 6 72
16 13 28
16 14 69
16 15 56
17 1 50
17 2 13
17 3 38
17 6 5
17 7 74
17 8 5
17 9 20
17 10 68
17 13 5
17 14 75
17 15 3
18 0 34
18 2 38
18 6 8
18 8 77
18 10 13
18 12 44
18 15 69
19 2 62
19 3 56
19 7 20
19 8 33
19 10 25
19 11 2
19 12 12
19 14 14
19 16 58
19 18 35
