50
4 2 9
6 5 3
7 6 2
11 8 10
12 1 4
13 11 2
13 12 4
14 0 7
15 6 4
16 1 4
16 3 1
16 4 8
17 4 10
17 13 7
18 0 4
18 5 5
18 13 2
19 5 10
20 7 5
20 8 10
20 14 6
21 13 10
22 5 6
22 6 10
22 9 8
22 17 9
23 21 1
24 8 8
24 17 8
25 4 7
25 17 10
25 24 2
26 3 2
26 11 4
26 24 4
27 3 2
27 4 9
27 13 2
27 18 6
27 24 8
28 7 9
28 8 3
29 3 9
29 7 9
30 17 9
30 19 5
30 27 1
31 2 3
31 13 6
32 0 1
32 1 6
32 15 10
33 13 3
33 15 3
33 21 9
34 0 5
34 8 5
34 33 9
35 2 2
35 25 4
35 32 7
36 5 2
36 10 10
36 14 6
36 15 9
37 7 2
37 13 6
37 24 2
38 2 2
38 6 10
38 7 1
38 10 7
38 20 1
38 24 5
39 7 8
40 4 6
40 17 3
40 20 10
40 34 3
41 21 8
41 24 10
41 33 4
41 36 8
41 38 8
41 40 10
42 13 7
42 17 2
43 14 10
43 20 5
43 21 8
44 4 2
44 35 10
45 2 7
45 10 1
45 15 4
45 26 1
45 30 1
45 31 7
45 33 2
45 44 6
46 16 7
46 26 5
46 33 8
47 3 4
47 24 5
48 0 2
48 4 10
48 6 7
48 13 4
48 16 2
48 33 8
48 35 5
48 39 1
48 47 1
49 4 8
49 10 2
49 15 5
49 22 5
49 24 1
49 38 3
49 44 3
