60
2 1 181
4 2 191
5 2 240
6 1 278
6 4 270
6 5 47
7 3 203
7 4 65
7 5 123
8 0 122
8 1 233
8 6 95
9 1 49
9 3 58
9 4 223
9 5 10
9 6 102
9 7 217
9 8 41
10 0 243
11 1 304
11 2 96
11 3 185
11 6 205
11 7 85
11 10 69
12 1 39
12 2 170
12 4 53
12 6 159
12 9 167
13 1 245
13 3 158
13 10 101
13 11 186
13 12 36
14 1 117
14 2 11
14 3 302
14 5 218
14 6 86
14 8 50
14 9 219
15 3 205
15 4 315
15 6 93
15 8 22
15 11 266
16 2 82
16 8 256
16 9 213
16 12 223
16 13 40
16 14 94
16 15 207
17 1 251
17 2 255
17 4 49
17 5 211
17 8 20
17 10 1
17 12 160
17 13 15
17 15 229
17 16 18
18 7 168
18 9 133
18 11 272
18 14 207
19 0 255
19 1 118
19 3 221
19 6 108
19 7 46
19 8 160
19 10 256
19 12 12
19 13 265
19 14 228
20 2 297
20 3 102
20 5 104
20 7 67
20 8 208
20 9 174
20 12 123
20 14 40
20 16 95
20 17 45
20 18 100
21 1 89
21 3 11
21 6 256
21 7 110
21 8 282
21 9 238
21 10 275
21 11 299
21 12 304
21 14 216
21 15 54
21 19 45
21 20 251
22 1 74
22 2 234
22 6 172
22 9 185
22 13 110
22 16 120
22 17 268
22 18 230
22 19 101
23 0 93
23 4 218
23 15 154
23 21 306
23 22 98
24 4 21
24 6 163
24 9 112
24 10 11
24 11 111
24 12 95
24 13 89
24 16 85
24 18 219
24 21 230
25 0 168
25 2 110
25 3 25
25 4 20
25 5 126
25 7 216
25 10 85
25 19 56
25 20 209
25 21 168
25 22 291
26 4 132
26 5 292
26 6 103
26 7 160
26 13 254
26 17 95
26 18 166
26 25 116
27 2 291
27 3 227
27 4 214
27 7 190
27 9 131
27 10 124
27 11 197
27 12 28
27 14 320
27 18 76
27 19 69
27 20 212
27 23 36
27 25 9
28 1 275
28 4 104
28 6 145
28 14 205
28 17 310
28 18 198
28 27 239
29 0 78
29 1 56
29 4 41
29 8 304
29 13 1
29 14 126
29 19 108
29 21 131
29 24 197
29 28 161
30 0 27
30 2 49
30 3 38
30 5 317
30 6 208
30 7 149
30 9 190
30 16 13
30 17 24
30 18 289
30 19 105
30 24 143
30 25 205
30 27 14
30 29 107
31 2 222
31 3 6
31 4 266
31 8 65
31 11 290
31 14 170
31 15 229
31 16 9
31 18 235
31 20 276
31 22 258
31 25 258
31 27 131
31 30 76
32 1 178
32 8 53
32 10 238
32 12 154
32 14 9
32 15 28
32 16 303
32 19 281
32 21 117
32 22 184
32 23 73
33 2 88
33 6 278
33 9 194
33 14 261
33 16 307
33 18 95
33 19 112
33 23 138
33 25 87
33 27 178
33 31 176
33 32 232
34 4 97
34 6 260
34 7 26
34 9 55
34 10 115
34 12 73
34 13 165
34 14 211
34 16 79
34 17 316
34 18 320
34 19 242
34 21 253
34 24 74
34 25 27
34 27 7
34 28 287
34 29 220
35 4 13
35 7 140
35 8 44
35 9 125
35 10 191
35 11 224
35 13 146
35 14 61
35 15 223
35 18 244
35 21 131
35 22 100
35 23 31
35 24 315
35 25 281
35 29 161
36 0 170
36 1 304
36 3 218
36 4 110
36 6 272
36 7 2
36 9 297
36 11 97
36 14 136
36 16 114
36 19 210
36 20 37
36 21 64
36 22 64
36 23 14
36 26 176
36 28 35
36 29 96
36 34 77
37 1 160
37 3 157
37 9 193
37 10 17
37 11 295
37 17 207
37 19 150
37 20 77
37 22 89
37 30 159
37 32 223
37 34 218
37 36 146
38 2 213
38 3 244
38 5 272
38 8 183
38 11 311
38 12 199
38 14 174
38 28 192
38 29 313
38 31 301
38 33 198
38 34 268
38 35 49
39 0 202
39 2 215
39 3 5
39 5 42
39 10 122
39 15 170
39 21 131
39 22 235
39 25 61
39 26 118
39 30 172
39 31 138
39 34 305
39 36 223
39 38 129
40 0 304
40 1 69
40 2 118
40 4 78
40 5 302
40 14 120
40 15 315
40 17 240
40 20 161
40 21 7
40 23 315
40 29 267
40 31 256
40 38 7
41 2 67
41 5 108
41 6 92
41 11 212
41 12 308
41 13 302
41 15 7
41 16 208
41 17 119
41 18 176
41 22 211
41 26 291
41 27 42
41 29 40
41 30 219
41 32 171
41 34 130
41 36 136
41 39 221
42 4 175
42 7 58
42 10 13
42 11 236
42 13 238
42 14 5
42 15 96
42 17 146
42 19 175
42 27 245
42 28 228
42 34 210
42 39 238
42 41 111
43 2 130
43 8 109
43 10 305
43 11 180
43 12 112
43 17 127
43 19 160
43 20 157
43 22 5
43 23 157
43 28 135
43 30 210
43 31 165
43 40 35
43 41 64
44 0 318
44 4 109
44 5 8
44 6 54
44 8 120
44 12 141
44 14 217
44 15 42
44 16 122
44 17 255
44 18 84
44 20 52
44 24 201
44 25 106
44 26 85
44 28 203
44 29 310
44 31 139
44 34 88
44 36 254
44 37 176
44 40 273
44 42 237
45 1 124
45 9 61
45 10 270
45 11 120
45 13 57
45 16 1
45 23 64
45 24 276
45 29 199
45 30 112
45 31 148
45 36 106
45 39 302
45 40 214
45 43 247
46 2 17
46 3 53
46 10 125
46 11 205
46 12 31
46 14 93
46 15 292
46 17 222
46 22 64
46 25 60
46 26 203
46 27 269
46 29 205
46 30 297
46 34 219
46 35 161
46 36 309
46 38 210
46 40 124
46 44 251
47 3 217
47 4 183
47 6 100
47 8 26
47 9 181
47 10 89
47 11 31
47 20 50
47 28 70
47 30 88
47 31 265
47 33 223
47 36 155
47 43 116
47 44 246
48 2 54
48 5 162
48 8 174
48 10 128
48 11 192
48 12 273
48 15 251
48 16 250
48 17 83
48 18 229
48 19 263
48 20 193
48 22 148
48 34 13
48 36 104
48 37 239
48 38 196
48 41 103
48 44 182
48 45 310
49 0 313
49 3 81
49 4 243
49 6 207
49 7 240
49 11 267
49 12 157
49 13 186
49 14 75
49 19 155
49 20 30
49 28 51
49 31 1
49 32 295
49 35 62
49 36 54
49 38 128
49 39 105
49 46 288
49 47 299
50 0 297
50 2 227
50 4 177
50 5 84
50 9 316
50 13 35
50 21 206
50 22 284
50 25 173
50 28 211
50 31 122
50 34 161
50 37 112
50 38 98
50 40 259
50 42 6
50 45 227
50 47 152
50 49 91
51 1 63
51 3 52
51 4 301
51 5 26
51 6 120
51 8 176
51 9 154
51 12 284
51 15 136
51 16 105
51 17 81
51 19 214
51 21 141
51 23 148
51 25 51
51 31 290
51 35 301
51 36 106
51 37 154
51 39 222
51 41 288
51 43 241
51 44 249
51 47 206
51 48 294
52 0 127
52 1 238
52 3 204
52 7 170
52 9 284
52 15 35
52 17 104
52 19 50
52 21 2
52 22 71
52 26 260
52 27 309
52 31 236
52 32 270
52 35 34
52 43 43
52 44 236
52 45 250
52 50 71
53 0 200
53 2 214
53 4 235
53 5 28
53 9 12
53 13 184
53 15 99
53 16 92
53 19 132
53 20 179
53 22 251
53 23 164
53 24 83
53 28 248
53 29 282
53 33 306
53 34 198
53 35 10
53 36 55
53 37 180
53 41 139
53 43 291
53 44 283
53 45 37
53 48 32
53 49 95
54 7 270
54 11 174
54 12 41
54 13 109
54 18 306
54 25 266
54 29 290
54 30 112
54 31 98
54 36 175
54 38 5
54 42 192
54 48 128
54 49 303
54 50 282
55 2 1
55 10 121
55 12 49
55 16 2
55 20 313
55 21 135
55 22 16
55 25 118
55 26 244
55 28 27
55 33 175
55 41 117
55 42 21
55 43 259
55 45 61
55 48 254
55 50 301
55 54 42
56 0 108
56 3 100
56 5 314
56 10 187
56 12 31
56 14 39
56 15 235
56 18 256
56 19 40
56 22 180
56 24 235
56 25 37
56 27 220
56 29 202
56 30 285
56 31 313
56 33 152
56 40 58
56 41 193
56 43 267
56 47 84
56 49 281
56 52 304
56 53 192
57 0 11
57 9 319
57 12 109
57 13 260
57 15 306
57 18 56
57 21 103
57 23 200
57 27 124
57 28 11
57 32 47
57 33 193
57 34 313
57 35 113
57 36 223
57 37 10
57 44 316
57 49 70
57 52 264
57 53 47
58 4 234
58 5 165
58 6 70
58 7 214
58 12 62
58 15 157
58 16 269
58 17 222
58 24 94
58 33 310
58 36 262
58 37 127
58 39 130
58 40 34
58 41 189
58 50 1
58 51 183
58 55 68
59 2 227
59 8 316
59 9 243
59 11 287
59 12 150
59 15 62
59 16 35
59 18 111
59 24 309
59 25 127
59 29 30
59 34 210
59 37 302
59 41 248
59 42 124
59 44 131
59 47 151
59 49 275
59 50 154
59 53 43
59 54 93
59 55 14
59 57 92
