20
1 0 60
2 0 84
2 1 26
3 0 65
3 1 42
3 2 140
4 0 154
4 1 1
4 2 121
4 3 144
5 0 64
5 1 72
5 2 2
5 3 129
5 4 75
6 0 21
6 1 7
6 2 142
6 3 159
6 4 72
6 5 127
7 2 97
7 3 38
7 4 26
7 5 90
7 6 46
8 1 109
8 2 34
8 3 126
8 4 140
8 5 81
8 6 20
8 7 87
9 0 90
9 2 107
9 3 4
9 4 139
9 5 17
9 6 102
9 8 137
10 0 141
10 1 144
10 2 6
10 3 95
10 4 22
10 5 46
10 6 114
10 7 115
10 8 145
10 9 27
11 0 15
11 1 32
11 2 22
11 3 45
11 4 47
11 5 124
11 7 84
11 8 129
11 9 13
11 10 91
12 0 10
12 1 6
12 2 133
12 3 58
12 4 26
12 5 10
12 6 76
12 7 86
12 8 91
12 10 23
12 11 150
13 0 142
13 1 69
13 2 103
13 3 69
13 4 93
13 5 33
13 6 81
13 7 46
13 8 52
13 9 73
13 10 10
13 11 17
13 12 5
14 0 72
14 2 131
14 3 105
14 4 146
14 6 18
14 7 80
14 8 30
14 9 94
14 10 130
14 11 137
14 12 87
14 13 47
15 0 53
15 1 106
15 2 156
15 4 91
15 5 74
15 6 137
15 7 69
15 8 127
15 9 70
15 10 34
15 11 27
15 12 39
15 13 17
15 14 108
16 1 47
16 2 41
16 4 56
16 5 146
16 7 29
16 8 80
16 9 68
16 10 103
16 11 116
16 12 55
16 13 14
16 14 129
16 15 51
17 0 45
17 1 11
17 2 95
17 3 44
17 4 119
17 5 83
17 6 77
17 7 18
17 8 46
17 9 7
17 10 123
17 11 43
17 13 132
18 1 73
18 3 35
18 4 68
18 5 25
18 7 54
18 8 111
18 9 95
18 10 134
18 11 104
18 12 26
18 13 3
18 14 3
18 15 109
18 16 156
19 0 3
19 1 66
19 2 79
19 3 47
19 4 59
19 5 131
19 6 56
19 7 80
19 8 93
19 9 138
19 10 146
19 11 42
19 12 109
19 13 74
19 14 59
19 15 100
19 16 39
19 18 17
