50
1 0 72
3 0 43
3 1 36
3 2 51
4 2 75
5 3 61
6 3 3
6 4 29
7 1 52
7 6 40
8 4 21
9 1 5
9 6 39
9 8 69
10 3 72
10 6 8
10 7 31
11 3 41
11 6 30
11 9 21
12 7 25
12 10 14
13 0 72
13 1 67
13 4 47
13 6 14
13 8 77
13 10 22
13 12 52
14 1 41
14 2 43
14 5 67
14 8 76
14 13 56
15 1 28
15 3 23
15 5 4
15 6 12
15 7 21
16 2 64
16 4 18
16 5 34
16 7 37
16 14 2
17 2 26
17 12 53
18 7 23
18 13 75
18 14 39
18 15 33
18 16 15
19 0 9
19 1 78
19 5 32
19 8 42
19 11 55
19 13 60
19 18 39
20 7 59
20 8 50
20 16 71
21 0 26
21 3 33
21 4 77
21 7 20
21 9 11
21 12 76
21 16 79
21 17 60
21 20 72
22 1 39
22 5 37
22 8 69
22 9 78
22 10 57
22 11 78
22 15 3
22 16 74
22 17 14
22 19 24
22 21 25
23 0 4
23 5 38
23 9 62
23 16 36
23 21 76
24 0 68
24 2 58
24 6 21
24 20 43
25 0 18
25 1 75
25 5 4
25 7 73
25 17 31
25 22 15
25 23 37
26 0 33
26 2 18
26 13 5
26 16 33
26 18 22
26 19 77
26 21 22
27 3 47
27 4 20
27 7 54
27 10 42
27 12 63
27 14 56
27 15 66
27 21 29
27 23 67
28 0 67
28 1 12
28 6 31
28 7 11
28 9 18
28 13 33
28 15 21
28 21 62
28 23 18
28 27 5
29 1 19
29 2 37
29 3 55
29 5 13
29 6 67
29 9 59
29 10 11
29 12 74
29 13 20
29 18 57
29 19 41
29 20 79
29 21 18
29 22 66
29 24 12
29 26 21
29 28 36
30 8 26
30 17 49
30 20 62
30 22 55
30 27 70
31 7 73
31 8 38
31 19 26
31 22 39
31 27 13
31 29 63
32 1 52
32 5 59
32 8 67
32 15 45
32 17 36
32 22 63
32 27 59
33 9 64
33 12 21
33 15 12
33 17 76
33 18 11
33 20 7
33 26 31
33 28 59
33 29 34
34 2 71
34 3 14
34 5 10
34 9 31
34 10 28
34 11 40
34 17 73
34 20 47
34 22 75
34 23 8
34 26 44
34 32 7
35 0 22
35 1 40
35 2 78
35 4 8
35 5 80
35 10 53
35 12 76
35 18 7
35 28 77
35 30 29
35 32 15
36 2 7
36 9 76
36 11 31
36 16 22
36 19 69
36 23 10
36 25 65
36 26 78
36 34 27
36 35 25
37 8 29
37 15 24
37 23 38
37 24 41
37 26 48
37 32 20
37 34 75
37 35 2
38 2 30
38 12 67
38 14 41
38 15 79
38 23 73
38 24 51
38 25 74
38 26 36
38 34 46
38 35 52
39 3 23
39 4 72
39 5 26
39 7 35
39 8 70
39 10 12
39 11 71
39 20 26
39 25 27
39 28 24
39 31 66
39 32 36
39 38 71
40 0 72
40 3 39
40 6 54
40 7 48
40 8 11
40 11 35
40 12 65
40 13 15
40 18 68
40 19 13
40 23 68
40 26 34
40 29 16
40 31 7
40 33 47
40 35 32
41 8 19
41 13 21
41 16 17
41 19 73
41 27 30
41 36 69
42 7 23
42 12 19
42 14 69
42 16 7
42 17 20
42 20 73
42 23 58
42 32 55
42 33 20
42 37 73
42 39 41
42 40 51
43 2 64
43 3 44
43 4 57
43 6 54
43 9 5
43 13 18
43 18 50
43 19 76
43 22 43
43 26 17
43 30 57
43 31 13
43 32 9
43 37 59
43 39 46
43 40 72
43 41 16
44 2 61
44 3 68
44 5 38
44 13 9
44 15 53
44 17 23
44 20 9
44 21 51
44 22 61
44 23 14
44 25 49
44 27 17
44 28 44
44 32 14
44 34 47
44 36 36
44 37 48
44 40 80
44 41 16
44 43 56
45 4 53
45 10 67
45 12 73
45 14 3
45 15 24
45 20 66
45 23 77
45 26 65
45 29 24
45 36 49
45 44 43
46 0 54
46 2 44
46 7 68
46 11 8
46 16 77
46 20 21
46 22 56
46 25 29
46 26 28
46 27 78
46 28 50
46 30 15
46 31 59
46 36 54
46 37 75
46 39 75
46 42 10
46 45 50
47 1 28
47 2 37
47 7 22
47 11 65
47 12 47
47 14 71
47 22 50
47 23 3
47 24 33
47 25 47
47 26 64
47 30 37
47 31 73
47 34 14
47 35 44
47 36 36
47 38 22
47 40 63
48 1 16
48 4 51
48 5 7
48 6 22
48 11 23
48 14 18
48 15 20
48 17 40
48 21 75
48 29 72
48 30 19
48 36 40
48 40 53
48 44 56
49 3 11
49 6 43
49 7 16
49 8 65
49 9 34
49 13 25
49 15 33
49 18 31
49 23 75
49 28 55
49 29 22
49 36 80
49 37 36
49 38 26
49 39 33
49 41 44
49 42 22
49 45 30
49 46 5
49 48 16
