70
1 0 8
2 0 10
2 1 2
3 0 19
3 2 5
4 0 8
4 1 19
4 2 13
4 3 8
5 0 5
5 1 11
5 2 17
5 3 9
5 4 2
6 0 5
6 2 13
6 4 4
7 0 10
7 2 19
7 3 15
7 5 1
7 6 5
8 0 10
8 1 13
8 2 11
8 3 20
8 4 10
8 5 5
8 7 1
9 0 10
9 1 19
9 2 19
9 4 6
9 5 20
9 6 8
9 7 16
9 8 13
10 0 17
10 1 17
10 3 4
10 4 12
10 5 10
10 6 9
10 7 19
10 8 12
10 9 3
11 1 17
11 2 16
11 3 20
11 4 16
11 5 15
11 6 8
11 7 7
11 8 15
11 9 12
11 10 20
12 0 8
12 2 14
12 3 13
12 6 4
12 8 20
12 9 17
13 0 10
13 1 9
13 2 5
13 3 1
13 4 18
13 6 9
13 7 15
13 9 6
13 11 16
13 12 14
14 0 15
14 1 3
14 2 8
14 3 2
14 4 10
14 8 10
14 9 11
14 10 8
14 11 15
14 12 1
15 1 19
15 2 19
15 3 13
15 4 17
15 5 7
15 8 12
15 9 4
15 10 15
15 11 18
15 13 1
15 14 12
16 0 2
16 1 20
16 2 17
16 4 15
16 6 5
16 7 15
16 9 14
16 10 8
16 11 12
16 12 13
16 13 2
16 15 11
17 0 8
17 1 9
17 2 11
17 3 16
17 4 13
17 6 7
17 7 8
17 8 14
17 10 15
17 11 12
17 12 6
17 13 13
17 16 20
18 0 9
18 1 1
18 2 1
18 3 3
18 4 4
18 5 14
18 6 6
18 8 8
18 10 4
18 11 4
18 12 10
18 13 18
18 14 9
18 15 6
18 17 10
19 1 16
19 2 6
19 3 14
19 4 7
19 5 10
19 6 10
19 7 14
19 8 12
19 9 18
19 11 8
19 12 9
19 14 12
19 15 11
19 16 1
19 17 12
19 18 5
20 0 8
20 1 12
20 2 11
20 3 1
20 5 6
20 7 10
20 8 8
20 9 7
20 10 4
20 12 18
20 13 5
20 14 10
20 16 13
20 17 5
20 18 5
20 19 3
21 1 8
21 2 17
21 3 12
21 5 14
21 6 2
21 7 10
21 8 17
21 10 6
21 11 7
21 12 11
21 14 16
21 15 14
21 16 4
21 17 15
21 18 3
21 19 9
21 20 2
22 0 9
22 1 17
22 3 14
22 4 20
22 5 16
22 6 20
22 7 15
22 8 12
22 9 12
22 10 7
22 11 8
22 12 19
22 13 1
22 15 3
22 16 12
22 17 6
23 1 11
23 4 14
23 5 16
23 6 17
23 8 6
23 9 8
23 10 4
23 12 11
23 13 13
23 14 19
23 15 17
23 16 5
23 17 5
23 18 11
23 19 5
23 20 12
23 22 4
24 0 18
24 3 2
24 4 9
24 6 9
24 7 20
24 8 13
24 9 17
24 10 10
24 11 3
24 12 12
24 14 6
24 15 20
24 16 1
24 17 6
24 18 7
24 19 1
24 20 19
24 22 9
24 23 11
25 0 14
25 1 13
25 2 4
25 3 8
25 4 18
25 5 7
25 6 19
25 7 16
25 8 18
25 9 8
25 10 14
25 11 15
25 12 17
25 14 4
25 15 11
25 16 5
25 17 8
25 18 6
25 19 15
25 20 9
25 21 13
25 22 11
25 24 7
26 0 9
26 2 15
26 3 5
26 4 2
26 6 13
26 7 19
26 8 14
26 9 18
26 10 8
26 11 9
26 12 17
26 14 20
26 15 18
26 16 7
26 17 14
26 18 19
26 19 13
26 20 11
26 22 8
26 23 1
27 1 8
27 2 4
27 3 11
27 4 14
27 5 4
27 7 12
27 8 3
27 9 10
27 10 8
27 11 1
27 12 5
27 13 5
27 14 2
27 15 12
27 16 15
27 17 20
27 20 1
27 21 6
27 22 3
27 23 17
27 24 16
27 26 14
28 0 5
28 1 20
28 2 7
28 3 15
28 5 18
28 6 5
28 8 9
28 10 2
28 11 2
28 12 18
28 13 11
28 14 15
28 16 7
28 18 16
28 19 1
28 20 3
28 21 9
28 22 4
28 23 18
28 24 5
28 25 20
28 26 5
28 27 15
29 0 1
29 2 1
29 3 4
29 4 9
29 5 14
29 6 16
29 7 2
29 8 19
29 10 16
29 11 5
29 12 4
29 13 20
29 15 18
29 16 13
29 17 5
29 18 16
29 19 1
29 21 20
29 23 19
29 24 19
29 25 1
29 26 3
29 27 12
29 28 4
30 0 11
30 1 3
30 2 19
30 3 9
30 5 4
30 6 9
30 7 20
30 8 2
30 9 7
30 10 16
30 11 17
30 12 5
30 13 4
30 14 5
30 15 19
30 17 14
30 18 3
30 19 9
30 20 3
30 24 13
30 25 6
30 27 3
30 28 6
30 29 16
31 0 11
31 1 10
31 2 15
31 4 3
31 5 6
31 6 15
31 8 19
31 10 20
31 11 8
31 12 14
31 15 16
31 16 9
31 17 6
31 18 1
31 19 1
31 20 17
31 21 17
31 22 11
31 24 10
31 25 12
31 26 15
31 28 13
31 29 20
32 0 14
32 1 11
32 2 4
32 3 6
32 4 4
32 5 12
32 6 8
32 8 16
32 10 2
32 11 17
32 12 2
32 13 8
32 14 18
32 15 17
32 16 9
32 17 8
32 18 19
32 19 2
32 20 10
32 21 8
32 22 10
32 24 13
32 25 4
32 26 2
32 27 18
32 28 6
32 29 8
32 31 17
33 0 8
33 1 18
33 3 4
33 4 16
33 5 5
33 6 12
33 11 6
33 12 2
33 13 19
33 14 16
33 15 1
33 16 16
33 17 13
33 18 12
33 19 12
33 20 13
33 21 3
33 23 18
33 26 2
33 27 19
33 28 11
33 29 11
33 30 9
33 31 7
33 32 2
34 0 20
34 1 15
34 2 8
34 3 18
34 4 11
34 5 8
34 6 11
34 7 5
34 8 16
34 10 17
34 11 17
34 12 8
34 13 13
34 14 19
34 15 5
34 17 18
34 18 19
34 20 15
34 22 17
34 23 11
34 24 2
34 26 9
34 27 7
34 28 7
34 29 20
34 30 12
34 33 8
35 1 1
35 3 7
35 4 2
35 5 10
35 6 10
35 7 13
35 8 12
35 9 8
35 10 20
35 11 15
35 12 1
35 14 13
35 15 20
35 16 10
35 17 9
35 18 6
35 19 11
35 20 18
35 21 5
35 22 9
35 23 11
35 24 6
35 27 14
35 29 7
35 31 12
35 32 5
35 33 5
35 34 6
36 2 16
36 4 12
36 6 12
36 8 3
36 9 11
36 10 6
36 11 7
36 12 5
36 13 14
36 14 20
36 15 18
36 17 14
36 18 5
36 20 20
36 21 17
36 22 6
36 23 20
36 24 7
36 25 1
36 26 14
36 27 10
36 28 3
36 29 14
36 30 12
36 31 11
36 32 20
36 33 18
36 34 2
36 35 13
37 1 17
37 2 12
37 3 5
37 4 3
37 6 5
37 7 12
37 8 4
37 10 18
37 11 2
37 12 11
37 13 4
37 16 8
37 19 11
37 20 5
37 21 10
37 22 16
37 23 8
37 24 14
37 25 1
37 26 8
37 27 1
37 28 17
37 29 9
37 30 16
37 31 11
37 33 3
37 35 11
37 36 17
38 0 19
38 1 2
38 2 18
38 3 11
38 4 13
38 5 3
38 6 13
38 7 7
38 9 3
38 11 20
38 12 4
38 13 16
38 14 4
38 15 20
38 16 1
38 17 10
38 18 7
38 19 16
38 20 7
38 22 1
38 23 19
38 24 20
38 25 9
38 26 18
38 27 14
38 28 10
38 29 16
38 30 1
38 33 1
38 34 4
38 35 11
38 36 16
38 37 2
39 0 5
39 1 15
39 2 12
39 3 17
39 4 7
39 5 11
39 6 16
39 7 9
39 8 11
39 10 9
39 11 9
39 12 13
39 13 17
39 14 4
39 15 9
39 16 5
39 17 2
39 18 9
39 19 4
39 20 16
39 21 6
39 22 9
39 23 8
39 24 16
39 25 11
39 27 12
39 28 2
39 29 2
39 30 19
39 31 14
39 32 10
39 33 19
39 35 19
39 36 6
39 37 18
39 38 9
40 0 20
40 1 1
40 2 7
40 3 16
40 6 2
40 8 19
40 9 7
40 10 18
40 11 7
40 12 18
40 13 16
40 14 10
40 15 17
40 16 14
40 17 14
40 18 13
40 19 4
40 20 9
40 21 6
40 22 18
40 23 1
40 25 15
40 26 3
40 27 5
40 28 4
40 31 4
40 32 8
40 33 14
40 34 5
40 36 9
40 37 9
40 38 19
40 39 13
41 0 4
41 1 15
41 2 13
41 3 18
41 4 7
41 5 11
41 9 2
41 10 3
41 11 10
41 12 7
41 13 18
41 14 12
41 15 4
41 16 12
41 18 16
41 19 10
41 20 15
41 21 20
41 23 17
41 24 15
41 26 14
41 27 18
41 28 3
41 29 17
41 30 15
41 31 19
41 32 9
41 33 12
41 34 16
41 36 7
41 37 13
41 38 3
41 39 10
41 40 4
42 0 16
42 1 15
42 2 11
42 3 14
42 4 18
42 6 7
42 7 12
42 8 12
42 9 5
42 11 1
42 13 9
42 14 7
42 15 12
42 16 20
42 20 10
42 21 18
42 23 4
42 24 8
42 25 14
42 26 19
42 28 12
42 29 13
42 30 20
42 31 2
42 34 10
42 36 17
42 37 14
42 38 2
42 39 3
42 40 10
43 0 14
43 1 19
43 2 10
43 3 2
43 4 13
43 6 18
43 7 8
43 8 13
43 9 14
43 10 4
43 11 13
43 12 20
43 13 9
43 14 16
43 15 1
43 18 18
43 19 5
43 20 18
43 21 4
43 22 1
43 23 7
43 25 7
43 27 6
43 28 16
43 29 3
43 30 11
43 31 7
43 32 8
43 33 12
43 34 10
43 35 16
43 36 5
43 38 4
43 39 14
43 40 3
43 41 3
43 42 8
44 0 4
44 1 15
44 2 20
44 3 13
44 4 11
44 5 15
44 7 18
44 8 6
44 9 15
44 10 11
44 11 20
44 13 18
44 14 8
44 15 14
44 19 10
44 20 16
44 23 7
44 24 2
44 25 17
44 26 15
44 29 3
44 30 14
44 32 10
44 33 20
44 34 19
44 35 16
44 36 16
44 37 14
44 38 18
44 39 18
44 40 8
44 41 18
44 42 13
44 43 11
45 0 4
45 1 20
45 2 7
45 3 9
45 4 19
45 6 2
45 8 1
45 9 17
45 10 14
45 11 16
45 12 13
45 13 4
45 14 11
45 15 1
45 16 14
45 17 6
45 18 6
45 19 9
45 20 4
45 21 11
45 22 6
45 23 8
45 24 8
45 27 12
45 28 4
45 29 6
45 30 14
45 31 14
45 32 7
45 33 4
45 34 10
45 35 8
45 36 17
45 37 16
45 38 1
45 39 14
45 40 8
45 41 12
45 42 20
45 43 5
46 0 1
46 1 14
46 3 11
46 4 9
46 5 5
46 6 20
46 7 13
46 8 15
46 9 16
46 10 7
46 11 1
46 12 11
46 13 12
46 14 6
46 16 17
46 17 15
46 18 12
46 19 13
46 20 11
46 21 11
46 22 6
46 23 1
46 24 1
46 25 9
46 26 19
46 28 13
46 29 9
46 31 13
46 32 19
46 33 17
46 34 13
46 37 19
46 38 18
46 39 17
46 41 7
46 42 18
46 43 17
47 0 10
47 1 17
47 4 17
47 5 1
47 6 15
47 7 12
47 9 16
47 10 9
47 11 19
47 12 7
47 13 15
47 14 11
47 15 2
47 17 8
47 18 5
47 19 17
47 20 3
47 21 6
47 22 2
47 23 1
47 25 6
47 26 16
47 27 5
47 28 7
47 29 2
47 31 1
47 32 8
47 33 2
47 35 6
47 37 13
47 39 13
47 40 11
47 41 19
47 42 5
47 43 13
47 45 14
47 46 9
48 0 11
48 1 12
48 2 14
48 4 16
48 5 14
48 7 13
48 9 15
48 11 8
48 12 10
48 13 7
48 15 8
48 16 19
48 17 12
48 18 11
48 19 3
48 21 1
48 22 11
48 23 9
48 24 16
48 25 4
48 26 9
48 27 1
48 28 18
48 29 2
48 30 7
48 31 8
48 32 13
48 33 20
48 34 9
48 35 16
48 36 8
48 37 3
48 39 13
48 40 3
48 41 10
48 42 14
48 44 5
48 45 5
48 46 19
48 47 17
49 0 20
49 1 8
49 2 9
49 3 19
49 4 8
49 5 20
49 7 18
49 8 17
49 9 3
49 10 5
49 11 20
49 12 3
49 13 15
49 14 4
49 15 14
49 16 9
49 17 17
49 18 20
49 20 16
49 21 2
49 22 5
49 23 2
49 25 9
49 26 17
49 27 3
49 28 20
49 29 5
49 30 14
49 31 2
49 32 20
49 33 19
49 34 7
49 35 4
49 36 8
49 37 10
49 38 1
49 39 5
49 40 13
49 42 2
49 43 2
49 44 6
49 46 14
49 47 2
49 48 9
50 0 7
50 1 6
50 2 14
50 3 7
50 5 3
50 6 15
50 9 13
50 11 15
50 12 17
50 13 8
50 14 17
50 15 2
50 16 19
50 17 4
50 19 11
50 20 2
50 22 10
50 23 12
50 24 3
50 25 5
50 26 1
50 27 9
50 28 16
50 31 18
50 32 5
50 33 17
50 34 10
50 37 2
50 38 5
50 40 10
50 41 1
50 42 9
50 43 3
50 44 12
50 45 10
50 46 11
50 47 10
50 48 2
50 49 1
51 0 15
51 1 16
51 2 9
51 3 11
51 5 14
51 6 14
51 7 16
51 10 10
51 12 14
51 13 2
51 14 8
51 16 11
51 17 3
51 18 11
51 20 20
51 21 14
51 23 12
51 24 9
51 25 10
51 26 7
51 27 14
51 28 18
51 29 5
51 31 15
51 33 1
51 34 10
51 35 7
51 36 10
51 37 13
51 38 8
51 39 14
51 41 12
51 42 20
51 44 13
51 46 17
51 47 1
51 48 9
51 50 7
52 0 12
52 1 3
52 2 15
52 3 5
52 4 3
52 5 14
52 6 13
52 8 15
52 9 8
52 10 15
52 11 5
52 12 19
52 14 4
52 15 1
52 16 13
52 17 4
52 18 9
52 19 12
52 20 14
52 21 10
52 24 14
52 25 20
52 26 14
52 27 8
52 28 6
52 29 2
52 30 13
52 31 18
52 33 16
52 34 17
52 35 11
52 38 2
52 39 13
52 40 3
52 41 4
52 42 3
52 43 15
52 44 17
52 45 16
52 46 16
52 47 6
52 48 11
52 51 5
53 0 8
53 1 20
53 2 4
53 4 16
53 5 11
53 6 15
53 7 12
53 8 19
53 10 15
53 11 16
53 12 2
53 13 5
53 14 17
53 15 2
53 17 5
53 18 20
53 19 13
53 20 17
53 21 10
53 22 19
53 24 6
53 26 12
53 27 15
53 28 20
53 29 4
53 30 15
53 31 16
53 32 15
53 35 16
53 36 6
53 37 7
53 38 9
53 39 20
53 40 1
53 41 19
53 43 13
53 44 7
53 45 13
53 46 1
53 47 11
53 48 20
53 50 1
53 51 5
53 52 14
54 1 3
54 2 19
54 3 19
54 4 15
54 6 15
54 8 5
54 9 8
54 11 20
54 12 15
54 13 15
54 14 14
54 15 5
54 17 20
54 19 19
54 20 11
54 21 4
54 22 5
54 23 20
54 25 4
54 27 7
54 28 1
54 29 11
54 30 18
54 31 17
54 32 4
54 33 11
54 34 19
54 36 4
54 37 18
54 38 12
54 39 14
54 40 10
54 42 19
54 44 8
54 47 20
54 48 13
54 49 10
54 51 1
54 53 12
55 0 18
55 1 8
55 2 7
55 3 4
55 4 5
55 6 19
55 7 17
55 8 10
55 9 13
55 10 18
55 11 3
55 12 14
55 13 16
55 14 14
55 16 18
55 17 14
55 18 1
55 19 12
55 20 4
55 21 12
55 22 17
55 23 9
55 24 4
55 25 1
55 26 12
55 27 19
55 29 4
55 30 1
55 31 3
55 32 13
55 33 20
55 34 19
55 36 3
55 37 9
55 38 1
55 39 10
55 40 14
55 41 19
55 42 4
55 43 3
55 45 6
55 46 5
55 47 15
55 51 6
55 52 13
55 53 17
55 54 11
56 1 14
56 2 16
56 3 7
56 5 12
56 6 19
56 7 10
56 8 9
56 9 17
56 10 11
56 12 3
56 14 16
56 16 9
56 18 11
56 19 2
56 20 12
56 21 3
56 22 20
56 23 7
56 24 15
56 25 20
56 26 7
56 27 12
56 29 7
56 30 1
56 31 5
56 32 8
56 33 7
56 34 3
56 35 5
56 38 6
56 40 12
56 41 16
56 42 2
56 44 17
56 45 19
56 46 20
56 47 1
56 48 14
56 51 16
56 52 14
56 53 4
56 54 16
56 55 5
57 0 18
57 1 16
57 2 14
57 4 13
57 5 11
57 7 15
57 8 15
57 10 14
57 11 20
57 13 14
57 14 3
57 15 17
57 16 17
57 17 8
57 19 17
57 20 6
57 22 16
57 24 9
57 25 16
57 26 9
57 28 19
57 29 15
57 30 5
57 31 20
57 34 18
57 37 14
57 38 17
57 39 6
57 40 6
57 41 15
57 42 19
57 43 2
57 44 18
57 45 1
57 46 14
57 48 18
57 50 5
57 53 6
57 54 6
57 55 18
58 0 10
58 2 12
58 4 4
58 5 11
58 6 3
58 7 15
58 9 6
58 10 2
58 11 1
58 12 1
58 14 16
58 15 9
58 16 11
58 17 16
58 18 17
58 19 2
58 20 3
58 22 15
58 23 9
58 24 12
58 25 20
58 27 7
58 29 20
58 31 18
58 32 8
58 33 18
58 35 3
58 36 3
58 37 18
58 39 16
58 40 13
58 41 20
58 44 9
58 45 3
58 46 16
58 47 3
58 48 19
58 49 17
58 50 18
58 52 8
58 53 18
58 55 19
58 56 19
59 0 11
59 1 19
59 3 16
59 4 5
59 5 15
59 7 13
59 8 19
59 9 6
59 10 9
59 11 18
59 12 17
59 14 1
59 16 3
59 17 2
59 18 17
59 19 4
59 20 16
59 21 9
59 22 9
59 23 19
59 24 3
59 25 13
59 27 8
59 28 1
59 29 12
59 30 9
59 31 5
59 34 16
59 35 15
59 36 2
59 37 8
59 40 8
59 41 19
59 43 4
59 44 5
59 45 2
59 46 4
59 47 20
59 48 7
59 49 19
59 51 20
59 52 20
59 53 12
59 54 1
59 55 4
59 56 3
59 57 12
59 58 17
60 1 13
60 2 10
60 3 6
60 4 10
60 5 11
60 6 13
60 7 13
60 8 18
60 9 18
60 10 7
60 13 8
60 15 20
60 17 5
60 18 7
60 19 1
60 20 9
60 21 17
60 23 8
60 25 17
60 26 15
60 27 5
60 28 9
60 29 9
60 30 12
60 31 17
60 32 12
60 33 5
60 34 15
60 35 17
60 37 5
60 38 15
60 40 15
60 41 12
60 42 13
60 43 17
60 44 3
60 45 20
60 46 13
60 47 11
60 48 11
60 49 9
60 51 9
60 52 11
60 53 17
60 55 9
60 56 6
60 57 6
60 58 13
60 59 4
61 0 4
61 1 18
61 4 10
61 5 12
61 6 5
61 8 11
61 9 6
61 10 17
61 11 20
61 12 12
61 13 17
61 14 14
61 15 3
61 16 16
61 17 15
61 18 6
61 19 14
61 20 7
61 21 1
61 23 7
61 24 12
61 25 11
61 26 8
61 27 19
61 28 6
61 29 7
61 30 19
61 31 13
61 32 20
61 33 14
61 34 15
61 38 18
61 39 2
61 41 5
61 42 3
61 43 10
61 45 14
61 46 1
61 47 4
61 48 15
61 49 16
61 50 1
61 51 12
61 52 7
61 53 9
61 54 10
61 55 12
61 56 18
61 57 10
61 58 1
61 60 1
62 0 16
62 1 17
62 3 16
62 5 3
62 6 15
62 8 1
62 9 4
62 11 3
62 12 20
62 13 13
62 14 7
62 15 1
62 17 8
62 18 14
62 19 10
62 20 2
62 21 5
62 22 19
62 23 7
62 25 2
62 26 1
62 27 8
62 28 2
62 29 19
62 30 19
62 31 16
62 32 18
62 33 2
62 34 13
62 35 7
62 38 9
62 39 15
62 41 18
62 42 9
62 44 2
62 46 10
62 47 15
62 48 1
62 49 8
62 50 16
62 51 20
62 53 18
62 54 20
62 55 16
62 56 15
62 57 12
62 58 8
62 59 12
62 60 13
62 61 6
63 0 1
63 1 12
63 2 11
63 4 6
63 6 19
63 7 1
63 8 2
63 9 12
63 10 3
63 11 5
63 14 3
63 15 1
63 16 3
63 18 11
63 20 2
63 22 19
63 24 5
63 25 11
63 26 2
63 27 7
63 28 9
63 29 7
63 30 19
63 31 19
63 32 6
63 33 15
63 34 15
63 35 12
63 37 2
63 38 15
63 39 3
63 40 3
63 41 4
63 42 15
63 45 15
63 46 17
63 48 4
63 49 14
63 51 1
63 52 9
63 53 2
63 54 16
63 55 4
63 56 9
63 57 12
63 58 7
63 60 4
63 61 2
63 62 1
64 0 16
64 1 15
64 3 13
64 4 11
64 5 8
64 7 1
64 8 14
64 9 6
64 10 20
64 11 8
64 13 17
64 15 20
64 16 7
64 18 17
64 19 6
64 20 7
64 21 16
64 22 14
64 23 10
64 26 15
64 27 2
64 28 16
64 29 18
64 30 5
64 32 20
64 33 20
64 34 15
64 35 20
64 36 1
64 39 10
64 40 16
64 41 17
64 42 1
64 43 4
64 46 2
64 47 17
64 48 3
64 49 20
64 50 2
64 51 19
64 52 7
64 53 2
64 54 12
64 55 16
64 58 8
64 59 1
64 60 20
64 61 16
64 62 4
64 63 1
65 0 19
65 1 8
65 2 3
65 3 1
65 4 13
65 5 3
65 6 11
65 7 2
65 9 3
65 11 16
65 13 17
65 14 4
65 15 8
65 17 16
65 18 9
65 19 10
65 20 5
65 21 7
65 22 14
65 23 1
65 24 12
65 25 9
65 26 13
65 28 15
65 29 3
65 30 4
65 31 14
65 32 20
65 34 13
65 35 20
65 38 8
65 40 5
65 41 10
65 42 4
65 44 12
65 45 5
65 46 2
65 47 16
65 48 11
65 49 19
65 50 19
65 51 9
65 52 2
65 53 4
65 54 4
65 55 13
65 56 13
65 57 3
65 58 20
65 59 18
65 60 11
65 61 6
65 62 6
65 63 1
66 0 4
66 1 7
66 2 17
66 3 15
66 4 2
66 5 9
66 6 16
66 7 2
66 8 3
66 9 5
66 10 11
66 11 12
66 12 19
66 14 3
66 15 18
66 17 12
66 19 6
66 21 2
66 22 9
66 23 7
66 25 20
66 26 16
66 27 18
66 28 5
66 29 13
66 30 16
66 34 1
66 35 16
66 36 13
66 38 13
66 39 1
66 40 12
66 41 3
66 42 17
66 43 4
66 45 12
66 46 19
66 48 15
66 49 20
66 51 13
66 52 13
66 53 19
66 54 5
66 55 18
66 56 20
66 58 20
66 59 1
66 60 1
66 61 6
66 62 20
66 63 7
66 65 8
67 0 5
67 1 13
67 2 10
67 3 1
67 5 8
67 6 1
67 7 5
67 8 9
67 11 12
67 13 20
67 15 5
67 16 7
67 17 8
67 18 2
67 20 18
67 21 18
67 23 19
67 24 3
67 25 17
67 27 13
67 28 10
67 29 12
67 30 19
67 31 20
67 32 1
67 33 17
67 35 18
67 36 4
67 37 19
67 38 5
67 39 10
67 40 8
67 41 19
67 42 11
67 43 9
67 44 20
67 45 19
67 46 8
67 47 4
67 48 10
67 49 12
67 50 4
67 51 6
67 52 7
67 53 7
67 55 7
67 56 2
67 57 5
67 58 9
67 59 14
67 60 19
67 61 2
67 62 4
67 64 18
67 65 3
68 0 16
68 1 11
68 2 10
68 3 14
68 6 17
68 7 20
68 8 8
68 10 4
68 11 20
68 12 8
68 14 4
68 15 6
68 16 11
68 19 12
68 20 4
68 21 3
68 22 11
68 23 7
68 25 13
68 26 18
68 27 16
68 28 7
68 29 13
68 30 2
68 32 2
68 35 9
68 36 17
68 37 3
68 39 12
68 40 6
68 41 17
68 42 7
68 43 13
68 44 16
68 45 3
68 46 14
68 48 3
68 49 6
68 50 14
68 51 3
68 52 13
68 53 4
68 54 15
68 55 9
68 56 9
68 57 15
68 59 13
68 60 10
68 61 18
68 62 13
68 63 15
68 65 1
68 66 8
68 67 3
69 0 15
69 3 1
69 4 13
69 5 14
69 6 10
69 7 1
69 8 6
69 9 2
69 10 14
69 11 13
69 12 17
69 13 14
69 15 20
69 16 19
69 17 5
69 18 17
69 19 15
69 20 2
69 22 6
69 23 1
69 24 1
69 25 2
69 26 18
69 28 19
69 29 4
69 30 10
69 32 18
69 34 12
69 35 15
69 37 7
69 38 13
69 39 16
69 40 4
69 42 19
69 44 4
69 45 2
69 46 18
69 47 4
69 48 16
69 51 10
69 52 11
69 53 16
69 54 12
69 55 19
69 57 18
69 58 6
69 60 16
69 61 3
69 62 3
69 64 7
69 65 14
69 66 11
69 68 5
