20
1 0 15
2 0 3
2 1 65
3 0 64
3 1 17
4 0 27
4 2 80
4 3 41
5 0 37
5 1 30
5 2 19
5 3 5
5 4 14
6 1 29
6 3 1
6 5 39
7 0 58
7 3 1
7 4 71
7 5 20
7 6 71
8 1 39
8 2 7
8 4 39
8 5 32
8 6 65
9 0 72
9 1 25
9 2 49
9 3 69
9 4 26
9 6 56
9 7 77
9 8 67
10 1 20
10 2 33
10 3 61
10 4 47
10 5 38
10 7 68
10 8 46
11 0 62
11 1 54
11 2 48
11 3 20
11 4 77
11 5 73
11 6 71
11 9 2
11 10 8
12 0 79
12 1 60
12 2 26
12 7 19
12 8 16
12 9 41
12 11 41
13 0 7
13 1 22
13 2 72
13 4 50
13 6 39
13 7 73
13 8 56
13 10 26
13 12 72
14 1 19
14 2 59
14 3 41
14 4 7
14 5 73
14 8 34
14 9 60
14 10 63
14 11 6
14 13 34
15 0 78
15 1 14
15 2 38
15 4 3
15 8 54
15 9 69
15 10 6
15 12 61
15 13 18
15 14 47
16 1 44
16 5 16
16 6 45
16 7 36
16 8 23
16 10 68
16 11 2
16 13 56
16 14 22
17 0 51
17 1 80
17 2 75
17 3 52
17 5 72
17 6 33
17 10 26
17 11 73
17 12 40
17 15 70
17 16 37
18 0 78
18 1 33
18 2 80
18 4 28
18 5 30
18 6 50
18 8 7
18 9 26
18 10 75
18 11 30
18 12 47
18 13 79
18 15 65
18 16 69
19 0 51
19 1 37
19 3 19
19 4 60
19 5 19
19 6 33
19 10 42
19 11 40
19 13 2
19 15 5
19 18 66
