60
1 0 4
3 0 6
3 1 5
3 2 3
4 0 1
5 0 1
5 2 1
5 4 1
6 1 10
6 2 2
6 4 10
6 5 5
7 1 9
7 2 1
7 5 5
8 0 9
8 1 5
8 2 3
8 3 7
8 4 1
8 5 9
8 6 4
9 0 8
9 2 5
9 3 8
9 4 6
9 5 5
9 7 8
9 8 7
10 1 3
10 3 9
10 5 9
10 6 8
10 8 5
10 9 8
11 0 4
11 1 2
11 2 5
11 3 4
11 4 4
11 5 9
11 6 3
11 9 9
11 10 4
12 0 9
12 3 3
12 4 9
12 5 1
12 6 6
12 7 5
12 8 2
12 10 5
13 0 5
13 1 8
13 2 8
13 3 9
13 4 1
13 6 1
13 8 7
13 10 10
13 11 1
13 12 7
14 1 1
14 2 2
14 5 3
14 6 1
14 10 7
14 11 6
14 12 4
14 13 2
15 0 9
15 4 2
15 5 8
15 6 3
15 7 5
15 9 6
15 12 5
15 13 7
16 1 2
16 2 8
16 3 5
16 4 10
16 5 10
16 6 9
16 8 7
16 9 6
16 10 2
16 11 10
16 12 2
16 13 1
16 14 6
16 15 8
17 0 9
17 1 1
17 2 9
17 3 1
17 4 8
17 5 6
17 7 1
17 8 2
17 9 4
17 10 1
17 13 3
17 14 2
17 16 10
18 1 5
18 5 2
18 6 8
18 7 7
18 8 1
18 9 1
18 10 3
18 13 7
18 15 9
18 16 8
18 17 2
19 2 7
19 3 4
19 5 9
19 6 7
19 7 10
19 8 5
19 9 1
19 10 2
19 11 3
19 12 9
19 13 2
19 18 10
20 3 4
20 4 1
20 5 5
20 6 9
20 7 2
20 8 9
20 9 9
20 10 4
20 11 8
20 12 5
20 13 10
20 14 8
20 15 8
20 16 1
20 17 9
20 19 5
21 0 10
21 1 8
21 2 5
21 3 9
21 4 7
21 5 10
21 6 9
21 8 5
21 9 7
21 10 4
21 11 3
21 12 3
21 13 9
21 14 7
21 15 2
21 17 4
21 18 10
21 20 9
22 1 6
22 2 2
22 4 5
22 5 3
22 8 9
22 9 2
22 10 7
22 13 8
22 14 7
22 15 6
22 16 6
22 17 4
22 18 5
22 19 8
22 20 8
23 0 6
23 2 9
23 3 2
23 4 6
23 5 3
23 6 1
23 7 9
23 10 7
23 11 6
23 12 3
23 14 7
23 15 9
23 16 1
23 17 3
23 19 2
23 21 7
23 22 2
24 1 7
24 3 8
24 4 7
24 5 8
24 6 5
24 7 9
24 10 6
24 11 6
24 12 10
24 14 3
24 15 7
24 17 9
24 18 10
24 19 6
24 20 2
24 21 6
24 22 10
24 23 4
25 1 6
25 2 3
25 3 5
25 5 6
25 7 5
25 8 7
25 9 6
25 11 8
25 12 9
25 13 10
25 14 1
25 16 9
25 17 5
25 18 3
25 20 1
25 21 4
25 22 5
25 23 3
26 0 7
26 1 7
26 2 3
26 4 6
26 5 1
26 7 10
26 8 2
26 10 6
26 11 5
26 13 8
26 15 8
26 16 1
26 17 7
26 18 8
26 19 3
26 20 1
26 22 2
26 24 9
26 25 2
27 0 6
27 1 4
27 2 9
27 4 6
27 6 8
27 7 9
27 8 5
27 9 8
27 12 3
27 13 5
27 14 10
27 15 9
27 16 7
27 17 2
27 18 10
27 20 2
27 21 4
27 22 5
27 23 8
27 26 6
28 0 7
28 1 10
28 3 5
28 4 5
28 5 9
28 6 3
28 9 8
28 10 4
28 11 5
28 12 4
28 13 3
28 15 1
28 16 1
28 17 7
28 18 5
28 20 6
28 22 5
28 23 5
28 24 1
28 25 2
28 26 2
28 27 7
29 0 9
29 1 9
29 2 2
29 3 8
29 4 1
29 6 9
29 10 3
29 11 2
29 12 2
29 13 4
29 14 10
29 15 6
29 16 8
29 21 9
29 22 3
29 23 5
30 0 5
30 1 9
30 3 8
30 4 4
30 5 4
30 7 5
30 8 10
30 9 4
30 10 1
30 12 8
30 13 8
30 14 7
30 15 5
30 16 6
30 17 2
30 18 3
30 19 10
30 21 3
30 24 4
30 25 8
30 26 9
30 27 5
30 28 10
30 29 9
31 0 6
31 1 6
31 2 5
31 3 7
31 4 8
31 5 7
31 8 10
31 9 8
31 10 1
31 13 9
31 14 7
31 15 9
31 17 5
31 20 4
31 21 6
31 22 1
31 23 5
31 24 2
31 26 10
31 28 8
31 29 2
31 30 7
32 0 2
32 3 8
32 4 9
32 5 1
32 6 4
32 7 9
32 8 6
32 9 6
32 11 9
32 13 10
32 14 8
32 15 10
32 17 9
32 18 5
32 20 2
32 21 3
32 23 5
32 24 5
32 25 10
32 26 6
32 27 9
32 28 2
32 29 5
32 30 5
33 0 4
33 1 9
33 3 2
33 4 10
33 6 4
33 7 6
33 8 9
33 9 5
33 10 4
33 11 5
33 12 9
33 13 8
33 14 8
33 15 1
33 16 3
33 18 1
33 19 1
33 21 10
33 22 4
33 23 1
33 24 7
33 28 2
33 30 8
33 31 1
33 32 10
34 1 1
34 2 9
34 3 6
34 4 4
34 6 8
34 7 4
34 9 5
34 10 10
34 11 7
34 13 6
34 14 3
34 16 5
34 18 5
34 19 10
34 22 8
34 23 7
34 24 10
34 25 1
34 27 9
34 30 3
34 31 9
35 0 10
35 2 9
35 3 10
35 5 4
35 6 6
35 7 9
35 8 10
35 10 3
35 11 2
35 12 2
35 13 7
35 14 4
35 15 3
35 17 10
35 18 8
35 19 5
35 20 3
35 22 6
35 26 6
35 29 4
35 30 6
35 31 5
35 32 4
35 33 6
35 34 8
36 0 5
36 2 3
36 5 8
36 7 5
36 8 10
36 9 9
36 10 2
36 11 1
36 12 7
36 13 3
36 15 2
36 16 4
36 17 4
36 18 1
36 21 1
36 22 8
36 23 6
36 24 4
36 25 6
36 29 9
36 33 9
36 34 3
36 35 9
37 0 7
37 3 6
37 5 3
37 6 9
37 7 9
37 8 10
37 9 6
37 10 3
37 11 1
37 12 6
37 13 9
37 15 5
37 16 8
37 20 8
37 21 8
37 22 3
37 23 8
37 24 5
37 25 8
37 28 8
37 29 2
37 30 4
37 31 7
37 33 1
37 34 6
37 36 6
38 0 6
38 1 2
38 2 5
38 3 3
38 5 7
38 6 6
38 7 8
38 8 8
38 11 4
38 12 7
38 13 8
38 14 9
38 15 10
38 16 6
38 17 1
38 18 3
38 19 1
38 20 9
38 22 2
38 25 2
38 26 9
38 27 5
38 28 8
38 30 9
38 35 1
38 36 7
38 37 9
39 0 7
39 1 8
39 2 1
39 3 7
39 4 3
39 5 5
39 6 7
39 7 1
39 10 5
39 11 4
39 12 8
39 14 1
39 15 9
39 16 9
39 17 6
39 19 8
39 20 1
39 21 8
39 22 7
39 24 8
39 28 6
39 29 9
39 30 4
39 31 1
39 32 7
39 33 4
39 34 3
39 35 3
39 37 1
39 38 5
40 3 8
40 4 3
40 5 6
40 6 10
40 8 8
40 9 7
40 10 5
40 12 3
40 13 6
40 14 6
40 16 10
40 17 6
40 18 7
40 19 10
40 22 5
40 23 1
40 24 4
40 25 1
40 27 8
40 28 1
40 30 5
40 34 2
40 36 2
40 37 5
40 39 7
41 1 3
41 4 8
41 6 1
41 7 6
41 8 5
41 9 2
41 14 5
41 15 8
41 16 1
41 17 8
41 18 4
41 19 10
41 22 5
41 23 5
41 24 9
41 25 9
41 27 4
41 28 2
41 29 2
41 30 10
41 31 2
41 32 1
41 33 2
41 34 7
41 35 8
41 36 5
41 38 4
41 40 9
42 0 1
42 1 1
42 2 5
42 3 8
42 4 9
42 5 6
42 6 7
42 7 1
42 9 10
42 10 8
42 12 10
42 13 2
42 14 6
42 15 7
42 16 7
42 17 10
42 19 10
42 20 3
42 21 1
42 24 7
42 25 10
42 26 3
42 28 10
42 29 3
42 32 8
42 35 8
42 36 5
42 37 6
42 38 5
42 39 2
42 40 3
42 41 8
43 0 5
43 2 6
43 3 10
43 4 5
43 5 3
43 6 5
43 8 10
43 9 1
43 12 10
43 14 4
43 15 3
43 17 7
43 18 6
43 19 4
43 21 7
43 23 6
43 24 2
43 25 6
43 26 7
43 27 4
43 30 5
43 31 9
43 34 2
43 35 4
43 36 6
43 37 3
43 38 3
43 40 4
43 41 4
43 42 1
44 0 2
44 1 6
44 2 7
44 3 4
44 4 6
44 7 2
44 10 2
44 11 9
44 12 4
44 14 8
44 16 9
44 18 10
44 19 3
44 20 5
44 22 4
44 23 7
44 24 10
44 27 9
44 28 9
44 29 10
44 30 5
44 31 6
44 32 2
44 33 5
44 34 6
44 35 8
44 36 4
44 37 1
44 38 3
44 39 1
44 40 9
44 42 1
44 43 5
45 1 10
45 3 10
45 5 2
45 6 4
45 7 4
45 11 10
45 12 10
45 14 1
45 15 8
45 16 8
45 18 10
45 20 7
45 21 3
45 22 3
45 24 4
45 27 4
45 29 8
45 30 10
45 33 8
45 34 8
45 35 8
45 36 7
45 38 1
45 39 9
45 40 7
45 42 10
45 43 3
45 44 10
46 0 9
46 1 7
46 2 10
46 7 6
46 8 5
46 9 7
46 10 6
46 11 5
46 12 1
46 14 5
46 16 5
46 18 8
46 19 10
46 20 3
46 21 1
46 22 8
46 24 2
46 25 5
46 26 9
46 27 2
46 28 3
46 29 3
46 31 8
46 33 1
46 34 9
46 35 1
46 36 1
46 37 5
46 38 5
46 39 10
46 40 6
46 41 3
46 42 4
46 43 3
46 44 10
46 45 6
47 0 9
47 3 5
47 4 4
47 7 9
47 10 3
47 11 4
47 12 10
47 13 4
47 14 9
47 15 4
47 16 9
47 17 7
47 18 3
47 19 9
47 20 4
47 21 4
47 23 8
47 24 8
47 25 10
47 26 6
47 28 9
47 29 6
47 30 6
47 32 8
47 35 1
47 36 10
47 39 7
47 41 4
47 43 4
47 45 7
48 2 2
48 3 10
48 4 2
48 7 1
48 11 6
48 12 10
48 13 4
48 14 3
48 15 8
48 18 2
48 19 1
48 20 10
48 21 7
48 22 2
48 23 3
48 24 7
48 25 7
48 27 5
48 31 6
48 32 9
48 33 8
48 34 2
48 35 8
48 37 1
48 39 1
48 40 1
48 43 4
48 44 2
48 45 8
48 46 8
48 47 10
49 2 1
49 3 1
49 4 3
49 6 5
49 8 7
49 9 5
49 11 1
49 13 7
49 14 3
49 15 3
49 19 1
49 20 8
49 21 8
49 22 10
49 24 4
49 26 7
49 27 8
49 28 8
49 31 5
49 32 9
49 33 3
49 34 2
49 36 9
49 37 8
49 39 3
49 40 6
49 41 6
49 42 6
49 43 9
49 44 3
49 45 4
49 47 10
50 0 1
50 1 2
50 2 5
50 3 4
50 4 7
50 5 7
50 6 1
50 8 8
50 10 3
50 11 9
50 12 6
50 14 4
50 15 5
50 16 4
50 17 7
50 18 7
50 19 2
50 20 9
50 22 5
50 24 8
50 25 1
50 26 1
50 27 1
50 29 7
50 30 10
50 31 4
50 32 8
50 33 8
50 35 6
50 38 9
50 39 6
50 40 8
50 44 9
50 45 6
50 46 8
50 47 6
50 48 5
51 0 7
51 1 4
51 3 10
51 5 1
51 7 7
51 8 7
51 9 3
51 10 9
51 11 5
51 13 5
51 14 9
51 15 5
51 16 6
51 17 4
51 18 5
51 19 8
51 20 2
51 21 2
51 22 9
51 23 1
51 27 1
51 28 5
51 30 9
51 31 2
51 32 5
51 33 5
51 34 8
51 35 8
51 36 4
51 37 8
51 39 1
51 40 3
51 41 7
51 42 3
51 43 6
51 44 8
51 45 5
51 46 3
51 47 7
51 48 5
51 49 6
51 50 7
52 0 4
52 3 3
52 6 2
52 7 3
52 9 5
52 11 6
52 13 2
52 14 1
52 16 5
52 17 10
52 19 8
52 20 2
52 21 10
52 23 8
52 25 7
52 27 10
52 28 7
52 29 8
52 31 5
52 34 3
52 36 9
52 38 1
52 39 7
52 40 2
52 43 3
52 44 9
52 45 5
52 46 3
52 47 3
52 48 3
52 49 7
52 50 10
52 51 5
53 0 3
53 1 9
53 2 2
53 4 10
53 5 2
53 8 3
53 9 2
53 10 10
53 11 8
53 12 5
53 13 2
53 14 5
53 15 7
53 16 3
53 17 7
53 18 2
53 19 6
53 21 5
53 22 3
53 23 5
53 24 1
53 25 10
53 26 7
53 27 1
53 31 3
53 32 5
53 33 9
53 37 2
53 38 2
53 39 6
53 40 2
53 44 8
53 45 1
53 46 6
53 47 10
53 48 2
53 49 3
54 0 10
54 1 6
54 3 2
54 4 3
54 5 2
54 6 3
54 7 2
54 9 6
54 12 5
54 13 8
54 14 6
54 16 7
54 17 1
54 18 2
54 21 4
54 22 5
54 23 9
54 24 9
54 25 9
54 26 9
54 27 8
54 28 3
54 31 3
54 32 9
54 33 5
54 34 9
54 37 10
54 38 5
54 39 6
54 40 7
54 41 3
54 43 4
54 44 6
54 45 8
54 47 2
54 48 10
54 49 9
54 50 1
54 51 8
54 52 3
54 53 9
55 2 3
55 3 4
55 4 1
55 5 6
55 7 9
55 8 3
55 9 4
55 10 5
55 13 10
55 14 3
55 18 1
55 19 6
55 20 5
55 21 4
55 23 1
55 24 2
55 25 7
55 26 6
55 28 10
55 29 8
55 33 5
55 34 10
55 35 3
55 38 1
55 39 2
55 40 1
55 41 1
55 42 8
55 44 4
55 45 8
55 46 3
55 47 10
55 48 5
55 49 7
55 51 3
55 53 9
55 54 3
56 1 8
56 2 8
56 6 1
56 7 8
56 8 1
56 9 3
56 10 2
56 12 1
56 13 6
56 14 7
56 15 8
56 16 9
56 17 8
56 18 7
56 20 1
56 21 8
56 22 1
56 23 6
56 24 1
56 25 7
56 26 9
56 27 5
56 29 9
56 31 10
56 32 1
56 34 6
56 35 7
56 36 4
56 37 5
56 38 10
56 39 1
56 40 10
56 44 4
56 45 1
56 46 7
56 47 6
56 48 8
56 49 10
56 50 4
56 51 2
56 55 6
57 1 2
57 2 6
57 3 1
57 5 9
57 8 8
57 10 4
57 11 10
57 12 6
57 13 4
57 15 7
57 16 9
57 17 6
57 18 10
57 19 10
57 21 3
57 22 10
57 23 6
57 24 6
57 25 2
57 26 10
57 27 10
57 28 2
57 29 1
57 33 2
57 34 2
57 36 2
57 38 9
57 39 9
57 41 9
57 43 5
57 44 7
57 45 2
57 47 10
57 49 4
57 51 10
57 53 4
57 55 1
57 56 10
58 0 1
58 2 1
58 3 6
58 4 5
58 5 9
58 6 3
58 7 6
58 10 9
58 11 8
58 12 3
58 13 5
58 14 4
58 16 10
58 18 9
58 19 9
58 20 2
58 21 5
58 22 7
58 23 7
58 24 7
58 25 5
58 26 8
58 27 1
58 29 7
58 32 6
58 33 6
58 34 1
58 35 5
58 37 9
58 38 2
58 39 8
58 40 1
58 43 3
58 44 4
58 45 9
58 46 2
58 47 9
58 48 10
58 50 7
58 52 3
58 53 4
58 54 6
58 55 5
58 56 10
58 57 3
59 1 1
59 6 2
59 7 9
59 10 10
59 11 1
59 14 4
59 15 5
59 17 1
59 18 1
59 19 9
59 20 7
59 22 9
59 23 7
59 24 5
59 27 6
59 29 9
59 30 3
59 31 2
59 33 6
59 35 1
59 36 3
59 37 8
59 39 1
59 41 5
59 42 2
59 43 7
59 44 7
59 46 3
59 47 6
59 49 7
59 51 7
59 52 6
59 53 7
59 54 7
59 55 4
59 56 9
59 58 9
