70
1 0 3
2 0 40
2 1 12
3 0 39
3 1 64
3 2 4
4 2 69
5 0 53
5 1 77
5 2 69
5 4 9
6 0 37
7 0 64
7 1 8
7 2 71
7 4 7
7 5 40
7 6 79
8 0 31
8 1 8
8 3 27
8 6 65
8 7 58
9 0 77
9 1 45
9 2 66
9 3 4
9 5 20
9 6 42
9 8 60
10 0 1
10 1 13
10 2 75
10 3 4
10 4 65
10 5 62
10 6 22
10 7 24
10 8 17
10 9 11
11 0 36
11 4 18
11 5 49
11 6 55
11 8 11
11 9 15
12 1 42
12 3 59
12 4 72
12 5 27
12 7 29
12 8 64
12 10 13
12 11 32
13 1 34
13 3 62
13 5 33
13 6 13
13 9 40
13 11 35
13 12 76
14 0 17
14 3 30
14 4 24
14 6 69
14 7 65
14 9 31
14 10 73
14 13 45
15 0 17
15 3 57
15 6 50
15 7 64
15 8 37
15 9 16
15 11 56
15 12 75
15 13 37
15 14 32
16 0 64
16 3 57
16 4 74
16 6 29
16 7 7
16 8 58
16 9 76
16 11 69
16 14 35
16 15 19
17 1 15
17 2 80
17 3 31
17 6 41
17 7 67
17 8 45
17 11 15
17 14 70
17 15 67
18 1 66
18 5 50
18 6 46
18 8 8
18 12 15
18 14 63
18 15 36
18 17 75
19 1 48
19 6 67
19 8 41
19 10 42
19 11 47
19 12 18
19 13 2
19 14 26
19 15 41
19 16 59
19 17 15
19 18 63
20 0 5
20 1 18
20 2 18
20 4 73
20 5 46
20 6 80
20 7 63
20 8 40
20 9 34
20 10 3
20 11 8
20 13 59
20 14 17
20 16 26
20 18 44
20 19 56
21 0 66
21 1 68
21 2 44
21 5 76
21 6 13
21 7 17
21 9 9
21 10 58
21 11 37
21 18 56
21 19 3
22 0 21
22 1 31
22 2 68
22 4 37
22 5 17
22 6 75
22 7 33
22 8 62
22 9 61
22 10 3
22 11 26
22 12 13
22 15 45
22 16 39
22 17 64
22 18 35
22 19 33
22 20 49
22 21 69
23 1 19
23 4 48
23 5 65
23 6 44
23 9 37
23 10 61
23 11 20
23 12 26
23 14 50
23 16 44
23 17 72
23 21 54
24 1 65
24 2 53
24 3 34
24 4 73
24 5 9
24 6 6
24 8 5
24 9 6
24 11 51
24 12 22
24 13 56
24 14 37
24 15 8
24 17 61
24 18 32
24 22 28
24 23 70
25 0 70
25 2 73
25 6 8
25 7 48
25 8 59
25 10 45
25 11 36
25 12 33
25 13 53
25 17 18
25 19 35
26 0 35
26 1 40
26 3 52
26 4 23
26 6 52
26 7 54
26 8 32
26 9 8
26 10 41
26 11 77
26 12 32
26 13 77
26 15 41
26 18 80
26 22 12
26 24 58
26 25 34
27 0 8
27 1 64
27 4 23
27 5 67
27 6 47
27 8 34
27 9 24
27 13 43
27 15 43
27 16 29
27 17 53
27 18 53
27 19 80
27 21 24
27 22 50
27 23 67
27 24 26
28 0 34
28 2 49
28 3 58
28 6 76
28 11 18
28 14 65
28 15 61
28 16 45
28 19 40
28 20 13
28 21 62
28 22 57
28 23 10
28 24 70
28 25 74
28 26 64
28 27 65
29 0 38
29 1 53
29 2 48
29 3 35
29 5 17
29 6 14
29 7 78
29 8 19
29 9 39
29 10 80
29 12 7
29 14 22
29 15 26
29 16 45
29 17 75
29 18 73
29 19 19
29 20 40
29 22 53
29 23 7
29 24 35
29 25 31
29 26 66
30 2 66
30 3 55
30 5 77
30 7 67
30 9 65
30 10 44
30 11 37
30 12 41
30 14 78
30 15 17
30 16 54
30 17 27
30 18 31
30 20 52
30 22 58
30 23 17
30 25 60
30 26 31
30 29 25
31 0 68
31 4 35
31 5 36
31 7 76
31 8 62
31 9 70
31 10 69
31 13 18
31 14 51
31 16 24
31 17 15
31 21 14
31 26 59
31 27 43
31 28 76
31 29 74
32 0 25
32 4 12
32 5 67
32 7 80
32 8 49
32 9 3
32 10 16
32 13 11
32 14 65
32 15 72
32 17 8
32 18 31
32 20 61
32 22 10
32 23 63
32 24 4
32 25 12
32 28 22
32 29 37
32 30 76
33 1 66
33 3 59
33 5 59
33 6 55
33 7 3
33 10 27
33 11 7
33 12 69
33 13 68
33 15 49
33 18 15
33 20 77
33 21 9
33 22 7
33 24 4
33 25 17
33 28 11
33 29 23
33 30 72
33 32 35
34 1 42
34 3 72
34 4 14
34 5 49
34 7 14
34 10 30
34 14 55
34 15 59
34 17 70
34 18 49
34 21 40
34 22 75
34 25 68
34 26 2
34 27 40
34 28 69
34 29 71
34 33 45
35 3 38
35 4 63
35 7 23
35 9 67
35 11 21
35 13 22
35 17 75
35 18 7
35 19 68
35 20 45
35 30 55
35 31 8
35 32 15
36 0 37
36 1 27
36 2 78
36 3 41
36 5 14
36 6 48
36 7 65
36 8 74
36 10 18
36 13 45
36 14 41
36 15 10
36 26 46
36 27 25
36 30 52
36 31 46
36 32 30
36 33 76
36 34 52
37 0 51
37 1 4
37 2 24
37 3 67
37 4 21
37 5 73
37 6 31
37 8 33
37 9 3
37 10 79
37 11 76
37 12 18
37 13 11
37 14 45
37 17 78
37 18 23
37 20 53
37 22 5
37 23 67
37 25 62
37 26 7
37 27 4
37 30 74
37 32 45
37 33 59
37 34 8
37 35 15
37 36 67
38 0 20
38 2 15
38 3 59
38 4 60
38 5 35
38 6 24
38 9 21
38 10 58
38 11 35
38 12 1
38 13 16
38 15 55
38 16 30
38 19 38
38 20 45
38 22 8
38 28 37
38 29 55
38 30 30
38 31 13
38 32 42
38 33 22
38 35 15
39 3 34
39 4 25
39 5 41
39 6 38
39 7 57
39 9 51
39 10 56
39 12 61
39 13 37
39 14 70
39 16 1
39 17 54
39 18 20
39 21 46
39 22 30
39 23 8
39 24 22
39 26 7
39 27 24
39 28 61
39 29 24
39 30 62
39 32 71
39 34 35
39 37 67
39 38 15
40 2 7
40 4 39
40 5 32
40 6 37
40 8 62
40 9 74
40 11 58
40 12 28
40 13 76
40 14 28
40 19 7
40 20 76
40 21 75
40 23 6
40 24 12
40 25 18
40 26 18
40 27 63
40 28 56
40 29 50
40 33 56
40 36 30
40 37 44
40 38 75
40 39 11
41 0 64
41 1 5
41 3 61
41 4 77
41 9 63
41 12 57
41 13 34
41 14 6
41 18 75
41 19 23
41 20 28
41 21 31
41 22 61
41 23 31
41 26 11
41 29 25
41 31 74
41 35 13
41 36 45
41 40 11
42 1 25
42 3 63
42 4 34
42 8 15
42 9 19
42 10 4
42 13 67
42 15 78
42 17 53
42 18 66
42 19 48
42 20 76
42 21 36
42 22 14
42 24 36
42 25 79
42 27 56
42 28 36
42 29 17
42 31 57
42 34 24
42 39 37
42 41 59
43 0 11
43 1 45
43 4 60
43 8 30
43 11 10
43 15 78
43 16 5
43 17 18
43 18 5
43 19 42
43 22 26
43 24 64
43 26 29
43 27 67
43 29 66
43 30 61
43 32 50
43 34 15
43 35 20
43 37 54
43 38 75
43 39 58
43 40 25
43 42 48
44 0 15
44 1 7
44 2 26
44 3 24
44 7 49
44 8 22
44 11 76
44 12 20
44 13 72
44 14 50
44 16 34
44 17 75
44 20 16
44 21 76
44 22 80
44 24 28
44 25 27
44 26 15
44 28 54
44 30 61
44 31 43
44 32 58
44 33 56
44 34 76
44 35 17
44 37 18
44 38 4
44 40 56
44 43 35
45 0 9
45 1 17
45 2 30
45 5 9
45 6 58
45 8 20
45 9 72
45 11 31
45 12 75
45 13 13
45 16 60
45 17 70
45 19 33
45 23 54
45 24 74
45 26 49
45 27 42
45 28 57
45 29 71
45 30 12
45 31 52
45 32 30
45 33 34
45 37 55
45 41 24
45 43 16
45 44 38
46 0 22
46 1 48
46 3 66
46 7 1
46 10 80
46 13 21
46 14 32
46 16 80
46 18 26
46 19 79
46 21 78
46 24 9
46 25 62
46 27 39
46 28 17
46 29 16
46 30 17
46 31 7
46 32 73
46 33 34
46 36 60
46 37 72
46 39 65
46 41 78
46 43 12
46 44 16
46 45 31
47 1 2
47 2 55
47 3 39
47 4 47
47 6 6
47 7 37
47 8 33
47 9 24
47 11 18
47 14 52
47 15 33
47 16 12
47 18 28
47 19 77
47 20 35
47 21 75
47 22 68
47 25 43
47 27 40
47 29 15
47 30 54
47 31 22
47 32 10
47 33 60
47 36 40
47 37 20
47 39 11
47 40 79
47 42 49
47 45 73
47 46 69
48 0 20
48 1 74
48 4 35
48 5 78
48 7 62
48 9 16
48 10 64
48 11 3
48 12 34
48 13 11
48 14 58
48 17 54
48 18 15
48 19 54
48 20 21
48 21 20
48 22 76
48 23 75
48 24 26
48 25 75
48 26 54
48 30 21
48 31 40
48 34 77
48 36 26
48 38 42
48 39 50
48 42 22
48 43 48
48 45 27
48 46 13
48 47 3
49 0 2
49 2 54
49 3 29
49 5 8
49 6 54
49 7 1
49 8 37
49 11 50
49 12 68
49 13 33
49 15 10
49 17 75
49 18 59
49 19 18
49 20 74
49 22 9
49 24 72
49 25 60
49 28 27
49 37 80
49 40 22
49 43 70
49 46 44
49 48 69
50 0 52
50 1 23
50 2 21
50 3 23
50 4 11
50 7 59
50 9 60
50 11 7
50 12 19
50 15 78
50 21 45
50 22 17
50 23 37
50 24 6
50 26 52
50 29 72
50 31 62
50 32 48
50 33 11
50 34 63
50 36 41
50 39 25
50 40 67
50 41 38
50 43 27
50 45 30
50 48 44
50 49 62
51 2 18
51 4 62
51 7 11
51 8 50
51 9 4
51 10 55
51 15 21
51 17 78
51 18 35
51 20 38
51 21 44
51 22 47
51 24 12
51 25 40
51 26 63
51 28 62
51 29 12
51 30 50
51 32 45
51 33 53
51 34 62
51 35 4
51 36 71
51 38 59
51 39 37
51 40 47
51 42 8
51 43 43
51 45 71
51 46 35
51 49 6
51 50 15
52 0 19
52 1 9
52 3 46
52 4 48
52 5 35
52 6 16
52 8 35
52 9 1
52 10 65
52 11 64
52 12 20
52 13 20
52 14 55
52 16 76
52 19 44
52 20 22
52 23 70
52 24 42
52 26 10
52 28 1
52 29 74
52 30 73
52 34 14
52 36 79
52 38 50
52 39 74
52 41 18
52 42 3
52 43 72
52 44 22
52 45 49
52 46 13
52 47 9
52 48 26
52 49 3
52 51 72
53 1 2
53 2 31
53 3 19
53 4 26
53 8 80
53 12 4
53 13 26
53 15 36
53 16 8
53 17 3
53 18 19
53 22 40
53 23 70
53 24 41
53 25 56
53 26 61
53 27 11
53 28 62
53 30 25
53 32 29
53 33 19
53 34 69
53 35 8
53 36 20
53 37 22
53 38 69
53 42 26
53 43 8
53 52 64
54 0 1
54 1 46
54 3 45
54 8 67
54 9 42
54 10 78
54 11 31
54 12 4
54 13 15
54 16 31
54 17 44
54 18 45
54 20 3
54 21 50
54 22 23
54 23 45
54 27 54
54 28 40
54 29 1
54 30 38
54 31 19
54 32 21
54 33 62
54 34 26
54 35 43
54 36 37
54 37 74
54 38 39
54 39 72
54 43 14
54 44 66
54 45 72
54 47 42
55 0 21
55 1 36
55 2 67
55 5 52
55 6 47
55 9 56
55 11 59
55 12 71
55 13 48
55 14 47
55 15 43
55 17 4
55 18 24
55 19 13
55 23 26
55 26 61
55 27 78
55 28 9
55 31 48
55 32 27
55 33 43
55 35 5
55 37 8
55 38 12
55 39 28
55 40 50
55 41 32
55 42 44
55 44 6
55 45 34
55 46 71
55 47 49
55 51 43
55 52 13
55 53 64
55 54 75
56 0 14
56 1 5
56 2 14
56 6 1
56 7 54
56 9 59
56 12 7
56 15 13
56 18 67
56 22 36
56 24 26
56 26 70
56 27 47
56 29 15
56 30 24
56 31 67
56 32 48
56 34 67
56 35 1
56 37 52
56 38 19
56 39 29
56 40 65
56 41 45
56 43 60
56 44 50
56 45 19
56 46 68
56 50 46
56 51 18
56 52 4
56 54 78
57 1 26
57 2 21
57 3 50
57 7 29
57 8 80
57 10 74
57 12 42
57 14 28
57 15 2
57 16 24
57 17 25
57 18 6
57 20 19
57 21 60
57 22 41
57 23 44
57 26 1
57 29 71
57 30 63
57 32 32
57 33 31
57 34 37
57 36 63
57 37 45
57 40 62
57 42 44
57 43 33
57 44 64
57 45 59
57 47 48
57 50 25
57 52 79
57 53 18
57 54 30
57 55 19
58 1 78
58 3 10
58 4 24
58 5 28
58 6 23
58 8 41
58 10 6
58 11 56
58 12 76
58 13 59
58 14 80
58 18 79
58 19 77
58 21 68
58 23 48
58 25 50
58 26 49
58 29 63
58 30 5
58 31 53
58 32 56
58 33 30
58 34 23
58 35 28
58 36 33
58 37 31
58 39 35
58 40 23
58 41 41
58 45 56
58 46 33
58 47 31
58 50 60
58 51 5
58 55 45
58 56 21
58 57 80
59 0 18
59 1 38
59 3 42
59 4 74
59 6 36
59 7 47
59 8 4
59 9 47
59 11 29
59 12 80
59 13 8
59 14 29
59 15 72
59 18 22
59 19 69
59 20 47
59 21 22
59 22 66
59 25 44
59 26 69
59 28 46
59 30 68
59 32 69
59 33 64
59 34 69
59 35 53
59 38 25
59 39 32
59 40 21
59 41 27
59 42 36
59 43 43
59 44 72
59 45 3
59 46 14
59 47 47
59 48 41
59 49 44
59 50 66
59 52 26
59 55 25
60 0 69
60 2 77
60 4 18
60 5 28
60 7 12
60 8 39
60 10 20
60 11 50
60 12 45
60 14 77
60 15 8
60 16 52
60 17 69
60 18 72
60 20 30
60 22 48
60 23 68
60 24 11
60 25 72
60 26 8
60 27 80
60 28 13
60 29 11
60 34 35
60 39 76
60 40 25
60 45 26
60 46 25
60 47 63
60 48 54
60 50 34
60 51 15
60 52 79
60 55 61
60 57 56
60 58 44
60 59 65
61 2 18
61 5 59
61 6 68
61 8 7
61 9 70
61 10 62
61 12 16
61 16 69
61 17 71
61 18 64
61 19 56
61 20 59
61 21 42
61 23 77
61 25 23
61 27 6
61 31 3
61 32 7
61 34 5
61 35 14
61 36 44
61 37 4
61 38 14
61 42 32
61 43 42
61 44 64
61 45 19
61 48 71
61 49 62
61 50 1
61 51 77
61 54 32
61 57 60
61 58 79
61 59 44
62 0 58
62 1 9
62 3 57
62 4 43
62 5 6
62 6 18
62 7 20
62 8 49
62 9 66
62 10 9
62 12 20
62 13 74
62 15 30
62 17 3
62 18 43
62 19 18
62 20 46
62 21 39
62 23 28
62 24 44
62 25 63
62 26 20
62 28 79
62 30 42
62 31 74
62 34 24
62 37 61
62 39 2
62 45 78
62 48 9
62 50 78
62 51 55
62 52 21
62 53 17
62 55 70
62 56 16
62 57 25
62 58 74
62 59 77
63 2 4
63 3 61
63 4 53
63 5 51
63 6 49
63 8 65
63 9 51
63 10 28
63 11 43
63 12 26
63 14 30
63 15 46
63 16 34
63 24 53
63 25 13
63 26 34
63 27 38
63 28 26
63 29 43
63 30 46
63 31 19
63 33 33
63 34 51
63 36 72
63 37 44
63 38 25
63 40 78
63 42 57
63 43 46
63 44 8
63 46 66
63 47 6
63 50 24
63 52 64
63 55 70
63 56 52
63 62 26
64 0 60
64 1 18
64 2 58
64 3 80
64 7 61
64 8 38
64 9 8
64 10 26
64 11 63
64 12 5
64 13 37
64 15 5
64 18 15
64 21 27
64 22 37
64 23 5
64 24 41
64 25 9
64 27 44
64 28 72
64 29 34
64 30 75
64 31 35
64 32 58
64 33 29
64 34 18
64 36 51
64 37 64
64 38 8
64 39 12
64 40 16
64 41 50
64 45 28
64 49 16
64 52 42
64 53 71
64 56 79
64 57 41
64 58 76
64 59 43
64 62 3
64 63 78
65 1 42
65 17 63
65 20 20
65 21 29
65 23 12
65 24 37
65 25 11
65 26 71
65 27 48
65 28 36
65 29 61
65 30 78
65 31 38
65 33 80
65 36 35
65 40 56
65 41 1
65 43 56
65 48 39
65 50 58
65 53 32
65 54 68
65 55 39
65 60 22
65 61 71
65 62 32
65 63 21
66 0 77
66 1 24
66 2 78
66 3 6
66 4 18
66 5 24
66 6 13
66 7 60
66 8 46
66 10 64
66 13 30
66 14 56
66 17 53
66 18 24
66 19 53
66 20 18
66 22 19
66 23 36
66 24 77
66 25 38
66 26 22
66 27 2
66 30 12
66 32 8
66 34 59
66 37 55
66 38 74
66 39 25
66 40 3
66 42 36
66 43 14
66 44 33
66 45 48
66 47 60
66 50 32
66 52 29
66 53 25
66 54 45
66 58 9
66 59 20
66 60 3
66 61 56
66 62 27
66 63 19
66 65 9
67 0 46
67 1 76
67 2 80
67 4 16
67 6 52
67 7 58
67 10 9
67 11 55
67 12 61
67 13 71
67 14 40
67 16 65
67 18 12
67 20 16
67 21 6
67 22 29
67 23 71
67 24 58
67 25 61
67 26 22
67 27 61
67 28 49
67 31 55
67 33 14
67 35 3
67 36 32
67 38 50
67 40 52
67 41 77
67 42 33
67 44 48
67 45 17
67 46 63
67 47 73
67 48 42
67 49 61
67 50 36
67 52 26
67 55 60
67 57 18
67 58 2
67 59 60
67 62 39
67 63 16
67 65 63
68 0 18
68 1 72
68 3 37
68 4 57
68 7 71
68 9 78
68 10 42
68 14 1
68 15 7
68 16 76
68 17 25
68 18 39
68 19 51
68 20 44
68 22 24
68 25 24
68 26 6
68 31 35
68 32 36
68 34 35
68 35 28
68 36 36
68 37 60
68 39 47
68 40 71
68 42 20
68 44 61
68 45 4
68 47 4
68 50 78
68 52 68
68 57 25
68 58 48
68 59 25
68 61 4
68 63 25
68 66 54
69 1 61
69 4 54
69 6 77
69 8 79
69 11 24
69 12 18
69 13 78
69 14 76
69 16 61
69 17 28
69 18 49
69 20 4
69 22 70
69 23 77
69 24 16
69 25 60
69 26 40
69 28 20
69 30 27
69 31 15
69 34 9
69 35 55
69 36 66
69 37 63
69 39 34
69 41 15
69 42 6
69 44 41
69 46 9
69 47 49
69 48 60
69 50 57
69 53 28
69 54 53
69 55 61
69 56 16
69 57 56
69 60 6
69 61 51
69 63 59
69 65 49
69 68 24
