50
2 0 31
4 2 4
5 0 57
5 2 69
5 4 49
6 1 9
6 2 5
7 1 45
8 4 49
8 6 3
9 0 60
9 1 45
9 2 70
9 5 58
9 7 46
10 1 49
10 4 2
10 9 43
11 2 71
11 3 69
11 6 53
11 8 44
12 0 37
12 3 61
12 5 76
12 6 6
12 10 3
13 2 36
13 4 6
13 7 78
13 11 40
13 12 38
14 5 80
14 6 48
14 7 6
15 3 75
15 6 52
15 9 58
15 10 3
15 11 38
15 12 22
15 13 20
16 0 76
16 2 62
16 5 14
16 8 26
16 12 10
16 13 38
17 1 40
17 5 80
17 9 45
17 10 22
17 11 3
17 13 78
18 1 28
18 4 17
18 16 63
19 1 51
19 12 55
19 13 19
19 16 60
20 2 19
20 6 42
20 8 28
20 9 32
20 17 43
20 18 53
21 1 2
21 5 18
21 8 42
21 9 47
21 16 13
21 18 75
22 3 79
22 5 31
22 11 57
22 15 35
22 18 55
23 1 47
23 4 14
23 7 66
23 8 55
23 11 21
23 18 74
23 21 24
24 2 44
24 14 42
24 19 14
24 20 53
24 23 48
25 5 45
25 6 57
25 7 59
25 11 37
25 12 4
25 15 45
25 16 14
25 19 73
25 21 1
25 24 53
26 0 11
26 1 39
26 5 12
26 6 68
26 9 32
26 11 40
26 14 45
26 16 75
26 18 18
26 19 44
26 20 77
26 22 18
26 24 54
27 2 14
27 7 66
27 14 14
27 18 14
27 22 3
27 26 20
28 2 44
28 5 54
28 7 38
28 9 4
28 12 45
28 19 54
29 1 75
29 6 25
29 8 63
29 9 31
29 14 44
29 17 79
29 18 77
29 20 10
29 21 21
29 23 55
29 26 17
29 27 36
29 28 29
30 2 71
30 4 42
30 14 36
30 16 41
30 19 19
30 21 28
30 26 3
30 27 52
31 8 37
31 9 70
31 12 51
31 15 51
31 17 49
31 18 5
31 20 62
31 22 67
31 24 34
31 26 50
31 29 24
31 30 33
32 4 72
32 5 25
32 6 63
32 9 12
32 10 2
32 15 66
32 20 34
32 22 11
32 24 28
32 26 19
32 27 5
33 3 77
33 4 17
33 8 41
33 12 15
33 13 70
33 21 8
33 23 77
33 26 17
33 30 23
33 31 25
34 10 48
34 16 21
34 22 20
34 27 9
34 28 68
34 33 42
35 1 77
35 10 40
35 12 6
35 15 13
35 18 39
35 21 44
35 30 36
35 32 7
35 33 45
35 34 28
36 0 17
36 1 38
36 4 61
36 7 18
36 8 34
36 9 30
36 10 60
36 11 26
36 13 65
36 16 47
36 20 56
36 23 7
36 30 77
36 32 78
36 35 30
37 0 1
37 1 80
37 3 7
37 15 51
37 34 49
37 35 48
38 1 29
38 3 1
38 6 33
38 7 60
38 9 71
38 13 74
38 15 8
38 16 72
38 18 30
38 19 4
38 20 3
38 21 9
38 25 60
38 30 15
38 31 57
38 34 73
38 35 56
38 36 8
39 3 51
39 8 9
39 9 8
39 16 7
39 17 38
39 22 31
39 25 76
39 28 80
39 30 79
39 31 54
39 32 57
39 38 61
40 0 68
40 2 44
40 3 35
40 4 11
40 5 22
40 15 37
40 19 62
40 25 14
40 26 62
40 29 11
40 30 41
40 32 20
40 33 28
40 37 35
41 1 58
41 2 78
41 3 34
41 5 21
41 6 55
41 8 31
41 15 29
41 16 21
41 18 16
41 24 11
41 25 13
41 26 64
41 31 40
41 32 43
41 34 51
41 38 46
42 0 4
42 2 60
42 3 50
42 5 29
42 7 80
42 11 25
42 15 21
42 17 78
42 19 58
42 21 1
42 25 26
42 26 6
42 29 73
42 30 57
42 31 46
42 38 41
43 1 8
43 7 2
43 11 50
43 14 35
43 16 24
43 17 71
43 22 5
43 23 34
43 30 75
43 32 6
43 38 60
43 41 51
44 2 13
44 6 80
44 7 35
44 9 29
44 11 72
44 12 73
44 15 41
44 22 36
44 23 56
44 25 11
44 29 6
44 31 15
44 33 41
44 34 65
44 35 56
44 39 46
44 40 35
45 0 60
45 4 10
45 6 70
45 10 61
45 12 29
45 15 62
45 18 28
45 19 21
45 21 22
45 24 17
45 25 27
45 26 58
45 27 58
45 28 5
45 30 59
45 32 49
45 36 72
45 37 62
46 1 5
46 6 34
46 14 7
46 17 45
46 24 55
46 27 64
46 28 45
46 33 35
46 34 45
46 35 71
46 37 4
46 41 69
46 43 39
47 10 44
47 13 1
47 14 68
47 16 6
47 19 62
47 24 64
47 27 32
47 30 37
47 35 19
47 41 77
47 44 78
47 46 79
48 4 19
48 6 39
48 10 4
48 13 51
48 18 75
48 24 78
48 26 1
48 29 48
48 35 14
48 36 33
48 40 67
48 41 61
48 43 21
49 7 37
49 15 52
49 19 71
49 20 41
49 21 23
49 27 19
49 37 67
49 41 69
49 42 40
49 48 60
