40
2 1 62
3 0 58
3 2 47
4 1 47
5 0 32
5 1 42
5 2 52
6 2 80
7 0 8
7 3 31
7 4 16
7 6 80
8 0 52
8 3 71
8 7 80
9 5 23
10 1 12
10 4 46
10 8 17
11 0 66
12 2 27
12 3 46
12 5 50
12 8 79
12 9 62
13 0 6
13 2 67
13 5 68
13 8 63
13 11 45
14 2 22
14 3 51
14 4 38
14 5 66
14 11 25
14 12 57
15 6 53
15 7 38
15 9 72
15 12 21
15 13 19
15 14 60
16 0 52
16 2 5
16 5 67
16 7 25
16 10 71
16 14 66
16 15 46
17 0 55
17 2 28
17 6 26
17 10 40
17 12 21
17 15 50
18 3 20
18 4 42
18 11 23
18 13 26
19 0 58
19 1 26
19 2 23
19 3 20
19 8 32
19 10 27
19 13 4
19 16 54
19 18 11
20 1 63
20 2 30
20 3 41
20 8 62
20 9 41
20 11 6
20 12 70
20 14 30
20 15 63
20 16 58
20 17 58
21 2 43
21 5 63
21 6 68
21 8 61
21 13 1
21 15 79
21 20 23
22 5 44
22 6 21
22 7 25
22 9 34
22 12 43
22 14 23
22 15 31
22 16 56
22 18 11
22 19 72
23 2 46
23 5 57
23 7 9
23 8 73
23 9 13
23 13 46
23 18 28
23 19 8
23 20 19
23 22 68
24 3 20
24 5 46
24 8 12
24 10 50
24 11 68
24 13 33
24 14 61
24 17 61
24 21 1
25 2 41
25 6 42
25 11 18
25 20 3
26 0 18
26 3 43
26 4 9
26 5 16
26 6 49
26 8 37
26 14 64
26 17 29
26 18 51
26 20 17
26 21 57
26 22 21
26 23 25
26 24 78
27 5 23
27 7 59
27 8 20
27 11 23
27 12 58
27 13 67
27 16 63
27 17 58
27 18 1
27 19 33
27 22 28
27 25 56
27 26 41
28 0 35
28 3 30
28 5 62
28 6 1
28 7 35
28 8 29
28 9 50
28 11 43
28 13 23
28 14 72
28 16 33
28 19 4
28 20 62
28 21 35
28 22 41
28 23 75
28 24 10
28 25 66
28 26 75
28 27 75
29 0 36
29 1 77
29 3 66
29 5 61
29 6 22
29 9 80
29 10 42
29 11 35
29 14 26
29 17 51
29 18 14
29 21 34
29 23 28
29 25 55
30 0 70
30 4 12
30 7 11
30 8 3
30 10 12
30 16 30
30 22 31
30 23 9
30 24 72
30 27 65
30 29 48
31 0 41
31 3 25
31 8 80
31 10 50
31 12 78
31 13 60
31 14 36
31 23 23
31 24 52
31 30 10
32 3 62
32 6 70
32 8 65
32 10 80
32 11 79
32 13 77
32 15 50
32 18 46
32 20 18
32 22 5
32 23 73
32 25 45
32 26 75
32 29 75
32 30 39
32 31 63
33 1 10
33 3 67
33 4 67
33 5 38
33 6 22
33 9 77
33 12 41
33 15 50
33 16 16
33 17 28
33 22 38
33 23 67
34 3 29
34 8 73
34 9 47
34 11 67
34 17 30
34 18 68
34 20 35
34 22 50
34 23 38
34 26 2
34 29 6
35 0 70
35 2 32
35 6 51
35 10 22
35 12 47
35 13 76
35 20 11
35 23 29
35 24 29
35 31 29
35 33 33
36 0 9
36 2 42
36 5 20
36 7 49
36 11 11
36 13 16
36 15 70
36 17 62
36 18 60
36 28 77
36 32 41
36 35 45
37 1 15
37 2 67
37 10 12
37 11 21
37 12 65
37 13 39
37 14 74
37 16 4
37 21 11
37 23 20
37 24 18
37 29 37
37 30 74
37 32 37
37 33 57
37 34 80
38 0 53
38 11 11
38 19 65
38 20 15
38 22 18
38 28 69
38 30 26
38 31 38
38 33 31
38 35 42
38 36 18
38 37 40
39 0 67
39 4 15
39 7 8
39 8 55
39 9 9
39 12 72
39 13 49
39 14 43
39 16 17
39 17 17
39 20 20
39 21 59
39 25 17
39 27 15
39 31 2
39 32 46
39 34 30
39 35 22
39 37 47
