70
1 0 317
2 0 265
3 1 288
4 1 23
5 0 244
5 1 61
5 2 237
5 3 178
5 4 217
6 0 257
6 1 190
6 4 23
6 5 134
7 3 231
7 4 13
7 5 277
8 1 246
8 2 219
8 3 6
8 4 90
8 5 267
8 6 113
8 7 232
9 0 146
9 1 206
9 3 16
9 4 97
9 5 17
9 6 316
9 7 148
10 2 189
10 4 148
10 5 269
10 6 167
10 7 129
10 9 284
11 0 139
11 1 4
11 2 43
11 3 150
11 4 110
11 5 290
11 7 265
11 8 243
11 9 286
11 10 63
12 0 72
12 1 86
12 3 128
12 5 26
12 6 60
12 7 157
12 8 258
12 9 157
12 10 73
12 11 91
13 0 166
13 1 235
13 2 153
13 3 285
13 4 255
13 5 266
13 6 220
13 7 12
13 8 199
13 11 260
13 12 215
14 0 267
14 1 136
14 2 208
14 3 29
14 4 278
14 7 215
14 8 116
14 9 97
14 10 27
14 11 148
14 13 294
15 0 109
15 1 42
15 2 185
15 3 268
15 5 198
15 6 316
15 7 43
15 8 303
15 9 180
15 10 116
15 12 121
15 13 257
15 14 308
16 1 11
16 2 238
16 5 169
16 6 190
16 9 153
16 10 79
16 11 17
16 12 114
16 13 314
16 15 60
17 0 218
17 2 60
17 5 189
17 6 50
17 7 305
17 8 51
17 9 239
17 10 187
17 11 12
17 12 24
17 13 288
17 14 62
17 15 114
17 16 307
18 2 18
18 3 21
18 6 52
18 8 286
18 9 135
18 10 131
18 11 87
18 12 237
18 17 315
19 0 117
19 2 294
19 3 263
19 5 302
19 6 218
19 7 240
19 8 127
19 9 95
19 10 94
19 12 30
19 13 19
19 14 175
19 16 82
19 17 222
19 18 230
20 1 101
20 3 311
20 4 200
20 5 243
20 6 167
20 8 34
20 9 47
20 10 251
20 11 182
20 12 134
20 13 5
20 14 248
20 16 193
20 17 211
20 18 118
20 19 123
21 0 128
21 3 150
21 4 309
21 8 232
21 9 19
21 10 241
21 11 200
21 13 131
21 14 113
21 15 235
21 16 180
21 17 161
21 18 272
21 19 54
21 20 81
22 1 69
22 2 172
22 4 218
22 5 305
22 6 61
22 8 196
22 9 169
22 10 132
22 13 302
22 14 13
22 16 303
22 19 1
22 20 95
23 2 115
23 3 113
23 4 142
23 6 22
23 7 22
23 8 203
23 9 241
23 13 160
23 16 235
23 17 222
23 18 215
23 19 271
23 20 289
23 21 191
24 1 119
24 2 44
24 4 51
24 5 258
24 8 254
24 9 47
24 11 44
24 13 261
24 14 302
24 15 75
24 16 104
24 17 295
24 18 128
24 20 302
24 21 208
24 22 242
25 0 237
25 1 130
25 2 210
25 3 231
25 4 26
25 5 188
25 7 254
25 8 220
25 9 176
25 11 293
25 12 42
25 14 276
25 15 189
25 17 42
25 19 265
25 20 182
25 24 138
26 0 141
26 1 52
26 2 133
26 4 271
26 5 272
26 6 66
26 7 195
26 11 256
26 12 232
26 13 194
26 14 200
26 16 206
26 17 22
26 23 37
26 24 284
27 0 27
27 2 91
27 3 202
27 4 176
27 7 99
27 11 285
27 13 312
27 14 193
27 15 250
27 16 96
27 19 48
27 20 188
27 21 18
27 22 40
27 23 244
27 25 261
28 0 41
28 1 262
28 2 242
28 3 262
28 4 137
28 8 204
28 9 208
28 10 299
28 11 112
28 12 278
28 13 191
28 14 262
28 16 201
28 17 292
28 18 317
28 19 165
28 20 106
28 21 302
28 23 147
28 24 120
29 0 77
29 1 59
29 2 280
29 4 204
29 5 262
29 6 47
29 9 220
29 10 73
29 14 20
29 15 54
29 16 159
29 17 177
29 18 110
29 20 135
29 21 218
29 22 301
29 23 61
29 24 84
29 26 245
29 27 14
29 28 173
30 0 232
30 2 210
30 3 123
30 4 287
30 5 54
30 6 316
30 7 102
30 8 241
30 10 202
30 11 190
30 13 100
30 14 150
30 15 276
30 17 156
30 18 34
30 19 76
30 21 233
30 22 312
30 23 68
30 24 104
30 25 156
30 27 239
30 28 217
30 29 145
31 0 144
31 1 224
31 2 83
31 3 216
31 4 14
31 6 283
31 7 150
31 8 296
31 9 43
31 11 188
31 12 243
31 13 232
31 14 242
31 16 236
31 17 42
31 20 113
31 22 209
31 23 250
31 24 91
31 25 107
31 27 234
31 28 133
31 30 107
32 0 212
32 2 291
32 3 318
32 5 307
32 6 316
32 7 272
32 8 46
32 9 208
32 10 309
32 11 288
32 12 86
32 13 226
32 15 16
32 16 290
32 17 152
32 21 60
32 23 97
32 24 205
32 27 248
32 28 207
32 30 144
32 31 108
33 0 51
33 3 34
33 4 197
33 5 79
33 6 92
33 7 284
33 8 13
33 9 144
33 10 300
33 12 204
33 13 190
33 16 138
33 18 190
33 20 154
33 21 283
33 22 180
33 23 8
33 24 80
33 26 105
33 27 65
33 28 97
33 29 96
33 30 143
33 31 175
33 32 262
34 0 64
34 1 245
34 5 219
34 8 216
34 9 283
34 10 127
34 12 237
34 13 97
34 14 50
34 15 108
34 16 86
34 17 210
34 18 282
34 19 93
34 22 164
34 24 304
34 26 45
34 27 286
34 28 265
34 29 256
34 30 38
34 32 102
35 0 13
35 1 60
35 4 287
35 5 270
35 6 5
35 7 168
35 8 101
35 9 118
35 10 315
35 14 18
35 17 85
35 18 245
35 19 290
35 21 106
35 24 140
35 26 127
35 27 285
35 28 154
35 29 191
35 32 228
35 33 19
35 34 101
36 0 129
36 2 178
36 3 294
36 4 205
36 5 162
36 6 7
36 7 246
36 8 102
36 9 51
36 10 210
36 13 130
36 14 12
36 18 28
36 19 57
36 20 219
36 21 206
36 22 311
36 23 248
36 24 255
36 25 73
36 26 128
36 28 84
36 29 261
36 30 290
36 31 32
36 32 290
36 33 274
36 34 199
36 35 59
37 0 117
37 2 169
37 3 219
37 4 243
37 7 317
37 8 18
37 9 293
37 10 187
37 14 254
37 15 73
37 16 244
37 19 45
37 20 302
37 21 255
37 22 272
37 23 85
37 24 232
37 26 190
37 27 237
37 28 52
37 29 136
37 30 232
37 31 312
37 35 214
37 36 319
38 0 69
38 1 225
38 2 2
38 3 218
38 5 73
38 6 257
38 7 22
38 8 43
38 9 238
38 10 2
38 11 147
38 15 18
38 17 237
38 18 212
38 19 76
38 20 167
38 21 262
38 22 265
38 24 200
38 25 301
38 26 267
38 29 237
38 30 29
38 32 280
38 33 54
38 34 171
38 35 292
38 36 232
38 37 290
39 0 88
39 1 309
39 2 129
39 4 145
39 6 12
39 7 188
39 8 232
39 9 102
39 10 178
39 13 284
39 14 269
39 15 62
39 19 200
39 20 167
39 22 176
39 23 174
39 24 213
39 25 116
39 27 202
39 28 128
39 29 20
39 31 30
39 34 192
39 35 24
39 36 112
39 37 123
39 38 49
40 1 220
40 2 110
40 5 64
40 7 21
40 8 18
40 9 228
40 10 168
40 11 301
40 12 287
40 13 254
40 14 145
40 15 142
40 17 120
40 19 64
40 20 124
40 21 206
40 22 10
40 23 316
40 24 181
40 27 227
40 28 282
40 30 313
40 31 302
40 32 290
40 33 31
40 34 291
40 35 147
40 36 295
40 37 26
40 38 59
41 5 314
41 6 35
41 8 85
41 9 95
41 11 203
41 12 15
41 13 80
41 15 74
41 16 77
41 18 165
41 19 265
41 20 138
41 21 180
41 22 253
41 23 202
41 24 279
41 25 22
41 26 125
41 28 74
41 31 9
41 32 307
41 33 313
41 36 59
41 37 136
41 39 47
41 40 207
42 0 213
42 4 139
42 5 162
42 6 194
42 7 154
42 9 145
42 10 227
42 11 43
42 12 127
42 13 162
42 15 127
42 18 141
42 19 184
42 20 162
42 22 146
42 23 267
42 25 64
42 26 161
42 27 306
42 29 134
42 30 304
42 31 21
42 32 53
42 33 35
42 36 16
42 38 59
42 39 116
42 40 1
42 41 253
43 1 21
43 2 96
43 3 259
43 4 272
43 6 82
43 8 311
43 9 29
43 11 269
43 13 238
43 14 289
43 16 317
43 17 251
43 18 25
43 20 95
43 24 224
43 25 182
43 26 294
43 28 320
43 29 23
43 30 203
43 31 94
43 32 178
43 33 195
43 34 24
43 35 230
43 36 87
43 37 96
43 39 183
43 40 126
43 41 209
44 0 206
44 3 2
44 4 117
44 5 34
44 7 28
44 8 79
44 9 160
44 10 12
44 11 31
44 13 4
44 14 49
44 15 67
44 16 208
44 17 110
44 18 43
44 19 289
44 20 17
44 22 149
44 23 180
44 27 84
44 31 7
44 32 193
44 34 58
44 36 269
44 37 251
44 38 71
44 39 237
44 41 307
44 42 197
44 43 23
45 0 119
45 4 183
45 6 173
45 7 257
45 8 141
45 9 142
45 10 44
45 11 316
45 13 48
45 15 106
45 16 16
45 17 263
45 18 179
45 19 232
45 20 120
45 21 198
45 22 29
45 25 170
45 29 22
45 30 116
45 31 141
45 32 40
45 33 244
45 34 37
45 35 266
45 37 234
45 38 301
45 39 305
45 40 86
45 43 197
46 0 73
46 1 58
46 2 164
46 3 55
46 4 67
46 5 176
46 6 56
46 7 51
46 8 167
46 9 44
46 10 27
46 11 166
46 13 164
46 14 94
46 16 114
46 17 296
46 18 244
46 19 170
46 20 66
46 21 189
46 22 32
46 25 283
46 26 304
46 27 302
46 28 27
46 29 49
46 30 172
46 31 106
46 32 291
46 33 155
46 35 271
46 36 293
46 38 124
46 39 82
46 40 3
46 41 138
46 42 9
46 44 286
46 45 225
47 0 25
47 1 112
47 2 219
47 4 190
47 5 153
47 7 197
47 9 281
47 10 80
47 11 123
47 13 195
47 15 118
47 16 136
47 18 273
47 19 130
47 20 197
47 21 13
47 23 279
47 24 133
47 25 199
47 30 193
47 31 80
47 33 1
47 36 123
47 37 127
47 38 62
47 39 253
47 41 299
47 43 116
47 44 69
47 46 290
48 0 211
48 2 145
48 3 213
48 4 319
48 6 201
48 9 194
48 10 18
48 12 190
48 14 5
48 15 171
48 16 227
48 18 150
48 19 312
48 20 167
48 21 151
48 23 21
48 24 53
48 25 173
48 26 240
48 28 128
48 31 23
48 32 240
48 34 58
48 35 225
48 36 161
48 37 301
48 38 120
48 40 183
48 41 172
48 43 73
48 44 116
48 46 155
48 47 247
49 0 311
49 2 314
49 3 59
49 4 98
49 5 47
49 7 118
49 8 188
49 10 76
49 11 16
49 12 10
49 13 277
49 14 97
49 15 61
49 16 170
49 17 184
49 18 77
49 22 30
49 23 303
49 24 230
49 25 184
49 26 33
49 27 116
49 29 120
49 30 299
49 31 157
49 32 183
49 35 262
49 36 13
49 37 136
49 38 43
49 39 220
49 41 126
49 42 286
49 44 215
49 45 102
49 47 254
50 0 267
50 1 139
50 2 37
50 3 222
50 4 215
50 5 65
50 6 238
50 7 186
50 8 90
50 9 310
50 10 256
50 14 227
50 16 110
50 20 195
50 21 103
50 22 147
50 23 261
50 24 192
50 25 64
50 26 119
50 28 206
50 29 290
50 32 69
50 34 311
50 36 246
50 37 142
50 38 135
50 39 213
50 40 238
50 41 25
50 43 259
50 44 226
50 45 43
50 47 198
50 48 270
50 49 157
51 1 280
51 2 155
51 7 314
51 8 86
51 9 264
51 10 129
51 11 249
51 12 247
51 13 294
51 14 45
51 16 32
51 18 206
51 21 75
51 22 94
51 23 26
51 24 301
51 25 317
51 27 130
51 28 230
51 29 230
51 34 218
51 36 142
51 38 164
51 40 16
51 41 303
51 42 135
51 43 80
51 44 178
51 46 244
51 47 304
51 49 295
51 50 55
52 0 159
52 2 106
52 8 119
52 11 218
52 13 129
52 14 199
52 16 212
52 17 138
52 20 80
52 22 166
52 23 154
52 25 285
52 27 25
52 31 271
52 32 190
52 33 89
52 35 314
52 36 152
52 37 38
52 38 122
52 39 255
52 40 146
52 41 133
52 42 93
52 43 263
52 44 241
52 45 279
52 47 91
52 48 77
52 49 149
53 1 212
53 2 187
53 3 105
53 4 149
53 6 309
53 7 289
53 8 273
53 9 166
53 11 228
53 13 272
53 14 139
53 15 187
53 17 312
53 19 116
53 20 118
53 22 234
53 23 80
53 24 129
53 25 137
53 27 30
53 29 301
53 32 52
53 35 3
53 37 14
53 39 313
53 40 227
53 41 225
53 43 233
53 44 272
53 45 247
53 46 79
53 47 189
53 48 103
53 49 161
53 50 202
53 52 13
54 0 258
54 3 14
54 4 170
54 6 88
54 7 309
54 8 288
54 9 39
54 11 307
54 12 77
54 13 246
54 15 199
54 16 269
54 18 63
54 20 18
54 21 209
54 22 150
54 23 90
54 24 5
54 25 37
54 27 250
54 30 297
54 31 120
54 32 145
54 33 52
54 34 136
54 36 172
54 38 49
54 39 275
54 44 236
54 45 215
54 46 113
54 47 8
54 48 250
54 49 45
54 50 207
54 51 197
54 53 166
55 1 283
55 2 103
55 3 44
55 4 51
55 6 266
55 10 109
55 11 306
55 12 278
55 14 174
55 18 83
55 19 164
55 21 47
55 22 172
55 23 187
55 28 217
55 29 52
55 30 1
55 31 224
55 32 208
55 33 273
55 34 319
55 36 156
55 38 112
55 39 292
55 40 52
55 41 317
55 42 233
55 47 289
55 48 139
55 49 175
55 50 75
55 52 98
55 53 21
55 54 95
56 1 262
56 2 215
56 3 206
56 5 209
56 6 55
56 7 10
56 8 24
56 9 97
56 10 223
56 11 259
56 12 133
56 13 255
56 14 306
56 15 207
56 17 320
56 18 305
56 19 212
56 20 302
56 21 4
56 22 191
56 23 79
56 24 10
56 25 210
56 26 184
56 28 76
56 29 148
56 30 175
56 32 285
56 33 284
56 35 5
56 36 191
56 37 301
56 38 274
56 39 9
56 41 270
56 43 71
56 44 141
56 45 262
56 47 279
56 48 150
56 49 266
56 50 293
56 52 183
56 54 103
56 55 164
57 1 176
57 4 111
57 5 52
57 6 102
57 7 103
57 8 31
57 11 193
57 12 259
57 13 250
57 14 230
57 15 37
57 19 26
57 20 2
57 22 31
57 24 255
57 25 238
57 26 138
57 27 24
57 28 299
57 29 274
57 31 63
57 32 243
57 33 107
57 34 285
57 35 36
57 36 105
57 37 154
57 40 92
57 42 240
57 44 317
57 45 165
57 47 110
57 48 83
57 50 55
57 51 79
57 52 4
57 53 101
57 54 170
57 55 285
57 56 267
58 0 233
58 2 230
58 3 15
58 4 149
58 5 289
58 6 78
58 8 73
58 9 231
58 10 181
58 11 238
58 12 299
58 13 32
58 14 30
58 15 71
58 20 310
58 22 289
58 24 87
58 27 189
58 29 3
58 30 112
58 31 213
58 33 300
58 34 226
58 35 291
58 36 54
58 38 235
58 39 111
58 40 83
58 41 204
58 42 297
58 43 105
58 44 152
58 45 246
58 47 175
58 48 204
58 49 62
58 51 91
58 52 115
58 54 16
58 55 186
58 56 61
58 57 42
59 1 289
59 2 245
59 4 296
59 5 29
59 6 215
59 7 278
59 11 283
59 12 179
59 13 10
59 14 234
59 16 224
59 17 155
59 19 122
59 20 59
59 21 244
59 22 243
59 23 254
59 24 251
59 25 307
59 26 176
59 27 145
59 28 202
59 29 277
59 31 17
59 32 41
59 33 144
59 34 97
59 35 263
59 38 122
59 39 62
59 41 307
59 44 209
59 45 166
59 47 150
59 48 311
59 50 79
59 52 166
59 53 271
59 54 220
59 55 243
59 57 172
60 0 146
60 1 75
60 4 287
60 5 276
60 6 54
60 7 15
60 9 7
60 10 190
60 12 223
60 13 243
60 15 122
60 17 183
60 18 264
60 19 254
60 21 283
60 22 48
60 23 121
60 25 55
60 26 94
60 27 71
60 28 17
60 30 308
60 32 150
60 33 99
60 34 290
60 35 314
60 36 163
60 38 105
60 40 226
60 41 261
60 42 61
60 43 297
60 44 225
60 45 47
60 46 151
60 48 104
60 49 183
60 50 310
60 51 251
60 52 107
60 53 222
60 54 68
60 56 276
60 57 109
60 58 304
60 59 311
61 0 56
61 2 164
61 3 47
61 5 88
61 6 160
61 7 174
61 9 303
61 10 28
61 11 40
61 12 61
61 13 6
61 14 243
61 15 234
61 16 95
61 18 254
61 20 308
61 21 6
61 22 310
61 23 261
61 24 146
61 25 191
61 26 278
61 28 143
61 29 173
61 31 269
61 35 51
61 36 48
61 37 125
61 38 64
61 39 163
61 40 29
61 42 308
61 43 47
61 44 126
61 45 79
61 46 119
61 47 34
61 48 29
61 49 43
61 52 316
61 53 242
61 55 46
61 56 96
61 57 142
61 58 124
61 59 258
61 60 64
62 0 121
62 2 8
62 3 56
62 5 65
62 6 209
62 7 68
62 8 9
62 13 286
62 14 157
62 16 287
62 19 23
62 21 51
62 22 140
62 24 61
62 26 75
62 27 61
62 28 40
62 29 223
62 30 74
62 31 255
62 33 181
62 34 114
62 35 198
62 36 278
62 37 320
62 40 261
62 41 156
62 42 218
62 45 253
62 47 69
62 48 307
62 49 232
62 50 253
62 51 107
62 56 215
62 58 105
62 59 38
62 60 33
63 1 65
63 4 103
63 6 181
63 8 52
63 9 244
63 10 55
63 11 136
63 12 80
63 13 278
63 14 235
63 16 146
63 17 110
63 18 151
63 19 125
63 20 93
63 21 129
63 22 228
63 24 176
63 25 36
63 27 155
63 28 269
63 29 105
63 31 79
63 32 52
63 33 52
63 35 22
63 36 78
63 37 10
63 39 64
63 40 186
63 42 20
63 43 94
63 47 2
63 48 73
63 49 22
63 50 289
63 52 143
63 53 54
63 54 316
63 55 312
63 56 75
63 57 128
63 59 153
63 61 129
64 0 31
64 1 252
64 2 84
64 5 192
64 7 36
64 10 271
64 11 302
64 12 22
64 13 95
64 15 304
64 16 138
64 17 54
64 18 77
64 20 68
64 21 61
64 22 77
64 23 2
64 24 207
64 25 59
64 27 251
64 28 265
64 29 99
64 30 271
64 31 260
64 33 196
64 34 252
64 35 316
64 36 136
64 37 9
64 38 311
64 39 141
64 41 169
64 42 282
64 43 233
64 44 292
64 45 187
64 46 75
64 47 304
64 48 237
64 50 69
64 51 50
64 52 24
64 53 254
64 54 55
64 55 120
64 57 298
64 59 49
64 61 20
64 62 175
65 1 253
65 2 46
65 3 242
65 4 68
65 6 171
65 7 265
65 8 1
65 9 41
65 12 115
65 13 43
65 14 273
65 17 70
65 19 207
65 20 33
65 21 160
65 23 276
65 24 244
65 25 280
65 26 63
65 27 238
65 28 317
65 29 67
65 30 40
65 31 75
65 32 267
65 33 254
65 34 233
65 35 241
65 36 169
65 37 38
65 39 247
65 40 50
65 41 200
65 43 156
65 44 132
65 54 310
65 56 11
65 57 156
65 60 27
65 61 94
65 63 76
65 64 111
66 0 139
66 1 320
66 2 107
66 4 76
66 5 283
66 8 149
66 9 265
66 10 178
66 12 258
66 13 303
66 14 30
66 15 136
66 16 131
66 19 36
66 20 148
66 21 189
66 22 280
66 23 80
66 25 193
66 26 84
66 29 316
66 30 62
66 31 141
66 32 33
66 34 113
66 35 248
66 36 163
66 38 237
66 40 236
66 41 31
66 42 277
66 43 55
66 44 31
66 45 282
66 46 317
66 47 23
66 49 155
66 52 289
66 53 99
66 55 143
66 57 86
66 58 22
66 63 261
67 2 14
67 3 291
67 5 17
67 6 298
67 8 134
67 11 230
67 12 290
67 13 135
67 14 106
67 15 186
67 16 165
67 17 191
67 20 117
67 22 91
67 24 165
67 25 246
67 26 227
67 27 197
67 28 84
67 30 311
67 31 180
67 32 62
67 33 255
67 34 27
67 35 78
67 36 224
67 37 300
67 38 116
67 39 161
67 41 230
67 42 45
67 43 125
67 44 86
67 45 299
67 46 267
67 47 95
67 49 4
67 50 202
67 52 176
67 53 10
67 54 243
67 55 186
67 56 182
67 57 229
67 58 308
67 59 309
67 60 156
67 63 136
67 64 300
67 65 233
67 66 196
68 0 307
68 2 293
68 3 181
68 5 13
68 6 31
68 7 172
68 8 140
68 11 187
68 13 247
68 14 95
68 15 100
68 16 219
68 17 36
68 18 79
68 19 242
68 20 25
68 21 69
68 22 111
68 24 147
68 26 132
68 27 274
68 28 186
68 29 19
68 30 84
68 32 45
68 34 61
68 36 183
68 37 88
68 38 264
68 39 229
68 40 41
68 41 41
68 44 145
68 45 284
68 46 103
68 47 75
68 48 46
68 52 106
68 53 6
68 54 38
68 55 114
68 56 294
68 57 269
68 61 126
68 63 217
68 64 61
68 65 4
68 66 251
68 67 1
69 0 8
69 3 289
69 4 139
69 7 260
69 8 180
69 11 100
69 12 22
69 13 292
69 14 56
69 16 259
69 18 147
69 19 308
69 20 121
69 21 55
69 22 121
69 23 113
69 24 78
69 27 47
69 28 157
69 29 103
69 30 232
69 31 130
69 34 273
69 37 62
69 38 246
69 39 310
69 45 181
69 46 312
69 48 245
69 49 119
69 51 148
69 53 125
69 54 169
69 55 234
69 56 179
69 57 18
69 58 107
69 59 199
69 60 132
69 62 117
69 64 159
69 65 159
69 66 304
69 67 113
