70
2 0 209
4 0 308
4 2 265
5 0 298
5 2 186
8 1 136
8 7 214
9 5 209
10 8 163
11 2 153
11 6 129
11 7 302
11 8 247
11 9 250
11 10 57
13 3 215
13 4 20
13 7 218
13 8 131
14 4 313
14 5 310
14 7 219
14 10 83
15 3 202
15 4 185
15 5 255
15 7 226
15 9 249
15 10 311
16 12 209
17 13 96
17 14 128
17 16 205
18 0 184
18 3 18
18 6 286
18 8 74
18 12 66
18 13 179
19 1 281
19 7 143
19 9 157
19 11 18
19 15 304
19 17 285
19 18 57
20 2 247
21 0 147
21 6 42
21 9 159
22 6 85
22 10 292
22 16 20
22 18 124
23 17 110
23 22 150
24 0 220
24 1 86
24 9 212
24 10 40
24 11 268
25 1 46
25 5 82
25 6 68
25 13 291
26 1 143
26 6 271
26 8 285
26 11 204
26 21 150
26 23 118
27 4 206
27 9 116
27 13 70
27 15 217
27 16 132
27 18 52
27 19 259
27 24 169
27 25 132
28 1 65
28 11 239
28 18 127
28 26 311
29 2 204
29 4 15
29 5 194
29 9 275
29 19 265
29 23 123
30 7 284
30 9 141
30 16 97
30 22 30
31 3 142
31 7 48
31 11 145
31 13 110
31 23 250
31 25 59
31 28 302
32 5 110
32 7 144
32 11 292
32 17 43
32 20 96
32 21 224
33 2 35
33 9 224
33 10 79
33 11 145
33 12 45
33 14 214
33 19 63
33 27 165
33 30 215
33 31 165
34 0 193
34 5 23
34 19 273
34 28 95
34 29 52
34 32 7
35 3 128
35 6 138
35 25 133
35 27 135
35 33 10
36 7 149
36 11 47
36 13 222
36 16 240
36 28 85
36 35 267
37 0 115
37 5 26
37 7 49
37 11 144
37 19 45
37 23 230
37 31 163
38 2 307
38 3 253
38 8 296
38 9 274
38 11 59
38 14 170
38 18 259
38 19 183
38 23 17
38 31 172
38 33 263
39 3 213
39 5 7
39 6 304
39 21 234
39 25 4
39 26 134
39 31 25
39 35 178
39 37 241
40 0 252
40 13 101
40 18 102
40 24 159
40 35 241
40 36 287
40 37 227
41 16 64
41 17 200
41 24 121
41 25 42
41 37 310
42 5 196
42 10 223
42 15 204
42 16 36
42 17 232
42 18 10
42 24 189
42 28 163
42 40 249
43 7 24
43 8 193
43 10 257
43 11 250
43 12 24
43 13 66
43 18 28
43 20 291
43 25 234
43 37 160
44 3 28
44 4 182
44 7 122
44 9 166
44 19 10
44 21 276
44 27 53
44 28 65
44 32 256
44 35 172
44 40 36
44 42 218
45 0 265
45 2 211
45 4 155
45 6 144
45 11 51
45 12 126
45 17 95
45 23 300
45 24 102
45 26 155
45 34 160
45 35 195
45 39 271
46 0 268
46 1 66
46 3 99
46 13 232
46 17 69
46 19 220
46 21 194
46 27 129
46 36 34
46 39 220
47 8 40
47 13 313
47 17 284
47 19 313
47 34 77
47 36 70
47 37 147
47 40 226
47 41 303
48 0 189
48 9 166
48 13 211
48 17 37
48 20 37
48 21 246
48 29 181
48 31 292
48 34 42
48 36 142
48 38 297
48 44 260
48 45 53
49 0 118
49 11 304
49 12 307
49 24 121
49 26 36
49 29 244
49 30 128
49 34 150
50 1 13
50 3 65
50 5 235
50 8 266
50 16 17
50 23 30
50 30 21
50 32 189
50 35 78
50 37 132
50 38 283
50 46 6
50 48 121
51 1 227
51 16 105
51 17 19
51 18 54
51 21 293
51 24 145
51 25 320
51 26 136
51 32 135
51 33 41
51 35 92
51 36 177
51 49 290
52 1 60
52 5 110
52 14 52
52 18 216
52 38 41
52 39 12
52 43 38
52 46 149
52 47 188
53 10 14
53 15 169
53 17 267
53 25 100
53 27 115
53 28 209
53 29 44
53 35 186
53 43 109
54 5 46
54 7 64
54 12 132
54 15 45
54 26 278
54 42 267
54 50 175
55 0 27
55 6 10
55 7 231
55 15 227
55 20 166
55 34 279
55 35 189
56 1 100
56 4 22
56 10 256
56 22 59
56 32 306
56 39 221
56 42 28
56 47 16
56 51 294
56 54 218
57 12 320
57 20 195
57 26 196
57 36 96
57 40 81
57 42 73
57 44 273
57 54 24
57 56 267
58 3 202
58 5 273
58 6 304
58 8 219
58 11 248
58 14 254
58 23 14
58 28 132
58 32 317
58 42 171
58 44 184
58 55 16
59 1 159
59 7 134
59 8 31
59 23 53
59 38 245
59 39 258
59 48 184
59 52 220
59 54 303
60 5 63
60 6 308
60 10 225
60 16 18
60 35 247
60 38 81
60 40 306
60 45 52
60 56 109
61 0 4
61 7 260
61 11 28
61 14 244
61 17 276
61 19 6
61 23 241
61 26 212
61 28 193
61 29 160
61 30 290
61 31 198
61 36 233
61 40 163
61 42 129
61 45 297
62 2 307
62 7 154
62 8 123
62 9 170
62 21 172
62 27 236
62 30 9
62 39 48
62 48 154
62 49 133
62 53 130
62 58 75
62 59 60
63 0 123
63 1 218
63 5 132
63 14 14
63 28 124
63 30 312
63 33 200
63 34 103
63 35 167
63 38 99
63 39 309
63 40 217
63 43 183
63 44 229
63 52 189
63 53 150
63 54 59
63 55 175
63 58 51
64 3 83
64 7 234
64 18 63
64 27 142
64 32 82
64 40 85
64 41 126
64 42 39
64 47 204
64 50 146
64 60 55
65 0 100
65 4 199
65 21 40
65 24 26
65 30 36
65 38 290
65 57 122
66 2 119
66 3 273
66 5 213
66 11 178
66 15 267
66 18 255
66 20 53
66 25 73
66 27 25
66 28 187
66 34 22
66 35 197
66 41 49
66 43 26
66 49 270
66 54 87
66 55 192
66 56 283
66 64 199
67 2 176
67 13 74
67 26 308
67 27 48
67 31 100
67 42 256
67 44 252
67 45 231
67 54 180
67 56 174
67 58 67
67 66 111
68 6 6
68 9 274
68 18 158
68 45 240
68 51 1
68 53 221
68 54 149
68 57 201
68 58 161
69 8 309
69 13 30
69 29 290
69 31 268
69 32 104
69 35 29
69 42 77
69 43 205
69 50 309
69 55 97
69 57 184
69 63 133
