30
1 0 3
3 0 5
3 2 9
4 3 1
5 3 3
5 4 7
6 0 1
6 1 5
6 4 2
7 0 3
8 1 9
8 5 2
8 6 2
9 2 3
9 3 2
9 6 10
10 3 10
10 4 6
10 5 8
10 6 9
10 7 6
11 1 5
11 6 3
11 7 1
12 2 6
12 3 1
13 6 8
13 10 9
14 2 7
14 3 1
14 7 5
14 8 6
14 9 2
14 12 6
15 2 8
15 3 3
15 4 1
15 7 8
15 10 8
15 12 10
15 13 2
15 14 10
16 12 3
17 1 2
17 2 9
17 9 6
17 13 1
17 14 9
18 4 8
18 8 2
18 12 4
18 13 2
18 16 7
19 1 10
19 7 7
19 9 7
19 15 9
19 18 7
20 4 10
20 10 2
20 16 5
20 17 1
20 19 6
21 4 2
21 8 8
21 10 7
21 20 8
22 2 10
22 3 3
22 4 8
22 5 1
22 8 1
22 10 7
22 14 4
22 20 10
22 21 8
23 3 10
23 12 9
23 14 7
23 16 9
23 19 4
23 21 8
23 22 7
24 0 4
24 2 2
24 13 10
24 17 7
24 18 5
24 19 1
24 20 9
25 5 1
25 11 1
25 16 7
25 24 9
26 4 2
26 6 1
26 10 4
26 11 9
26 13 3
26 15 3
26 18 6
26 19 7
26 25 8
27 8 8
27 10 8
27 13 6
27 14 10
27 15 2
27 18 2
27 26 6
28 4 2
28 11 6
28 12 10
28 14 6
28 16 10
28 25 5
28 26 1
29 1 4
29 2 3
29 3 5
29 4 9
29 7 4
29 8 10
29 15 1
29 17 5
29 23 4
