50
1 0 37
2 1 45
3 1 28
4 0 72
5 3 30
6 3 80
7 0 24
7 4 39
8 3 10
8 4 9
8 6 55
9 2 77
9 6 13
9 7 19
10 4 31
11 1 38
11 5 39
11 6 68
11 8 76
12 3 75
13 0 30
13 7 23
14 0 69
14 1 63
15 0 37
15 3 20
15 4 7
15 8 26
16 1 54
16 6 56
16 7 72
16 8 13
16 9 52
16 13 37
16 15 15
17 4 48
17 5 45
17 7 50
17 9 44
17 15 79
18 5 22
18 8 38
18 10 43
18 11 57
19 11 47
19 18 59
20 11 37
20 12 58
20 13 68
20 18 68
21 16 39
21 19 51
22 0 76
22 5 68
22 18 15
23 8 61
24 2 69
24 5 68
24 12 33
25 5 55
25 7 49
25 12 62
25 13 53
25 19 67
25 24 71
26 8 10
26 9 12
26 14 9
26 19 31
26 22 39
27 2 12
27 6 10
27 15 33
27 16 56
27 20 4
27 24 58
28 6 5
28 14 38
28 15 28
28 18 77
28 27 48
29 7 53
29 9 46
29 11 63
29 14 52
29 16 76
29 18 30
29 25 72
30 1 17
30 4 44
30 10 43
30 16 2
30 19 28
30 24 15
31 0 38
31 3 70
31 9 33
31 16 19
31 17 10
31 19 42
31 25 80
32 0 69
32 8 75
32 25 46
33 6 35
33 23 32
33 24 24
33 30 44
33 31 76
34 0 57
34 1 63
34 6 30
34 9 25
34 11 17
34 15 64
34 24 2
34 27 21
35 2 44
35 3 62
35 5 1
35 6 23
35 9 3
35 10 74
36 5 47
36 28 51
36 31 69
37 2 70
37 3 29
37 7 4
37 10 9
37 17 56
37 24 64
37 26 35
37 33 54
37 34 29
38 1 49
38 2 20
38 4 75
38 5 53
38 11 60
38 17 70
38 23 65
38 33 32
38 37 74
39 4 80
39 7 59
39 12 38
39 15 77
39 16 58
39 21 41
39 25 9
39 27 54
39 28 77
39 34 64
40 3 76
40 4 31
40 10 47
40 15 73
40 18 26
40 32 38
40 37 79
41 4 70
41 14 28
41 17 27
41 21 17
41 22 10
41 28 53
41 31 53
42 0 62
42 3 64
42 11 12
42 20 67
42 23 79
42 25 29
42 33 65
42 35 49
42 36 59
42 40 1
43 2 7
43 13 5
43 16 67
43 25 25
43 28 35
43 33 4
44 0 32
44 1 19
44 4 66
44 7 56
44 10 69
44 13 72
44 16 76
44 17 52
44 22 56
44 27 32
44 28 54
44 30 65
44 31 49
44 35 24
44 37 43
45 1 42
45 7 48
45 12 72
45 15 71
45 16 15
45 23 40
45 35 72
45 38 71
45 43 12
46 6 37
46 10 47
46 20 42
46 30 2
46 38 78
46 41 22
47 1 31
47 5 40
47 6 15
47 7 42
47 11 52
47 16 59
47 20 43
47 23 72
47 25 48
47 29 12
47 32 13
47 34 72
47 40 64
47 42 21
47 43 17
47 45 32
48 2 42
48 4 17
48 23 55
48 24 68
48 25 36
48 31 55
48 34 38
48 43 40
48 45 9
49 9 67
49 18 64
49 32 18
49 36 6
49 40 51
49 43 70
