40
2 0 192
2 1 36
3 0 307
3 2 1
4 0 206
5 1 219
5 4 62
6 2 124
6 4 69
7 3 113
7 6 136
8 2 109
8 5 91
8 6 214
9 1 278
9 4 106
9 6 190
9 7 194
9 8 85
10 3 320
10 7 61
10 9 18
11 1 271
11 2 280
11 5 171
11 6 171
12 0 82
12 1 136
12 3 238
12 9 99
13 3 247
13 9 155
13 11 249
13 12 245
14 0 256
14 3 277
14 8 191
14 13 99
15 3 45
15 5 180
15 6 113
15 7 187
15 8 166
15 9 254
15 10 51
15 11 73
15 12 64
15 14 44
16 1 290
16 5 94
16 7 217
16 11 317
16 13 155
16 14 181
17 1 158
17 2 206
17 4 226
17 6 212
17 7 167
17 9 2
17 11 255
17 14 187
18 0 231
18 3 137
18 5 272
18 6 133
18 7 65
18 8 290
18 9 266
18 15 287
19 0 306
19 2 143
19 4 279
19 5 126
19 6 74
19 7 72
19 11 40
19 12 211
19 13 21
19 14 216
19 17 284
20 0 77
20 10 301
20 11 182
20 16 238
20 18 152
21 2 221
21 4 114
21 5 174
21 7 221
21 11 235
21 17 199
21 20 192
22 0 95
22 11 215
22 12 129
22 14 314
22 18 186
22 19 181
22 21 225
23 2 267
23 3 259
23 5 77
23 7 264
23 10 247
23 13 166
23 15 151
23 17 88
23 18 110
23 21 23
23 22 120
24 4 80
24 5 248
24 6 125
24 9 152
24 11 277
24 15 241
24 18 232
24 19 45
25 5 271
25 11 137
25 12 216
25 13 59
25 14 263
25 15 80
25 16 311
25 21 234
25 22 98
26 0 50
26 3 186
26 5 266
26 6 10
26 8 22
26 9 153
26 10 234
26 11 167
26 12 206
26 13 41
26 14 82
26 18 310
26 24 211
26 25 85
27 3 270
27 5 208
27 7 127
27 8 43
27 13 234
27 14 43
27 16 203
27 17 76
27 18 5
27 21 178
28 0 218
28 2 82
28 4 42
28 5 2
28 8 205
28 9 240
28 10 73
28 12 86
28 13 292
28 14 125
28 15 223
28 20 1
28 21 172
28 22 45
28 27 169
29 0 307
29 2 32
29 4 62
29 5 98
29 6 149
29 8 273
29 11 120
29 12 253
29 14 205
29 18 319
29 19 47
29 22 187
29 23 297
29 24 300
30 2 129
30 3 263
30 4 223
30 6 153
30 12 152
30 17 198
30 18 259
30 19 225
30 20 27
30 22 169
30 24 200
30 26 229
30 27 265
31 0 265
31 1 246
31 2 138
31 3 172
31 4 227
31 5 45
31 6 173
31 7 111
31 8 261
31 12 71
31 15 55
31 18 229
31 19 43
31 21 189
31 23 29
31 27 111
31 30 137
32 2 62
32 6 222
32 8 106
32 9 303
32 11 89
32 12 127
32 13 246
32 14 210
32 16 275
32 17 28
32 19 290
32 20 178
32 21 176
32 22 304
32 27 189
32 30 187
32 31 129
33 1 163
33 5 164
33 6 231
33 7 85
33 9 307
33 11 259
33 12 146
33 20 177
33 22 166
33 26 293
33 27 238
33 31 196
34 4 204
34 5 40
34 10 177
34 12 285
34 17 84
34 21 75
34 22 244
34 25 4
34 26 49
35 0 79
35 3 18
35 5 162
35 7 92
35 9 159
35 10 3
35 11 258
35 13 262
35 17 100
35 22 93
35 24 149
35 25 183
35 30 127
35 31 238
35 34 50
36 2 55
36 6 86
36 7 40
36 8 253
36 10 197
36 11 194
36 12 107
36 13 120
36 15 207
36 17 92
36 20 198
36 21 156
36 22 260
36 23 48
36 27 193
36 29 232
36 32 222
36 34 278
37 0 158
37 1 200
37 2 167
37 5 38
37 6 70
37 9 294
37 10 127
37 14 75
37 18 131
37 19 282
37 20 9
37 25 274
37 30 167
37 32 313
38 1 116
38 6 195
38 7 297
38 10 71
38 16 261
38 18 87
38 19 103
38 21 207
38 23 210
38 33 164
38 35 167
39 3 97
39 5 180
39 7 51
39 8 17
39 9 122
39 15 87
39 17 175
39 18 49
39 19 99
39 21 149
39 25 19
39 32 136
39 34 131
39 37 299
