40
1 0 12
2 0 2
2 1 14
3 0 3
3 1 15
4 0 13
4 1 20
4 2 15
4 3 2
5 1 8
5 3 11
5 4 12
6 1 8
6 2 17
6 3 11
6 4 12
6 5 9
7 0 17
7 1 2
7 2 6
7 3 16
7 4 8
7 6 7
8 0 3
8 2 12
8 3 10
8 4 12
8 5 4
8 6 18
8 7 18
9 1 3
9 2 5
9 3 3
9 5 3
9 6 16
9 8 10
10 1 6
10 2 19
10 3 3
10 6 15
10 7 8
10 8 13
10 9 13
11 0 18
11 1 20
11 2 17
11 3 18
11 4 19
11 6 12
11 7 9
11 8 3
11 9 17
11 10 6
12 0 11
12 1 1
12 2 15
12 5 1
12 6 19
12 7 19
12 9 18
12 10 15
12 11 5
13 0 14
13 1 13
13 2 7
13 3 1
13 4 5
13 5 2
13 7 18
13 8 9
13 9 18
13 11 20
13 12 18
14 2 12
14 3 11
14 4 3
14 5 5
14 6 16
14 7 16
14 8 2
14 9 7
14 10 8
14 11 13
14 12 6
14 13 7
15 0 17
15 1 7
15 2 10
15 3 7
15 4 17
15 5 14
15 6 13
15 7 2
15 8 3
15 9 4
15 10 15
15 11 3
15 13 10
15 14 15
16 0 10
16 1 15
16 2 15
16 3 13
16 4 18
16 5 7
16 6 14
16 7 11
16 8 3
16 9 2
16 11 14
16 12 13
16 15 12
17 0 18
17 1 2
17 2 8
17 3 11
17 4 11
17 5 1
17 6 15
17 8 7
17 10 3
17 11 15
17 12 5
17 13 12
17 14 2
17 15 9
18 0 5
18 1 5
18 3 18
18 4 10
18 5 18
18 7 17
18 8 16
18 9 12
18 11 7
18 12 7
18 13 4
19 1 3
19 2 16
19 3 17
19 4 15
19 6 10
19 7 20
19 8 7
19 9 10
19 10 9
19 11 11
19 12 17
19 13 1
19 14 4
19 16 2
19 17 18
19 18 6
20 0 14
20 2 4
20 4 15
20 9 18
20 10 2
20 12 16
20 13 14
20 14 18
20 15 15
20 17 18
20 18 1
20 19 1
21 1 3
21 2 6
21 3 14
21 5 7
21 7 14
21 8 13
21 9 1
21 10 1
21 11 12
21 12 4
21 13 7
21 14 13
21 15 9
21 16 17
21 18 19
21 19 11
21 20 7
22 0 18
22 1 7
22 2 12
22 3 8
22 4 16
22 6 3
22 7 20
22 8 10
22 9 13
22 10 1
22 11 16
22 12 15
22 13 2
22 14 11
22 17 6
22 18 5
22 20 16
22 21 1
23 0 7
23 1 11
23 2 15
23 3 3
23 6 13
23 7 2
23 10 4
23 12 8
23 13 18
23 14 14
23 15 1
23 17 11
23 18 19
23 19 14
23 20 15
23 21 9
23 22 16
24 0 20
24 1 5
24 2 11
24 4 6
24 5 14
24 6 7
24 7 1
24 8 5
24 9 16
24 10 11
24 11 4
24 13 3
24 14 1
24 15 18
24 16 17
24 17 19
24 18 6
24 19 9
24 20 18
24 21 6
24 23 8
25 0 3
25 2 20
25 3 18
25 4 13
25 5 15
25 6 1
25 7 20
25 8 2
25 10 15
25 11 20
25 13 6
25 14 15
25 15 15
25 16 7
25 18 15
25 19 7
25 20 16
25 23 6
25 24 15
26 0 8
26 1 1
26 2 13
26 3 6
26 5 4
26 6 16
26 7 4
26 8 19
26 9 13
26 12 15
26 13 10
26 14 1
26 15 5
26 16 6
26 17 15
26 18 1
26 21 19
26 22 18
26 23 20
26 24 4
26 25 17
27 0 11
27 1 7
27 5 8
27 6 4
27 7 16
27 8 19
27 9 18
27 10 3
27 11 13
27 12 9
27 13 8
27 14 7
27 15 3
27 16 4
27 17 10
27 18 1
27 19 6
27 21 10
27 22 11
27 23 8
27 24 12
27 26 18
28 0 12
28 1 17
28 4 13
28 5 14
28 6 6
28 7 17
28 8 8
28 9 5
28 10 20
28 11 14
28 12 2
28 14 14
28 15 5
28 16 13
28 17 2
28 20 15
28 21 3
28 22 13
28 23 7
28 24 3
28 25 20
28 26 6
28 27 19
29 0 7
29 2 18
29 3 6
29 4 16
29 5 1
29 6 5
29 7 4
29 8 9
29 10 5
29 11 17
29 12 8
29 13 11
29 14 10
29 16 15
29 17 15
29 18 12
29 19 1
29 20 11
29 21 5
29 22 1
29 23 2
29 24 3
29 26 14
29 27 17
30 0 15
30 1 20
30 2 20
30 3 3
30 4 2
30 5 4
30 6 5
30 8 11
30 9 12
30 10 19
30 11 2
30 13 16
30 15 17
30 17 8
30 20 10
30 21 7
30 22 19
30 23 5
30 24 6
30 25 4
30 26 12
30 27 10
30 28 14
30 29 20
31 0 13
31 1 13
31 3 19
31 4 16
31 5 16
31 6 18
31 8 13
31 10 5
31 11 19
31 12 6
31 13 1
31 14 10
31 17 7
31 18 3
31 20 3
31 21 1
31 22 7
31 23 7
31 24 17
31 25 16
31 26 9
31 27 10
31 28 3
31 29 20
31 30 9
32 0 16
32 1 12
32 3 2
32 4 12
32 5 7
32 6 17
32 7 1
32 8 10
32 9 10
32 12 17
32 14 19
32 15 11
32 16 4
32 17 17
32 18 14
32 19 6
32 20 6
32 21 4
32 22 13
32 23 14
32 24 9
32 25 8
32 27 7
32 28 15
32 29 3
32 30 4
32 31 3
33 0 7
33 1 2
33 4 19
33 5 3
33 6 1
33 7 18
33 8 16
33 9 13
33 11 7
33 12 20
33 16 10
33 17 14
33 18 3
33 19 13
33 20 10
33 21 18
33 23 16
33 24 17
33 25 20
33 26 18
33 27 14
33 28 19
33 29 11
33 31 4
34 0 20
34 1 6
34 3 1
34 4 2
34 5 2
34 6 13
34 7 6
34 9 4
34 10 4
34 11 6
34 13 11
34 14 6
34 15 13
34 16 1
34 17 14
34 18 9
34 19 13
34 20 10
34 22 14
34 23 4
34 24 9
34 25 12
34 26 10
34 27 9
34 28 4
34 29 19
34 30 16
34 31 2
34 32 2
34 33 17
35 0 13
35 1 9
35 2 19
35 4 5
35 5 4
35 6 17
35 7 1
35 8 15
35 9 5
35 11 19
35 12 4
35 13 5
35 14 16
35 15 9
35 16 20
35 17 4
35 18 11
35 19 19
35 20 17
35 21 19
35 22 7
35 23 14
35 24 8
35 25 5
35 26 5
35 27 4
35 30 4
35 31 19
35 32 16
35 34 4
36 0 4
36 2 5
36 3 11
36 5 13
36 6 20
36 8 17
36 9 6
36 10 18
36 11 6
36 12 8
36 13 17
36 14 17
36 15 19
36 16 1
36 17 15
36 18 19
36 19 7
36 22 18
36 23 5
36 24 7
36 25 11
36 26 2
36 27 19
36 31 5
36 32 9
36 33 11
36 34 7
36 35 8
37 0 5
37 1 3
37 2 7
37 3 10
37 5 4
37 6 13
37 7 12
37 8 11
37 9 14
37 11 17
37 13 6
37 14 19
37 19 19
37 21 3
37 22 3
37 23 8
37 24 12
37 25 17
37 26 4
37 28 12
37 29 10
37 31 12
37 34 3
37 35 10
37 36 4
38 0 1
38 1 17
38 4 18
38 5 14
38 6 20
38 7 10
38 9 10
38 10 14
38 11 5
38 12 8
38 13 19
38 14 15
38 15 14
38 16 7
38 17 18
38 18 19
38 19 3
38 20 12
38 23 9
38 24 1
38 25 18
38 26 20
38 27 2
38 29 3
38 30 18
38 31 15
38 32 8
38 33 15
38 35 18
38 36 1
38 37 9
39 0 7
39 1 7
39 2 8
39 3 2
39 4 2
39 5 8
39 6 17
39 7 5
39 8 13
39 10 2
39 11 9
39 12 12
39 13 8
39 14 7
39 16 9
39 17 20
39 18 20
39 20 13
39 22 15
39 23 5
39 24 8
39 25 2
39 26 18
39 27 12
39 28 19
39 29 7
39 30 17
39 31 10
39 32 11
39 33 9
39 34 17
39 35 5
39 36 6
39 37 16
39 38 19
