60
3 1 137
4 1 157
4 2 66
4 3 112
5 1 135
5 3 107
6 0 30
6 1 15
6 2 156
6 3 124
6 5 148
7 0 156
7 1 133
7 2 17
7 4 92
7 5 56
8 1 30
8 2 150
8 4 87
8 5 60
8 6 77
8 7 70
9 1 110
9 2 5
9 6 30
9 7 84
10 0 120
10 5 113
10 6 130
11 0 56
11 2 6
11 7 104
12 0 21
12 3 15
12 8 24
12 11 103
13 6 53
13 8 144
13 9 135
13 10 71
13 12 158
14 0 71
14 1 126
14 2 33
14 6 123
14 7 149
14 9 62
14 11 154
14 12 5
14 13 152
15 0 148
15 1 84
15 4 47
15 5 65
15 7 53
15 8 104
16 0 118
16 2 34
16 3 101
16 4 160
16 5 50
16 9 24
16 11 90
16 13 63
16 14 113
16 15 74
17 1 140
17 5 144
17 6 113
17 10 102
17 11 142
18 0 158
18 1 18
18 5 46
18 9 18
18 10 69
18 11 99
18 16 114
19 2 148
19 4 43
19 8 37
19 9 159
19 10 10
19 12 7
19 14 21
19 15 108
19 17 72
20 0 10
20 2 108
20 3 50
20 6 151
20 10 132
20 11 104
20 12 129
20 14 6
20 17 58
20 18 36
20 19 92
21 3 113
21 4 19
21 6 34
21 7 49
21 8 26
21 10 119
21 11 95
21 15 145
21 16 98
21 20 87
22 0 20
22 2 29
22 3 117
22 4 107
22 9 122
22 10 55
22 17 36
22 18 80
22 19 106
22 21 44
23 4 84
23 5 72
23 12 133
23 19 134
23 22 66
24 0 15
24 1 105
24 3 143
24 4 79
24 5 125
24 9 126
24 11 1
24 19 155
24 21 48
24 23 62
25 9 27
25 14 91
25 15 53
25 17 102
25 18 43
25 19 14
25 20 75
25 22 7
25 23 62
26 3 124
26 6 45
26 7 126
26 9 135
26 12 108
26 14 14
26 15 66
26 16 53
26 19 118
26 20 25
26 21 3
27 2 113
27 6 41
27 10 58
27 11 11
27 14 77
27 16 92
27 18 127
27 21 35
27 22 53
27 23 36
27 26 81
28 0 27
28 1 139
28 3 79
28 4 43
28 7 157
28 8 49
28 13 106
28 14 81
28 16 115
28 21 18
28 23 137
28 24 40
28 27 6
29 2 16
29 4 42
29 5 107
29 9 104
29 11 5
29 12 67
29 14 137
29 16 64
29 19 120
29 21 26
29 22 134
29 24 132
29 25 149
29 26 147
29 28 62
30 0 34
30 5 62
30 8 27
30 10 50
30 11 18
30 13 26
30 14 132
30 16 18
30 18 104
30 22 149
30 24 16
31 0 9
31 7 36
31 11 68
31 14 152
31 15 37
31 16 135
31 18 64
31 23 91
31 24 40
31 25 87
31 27 146
31 28 30
32 0 37
32 2 87
32 3 38
32 5 64
32 6 126
32 10 21
32 13 120
32 16 56
32 24 85
32 25 3
32 29 75
33 5 63
33 14 3
33 18 132
33 26 133
33 27 85
33 29 98
33 32 142
34 8 84
34 12 106
34 13 68
34 15 7
34 19 91
34 21 58
34 22 127
34 23 112
34 25 36
34 26 36
34 28 58
34 29 130
34 31 35
34 32 133
34 33 159
35 0 145
35 1 61
35 2 134
35 4 35
35 8 8
35 14 152
35 17 104
35 19 69
35 20 26
35 23 102
35 24 152
35 29 64
35 30 60
35 31 137
35 33 24
36 1 99
36 2 97
36 3 3
36 6 31
36 10 105
36 11 17
36 13 79
36 14 152
36 17 82
36 18 47
36 20 6
36 25 95
36 28 77
36 29 82
36 31 130
36 32 135
37 2 113
37 5 146
37 7 3
37 8 111
37 13 63
37 18 17
37 20 3
37 22 90
37 23 19
37 27 159
37 29 143
37 30 81
37 33 57
37 35 24
37 36 123
38 1 26
38 5 58
38 6 151
38 8 38
38 9 3
38 11 157
38 13 16
38 16 143
38 17 157
38 18 73
38 21 130
38 25 100
38 30 112
38 37 106
39 1 82
39 4 9
39 5 15
39 7 148
39 9 62
39 12 35
39 13 42
39 14 1
39 18 145
39 20 57
39 27 4
39 29 86
39 30 17
39 31 66
39 33 101
39 35 1
40 0 155
40 1 115
40 2 148
40 5 142
40 6 126
40 7 122
40 9 68
40 10 129
40 11 155
40 12 134
40 13 83
40 15 88
40 16 100
40 18 52
40 19 87
40 20 57
40 24 146
40 26 119
40 32 29
40 33 70
40 34 1
40 35 12
40 39 117
41 0 45
41 1 113
41 3 38
41 4 86
41 9 92
41 10 134
41 13 99
41 15 148
41 16 99
41 20 96
41 21 150
41 23 48
41 27 27
41 30 113
41 31 4
41 32 160
42 0 36
42 1 64
42 2 13
42 4 23
42 5 77
42 9 100
42 15 124
42 19 56
42 21 103
42 24 30
42 25 47
42 26 154
42 28 129
42 32 92
42 33 153
42 34 46
42 39 88
42 40 63
43 1 86
43 6 60
43 10 124
43 11 110
43 12 20
43 13 64
43 15 115
43 17 26
43 19 12
43 23 150
43 32 37
43 33 133
43 34 114
43 35 2
43 39 81
43 41 47
44 0 43
44 3 160
44 5 109
44 9 79
44 11 91
44 12 139
44 14 104
44 15 84
44 21 100
44 22 21
44 25 147
44 26 150
44 31 48
44 33 41
44 37 110
44 38 48
45 5 156
45 7 30
45 8 98
45 13 27
45 14 128
45 15 65
45 17 128
45 18 116
45 19 149
45 21 126
45 24 62
45 26 108
45 27 128
45 36 110
45 37 49
45 40 69
45 41 140
45 42 95
45 43 114
46 2 70
46 3 150
46 4 39
46 5 43
46 6 149
46 13 62
46 14 72
46 17 96
46 18 119
46 19 79
46 21 12
46 24 28
46 25 35
46 28 27
46 32 108
46 33 31
46 34 47
46 36 38
46 37 156
46 38 16
46 41 27
46 45 54
47 2 62
47 3 96
47 4 79
47 8 11
47 10 43
47 15 1
47 16 58
47 20 108
47 23 117
47 25 134
47 27 15
47 28 124
47 29 51
47 30 117
47 31 91
47 32 12
47 33 135
47 35 151
47 38 156
47 41 45
47 42 70
47 43 57
48 0 2
48 2 88
48 5 97
48 6 47
48 9 22
48 10 100
48 12 132
48 14 74
48 16 50
48 20 39
48 22 134
48 25 95
48 27 143
48 32 48
48 33 27
48 38 39
48 40 122
48 42 58
48 43 118
48 44 154
49 0 77
49 2 145
49 3 150
49 6 157
49 9 136
49 11 119
49 13 124
49 18 63
49 19 117
49 21 12
49 25 103
49 29 122
49 30 13
49 33 82
49 34 155
49 35 58
49 36 17
49 37 149
49 38 145
49 40 70
49 41 7
49 44 50
49 45 34
49 47 6
50 0 129
50 2 114
50 8 83
50 10 97
50 11 129
50 12 141
50 18 54
50 19 17
50 21 9
50 25 94
50 26 116
50 28 68
50 31 132
50 32 52
50 33 40
50 38 141
50 48 13
51 0 87
51 1 103
51 2 140
51 4 120
51 5 70
51 6 53
51 7 46
51 8 108
51 10 34
51 12 103
51 20 38
51 21 132
51 29 54
51 30 14
51 33 121
51 36 54
51 41 134
51 44 153
51 45 5
51 47 53
51 48 84
51 50 108
52 1 119
52 2 128
52 3 107
52 5 82
52 6 117
52 9 57
52 10 24
52 11 110
52 12 42
52 13 86
52 15 58
52 18 100
52 21 74
52 22 87
52 25 58
52 26 122
52 30 11
52 31 10
52 32 70
52 34 149
52 35 98
52 36 94
52 38 86
52 41 132
52 42 101
52 44 84
52 45 149
52 48 81
52 50 10
52 51 90
53 4 80
53 9 78
53 13 79
53 15 91
53 19 14
53 21 37
53 24 75
53 26 46
53 27 117
53 29 114
53 30 60
53 35 73
53 36 143
53 37 58
53 39 141
53 40 122
53 43 15
53 44 59
53 47 81
53 48 109
53 51 50
53 52 71
54 1 85
54 3 43
54 13 157
54 14 15
54 16 106
54 18 22
54 21 126
54 22 93
54 25 95
54 27 93
54 28 57
54 34 58
54 35 33
54 37 122
54 38 51
54 40 140
54 41 76
54 47 137
54 48 72
54 51 73
54 52 124
54 53 55
55 1 92
55 5 25
55 7 46
55 8 75
55 19 31
55 20 106
55 21 103
55 23 29
55 26 35
55 27 141
55 28 151
55 31 10
55 32 139
55 34 143
55 37 50
55 38 15
55 39 18
55 45 66
55 46 56
55 50 13
55 51 72
55 53 70
55 54 102
56 0 1
56 3 109
56 5 95
56 7 138
56 10 37
56 13 56
56 14 11
56 18 122
56 19 2
56 21 155
56 24 102
56 27 26
56 28 157
56 29 159
56 33 2
56 35 15
56 36 80
56 42 108
56 45 84
56 46 62
56 48 8
56 51 80
56 52 77
57 4 14
57 7 86
57 8 48
57 9 29
57 12 36
57 13 49
57 14 110
57 15 62
57 16 153
57 21 52
57 24 63
57 25 26
57 27 44
57 34 106
57 35 5
57 36 83
57 37 57
57 42 20
57 43 22
57 44 130
57 48 3
57 52 137
57 53 30
57 54 73
58 1 8
58 4 73
58 5 16
58 6 54
58 10 78
58 11 132
58 14 137
58 17 20
58 22 143
58 23 41
58 26 25
58 28 116
58 37 65
58 38 31
58 42 13
58 43 18
58 44 65
58 45 115
58 46 92
58 51 7
58 52 127
58 53 101
58 57 128
59 2 93
59 3 85
59 6 110
59 8 38
59 9 89
59 11 58
59 16 27
59 17 38
59 18 47
59 20 86
59 21 73
59 22 21
59 27 94
59 29 31
59 34 108
59 35 5
59 38 89
59 43 24
59 45 20
59 46 57
59 47 87
59 48 159
59 49 159
59 50 112
59 52 5
59 53 89
59 55 79
59 56 81
59 57 57
59 58 73
