30
1 0 115
2 0 91
2 1 26
3 2 96
4 0 129
4 1 40
4 2 76
4 3 23
5 0 158
5 1 19
5 2 94
5 3 88
5 4 94
6 0 86
6 1 92
6 2 27
6 4 11
6 5 65
7 0 114
7 1 111
7 2 48
7 3 98
7 4 100
7 5 159
7 6 34
8 0 119
8 1 147
8 2 144
8 3 155
8 4 110
8 5 61
8 6 138
8 7 100
9 1 156
9 2 139
9 3 80
9 4 15
9 5 152
9 6 32
10 0 42
10 1 80
10 2 132
10 3 20
10 4 46
10 5 41
10 6 105
10 7 30
10 8 9
10 9 54
11 0 102
11 1 141
11 2 136
11 3 107
11 5 61
11 6 9
11 7 103
11 8 55
11 9 132
11 10 138
12 0 15
12 1 159
12 2 46
12 3 124
12 4 145
12 5 36
12 6 151
12 7 16
12 8 78
12 9 121
12 10 111
12 11 88
13 0 82
13 2 13
13 3 15
13 4 88
13 5 147
13 7 17
13 8 114
13 9 139
13 11 160
13 12 23
14 0 158
14 1 73
14 2 125
14 3 45
14 4 56
14 5 102
14 6 109
14 7 88
14 8 68
14 9 89
14 10 118
14 11 107
14 12 72
14 13 64
15 0 29
15 1 153
15 2 135
15 3 64
15 4 120
15 5 69
15 6 87
15 8 103
15 9 83
15 10 47
15 11 28
15 12 120
15 13 125
15 14 126
16 1 86
16 4 7
16 5 137
16 6 50
16 7 18
16 8 15
16 9 36
16 10 151
16 11 31
16 12 80
16 14 73
16 15 134
17 0 3
17 1 12
17 3 135
17 4 21
17 5 42
17 6 104
17 7 58
17 8 70
17 9 71
17 10 34
17 11 103
17 12 157
17 14 95
17 15 147
17 16 12
18 0 76
18 1 19
18 2 137
18 3 141
18 4 134
18 5 95
18 6 45
18 7 32
18 9 158
18 10 79
18 12 78
18 14 1
18 15 110
18 16 120
18 17 85
19 0 47
19 1 18
19 2 157
19 3 74
19 4 122
19 5 40
19 6 84
19 7 22
19 8 96
19 9 145
19 10 149
19 11 54
19 12 109
19 13 146
19 14 10
19 15 30
19 16 145
19 17 13
19 18 141
20 0 56
20 1 30
20 2 49
20 4 157
20 5 45
20 7 10
20 8 14
20 10 129
20 11 2
20 12 90
20 13 90
20 15 25
20 16 55
20 17 100
20 18 113
20 19 61
21 0 29
21 1 149
21 2 92
21 3 15
21 4 95
21 5 54
21 6 66
21 7 4
21 9 73
21 10 49
21 11 72
21 14 17
21 15 98
21 16 97
21 17 84
21 18 106
21 19 139
21 20 88
22 0 81
22 1 130
22 2 153
22 3 123
22 4 3
22 5 77
22 7 120
22 8 73
22 9 144
22 11 67
22 13 143
22 14 19
22 15 37
22 16 3
22 17 50
22 18 2
22 19 81
22 20 125
22 21 79
23 0 70
23 1 129
23 2 71
23 3 28
23 4 159
23 5 116
23 6 92
23 7 111
23 8 7
23 9 22
23 10 26
23 11 72
23 12 47
23 13 71
23 15 11
23 16 87
23 17 137
23 18 69
23 19 57
23 20 99
23 21 149
23 22 154
24 0 35
24 1 19
24 2 74
24 3 116
24 4 34
24 5 97
24 6 104
24 7 148
24 9 37
24 10 145
24 11 149
24 12 157
24 13 105
24 14 100
24 17 77
24 18 130
24 19 81
24 20 65
24 21 41
24 22 53
24 23 130
25 0 54
25 1 11
25 2 139
25 3 153
25 4 140
25 5 88
25 6 14
25 7 69
25 8 143
25 9 20
25 10 132
25 11 34
25 12 6
25 13 106
25 14 44
25 15 126
25 16 71
25 17 92
25 19 22
25 20 99
25 22 84
25 23 42
25 24 154
26 0 160
26 2 48
26 3 32
26 4 22
26 5 48
26 6 132
26 7 120
26 8 100
26 9 153
26 10 34
26 11 140
26 12 42
26 13 9
26 14 36
26 15 158
26 16 112
26 17 155
26 18 25
26 19 90
26 20 48
26 21 8
26 22 77
26 23 119
26 24 8
26 25 37
27 0 70
27 1 11
27 2 152
27 3 26
27 4 17
27 5 96
27 6 42
27 7 10
27 8 148
27 9 50
27 10 2
27 11 90
27 12 98
27 13 81
27 14 84
27 15 9
27 16 7
27 17 87
27 18 152
27 19 57
27 20 87
27 21 37
27 23 110
27 24 129
27 25 78
27 26 35
28 0 21
28 1 145
28 2 153
28 3 63
28 4 6
28 5 44
28 6 92
28 7 105
28 8 90
28 9 93
28 10 137
28 11 23
28 12 33
28 13 88
28 14 155
28 16 112
28 17 143
28 18 72
28 19 26
28 20 38
28 21 9
28 22 2
28 23 46
28 24 36
28 25 58
28 26 11
28 27 67
29 0 156
29 1 1
29 3 67
29 4 55
29 5 100
29 6 35
29 7 94
29 8 51
29 9 34
29 10 102
29 11 23
29 12 160
29 13 92
29 14 98
29 15 7
29 16 148
29 17 93
29 18 54
29 19 76
29 20 136
29 21 111
29 22 49
29 23 19
29 24 114
29 25 21
29 26 10
29 27 22
29 28 1
