20
3 0 4
3 1 15
3 2 8
4 0 8
4 1 12
4 3 2
5 1 33
5 4 3
6 1 13
6 2 38
6 3 32
7 3 18
7 4 24
7 5 25
8 2 35
8 3 5
8 7 12
9 0 18
9 1 26
9 2 13
9 3 9
9 6 6
9 7 6
10 2 15
10 3 39
10 4 13
10 6 11
10 7 40
10 8 2
10 9 32
11 0 10
11 1 10
11 2 31
11 4 6
11 5 19
11 6 12
11 7 9
11 8 10
12 0 28
12 1 36
12 2 20
12 3 31
12 4 16
12 6 18
12 7 21
12 8 27
12 9 40
12 11 16
13 0 36
13 1 37
13 2 1
13 5 18
13 6 35
13 8 35
13 10 20
13 11 10
13 12 15
14 1 40
14 3 15
14 5 12
14 6 18
14 7 23
14 8 9
14 10 24
14 11 39
14 12 21
14 13 7
15 0 40
15 1 12
15 2 21
15 4 26
15 5 39
15 7 39
15 8 21
15 9 37
15 10 7
15 11 4
15 14 3
16 0 40
16 1 4
16 2 27
16 3 3
16 5 26
16 6 14
16 7 17
16 14 33
16 15 23
17 1 4
17 2 36
17 3 27
17 4 10
17 6 27
17 7 22
17 8 24
17 10 1
17 12 10
17 13 38
17 15 16
18 1 20
18 3 11
18 4 11
18 5 18
18 8 1
18 11 25
18 13 38
18 16 31
18 17 36
19 0 31
19 1 33
19 2 33
19 4 27
19 5 32
19 6 16
19 8 34
19 11 19
19 12 11
19 13 10
19 14 35
19 17 16
19 18 31
