60
3 0 31
4 3 84
5 1 84
6 0 158
6 1 43
6 4 73
6 5 140
7 2 32
7 4 158
7 6 110
8 0 110
8 1 97
8 2 26
8 3 57
8 4 78
8 5 113
9 1 113
9 2 59
9 3 61
9 4 46
9 6 23
9 8 108
10 1 60
10 4 150
10 6 139
10 8 145
11 0 48
11 1 8
11 3 60
11 5 31
11 6 63
11 7 21
11 8 77
12 0 117
12 4 155
12 5 67
12 6 28
12 8 42
12 10 121
13 2 10
14 5 1
14 8 44
14 12 135
15 2 140
15 7 29
15 8 89
15 14 154
16 0 81
16 1 107
16 4 73
16 6 74
16 8 12
16 11 65
16 13 4
16 15 39
17 3 139
17 4 118
17 6 85
17 9 39
17 10 139
17 14 127
17 15 155
17 16 130
18 5 14
18 8 85
18 9 66
18 10 102
18 11 149
18 12 66
18 15 62
19 0 158
19 11 47
19 12 37
19 13 33
19 17 16
20 0 87
20 2 2
20 3 90
20 9 113
20 11 99
20 17 93
20 18 107
21 2 82
21 3 103
21 4 96
21 8 151
21 14 59
21 17 17
21 19 107
21 20 92
22 5 16
22 12 128
22 14 116
22 15 51
22 18 129
22 19 52
23 2 18
23 3 35
23 9 70
23 10 53
23 13 146
23 14 149
23 16 35
23 17 40
23 18 93
23 21 101
24 0 71
24 2 25
24 3 23
24 6 85
24 8 10
24 9 5
24 10 121
24 12 53
24 13 124
24 15 103
24 16 15
24 18 75
25 0 109
25 1 118
25 2 150
25 3 26
25 5 155
25 6 151
25 10 111
25 11 138
25 13 146
25 14 120
25 20 112
26 8 68
26 9 159
26 11 154
26 12 87
26 14 110
26 15 16
26 17 18
26 18 35
26 21 98
26 24 97
27 0 149
27 1 83
27 2 104
27 7 100
27 9 88
27 11 31
27 12 2
27 13 86
27 14 117
27 15 138
27 16 44
27 19 131
27 20 16
27 24 19
27 25 108
27 26 45
28 1 12
28 3 119
28 13 151
28 14 108
28 16 141
28 17 63
28 19 105
28 22 18
28 23 125
28 25 126
28 26 26
29 0 90
29 1 144
29 2 36
29 3 117
29 5 151
29 6 31
29 8 83
29 11 25
29 12 138
29 15 91
29 17 159
29 18 62
29 19 104
29 21 117
29 24 84
29 25 96
29 26 35
29 27 96
30 2 64
30 4 82
30 8 160
30 11 110
30 12 89
30 13 143
30 15 41
30 18 85
30 19 16
30 21 43
30 27 61
30 28 27
31 0 136
31 5 83
31 6 72
31 7 72
31 8 127
31 14 100
31 15 34
31 19 59
31 20 45
31 24 28
31 26 125
31 27 122
32 10 31
32 12 75
32 18 77
32 19 114
32 23 102
32 28 136
32 29 144
33 1 69
33 4 72
33 5 92
33 7 81
33 9 102
33 11 147
33 12 109
33 17 98
33 18 5
33 21 113
33 25 126
34 0 70
34 4 17
34 5 37
34 8 159
34 10 32
34 11 36
34 13 18
34 15 160
34 17 127
34 23 74
34 24 157
34 26 150
34 27 2
34 28 13
34 29 114
34 31 111
34 32 102
34 33 48
35 1 121
35 3 94
35 7 35
35 10 36
35 11 79
35 14 132
35 15 48
35 18 20
35 19 68
35 21 23
35 22 61
35 24 13
35 25 101
35 28 137
35 32 21
36 0 1
36 2 10
36 6 12
36 8 151
36 13 2
36 15 76
36 18 116
36 19 4
36 20 93
36 21 128
36 25 128
36 27 56
36 28 125
36 31 44
36 34 99
37 4 76
37 5 19
37 6 69
37 7 85
37 8 143
37 13 1
37 19 46
37 22 21
37 25 135
37 31 97
37 36 87
38 0 61
38 3 86
38 6 157
38 10 48
38 14 112
38 17 25
38 18 88
38 22 16
38 24 5
38 25 86
38 29 113
38 31 157
39 2 138
39 4 122
39 7 36
39 8 30
39 12 136
39 17 98
39 18 137
39 23 95
39 27 116
39 31 139
39 32 128
39 36 24
40 0 150
40 6 35
40 8 131
40 9 45
40 10 75
40 11 157
40 12 149
40 17 52
40 18 110
40 20 68
40 21 115
40 23 49
40 25 143
40 27 5
40 31 13
40 34 42
40 38 57
41 0 151
41 2 126
41 9 139
41 14 97
41 16 122
41 18 115
41 24 158
41 28 30
41 37 101
42 4 141
42 6 90
42 8 150
42 10 46
42 11 60
42 13 72
42 14 111
42 15 11
42 16 145
42 17 114
42 18 21
42 19 52
42 21 12
42 22 65
42 25 77
42 26 149
42 29 110
42 30 65
42 34 126
42 35 119
43 0 117
43 1 113
43 5 34
43 8 92
43 9 105
43 11 61
43 17 17
43 22 139
43 23 75
43 25 20
43 27 96
43 28 96
43 29 105
43 30 126
43 31 38
43 33 46
43 35 106
43 39 120
43 40 123
43 42 151
44 1 97
44 3 138
44 4 144
44 9 54
44 13 123
44 15 142
44 20 69
44 21 49
44 24 125
44 26 40
44 30 14
44 31 59
44 32 72
44 34 111
44 43 100
45 1 134
45 3 17
45 4 65
45 5 78
45 6 141
45 7 4
45 8 46
45 11 95
45 12 105
45 13 21
45 16 156
45 22 121
45 23 99
45 24 86
45 28 41
45 33 111
45 34 105
45 37 51
45 40 155
45 43 19
46 0 82
46 6 144
46 8 150
46 11 146
46 12 147
46 13 133
46 15 142
46 19 51
46 21 99
46 22 125
46 23 90
46 24 44
46 27 91
46 29 115
46 31 33
46 35 26
46 38 75
46 41 63
46 44 78
46 45 94
47 0 134
47 2 111
47 6 126
47 7 11
47 12 141
47 14 53
47 17 157
47 18 20
47 19 119
47 22 24
47 27 148
47 28 45
47 30 72
47 32 76
47 33 62
47 35 32
47 36 108
47 44 44
48 1 106
48 7 51
48 8 116
48 9 42
48 10 82
48 11 12
48 13 57
48 14 39
48 16 57
48 18 155
48 24 29
48 30 80
48 32 149
48 33 62
48 34 75
48 39 141
48 40 64
48 41 121
48 42 2
48 44 156
48 46 33
48 47 159
49 0 78
49 1 125
49 3 133
49 5 150
49 9 112
49 11 2
49 14 104
49 16 122
49 18 59
49 19 75
49 23 39
49 24 143
49 25 9
49 26 141
49 31 10
49 33 11
49 35 59
49 36 131
49 37 88
49 38 131
49 42 26
49 43 66
49 45 109
49 46 115
50 2 117
50 7 136
50 8 9
50 9 8
50 10 80
50 16 19
50 17 47
50 21 85
50 24 113
50 35 135
50 36 12
50 38 135
50 40 152
50 45 65
50 46 20
50 48 153
50 49 127
51 4 100
51 11 73
51 12 96
51 14 20
51 17 70
51 21 13
51 24 15
51 26 69
51 27 135
51 28 31
51 29 9
51 31 4
51 33 55
51 35 91
51 40 124
51 41 121
51 47 94
51 50 154
52 2 118
52 7 42
52 8 117
52 11 10
52 12 100
52 15 51
52 26 8
52 27 37
52 31 25
52 33 22
52 40 113
52 41 59
52 43 134
52 44 63
52 46 50
52 47 56
52 49 81
52 50 93
53 0 24
53 2 64
53 9 44
53 14 156
53 17 124
53 18 81
53 20 86
53 22 137
53 23 74
53 25 59
53 27 119
53 28 120
53 29 91
53 31 16
53 33 124
53 35 101
53 39 88
53 40 99
53 42 53
53 44 100
53 45 110
53 46 44
53 47 93
53 48 131
53 49 117
53 51 81
54 0 8
54 3 154
54 6 156
54 7 107
54 9 129
54 11 71
54 12 31
54 15 56
54 16 132
54 17 15
54 20 49
54 21 112
54 25 15
54 26 64
54 28 71
54 29 77
54 31 120
54 34 11
54 39 76
54 43 80
54 46 105
54 47 5
54 51 125
54 53 150
55 2 119
55 4 74
55 7 135
55 11 108
55 14 39
55 15 2
55 18 146
55 20 115
55 21 141
55 22 142
55 24 62
55 25 30
55 26 61
55 33 74
55 35 83
55 38 117
55 42 140
55 45 119
55 48 40
55 49 78
55 50 142
55 51 159
55 52 151
56 4 127
56 9 87
56 10 46
56 11 64
56 18 147
56 21 62
56 22 97
56 25 18
56 35 143
56 39 58
56 48 37
56 49 89
56 51 41
56 54 73
56 55 128
57 0 127
57 2 156
57 6 143
57 8 22
57 13 110
57 14 159
57 18 98
57 21 66
57 23 35
57 30 86
57 33 70
57 36 87
57 39 154
57 40 138
57 47 38
57 48 124
57 53 134
57 54 71
57 55 93
57 56 10
58 2 89
58 6 128
58 7 109
58 9 86
58 10 121
58 16 26
58 17 129
58 18 105
58 20 122
58 22 152
58 24 108
58 27 4
58 30 88
58 31 128
58 34 74
58 38 84
58 39 87
58 41 100
58 44 9
58 46 33
58 48 90
58 49 102
58 52 7
58 54 82
58 57 2
59 0 37
59 1 100
59 4 53
59 6 24
59 9 3
59 13 112
59 18 86
59 19 121
59 20 118
59 21 10
59 24 93
59 26 62
59 29 110
59 31 75
59 37 104
59 38 78
59 43 138
59 46 107
59 49 14
59 52 108
59 54 149
59 56 83
59 57 87
