20
1 0 75
2 0 31
2 1 28
3 0 24
3 1 44
3 2 15
4 0 23
4 1 8
4 2 48
4 3 73
5 0 9
5 1 80
5 2 43
5 3 11
5 4 47
6 0 25
6 1 58
6 2 62
6 3 39
6 4 45
6 5 20
7 0 52
7 1 6
7 2 36
7 3 54
7 4 33
7 5 47
7 6 8
8 0 37
8 1 75
8 2 54
8 3 34
8 4 45
8 5 77
8 6 19
9 0 60
9 1 38
9 2 63
9 3 64
9 4 62
9 5 26
9 6 17
9 7 29
9 8 2
10 0 77
10 1 41
10 2 55
10 3 48
10 4 75
10 6 58
10 7 15
10 8 41
10 9 32
11 0 77
11 1 32
11 3 17
11 4 18
11 5 53
11 6 60
11 7 58
11 8 48
11 9 19
11 10 53
12 0 79
12 1 37
12 2 26
12 3 77
12 4 53
12 5 9
12 6 18
12 7 69
12 8 64
12 9 40
13 0 20
13 1 4
13 2 43
13 3 28
13 4 72
13 5 26
13 6 12
13 7 17
13 8 11
13 9 21
13 10 78
13 11 8
13 12 51
14 0 50
14 1 72
14 2 62
14 3 72
14 4 22
14 5 48
14 7 38
14 8 78
14 9 72
14 10 12
14 11 6
14 13 38
15 1 69
15 2 33
15 3 70
15 4 65
15 5 54
15 6 50
15 7 10
15 8 5
15 9 67
15 10 72
15 11 69
15 12 6
15 14 24
16 0 12
16 2 40
16 3 37
16 4 76
16 6 4
16 7 20
16 8 4
16 9 42
16 10 45
16 11 5
16 12 58
16 13 20
16 15 57
17 0 66
17 1 47
17 2 28
17 3 55
17 5 10
17 6 69
17 8 58
17 9 45
17 10 46
17 11 31
17 12 43
17 13 27
17 14 23
17 15 35
17 16 54
18 0 80
18 1 73
18 2 14
18 3 79
18 4 77
18 5 31
18 6 74
18 7 13
18 8 12
18 9 22
18 10 33
18 11 14
18 13 36
18 14 63
18 15 67
18 16 33
18 17 39
19 0 15
19 1 62
19 2 16
19 3 55
19 4 37
19 5 78
19 6 26
19 7 29
19 8 7
19 10 73
19 11 27
19 12 29
19 13 15
19 14 29
19 15 16
19 16 79
19 17 46
19 18 63
