20
1 0 5
2 1 2
3 0 4
3 1 1
3 2 4
4 1 8
4 2 9
4 3 9
5 1 1
5 3 6
6 0 1
6 1 7
6 2 3
6 3 6
7 0 2
7 1 10
7 2 10
7 3 2
7 5 6
7 6 2
8 0 6
8 1 1
8 2 1
8 3 3
8 4 4
8 5 1
8 6 2
8 7 6
9 0 8
9 3 5
9 4 6
9 5 9
9 7 9
10 0 10
10 2 4
10 5 6
10 7 6
10 8 4
11 0 6
11 3 8
11 4 6
11 5 7
11 6 3
11 8 6
11 9 2
12 0 8
12 1 8
12 2 3
12 3 10
12 4 3
12 5 5
12 6 6
12 7 7
12 9 9
12 10 5
13 0 4
13 2 6
13 4 2
13 5 2
13 6 5
13 7 9
13 9 8
13 10 6
13 11 9
13 12 8
14 0 7
14 1 5
14 2 2
14 3 9
14 4 5
14 5 5
14 6 3
14 7 8
14 9 9
14 10 5
14 11 2
14 12 4
14 13 1
15 0 8
15 2 3
15 3 9
15 4 2
15 5 3
15 7 3
15 9 10
15 11 5
15 13 7
16 0 2
16 1 7
16 3 10
16 4 10
16 5 3
16 6 8
16 8 1
16 9 9
16 10 8
16 13 3
16 14 6
16 15 1
17 0 3
17 3 4
17 5 9
17 7 6
17 8 7
17 11 8
17 13 3
17 14 2
17 15 8
18 0 2
18 1 7
18 2 5
18 3 5
18 6 1
18 7 3
18 8 4
18 9 5
18 10 9
18 11 9
18 13 4
18 14 1
18 15 7
19 0 7
19 1 2
19 3 8
19 4 3
19 6 3
19 7 7
19 8 9
19 9 2
19 10 2
19 13 8
19 14 9
19 15 4
19 16 1
19 18 8
