60
2 0 2
2 1 9
3 0 3
3 1 4
3 2 4
4 0 7
4 1 2
4 2 1
4 3 6
5 0 8
5 1 3
5 3 1
5 4 7
6 0 4
6 1 8
6 3 10
6 4 3
6 5 1
7 0 3
7 1 3
7 2 3
7 3 3
7 4 6
7 6 5
8 0 1
8 1 5
8 2 5
8 3 10
8 4 10
8 5 1
8 6 6
8 7 8
9 0 9
9 1 5
9 2 8
9 3 1
9 4 7
9 6 5
9 8 5
10 0 7
10 2 9
10 3 8
10 4 7
10 5 1
10 6 8
10 7 4
10 8 3
10 9 8
11 0 2
11 1 4
11 2 2
11 3 4
11 4 8
11 5 6
11 6 6
11 7 10
11 9 3
11 10 4
12 1 9
12 2 7
12 3 5
12 4 7
12 6 9
12 7 2
12 9 10
12 10 8
12 11 3
13 0 7
13 1 8
13 2 5
13 4 7
13 5 7
13 6 8
13 7 10
13 8 8
13 9 9
13 10 6
13 11 10
14 0 2
14 1 5
14 3 4
14 4 7
14 5 8
14 7 1
14 8 7
14 9 3
14 10 9
14 11 3
14 12 6
14 13 8
15 0 2
15 2 3
15 3 7
15 4 9
15 5 3
15 6 9
15 7 6
15 8 6
15 9 7
15 10 9
15 11 4
15 12 10
15 14 10
16 0 10
16 1 1
16 2 8
16 3 1
16 4 9
16 6 7
16 7 5
16 8 5
16 9 7
16 11 3
16 12 2
16 13 2
16 15 9
17 0 6
17 1 1
17 2 2
17 3 8
17 4 3
17 5 7
17 6 7
17 7 4
17 8 3
17 9 10
17 10 1
17 11 8
17 12 10
17 13 3
17 14 6
17 15 6
17 16 1
18 0 6
18 1 2
18 2 4
18 3 9
18 4 4
18 5 10
18 6 2
18 7 7
18 8 9
18 9 5
18 10 8
18 11 10
18 12 3
18 13 3
18 14 1
18 15 8
18 16 3
18 17 10
19 0 8
19 1 1
19 2 2
19 4 10
19 5 5
19 6 3
19 7 3
19 8 10
19 9 2
19 10 1
19 11 5
19 12 10
19 13 1
19 14 6
19 15 5
19 16 1
19 17 9
19 18 8
20 0 7
20 1 3
20 2 7
20 3 3
20 4 4
20 5 6
20 6 3
20 7 8
20 8 5
20 9 1
20 10 8
20 12 9
20 13 8
20 15 8
20 16 9
20 17 6
20 18 4
20 19 8
21 0 6
21 1 6
21 2 5
21 3 7
21 4 4
21 5 1
21 6 1
21 7 4
21 8 7
21 9 6
21 10 8
21 11 2
21 13 6
21 15 1
21 16 9
21 17 8
21 18 4
21 19 2
22 0 5
22 1 9
22 2 4
22 3 8
22 4 3
22 5 10
22 7 9
22 8 3
22 9 8
22 10 6
22 11 2
22 12 2
22 13 2
22 14 5
22 15 2
22 16 4
22 17 9
22 18 7
22 19 10
22 20 9
22 21 1
23 0 10
23 1 3
23 2 6
23 3 1
23 4 7
23 5 1
23 6 4
23 7 2
23 8 4
23 10 7
23 11 6
23 12 7
23 13 8
23 14 4
23 15 6
23 16 3
23 17 9
23 18 4
23 19 8
23 20 3
23 21 5
23 22 7
24 0 7
24 1 4
24 2 8
24 4 5
24 5 1
24 6 1
24 7 7
24 8 8
24 9 10
24 10 5
24 11 10
24 12 5
24 14 7
24 15 1
24 16 2
24 17 5
24 18 9
24 19 9
24 20 6
24 23 4
25 0 9
25 1 1
25 2 10
25 3 9
25 4 10
25 5 2
25 6 1
25 7 6
25 8 1
25 10 5
25 11 2
25 12 7
25 13 10
25 14 6
25 15 6
25 16 9
25 17 10
25 18 2
25 19 2
25 20 7
25 21 1
25 22 7
25 23 1
25 24 7
26 0 10
26 1 5
26 2 2
26 5 9
26 6 1
26 7 10
26 8 10
26 9 9
26 10 5
26 11 8
26 12 7
26 13 4
26 14 6
26 15 1
26 16 3
26 17 10
26 18 8
26 19 6
26 20 2
26 21 9
26 22 4
26 23 1
26 25 2
27 0 2
27 1 4
27 2 2
27 3 9
27 4 2
27 5 5
27 6 8
27 8 8
27 9 10
27 10 8
27 12 10
27 13 7
27 14 8
27 15 3
27 16 10
27 18 6
27 19 8
27 20 9
27 21 4
27 22 5
27 23 8
27 24 6
27 25 6
28 0 7
28 1 3
28 2 6
28 3 8
28 4 2
28 5 1
28 6 5
28 7 9
28 8 10
28 9 5
28 11 9
28 12 2
28 13 8
28 14 1
28 15 8
28 16 9
28 17 1
28 18 9
28 19 9
28 20 9
28 21 2
28 23 6
28 24 5
28 25 1
28 26 1
28 27 6
29 0 7
29 1 3
29 2 9
29 3 8
29 4 8
29 5 3
29 6 2
29 7 1
29 8 6
29 9 5
29 10 8
29 11 8
29 12 1
29 13 10
29 14 5
29 15 4
29 16 1
29 17 10
29 18 2
29 19 5
29 20 3
29 21 1
29 22 1
29 23 3
29 25 7
29 27 2
29 28 8
30 0 5
30 1 8
30 2 8
30 3 2
30 4 2
30 5 5
30 6 9
30 7 3
30 8 8
30 9 1
30 10 3
30 11 2
30 12 3
30 13 4
30 14 7
30 17 7
30 18 1
30 19 1
30 20 2
30 21 10
30 22 5
30 23 3
30 24 2
30 25 2
30 26 3
30 27 1
30 28 4
30 29 10
31 0 2
31 1 5
31 2 7
31 3 6
31 4 10
31 5 1
31 6 1
31 7 3
31 8 5
31 9 10
31 11 2
31 12 3
31 13 2
31 14 5
31 15 6
31 16 4
31 17 9
31 18 3
31 20 1
31 21 7
31 22 10
31 23 8
31 24 1
31 25 10
31 26 3
31 27 2
31 28 7
31 29 9
31 30 8
32 0 10
32 1 1
32 3 5
32 4 10
32 5 8
32 7 6
32 8 9
32 9 1
32 10 3
32 11 6
32 12 5
32 13 3
32 14 10
32 15 1
32 16 2
32 17 1
32 18 2
32 20 4
32 21 10
32 22 4
32 23 6
32 24 3
32 26 8
32 27 6
32 28 3
32 29 2
32 30 8
32 31 2
33 1 6
33 2 3
33 3 9
33 4 7
33 5 2
33 6 1
33 7 4
33 8 1
33 9 8
33 10 2
33 11 3
33 12 4
33 13 3
33 14 10
33 16 10
33 17 4
33 18 1
33 20 3
33 21 1
33 22 3
33 23 8
33 24 1
33 25 3
33 26 4
33 28 7
33 29 7
33 30 10
33 31 5
33 32 4
34 0 1
34 1 2
34 2 8
34 3 2
34 4 9
34 5 2
34 6 3
34 7 10
34 9 8
34 10 5
34 11 2
34 12 5
34 13 5
34 14 1
34 15 5
34 16 1
34 17 10
34 18 6
34 19 1
34 20 3
34 22 2
34 23 2
34 24 6
34 25 8
34 27 1
34 28 7
34 29 4
34 30 1
34 31 2
34 32 4
34 33 7
35 0 3
35 1 7
35 2 1
35 3 7
35 5 2
35 6 5
35 7 1
35 8 5
35 9 3
35 10 3
35 11 3
35 12 5
35 13 6
35 14 2
35 15 10
35 17 6
35 19 6
35 20 10
35 22 5
35 23 1
35 24 9
35 25 9
35 26 6
35 27 1
35 28 6
35 29 10
35 30 2
35 31 5
35 32 7
35 33 2
35 34 5
36 0 9
36 1 4
36 2 9
36 3 5
36 4 7
36 5 4
36 6 6
36 7 8
36 8 1
36 9 6
36 10 3
36 11 10
36 12 2
36 13 4
36 14 5
36 15 2
36 16 6
36 17 10
36 18 2
36 19 8
36 20 2
36 22 10
36 23 7
36 24 3
36 25 1
36 27 5
36 28 3
36 29 1
36 30 10
36 31 4
36 32 2
36 33 1
36 34 7
36 35 8
37 0 5
37 1 5
37 2 4
37 3 9
37 4 10
37 5 4
37 6 10
37 7 8
37 8 4
37 9 8
37 10 9
37 11 6
37 12 3
37 13 6
37 15 7
37 16 1
37 17 7
37 18 2
37 19 3
37 20 1
37 21 6
37 22 7
37 23 1
37 24 10
37 25 9
37 26 2
37 27 2
37 28 5
37 29 5
37 30 6
37 31 5
37 32 2
37 33 1
37 34 4
37 36 4
38 0 7
38 1 2
38 2 6
38 3 2
38 4 3
38 5 5
38 6 7
38 8 1
38 9 9
38 10 7
38 11 1
38 12 7
38 13 5
38 14 5
38 15 5
38 16 10
38 18 8
38 19 2
38 20 7
38 21 9
38 22 10
38 23 9
38 25 8
38 26 4
38 27 2
38 28 9
38 29 7
38 30 1
38 31 7
38 32 4
38 33 7
38 34 9
38 35 3
38 36 1
38 37 3
39 0 3
39 1 9
39 2 6
39 3 4
39 4 3
39 5 8
39 6 2
39 8 7
39 9 7
39 10 7
39 11 6
39 12 3
39 13 3
39 14 6
39 15 7
39 16 5
39 17 10
39 18 2
39 19 1
39 20 6
39 21 2
39 22 5
39 23 10
39 24 7
39 25 10
39 26 6
39 28 8
39 30 1
39 31 5
39 33 10
39 34 4
39 35 4
39 36 2
39 37 5
39 38 5
40 1 10
40 2 1
40 3 9
40 4 4
40 6 4
40 7 4
40 8 1
40 9 10
40 10 7
40 12 8
40 13 6
40 14 3
40 15 3
40 17 5
40 18 10
40 19 6
40 20 4
40 21 5
40 22 3
40 23 6
40 24 6
40 25 3
40 27 6
40 28 9
40 30 6
40 31 2
40 32 3
40 33 10
40 34 8
40 35 7
40 36 5
40 37 2
40 39 5
41 0 9
41 1 8
41 2 3
41 3 4
41 4 8
41 5 8
41 6 7
41 7 7
41 8 6
41 9 10
41 10 1
41 11 10
41 13 4
41 14 4
41 15 6
41 16 3
41 17 10
41 18 6
41 19 5
41 20 8
41 21 10
41 23 7
41 24 4
41 25 8
41 27 1
41 28 9
41 29 2
41 30 2
41 31 5
41 32 10
41 35 8
41 36 3
41 37 3
41 38 10
41 39 8
42 0 6
42 1 4
42 2 2
42 3 6
42 4 10
42 5 7
42 6 10
42 7 4
42 8 5
42 9 3
42 11 4
42 12 2
42 13 4
42 14 6
42 15 9
42 17 1
42 18 5
42 19 5
42 20 8
42 21 10
42 23 5
42 24 3
42 25 7
42 26 6
42 27 5
42 29 4
42 30 9
42 32 9
42 33 6
42 34 2
42 35 7
42 36 9
42 37 3
42 38 4
42 40 5
43 0 2
43 1 5
43 2 9
43 3 6
43 4 5
43 5 7
43 6 2
43 7 10
43 8 9
43 9 9
43 10 2
43 11 1
43 12 8
43 13 6
43 14 5
43 15 6
43 16 6
43 18 2
43 19 5
43 21 6
43 22 1
43 23 1
43 24 8
43 25 3
43 26 1
43 27 1
43 29 1
43 30 4
43 31 6
43 32 5
43 33 2
43 34 7
43 35 3
43 36 2
43 37 7
43 38 1
43 39 2
43 40 9
43 41 7
43 42 2
44 0 9
44 2 7
44 3 9
44 5 3
44 6 1
44 7 9
44 8 5
44 9 10
44 10 10
44 11 10
44 12 8
44 13 5
44 15 2
44 17 5
44 18 10
44 19 9
44 20 4
44 21 1
44 22 8
44 23 3
44 24 8
44 25 1
44 26 5
44 27 6
44 28 8
44 29 7
44 30 8
44 31 8
44 32 9
44 33 8
44 34 10
44 35 8
44 36 6
44 37 9
44 38 8
44 39 1
44 40 3
44 41 5
44 42 6
44 43 2
45 0 2
45 1 2
45 2 9
45 3 6
45 4 10
45 5 5
45 6 9
45 7 8
45 8 2
45 9 7
45 10 10
45 11 7
45 12 3
45 13 4
45 14 1
45 15 6
45 16 2
45 17 5
45 18 1
45 19 10
45 20 3
45 21 5
45 22 8
45 24 1
45 25 10
45 26 3
45 27 9
45 28 2
45 29 6
45 30 10
45 31 5
45 32 9
45 33 3
45 34 9
45 36 1
45 37 10
45 38 4
45 40 8
45 41 6
45 42 7
45 43 3
45 44 1
46 1 4
46 2 5
46 3 4
46 4 1
46 5 8
46 6 10
46 7 6
46 8 9
46 9 10
46 10 5
46 11 2
46 12 1
46 13 10
46 14 2
46 15 2
46 16 10
46 17 3
46 18 4
46 19 1
46 20 7
46 21 10
46 22 1
46 23 7
46 24 9
46 27 4
46 28 9
46 29 2
46 31 1
46 32 6
46 33 1
46 34 7
46 35 6
46 36 8
46 37 2
46 38 3
46 39 1
46 42 8
46 43 10
46 44 1
46 45 3
47 0 9
47 1 2
47 2 3
47 3 5
47 4 10
47 5 7
47 6 10
47 7 8
47 8 7
47 9 6
47 10 7
47 11 5
47 12 9
47 13 1
47 14 2
47 15 7
47 16 8
47 17 7
47 18 5
47 19 4
47 20 5
47 21 2
47 22 2
47 25 3
47 26 4
47 27 2
47 28 10
47 29 6
47 30 3
47 31 10
47 32 4
47 33 2
47 34 3
47 36 8
47 37 1
47 38 9
47 39 2
47 41 3
47 42 9
47 43 1
47 44 6
47 46 5
48 0 7
48 1 3
48 2 8
48 3 5
48 4 5
48 5 9
48 6 5
48 7 6
48 8 10
48 9 7
48 10 6
48 11 6
48 13 10
48 14 6
48 15 9
48 16 7
48 17 9
48 18 4
48 19 8
48 20 9
48 21 3
48 22 1
48 23 2
48 24 3
48 25 6
48 26 8
48 27 2
48 28 4
48 29 4
48 30 2
48 31 2
48 33 6
48 34 9
48 35 3
48 36 2
48 37 9
48 38 10
48 39 1
48 40 8
48 41 4
48 42 10
48 43 9
48 44 9
48 45 6
48 46 8
48 47 1
49 0 1
49 1 7
49 2 10
49 3 10
49 4 5
49 5 3
49 7 8
49 8 2
49 9 10
49 10 6
49 11 10
49 12 4
49 13 10
49 14 5
49 15 4
49 16 2
49 17 8
49 18 8
49 19 1
49 20 8
49 21 2
49 23 1
49 24 1
49 25 10
49 26 3
49 27 5
49 28 3
49 30 3
49 31 4
49 32 9
49 33 3
49 34 1
49 35 1
49 36 9
49 37 2
49 38 6
49 39 6
49 40 5
49 42 10
49 43 1
49 44 8
49 45 8
49 46 9
49 47 2
49 48 3
50 0 8
50 1 9
50 2 2
50 3 8
50 4 2
50 5 8
50 6 4
50 7 2
50 8 10
50 9 8
50 10 6
50 11 7
50 13 9
50 14 8
50 15 5
50 16 7
50 17 6
50 19 7
50 20 7
50 21 6
50 22 10
50 23 5
50 24 4
50 25 10
50 27 3
50 28 1
50 29 2
50 30 5
50 31 7
50 33 6
50 34 2
50 35 7
50 36 9
50 37 10
50 38 7
50 39 6
50 40 8
50 41 7
50 42 6
50 43 9
50 44 10
50 45 7
50 47 1
50 48 6
50 49 6
51 0 1
51 1 9
51 2 8
51 3 4
51 4 3
51 5 5
51 6 8
51 7 8
51 8 4
51 9 4
51 10 9
51 12 9
51 14 5
51 15 3
51 16 8
51 17 8
51 18 10
51 19 3
51 20 8
51 21 5
51 22 5
51 23 8
51 24 1
51 25 3
51 26 6
51 27 4
51 28 5
51 29 2
51 30 10
51 32 9
51 33 4
51 34 1
51 35 3
51 36 9
51 37 10
51 38 10
51 39 4
51 40 4
51 41 4
51 42 3
51 43 5
51 44 10
51 45 5
51 46 9
51 47 2
51 48 2
51 49 10
51 50 8
52 0 9
52 1 9
52 2 2
52 5 4
52 6 2
52 7 9
52 8 1
52 9 4
52 10 4
52 12 3
52 13 6
52 14 10
52 15 3
52 16 4
52 17 2
52 18 7
52 19 5
52 20 2
52 21 9
52 22 4
52 23 9
52 24 1
52 25 4
52 26 7
52 27 3
52 28 4
52 29 1
52 31 9
52 32 5
52 34 10
52 35 3
52 36 7
52 37 7
52 38 5
52 39 4
52 40 8
52 41 10
52 42 6
52 43 5
52 44 4
52 45 4
52 46 2
52 47 7
52 50 4
52 51 2
53 1 10
53 2 2
53 3 5
53 4 8
53 5 3
53 6 2
53 7 9
53 8 4
53 9 2
53 10 10
53 11 8
53 12 7
53 13 10
53 15 2
53 16 5
53 17 3
53 18 3
53 19 8
53 20 7
53 21 10
53 22 8
53 23 6
53 24 9
53 25 2
53 27 8
53 28 2
53 30 4
53 32 9
53 33 1
53 36 5
53 37 8
53 38 2
53 39 5
53 40 6
53 41 7
53 42 3
53 43 8
53 44 5
53 45 7
53 46 2
53 47 1
53 48 6
53 49 10
53 50 1
53 51 5
53 52 5
54 0 5
54 1 6
54 2 9
54 3 2
54 4 6
54 5 8
54 6 4
54 7 7
54 8 7
54 9 1
54 10 8
54 11 7
54 12 9
54 13 9
54 14 8
54 15 10
54 16 2
54 17 7
54 18 8
54 19 4
54 20 2
54 21 6
54 22 10
54 23 2
54 24 10
54 25 1
54 26 9
54 27 9
54 28 10
54 29 4
54 31 3
54 32 3
54 33 10
54 34 3
54 35 4
54 36 4
54 37 6
54 38 8
54 39 5
54 40 3
54 41 3
54 43 7
54 44 4
54 45 6
54 46 4
54 47 9
54 48 9
54 49 7
54 50 7
54 51 6
54 52 6
54 53 5
55 0 7
55 2 5
55 3 9
55 4 2
55 5 5
55 6 9
55 7 9
55 8 3
55 9 3
55 12 9
55 13 1
55 15 7
55 16 8
55 17 7
55 18 7
55 19 8
55 20 10
55 21 9
55 22 5
55 23 8
55 24 7
55 25 5
55 26 10
55 28 6
55 29 8
55 30 8
55 33 5
55 34 4
55 36 1
55 37 6
55 38 9
55 39 10
55 40 8
55 41 10
55 42 7
55 43 1
55 44 5
55 46 3
55 47 2
55 48 6
55 50 4
55 51 7
55 52 1
55 53 10
55 54 1
56 0 2
56 1 8
56 2 2
56 3 9
56 4 10
56 5 10
56 6 3
56 7 5
56 8 9
56 9 7
56 10 7
56 11 10
56 12 9
56 13 7
56 15 8
56 16 8
56 17 8
56 18 8
56 19 5
56 20 6
56 21 6
56 22 4
56 23 10
56 24 5
56 25 4
56 27 5
56 28 3
56 29 1
56 31 8
56 32 2
56 33 2
56 34 10
56 35 9
56 36 9
56 37 9
56 38 5
56 40 10
56 41 4
56 43 9
56 45 10
56 46 6
56 48 6
56 49 8
56 51 2
56 52 5
56 53 1
56 54 6
56 55 7
57 0 4
57 1 7
57 2 9
57 3 9
57 4 5
57 5 2
57 6 2
57 7 6
57 8 1
57 10 5
57 11 5
57 12 6
57 15 2
57 16 3
57 17 8
57 18 9
57 19 9
57 20 5
57 21 3
57 22 2
57 23 9
57 25 4
57 26 3
57 27 1
57 28 8
57 29 6
57 30 6
57 31 5
57 32 4
57 33 1
57 34 2
57 35 6
57 36 1
57 38 4
57 39 9
57 40 10
57 41 2
57 42 9
57 43 4
57 44 7
57 45 1
57 46 1
57 49 4
57 50 4
57 51 4
57 52 9
57 53 4
57 54 7
57 55 3
57 56 5
58 0 2
58 1 10
58 2 8
58 3 9
58 4 3
58 5 5
58 6 3
58 7 2
58 8 7
58 10 1
58 11 5
58 12 7
58 13 8
58 14 6
58 15 7
58 16 9
58 17 7
58 18 1
58 19 6
58 20 4
58 21 9
58 22 3
58 23 10
58 24 8
58 25 3
58 26 10
58 27 1
58 28 8
58 29 3
58 30 1
58 31 2
58 32 2
58 33 1
58 34 7
58 35 5
58 36 9
58 37 10
58 38 1
58 39 10
58 40 3
58 41 7
58 42 9
58 44 9
58 45 7
58 46 7
58 47 10
58 48 2
58 49 2
58 50 9
58 52 8
58 53 8
58 54 9
58 55 6
58 56 9
58 57 6
59 0 3
59 1 2
59 2 8
59 3 7
59 4 10
59 5 9
59 6 10
59 8 2
59 9 1
59 10 3
59 11 3
59 12 3
59 13 9
59 14 5
59 15 4
59 16 6
59 18 7
59 19 7
59 20 9
59 21 10
59 22 5
59 23 7
59 24 1
59 25 6
59 26 7
59 27 1
59 28 5
59 29 8
59 30 2
59 31 8
59 32 1
59 33 9
59 34 1
59 35 6
59 36 7
59 37 8
59 38 3
59 39 6
59 40 8
59 41 10
59 42 2
59 43 6
59 44 10
59 45 5
59 46 4
59 47 7
59 48 8
59 49 1
59 50 4
59 51 5
59 52 6
59 53 5
59 54 4
59 55 1
59 56 7
59 58 1
