20
1 0 71
2 1 234
3 0 126
3 1 243
4 0 251
4 1 179
4 3 229
5 0 122
5 2 141
5 3 105
5 4 272
6 0 291
6 1 278
6 2 43
6 4 151
6 5 158
7 0 249
7 1 79
7 2 157
7 4 50
7 5 297
7 6 30
8 1 225
8 2 272
8 3 176
8 4 242
9 0 226
9 1 80
9 4 294
9 5 215
9 6 120
9 8 45
10 1 216
10 2 98
10 4 129
10 6 75
10 7 280
10 9 207
11 0 81
11 1 200
11 2 77
11 3 108
11 4 53
11 5 95
11 6 208
11 7 2
11 8 82
11 9 72
11 10 211
12 0 306
12 1 131
12 2 223
12 3 240
12 4 89
12 5 87
12 6 264
12 8 210
12 10 320
12 11 178
13 0 142
13 1 81
13 3 57
13 5 83
13 6 74
13 7 80
13 8 208
13 9 202
13 12 15
14 2 53
14 3 262
14 5 231
14 6 175
14 7 77
14 8 2
14 9 318
14 10 129
14 11 261
15 2 8
15 4 165
15 5 79
15 6 118
15 7 99
15 8 275
15 9 167
15 10 219
15 11 152
15 13 181
15 14 210
16 1 34
16 2 157
16 3 1
16 5 7
16 6 311
16 8 261
16 9 27
16 10 163
16 11 56
16 12 124
16 13 76
16 15 105
17 0 257
17 1 10
17 2 9
17 3 253
17 4 34
17 5 282
17 6 291
17 8 152
17 10 98
17 11 130
17 12 130
17 13 180
17 14 313
17 16 238
18 0 100
18 2 167
18 4 243
18 7 280
18 8 278
18 9 215
18 11 285
18 12 127
18 14 186
19 0 260
19 1 319
19 2 27
19 3 263
19 4 33
19 6 231
19 8 74
19 9 262
19 10 228
19 11 295
19 12 157
19 14 19
19 15 65
19 16 156
19 17 302
19 18 141
