60
1 0 7
2 1 9
3 0 4
3 1 9
3 2 8
4 1 1
4 2 5
5 0 7
6 0 8
6 1 1
6 2 5
6 4 4
7 3 8
7 4 3
7 6 10
8 1 1
8 2 6
8 5 1
8 7 9
9 2 1
9 8 2
10 2 8
10 4 9
10 5 9
10 6 4
10 8 6
11 3 9
11 5 1
11 6 3
11 7 7
11 8 7
11 9 7
12 1 3
12 2 6
12 5 4
12 6 5
12 8 4
12 10 7
12 11 9
13 0 1
13 1 3
13 2 7
13 5 1
13 7 10
13 8 10
13 10 6
13 12 7
14 2 10
14 3 8
14 4 5
14 6 9
14 10 2
14 13 9
15 0 7
15 1 9
15 4 1
15 6 10
15 7 10
15 9 4
15 10 4
15 13 7
15 14 8
16 4 9
16 7 1
16 8 9
16 10 6
16 11 3
17 1 2
17 3 2
17 4 6
17 5 3
17 8 2
17 9 1
17 10 6
17 13 4
18 0 3
18 3 7
18 4 4
18 6 9
18 7 8
18 9 1
18 10 2
18 15 5
18 16 9
18 17 4
19 0 8
19 3 5
19 6 7
19 7 4
19 12 2
19 13 1
19 18 2
20 0 2
20 1 9
20 4 7
20 9 4
20 10 7
20 12 1
20 15 2
20 16 6
20 18 2
20 19 8
21 0 3
21 2 6
21 3 1
21 4 9
21 5 10
21 7 2
21 11 6
21 12 3
21 13 9
21 14 3
21 20 8
22 0 3
22 5 9
22 6 3
22 7 5
22 8 10
22 11 6
22 13 4
22 14 4
22 15 5
22 16 1
22 17 6
22 19 10
23 0 5
23 2 7
23 3 1
23 4 8
23 8 3
23 11 9
23 13 2
23 15 6
23 16 5
23 19 8
23 22 8
24 2 6
24 3 5
24 5 3
24 7 5
24 8 7
24 9 8
24 10 5
24 13 3
24 17 4
24 18 6
24 20 2
24 22 7
25 2 4
25 4 8
25 5 6
25 10 2
25 11 7
25 12 5
25 13 9
25 19 8
25 20 4
25 21 8
25 22 5
25 23 10
26 0 10
26 1 8
26 4 6
26 7 2
26 8 1
26 10 2
26 11 4
26 12 9
26 13 8
26 14 1
26 15 10
26 18 7
26 22 2
27 0 10
27 2 4
27 4 7
27 5 5
27 7 3
27 9 6
27 10 3
27 12 8
27 14 2
27 15 2
27 16 8
27 19 9
27 20 9
27 22 3
27 24 8
27 25 9
27 26 6
28 0 4
28 1 10
28 2 8
28 12 3
28 14 5
28 16 7
28 19 6
28 20 3
28 22 6
28 24 3
28 26 8
28 27 1
29 3 6
29 5 7
29 7 2
29 8 1
29 9 9
29 10 2
29 11 10
29 12 2
29 13 8
29 15 10
29 17 5
29 18 10
29 21 10
29 24 1
29 27 5
30 0 10
30 1 8
30 3 1
30 5 3
30 8 8
30 12 5
30 13 10
30 20 9
30 21 1
30 26 3
30 28 4
31 3 2
31 4 3
31 5 1
31 8 7
31 10 1
31 11 3
31 16 9
31 19 2
31 20 10
31 24 8
31 29 8
31 30 6
32 1 4
32 4 5
32 10 5
32 11 9
32 12 8
32 13 1
32 14 9
32 15 1
32 19 1
32 26 4
32 28 10
32 29 9
32 31 9
33 0 2
33 1 1
33 4 9
33 7 4
33 11 5
33 13 9
33 16 2
33 18 4
33 20 6
33 21 10
33 26 8
33 27 3
33 28 7
33 32 7
34 0 6
34 2 6
34 3 5
34 5 9
34 7 8
34 8 2
34 13 3
34 14 5
34 16 6
34 21 8
34 22 5
34 24 9
34 31 7
34 32 10
34 33 4
35 0 2
35 3 1
35 4 3
35 5 2
35 6 8
35 8 10
35 11 9
35 14 6
35 15 10
35 16 9
35 17 8
35 19 4
35 22 8
35 23 3
35 24 6
35 25 10
35 26 6
35 27 1
35 28 5
35 29 3
35 30 4
35 31 8
35 32 7
36 2 2
36 3 1
36 5 1
36 6 3
36 9 9
36 10 6
36 11 7
36 13 9
36 16 7
36 17 9
36 21 1
36 23 8
36 24 7
36 25 3
36 26 8
36 27 10
36 30 1
36 31 8
36 34 8
36 35 5
37 0 1
37 2 1
37 3 8
37 5 8
37 9 4
37 17 9
37 18 4
37 20 6
37 21 2
37 22 8
37 24 7
37 25 9
37 26 6
37 28 6
37 34 5
38 1 4
38 2 9
38 5 6
38 8 7
38 9 9
38 10 2
38 12 5
38 15 7
38 17 8
38 18 9
38 20 9
38 21 8
38 24 2
38 27 2
38 29 4
38 30 1
38 32 7
38 33 6
38 35 9
38 36 5
38 37 3
39 2 7
39 5 6
39 8 5
39 10 4
39 13 9
39 15 2
39 17 9
39 18 6
39 19 7
39 21 6
39 22 9
39 24 10
39 31 5
39 33 8
39 34 10
39 35 5
39 37 8
39 38 6
40 0 7
40 2 3
40 3 7
40 5 5
40 6 8
40 8 4
40 9 2
40 10 10
40 13 8
40 20 5
40 21 1
40 22 2
40 25 10
40 26 10
40 27 5
40 31 7
40 34 3
40 37 10
40 39 6
41 2 4
41 3 1
41 4 6
41 5 7
41 6 10
41 7 5
41 8 9
41 12 5
41 13 7
41 17 3
41 18 4
41 20 10
41 24 9
41 27 3
41 28 2
41 30 10
41 31 2
41 33 6
41 34 8
41 35 3
41 36 3
41 37 5
41 39 3
42 1 2
42 2 8
42 3 10
42 5 10
42 6 7
42 7 9
42 9 8
42 11 4
42 13 5
42 16 9
42 17 7
42 18 4
42 22 10
42 23 7
42 26 4
42 27 7
42 29 6
42 30 5
42 35 10
42 37 5
42 38 10
42 39 5
42 41 7
43 2 8
43 3 3
43 4 8
43 5 1
43 7 6
43 11 6
43 16 10
43 18 2
43 19 10
43 20 10
43 21 6
43 22 5
43 23 5
43 24 3
43 25 3
43 26 5
43 27 1
43 29 5
43 30 8
43 33 9
43 34 2
43 36 9
43 40 6
43 41 2
43 42 8
44 2 3
44 4 3
44 7 9
44 8 5
44 9 5
44 10 1
44 11 7
44 12 6
44 13 2
44 16 10
44 21 5
44 24 7
44 27 5
44 29 5
44 31 6
44 33 10
44 34 10
44 35 10
44 38 5
44 39 10
44 40 7
44 43 1
45 2 4
45 4 4
45 5 3
45 10 1
45 14 1
45 17 5
45 22 9
45 23 3
45 24 6
45 28 1
45 29 7
45 30 1
45 31 5
45 32 4
45 36 5
45 37 3
45 39 9
45 41 10
45 44 6
46 0 6
46 2 1
46 5 7
46 6 10
46 10 4
46 11 5
46 15 2
46 17 10
46 24 9
46 28 5
46 29 9
46 31 6
46 34 9
46 36 7
46 38 4
46 41 8
46 42 8
46 43 3
46 44 9
47 0 10
47 2 4
47 3 9
47 5 5
47 7 8
47 8 9
47 11 10
47 16 10
47 18 7
47 20 3
47 23 2
47 25 7
47 26 3
47 27 7
47 29 1
47 31 2
47 33 2
47 35 9
47 38 2
47 39 3
47 42 6
47 43 10
47 45 5
48 1 8
48 3 5
48 6 3
48 7 3
48 11 8
48 12 9
48 13 7
48 14 2
48 15 3
48 16 8
48 17 1
48 19 3
48 20 3
48 21 5
48 24 2
48 25 7
48 26 2
48 28 10
48 29 6
48 31 1
48 32 6
48 35 8
48 36 3
48 39 3
48 40 7
48 47 5
49 0 3
49 1 1
49 3 5
49 4 9
49 5 8
49 6 7
49 8 2
49 11 1
49 12 4
49 13 2
49 15 10
49 17 4
49 19 9
49 21 6
49 25 9
49 26 6
49 27 8
49 31 1
49 34 4
49 36 3
49 37 8
49 41 6
49 43 5
49 44 2
49 45 6
49 46 4
49 47 1
50 0 2
50 1 8
50 2 2
50 4 4
50 7 4
50 8 6
50 9 8
50 14 7
50 15 5
50 16 7
50 17 10
50 19 8
50 22 5
50 25 3
50 26 8
50 31 7
50 32 1
50 35 8
50 36 6
50 38 10
50 40 5
50 42 1
50 45 8
51 2 3
51 3 10
51 7 3
51 9 5
51 10 1
51 11 2
51 17 3
51 19 7
51 23 9
51 24 7
51 26 8
51 28 6
51 30 5
51 32 10
51 35 10
51 37 6
51 38 8
51 40 10
51 41 10
51 42 3
51 43 4
51 45 3
51 46 7
51 47 3
51 48 7
51 50 9
52 0 1
52 1 10
52 2 6
52 3 6
52 5 1
52 7 4
52 14 4
52 16 3
52 18 7
52 21 10
52 22 1
52 25 3
52 26 4
52 27 5
52 32 1
52 33 7
52 34 4
52 35 8
52 36 7
52 38 6
52 42 10
52 45 2
52 51 10
53 2 5
53 3 4
53 4 1
53 5 10
53 6 6
53 8 9
53 10 7
53 11 4
53 13 3
53 14 2
53 16 2
53 17 2
53 18 7
53 19 3
53 23 5
53 24 9
53 25 9
53 28 4
53 29 8
53 33 1
53 34 7
53 38 9
53 41 8
53 42 4
53 43 3
53 45 1
53 47 6
53 49 10
53 51 3
53 52 2
54 1 9
54 6 7
54 7 3
54 8 9
54 10 9
54 11 3
54 12 3
54 17 6
54 18 2
54 19 2
54 21 9
54 22 8
54 23 6
54 25 6
54 33 9
54 34 6
54 41 3
54 44 8
54 45 5
54 46 3
54 47 8
54 49 3
54 50 8
54 52 10
55 1 3
55 5 7
55 6 4
55 7 10
55 8 5
55 9 6
55 10 4
55 12 6
55 15 3
55 17 1
55 18 8
55 19 8
55 21 9
55 22 9
55 24 10
55 27 8
55 28 8
55 31 5
55 32 2
55 34 4
55 35 8
55 39 9
55 41 1
55 42 5
55 44 1
55 47 1
55 51 7
55 53 4
55 54 10
56 3 2
56 6 9
56 8 1
56 12 7
56 13 4
56 14 6
56 19 5
56 20 10
56 22 6
56 24 2
56 25 8
56 26 9
56 27 10
56 32 5
56 33 5
56 40 9
56 41 10
56 42 8
56 43 2
56 44 8
56 45 7
56 49 6
56 50 10
56 51 2
56 54 2
56 55 6
57 1 1
57 6 1
57 10 2
57 11 5
57 16 9
57 17 8
57 19 8
57 20 3
57 24 3
57 25 9
57 28 9
57 30 1
57 31 9
57 33 1
57 34 4
57 35 1
57 36 9
57 38 5
57 39 6
57 44 7
57 45 8
57 46 4
57 47 10
57 53 4
58 1 10
58 4 1
58 6 2
58 7 10
58 13 8
58 16 2
58 17 7
58 19 1
58 27 8
58 28 2
58 31 9
58 33 8
58 34 3
58 37 3
58 38 9
58 42 7
58 45 8
58 46 3
58 48 9
58 51 5
58 52 3
58 57 6
59 1 5
59 9 6
59 10 1
59 13 7
59 14 6
59 22 1
59 24 1
59 28 1
59 29 6
59 30 10
59 31 2
59 36 3
59 37 1
59 39 8
59 44 1
59 49 4
59 51 7
59 57 4
59 58 2
