50
1 0 178
2 0 190
4 1 52
4 3 103
5 0 320
5 2 63
5 3 317
5 4 195
6 1 231
6 2 90
6 4 248
7 3 232
7 5 123
8 0 255
8 1 196
8 3 12
8 4 192
8 5 57
8 7 266
9 0 229
9 2 161
9 5 136
9 6 113
9 7 17
9 8 34
10 0 164
10 1 206
10 2 319
10 3 308
10 4 36
10 5 293
10 6 190
10 7 69
10 8 100
11 0 24
11 6 236
11 7 166
11 8 258
11 9 256
11 10 143
12 0 43
12 5 236
12 6 311
13 0 150
13 5 137
13 6 299
13 7 136
13 8 305
13 9 8
13 10 131
13 11 296
14 4 211
14 5 266
14 7 282
14 8 101
14 9 248
14 10 129
14 13 85
15 1 250
15 3 224
15 4 215
15 5 111
15 6 238
15 7 258
15 9 46
15 10 212
15 12 33
15 14 157
16 1 192
16 3 65
16 5 42
16 6 255
16 7 146
16 9 175
16 11 55
16 12 319
16 13 309
16 14 227
16 15 54
17 1 70
17 4 222
17 6 301
17 8 295
17 9 150
17 11 298
17 12 240
17 14 235
17 16 162
18 1 307
18 2 47
18 3 319
18 4 127
18 6 20
18 7 54
18 8 131
18 9 306
18 10 106
18 12 196
18 13 2
18 14 19
18 15 73
18 16 138
19 0 119
19 1 162
19 3 69
19 4 18
19 6 188
19 7 228
19 8 318
19 9 54
19 11 289
19 13 39
19 14 92
19 15 105
19 16 292
20 1 242
20 2 135
20 3 77
20 5 240
20 6 189
20 7 3
20 8 208
20 9 124
20 10 167
20 12 71
20 13 118
20 15 57
20 16 11
20 18 170
21 1 112
21 2 66
21 4 24
21 5 258
21 6 124
21 8 115
21 9 56
21 10 227
21 11 159
21 12 188
21 13 114
21 14 254
21 17 303
22 3 86
22 4 13
22 5 310
22 8 76
22 9 6
22 10 67
22 11 93
22 13 166
22 16 17
22 18 95
22 20 5
22 21 121
23 1 115
23 2 195
23 5 73
23 6 224
23 7 174
23 9 98
23 10 161
23 13 145
23 14 161
23 15 199
23 16 7
23 17 265
23 18 137
23 20 40
24 0 286
24 1 91
24 2 285
24 3 151
24 4 145
24 8 269
24 9 280
24 13 149
24 15 174
24 16 316
24 18 19
24 19 316
24 22 31
24 23 40
25 0 243
25 2 81
25 3 226
25 7 144
25 9 238
25 12 189
25 16 67
25 18 164
25 19 285
25 20 62
25 22 289
25 23 8
25 24 162
26 0 294
26 2 84
26 4 223
26 5 28
26 7 80
26 9 156
26 10 320
26 12 120
26 13 257
26 15 57
26 16 161
26 18 97
26 20 73
26 21 54
26 22 29
26 23 178
26 25 17
27 0 180
27 2 296
27 4 145
27 11 106
27 12 84
27 13 13
27 15 24
27 16 314
27 17 316
27 18 254
27 19 307
27 21 142
27 22 91
27 25 17
27 26 209
28 0 134
28 1 81
28 2 242
28 3 307
28 5 116
28 8 298
28 9 157
28 10 138
28 11 135
28 12 259
28 13 36
28 14 273
28 15 153
28 16 197
28 17 256
28 19 75
28 20 245
28 21 46
28 22 168
28 24 277
28 25 265
28 26 88
29 1 11
29 2 260
29 3 295
29 5 299
29 6 165
29 7 141
29 9 167
29 10 80
29 11 99
29 12 4
29 13 220
29 16 288
29 18 178
29 20 300
29 21 100
29 22 170
29 25 10
29 26 103
30 0 60
30 1 140
30 2 122
30 4 298
30 5 173
30 9 150
30 10 211
30 13 186
30 15 63
30 19 93
30 20 195
30 21 212
30 22 153
30 24 190
30 26 53
30 27 129
30 28 192
31 0 49
31 1 313
31 2 53
31 3 214
31 5 257
31 6 117
31 7 20
31 8 285
31 9 274
31 12 170
31 13 148
31 16 279
31 18 56
31 19 97
31 21 266
31 22 144
31 26 194
31 29 111
31 30 293
32 0 169
32 1 162
32 2 288
32 4 24
32 5 312
32 6 85
32 7 267
32 8 49
32 9 150
32 13 170
32 18 63
32 20 215
32 24 313
32 25 308
32 26 306
32 27 6
32 28 166
32 29 266
32 30 239
33 0 89
33 1 277
33 3 303
33 5 188
33 6 189
33 7 151
33 8 204
33 10 144
33 11 253
33 12 169
33 13 178
33 15 164
33 17 107
33 18 107
33 19 51
33 21 230
33 22 65
33 23 254
33 24 41
33 26 78
33 29 50
33 30 213
33 31 155
33 32 189
34 2 200
34 3 290
34 5 30
34 6 236
34 7 144
34 8 281
34 9 76
34 16 186
34 17 313
34 18 1
34 21 114
34 22 49
34 23 167
34 24 235
34 25 277
34 30 270
34 31 314
34 32 79
35 0 139
35 1 170
35 2 140
35 5 227
35 6 171
35 9 113
35 10 251
35 13 164
35 14 93
35 16 308
35 17 206
35 18 232
35 22 173
35 23 84
35 24 271
35 25 42
35 26 103
35 28 214
35 29 81
35 30 74
35 32 230
36 0 90
36 1 317
36 2 48
36 7 65
36 9 18
36 10 177
36 12 189
36 13 208
36 14 65
36 15 114
36 16 72
36 17 60
36 18 5
36 19 158
36 20 140
36 21 269
36 23 287
36 24 33
36 27 300
36 29 302
36 30 135
36 31 132
36 32 209
36 33 206
36 34 36
37 0 153
37 1 235
37 2 274
37 3 111
37 4 198
37 5 97
37 7 293
37 8 302
37 10 279
37 11 196
37 12 94
37 13 29
37 14 96
37 16 10
37 17 169
37 18 286
37 19 308
37 22 236
37 23 101
37 25 261
37 27 184
37 30 61
37 33 5
37 34 16
38 0 33
38 3 98
38 4 48
38 5 152
38 9 315
38 11 13
38 12 203
38 14 215
38 15 242
38 16 75
38 17 176
38 18 72
38 20 5
38 23 271
38 25 320
38 26 47
38 27 69
38 28 63
38 30 220
38 32 59
38 36 70
38 37 66
39 0 211
39 1 13
39 2 99
39 6 239
39 7 156
39 8 149
39 9 71
39 11 190
39 14 217
39 15 171
39 16 168
39 23 117
39 26 300
39 30 301
39 36 169
39 38 249
40 1 147
40 2 85
40 4 137
40 5 190
40 6 148
40 7 301
40 8 290
40 10 36
40 11 198
40 12 64
40 13 147
40 14 136
40 15 20
40 16 218
40 17 51
40 19 94
40 23 92
40 26 134
40 28 290
40 29 137
40 30 159
40 33 232
40 34 4
40 37 2
40 38 318
41 0 209
41 1 249
41 2 68
41 3 283
41 5 27
41 6 120
41 7 251
41 8 69
41 10 48
41 11 229
41 12 114
41 17 189
41 19 283
41 20 148
41 21 318
41 22 284
41 23 50
41 24 306
41 27 168
41 32 275
41 33 123
41 34 133
41 35 281
41 36 216
41 37 297
41 39 15
41 40 128
42 0 166
42 2 143
42 5 56
42 6 161
42 7 320
42 8 265
42 13 228
42 14 119
42 16 3
42 18 66
42 19 199
42 21 247
42 22 75
42 25 172
42 27 139
42 28 264
42 30 308
42 31 135
42 32 90
42 33 280
42 34 56
42 37 24
42 38 174
42 39 230
42 40 270
42 41 104
43 1 254
43 2 202
43 3 174
43 4 83
43 5 115
43 6 147
43 7 101
43 9 19
43 10 105
43 11 287
43 12 119
43 13 184
43 14 233
43 16 121
43 17 12
43 19 193
43 21 6
43 23 42
43 24 113
43 25 183
43 26 11
43 28 38
43 29 135
43 30 193
43 31 243
43 32 319
43 33 214
43 35 73
43 36 209
43 37 64
43 38 159
43 41 99
43 42 74
44 2 140
44 3 256
44 4 243
44 6 143
44 7 314
44 9 265
44 10 266
44 11 206
44 12 69
44 14 119
44 15 291
44 17 254
44 18 238
44 19 112
44 21 141
44 22 206
44 24 205
44 27 312
44 32 10
44 35 238
44 37 275
44 38 136
44 39 228
44 41 319
44 42 58
45 0 192
45 2 14
45 4 235
45 6 88
45 7 199
45 9 56
45 10 188
45 12 53
45 14 56
45 16 166
45 17 239
45 19 187
45 20 152
45 21 134
45 24 170
45 25 129
45 26 311
45 27 192
45 28 3
45 32 67
45 33 199
45 34 314
45 35 172
45 36 73
45 38 281
45 40 253
45 41 93
45 42 263
45 43 315
45 44 300
46 0 50
46 1 165
46 3 220
46 4 13
46 5 232
46 6 157
46 9 119
46 11 65
46 12 320
46 16 141
46 17 251
46 18 174
46 19 277
46 21 40
46 22 105
46 25 45
46 27 238
46 28 222
46 33 65
46 34 120
46 36 96
46 38 174
46 39 74
46 40 79
46 41 38
46 43 281
46 44 280
46 45 298
47 0 179
47 3 68
47 4 82
47 6 274
47 8 234
47 9 161
47 11 238
47 13 155
47 14 315
47 16 226
47 19 104
47 20 65
47 23 58
47 27 169
47 28 207
47 31 14
47 38 218
47 40 208
47 42 292
47 43 82
47 44 215
47 45 156
47 46 262
48 0 66
48 2 278
48 3 150
48 4 243
48 7 263
48 8 177
48 11 275
48 12 219
48 17 229
48 18 285
48 19 266
48 20 79
48 21 49
48 22 250
48 23 208
48 24 184
48 25 103
48 26 183
48 27 291
48 28 214
48 30 141
48 32 41
48 33 186
48 34 200
48 35 47
48 36 224
48 37 153
48 41 269
48 42 301
48 44 196
48 45 249
48 47 166
49 2 109
49 3 283
49 4 176
49 9 228
49 10 76
49 11 160
49 14 162
49 15 312
49 17 146
49 18 280
49 20 110
49 22 253
49 23 159
49 24 235
49 25 144
49 28 307
49 29 85
49 30 227
49 32 138
49 33 59
49 34 97
49 35 171
49 37 39
49 39 243
49 41 192
49 42 130
49 43 194
49 45 42
49 46 286
49 47 158
49 48 215
