70
1 0 74
2 0 3
2 1 32
3 1 42
3 2 27
4 1 32
4 2 25
4 3 42
5 0 7
5 1 68
5 2 25
5 3 13
5 4 80
6 0 49
6 1 41
6 2 26
6 3 22
6 4 57
6 5 49
7 0 56
7 1 48
7 2 49
7 4 52
7 5 76
7 6 43
8 0 41
8 1 9
8 2 3
8 3 11
8 4 70
8 5 8
8 6 51
8 7 31
9 0 48
9 1 7
9 2 8
9 3 11
9 4 21
9 5 9
9 6 29
9 7 13
9 8 64
10 0 1
10 1 51
10 3 18
10 4 31
10 5 32
10 6 50
10 7 52
10 8 78
10 9 15
11 0 25
11 1 40
11 3 34
11 4 14
11 5 22
11 6 74
11 7 52
11 8 14
11 9 65
11 10 66
12 0 66
12 1 58
12 2 35
12 3 57
12 4 61
12 5 56
12 6 71
12 7 74
12 9 11
12 10 22
12 11 69
13 0 61
13 1 45
13 2 53
13 3 49
13 4 47
13 5 74
13 7 32
13 8 44
13 9 26
13 10 22
13 11 38
13 12 79
14 0 59
14 1 66
14 2 76
14 4 27
14 5 60
14 7 39
14 8 27
14 9 28
14 10 6
14 11 71
14 12 75
14 13 15
15 0 50
15 1 42
15 2 29
15 3 36
15 4 38
15 5 48
15 6 67
15 7 75
15 8 52
15 9 56
15 10 65
15 11 80
15 12 2
15 14 33
16 0 57
16 1 10
16 2 72
16 3 64
16 4 52
16 5 41
16 6 9
16 7 8
16 8 14
16 9 76
16 10 1
16 11 57
16 12 6
16 14 39
16 15 29
17 0 69
17 1 62
17 2 29
17 3 36
17 4 16
17 5 78
17 6 69
17 7 22
17 8 72
17 9 8
17 10 73
17 12 7
17 13 32
17 14 56
17 15 47
18 0 12
18 1 14
18 2 13
18 3 15
18 4 11
18 5 66
18 6 57
18 7 19
18 8 40
18 9 49
18 10 18
18 11 61
18 12 17
18 13 77
18 14 58
18 15 79
18 16 72
19 0 70
19 1 29
19 2 51
19 3 8
19 4 68
19 5 65
19 7 66
19 9 52
19 10 30
19 11 77
19 13 33
19 14 30
19 16 51
19 17 74
19 18 28
20 0 48
20 2 62
20 3 1
20 5 69
20 6 3
20 7 38
20 8 47
20 9 7
20 10 79
20 11 54
20 12 79
20 13 1
20 14 54
20 15 18
20 16 32
20 18 45
20 19 40
21 0 34
21 1 31
21 2 62
21 5 43
21 6 19
21 7 57
21 8 1
21 9 17
21 10 48
21 11 68
21 12 11
21 14 38
21 15 72
21 16 24
21 17 5
21 18 7
21 20 10
22 0 60
22 1 37
22 2 15
22 3 36
22 4 50
22 5 14
22 6 78
22 7 63
22 8 18
22 9 23
22 10 10
22 11 44
22 12 69
22 13 14
22 14 28
22 15 24
22 17 49
22 18 2
22 19 76
22 20 77
22 21 7
23 0 59
23 3 55
23 4 21
23 5 77
23 6 36
23 7 6
23 8 59
23 9 14
23 10 65
23 11 74
23 12 37
23 13 61
23 14 37
23 15 22
23 16 50
23 17 22
23 18 42
23 19 38
23 20 32
23 22 53
24 0 15
24 1 21
24 2 78
24 3 75
24 4 33
24 5 69
24 6 76
24 7 79
24 8 77
24 9 59
24 10 30
24 12 24
24 13 11
24 14 53
24 16 5
24 17 9
24 18 61
24 19 51
24 20 54
24 22 34
24 23 6
25 1 55
25 2 46
25 3 52
25 4 56
25 5 42
25 6 67
25 7 29
25 8 17
25 9 67
25 10 23
25 11 33
25 12 6
25 13 61
25 14 80
25 15 30
25 16 25
25 17 61
25 18 73
25 19 57
25 20 69
25 21 6
25 22 36
25 23 8
25 24 58
26 0 35
26 1 22
26 2 48
26 3 14
26 4 60
26 5 34
26 6 63
26 7 63
26 8 79
26 9 1
26 10 79
26 11 26
26 12 27
26 13 26
26 14 80
26 16 80
26 17 57
26 19 79
26 20 31
26 21 14
26 23 7
26 24 47
26 25 24
27 0 3
27 1 3
27 2 72
27 3 65
27 4 50
27 5 53
27 6 54
27 7 30
27 8 34
27 9 60
27 10 45
27 11 72
27 12 74
27 13 14
27 14 73
27 15 17
27 16 1
27 17 14
27 18 53
27 19 61
27 20 43
27 21 1
27 22 62
27 23 25
27 24 30
27 26 40
28 0 72
28 1 12
28 2 25
28 3 18
28 4 19
28 5 15
28 6 61
28 8 12
28 10 55
28 11 34
28 12 68
28 13 76
28 14 76
28 15 80
28 16 53
28 17 35
28 18 58
28 19 20
28 20 27
28 21 28
28 22 39
28 25 78
28 26 77
28 27 52
29 0 58
29 1 21
29 2 13
29 3 64
29 4 21
29 5 18
29 6 6
29 7 16
29 9 20
29 10 11
29 11 56
29 12 58
29 13 46
29 14 7
29 15 29
29 16 56
29 21 30
29 22 75
29 23 71
29 24 42
29 25 51
29 26 34
29 27 4
29 28 22
30 0 11
30 1 76
30 2 40
30 3 73
30 4 56
30 5 34
30 6 3
30 7 48
30 8 61
30 9 60
30 10 55
30 11 33
30 12 43
30 13 7
30 14 26
30 15 80
30 16 76
30 17 7
30 18 45
30 19 2
30 20 8
30 21 31
30 22 35
30 23 76
30 24 42
30 25 44
30 26 31
30 27 28
30 28 9
30 29 10
31 1 51
31 2 7
31 3 57
31 4 79
31 5 18
31 7 22
31 8 23
31 9 25
31 11 54
31 12 76
31 13 17
31 14 44
31 16 34
31 17 8
31 18 3
31 19 11
31 20 57
31 21 38
31 22 56
31 24 69
31 26 25
31 27 32
31 28 32
31 29 18
31 30 8
32 0 66
32 1 25
32 2 3
32 3 2
32 4 36
32 5 75
32 6 46
32 7 21
32 8 26
32 9 74
32 11 12
32 12 63
32 14 77
32 15 71
32 16 49
32 17 48
32 18 32
32 19 9
32 20 49
32 22 3
32 23 10
32 24 18
32 26 64
32 27 36
32 28 61
32 29 27
32 30 1
32 31 49
33 0 36
33 1 67
33 2 13
33 3 55
33 4 78
33 5 66
33 6 78
33 7 37
33 8 44
33 9 47
33 10 78
33 11 27
33 12 15
33 13 36
33 14 73
33 15 28
33 16 20
33 17 42
33 18 79
33 19 5
33 21 26
33 22 79
33 23 46
33 24 35
33 26 37
33 27 26
33 28 27
33 29 8
33 30 42
33 31 78
33 32 48
34 1 1
34 3 69
34 4 69
34 5 23
34 6 14
34 8 12
34 9 15
34 10 4
34 11 58
34 12 33
34 13 5
34 14 58
34 15 20
34 16 7
34 17 29
34 18 28
34 19 80
34 20 15
34 21 33
34 22 13
34 23 9
34 25 62
34 26 15
34 27 42
34 28 1
34 29 23
34 30 65
34 31 24
34 32 8
34 33 15
35 0 41
35 2 22
35 3 16
35 4 65
35 5 9
35 6 74
35 7 63
35 10 43
35 11 60
35 12 48
35 13 34
35 14 51
35 15 10
35 17 69
35 18 43
35 19 70
35 20 17
35 21 14
35 22 47
35 24 1
35 25 78
35 26 33
35 28 66
35 29 42
35 30 26
35 31 54
35 32 47
35 33 78
35 34 14
36 1 34
36 2 36
36 3 23
36 4 27
36 5 54
36 6 53
36 7 38
36 8 62
36 9 4
36 12 63
36 13 52
36 14 14
36 15 58
36 16 3
36 17 55
36 18 13
36 19 69
36 20 30
36 21 6
36 22 17
36 23 24
36 25 76
36 26 16
36 27 9
36 29 79
36 30 27
36 31 37
36 32 69
36 33 28
36 34 70
36 35 4
37 0 34
37 1 31
37 2 54
37 3 71
37 4 24
37 5 67
37 6 3
37 7 22
37 8 65
37 9 29
37 10 25
37 11 20
37 12 67
37 13 41
37 14 52
37 15 48
37 16 63
37 17 67
37 18 27
37 19 27
37 20 1
37 21 20
37 22 42
37 23 35
37 24 69
37 25 50
37 26 24
37 27 23
37 29 9
37 30 43
37 31 12
37 32 44
37 33 8
37 34 12
37 35 46
37 36 77
38 0 10
38 1 78
38 2 55
38 3 50
38 4 48
38 5 80
38 6 8
38 7 35
38 8 10
38 9 21
38 10 14
38 11 39
38 13 28
38 14 70
38 15 30
38 16 80
38 17 70
38 19 64
38 20 47
38 21 63
38 22 64
38 23 17
38 24 74
38 25 27
38 26 72
38 27 33
38 28 67
38 29 5
38 30 24
38 31 31
38 32 59
38 33 15
38 34 62
38 35 23
38 36 17
38 37 14
39 0 59
39 1 59
39 2 41
39 3 37
39 4 4
39 5 52
39 6 58
39 7 65
39 8 57
39 9 60
39 12 28
39 13 72
39 14 20
39 15 39
39 16 22
39 18 80
39 19 6
39 20 77
39 21 45
39 23 42
39 24 78
39 25 44
39 26 59
39 27 35
39 28 51
39 29 17
39 30 46
39 31 76
39 32 34
39 33 79
39 34 48
39 35 80
39 36 35
39 37 5
39 38 30
40 0 74
40 1 43
40 2 22
40 3 80
40 4 34
40 5 74
40 6 70
40 7 64
40 8 66
40 9 13
40 10 10
40 12 48
40 13 57
40 14 71
40 15 7
40 17 51
40 18 26
40 19 20
40 20 58
40 22 38
40 23 26
40 24 80
40 25 11
40 26 71
40 27 71
40 28 30
40 29 39
40 30 56
40 31 54
40 32 30
40 33 26
40 34 3
40 35 66
40 36 8
40 37 6
40 38 46
40 39 70
41 0 7
41 1 76
41 2 23
41 3 49
41 4 78
41 6 4
41 7 57
41 8 67
41 9 60
41 10 16
41 11 40
41 12 50
41 13 68
41 14 66
41 15 75
41 16 27
41 17 67
41 18 51
41 19 29
41 20 74
41 21 23
41 22 53
41 23 40
41 24 36
41 25 76
41 26 34
41 27 8
41 28 4
41 30 77
41 31 2
41 32 79
41 33 32
41 34 48
41 35 74
41 36 80
41 38 31
41 39 9
41 40 61
42 0 27
42 1 47
42 2 59
42 3 40
42 4 50
42 6 21
42 7 2
42 8 66
42 9 80
42 10 20
42 11 4
42 12 68
42 13 65
42 14 43
42 15 43
42 16 55
42 21 72
42 22 25
42 23 33
42 24 42
42 25 45
42 26 4
42 27 54
42 29 20
42 30 24
42 31 35
42 32 9
42 33 60
42 34 5
42 35 78
42 36 66
42 37 30
42 38 66
42 39 22
42 40 30
42 41 27
43 0 39
43 1 13
43 2 40
43 3 11
43 4 54
43 5 55
43 6 78
43 7 66
43 8 28
43 10 50
43 11 70
43 12 66
43 13 34
43 14 56
43 15 8
43 16 31
43 17 29
43 18 31
43 19 78
43 20 54
43 21 70
43 22 33
43 23 77
43 24 20
43 25 15
43 26 17
43 27 37
43 28 22
43 29 2
43 30 35
43 32 16
43 33 62
43 34 36
43 35 11
43 36 62
43 37 74
43 38 29
43 39 17
43 40 55
43 41 22
43 42 57
44 0 66
44 1 47
44 3 34
44 5 16
44 6 12
44 7 8
44 8 47
44 9 80
44 10 70
44 11 39
44 12 62
44 13 40
44 14 74
44 15 64
44 17 73
44 18 63
44 19 80
44 20 53
44 21 6
44 22 30
44 23 11
44 24 68
44 25 24
44 26 72
44 27 35
44 28 15
44 30 28
44 31 56
44 32 12
44 33 62
44 34 63
44 35 4
44 36 69
44 37 45
44 38 24
44 39 23
44 40 46
44 41 66
44 42 26
44 43 21
45 0 72
45 1 18
45 3 76
45 4 24
45 5 20
45 7 50
45 8 13
45 9 17
45 10 79
45 11 17
45 12 69
45 13 16
45 14 63
45 15 15
45 16 66
45 17 37
45 18 32
45 19 66
45 20 3
45 21 35
45 23 22
45 24 6
45 25 36
45 26 5
45 27 14
45 28 59
45 29 14
45 30 55
45 31 11
45 32 77
45 33 12
45 34 13
45 35 51
45 36 63
45 38 37
45 39 65
45 40 44
45 41 75
45 43 70
45 44 15
46 0 76
46 1 4
46 2 56
46 3 74
46 4 15
46 5 22
46 6 17
46 7 63
46 9 4
46 10 44
46 11 78
46 12 41
46 13 34
46 14 5
46 15 8
46 16 27
46 17 60
46 18 50
46 19 50
46 20 33
46 21 8
46 22 23
46 23 25
46 24 65
46 25 23
46 27 22
46 28 21
46 29 75
46 30 61
46 31 45
46 32 55
46 33 5
46 34 51
46 35 35
46 36 70
46 37 24
46 38 70
46 39 9
46 40 1
46 41 21
46 42 80
46 44 64
46 45 54
47 1 37
47 2 67
47 3 57
47 4 22
47 5 55
47 6 53
47 7 18
47 8 43
47 9 11
47 11 34
47 12 73
47 13 41
47 14 65
47 15 46
47 16 53
47 17 50
47 18 12
47 19 21
47 21 64
47 22 55
47 23 10
47 24 77
47 25 47
47 26 29
47 27 5
47 28 11
47 29 31
47 30 31
47 31 75
47 32 1
47 33 55
47 34 60
47 35 10
47 36 37
47 37 62
47 38 80
47 39 27
47 40 48
47 41 62
47 42 77
47 44 9
47 45 78
47 46 39
48 0 34
48 1 69
48 2 33
48 3 47
48 4 67
48 5 44
48 6 46
48 7 7
48 8 20
48 9 21
48 10 77
48 12 77
48 13 31
48 15 2
48 16 43
48 17 54
48 18 49
48 19 65
48 20 62
48 21 57
48 22 22
48 23 26
48 25 32
48 26 26
48 27 62
48 28 47
48 29 9
48 30 14
48 31 71
48 32 54
48 33 79
48 34 8
48 35 13
48 36 46
48 37 58
48 39 36
48 40 7
48 41 47
48 42 6
48 43 56
48 44 78
48 45 73
48 46 22
48 47 1
49 0 68
49 1 54
49 2 79
49 3 3
49 4 15
49 6 28
49 7 17
49 8 36
49 9 29
49 10 54
49 11 43
49 12 43
49 13 17
49 14 20
49 15 24
49 16 68
49 17 54
49 18 17
49 19 19
49 20 53
49 21 21
49 22 58
49 23 72
49 24 48
49 25 80
49 26 17
49 27 8
49 28 11
49 29 13
49 30 27
49 31 41
49 32 59
49 33 22
49 34 71
49 35 17
49 38 60
49 39 17
49 40 70
49 41 50
49 42 61
49 43 71
49 44 62
49 45 3
49 46 62
49 47 66
50 0 9
50 1 52
50 2 14
50 4 60
50 5 40
50 6 15
50 7 5
50 8 29
50 10 51
50 11 31
50 13 35
50 14 80
50 15 76
50 16 18
50 17 12
50 18 6
50 19 67
50 20 51
50 21 45
50 22 15
50 23 80
50 24 36
50 25 56
50 26 23
50 27 47
50 28 24
50 29 16
50 30 57
50 31 59
50 32 77
50 33 8
50 34 59
50 35 25
50 36 10
50 37 27
50 38 74
50 39 49
50 40 62
50 41 67
50 42 51
50 43 50
50 44 80
50 45 17
50 48 26
50 49 22
51 0 50
51 1 2
51 2 29
51 3 36
51 4 15
51 5 26
51 6 3
51 7 13
51 8 80
51 10 3
51 11 10
51 12 66
51 13 45
51 14 51
51 15 43
51 16 74
51 17 54
51 18 64
51 19 73
51 20 77
51 21 39
51 22 5
51 23 18
51 24 45
51 25 17
51 26 68
51 28 25
51 29 12
51 31 43
51 32 70
51 33 55
51 34 4
51 35 2
51 38 6
51 39 55
51 40 27
51 41 29
51 42 44
51 43 30
51 44 39
51 45 79
51 46 65
51 47 23
51 48 44
51 49 28
51 50 35
52 0 3
52 1 52
52 2 47
52 3 71
52 4 22
52 5 26
52 6 10
52 7 7
52 8 53
52 9 30
52 10 12
52 11 8
52 12 13
52 13 33
52 14 54
52 15 70
52 17 14
52 18 7
52 19 12
52 21 64
52 22 43
52 23 22
52 24 45
52 26 57
52 27 55
52 28 75
52 30 80
52 31 80
52 32 16
52 33 72
52 34 23
52 36 37
52 37 68
52 38 34
52 39 17
52 40 27
52 41 62
52 42 62
52 43 51
52 45 46
52 46 20
52 47 19
52 48 17
52 49 51
52 50 42
52 51 24
53 0 59
53 1 59
53 2 22
53 3 29
53 4 51
53 5 8
53 6 54
53 7 48
53 8 27
53 9 50
53 10 16
53 11 5
53 12 13
53 13 8
53 14 73
53 15 78
53 16 73
53 17 24
53 19 56
53 20 75
53 21 75
53 22 21
53 23 21
53 24 25
53 25 28
53 26 62
53 27 27
53 28 51
53 29 41
53 30 80
53 31 55
53 34 68
53 35 5
53 36 58
53 37 78
53 40 7
53 41 79
53 42 71
53 43 69
53 44 80
53 45 77
53 47 70
53 48 44
53 49 68
53 50 23
53 51 11
53 52 60
54 0 78
54 1 77
54 2 34
54 3 78
54 4 74
54 5 63
54 6 20
54 7 44
54 8 10
54 9 71
54 10 23
54 11 39
54 12 79
54 13 34
54 14 60
54 15 20
54 16 54
54 17 54
54 18 58
54 19 22
54 20 30
54 22 68
54 23 38
54 24 24
54 25 9
54 27 69
54 28 15
54 29 79
54 30 65
54 31 65
54 32 55
54 33 30
54 34 73
54 35 57
54 36 43
54 37 35
54 38 11
54 40 20
54 42 47
54 43 72
54 44 44
54 45 69
54 46 9
54 47 40
54 48 39
54 49 28
54 50 11
54 51 70
54 52 6
54 53 29
55 0 57
55 1 33
55 2 12
55 3 4
55 4 36
55 5 65
55 6 70
55 8 31
55 9 79
55 10 73
55 11 28
55 12 15
55 13 50
55 14 22
55 15 34
55 16 40
55 17 50
55 18 7
55 19 46
55 20 23
55 21 73
55 26 51
55 27 10
55 29 20
55 30 65
55 31 14
55 32 61
55 33 22
55 35 52
55 37 80
55 38 70
55 39 68
55 41 72
55 42 60
55 43 3
55 44 1
55 45 52
55 46 19
55 47 13
55 48 55
55 49 36
55 50 41
55 51 78
55 53 39
55 54 51
56 0 8
56 1 71
56 2 68
56 3 61
56 4 35
56 5 57
56 6 78
56 7 66
56 8 4
56 9 6
56 10 37
56 11 45
56 12 75
56 13 38
56 14 75
56 15 40
56 16 14
56 18 26
56 19 4
56 20 50
56 22 73
56 23 77
56 24 20
56 25 53
56 26 72
56 27 44
56 28 9
56 29 64
56 31 15
56 32 60
56 33 32
56 34 67
56 35 55
56 36 74
56 37 21
56 38 33
56 39 53
56 40 55
56 41 76
56 42 36
56 43 25
56 44 72
56 45 14
56 46 21
56 47 8
56 48 37
56 49 54
56 50 32
56 51 75
56 52 35
56 54 71
56 55 73
57 0 79
57 1 15
57 2 21
57 3 17
57 4 48
57 5 11
57 6 39
57 7 7
57 8 19
57 9 21
57 10 24
57 11 45
57 12 9
57 14 5
57 15 29
57 16 7
57 17 43
57 18 34
57 19 66
57 20 38
57 22 24
57 24 43
57 25 8
57 26 60
57 28 22
57 29 28
57 30 16
57 31 20
57 33 33
57 34 72
57 35 47
57 36 69
57 37 36
57 39 79
57 40 32
57 41 28
57 42 50
57 43 74
57 44 8
57 45 12
57 46 9
57 49 60
57 50 62
57 51 42
57 52 68
57 53 55
57 54 39
57 55 75
57 56 29
58 0 18
58 1 76
58 2 55
58 3 13
58 4 24
58 5 46
58 6 44
58 7 66
58 8 5
58 9 58
58 10 34
58 11 36
58 12 21
58 13 25
58 14 10
58 15 7
58 16 5
58 17 37
58 18 42
58 19 26
58 20 61
58 21 4
58 22 11
58 23 43
58 24 31
58 25 54
58 26 59
58 27 58
58 28 25
58 29 12
58 30 68
58 31 75
58 32 24
58 33 33
58 34 75
58 36 73
58 37 39
58 38 75
58 39 16
58 40 28
58 41 4
58 42 50
58 43 42
58 44 64
58 45 38
58 46 5
58 47 23
58 48 47
58 49 38
58 50 27
58 51 62
58 52 77
58 53 44
58 54 9
58 55 2
58 56 25
58 57 72
59 0 60
59 1 48
59 2 23
59 3 9
59 4 24
59 5 21
59 6 30
59 7 2
59 9 80
59 10 27
59 11 6
59 12 42
59 13 24
59 14 68
59 15 30
59 16 56
59 17 4
59 18 48
59 19 23
59 20 3
59 21 22
59 22 42
59 23 55
59 24 64
59 26 79
59 27 12
59 28 58
59 30 18
59 31 52
59 32 58
59 34 44
59 35 9
59 37 67
59 39 62
59 40 16
59 42 72
59 43 23
59 44 10
59 45 59
59 46 1
59 47 80
59 48 39
59 49 5
59 50 50
59 52 23
59 54 24
59 56 50
59 57 47
59 58 59
60 0 6
60 1 48
60 2 58
60 3 45
60 5 1
60 6 34
60 7 57
60 8 23
60 9 60
60 11 10
60 12 46
60 14 51
60 15 10
60 16 6
60 17 28
60 18 19
60 20 76
60 21 33
60 22 16
60 23 48
60 24 31
60 25 28
60 26 30
60 27 23
60 29 29
60 30 58
60 31 44
60 32 27
60 33 34
60 35 19
60 36 31
60 37 50
60 38 16
60 39 77
60 40 39
60 41 58
60 42 7
60 43 74
60 44 46
60 45 34
60 46 44
60 47 31
60 48 38
60 49 8
60 50 67
60 51 1
60 52 17
60 53 39
60 54 43
60 55 9
60 56 48
60 57 15
60 58 73
60 59 69
61 0 69
61 1 6
61 3 29
61 4 52
61 5 33
61 6 43
61 7 12
61 8 41
61 9 20
61 10 73
61 11 74
61 13 4
61 14 12
61 15 78
61 16 48
61 17 37
61 18 65
61 19 10
61 20 3
61 21 69
61 22 28
61 23 45
61 24 38
61 25 17
61 26 63
61 27 25
61 28 63
61 29 47
61 30 17
61 31 69
61 32 73
61 33 1
61 34 13
61 35 49
61 36 63
61 38 13
61 39 13
61 40 45
61 41 3
61 42 60
61 43 3
61 44 19
61 45 31
61 46 72
61 47 24
61 48 50
61 49 40
61 50 33
61 51 3
61 52 40
61 53 20
61 54 50
61 55 69
61 56 18
61 57 17
61 58 19
61 59 33
61 60 37
62 0 74
62 1 25
62 2 70
62 3 32
62 4 77
62 5 72
62 6 2
62 8 35
62 9 74
62 10 53
62 11 8
62 12 1
62 13 2
62 14 25
62 15 3
62 16 18
62 17 55
62 18 12
62 19 24
62 20 75
62 21 50
62 22 63
62 23 48
62 24 22
62 25 18
62 26 49
62 27 29
62 28 47
62 29 3
62 30 46
62 31 45
62 33 2
62 34 43
62 35 49
62 36 15
62 37 63
62 38 43
62 39 46
62 40 79
62 41 75
62 42 44
62 43 64
62 44 10
62 45 43
62 46 71
62 47 30
62 48 38
62 49 35
62 50 43
62 51 35
62 53 35
62 54 21
62 55 68
62 56 40
62 57 14
62 58 45
62 59 59
62 60 19
62 61 19
63 0 71
63 1 19
63 2 78
63 3 77
63 4 80
63 5 15
63 6 7
63 7 11
63 8 62
63 9 63
63 10 78
63 11 53
63 12 76
63 13 75
63 14 71
63 15 62
63 18 36
63 19 79
63 22 41
63 23 74
63 24 26
63 25 55
63 26 54
63 27 59
63 28 67
63 29 75
63 30 73
63 31 25
63 32 43
63 33 55
63 34 28
63 35 68
63 36 60
63 37 69
63 38 61
63 39 4
63 40 60
63 41 75
63 42 57
63 43 34
63 44 31
63 45 43
63 46 62
63 47 32
63 48 25
63 49 61
63 50 40
63 51 25
63 52 20
63 53 78
63 54 44
63 55 57
63 56 9
63 58 36
63 59 39
63 61 78
63 62 42
64 0 68
64 1 80
64 3 32
64 4 40
64 5 12
64 6 32
64 8 51
64 9 73
64 10 75
64 11 59
64 12 23
64 14 40
64 15 48
64 16 8
64 17 2
64 18 47
64 19 19
64 20 21
64 21 20
64 22 13
64 23 79
64 24 67
64 25 6
64 26 69
64 27 20
64 28 77
64 29 44
64 31 3
64 32 18
64 33 49
64 34 7
64 35 24
64 36 36
64 39 67
64 40 40
64 41 47
64 42 8
64 44 17
64 45 7
64 46 10
64 47 59
64 48 36
64 50 44
64 51 51
64 52 40
64 53 47
64 54 8
64 55 46
64 56 66
64 57 16
64 58 6
64 59 54
64 60 67
64 61 15
64 62 23
65 0 25
65 1 2
65 2 15
65 3 77
65 4 36
65 5 16
65 6 55
65 7 5
65 8 36
65 9 67
65 10 35
65 12 43
65 13 59
65 14 40
65 15 54
65 17 23
65 18 34
65 19 7
65 21 11
65 22 43
65 24 56
65 25 74
65 26 57
65 27 15
65 28 11
65 29 76
65 30 79
65 31 58
65 32 43
65 33 14
65 34 22
65 35 17
65 36 64
65 37 19
65 38 80
65 39 47
65 41 65
65 42 6
65 43 74
65 44 57
65 45 77
65 46 1
65 47 15
65 48 74
65 49 16
65 50 1
65 51 30
65 52 73
65 53 5
65 54 37
65 55 33
65 56 19
65 57 55
65 58 13
65 59 68
65 60 69
65 62 53
65 63 62
65 64 77
66 0 21
66 1 76
66 2 55
66 3 54
66 4 72
66 5 38
66 6 41
66 7 33
66 8 52
66 9 33
66 10 56
66 12 14
66 13 5
66 14 68
66 15 29
66 16 53
66 17 75
66 18 76
66 19 45
66 20 39
66 21 63
66 23 55
66 24 73
66 25 80
66 26 73
66 27 28
66 29 28
66 30 12
66 31 49
66 32 36
66 33 31
66 34 13
66 35 73
66 36 40
66 37 50
66 38 45
66 39 42
66 40 11
66 41 5
66 42 53
66 43 2
66 44 60
66 47 72
66 48 1
66 49 25
66 50 63
66 51 20
66 53 52
66 55 51
66 56 80
66 57 62
66 58 4
66 59 49
66 60 57
66 61 56
66 62 57
66 63 75
66 64 39
66 65 14
67 0 44
67 1 13
67 2 53
67 3 1
67 4 33
67 5 74
67 6 50
67 8 68
67 9 37
67 10 35
67 11 47
67 12 65
67 14 57
67 15 31
67 16 40
67 18 71
67 19 62
67 22 52
67 23 7
67 24 48
67 25 41
67 26 1
67 27 46
67 28 21
67 29 54
67 30 42
67 31 59
67 32 47
67 33 31
67 34 59
67 35 48
67 36 80
67 37 50
67 38 66
67 39 11
67 40 5
67 41 9
67 43 77
67 44 5
67 45 30
67 46 23
67 47 17
67 48 15
67 49 45
67 50 62
67 51 78
67 52 1
67 53 25
67 54 2
67 55 69
67 56 45
67 57 16
67 58 13
67 60 68
67 61 2
67 62 16
67 63 69
67 64 69
67 65 74
67 66 15
68 1 16
68 2 47
68 4 34
68 5 1
68 6 49
68 8 61
68 9 30
68 10 62
68 11 63
68 12 1
68 13 72
68 14 8
68 15 10
68 17 11
68 18 9
68 19 77
68 21 59
68 22 67
68 23 67
68 24 40
68 25 32
68 26 28
68 27 32
68 28 40
68 29 15
68 30 74
68 31 54
68 32 51
68 34 57
68 35 38
68 36 79
68 37 66
68 38 45
68 39 58
68 40 68
68 41 10
68 42 69
68 45 70
68 46 26
68 47 6
68 48 64
68 50 33
68 51 22
68 52 13
68 53 46
68 54 65
68 55 73
68 56 29
68 57 46
68 59 28
68 60 4
68 61 78
68 62 33
68 63 38
68 64 71
68 65 25
68 66 11
68 67 75
69 0 17
69 1 80
69 2 60
69 3 65
69 4 62
69 5 26
69 6 44
69 7 31
69 8 18
69 9 8
69 10 71
69 11 72
69 12 73
69 13 46
69 14 80
69 15 22
69 16 60
69 17 46
69 18 25
69 19 3
69 20 62
69 21 47
69 23 65
69 24 52
69 25 11
69 26 20
69 27 38
69 28 61
69 29 14
69 30 75
69 31 10
69 33 27
69 34 76
69 35 18
69 36 24
69 37 17
69 38 40
69 39 41
69 40 10
69 41 43
69 42 40
69 43 56
69 44 11
69 45 35
69 46 30
69 47 35
69 48 29
69 49 4
69 50 72
69 51 26
69 52 33
69 53 25
69 54 80
69 55 58
69 56 57
69 57 79
69 58 5
69 59 30
69 60 34
69 61 66
69 62 77
69 63 42
69 64 78
69 65 25
69 66 36
69 67 40
