30
1 0 72
2 0 253
2 1 282
3 0 18
3 1 26
4 0 167
4 1 203
4 3 134
5 0 28
5 1 179
5 2 28
5 3 87
5 4 279
6 0 141
6 1 235
6 2 251
6 3 242
6 4 284
6 5 318
7 0 284
7 1 292
7 2 33
7 3 137
7 4 286
7 5 44
7 6 254
8 0 9
8 2 152
8 4 191
8 5 132
8 6 202
9 0 200
9 1 6
9 2 112
9 3 18
9 4 11
9 5 231
9 7 219
10 0 15
10 1 169
10 4 35
10 5 11
10 7 272
10 8 290
10 9 77
11 1 311
11 2 242
11 3 72
11 4 208
11 5 100
11 6 74
11 8 228
11 9 112
11 10 218
12 0 90
12 3 41
12 4 66
12 7 152
12 8 27
12 9 27
12 10 80
12 11 127
13 0 309
13 1 151
13 2 253
13 3 202
13 5 226
13 6 111
13 7 266
13 9 103
13 10 305
13 12 287
14 0 248
14 1 91
14 2 103
14 5 150
14 8 279
14 9 306
14 10 107
14 12 189
14 13 162
15 3 137
15 4 312
15 5 105
15 6 96
15 7 4
15 8 316
15 9 77
15 10 316
15 11 44
15 12 253
15 14 147
16 0 175
16 1 228
16 3 66
16 4 79
16 5 189
16 6 22
16 7 199
16 8 229
16 9 130
16 10 5
16 11 67
16 12 211
16 13 120
16 14 269
16 15 97
17 1 246
17 2 59
17 3 297
17 5 61
17 7 61
17 8 297
17 9 120
17 10 154
17 11 223
17 12 2
17 13 68
17 14 294
17 15 218
17 16 101
18 0 308
18 1 116
18 2 127
18 3 23
18 5 209
18 6 92
18 7 240
18 9 22
18 10 11
18 11 165
18 12 148
18 13 107
18 14 268
18 15 7
18 16 320
18 17 217
19 0 273
19 1 212
19 4 17
19 5 64
19 6 313
19 7 309
19 8 227
19 9 204
19 11 145
19 12 73
19 13 28
19 14 297
19 15 88
19 16 108
19 17 1
19 18 161
20 0 68
20 1 259
20 2 280
20 3 60
20 4 262
20 5 129
20 7 27
20 8 258
20 9 177
20 11 16
20 12 118
20 13 312
20 14 276
20 15 37
20 16 290
20 18 3
20 19 285
21 0 303
21 1 25
21 2 45
21 3 192
21 4 244
21 5 234
21 6 3
21 7 79
21 8 234
21 11 109
21 12 235
21 13 253
21 14 178
21 15 13
21 16 95
21 17 210
21 18 74
21 19 203
21 20 51
22 0 184
22 1 316
22 2 180
22 3 218
22 4 5
22 5 145
22 6 248
22 7 85
22 8 125
22 9 117
22 11 20
22 12 94
22 13 241
22 14 74
22 15 274
22 18 1
22 21 314
23 1 38
23 2 90
23 3 192
23 4 285
23 6 111
23 8 56
23 9 293
23 10 44
23 11 142
23 12 8
23 13 257
23 14 7
23 16 292
23 17 290
23 18 273
23 19 113
23 20 102
23 21 146
23 22 167
24 0 70
24 1 227
24 2 59
24 3 148
24 4 254
24 5 286
24 6 204
24 7 151
24 8 166
24 9 235
24 11 148
24 12 63
24 13 311
24 15 260
24 16 233
24 18 79
24 19 272
24 20 65
24 21 294
24 22 171
24 23 129
25 0 239
25 1 167
25 2 105
25 3 39
25 4 117
25 6 147
25 8 306
25 9 160
25 10 140
25 11 60
25 12 181
25 13 282
25 14 59
25 15 164
25 16 124
25 18 218
25 19 273
25 21 243
25 22 73
25 23 1
25 24 10
26 0 216
26 1 168
26 2 154
26 3 165
26 6 186
26 7 230
26 8 262
26 9 27
26 10 293
26 11 55
26 12 267
26 13 98
26 14 106
26 15 208
26 18 152
26 19 183
26 20 20
26 21 178
26 22 136
26 24 132
26 25 80
27 0 290
27 1 315
27 3 178
27 4 275
27 5 225
27 6 231
27 8 31
27 11 215
27 12 251
27 13 157
27 14 199
27 16 198
27 17 36
27 18 315
27 19 117
27 20 47
27 22 153
27 23 150
27 24 307
27 25 175
27 26 248
28 0 280
28 2 131
28 3 295
28 4 313
28 5 230
28 6 314
28 7 60
28 8 200
28 9 14
28 11 266
28 13 59
28 14 36
28 19 69
28 20 3
28 22 250
28 23 120
28 24 55
28 25 36
29 1 2
29 2 290
29 4 241
29 5 9
29 6 193
29 7 296
29 8 67
29 9 302
29 10 8
29 11 29
29 12 3
29 13 100
29 14 136
29 16 72
29 17 239
29 19 267
29 20 6
29 21 87
29 22 305
29 23 20
29 24 212
29 25 183
29 26 113
29 28 319
