30
2 0 4
3 0 72
4 2 35
5 0 3
5 2 12
5 3 63
6 0 11
7 1 64
7 4 1
7 5 63
8 0 7
8 1 67
8 3 17
8 7 45
9 4 75
9 8 4
10 0 33
10 3 74
10 4 66
10 5 36
10 6 6
10 7 73
10 8 69
10 9 6
11 2 28
11 4 78
11 5 1
11 7 15
11 8 39
12 0 73
12 1 2
12 3 2
12 4 43
12 6 59
12 7 23
12 8 6
12 10 24
12 11 42
13 3 32
13 5 16
13 7 36
13 8 19
13 9 74
13 10 6
13 11 22
14 1 57
14 2 73
14 3 41
14 5 65
14 6 1
14 7 2
14 9 13
14 10 23
14 11 35
14 12 49
14 13 38
15 5 18
15 13 45
16 5 69
16 8 47
16 9 54
16 11 2
16 12 21
16 14 40
16 15 40
17 0 38
17 2 6
17 3 12
17 7 38
17 8 15
17 10 74
18 2 48
18 5 62
18 10 51
18 12 54
18 13 47
18 16 38
18 17 52
19 0 18
19 1 40
19 11 53
19 12 57
19 16 1
20 4 1
20 7 21
20 10 40
20 11 78
20 14 75
20 16 79
20 17 40
20 18 48
21 1 45
21 2 78
21 6 18
21 8 28
21 10 14
21 11 24
21 12 74
21 17 37
21 20 56
22 0 73
22 1 32
22 5 24
22 8 76
22 12 8
22 14 69
22 16 63
22 17 27
22 20 75
22 21 43
23 0 23
23 1 7
23 3 76
23 5 56
23 10 64
23 18 73
23 20 57
24 0 3
24 2 4
24 6 41
24 7 44
24 9 19
24 12 40
24 14 70
24 15 68
24 16 68
24 17 60
24 19 35
24 22 41
25 1 46
25 2 41
25 5 31
25 8 50
25 11 73
25 12 58
25 17 15
25 18 45
25 19 48
25 24 56
26 1 23
26 3 16
26 4 55
26 5 75
26 7 18
26 10 42
26 13 42
26 14 23
26 17 26
26 18 35
26 19 27
26 21 80
26 23 39
26 24 20
27 2 40
27 4 7
27 7 55
27 8 46
27 9 50
27 12 65
27 14 24
27 17 76
27 19 17
27 20 7
27 23 77
27 24 56
27 25 45
27 26 73
28 0 49
28 1 49
28 3 16
28 5 10
28 13 4
28 16 68
28 18 75
28 20 38
28 23 16
28 26 2
28 27 40
29 2 70
29 3 8
29 5 37
29 9 4
29 12 29
29 17 15
29 20 44
29 22 63
29 24 66
29 27 73
