40
1 0 5
2 0 10
3 1 1
4 0 10
4 1 8
4 3 6
5 2 5
5 3 5
6 0 5
6 4 8
6 5 8
7 5 10
8 1 3
8 3 5
9 2 9
9 6 9
9 7 5
10 0 5
10 3 9
10 5 2
10 9 7
11 3 8
11 5 10
11 7 8
11 8 7
12 0 3
12 2 1
12 5 2
12 7 2
12 8 4
13 0 4
13 3 5
13 6 9
13 7 1
13 9 6
14 0 7
14 1 5
14 2 2
14 3 2
14 4 1
14 6 4
14 12 8
15 2 1
15 3 7
15 5 5
15 7 1
15 10 6
15 12 3
16 2 8
16 3 4
16 5 2
16 7 7
16 10 7
16 15 3
17 1 9
17 4 8
17 6 7
17 9 1
17 10 9
18 5 1
18 7 5
18 11 3
18 14 9
18 15 1
18 17 4
19 1 4
19 4 2
19 5 2
19 8 9
19 10 10
19 13 5
19 15 1
19 16 7
19 18 1
20 1 5
20 2 4
20 3 4
20 6 3
20 9 4
20 10 4
21 1 3
21 3 7
21 4 10
21 6 9
21 10 4
21 13 3
21 14 6
21 17 1
21 19 8
21 20 4
22 0 1
22 4 1
22 5 2
22 8 2
22 9 3
22 13 6
22 14 6
22 16 5
22 17 3
22 19 2
23 9 1
23 11 10
23 14 1
23 18 1
23 22 2
24 4 7
24 5 8
24 8 6
24 10 1
24 18 8
24 20 5
24 21 4
24 23 5
25 2 2
25 5 6
25 7 6
25 8 1
25 9 3
25 11 7
25 14 2
25 17 5
25 19 4
25 20 7
25 21 10
25 22 7
26 2 4
26 4 4
26 7 9
26 11 5
26 13 1
26 14 7
26 16 10
26 18 7
26 20 10
26 24 2
27 0 7
27 1 7
27 3 7
27 5 1
27 6 4
27 7 7
27 12 1
27 13 5
27 14 4
27 16 3
27 19 4
27 21 10
27 23 9
27 24 6
27 26 3
28 0 9
28 1 10
28 2 6
28 3 7
28 4 9
28 6 5
28 7 9
28 15 6
28 16 1
28 20 6
28 22 5
28 27 2
29 4 2
29 8 3
29 9 6
29 15 1
29 18 6
29 21 1
29 22 2
29 26 9
29 27 2
29 28 6
30 1 4
30 2 7
30 3 6
30 4 1
30 7 1
30 9 5
30 21 4
30 24 9
30 25 2
31 0 2
31 1 8
31 3 5
31 4 8
31 5 7
31 6 1
31 10 3
31 14 5
31 18 3
31 19 3
31 20 5
31 24 7
31 25 3
31 29 3
32 1 1
32 2 10
32 6 10
32 7 5
32 8 3
32 13 8
32 16 9
32 22 5
32 31 10
33 1 4
33 2 5
33 5 7
33 10 4
33 11 4
33 20 7
33 21 4
33 22 6
33 23 8
33 24 7
33 26 5
33 30 4
34 4 3
34 10 5
34 13 3
34 14 2
34 17 6
34 19 1
34 22 1
34 25 4
34 26 6
35 2 6
35 4 1
35 5 7
35 8 7
35 10 1
35 12 5
35 13 1
35 14 1
35 19 3
35 20 3
35 22 7
35 23 3
35 24 1
35 26 7
35 30 1
36 0 8
36 2 8
36 10 6
36 13 8
36 19 10
36 21 7
36 23 6
36 26 4
36 33 6
36 34 4
37 0 9
37 3 7
37 4 9
37 5 7
37 9 1
37 11 7
37 12 2
37 13 9
37 14 1
37 15 4
37 18 3
37 21 5
37 26 9
37 33 2
37 36 4
38 0 4
38 1 4
38 3 3
38 5 2
38 6 1
38 7 1
38 8 4
38 17 10
38 21 7
38 22 5
38 23 8
38 24 3
38 25 4
38 34 4
39 1 6
39 2 6
39 5 3
39 6 6
39 8 8
39 10 7
39 12 9
39 16 6
39 17 7
39 18 6
39 20 9
39 22 7
39 23 10
39 26 1
39 31 4
39 34 6
39 35 8
39 36 8
39 38 8
