70
1 0 108
2 0 162
2 1 298
3 1 256
4 1 64
5 0 285
5 1 177
5 2 73
6 0 69
6 1 85
6 3 96
6 4 192
7 1 209
7 5 306
8 1 3
8 3 212
8 7 12
9 1 234
9 2 34
9 5 74
9 6 136
10 1 26
10 2 10
10 4 12
10 7 53
10 8 7
10 9 175
11 4 51
11 7 164
12 6 48
13 0 44
13 1 51
13 3 54
13 6 242
13 8 143
13 9 294
13 10 224
13 11 213
14 3 138
14 5 112
14 7 15
14 12 63
14 13 218
15 0 156
15 2 41
15 6 248
15 7 291
15 8 94
15 10 163
15 11 10
15 12 235
16 1 3
16 4 281
16 6 120
16 7 58
16 9 132
16 11 155
16 13 110
16 14 245
17 0 294
17 2 311
17 3 257
17 5 250
17 6 292
17 9 67
17 10 259
17 11 259
17 13 124
17 15 250
17 16 54
18 0 228
18 1 31
18 4 41
18 5 174
18 8 78
18 11 115
18 16 22
19 0 270
19 1 48
19 3 27
19 4 14
19 6 68
19 7 40
19 8 290
19 9 125
19 11 213
19 14 21
19 18 174
20 3 144
20 10 169
20 13 101
20 16 319
20 17 48
20 19 79
21 3 272
21 5 15
21 8 107
21 10 225
21 11 233
21 13 44
21 14 192
21 15 259
21 18 241
22 3 124
22 4 258
22 6 5
22 7 214
22 8 315
22 10 102
22 11 70
22 14 319
22 16 279
22 21 161
23 0 175
23 1 241
23 3 65
23 6 190
23 7 294
23 8 101
23 10 79
23 15 87
23 17 229
23 18 175
23 21 215
23 22 98
24 0 118
24 1 100
24 2 2
24 3 40
24 4 121
24 5 177
24 6 53
24 10 262
24 14 276
24 15 205
24 16 314
24 19 12
24 20 141
24 22 173
25 2 5
25 5 254
25 6 94
25 9 93
25 11 300
25 14 23
25 15 282
25 16 59
26 0 56
26 1 312
26 2 27
26 3 269
26 4 215
26 5 76
26 7 290
26 8 184
26 11 305
26 12 136
26 23 179
26 24 46
26 25 308
27 1 26
27 6 107
27 8 148
27 10 269
27 11 281
27 13 28
27 14 115
27 16 278
27 17 66
27 18 177
27 21 213
27 25 101
28 1 10
28 4 290
28 5 189
28 8 258
28 13 74
28 14 17
28 15 8
28 16 315
28 17 43
28 20 262
28 23 169
28 26 194
28 27 179
29 0 26
29 1 128
29 2 159
29 3 70
29 6 95
29 7 253
29 9 170
29 10 131
29 11 159
29 13 142
29 14 148
29 15 136
29 17 209
29 18 128
29 20 98
29 21 110
29 22 222
29 23 13
29 24 231
29 26 37
29 27 129
30 0 54
30 2 276
30 4 253
30 7 193
30 10 297
30 11 254
30 12 141
30 15 177
30 16 121
30 18 201
30 19 29
30 22 291
30 24 254
30 26 257
30 27 238
30 28 114
30 29 138
31 0 83
31 2 23
31 3 48
31 6 292
31 7 225
31 11 212
31 12 198
31 15 147
31 16 191
31 18 118
31 19 295
31 21 98
31 23 270
31 29 17
32 2 184
32 3 23
32 9 199
32 14 16
32 15 177
32 17 29
32 18 248
32 20 25
32 25 68
32 26 200
32 27 24
32 30 76
33 4 137
33 7 181
33 10 268
33 11 134
33 18 161
33 19 17
33 20 303
33 24 77
33 25 112
33 26 174
33 28 312
33 32 16
34 1 61
34 2 100
34 3 192
34 4 188
34 9 124
34 10 127
34 11 73
34 16 21
34 17 29
34 20 130
34 21 72
34 23 45
34 26 29
34 31 274
35 2 106
35 3 300
35 6 115
35 7 126
35 11 248
35 16 277
35 18 40
35 21 85
35 24 92
35 25 239
35 28 285
35 29 4
35 30 307
35 31 100
35 32 1
35 33 62
36 2 45
36 3 203
36 4 278
36 5 105
36 9 174
36 13 87
36 14 301
36 15 289
36 19 116
36 21 271
36 25 34
36 27 301
36 28 317
36 29 96
36 30 281
36 31 226
36 32 83
36 33 283
36 35 70
37 3 61
37 6 308
37 7 186
37 8 23
37 11 126
37 12 262
37 14 237
37 16 56
37 19 320
37 20 176
37 21 228
37 26 284
37 27 110
37 30 46
37 35 188
38 0 142
38 1 39
38 2 113
38 3 192
38 4 109
38 9 200
38 10 153
38 12 233
38 13 242
38 14 170
38 18 219
38 20 85
38 22 283
38 23 166
38 24 210
38 26 294
38 29 223
38 32 252
38 37 189
39 1 217
39 3 140
39 4 197
39 6 311
39 7 10
39 8 265
39 9 242
39 10 35
39 11 148
39 13 150
39 16 138
39 17 184
39 18 103
39 21 180
39 23 290
39 26 52
39 27 268
39 30 173
39 31 242
39 32 109
39 34 178
39 35 286
39 38 25
40 0 28
40 1 269
40 2 128
40 3 19
40 4 102
40 5 124
40 6 294
40 7 13
40 8 251
40 11 17
40 13 225
40 14 67
40 16 3
40 18 209
40 23 139
40 24 224
40 27 57
40 28 189
40 30 56
40 32 157
40 34 216
41 0 309
41 1 260
41 2 273
41 4 109
41 5 164
41 9 62
41 11 319
41 13 82
41 14 274
41 16 132
41 19 243
41 26 102
41 27 40
41 28 197
41 30 40
41 31 174
41 32 255
41 33 40
41 34 152
41 35 115
41 36 209
41 37 64
41 38 176
41 39 49
41 40 131
42 0 223
42 3 92
42 7 190
42 8 201
42 9 264
42 10 290
42 11 72
42 12 89
42 13 242
42 17 75
42 21 181
42 22 96
42 24 319
42 29 113
42 32 184
42 34 37
42 36 122
42 41 79
43 0 112
43 2 307
43 3 140
43 4 79
43 5 95
43 7 36
43 8 50
43 14 148
43 15 38
43 16 216
43 17 8
43 21 316
43 22 92
43 23 280
43 26 3
43 28 257
43 29 179
43 31 261
43 33 310
43 34 309
43 35 267
43 37 53
43 38 1
43 39 171
43 41 261
44 0 249
44 3 245
44 4 31
44 5 189
44 6 6
44 8 309
44 9 3
44 10 237
44 11 229
44 12 2
44 18 114
44 21 217
44 22 12
44 24 91
44 26 94
44 27 296
44 28 305
44 29 258
44 30 170
44 33 302
44 36 190
44 37 186
44 40 122
44 41 315
44 43 92
45 0 79
45 1 19
45 4 37
45 9 138
45 11 27
45 12 12
45 15 281
45 16 242
45 17 161
45 19 235
45 20 147
45 22 174
45 23 100
45 24 60
45 26 127
45 27 106
45 28 71
45 31 150
45 33 193
45 35 49
45 36 99
45 37 31
45 39 213
45 42 122
45 43 50
45 44 145
46 0 125
46 5 45
46 6 61
46 7 186
46 8 128
46 10 75
46 12 110
46 13 13
46 15 119
46 17 196
46 18 197
46 19 103
46 20 58
46 22 299
46 24 173
46 25 141
46 27 263
46 28 311
46 31 302
46 33 255
46 37 33
46 38 105
46 41 239
46 42 292
46 44 4
46 45 176
47 2 120
47 3 214
47 4 255
47 5 3
47 6 21
47 8 298
47 10 116
47 12 45
47 13 222
47 17 120
47 18 158
47 19 262
47 25 154
47 26 190
47 29 86
47 30 83
47 31 18
47 32 266
47 33 32
47 34 2
47 39 308
47 40 154
47 42 6
47 43 308
48 0 202
48 2 16
48 4 58
48 5 53
48 7 178
48 8 306
48 15 310
48 20 101
48 21 234
48 27 320
48 28 317
48 30 245
48 31 71
48 33 26
48 35 81
48 37 159
48 38 90
48 39 285
48 40 124
48 43 234
48 44 260
48 47 127
49 1 120
49 4 19
49 5 160
49 8 31
49 11 33
49 12 16
49 14 170
49 16 160
49 18 272
49 19 42
49 20 318
49 22 76
49 26 261
49 28 250
49 29 96
49 31 210
49 40 94
49 41 259
49 42 138
49 44 191
49 45 181
49 47 148
49 48 80
50 4 202
50 5 56
50 9 319
50 10 218
50 12 258
50 14 317
50 15 181
50 16 112
50 17 264
50 18 78
50 19 49
50 21 301
50 22 133
50 24 114
50 25 151
50 30 123
50 31 122
50 35 255
50 36 69
50 37 94
50 38 165
50 39 158
50 40 18
50 42 134
50 43 228
50 44 191
50 46 214
50 48 175
50 49 177
51 0 308
51 1 154
51 2 120
51 3 28
51 5 232
51 8 16
51 9 94
51 11 33
51 13 70
51 14 87
51 19 174
51 20 32
51 21 90
51 22 265
51 23 104
51 25 39
51 27 225
51 28 203
51 31 5
51 33 175
51 39 243
51 40 131
51 41 306
51 46 159
51 47 291
51 48 67
51 49 143
51 50 283
52 1 29
52 4 102
52 8 88
52 9 162
52 10 71
52 11 128
52 12 295
52 15 200
52 16 195
52 19 315
52 24 66
52 28 81
52 31 159
52 32 30
52 37 77
52 39 179
52 40 49
52 41 263
52 42 246
52 44 76
52 48 160
52 49 42
53 0 201
53 1 188
53 3 300
53 5 117
53 6 191
53 7 101
53 10 19
53 11 303
53 12 223
53 13 186
53 16 271
53 17 71
53 20 275
53 21 185
53 22 151
53 23 230
53 24 184
53 26 200
53 31 235
53 34 33
53 35 193
53 36 251
53 38 27
53 39 5
53 40 125
53 45 241
53 47 156
53 49 298
53 51 244
53 52 266
54 0 35
54 1 252
54 2 15
54 3 250
54 5 42
54 6 132
54 7 309
54 9 55
54 12 101
54 13 145
54 14 177
54 15 10
54 16 70
54 17 236
54 18 73
54 21 254
54 22 308
54 24 124
54 25 121
54 26 297
54 27 251
54 28 174
54 33 280
54 34 265
54 35 166
54 36 140
54 37 195
54 38 235
54 43 98
54 44 133
54 46 71
54 48 262
54 49 43
54 51 268
55 3 305
55 4 84
55 10 266
55 11 193
55 16 110
55 17 191
55 19 262
55 21 67
55 22 98
55 23 197
55 24 161
55 27 311
55 28 236
55 29 139
55 32 36
55 35 156
55 39 235
55 41 313
55 45 181
55 46 51
55 52 160
55 54 102
56 1 190
56 2 85
56 4 241
56 6 264
56 9 69
56 10 171
56 11 49
56 12 175
56 13 244
56 14 236
56 15 89
56 22 84
56 23 222
56 25 312
56 26 174
56 29 203
56 30 90
56 37 310
56 41 285
56 43 265
56 45 288
56 46 50
56 47 293
56 49 81
56 51 320
56 52 83
56 54 237
56 55 40
57 1 140
57 5 246
57 6 215
57 11 230
57 12 49
57 17 108
57 18 219
57 19 217
57 22 176
57 23 143
57 26 57
57 27 109
57 31 195
57 39 240
57 44 89
57 48 288
57 50 31
57 51 139
57 53 182
57 54 227
58 4 175
58 6 65
58 9 263
58 10 23
58 11 122
58 13 29
58 14 229
58 15 45
58 19 251
58 20 192
58 22 210
58 23 4
58 25 44
58 31 87
58 33 255
58 35 250
58 37 248
58 38 57
58 39 58
58 42 61
58 47 93
58 48 33
58 53 230
58 54 143
58 56 160
59 0 108
59 2 265
59 3 7
59 4 14
59 5 270
59 8 269
59 9 22
59 10 236
59 17 129
59 18 220
59 19 143
59 20 155
59 21 306
59 22 202
59 23 17
59 24 102
59 25 82
59 27 134
59 29 295
59 30 204
59 33 104
59 34 303
59 35 278
59 36 168
59 37 162
59 38 132
59 46 197
59 47 276
59 48 269
59 49 91
59 50 188
59 53 261
59 54 312
59 58 111
60 3 246
60 5 150
60 8 286
60 9 225
60 12 288
60 13 288
60 15 207
60 16 79
60 18 9
60 20 140
60 21 56
60 24 62
60 25 243
60 26 208
60 27 218
60 28 30
60 31 22
60 32 176
60 33 137
60 35 9
60 40 81
60 42 273
60 43 292
60 44 230
60 46 163
60 47 213
60 48 144
60 52 168
60 56 285
60 57 264
60 59 265
61 0 232
61 3 263
61 5 35
61 6 205
61 7 55
61 10 40
61 11 103
61 14 271
61 15 301
61 17 4
61 18 10
61 23 55
61 25 94
61 26 308
61 32 26
61 33 295
61 34 30
61 36 146
61 37 60
61 39 156
61 40 112
61 41 209
61 43 94
61 47 123
61 48 100
61 49 94
61 50 66
61 52 245
61 54 203
61 56 291
61 57 29
61 60 230
62 1 246
62 2 151
62 3 245
62 6 254
62 7 115
62 9 302
62 10 276
62 15 140
62 16 157
62 18 262
62 19 176
62 20 289
62 21 12
62 22 69
62 24 73
62 26 188
62 27 112
62 30 32
62 32 41
62 33 108
62 34 272
62 37 260
62 39 287
62 41 48
62 42 55
62 43 18
62 47 125
62 50 299
62 52 219
62 54 267
62 57 166
62 58 128
62 60 260
63 1 111
63 2 26
63 3 118
63 9 293
63 11 275
63 12 165
63 13 164
63 15 142
63 16 104
63 18 116
63 19 212
63 20 12
63 21 304
63 22 271
63 23 24
63 24 248
63 25 232
63 27 245
63 29 185
63 32 63
63 34 201
63 35 87
63 37 179
63 38 3
63 41 201
63 46 103
63 47 96
63 48 226
63 50 172
63 51 55
63 53 33
63 54 43
63 55 265
63 56 186
63 60 317
63 61 51
63 62 138
64 1 258
64 3 285
64 4 50
64 5 15
64 6 72
64 7 182
64 8 52
64 10 300
64 12 204
64 13 122
64 14 283
64 18 129
64 19 303
64 21 220
64 22 56
64 23 281
64 24 46
64 25 311
64 26 14
64 27 92
64 29 151
64 31 42
64 32 150
64 33 11
64 35 90
64 38 79
64 39 235
64 40 246
64 42 278
64 45 94
64 47 190
64 48 255
64 49 56
64 50 34
64 51 220
64 54 206
64 55 55
64 57 176
64 58 259
64 59 78
64 60 192
64 63 121
65 0 241
65 1 208
65 2 12
65 3 143
65 4 132
65 7 122
65 9 298
65 11 187
65 12 175
65 14 173
65 15 9
65 18 34
65 21 206
65 23 131
65 24 319
65 25 174
65 27 103
65 32 35
65 33 307
65 34 193
65 35 243
65 37 135
65 41 83
65 45 271
65 46 307
65 47 231
65 49 7
65 54 282
65 55 37
65 56 266
65 58 154
65 60 13
65 61 318
65 64 283
66 2 232
66 4 63
66 5 129
66 6 264
66 7 292
66 10 256
66 11 39
66 12 118
66 14 251
66 17 199
66 19 51
66 20 305
66 22 312
66 23 108
66 26 227
66 27 316
66 28 47
66 29 115
66 30 131
66 31 156
66 32 150
66 34 109
66 35 219
66 36 15
66 39 27
66 40 124
66 42 165
66 44 312
66 48 88
66 49 54
66 50 168
66 53 60
66 54 190
66 60 172
66 61 164
66 62 110
66 63 283
66 64 97
66 65 80
67 0 106
67 1 266
67 4 138
67 7 274
67 8 117
67 9 85
67 10 84
67 11 25
67 15 186
67 17 151
67 19 97
67 20 49
67 21 239
67 24 46
67 25 98
67 29 234
67 30 276
67 33 137
67 37 168
67 39 50
67 40 83
67 41 105
67 42 209
67 47 277
67 50 104
67 51 313
67 53 94
67 54 176
67 56 193
67 58 53
67 63 307
67 65 146
67 66 174
68 0 174
68 2 145
68 3 83
68 4 4
68 7 167
68 11 103
68 14 237
68 16 46
68 17 221
68 19 8
68 21 158
68 32 166
68 34 295
68 38 91
68 39 205
68 43 153
68 44 115
68 45 114
68 47 180
68 48 117
68 52 65
68 53 122
68 54 306
68 55 65
68 62 98
68 64 48
68 65 172
69 0 274
69 1 262
69 4 258
69 5 318
69 6 164
69 8 295
69 9 280
69 10 130
69 11 286
69 13 130
69 14 81
69 15 247
69 16 57
69 17 39
69 22 300
69 24 204
69 25 149
69 26 320
69 27 215
69 28 234
69 29 173
69 33 55
69 36 289
69 38 166
69 39 166
69 42 253
69 43 2
69 44 135
69 47 285
69 48 170
69 49 193
69 51 3
69 58 97
69 60 222
69 61 174
69 63 220
69 67 239
