60
1 0 9
2 0 6
2 1 8
3 0 2
3 1 5
4 0 4
4 1 1
4 2 10
4 3 2
5 0 4
5 1 2
5 2 5
5 3 9
5 4 5
6 0 3
6 2 4
6 4 5
6 5 7
7 0 5
7 1 5
7 2 1
7 3 7
7 4 6
7 5 1
8 0 9
8 2 8
8 4 5
8 5 3
8 6 6
8 7 8
9 0 5
9 2 8
9 3 1
9 4 7
9 5 9
9 6 7
9 8 8
10 1 5
10 2 2
10 3 10
10 5 1
10 6 10
10 7 8
10 8 2
11 1 10
11 2 5
11 3 1
11 6 5
11 7 8
11 8 7
11 9 7
11 10 10
12 0 1
12 1 3
12 3 10
12 4 7
12 5 9
12 6 9
12 8 10
12 9 1
12 10 10
12 11 8
13 0 7
13 1 3
13 2 10
13 4 4
13 6 10
13 8 2
13 9 3
13 10 5
13 11 4
13 12 4
14 2 4
14 3 2
14 5 10
14 8 1
14 9 1
14 10 4
14 11 3
14 12 9
15 1 9
15 2 9
15 3 5
15 4 4
15 6 5
15 7 3
15 9 6
15 11 1
15 12 7
15 13 4
15 14 7
16 1 2
16 3 7
16 5 2
16 10 4
16 11 9
16 12 10
16 13 8
16 14 6
16 15 2
17 0 1
17 2 5
17 3 5
17 4 5
17 5 4
17 7 1
17 9 1
17 11 2
17 13 5
17 14 8
17 16 1
18 1 8
18 2 6
18 3 5
18 4 9
18 5 10
18 6 10
18 7 4
18 8 3
18 9 5
18 10 7
18 12 6
18 14 6
18 15 9
18 16 10
18 17 2
19 0 5
19 2 3
19 3 8
19 4 6
19 5 5
19 6 3
19 7 7
19 8 3
19 9 4
19 10 9
19 11 4
19 12 10
19 13 10
19 14 8
19 15 10
19 16 7
19 17 6
19 18 6
20 0 7
20 1 5
20 3 4
20 4 9
20 5 8
20 6 2
20 9 10
20 10 5
20 11 3
20 12 7
20 15 2
20 17 7
20 18 4
21 0 3
21 1 7
21 2 7
21 4 6
21 5 6
21 6 3
21 9 1
21 10 6
21 15 4
21 16 4
21 17 9
21 20 9
22 1 10
22 2 3
22 3 6
22 4 10
22 5 9
22 6 5
22 7 8
22 10 8
22 11 3
22 13 8
22 14 6
22 15 1
22 19 6
22 20 2
22 21 9
23 0 1
23 2 4
23 6 1
23 7 9
23 8 9
23 9 8
23 12 6
23 13 5
23 14 5
23 15 7
23 16 3
23 17 2
23 19 9
23 20 1
23 21 1
23 22 1
24 1 5
24 2 6
24 3 4
24 7 7
24 8 6
24 10 1
24 11 4
24 13 3
24 14 2
24 15 1
24 16 5
24 18 2
24 20 9
24 21 1
24 23 2
25 0 9
25 1 10
25 2 2
25 3 4
25 4 6
25 5 9
25 6 7
25 7 5
25 10 10
25 11 3
25 12 10
25 13 5
25 14 1
25 16 9
25 17 4
25 18 5
25 20 1
26 3 10
26 5 8
26 6 2
26 8 9
26 9 10
26 10 3
26 11 4
26 12 4
26 13 10
26 15 10
26 17 1
26 18 3
26 19 5
26 20 6
26 21 4
26 22 3
26 23 6
26 25 3
27 3 10
27 4 7
27 5 5
27 6 10
27 8 7
27 9 10
27 10 9
27 12 6
27 13 7
27 14 6
27 16 1
27 17 3
27 19 10
27 21 5
27 22 5
27 23 1
27 24 4
27 25 2
27 26 9
28 0 3
28 1 7
28 2 2
28 3 4
28 5 5
28 6 5
28 11 4
28 12 6
28 13 5
28 16 5
28 17 5
28 18 4
28 19 10
28 20 5
28 21 9
28 22 9
28 23 9
28 24 1
28 27 4
29 0 6
29 1 8
29 2 9
29 3 1
29 7 8
29 8 10
29 9 3
29 10 3
29 11 6
29 12 9
29 14 2
29 16 10
29 17 5
29 18 1
29 19 10
29 20 7
29 22 3
29 24 2
29 25 2
29 27 7
29 28 5
30 0 4
30 1 8
30 2 3
30 3 5
30 4 8
30 7 4
30 8 5
30 9 1
30 11 1
30 12 10
30 15 2
30 17 1
30 18 1
30 19 5
30 20 4
30 21 9
30 22 7
30 23 8
30 24 2
30 25 10
30 26 4
30 27 10
30 28 10
31 0 4
31 1 9
31 3 4
31 5 8
31 6 8
31 10 7
31 11 6
31 12 8
31 13 2
31 17 3
31 18 7
31 19 6
31 20 5
31 21 10
31 22 3
31 24 5
31 27 10
31 28 10
31 29 2
31 30 8
32 1 6
32 2 6
32 3 2
32 4 8
32 5 5
32 6 7
32 7 9
32 9 5
32 11 6
32 13 7
32 14 2
32 15 1
32 16 10
32 18 9
32 20 7
32 23 10
32 24 4
32 28 1
32 29 10
32 31 7
33 0 7
33 1 9
33 2 10
33 3 2
33 4 2
33 7 7
33 8 1
33 9 7
33 12 7
33 14 7
33 16 7
33 17 7
33 18 2
33 20 5
33 21 3
33 22 7
33 25 6
33 26 1
33 29 1
33 32 7
34 1 8
34 2 6
34 3 5
34 4 10
34 5 3
34 6 2
34 7 10
34 8 1
34 9 6
34 10 3
34 11 8
34 12 9
34 13 5
34 17 1
34 18 1
34 19 10
34 20 3
34 21 10
34 22 1
34 23 4
34 24 5
34 25 9
34 26 6
34 28 8
34 29 1
34 31 4
34 33 4
35 1 1
35 3 3
35 4 1
35 5 3
35 6 6
35 7 10
35 10 6
35 11 1
35 12 10
35 13 1
35 14 10
35 15 2
35 16 4
35 17 8
35 19 9
35 20 7
35 21 6
35 22 3
35 23 2
35 25 5
35 26 10
35 27 8
35 28 8
35 29 4
35 30 2
35 31 7
35 32 5
35 34 5
36 1 4
36 2 7
36 3 7
36 4 6
36 5 9
36 6 4
36 7 6
36 8 7
36 9 6
36 10 10
36 11 9
36 12 7
36 13 7
36 15 6
36 16 10
36 18 3
36 19 9
36 20 8
36 21 5
36 23 9
36 24 10
36 25 1
36 26 3
36 27 3
36 28 1
36 30 3
36 31 8
36 32 2
36 33 9
36 35 2
37 0 4
37 2 5
37 3 9
37 4 10
37 6 1
37 7 8
37 9 5
37 11 1
37 12 9
37 13 10
37 14 1
37 16 4
37 19 8
37 21 3
37 22 3
37 23 5
37 24 5
37 26 7
37 28 5
37 29 6
37 30 2
37 31 6
37 32 5
37 33 3
37 35 6
37 36 3
38 0 6
38 1 5
38 4 8
38 5 6
38 7 10
38 10 9
38 11 6
38 12 10
38 14 6
38 15 10
38 16 9
38 17 10
38 18 8
38 20 9
38 21 8
38 23 5
38 24 3
38 25 7
38 26 6
38 27 4
38 29 8
38 31 8
38 33 10
38 34 4
38 37 7
39 2 3
39 4 2
39 5 7
39 8 2
39 9 4
39 10 5
39 11 6
39 12 2
39 13 8
39 14 8
39 15 1
39 16 2
39 18 9
39 19 7
39 20 7
39 21 4
39 22 4
39 23 2
39 25 2
39 26 8
39 27 10
39 28 7
39 29 9
39 30 5
39 32 4
39 33 4
39 35 10
39 36 3
39 37 5
39 38 1
40 0 8
40 2 7
40 5 8
40 6 4
40 7 1
40 9 10
40 10 7
40 11 10
40 12 10
40 14 1
40 16 8
40 18 7
40 19 3
40 21 6
40 22 8
40 23 9
40 24 7
40 25 4
40 26 3
40 27 8
40 28 1
40 30 1
40 31 1
40 32 5
40 34 9
40 35 3
40 36 2
40 37 6
40 38 2
40 39 2
41 1 9
41 2 8
41 3 1
41 4 4
41 5 3
41 6 3
41 7 6
41 8 4
41 11 9
41 12 10
41 13 7
41 14 3
41 16 1
41 17 9
41 18 10
41 19 9
41 20 4
41 21 1
41 22 9
41 23 10
41 24 10
41 26 10
41 28 2
41 29 1
41 30 2
41 32 4
41 34 8
41 37 9
41 38 2
41 39 10
41 40 7
42 1 9
42 2 2
42 3 1
42 4 8
42 7 9
42 9 10
42 10 3
42 11 2
42 12 1
42 14 7
42 16 2
42 18 6
42 19 8
42 20 8
42 21 3
42 22 3
42 24 5
42 25 6
42 26 1
42 27 1
42 28 4
42 29 6
42 31 8
42 32 7
42 33 6
42 34 1
42 35 9
42 37 10
42 38 3
42 41 10
43 1 5
43 2 9
43 5 1
43 6 9
43 7 9
43 8 2
43 9 3
43 10 5
43 11 7
43 12 5
43 13 6
43 14 8
43 15 4
43 16 4
43 17 5
43 18 6
43 19 10
43 20 6
43 21 9
43 22 10
43 23 6
43 24 2
43 26 8
43 30 8
43 31 10
43 32 2
43 34 1
43 36 2
43 37 2
43 38 2
43 39 8
43 40 6
43 41 2
44 0 1
44 1 3
44 2 2
44 3 1
44 4 5
44 5 10
44 6 2
44 7 1
44 8 7
44 10 4
44 11 5
44 12 2
44 13 10
44 14 9
44 15 7
44 17 7
44 18 2
44 19 8
44 20 1
44 21 5
44 22 9
44 23 10
44 24 3
44 25 3
44 26 2
44 27 2
44 28 5
44 30 5
44 31 7
44 32 8
44 34 1
44 36 5
44 37 7
44 38 5
44 39 7
44 41 8
44 42 3
45 1 2
45 2 9
45 3 6
45 4 4
45 5 3
45 8 10
45 9 4
45 10 8
45 11 7
45 12 2
45 13 8
45 14 2
45 16 4
45 17 9
45 18 9
45 19 8
45 21 6
45 24 5
45 25 9
45 27 6
45 28 8
45 29 4
45 30 5
45 31 2
45 32 4
45 33 10
45 34 1
45 35 5
45 37 7
45 38 6
45 40 7
45 42 3
46 0 5
46 1 10
46 5 8
46 7 6
46 8 8
46 9 9
46 10 6
46 11 2
46 15 7
46 16 5
46 17 8
46 18 8
46 20 3
46 21 8
46 23 2
46 24 7
46 26 5
46 27 6
46 28 2
46 29 3
46 30 2
46 31 1
46 34 6
46 41 9
46 42 7
46 43 10
47 5 2
47 7 1
47 8 8
47 9 2
47 10 4
47 12 1
47 13 8
47 14 7
47 15 9
47 18 6
47 19 4
47 20 7
47 21 10
47 23 8
47 24 7
47 25 1
47 28 7
47 30 8
47 31 6
47 34 2
47 37 7
47 39 9
47 40 8
47 41 2
47 42 8
47 43 4
48 0 3
48 1 2
48 2 1
48 4 4
48 6 3
48 7 1
48 8 3
48 10 6
48 11 8
48 12 10
48 13 3
48 14 9
48 15 5
48 16 10
48 17 7
48 18 3
48 19 9
48 20 1
48 21 7
48 23 4
48 24 6
48 25 5
48 26 6
48 27 6
48 28 3
48 29 10
48 30 10
48 31 8
48 34 1
48 35 8
48 36 7
48 39 5
48 40 10
48 41 1
48 42 5
48 43 1
48 44 5
48 45 3
48 46 1
48 47 8
49 0 2
49 1 1
49 2 6
49 3 10
49 7 7
49 8 7
49 10 5
49 11 1
49 12 4
49 13 9
49 16 5
49 18 8
49 20 6
49 21 8
49 23 1
49 24 4
49 25 6
49 26 3
49 27 9
49 28 1
49 32 3
49 33 3
49 34 6
49 36 9
49 38 8
49 39 2
49 40 5
49 41 10
49 43 5
49 44 5
49 45 5
49 46 6
49 47 4
49 48 6
50 1 2
50 2 7
50 3 2
50 4 6
50 6 7
50 8 1
50 9 3
50 10 7
50 11 7
50 13 9
50 14 4
50 15 7
50 17 7
50 18 1
50 19 1
50 20 9
50 22 5
50 23 8
50 25 6
50 26 7
50 27 6
50 29 1
50 30 7
50 31 9
50 32 5
50 34 7
50 36 5
50 37 5
50 38 10
50 39 2
50 40 2
50 43 1
50 44 3
50 45 5
50 47 10
51 0 9
51 2 4
51 3 7
51 4 1
51 5 5
51 6 2
51 7 3
51 8 1
51 9 4
51 12 7
51 13 9
51 15 7
51 16 7
51 18 2
51 21 6
51 22 9
51 23 10
51 24 5
51 25 1
51 28 3
51 30 2
51 31 4
51 33 6
51 34 2
51 35 5
51 36 8
51 37 7
51 38 3
51 39 9
51 42 3
51 43 2
51 44 1
51 45 8
51 46 1
51 47 5
51 49 1
52 0 6
52 1 5
52 4 10
52 5 10
52 6 4
52 10 2
52 11 8
52 12 3
52 14 5
52 15 8
52 18 7
52 19 2
52 21 9
52 23 2
52 24 1
52 25 3
52 26 10
52 27 9
52 28 6
52 30 8
52 32 9
52 34 3
52 39 10
52 40 8
52 41 8
52 43 2
52 44 8
52 45 5
52 48 3
52 51 8
53 1 8
53 2 9
53 3 6
53 4 6
53 6 4
53 7 9
53 9 7
53 10 10
53 12 4
53 14 4
53 15 6
53 16 7
53 17 9
53 19 8
53 20 7
53 21 9
53 22 1
53 23 10
53 28 5
53 29 5
53 31 5
53 34 3
53 37 1
53 39 2
53 40 7
53 41 10
53 42 10
53 43 3
53 46 8
53 47 4
53 48 8
53 50 7
53 52 8
54 0 7
54 1 1
54 4 10
54 5 4
54 7 9
54 9 5
54 10 7
54 11 5
54 12 9
54 13 9
54 14 9
54 17 10
54 18 7
54 19 3
54 20 4
54 22 1
54 23 1
54 25 5
54 27 10
54 28 1
54 29 5
54 30 10
54 32 8
54 33 1
54 35 1
54 37 8
54 38 9
54 40 7
54 42 4
54 43 8
54 44 8
54 45 6
54 46 5
54 49 4
54 51 10
54 52 1
54 53 1
55 0 5
55 1 1
55 2 10
55 5 5
55 6 1
55 7 9
55 8 2
55 9 8
55 10 3
55 11 7
55 13 1
55 15 7
55 16 6
55 17 7
55 18 4
55 19 6
55 22 5
55 23 6
55 24 3
55 27 2
55 28 1
55 32 4
55 33 7
55 34 10
55 36 9
55 37 10
55 38 2
55 39 9
55 40 3
55 41 6
55 42 6
55 43 2
55 44 5
55 47 8
55 48 9
55 50 9
55 51 9
55 52 5
55 53 6
55 54 9
56 0 9
56 2 4
56 4 10
56 5 6
56 7 10
56 8 8
56 9 4
56 10 1
56 15 8
56 16 10
56 17 7
56 18 6
56 20 6
56 22 1
56 23 3
56 25 4
56 27 7
56 28 3
56 30 5
56 32 7
56 35 2
56 36 1
56 37 8
56 39 10
56 40 3
56 42 4
56 44 1
56 47 4
56 48 4
56 52 7
56 53 5
56 55 8
57 0 7
57 2 8
57 3 9
57 4 7
57 6 8
57 7 10
57 8 4
57 11 7
57 15 8
57 16 2
57 17 3
57 18 2
57 19 9
57 22 7
57 23 7
57 25 7
57 26 5
57 27 3
57 30 8
57 31 9
57 32 10
57 33 10
57 36 2
57 38 5
57 39 9
57 40 4
57 43 7
57 44 9
57 45 5
57 46 3
57 47 10
57 49 1
57 50 1
57 51 8
57 52 5
57 53 8
57 54 8
57 56 4
58 2 6
58 3 5
58 4 10
58 6 3
58 7 4
58 8 7
58 9 5
58 10 6
58 13 2
58 14 6
58 15 6
58 16 10
58 17 2
58 18 9
58 20 4
58 21 2
58 22 5
58 24 9
58 25 4
58 27 2
58 28 1
58 29 10
58 31 3
58 35 7
58 37 8
58 38 9
58 40 3
58 41 5
58 42 2
58 43 7
58 44 4
58 47 9
58 48 3
58 49 6
58 50 2
58 51 7
58 52 3
58 55 1
58 56 7
58 57 7
59 0 8
59 1 8
59 2 8
59 3 1
59 4 10
59 5 10
59 6 6
59 7 8
59 9 9
59 10 7
59 11 4
59 12 6
59 13 10
59 15 1
59 16 6
59 19 7
59 20 5
59 23 8
59 24 8
59 25 10
59 28 8
59 29 3
59 30 1
59 32 2
59 38 3
59 39 10
59 42 6
59 43 2
59 44 7
59 45 3
59 46 1
59 47 9
59 48 7
59 49 1
59 52 5
59 53 2
59 54 8
59 55 6
59 56 1
59 58 5
