40
1 0 6
3 0 34
3 2 24
4 1 15
4 2 6
5 1 33
6 1 30
6 3 18
6 4 13
6 5 16
7 1 25
7 3 28
7 4 35
7 5 1
7 6 14
8 0 3
8 2 25
8 3 18
8 4 40
8 7 33
9 4 6
10 1 40
10 2 26
10 3 8
10 5 25
10 6 14
10 9 15
11 0 12
11 1 40
11 4 12
11 7 16
11 8 15
11 9 36
12 0 20
12 2 11
12 3 12
12 6 17
12 7 33
12 8 11
12 11 7
13 0 31
13 1 1
13 2 23
13 3 12
13 4 36
13 6 10
13 8 3
13 9 12
13 10 8
13 11 32
13 12 16
14 0 32
14 1 15
14 2 37
14 4 19
14 5 8
14 6 17
14 8 26
14 9 40
14 11 26
14 12 33
14 13 21
15 0 13
15 2 15
15 3 15
15 5 13
15 6 8
15 7 27
15 9 38
15 10 28
15 11 36
15 13 6
15 14 3
16 2 4
16 3 12
16 5 19
16 6 24
16 7 37
16 8 19
16 10 22
16 11 39
16 14 23
17 0 36
17 1 3
17 3 20
17 5 16
17 6 33
17 8 5
17 9 21
17 11 1
17 12 30
17 14 27
18 0 14
18 2 2
18 3 24
18 4 19
18 5 33
18 9 31
18 10 37
18 15 3
18 16 35
18 17 14
19 0 8
19 2 10
19 4 26
19 5 39
19 6 2
19 7 26
19 8 32
19 10 15
19 12 2
19 14 16
19 17 35
20 0 9
20 3 7
20 5 17
20 6 36
20 7 7
20 8 4
20 9 2
20 10 27
20 12 33
20 15 9
20 16 36
20 19 39
21 0 31
21 1 6
21 2 10
21 3 28
21 4 25
21 5 30
21 7 15
21 8 11
21 10 24
21 11 11
21 12 29
21 14 6
21 15 14
21 17 21
22 0 5
22 1 19
22 2 10
22 4 40
22 6 27
22 10 5
22 11 10
22 12 26
22 13 14
22 20 26
22 21 16
23 0 23
23 1 21
23 7 32
23 9 39
23 10 19
23 11 29
23 12 9
23 13 37
23 16 3
23 17 8
23 18 18
23 19 21
23 20 21
23 22 6
24 0 35
24 1 11
24 5 29
24 6 27
24 8 36
24 9 19
24 12 5
24 13 21
24 14 11
24 16 36
24 17 5
24 18 33
24 19 35
24 23 12
25 3 11
25 4 37
25 6 14
25 11 6
25 13 11
25 14 24
25 16 9
25 17 10
25 18 17
25 19 23
25 20 20
25 22 20
25 23 2
25 24 11
26 0 3
26 2 32
26 4 4
26 5 21
26 6 6
26 7 8
26 9 19
26 13 24
26 15 25
26 17 15
26 18 9
26 19 18
26 22 22
26 23 2
26 25 12
27 0 35
27 3 14
27 5 28
27 7 1
27 8 7
27 9 11
27 12 36
27 15 8
27 16 32
27 20 9
27 21 2
27 22 26
27 23 8
27 25 19
27 26 28
28 1 37
28 2 21
28 4 13
28 5 26
28 6 2
28 8 36
28 9 24
28 10 39
28 12 33
28 13 9
28 15 35
28 18 3
28 19 3
28 23 36
28 24 5
28 26 4
28 27 27
29 0 8
29 1 16
29 2 10
29 3 38
29 4 25
29 7 28
29 8 15
29 9 18
29 11 19
29 12 20
29 14 2
29 18 30
29 20 31
29 22 18
29 24 10
29 25 28
29 26 38
30 0 3
30 1 34
30 4 30
30 5 28
30 6 5
30 9 9
30 10 14
30 12 40
30 13 10
30 16 32
30 17 10
30 19 7
30 20 14
30 22 5
30 23 36
30 25 10
30 27 18
30 28 38
30 29 30
31 0 33
31 1 10
31 2 27
31 3 11
31 4 11
31 5 26
31 6 5
31 8 17
31 9 24
31 10 40
31 12 11
31 13 7
31 14 28
31 15 40
31 16 27
31 17 31
31 19 15
31 20 14
31 21 16
31 22 21
31 23 13
31 25 3
31 26 1
31 27 31
31 29 33
31 30 10
32 2 17
32 3 30
32 4 31
32 5 21
32 6 23
32 8 7
32 9 18
32 10 20
32 13 26
32 14 12
32 15 28
32 16 36
32 17 34
32 19 33
32 21 3
32 22 3
32 24 8
32 25 17
32 26 32
32 27 24
32 30 17
32 31 26
33 2 39
33 4 40
33 7 36
33 8 31
33 9 14
33 12 2
33 13 7
33 16 3
33 17 17
33 18 7
33 20 35
33 21 30
33 22 23
33 23 12
33 28 20
33 30 24
33 31 3
34 0 11
34 1 25
34 2 38
34 9 17
34 11 22
34 12 5
34 13 15
34 15 34
34 16 3
34 18 13
34 19 19
34 23 29
34 25 27
34 26 35
34 27 33
34 28 9
34 29 1
34 32 28
34 33 9
35 0 5
35 1 29
35 4 29
35 5 3
35 6 39
35 8 19
35 9 35
35 12 25
35 13 16
35 15 13
35 16 1
35 17 19
35 19 37
35 20 10
35 21 5
35 24 18
35 25 16
35 26 9
35 27 18
35 28 32
35 29 31
35 30 31
35 31 33
35 33 39
36 3 7
36 5 2
36 7 39
36 10 37
36 11 27
36 13 36
36 16 5
36 21 31
36 23 21
36 25 32
36 28 11
36 30 35
36 31 23
36 33 19
36 34 10
37 0 28
37 1 11
37 2 2
37 7 17
37 8 19
37 9 1
37 10 30
37 12 15
37 14 2
37 16 40
37 17 27
37 18 13
37 19 10
37 23 14
37 25 32
37 26 19
37 27 36
37 28 10
37 29 16
37 31 20
37 34 6
37 35 27
38 0 14
38 4 27
38 7 20
38 8 38
38 9 18
38 11 7
38 13 19
38 15 12
38 17 19
38 18 20
38 19 40
38 20 2
38 21 39
38 22 30
38 26 26
38 27 1
38 29 36
38 30 6
38 31 18
38 32 29
38 33 23
38 35 5
38 36 4
38 37 30
39 0 26
39 2 21
39 3 21
39 5 15
39 9 26
39 13 26
39 14 23
39 16 28
39 17 18
39 18 22
39 20 36
39 21 27
39 23 11
39 24 13
39 26 3
39 27 32
39 30 11
39 31 31
39 32 16
39 33 5
39 34 35
39 35 13
