50
2 1 35
3 0 27
3 1 32
3 2 14
4 1 12
5 3 30
6 0 37
6 3 34
6 4 2
6 5 23
7 1 19
7 2 21
7 4 12
7 5 23
8 0 37
8 2 10
8 3 11
8 7 23
9 0 16
9 4 20
9 6 22
9 7 6
9 8 1
10 0 9
10 1 4
10 2 20
10 3 34
10 5 17
10 6 18
10 8 21
11 4 16
12 1 15
12 5 34
12 8 10
12 11 32
13 1 5
13 5 18
13 7 24
13 9 1
13 10 31
14 2 3
14 3 37
14 4 13
14 8 6
14 11 36
14 12 33
14 13 29
15 0 4
15 1 31
15 3 38
15 4 18
15 5 34
15 6 8
15 7 27
15 9 37
15 12 36
15 13 26
16 1 29
16 2 22
16 7 40
16 8 19
16 9 4
16 10 11
16 14 29
17 1 20
17 2 4
17 3 16
17 4 28
17 5 12
17 7 11
17 9 15
17 10 17
17 12 21
17 14 13
17 16 26
18 0 3
18 2 34
18 3 35
18 4 26
18 6 30
18 7 7
18 8 20
18 9 17
18 11 16
18 12 20
18 15 31
18 17 37
19 0 5
19 1 28
19 5 31
19 7 32
19 11 25
19 12 36
19 13 8
19 17 5
20 0 28
20 1 37
20 2 9
20 3 11
20 5 24
20 6 27
20 7 31
20 8 17
20 9 2
20 11 34
20 12 1
20 13 10
20 14 20
20 15 27
20 16 25
20 17 31
20 19 17
21 2 18
21 5 8
21 9 37
21 10 15
21 12 19
21 15 37
21 18 27
21 19 23
21 20 36
22 1 27
22 3 10
22 4 4
22 5 14
22 8 2
22 11 18
22 12 38
22 13 15
22 15 16
22 16 26
22 17 17
22 18 9
23 2 36
23 3 20
23 5 17
23 6 30
23 12 30
23 13 32
23 17 4
24 0 23
24 1 21
24 2 36
24 7 7
24 11 37
24 13 25
24 15 3
24 16 12
24 19 38
24 21 21
25 2 38
25 3 12
25 4 4
25 7 40
25 11 38
25 12 17
25 13 40
25 14 29
25 16 15
25 19 40
25 20 37
25 23 26
25 24 14
26 4 16
26 6 15
26 7 2
26 8 29
26 9 18
26 12 21
26 14 12
26 15 26
26 17 38
26 22 13
26 23 2
26 24 1
26 25 1
27 0 34
27 1 32
27 2 31
27 3 13
27 6 30
27 7 34
27 10 22
27 11 19
27 12 1
27 16 13
27 17 2
27 19 24
27 21 27
27 22 8
28 0 1
28 3 23
28 4 19
28 5 33
28 6 29
28 7 37
28 9 36
28 11 38
28 12 1
28 13 21
28 14 34
28 15 1
28 17 38
28 19 29
28 21 34
28 22 25
28 24 29
28 25 16
29 0 8
29 1 23
29 5 35
29 7 18
29 9 27
29 11 3
29 15 18
29 16 37
29 17 40
29 23 36
29 25 35
29 26 33
29 28 23
30 1 24
30 3 4
30 8 35
30 11 32
30 12 3
30 13 20
30 14 3
30 15 7
30 24 10
30 27 24
31 0 1
31 1 16
31 3 3
31 5 21
31 7 8
31 10 40
31 13 17
31 14 11
31 16 33
31 17 14
31 19 25
31 23 6
31 25 28
31 28 10
31 29 21
31 30 13
32 0 32
32 1 32
32 6 1
32 9 2
32 12 27
32 13 5
32 14 5
32 16 24
32 17 21
32 19 24
32 21 27
32 23 29
32 24 19
32 25 16
32 28 30
32 30 9
33 0 1
33 1 29
33 2 38
33 6 20
33 7 21
33 8 23
33 10 9
33 11 2
33 12 3
33 15 9
33 16 15
33 19 30
33 20 26
33 22 28
33 24 7
33 27 4
33 28 9
33 29 34
33 32 33
34 0 4
34 3 2
34 6 33
34 7 30
34 8 13
34 9 31
34 10 19
34 19 24
34 22 16
34 26 31
34 27 36
34 28 6
34 30 29
34 31 28
34 32 36
34 33 8
35 1 29
35 3 21
35 4 29
35 5 16
35 10 2
35 11 24
35 12 33
35 15 10
35 16 21
35 20 20
35 21 3
35 23 15
35 24 21
35 25 37
35 27 35
35 29 15
35 30 29
35 33 5
36 3 4
36 5 15
36 6 18
36 8 24
36 10 21
36 11 34
36 13 9
36 16 36
36 18 39
36 19 8
36 20 21
36 23 19
36 27 34
36 30 4
36 31 3
36 35 23
37 4 19
37 5 29
37 6 34
37 13 38
37 17 18
37 22 2
37 24 14
37 27 33
37 28 14
37 29 18
37 30 3
37 34 5
37 36 24
38 1 9
38 4 36
38 9 29
38 11 7
38 14 29
38 15 2
38 16 9
38 17 32
38 20 4
38 22 8
38 24 15
38 26 20
38 28 31
38 30 1
38 31 10
38 33 23
38 34 25
38 37 26
39 0 32
39 2 13
39 4 26
39 6 9
39 7 22
39 8 23
39 11 9
39 12 5
39 14 23
39 16 2
39 19 19
39 22 5
39 24 29
39 26 33
39 27 10
39 30 25
39 32 9
39 33 24
39 35 31
39 37 8
39 38 1
40 1 7
40 3 25
40 7 7
40 9 30
40 10 38
40 12 26
40 14 11
40 16 22
40 17 9
40 18 15
40 20 29
40 26 9
40 27 30
40 28 4
40 30 34
40 32 32
40 33 5
40 34 10
40 36 8
40 37 10
40 38 8
40 39 14
41 1 7
41 5 18
41 6 20
41 7 25
41 9 9
41 10 14
41 11 40
41 13 5
41 15 28
41 16 22
41 17 14
41 18 12
41 19 36
41 21 25
41 23 31
41 26 3
41 27 9
41 28 18
41 30 39
41 31 23
41 32 26
41 33 21
41 34 7
41 36 13
41 40 19
42 0 33
42 2 1
42 6 25
42 12 19
42 16 8
42 20 16
42 21 35
42 24 14
42 25 12
42 27 29
42 29 15
42 31 19
42 32 26
42 34 25
42 38 3
43 2 3
43 4 34
43 8 33
43 9 23
43 12 7
43 16 37
43 19 21
43 21 22
43 23 27
43 24 28
43 25 3
43 26 21
43 27 16
43 28 27
43 29 22
43 30 23
43 35 19
43 38 23
43 39 25
43 40 31
43 41 27
43 42 20
44 2 12
44 3 29
44 5 30
44 6 24
44 9 39
44 11 1
44 12 29
44 13 3
44 16 23
44 18 16
44 19 7
44 20 29
44 23 9
44 24 23
44 26 27
44 27 21
44 28 30
44 29 15
44 31 1
44 41 2
44 42 2
45 3 25
45 5 21
45 8 24
45 9 28
45 12 12
45 13 9
45 15 28
45 16 29
45 17 27
45 19 26
45 24 13
45 25 20
45 26 16
45 29 27
45 30 4
45 31 11
45 32 35
45 38 32
45 39 29
45 40 13
45 41 24
45 42 40
46 0 26
46 5 24
46 6 4
46 10 9
46 12 24
46 15 29
46 19 5
46 22 16
46 23 3
46 24 21
46 26 40
46 28 31
46 32 37
46 33 33
46 35 20
46 36 19
46 38 37
46 39 32
46 42 2
47 1 24
47 2 1
47 3 22
47 4 33
47 6 22
47 7 20
47 9 35
47 10 17
47 14 33
47 15 16
47 16 37
47 20 2
47 22 29
47 24 11
47 27 37
47 28 16
47 32 3
47 34 15
47 36 17
47 37 9
47 39 16
47 41 25
47 42 35
47 44 2
48 0 2
48 1 2
48 2 16
48 3 1
48 5 23
48 6 12
48 7 37
48 10 15
48 11 6
48 12 22
48 16 27
48 17 28
48 18 4
48 19 30
48 20 31
48 21 25
48 24 6
48 26 20
48 28 13
48 32 5
48 34 16
48 35 1
48 36 21
48 38 35
48 42 21
48 45 30
48 46 27
49 0 6
49 1 30
49 3 11
49 7 28
49 9 30
49 11 31
49 12 26
49 13 28
49 15 24
49 17 10
49 18 39
49 21 40
49 23 30
49 24 20
49 25 38
49 28 11
49 29 12
49 31 19
49 32 26
49 34 22
49 35 31
49 36 29
49 37 7
49 38 14
49 46 6
49 47 13
49 48 33
