30
1 0 30
2 0 36
2 1 78
3 0 63
3 1 69
3 2 67
4 1 73
4 2 71
4 3 2
5 0 70
5 1 38
5 2 71
5 3 30
5 4 21
6 0 3
6 1 79
6 2 30
6 4 70
6 5 59
7 0 66
7 1 47
7 2 66
7 3 38
7 4 56
7 5 29
7 6 3
8 0 36
8 4 16
8 5 66
8 6 18
8 7 13
9 0 35
9 1 78
9 2 56
9 4 40
9 5 76
9 6 59
9 7 64
9 8 71
10 0 53
10 1 60
10 2 10
10 5 31
10 6 47
10 7 73
10 8 71
10 9 67
11 0 34
11 2 59
11 3 57
11 4 5
11 5 69
11 6 34
11 7 75
11 8 43
11 9 43
12 0 42
12 1 37
12 2 24
12 3 69
12 4 40
12 5 15
12 6 26
12 7 54
12 8 50
12 9 67
12 10 5
12 11 3
13 1 53
13 4 17
13 5 41
13 6 52
13 7 23
13 9 52
13 10 33
13 12 57
14 1 7
14 3 17
14 4 28
14 5 69
14 7 9
14 8 30
14 9 41
14 10 59
14 11 52
14 12 75
14 13 40
15 1 54
15 2 11
15 3 48
15 4 12
15 5 40
15 6 31
15 7 68
15 8 12
15 10 18
15 11 46
15 12 42
15 13 4
15 14 57
16 0 38
16 1 11
16 2 14
16 5 21
16 6 11
16 7 16
16 8 60
16 9 19
16 10 50
16 12 4
16 13 35
16 14 78
16 15 10
17 0 36
17 2 73
17 4 69
17 6 8
17 7 33
17 8 20
17 9 68
17 10 26
17 13 64
17 14 53
17 16 31
18 0 47
18 2 14
18 3 67
18 4 62
18 5 34
18 6 10
18 7 39
18 9 53
18 11 7
18 12 60
18 13 11
18 16 12
18 17 40
19 0 48
19 1 45
19 2 50
19 3 80
19 4 38
19 5 63
19 6 22
19 7 46
19 8 23
19 9 1
19 10 3
19 11 51
19 12 55
19 13 74
19 14 79
19 15 64
19 16 65
19 17 50
19 18 18
20 1 57
20 2 44
20 3 39
20 5 64
20 6 10
20 7 5
20 8 15
20 9 76
20 10 21
20 11 9
20 12 79
20 13 26
20 14 50
20 15 11
20 16 13
20 17 7
20 18 35
20 19 34
21 0 37
21 2 32
21 3 9
21 4 51
21 6 57
21 8 41
21 9 5
21 10 15
21 13 38
21 15 55
21 16 60
21 18 14
21 20 21
22 0 1
22 1 20
22 3 72
22 4 65
22 6 75
22 7 31
22 8 51
22 9 79
22 10 66
22 11 8
22 12 36
22 16 38
22 17 2
22 18 20
22 19 65
22 20 11
22 21 51
23 0 14
23 1 78
23 2 9
23 3 69
23 4 67
23 5 12
23 7 28
23 8 7
23 9 35
23 11 68
23 12 23
23 13 39
23 15 5
23 16 18
23 17 10
23 19 21
23 20 52
23 21 56
23 22 40
24 1 2
24 2 12
24 3 8
24 4 29
24 5 5
24 6 7
24 7 47
24 9 10
24 11 62
24 13 61
24 14 67
24 15 23
24 20 42
24 21 70
24 22 78
25 0 21
25 1 69
25 2 12
25 3 22
25 4 36
25 5 62
25 6 28
25 7 5
25 8 12
25 9 39
25 10 77
25 11 69
25 12 24
25 13 53
25 15 68
25 16 30
25 17 16
25 18 42
25 20 34
25 21 68
25 22 49
25 24 80
26 0 29
26 1 18
26 3 57
26 4 55
26 5 37
26 6 9
26 8 35
26 9 14
26 10 28
26 14 68
26 15 78
26 16 11
26 17 53
26 18 17
26 20 64
26 21 76
26 22 30
26 23 59
26 24 43
26 25 5
27 0 43
27 1 68
27 2 15
27 3 46
27 4 11
27 5 54
27 6 11
27 7 58
27 8 9
27 9 15
27 10 37
27 11 68
27 13 29
27 14 31
27 15 29
27 16 52
27 17 29
27 18 40
27 19 5
27 20 10
27 23 68
27 24 27
27 25 75
27 26 56
28 0 44
28 1 20
28 2 32
28 3 36
28 4 27
28 5 26
28 6 28
28 7 32
28 8 72
28 9 38
28 10 58
28 11 62
28 12 21
28 13 13
28 14 79
28 16 76
28 18 26
28 19 31
28 20 15
28 21 47
28 22 47
28 23 70
28 24 56
28 25 36
28 27 71
29 0 45
29 2 56
29 3 69
29 4 33
29 5 41
29 6 45
29 7 72
29 8 2
29 9 27
29 10 74
29 11 27
29 12 5
29 13 55
29 15 67
29 17 7
29 18 41
29 19 22
29 20 42
29 21 74
29 22 5
29 24 69
29 25 8
29 26 70
29 27 21
