50
1 0 113
2 0 34
2 1 41
3 0 142
3 1 60
3 2 87
4 0 153
4 1 84
4 2 68
4 3 73
5 0 5
5 1 73
5 2 103
5 3 91
5 4 98
6 0 13
6 1 13
6 2 78
6 3 46
6 4 39
6 5 160
7 0 64
7 1 157
7 2 83
7 3 14
7 4 133
7 5 153
7 6 149
8 0 144
8 1 72
8 2 97
8 3 90
8 4 155
8 5 145
8 6 155
8 7 128
9 0 8
9 1 41
9 2 21
9 3 40
9 4 45
9 5 61
9 6 156
9 7 76
9 8 62
10 0 75
10 1 140
10 2 20
10 3 28
10 4 76
10 5 59
10 6 30
10 7 139
10 8 15
10 9 142
11 0 40
11 1 19
11 2 115
11 3 8
11 4 31
11 5 115
11 6 61
11 7 13
11 8 94
11 9 45
11 10 105
12 0 74
12 1 119
12 2 89
12 3 158
12 4 126
12 5 33
12 6 4
12 7 5
12 8 65
12 9 18
12 10 148
12 11 128
13 0 71
13 1 124
13 2 7
13 3 144
13 4 21
13 5 42
13 6 108
13 7 157
13 8 112
13 9 157
13 10 113
13 11 39
13 12 24
14 0 83
14 1 126
14 2 113
14 3 102
14 4 27
14 5 151
14 6 75
14 7 64
14 8 146
14 9 14
14 10 26
14 11 65
14 12 143
14 13 60
15 0 70
15 1 17
15 2 84
15 3 51
15 4 25
15 5 159
15 6 126
15 7 5
15 8 70
15 9 151
15 10 74
15 11 24
15 12 6
15 13 65
15 14 35
16 0 35
16 1 86
16 2 156
16 3 143
16 4 90
16 5 41
16 6 151
16 7 55
16 8 7
16 9 4
16 10 133
16 11 111
16 12 18
16 13 24
16 14 155
16 15 151
17 0 15
17 1 31
17 2 110
17 3 20
17 4 101
17 5 70
17 6 109
17 7 98
17 8 115
17 9 21
17 10 82
17 11 24
17 12 121
17 13 146
17 14 72
17 15 125
17 16 82
18 0 156
18 1 6
18 2 124
18 3 152
18 4 141
18 5 18
18 6 11
18 7 62
18 8 17
18 9 13
18 10 6
18 11 50
18 12 117
18 13 135
18 14 72
18 15 136
18 16 127
18 17 88
19 0 2
19 1 134
19 2 46
19 3 5
19 4 127
19 5 134
19 6 132
19 7 124
19 8 73
19 9 95
19 10 55
19 11 99
19 12 28
19 13 130
19 14 89
19 15 94
19 16 78
19 17 37
19 18 138
20 0 90
20 1 95
20 2 61
20 3 153
20 4 110
20 5 138
20 6 70
20 7 72
20 8 117
20 9 72
20 10 24
20 11 14
20 12 120
20 13 58
20 14 120
20 15 80
20 16 136
20 17 64
20 18 31
20 19 85
21 0 131
21 1 115
21 2 50
21 3 88
21 4 155
21 5 6
21 6 101
21 7 50
21 8 76
21 9 105
21 10 153
21 11 53
21 12 155
21 13 142
21 14 149
21 15 116
21 16 44
21 17 79
21 18 40
21 19 9
21 20 83
22 0 41
22 1 40
22 2 106
22 3 149
22 4 133
22 5 143
22 6 63
22 7 22
22 8 63
22 9 87
22 10 142
22 11 127
22 12 134
22 13 1
22 14 105
22 15 117
22 16 79
22 17 111
22 18 119
22 19 17
22 20 95
22 21 137
23 0 107
23 1 23
23 2 5
23 3 61
23 4 137
23 5 77
23 6 7
23 7 69
23 8 144
23 9 38
23 10 150
23 11 7
23 12 41
23 13 34
23 14 159
23 15 69
23 16 41
23 17 1
23 18 13
23 19 84
23 20 80
23 21 129
23 22 117
24 0 25
24 1 13
24 2 32
24 3 98
24 4 126
24 5 29
24 6 48
24 7 114
24 8 122
24 9 144
24 10 152
24 11 101
24 12 62
24 13 80
24 14 137
24 15 131
24 16 74
24 17 53
24 18 149
24 19 105
24 20 157
24 21 28
24 22 19
24 23 111
25 0 12
25 1 114
25 2 88
25 3 76
25 4 88
25 5 65
25 6 132
25 7 113
25 8 77
25 9 155
25 10 104
25 11 127
25 12 118
25 13 38
25 14 38
25 15 148
25 16 76
25 17 21
25 18 32
25 19 36
25 20 136
25 21 147
25 22 123
25 23 117
25 24 87
26 0 19
26 1 93
26 2 20
26 3 153
26 4 107
26 5 71
26 6 82
26 7 155
26 8 28
26 9 125
26 10 117
26 11 115
26 12 72
26 13 95
26 14 141
26 15 142
26 16 90
26 17 38
26 18 24
26 19 43
26 20 29
26 21 54
26 22 7
26 23 116
26 24 147
26 25 94
27 0 110
27 1 127
27 2 143
27 3 51
27 4 115
27 5 82
27 6 136
27 7 1
27 8 159
27 9 40
27 10 59
27 11 34
27 12 21
27 13 99
27 14 34
27 15 85
27 16 87
27 17 116
27 18 112
27 19 86
27 20 96
27 21 58
27 22 102
27 23 148
27 24 152
27 25 146
27 26 56
28 0 29
28 1 36
28 2 3
28 3 111
28 4 89
28 5 101
28 6 47
28 7 22
28 8 36
28 9 19
28 10 116
28 11 52
28 12 124
28 13 39
28 14 64
28 15 110
28 16 86
28 17 119
28 18 126
28 19 156
28 20 55
28 21 88
28 22 120
28 23 136
28 24 106
28 25 131
28 26 140
28 27 142
29 0 58
29 1 3
29 2 152
29 3 90
29 4 65
29 5 53
29 6 95
29 7 27
29 8 37
29 9 131
29 10 62
29 11 107
29 12 121
29 13 18
29 14 158
29 15 159
29 16 17
29 17 99
29 18 19
29 19 33
29 20 90
29 21 77
29 22 65
29 23 94
29 24 64
29 25 119
29 26 63
29 27 101
29 28 75
30 0 82
30 1 46
30 2 56
30 3 130
30 4 18
30 5 42
30 6 85
30 7 99
30 8 55
30 9 49
30 10 119
30 11 51
30 12 91
30 13 151
30 14 44
30 15 100
30 16 14
30 17 72
30 18 53
30 19 123
30 20 3
30 21 35
30 22 16
30 23 55
30 24 129
30 25 76
30 26 91
30 27 66
30 28 139
30 29 87
31 0 32
31 1 137
31 2 18
31 3 41
31 4 128
31 5 6
31 6 57
31 7 47
31 8 40
31 9 49
31 10 129
31 11 84
31 12 146
31 13 3
31 14 27
31 15 99
31 16 137
31 17 143
31 18 14
31 19 81
31 20 41
31 21 1
31 22 143
31 23 77
31 24 86
31 25 121
31 26 147
31 27 155
31 28 39
31 29 86
31 30 135
32 0 53
32 1 93
32 2 4
32 3 140
32 4 24
32 5 25
32 6 36
32 7 104
32 8 146
32 9 65
32 10 116
32 11 28
32 12 9
32 13 106
32 14 146
32 15 41
32 16 115
32 17 142
32 18 141
32 19 32
32 20 114
32 21 87
32 22 68
32 23 109
32 24 95
32 25 15
32 26 68
32 27 25
32 28 121
32 29 19
32 30 44
32 31 24
33 0 158
33 1 5
33 2 62
33 3 49
33 4 150
33 5 143
33 6 141
33 7 10
33 8 55
33 9 130
33 10 134
33 11 44
33 12 8
33 13 143
33 14 143
33 15 42
33 16 22
33 17 126
33 18 10
33 19 151
33 20 111
33 21 36
33 22 147
33 23 29
33 24 7
33 25 24
33 26 97
33 27 66
33 28 77
33 29 52
33 30 59
33 31 40
33 32 125
34 0 77
34 1 76
34 2 90
34 3 19
34 4 71
34 5 121
34 6 36
34 7 11
34 8 122
34 9 28
34 10 109
34 11 143
34 12 129
34 13 9
34 14 126
34 15 40
34 16 52
34 17 160
34 18 116
34 19 6
34 20 157
34 21 89
34 22 156
34 23 5
34 24 46
34 25 18
34 26 88
34 27 79
34 28 159
34 29 119
34 30 157
34 31 147
34 32 147
34 33 133
35 0 137
35 1 96
35 2 98
35 3 115
35 4 124
35 5 117
35 6 79
35 7 125
35 8 20
35 9 19
35 10 51
35 11 97
35 12 2
35 13 130
35 14 10
35 15 34
35 16 28
35 17 33
35 18 93
35 19 77
35 20 134
35 21 59
35 22 115
35 23 30
35 24 124
35 25 120
35 26 111
35 27 59
35 28 158
35 29 71
35 30 128
35 31 151
35 32 140
35 33 101
35 34 153
36 0 110
36 1 117
36 2 5
36 3 87
36 4 17
36 5 145
36 6 52
36 7 78
36 8 123
36 9 20
36 10 142
36 11 114
36 12 19
36 13 99
36 14 72
36 15 40
36 16 139
36 17 22
36 18 62
36 19 110
36 20 73
36 21 12
36 22 114
36 23 128
36 24 33
36 25 15
36 26 23
36 27 74
36 28 20
36 29 28
36 30 110
36 31 38
36 32 85
36 33 144
36 34 106
36 35 31
37 0 146
37 1 47
37 2 10
37 3 141
37 4 112
37 5 111
37 6 115
37 7 94
37 8 145
37 9 71
37 10 114
37 11 17
37 12 121
37 13 39
37 14 135
37 15 136
37 16 127
37 17 98
37 18 41
37 19 149
37 20 12
37 21 116
37 22 75
37 23 85
37 24 69
37 25 94
37 26 64
37 27 126
37 28 155
37 29 50
37 30 28
37 31 136
37 32 28
37 33 150
37 34 121
37 35 3
37 36 61
38 0 19
38 1 108
38 2 155
38 3 76
38 4 84
38 5 84
38 6 89
38 7 3
38 8 149
38 9 134
38 10 115
38 11 41
38 12 20
38 13 92
38 14 55
38 15 95
38 16 53
38 17 67
38 18 50
38 19 92
38 20 100
38 21 68
38 22 147
38 23 78
38 24 96
38 25 148
38 26 75
38 27 159
38 28 46
38 29 96
38 30 118
38 31 85
38 32 157
38 33 21
38 34 86
38 35 50
38 36 101
38 37 146
39 0 111
39 1 37
39 2 124
39 3 110
39 4 7
39 5 155
39 6 57
39 7 16
39 8 56
39 9 10
39 10 120
39 11 75
39 12 34
39 13 128
39 14 142
39 15 64
39 16 59
39 17 36
39 18 63
39 19 153
39 20 153
39 21 81
39 22 153
39 23 78
39 24 105
39 25 82
39 26 80
39 27 60
39 28 126
39 29 68
39 30 128
39 31 52
39 32 114
39 33 95
39 34 95
39 35 142
39 36 36
39 37 8
39 38 69
40 0 62
40 1 110
40 2 61
40 3 107
40 4 73
40 5 23
40 6 135
40 7 78
40 8 128
40 9 103
40 10 147
40 11 124
40 12 145
40 13 88
40 14 125
40 15 29
40 16 140
40 17 83
40 18 39
40 19 146
40 20 86
40 21 63
40 22 36
40 23 127
40 24 82
40 25 51
40 26 132
40 27 130
40 28 153
40 29 116
40 30 80
40 31 43
40 32 6
40 33 157
40 34 154
40 35 158
40 36 82
40 37 146
40 38 124
40 39 68
41 0 141
41 1 78
41 2 122
41 3 100
41 4 147
41 5 45
41 6 117
41 7 31
41 8 116
41 9 104
41 10 15
41 11 141
41 12 74
41 13 105
41 14 71
41 15 74
41 16 73
41 17 19
41 18 14
41 19 143
41 20 61
41 21 73
41 22 18
41 23 2
41 24 95
41 25 15
41 26 98
41 27 37
41 28 151
41 29 107
41 30 154
41 31 2
41 32 91
41 33 39
41 34 56
41 35 15
41 36 89
41 37 51
41 38 2
41 39 101
41 40 63
42 0 53
42 1 128
42 2 146
42 3 102
42 4 144
42 5 8
42 6 30
42 7 40
42 8 9
42 9 140
42 10 119
42 11 84
42 12 35
42 13 63
42 14 65
42 15 75
42 16 93
42 17 74
42 18 156
42 19 22
42 20 40
42 21 150
42 22 45
42 23 59
42 24 46
42 25 89
42 26 150
42 27 111
42 28 67
42 29 151
42 30 153
42 31 89
42 32 36
42 33 57
42 34 120
42 35 15
42 36 137
42 37 19
42 38 40
42 39 6
42 40 126
42 41 149
43 0 15
43 1 81
43 2 11
43 3 72
43 4 37
43 5 129
43 6 9
43 7 139
43 8 40
43 9 80
43 10 102
43 11 53
43 12 61
43 13 43
43 14 65
43 15 75
43 16 157
43 17 68
43 18 51
43 19 66
43 20 135
43 21 13
43 22 122
43 23 152
43 24 126
43 25 52
43 26 16
43 27 128
43 28 42
43 29 141
43 30 15
43 31 24
43 32 152
43 33 20
43 34 122
43 35 147
43 36 106
43 37 71
43 38 101
43 39 49
43 40 146
43 41 53
43 42 57
44 0 120
44 1 157
44 2 104
44 3 39
44 4 43
44 5 79
44 6 157
44 7 20
44 8 122
44 9 98
44 10 155
44 11 90
44 12 133
44 13 77
44 14 27
44 15 70
44 16 24
44 17 91
44 18 114
44 19 49
44 20 78
44 21 154
44 22 122
44 23 22
44 24 133
44 25 119
44 26 122
44 27 47
44 28 46
44 29 15
44 30 117
44 31 136
44 32 113
44 33 113
44 34 32
44 35 106
44 36 25
44 37 98
44 38 100
44 39 120
44 40 114
44 41 96
44 42 39
44 43 136
45 0 40
45 1 116
45 2 116
45 3 52
45 4 17
45 5 105
45 6 29
45 7 112
45 8 137
45 9 135
45 10 48
45 11 84
45 12 91
45 13 118
45 14 104
45 15 53
45 16 44
45 17 95
45 18 84
45 19 147
45 20 83
45 21 80
45 22 127
45 23 31
45 24 37
45 25 116
45 26 91
45 27 49
45 28 42
45 29 96
45 30 136
45 31 134
45 32 55
45 33 50
45 34 43
45 35 41
45 36 56
45 37 87
45 38 101
45 39 143
45 40 6
45 41 123
45 42 160
45 43 24
45 44 118
46 0 89
46 1 57
46 2 118
46 3 90
46 4 43
46 5 28
46 6 18
46 7 35
46 8 9
46 9 69
46 10 64
46 11 72
46 12 146
46 13 140
46 14 78
46 15 98
46 16 39
46 17 94
46 18 22
46 19 9
46 20 46
46 21 24
46 22 30
46 23 36
46 24 33
46 25 151
46 26 42
46 27 97
46 28 130
46 29 70
46 30 89
46 31 13
46 32 24
46 33 69
46 34 98
46 35 33
46 36 75
46 37 102
46 38 24
46 39 70
46 40 38
46 41 19
46 42 51
46 43 74
46 44 51
46 45 55
47 0 5
47 1 5
47 2 68
47 3 157
47 4 30
47 5 6
47 6 61
47 7 111
47 8 150
47 9 103
47 10 155
47 11 77
47 12 54
47 13 128
47 14 48
47 15 62
47 16 159
47 17 64
47 18 153
47 19 98
47 20 90
47 21 148
47 22 65
47 23 54
47 24 48
47 25 56
47 26 71
47 27 128
47 28 135
47 29 92
47 30 93
47 31 74
47 32 10
47 33 130
47 34 111
47 35 35
47 36 100
47 37 86
47 38 66
47 39 20
47 40 94
47 41 1
47 42 148
47 43 158
47 44 38
47 45 73
47 46 42
48 0 121
48 1 133
48 2 70
48 3 39
48 4 122
48 5 20
48 6 160
48 7 97
48 8 4
48 9 129
48 10 87
48 11 9
48 12 38
48 13 24
48 14 102
48 15 34
48 16 41
48 17 86
48 18 22
48 19 106
48 20 6
48 21 115
48 22 55
48 23 111
48 24 73
48 25 144
48 26 14
48 27 54
48 28 75
48 29 7
48 30 145
48 31 132
48 32 71
48 33 155
48 34 128
48 35 91
48 36 116
48 37 25
48 38 29
48 39 42
48 40 111
48 41 48
48 42 153
48 43 131
48 44 149
48 45 13
48 46 150
48 47 7
49 0 41
49 1 104
49 2 160
49 3 68
49 4 102
49 5 124
49 6 105
49 7 69
49 8 63
49 9 114
49 10 150
49 11 7
49 12 23
49 13 35
49 14 140
49 15 98
49 16 49
49 17 38
49 18 137
49 19 26
49 20 44
49 21 39
49 22 96
49 23 112
49 24 80
49 25 28
49 26 120
49 27 41
49 28 4
49 29 91
49 30 20
49 31 95
49 32 56
49 33 35
49 34 21
49 35 153
49 36 94
49 37 84
49 38 160
49 39 22
49 40 43
49 41 56
49 42 132
49 43 136
49 44 50
49 45 1
49 46 67
49 47 23
49 48 1
