40
2 0 252
2 1 122
3 0 219
3 1 92
3 2 214
4 0 166
4 1 115
4 2 96
4 3 153
5 0 68
5 1 206
5 2 1
5 3 317
5 4 52
6 0 13
6 1 271
6 2 291
6 3 227
6 4 196
6 5 246
7 0 216
7 1 72
7 2 267
7 3 135
7 4 258
7 5 276
7 6 165
8 0 80
8 1 59
8 2 307
8 3 286
8 4 118
8 5 20
8 6 207
8 7 94
9 0 120
9 1 240
9 3 166
9 5 180
9 6 81
9 7 69
9 8 219
10 0 56
10 1 107
10 2 223
10 3 66
10 4 214
10 6 216
10 7 296
10 8 302
10 9 116
11 0 34
11 1 311
11 2 201
11 3 313
11 4 319
11 5 43
11 7 172
11 9 254
11 10 279
12 0 292
12 3 11
12 4 186
12 5 52
12 6 250
12 7 291
12 8 153
12 9 296
12 10 208
12 11 148
13 0 207
13 1 21
13 2 263
13 3 201
13 4 311
13 5 115
13 6 141
13 7 217
13 8 212
13 9 227
13 10 137
13 11 262
13 12 180
14 0 200
14 1 142
14 2 307
14 3 155
14 5 205
14 6 206
14 8 72
14 9 104
14 10 150
14 11 225
14 12 8
14 13 250
15 0 264
15 2 272
15 3 17
15 4 164
15 5 115
15 6 85
15 7 268
15 8 310
15 9 109
15 10 226
15 11 136
15 12 214
15 13 286
15 14 288
16 0 224
16 1 206
16 2 13
16 4 110
16 5 71
16 6 264
16 7 124
16 8 122
16 11 166
16 12 133
16 14 175
16 15 175
17 1 41
17 3 35
17 4 311
17 5 282
17 6 40
17 7 311
17 8 51
17 9 72
17 10 122
17 11 295
17 12 318
17 13 140
17 15 47
17 16 280
18 0 166
18 1 47
18 2 235
18 3 130
18 4 264
18 5 311
18 6 56
18 7 176
18 8 87
18 9 182
18 10 283
18 11 252
18 12 97
18 13 97
18 14 65
18 15 191
18 16 80
18 17 23
19 0 219
19 1 112
19 2 318
19 4 38
19 5 235
19 6 318
19 7 198
19 8 307
19 9 16
19 10 161
19 11 288
19 12 315
19 13 279
19 14 76
19 15 140
19 16 168
19 18 27
20 0 207
20 1 209
20 2 217
20 3 246
20 4 57
20 5 145
20 6 190
20 7 298
20 8 317
20 9 12
20 10 3
20 11 76
20 12 93
20 13 202
20 14 248
20 15 209
20 16 238
20 17 261
20 18 117
20 19 138
21 0 85
21 1 66
21 3 129
21 4 241
21 5 177
21 6 214
21 7 317
21 8 133
21 9 36
21 10 136
21 11 241
21 12 163
21 13 38
21 14 145
21 15 197
21 16 68
21 17 181
21 18 26
21 19 43
21 20 76
22 0 291
22 1 200
22 2 185
22 3 304
22 4 97
22 5 310
22 6 7
22 7 271
22 8 304
22 9 184
22 11 166
22 12 11
22 13 216
22 14 134
22 15 150
22 16 141
22 17 306
22 18 154
22 19 116
22 20 27
22 21 209
23 0 291
23 1 111
23 2 137
23 3 251
23 4 306
23 5 180
23 6 32
23 7 120
23 8 199
23 9 97
23 10 182
23 11 183
23 13 274
23 14 162
23 15 285
23 16 9
23 17 170
23 18 231
23 19 149
23 20 35
23 21 30
23 22 239
24 1 14
24 2 234
24 4 215
24 5 23
24 6 190
24 7 74
24 8 241
24 9 30
24 10 272
24 11 62
24 12 107
24 13 137
24 14 33
24 15 236
24 16 76
24 17 200
24 18 119
24 19 152
24 20 74
24 21 236
24 23 230
25 0 282
25 1 3
25 2 180
25 3 282
25 6 124
25 7 225
25 8 49
25 10 86
25 11 170
25 12 260
25 13 42
25 14 238
25 15 35
25 16 309
25 17 280
25 18 67
25 20 291
25 21 264
25 22 149
25 23 243
25 24 38
26 0 118
26 1 103
26 2 170
26 4 195
26 5 147
26 6 242
26 7 10
26 8 299
26 9 248
26 10 30
26 11 315
26 13 61
26 14 284
26 15 248
26 16 98
26 17 140
26 19 140
26 20 143
26 21 21
26 22 131
26 23 56
26 24 162
26 25 216
27 0 23
27 1 162
27 2 84
27 3 283
27 4 34
27 5 115
27 6 6
27 8 79
27 9 59
27 10 23
27 11 197
27 12 38
27 13 148
27 14 228
27 15 52
27 16 129
27 17 122
27 19 207
27 20 223
27 22 29
27 23 57
27 24 278
27 25 44
27 26 309
28 0 250
28 1 188
28 2 45
28 3 214
28 4 191
28 5 283
28 6 277
28 7 112
28 8 310
28 9 219
28 10 230
28 11 38
28 12 140
28 13 228
28 14 102
28 15 56
28 16 87
28 17 116
28 18 42
28 19 91
28 20 270
28 22 19
28 23 73
28 24 246
28 25 114
28 26 57
28 27 257
29 0 320
29 1 235
29 2 87
29 3 188
29 4 301
29 5 154
29 6 293
29 7 303
29 8 77
29 9 164
29 10 70
29 11 147
29 12 7
29 13 244
29 14 94
29 15 295
29 16 254
29 17 270
29 18 298
29 20 3
29 21 192
29 22 29
29 23 185
29 24 289
29 25 231
29 26 30
29 27 224
29 28 217
30 0 52
30 1 288
30 2 85
30 3 147
30 5 164
30 6 73
30 7 302
30 8 70
30 9 7
30 10 88
30 11 29
30 12 97
30 13 35
30 14 134
30 15 140
30 17 238
30 18 173
30 20 52
30 21 245
30 22 146
30 23 99
30 24 181
30 25 224
30 26 314
30 27 306
30 29 228
31 0 291
31 1 23
31 2 14
31 3 311
31 5 47
31 6 239
31 7 287
31 8 211
31 9 97
31 10 102
31 11 13
31 12 268
31 13 294
31 14 16
31 15 285
31 16 126
31 17 276
31 18 158
31 19 116
31 20 6
31 22 96
31 23 66
31 25 7
31 26 197
31 27 119
31 28 140
31 29 27
31 30 189
32 0 78
32 1 211
32 2 166
32 3 44
32 4 75
32 5 233
32 6 2
32 8 305
32 9 36
32 10 81
32 11 216
32 12 123
32 13 314
32 14 79
32 15 88
32 16 30
32 18 197
32 20 283
32 21 107
32 22 18
32 23 146
32 24 16
32 25 313
32 26 61
32 27 90
32 28 260
32 29 59
32 30 180
32 31 256
33 0 94
33 1 90
33 2 71
33 3 63
33 4 260
33 5 38
33 6 49
33 7 5
33 8 205
33 9 141
33 10 159
33 11 230
33 12 300
33 13 318
33 14 277
33 15 205
33 16 172
33 17 143
33 18 23
33 19 297
33 20 164
33 21 113
33 22 279
33 23 127
33 24 256
33 25 224
33 26 172
33 27 150
33 28 84
33 29 254
33 30 118
33 31 167
34 1 163
34 2 138
34 3 114
34 4 156
34 5 63
34 6 53
34 7 204
34 8 267
34 9 223
34 10 196
34 11 153
34 12 256
34 13 107
34 14 141
34 16 161
34 17 66
34 18 60
34 19 214
34 20 132
34 21 40
34 22 146
34 23 117
34 24 233
34 27 25
34 28 117
34 29 137
34 30 291
34 31 1
34 32 287
35 0 176
35 1 86
35 2 147
35 3 314
35 4 224
35 5 304
35 6 82
35 7 104
35 9 319
35 10 193
35 11 164
35 12 249
35 14 255
35 15 297
35 16 305
35 17 108
35 18 246
35 19 245
35 20 70
35 21 6
35 22 297
35 23 94
35 24 213
35 25 138
35 27 2
35 28 288
35 29 98
35 30 189
35 31 266
35 32 171
35 33 242
35 34 177
36 0 170
36 1 20
36 2 308
36 3 169
36 4 97
36 5 151
36 6 42
36 7 145
36 8 16
36 9 119
36 11 98
36 12 267
36 13 298
36 14 70
36 15 298
36 16 135
36 17 165
36 18 308
36 19 193
36 20 9
36 21 235
36 22 4
36 23 217
36 24 129
36 25 281
36 27 299
36 28 67
36 29 69
36 30 215
36 31 292
36 32 146
36 33 128
36 34 66
36 35 92
37 0 77
37 1 32
37 2 33
37 3 47
37 4 254
37 5 237
37 6 74
37 7 38
37 8 301
37 9 2
37 10 3
37 11 258
37 12 181
37 13 277
37 14 302
37 15 313
37 16 230
37 17 221
37 18 157
37 19 153
37 20 37
37 21 318
37 22 216
37 23 6
37 24 317
37 25 196
37 28 81
37 30 68
37 31 210
37 32 16
37 33 59
37 34 32
37 35 188
37 36 34
38 0 35
38 1 248
38 2 44
38 3 162
38 5 277
38 6 124
38 7 164
38 8 198
38 9 87
38 10 228
38 11 60
38 12 44
38 13 146
38 14 167
38 15 15
38 16 171
38 17 97
38 18 82
38 19 42
38 20 55
38 21 139
38 22 136
38 23 131
38 24 211
38 25 36
38 26 312
38 27 178
38 28 30
38 30 255
38 31 288
38 33 196
38 34 156
38 35 146
38 36 8
38 37 144
39 1 221
39 2 282
39 3 127
39 4 164
39 5 53
39 6 110
39 7 320
39 8 286
39 9 129
39 10 205
39 12 261
39 13 171
39 14 239
39 15 84
39 16 270
39 17 228
39 18 290
39 19 129
39 20 66
39 21 77
39 22 179
39 23 293
39 24 53
39 25 273
39 27 36
39 28 107
39 29 155
39 30 37
39 31 188
39 32 191
39 33 226
39 34 263
39 36 193
39 37 240
39 38 6
