40
4 0 40
4 1 66
4 2 18
4 3 6
6 0 15
6 1 80
6 5 80
7 0 30
7 3 3
7 4 11
7 6 58
8 5 22
8 7 77
9 3 30
9 5 31
10 1 54
11 0 44
11 3 71
11 5 3
11 9 42
12 1 39
12 2 51
12 3 33
12 8 4
12 11 25
13 6 74
14 0 66
14 1 34
14 5 73
14 8 76
15 0 42
15 1 31
15 4 19
15 5 11
15 7 76
15 8 64
15 9 33
15 10 70
15 11 27
15 12 13
16 1 63
16 11 64
16 12 42
16 13 48
17 2 68
17 3 74
17 5 63
17 6 12
17 9 22
17 11 57
17 13 27
17 14 45
17 15 38
18 4 5
18 5 63
18 6 22
18 7 32
18 8 48
18 9 34
18 11 67
18 12 37
18 14 9
18 15 22
18 16 62
18 17 65
19 2 3
19 3 27
19 8 75
19 9 33
19 10 66
19 11 80
19 16 4
20 0 22
20 2 35
20 5 45
20 6 30
20 8 50
20 10 55
20 12 23
20 13 38
20 14 32
20 16 61
20 17 3
21 0 28
21 2 40
21 4 6
21 6 48
21 9 32
21 10 79
21 11 21
21 14 31
21 17 15
21 18 52
22 0 37
22 3 61
22 5 39
22 8 60
22 9 72
22 10 24
22 11 54
22 13 52
22 16 67
22 17 20
22 18 70
22 21 3
23 2 73
23 5 35
23 6 60
23 8 71
23 10 33
23 11 23
23 14 69
23 20 37
23 22 5
24 0 42
24 1 39
24 2 58
24 3 41
24 4 8
24 6 64
24 7 17
24 9 18
24 10 12
24 11 45
24 12 2
24 14 66
24 15 77
24 16 42
24 19 72
24 20 43
24 21 13
24 22 18
25 1 6
25 2 47
25 3 60
25 4 67
25 5 42
25 6 22
25 8 38
25 9 69
25 12 11
25 13 26
25 14 36
25 16 61
25 17 4
25 18 54
25 19 78
25 20 11
25 21 23
25 23 70
25 24 56
26 2 65
26 9 17
26 12 10
26 13 25
26 14 64
26 16 9
26 17 63
26 18 2
26 19 74
26 20 12
26 24 53
26 25 59
27 3 10
27 5 67
27 6 61
27 7 24
27 8 51
27 9 37
27 10 57
27 11 58
27 13 37
27 14 66
27 15 43
27 16 19
27 18 8
27 19 55
27 20 47
27 22 76
27 24 48
27 25 24
28 3 54
28 6 80
28 7 38
28 8 51
28 11 76
28 13 12
28 14 41
28 15 33
28 16 58
28 17 26
28 18 23
28 21 5
28 23 17
28 25 29
28 27 9
29 3 49
29 5 57
29 7 71
29 9 52
29 11 58
29 14 58
29 15 57
29 16 54
29 18 36
29 21 78
29 27 54
29 28 20
30 1 7
30 3 55
30 4 38
30 5 56
30 9 41
30 10 52
30 12 43
30 14 20
30 15 50
30 16 48
30 17 15
30 19 49
30 20 69
30 25 78
30 27 36
31 2 76
31 5 30
31 6 50
31 8 52
31 9 48
31 10 65
31 12 52
31 15 62
31 16 18
31 18 14
31 19 6
31 20 57
31 21 55
31 24 26
31 25 27
31 30 58
32 1 13
32 5 22
32 6 66
32 7 61
32 10 33
32 11 1
32 12 80
32 19 28
32 22 14
32 24 51
32 25 23
32 27 49
32 28 5
33 0 59
33 1 65
33 7 15
33 8 80
33 9 67
33 10 40
33 15 32
33 16 55
33 19 60
33 20 27
33 22 2
33 23 49
33 25 76
33 28 24
33 29 36
33 30 60
33 31 19
33 32 3
34 0 42
34 2 14
34 3 51
34 4 7
34 5 50
34 15 57
34 16 4
34 17 3
34 21 28
34 22 80
34 23 13
34 25 49
34 27 22
34 29 61
34 30 50
34 31 74
34 33 71
35 3 70
35 4 19
35 5 79
35 7 12
35 8 11
35 9 59
35 13 56
35 17 36
35 19 74
35 20 32
35 23 50
35 25 10
35 27 54
35 30 12
35 33 79
36 1 8
36 2 66
36 4 67
36 5 68
36 6 11
36 7 33
36 10 37
36 13 33
36 15 45
36 17 15
36 18 28
36 20 38
36 23 32
36 25 72
36 26 16
36 27 64
36 28 79
36 29 13
36 30 76
36 33 24
36 34 66
36 35 21
37 0 20
37 1 67
37 3 36
37 4 68
37 5 7
37 8 72
37 10 75
37 11 4
37 15 27
37 17 60
37 19 2
37 20 62
37 23 10
37 24 19
37 26 42
37 27 3
37 29 74
37 30 73
37 34 22
37 36 22
38 2 12
38 3 22
38 5 4
38 6 21
38 10 66
38 11 63
38 12 11
38 15 5
38 16 68
38 18 1
38 20 43
38 21 32
38 24 29
38 26 12
38 28 71
39 0 59
39 3 40
39 4 73
39 5 15
39 6 77
39 7 66
39 9 29
39 14 49
39 16 10
39 20 32
39 29 56
39 32 65
39 35 19
39 36 72
39 37 38
