30
2 1 14
3 1 8
4 0 12
4 1 11
5 0 11
5 1 2
6 0 11
6 1 28
6 2 15
6 3 32
7 0 12
7 3 6
7 4 4
8 3 10
8 6 5
9 0 21
9 8 8
10 1 32
10 3 13
10 5 28
10 6 28
10 8 35
10 9 38
11 0 26
11 2 35
11 5 5
11 10 40
12 2 12
12 5 38
12 11 7
13 1 15
13 3 15
13 7 28
13 10 26
13 11 12
14 7 23
14 9 38
14 10 3
14 11 36
15 1 24
15 2 32
15 3 4
15 6 10
15 7 35
15 8 3
15 14 32
16 4 21
16 7 12
16 8 6
16 11 5
16 12 18
17 0 22
17 1 10
17 3 21
17 4 19
17 5 9
17 6 34
17 7 27
17 8 31
17 12 39
17 14 27
18 0 7
18 1 6
18 2 5
18 5 13
18 7 17
18 8 28
18 13 6
19 1 28
19 10 36
19 11 21
19 14 34
19 15 18
19 16 27
19 17 5
19 18 1
20 1 24
20 3 40
20 4 3
20 7 23
20 12 15
20 14 14
20 17 37
20 18 29
20 19 1
21 0 5
21 1 28
21 4 15
21 5 24
21 9 2
21 15 1
21 16 21
21 17 13
21 19 10
22 1 32
22 4 7
22 5 15
22 7 8
22 11 36
22 12 7
22 14 15
22 18 40
23 2 31
23 3 18
23 8 23
23 13 7
23 14 18
23 15 30
23 16 23
23 18 34
23 19 5
24 2 19
24 6 19
24 7 18
24 13 29
24 17 9
24 22 25
25 3 32
25 6 33
25 7 37
25 8 32
25 11 26
25 12 14
25 18 22
25 20 33
25 22 36
26 0 4
26 1 17
26 9 31
26 13 4
26 18 17
26 22 23
26 23 13
26 24 36
26 25 38
27 0 22
27 1 16
27 5 2
27 6 1
27 12 27
27 14 24
27 15 23
27 18 21
27 22 40
27 25 37
28 0 40
28 4 31
28 6 22
28 7 30
28 11 16
28 12 3
28 18 7
28 24 3
28 25 22
28 27 1
29 0 32
29 2 23
29 3 33
29 4 3
29 6 33
29 7 20
29 8 29
29 9 23
29 11 29
29 13 26
29 15 7
29 16 5
29 20 17
29 21 18
29 22 17
29 23 36
29 26 28
