70
4 0 12
6 0 17
6 2 18
7 6 14
9 0 6
9 4 20
10 1 19
10 4 16
11 4 12
13 8 15
13 11 16
14 0 20
14 6 19
14 7 15
14 8 18
14 10 2
15 3 3
15 5 20
15 7 14
15 10 2
15 12 8
16 1 4
16 4 4
16 15 1
17 2 20
17 5 7
17 6 5
17 7 18
17 14 12
18 2 5
18 4 17
18 11 16
19 0 17
19 8 1
19 10 7
19 13 10
20 3 9
20 7 17
20 8 3
20 10 13
20 12 2
20 13 13
20 14 4
21 2 16
21 6 2
21 9 1
21 11 6
21 18 7
22 2 16
22 8 1
22 9 16
23 2 1
23 5 8
23 6 2
23 13 13
23 21 17
23 22 13
24 2 11
24 9 20
24 18 1
24 23 16
25 8 15
25 9 6
25 13 18
25 18 13
26 0 1
26 3 11
26 4 10
26 6 3
26 7 2
26 12 13
26 13 20
26 15 17
27 2 5
27 9 1
27 24 14
28 5 5
28 7 18
28 8 14
28 24 12
28 27 12
29 0 15
29 7 2
29 10 3
29 13 7
29 14 14
29 27 5
30 6 19
30 9 6
30 20 13
30 21 16
30 29 19
31 8 10
31 9 4
31 14 6
31 16 13
31 17 12
31 21 1
31 23 15
31 27 5
31 28 13
32 0 13
32 10 7
32 14 11
32 16 10
32 19 7
32 21 16
32 23 16
32 26 10
33 3 12
33 9 13
33 10 8
33 18 12
33 19 15
33 21 14
34 1 8
34 2 6
34 6 11
34 8 16
34 20 4
34 26 16
34 31 7
35 2 14
35 13 12
35 15 18
35 16 4
35 21 7
35 22 1
35 33 12
36 5 20
36 9 9
36 10 4
36 12 6
36 13 12
36 15 19
36 17 16
36 19 10
36 25 2
36 29 2
37 4 18
37 20 9
38 0 8
38 2 4
38 9 5
38 12 1
38 19 17
38 23 12
38 24 11
38 25 16
38 26 15
38 29 9
38 32 17
38 35 7
39 0 13
39 2 15
39 4 4
39 13 12
39 22 1
39 25 13
39 32 4
39 38 17
40 2 3
40 6 2
40 8 3
40 10 9
40 11 3
40 20 2
40 23 6
40 24 12
40 28 11
40 29 19
40 37 11
41 6 20
41 7 12
41 8 9
41 10 8
41 11 15
41 13 5
41 16 7
41 23 10
41 26 17
41 31 14
41 34 19
42 7 12
42 8 8
42 10 4
42 19 18
42 20 14
42 24 15
42 25 18
42 26 12
42 34 12
42 36 8
42 41 20
43 3 11
43 6 9
43 17 8
43 29 5
43 33 14
43 34 14
43 37 17
44 3 5
44 10 7
44 11 17
44 30 5
44 33 15
44 34 15
44 43 17
45 12 8
45 19 12
45 25 15
45 28 5
45 31 9
45 33 1
45 35 2
45 42 3
46 2 20
46 9 4
46 14 15
46 17 12
46 21 18
46 24 12
46 26 17
46 28 12
46 30 12
46 35 19
46 39 1
46 41 3
46 45 5
47 7 6
47 10 14
47 23 14
47 24 14
47 25 14
47 32 10
47 37 3
47 38 6
47 46 20
48 6 17
48 7 1
48 11 13
48 13 4
48 16 12
48 17 18
48 21 13
48 22 5
48 33 9
48 43 5
49 3 1
49 4 2
49 6 17
49 12 6
49 14 5
49 19 13
49 26 7
49 31 15
49 32 10
49 33 3
49 38 5
49 45 7
50 3 20
50 6 15
50 13 14
50 18 16
50 23 6
50 32 16
50 36 18
50 44 20
50 46 9
51 0 19
51 4 11
51 7 9
51 8 1
51 13 6
51 16 1
51 32 6
51 37 12
51 39 7
51 44 3
51 50 18
52 0 9
52 5 11
52 6 8
52 8 8
52 15 19
52 16 13
52 21 6
52 28 4
52 36 9
52 48 12
53 7 9
53 9 2
53 11 1
53 18 14
53 25 8
53 40 4
54 2 15
54 6 10
54 14 3
54 24 10
54 28 12
54 31 19
54 39 18
54 41 12
54 42 20
54 45 11
54 49 11
55 10 15
55 12 10
55 14 8
55 17 13
55 21 20
55 22 8
55 27 7
55 29 10
55 33 16
55 36 17
55 39 4
55 44 20
55 47 16
55 54 13
56 7 3
56 20 12
56 23 9
56 27 15
56 31 20
56 33 4
56 39 10
56 42 10
56 44 10
56 47 8
57 2 12
57 3 3
57 17 20
57 20 3
57 29 2
57 50 7
57 51 2
57 53 14
57 55 1
57 56 3
58 3 16
58 6 11
58 14 14
58 20 14
58 26 6
58 27 18
58 34 11
58 37 2
58 43 15
58 50 11
58 55 13
59 1 4
59 17 1
59 22 19
59 23 4
59 29 6
59 33 6
59 48 5
59 49 2
59 55 1
59 56 19
59 57 13
60 3 12
60 4 7
60 8 16
60 9 9
60 10 5
60 18 5
60 22 11
60 29 11
60 31 13
60 36 2
60 38 2
60 46 11
60 49 16
60 51 11
60 56 13
60 57 5
60 58 20
61 3 4
61 7 15
61 16 6
61 22 20
61 23 10
61 26 1
61 30 10
61 33 12
62 0 13
62 1 8
62 6 6
62 8 1
62 12 13
62 13 20
62 15 7
62 16 9
62 18 20
62 23 12
62 24 11
62 35 4
62 42 14
62 48 20
62 57 10
63 8 19
63 10 17
63 16 18
63 18 9
63 22 7
63 27 14
63 31 13
63 41 18
63 45 7
63 52 13
63 57 15
64 1 17
64 7 2
64 15 10
64 24 20
64 28 13
64 33 10
64 35 16
64 48 19
64 50 14
64 53 11
64 56 11
65 3 10
65 10 15
65 18 7
65 23 17
65 25 16
65 26 5
65 35 7
65 38 13
65 43 9
65 45 9
65 58 7
65 61 2
65 63 7
65 64 10
66 8 10
66 9 16
66 14 5
66 16 12
66 17 8
66 22 17
66 25 2
66 31 15
66 33 20
66 35 9
66 37 4
66 46 12
66 48 4
66 53 4
66 55 5
66 59 8
66 61 18
67 0 18
67 4 12
67 9 4
67 17 9
67 27 1
67 35 10
67 39 6
67 42 9
67 45 17
67 52 11
67 53 12
67 61 10
67 64 3
68 6 8
68 12 17
68 16 1
68 18 20
68 29 10
68 30 14
68 37 16
68 39 5
68 54 13
68 57 2
68 65 3
68 67 20
69 0 12
69 1 16
69 23 7
69 42 9
69 53 5
69 54 9
69 56 8
69 58 17
69 61 17
69 67 7
69 68 15
