30
1 0 18
2 0 8
2 1 8
3 0 11
3 1 1
3 2 1
4 0 8
4 1 2
4 2 3
4 3 18
5 0 4
5 1 15
5 2 16
5 3 15
5 4 17
6 0 11
6 1 16
6 2 19
6 3 2
6 5 3
7 0 11
7 1 10
7 2 11
7 3 5
7 4 16
7 5 19
7 6 5
8 0 13
8 1 19
8 2 2
8 3 12
8 4 7
8 5 1
8 6 8
8 7 15
9 0 13
9 1 16
9 2 14
9 3 13
9 4 2
9 6 12
9 7 9
9 8 13
10 0 10
10 3 3
10 4 10
10 6 19
10 7 16
10 8 6
10 9 20
11 0 12
11 1 11
11 3 4
11 4 5
11 5 19
11 6 7
11 7 19
11 8 3
11 9 18
11 10 14
12 0 17
12 2 9
12 3 15
12 4 6
12 5 12
12 6 19
12 7 9
12 8 13
12 9 6
12 11 19
13 0 18
13 1 3
13 2 19
13 3 7
13 4 20
13 6 20
13 7 18
13 8 15
13 9 4
13 11 7
13 12 5
14 0 13
14 1 17
14 2 16
14 4 11
14 5 8
14 6 2
14 7 1
14 8 11
14 10 20
14 11 8
14 12 16
14 13 14
15 0 10
15 1 13
15 3 17
15 4 9
15 5 19
15 6 15
15 9 7
15 10 17
15 11 15
15 12 16
15 13 6
15 14 10
16 0 18
16 1 8
16 2 3
16 3 4
16 4 16
16 5 5
16 6 20
16 7 15
16 8 7
16 9 11
16 11 3
16 12 3
16 13 15
16 14 12
16 15 19
17 0 9
17 1 20
17 2 13
17 3 7
17 4 11
17 5 2
17 6 7
17 7 12
17 8 7
17 9 9
17 10 8
17 11 7
17 12 1
17 14 12
17 15 12
17 16 15
18 0 20
18 1 1
18 2 17
18 3 14
18 4 17
18 5 7
18 6 6
18 7 10
18 8 16
18 9 5
18 10 16
18 11 3
18 12 19
18 13 12
18 14 11
18 15 5
18 16 2
18 17 15
19 0 17
19 1 7
19 2 14
19 3 11
19 4 12
19 6 18
19 7 9
19 8 2
19 10 16
19 11 15
19 12 9
19 13 18
19 14 14
19 15 13
19 16 4
19 17 1
19 18 17
20 0 15
20 1 8
20 2 15
20 3 4
20 4 18
20 6 17
20 7 1
20 8 1
20 9 15
20 10 1
20 11 8
20 12 5
20 13 11
20 14 3
20 15 7
20 16 16
20 17 16
20 18 16
20 19 9
21 0 11
21 1 5
21 2 7
21 3 5
21 5 8
21 6 3
21 7 7
21 8 14
21 9 13
21 10 15
21 11 10
21 12 20
21 14 2
21 15 17
21 16 20
21 17 18
21 18 4
21 19 3
21 20 8
22 0 14
22 1 11
22 2 7
22 3 15
22 4 20
22 5 1
22 7 6
22 8 13
22 9 15
22 10 3
22 11 12
22 12 20
22 13 9
22 14 17
22 15 7
22 16 12
22 18 8
22 19 19
22 21 16
23 0 20
23 2 5
23 3 5
23 5 19
23 6 10
23 7 20
23 8 18
23 9 9
23 10 1
23 11 7
23 12 16
23 13 13
23 16 10
23 17 7
23 18 11
23 19 10
23 20 20
23 21 11
23 22 19
24 0 7
24 1 15
24 3 13
24 4 14
24 5 4
24 6 11
24 7 18
24 8 20
24 9 8
24 10 4
24 12 19
24 13 16
24 14 10
24 15 14
24 16 18
24 17 7
24 18 1
24 19 6
24 20 10
24 21 11
24 22 8
24 23 20
25 1 15
25 2 7
25 4 19
25 6 13
25 7 7
25 8 12
25 9 7
25 10 2
25 12 17
25 13 9
25 14 16
25 15 17
25 16 7
25 17 15
25 18 17
25 19 14
25 20 17
25 21 15
25 22 15
25 23 7
26 0 4
26 1 9
26 2 13
26 3 13
26 4 9
26 5 8
26 6 8
26 7 5
26 8 12
26 9 12
26 11 5
26 13 4
26 14 13
26 15 13
26 16 3
26 17 8
26 18 9
26 19 11
26 21 10
26 22 20
26 23 2
26 24 5
26 25 12
27 0 4
27 1 18
27 2 9
27 3 17
27 4 12
27 5 12
27 6 4
27 7 2
27 8 1
27 9 6
27 10 3
27 11 15
27 13 11
27 14 1
27 15 20
27 17 4
27 18 8
27 19 5
27 20 11
27 21 1
27 22 16
27 23 11
27 25 16
27 26 12
28 0 19
28 1 20
28 2 8
28 3 10
28 4 10
28 6 11
28 8 17
28 9 2
28 10 15
28 11 7
28 12 9
28 13 9
28 16 20
28 17 5
28 18 16
28 20 2
28 21 3
28 22 9
28 23 2
28 24 9
28 25 15
28 26 2
28 27 1
29 0 16
29 1 7
29 2 3
29 3 15
29 4 3
29 5 15
29 7 10
29 8 14
29 9 19
29 10 4
29 11 11
29 12 10
29 13 9
29 14 5
29 15 18
29 16 4
29 17 18
29 19 13
29 20 1
29 21 11
29 22 2
29 25 7
29 26 6
29 28 9
