60
2 1 5
4 0 2
4 2 6
5 4 3
6 1 7
7 1 10
7 2 4
7 5 2
7 6 6
8 2 1
8 5 3
8 7 4
9 1 7
9 2 2
9 3 7
9 7 5
10 3 3
10 5 9
10 6 2
11 0 1
11 1 2
11 3 6
11 4 3
11 5 4
11 7 1
11 10 7
12 0 4
12 1 10
12 2 3
12 10 6
13 0 9
13 2 1
13 7 1
14 3 8
14 6 10
14 9 4
14 11 9
14 13 9
15 0 2
15 2 4
15 3 4
15 7 5
15 10 5
15 12 10
15 13 2
16 3 2
16 6 9
16 8 6
16 12 5
16 14 10
17 3 8
17 4 8
17 6 7
17 7 9
17 8 5
17 11 10
17 14 3
17 16 5
18 1 6
18 5 9
18 6 6
18 9 1
18 11 5
18 13 5
18 17 1
19 0 9
19 6 10
19 7 8
19 9 9
19 11 3
19 12 6
20 0 1
20 2 5
20 5 8
20 7 10
20 8 10
20 9 4
20 12 7
20 17 2
20 19 9
21 0 9
21 6 4
21 8 2
21 14 4
21 15 10
21 17 8
21 18 6
21 20 10
22 0 6
22 4 3
22 6 9
22 7 6
22 8 2
22 9 9
22 10 4
22 13 7
22 14 6
22 18 9
23 0 7
23 2 1
23 3 1
23 6 8
23 8 5
23 10 3
23 12 10
23 17 10
23 18 10
23 20 9
24 6 5
24 11 2
24 15 5
24 17 2
24 18 2
24 20 9
24 22 6
25 5 2
25 6 1
25 8 5
25 9 5
25 11 10
25 12 3
25 14 1
25 16 5
25 17 10
25 18 6
25 19 4
25 22 10
26 0 1
26 3 3
26 7 1
26 11 8
26 13 2
26 14 3
26 16 1
26 20 4
27 1 1
27 9 2
27 11 5
27 19 10
27 21 3
27 22 3
28 0 5
28 1 1
28 3 5
28 8 9
28 10 5
28 16 3
28 17 1
28 19 9
28 21 4
28 24 10
28 25 2
29 0 8
29 1 3
29 2 5
29 6 10
29 7 3
29 9 7
29 11 2
29 12 9
29 16 2
29 17 2
29 20 2
29 24 2
30 0 3
30 2 6
30 4 4
30 6 2
30 7 3
30 8 4
30 9 5
30 13 2
30 15 6
30 17 6
30 18 10
30 21 8
30 23 1
30 25 1
30 27 6
30 28 9
30 29 9
31 2 1
31 3 10
31 8 9
31 9 2
31 10 10
31 11 5
31 15 1
31 22 3
31 24 1
31 25 6
31 29 9
32 4 7
32 9 9
32 10 5
32 13 1
32 18 2
32 19 2
32 25 4
32 26 3
32 27 1
33 0 1
33 1 8
33 3 10
33 11 8
33 12 3
33 14 8
33 22 10
33 24 1
33 27 10
33 31 10
34 2 4
34 3 7
34 4 1
34 5 2
34 7 8
34 8 10
34 10 5
34 14 9
34 20 3
34 26 2
34 27 10
34 30 10
35 1 3
35 2 6
35 6 3
35 9 9
35 10 8
35 13 4
35 15 3
35 18 2
35 22 6
35 25 9
35 26 4
35 27 8
35 32 4
35 33 9
35 34 2
36 0 2
36 4 2
36 5 4
36 9 5
36 10 1
36 16 4
36 20 7
36 21 7
36 24 9
36 25 10
36 27 7
36 28 3
36 29 4
36 31 4
36 32 9
36 33 9
36 35 7
37 6 3
37 7 8
37 8 4
37 11 3
37 14 4
37 18 2
37 21 10
37 22 3
37 23 8
37 26 2
37 31 5
37 36 6
38 0 2
38 1 9
38 3 9
38 7 5
38 10 5
38 12 5
38 13 6
38 16 6
38 17 9
38 19 2
38 22 9
38 24 6
38 25 3
38 26 10
38 32 1
38 33 5
38 36 9
39 1 1
39 2 8
39 4 3
39 5 7
39 8 6
39 10 3
39 15 2
39 16 8
39 18 9
39 20 1
39 21 2
39 25 10
39 26 10
39 31 1
39 32 3
39 33 9
39 36 9
39 37 3
39 38 8
40 0 6
40 2 6
40 4 3
40 5 9
40 12 4
40 14 2
40 17 5
40 18 1
40 21 7
40 22 6
40 23 1
40 24 9
40 26 2
40 28 2
40 29 1
40 31 2
40 33 1
40 34 9
40 38 4
40 39 6
41 6 7
41 7 2
41 15 7
41 16 4
41 18 2
41 19 4
41 22 8
41 25 2
41 27 1
41 28 10
41 30 9
41 33 7
41 35 10
41 36 5
42 1 5
42 2 3
42 3 10
42 4 5
42 5 6
42 9 7
42 10 8
42 13 3
42 14 10
42 15 3
42 16 4
42 22 5
42 23 6
42 24 5
42 25 1
42 27 1
42 30 5
42 32 2
42 35 3
42 36 3
42 38 9
42 40 9
43 0 5
43 3 7
43 4 2
43 12 7
43 14 1
43 15 5
43 21 7
43 25 5
43 28 10
43 29 6
43 31 7
43 32 6
43 33 8
43 37 7
43 39 5
43 40 9
43 42 5
44 1 3
44 3 4
44 6 4
44 11 7
44 12 3
44 13 10
44 14 8
44 15 10
44 16 7
44 19 7
44 20 2
44 26 9
44 28 8
44 31 4
44 32 4
44 33 6
44 35 8
44 38 4
44 43 8
45 0 10
45 2 9
45 3 6
45 5 6
45 13 5
45 15 7
45 17 3
45 20 4
45 21 3
45 22 8
45 23 4
45 24 4
45 27 5
45 30 8
45 34 4
45 35 6
45 36 2
45 38 10
45 40 8
46 4 1
46 7 8
46 9 10
46 11 3
46 12 10
46 14 8
46 15 7
46 18 3
46 23 8
46 24 8
46 29 6
46 32 6
46 36 2
46 38 1
46 43 3
46 44 10
47 0 4
47 3 1
47 4 3
47 6 2
47 9 6
47 10 5
47 13 6
47 14 10
47 24 9
47 28 5
47 33 5
47 40 2
47 46 10
48 1 10
48 3 6
48 5 1
48 8 8
48 9 8
48 10 6
48 11 3
48 14 7
48 18 3
48 20 1
48 21 1
48 27 9
48 29 5
48 31 10
48 33 10
48 35 10
48 40 10
48 42 8
48 43 8
48 45 1
48 46 8
49 1 7
49 7 9
49 9 9
49 12 2
49 14 4
49 16 8
49 20 1
49 21 8
49 22 8
49 26 9
49 30 5
49 32 10
49 35 4
49 36 9
49 37 10
49 41 3
49 43 5
49 44 5
50 5 6
50 12 7
50 21 5
50 23 6
50 27 7
50 29 10
50 31 5
50 34 6
50 35 10
50 39 1
50 41 10
50 42 9
50 46 6
50 47 1
51 0 9
51 1 6
51 2 1
51 7 9
51 9 6
51 10 1
51 11 1
51 14 4
51 15 10
51 16 8
51 18 5
51 19 1
51 20 2
51 22 9
51 25 6
51 27 1
51 29 7
51 32 5
51 33 10
51 35 5
51 37 4
51 38 1
51 39 5
51 42 3
52 0 8
52 5 8
52 12 10
52 13 3
52 15 5
52 16 6
52 20 7
52 21 8
52 24 9
52 27 10
52 28 7
52 31 7
52 32 10
52 33 1
52 35 7
52 40 3
52 43 4
52 45 3
52 46 3
52 48 7
53 1 1
53 3 6
53 6 9
53 8 8
53 10 9
53 11 9
53 14 8
53 16 5
53 18 5
53 21 6
53 27 1
53 28 10
53 33 1
53 36 7
53 38 1
53 39 9
53 40 6
53 41 5
53 46 2
53 48 6
53 49 8
53 52 9
54 8 10
54 9 3
54 10 7
54 12 5
54 16 10
54 18 4
54 27 3
54 30 7
54 34 10
54 35 5
54 36 5
54 38 1
54 40 1
54 41 9
54 42 8
54 44 6
54 45 6
54 52 6
54 53 7
55 1 10
55 2 8
55 3 6
55 9 9
55 10 5
55 17 1
55 18 3
55 20 2
55 22 8
55 25 9
55 36 5
55 40 4
55 41 10
55 44 5
55 48 2
55 49 9
55 50 9
55 52 3
55 54 3
56 0 9
56 3 1
56 4 1
56 5 6
56 10 5
56 11 5
56 13 2
56 20 5
56 25 6
56 26 6
56 27 3
56 30 8
56 33 2
56 35 8
56 40 5
56 41 6
56 43 8
56 44 6
56 47 4
56 52 1
56 53 1
57 9 10
57 12 7
57 13 10
57 14 1
57 17 1
57 18 3
57 19 9
57 21 4
57 26 6
57 28 1
57 29 9
57 33 6
57 34 8
57 37 8
57 38 8
57 39 7
57 40 4
57 42 1
57 43 8
57 50 7
57 51 3
57 53 7
57 56 7
58 7 9
58 8 6
58 9 2
58 10 9
58 11 8
58 12 6
58 16 6
58 17 1
58 22 1
58 23 2
58 24 9
58 26 2
58 28 3
58 31 1
58 33 2
58 34 2
58 36 2
58 42 5
58 48 10
58 49 1
58 57 10
59 0 3
59 2 10
59 3 4
59 4 9
59 6 4
59 19 1
59 20 7
59 23 7
59 28 3
59 29 1
59 36 2
59 37 10
59 41 5
59 44 1
59 45 7
59 52 5
59 53 9
59 55 6
59 57 2
59 58 10
