30
1 0 34
2 0 9
2 1 23
3 0 37
3 1 39
3 2 34
4 0 9
4 1 28
4 2 16
5 0 23
5 2 39
5 3 38
5 4 8
6 0 21
6 1 11
6 3 24
6 4 27
7 0 38
7 1 36
7 2 25
7 3 1
7 4 8
7 6 37
8 0 2
8 1 23
8 2 10
8 5 20
9 0 5
9 1 22
9 2 16
9 3 23
9 4 28
9 6 15
9 7 15
9 8 30
10 4 36
10 6 28
10 7 19
10 8 23
11 1 24
11 3 3
11 5 1
11 7 31
11 8 9
11 10 17
12 2 16
12 3 7
12 4 27
12 5 13
12 6 24
12 7 3
12 9 4
12 10 11
12 11 19
13 2 3
13 3 15
13 6 19
13 7 15
13 8 11
13 9 31
13 10 10
13 11 15
13 12 2
14 0 24
14 1 18
14 2 17
14 3 9
14 4 16
14 5 10
14 6 13
14 7 5
14 9 8
14 10 32
14 12 36
15 1 28
15 2 9
15 3 1
15 5 12
15 7 34
15 9 2
15 10 39
15 11 14
15 13 30
16 0 27
16 5 12
16 6 22
16 7 20
16 8 28
16 9 23
16 11 39
16 12 37
16 14 11
16 15 24
17 1 36
17 2 15
17 4 40
17 5 37
17 7 10
17 8 40
17 9 10
17 10 15
17 12 40
17 14 13
17 15 31
18 1 15
18 3 38
18 4 29
18 5 21
18 6 37
18 7 31
18 8 31
18 9 5
18 11 30
18 13 4
18 14 23
19 0 26
19 1 39
19 2 15
19 4 12
19 5 28
19 8 33
19 10 36
19 11 14
19 12 1
19 13 18
19 14 14
19 16 16
19 18 9
20 0 32
20 1 32
20 2 13
20 4 8
20 5 34
20 6 33
20 7 14
20 9 27
20 11 2
20 12 9
20 15 27
20 16 40
20 17 27
20 18 20
21 0 5
21 1 38
21 2 5
21 3 20
21 4 14
21 5 36
21 6 26
21 7 19
21 9 26
21 10 17
21 11 4
21 12 11
21 13 38
21 14 34
21 15 25
21 17 24
21 18 4
21 19 5
21 20 19
22 1 35
22 4 4
22 6 27
22 7 30
22 9 39
22 10 2
22 11 2
22 12 40
22 14 15
22 15 33
22 16 18
22 20 23
22 21 11
23 0 21
23 1 12
23 2 10
23 3 33
23 4 15
23 5 13
23 6 1
23 7 24
23 8 9
23 10 4
23 11 18
23 12 6
23 13 23
23 14 11
23 15 21
23 17 24
23 19 35
23 20 15
23 22 18
24 0 27
24 1 37
24 2 38
24 3 30
24 4 21
24 5 24
24 7 40
24 10 31
24 11 10
24 13 12
24 17 36
24 18 36
24 19 30
24 20 36
24 21 14
24 22 30
24 23 32
25 0 5
25 1 12
25 2 31
25 4 26
25 5 22
25 6 14
25 8 18
25 9 7
25 10 6
25 11 27
25 12 20
25 15 35
25 17 19
25 20 33
25 21 28
25 22 34
25 23 31
26 0 11
26 1 15
26 2 31
26 3 12
26 4 6
26 5 30
26 6 33
26 8 26
26 10 8
26 11 19
26 12 2
26 13 16
26 14 13
26 15 35
26 16 15
26 19 1
26 20 5
26 21 38
26 22 38
26 23 11
26 24 39
26 25 21
27 1 1
27 2 31
27 3 25
27 4 7
27 6 25
27 8 14
27 9 31
27 10 37
27 12 14
27 13 10
27 14 20
27 15 24
27 17 2
27 19 30
27 20 18
27 21 19
27 22 26
27 23 37
27 24 12
27 25 36
28 0 37
28 1 35
28 2 21
28 4 28
28 6 37
28 7 14
28 8 33
28 9 6
28 10 10
28 12 34
28 14 26
28 15 12
28 16 8
28 17 37
28 18 29
28 19 36
28 21 23
28 23 8
28 24 39
28 25 1
28 27 13
29 0 34
29 1 5
29 3 40
29 4 21
29 7 21
29 8 15
29 10 12
29 13 4
29 14 25
29 15 12
29 17 23
29 19 24
29 20 29
29 21 14
29 22 3
29 23 29
29 24 10
29 25 18
29 26 34
29 27 13
29 28 16
