30
1 0 76
3 0 55
3 1 12
5 4 59
6 3 71
6 5 74
7 0 69
9 1 44
9 2 45
9 5 59
9 6 49
9 7 63
10 2 39
10 5 19
10 9 21
11 2 75
11 5 56
11 6 65
11 8 41
11 9 68
11 10 31
12 0 57
12 7 76
12 8 77
12 11 43
13 1 26
13 5 38
13 7 60
13 8 16
13 12 54
14 2 68
14 4 10
14 10 1
14 11 62
14 12 48
14 13 69
15 3 26
15 7 25
15 10 77
15 12 36
15 13 80
15 14 27
16 1 32
16 2 23
16 4 11
16 7 9
16 8 54
16 10 29
16 12 57
16 13 2
16 15 16
17 2 78
17 7 65
17 10 53
17 11 12
17 12 52
18 0 49
18 2 46
18 4 39
18 5 52
18 6 71
18 9 29
18 10 52
18 12 74
18 13 18
18 16 47
19 0 35
19 1 24
19 9 2
19 10 36
19 12 8
19 14 14
19 16 40
19 17 40
20 0 3
20 2 18
20 3 22
20 6 28
20 7 10
20 9 73
20 12 35
20 13 65
20 14 31
20 15 40
20 18 33
21 2 31
21 3 50
21 4 24
21 5 27
21 7 26
21 9 28
21 10 73
21 13 77
21 15 68
21 17 31
21 19 16
22 0 63
22 1 45
22 4 73
22 5 36
22 8 67
22 14 44
22 16 80
22 17 38
23 0 78
23 4 4
23 5 42
23 10 40
23 11 50
23 12 15
23 13 75
23 19 33
24 3 54
24 4 74
24 7 32
24 11 54
24 12 10
24 14 39
24 15 6
24 18 35
24 20 60
24 22 31
24 23 26
25 3 58
25 8 38
25 9 37
25 10 2
25 11 6
25 14 50
25 15 61
25 16 80
25 17 36
25 21 68
25 23 16
25 24 50
26 0 74
26 2 10
26 12 16
26 13 55
26 24 28
27 2 38
27 5 66
27 14 55
27 15 11
27 16 13
27 21 14
27 22 61
27 23 31
27 24 26
27 26 12
28 8 71
28 9 44
28 10 28
28 11 55
28 12 54
28 14 32
28 17 36
28 19 68
28 24 47
29 2 38
29 3 44
29 6 12
29 7 8
29 8 60
29 10 32
29 11 45
29 12 58
29 18 55
29 19 75
29 25 79
29 26 30
29 27 21
