40
1 0 4
2 0 6
2 1 3
3 0 8
3 1 10
4 0 9
4 2 3
4 3 8
5 1 7
5 3 9
5 4 3
6 0 8
6 1 6
6 2 1
6 4 1
6 5 1
7 0 2
7 1 9
7 2 3
7 4 10
8 0 2
8 1 10
8 2 1
8 4 8
8 6 5
9 1 7
9 3 9
9 4 3
9 5 3
9 6 10
9 8 8
10 1 5
10 2 3
10 3 6
10 4 5
10 5 8
10 7 6
10 8 7
10 9 5
11 0 7
11 1 6
11 2 9
11 3 6
11 4 9
11 5 9
11 6 4
11 9 3
11 10 2
12 0 2
12 1 3
12 2 2
12 4 8
12 5 5
12 8 10
12 9 5
12 10 4
12 11 4
13 0 9
13 1 2
13 2 2
13 3 9
13 4 2
13 5 2
13 6 3
13 7 3
13 8 1
13 9 3
13 10 1
13 11 7
13 12 10
14 0 1
14 1 5
14 2 1
14 3 2
14 4 1
14 5 1
14 6 3
14 8 3
14 9 3
14 10 4
14 12 3
15 0 3
15 1 10
15 2 1
15 3 10
15 4 3
15 5 2
15 6 5
15 7 10
15 9 4
15 10 9
15 11 2
15 12 4
15 13 4
15 14 3
16 0 1
16 2 7
16 3 2
16 4 6
16 5 8
16 6 10
16 7 1
16 8 7
16 9 6
16 10 8
16 11 8
16 12 1
16 13 9
16 14 10
16 15 5
17 0 1
17 1 7
17 2 3
17 3 5
17 4 4
17 5 8
17 6 7
17 7 6
17 8 8
17 9 4
17 10 8
17 11 8
17 12 10
17 13 5
17 14 1
17 15 1
17 16 2
18 0 7
18 1 4
18 2 7
18 3 10
18 4 10
18 5 9
18 6 2
18 7 7
18 8 2
18 11 4
18 12 3
18 13 5
18 14 9
18 15 1
18 16 4
18 17 1
19 0 6
19 1 3
19 2 10
19 3 7
19 4 6
19 6 4
19 7 7
19 8 9
19 10 9
19 11 4
19 12 6
19 14 8
19 15 1
19 16 3
19 18 3
20 0 5
20 1 4
20 2 8
20 3 7
20 4 5
20 5 3
20 6 10
20 7 1
20 8 6
20 9 6
20 10 7
20 11 1
20 12 2
20 14 8
20 15 10
20 16 7
20 17 5
20 18 10
21 0 6
21 2 3
21 3 4
21 4 7
21 5 1
21 6 5
21 7 6
21 8 6
21 9 3
21 10 1
21 11 4
21 12 10
21 14 2
21 15 5
21 16 10
21 18 7
22 5 1
22 6 6
22 7 8
22 8 3
22 9 1
22 10 3
22 11 6
22 12 7
22 13 4
22 14 9
22 15 1
22 16 1
22 17 7
22 18 10
22 19 4
22 21 5
23 0 10
23 1 9
23 2 8
23 4 5
23 6 3
23 8 7
23 9 10
23 10 2
23 11 7
23 12 6
23 14 3
23 15 10
23 16 8
23 18 4
23 19 10
23 20 4
23 21 1
24 0 1
24 2 6
24 5 9
24 7 2
24 8 1
24 9 4
24 10 5
24 11 1
24 12 4
24 14 10
24 15 4
24 16 3
24 17 8
24 18 9
24 19 4
24 20 6
24 21 9
24 22 4
25 1 6
25 2 1
25 3 3
25 4 3
25 5 7
25 6 7
25 7 9
25 8 3
25 9 9
25 10 7
25 11 1
25 12 1
25 14 5
25 15 2
25 16 6
25 18 2
25 19 8
25 20 8
25 22 3
26 0 7
26 1 8
26 2 8
26 3 10
26 4 9
26 5 1
26 6 3
26 9 5
26 10 6
26 12 1
26 13 3
26 15 10
26 16 9
26 17 8
26 18 7
26 19 5
26 20 6
26 21 7
26 23 6
26 24 2
26 25 10
27 0 4
27 1 7
27 2 3
27 3 9
27 4 6
27 5 2
27 6 7
27 7 7
27 9 3
27 11 1
27 12 3
27 13 9
27 14 2
27 16 9
27 17 6
27 19 1
27 20 7
27 21 5
27 22 9
27 23 5
27 24 7
27 25 6
28 0 3
28 2 7
28 3 3
28 4 1
28 5 4
28 6 3
28 7 8
28 8 6
28 9 1
28 10 9
28 11 3
28 12 8
28 13 7
28 14 9
28 15 8
28 16 9
28 17 4
28 20 10
28 21 4
28 22 10
28 23 5
28 24 9
28 25 7
28 27 2
29 0 2
29 1 5
29 2 4
29 4 6
29 5 5
29 6 6
29 7 8
29 8 3
29 9 10
29 10 5
29 11 4
29 12 5
29 13 10
29 14 10
29 15 8
29 16 4
29 17 5
29 18 4
29 19 9
29 20 6
29 22 3
29 24 6
29 28 10
30 0 6
30 1 2
30 2 2
30 4 8
30 5 3
30 6 9
30 7 4
30 8 2
30 9 6
30 10 3
30 13 3
30 14 3
30 15 2
30 16 8
30 17 7
30 18 3
30 19 5
30 20 7
30 21 5
30 22 10
30 25 10
30 26 6
30 27 5
30 28 8
30 29 1
31 0 8
31 1 10
31 2 7
31 5 7
31 7 10
31 8 4
31 9 4
31 10 7
31 11 9
31 12 4
31 13 4
31 14 2
31 15 9
31 16 5
31 17 8
31 18 2
31 19 4
31 20 5
31 21 1
31 23 1
31 24 9
31 25 5
31 26 6
31 27 1
31 28 5
31 29 8
31 30 3
32 0 9
32 1 6
32 2 7
32 3 2
32 4 1
32 6 2
32 8 9
32 9 8
32 10 8
32 12 5
32 13 2
32 14 3
32 15 8
32 16 1
32 17 6
32 18 9
32 19 2
32 20 9
32 21 8
32 22 8
32 25 5
32 26 9
32 27 7
32 28 1
32 29 1
32 30 6
32 31 6
33 1 10
33 2 8
33 3 9
33 5 7
33 6 5
33 8 6
33 9 4
33 10 7
33 12 8
33 13 4
33 14 9
33 15 3
33 17 8
33 18 4
33 19 1
33 20 9
33 21 8
33 23 10
33 24 10
33 25 3
33 26 5
33 27 9
33 28 10
33 29 3
33 30 7
33 31 3
33 32 2
34 0 3
34 1 7
34 2 5
34 3 8
34 4 8
34 5 5
34 7 8
34 8 5
34 10 9
34 11 4
34 12 1
34 14 4
34 15 9
34 17 7
34 18 7
34 20 10
34 21 7
34 22 4
34 23 6
34 24 1
34 25 8
34 26 5
34 27 3
34 30 8
34 31 1
34 32 9
34 33 5
35 1 9
35 2 1
35 3 2
35 4 1
35 5 3
35 6 2
35 8 9
35 9 7
35 10 2
35 11 8
35 12 7
35 14 1
35 16 3
35 17 5
35 18 5
35 19 7
35 23 1
35 25 2
35 26 9
35 27 10
35 28 4
35 29 10
35 31 2
35 34 8
36 0 10
36 2 3
36 3 6
36 4 9
36 5 5
36 7 3
36 8 5
36 10 5
36 11 1
36 12 2
36 13 2
36 15 3
36 16 4
36 17 10
36 18 9
36 19 9
36 20 1
36 21 3
36 22 3
36 23 5
36 24 4
36 25 4
36 27 7
36 29 5
36 30 7
36 31 5
36 32 5
36 33 2
36 34 7
36 35 9
37 0 10
37 2 9
37 3 2
37 4 6
37 5 9
37 6 7
37 7 4
37 8 1
37 9 4
37 10 8
37 11 5
37 12 10
37 13 6
37 14 10
37 15 4
37 16 10
37 18 7
37 19 8
37 21 4
37 22 3
37 23 2
37 24 8
37 25 9
37 26 2
37 27 3
37 28 1
37 29 2
37 30 7
37 33 6
37 34 8
37 35 2
38 2 3
38 4 3
38 5 4
38 6 1
38 7 3
38 8 10
38 9 4
38 10 5
38 11 4
38 12 6
38 13 3
38 14 9
38 15 4
38 16 8
38 17 5
38 18 3
38 19 5
38 20 8
38 23 4
38 24 8
38 25 7
38 26 5
38 27 6
38 28 1
38 29 9
38 30 5
38 31 1
38 32 8
38 33 4
38 34 3
38 35 8
38 37 8
39 0 8
39 1 7
39 2 3
39 3 1
39 5 9
39 7 5
39 8 6
39 10 7
39 11 2
39 13 6
39 14 3
39 16 4
39 17 4
39 19 8
39 20 9
39 22 1
39 23 10
39 24 1
39 25 9
39 26 3
39 29 10
39 30 9
39 31 5
39 33 6
39 34 2
39 35 8
39 36 7
39 37 3
