40
5 1 6
5 2 9
5 3 6
6 1 8
7 0 3
7 4 6
7 6 9
8 2 7
8 3 6
9 2 9
9 4 7
9 6 9
9 8 9
10 2 8
12 2 10
13 0 3
13 3 6
13 9 5
14 4 3
14 7 4
14 10 2
14 11 3
15 0 8
15 1 9
15 4 4
15 5 4
15 8 5
15 10 7
15 12 2
15 13 1
15 14 9
16 0 7
16 7 8
16 14 1
17 7 3
17 12 9
17 14 7
18 2 3
18 3 8
18 13 3
18 17 2
19 1 1
19 5 2
19 11 10
19 14 3
19 16 7
20 6 5
20 11 5
20 15 2
21 1 10
21 3 8
21 7 1
21 13 2
22 1 7
22 7 10
22 10 1
23 4 1
23 9 7
23 11 8
23 12 7
23 14 3
24 3 5
24 12 9
24 18 10
25 0 4
25 10 1
25 12 4
25 16 1
25 20 10
25 23 9
26 1 2
26 3 9
26 9 1
26 11 7
26 13 10
26 17 4
26 19 6
26 21 3
27 3 6
27 17 7
27 19 2
28 0 6
28 11 9
28 14 7
28 15 6
28 17 6
28 21 10
28 22 5
28 23 8
28 26 6
29 0 7
29 1 1
29 5 6
29 7 8
29 9 3
29 11 10
29 12 4
29 16 8
29 26 6
30 2 9
30 7 2
30 9 6
30 16 5
30 18 6
30 19 6
30 23 1
30 29 4
31 7 4
31 11 9
31 19 3
31 30 7
32 15 6
32 17 8
32 25 9
33 3 1
33 14 5
33 19 4
33 24 8
34 1 9
34 2 8
34 9 1
34 13 5
34 29 10
35 0 10
35 4 4
35 22 5
35 25 7
35 29 4
35 30 9
36 2 10
36 7 4
36 12 2
36 27 4
36 28 4
36 32 9
36 34 4
37 2 7
37 3 5
37 5 4
37 11 1
37 14 8
37 26 2
37 35 5
38 6 1
38 10 6
38 13 2
38 14 4
38 15 2
38 37 3
39 1 3
39 3 6
39 6 3
39 25 1
39 29 6
39 32 8
