50
3 0 50
4 0 16
4 1 9
4 2 49
5 1 51
6 1 14
6 4 30
7 0 72
7 2 31
7 6 43
9 0 71
9 1 22
9 4 52
10 3 77
10 5 11
10 8 69
11 1 72
11 3 29
11 4 60
11 7 62
11 8 71
11 10 76
12 1 21
12 2 31
12 6 32
12 7 11
12 8 66
13 0 53
13 1 42
13 2 39
13 5 56
13 6 18
13 8 17
13 9 9
13 11 31
13 12 24
14 2 49
14 7 50
14 11 49
15 1 59
15 3 10
15 4 79
15 9 51
15 10 64
16 0 61
16 6 63
16 15 68
17 0 37
17 1 27
17 5 72
17 6 61
17 8 43
17 11 64
18 6 56
18 14 72
18 17 23
19 0 58
19 1 46
19 3 67
19 6 12
19 10 68
19 11 17
19 12 33
19 16 23
19 17 20
20 1 58
20 5 10
20 6 66
20 8 55
20 9 21
20 10 39
20 11 57
20 16 11
21 1 76
21 2 54
21 9 66
21 10 54
21 11 46
21 16 76
21 17 30
22 2 23
22 3 3
22 4 4
22 9 67
22 12 15
22 16 11
22 21 77
23 4 66
23 8 7
23 19 48
23 21 42
24 1 54
24 4 41
24 8 66
24 9 17
24 10 61
24 13 4
24 14 10
24 19 1
25 2 43
25 3 38
25 6 34
25 8 70
25 14 30
25 17 39
25 20 27
25 24 18
26 7 79
26 15 13
26 17 62
26 20 65
26 23 32
27 1 38
27 4 30
27 5 29
27 7 18
27 10 51
27 13 72
27 21 53
27 22 15
28 2 65
28 8 68
28 17 35
29 3 48
29 4 58
29 9 24
29 12 34
29 13 72
29 18 63
29 22 42
29 23 19
30 2 29
30 4 8
30 8 22
30 10 17
30 17 13
30 19 2
30 23 9
31 1 42
31 2 36
31 4 32
31 7 7
31 17 21
31 19 34
31 21 5
31 23 61
31 24 43
32 0 53
32 6 22
32 10 60
32 12 72
32 13 25
32 14 48
32 18 50
32 20 37
32 21 46
32 24 39
32 25 60
32 27 12
32 30 3
32 31 26
33 0 50
33 2 30
33 4 58
33 7 9
33 10 21
33 11 13
33 13 76
33 20 45
33 22 20
33 25 76
34 3 26
34 5 74
34 7 76
34 8 10
34 11 42
34 12 11
34 17 72
34 23 45
34 24 4
34 25 34
34 26 57
34 29 50
34 30 9
35 2 66
35 6 28
35 10 41
35 11 25
35 13 11
35 15 67
35 16 40
35 17 76
35 22 41
35 24 52
35 33 68
35 34 12
36 1 75
36 5 55
36 10 70
36 11 79
36 13 29
36 16 72
36 20 56
36 23 33
36 25 4
36 29 63
36 31 70
36 32 30
36 33 74
37 5 31
37 8 5
37 11 60
37 12 60
37 20 3
37 24 78
37 29 7
38 2 58
38 4 8
38 8 18
38 10 63
38 11 22
38 20 58
38 23 23
38 26 79
38 31 23
38 34 71
39 1 58
39 4 39
39 5 5
39 10 12
39 13 8
39 18 2
39 20 39
39 21 53
39 26 22
39 29 18
39 34 71
39 37 46
39 38 9
40 3 6
40 7 56
40 17 53
40 23 7
40 24 1
40 26 25
40 31 7
40 36 54
40 38 45
41 0 19
41 1 26
41 6 20
41 9 44
41 14 4
41 15 52
41 22 53
41 26 9
41 27 27
41 30 26
41 38 13
42 2 63
42 14 58
42 19 76
42 20 51
42 33 28
42 35 26
42 36 71
42 39 24
43 2 38
43 4 11
43 24 66
43 28 47
43 30 25
43 32 36
43 35 51
43 36 31
43 37 72
43 39 65
43 42 66
44 2 22
44 3 67
44 8 28
44 11 62
44 16 47
44 18 4
44 19 14
44 25 67
44 26 38
44 29 32
44 30 12
44 31 40
44 32 15
44 33 41
44 36 38
44 38 58
45 4 6
45 6 42
45 10 35
45 14 7
45 16 67
45 20 57
45 32 20
45 34 77
45 36 36
45 38 45
45 39 77
45 42 61
45 43 77
46 0 77
46 2 17
46 4 48
46 5 22
46 7 35
46 8 78
46 9 57
46 10 79
46 11 51
46 18 27
46 20 16
46 22 59
46 26 37
46 36 45
46 39 64
46 41 6
46 44 10
47 1 52
47 7 25
47 8 24
47 10 53
47 13 13
47 17 19
47 18 36
47 20 38
47 25 65
47 26 55
47 31 8
47 36 64
47 40 60
47 41 41
47 42 2
47 43 21
47 45 24
48 5 79
48 6 27
48 16 25
48 17 1
48 18 11
48 19 73
48 21 4
48 23 8
48 24 64
48 32 36
48 38 28
48 41 8
48 43 14
48 44 37
49 1 4
49 6 56
49 11 78
49 12 7
49 17 80
49 20 31
49 22 71
49 23 32
49 29 35
49 30 57
49 33 54
49 35 18
49 37 15
49 40 11
49 45 72
