40
4 3 5
5 0 5
5 1 5
5 2 3
6 3 5
7 3 4
7 4 5
7 6 4
8 0 1
8 1 6
8 5 9
8 7 3
9 1 6
9 2 10
9 3 10
9 5 1
9 7 2
10 3 2
10 5 1
10 9 10
11 2 5
11 5 6
12 2 3
12 6 3
12 10 2
12 11 3
13 0 2
13 2 3
13 9 6
13 10 8
14 9 1
15 2 2
15 9 10
15 14 4
16 1 8
16 2 8
16 6 3
16 7 3
16 10 6
16 11 4
16 14 2
17 1 8
17 3 8
18 3 9
18 8 9
18 11 2
19 6 9
19 7 3
19 8 10
19 10 7
19 11 1
19 12 1
19 13 4
19 14 7
19 18 1
20 0 2
20 1 5
20 2 3
20 3 6
20 6 2
20 15 2
21 6 5
21 9 7
21 11 1
21 14 1
21 15 4
22 2 3
22 6 10
22 8 3
22 9 8
22 12 1
22 14 5
22 15 1
22 20 9
22 21 7
23 0 5
23 8 7
23 11 6
23 12 9
23 14 8
24 2 9
24 3 9
24 5 6
24 8 8
24 12 7
24 20 9
25 6 3
25 7 7
25 9 4
25 10 3
25 11 4
25 14 1
25 18 3
25 21 5
25 24 5
26 7 4
26 8 9
26 11 2
26 14 7
26 17 5
26 21 3
26 25 8
27 1 3
27 2 9
27 5 10
27 10 3
27 13 10
27 21 2
27 25 4
28 1 7
28 8 1
28 10 3
28 13 6
28 15 1
28 16 7
28 18 2
28 19 2
28 21 4
28 25 6
28 26 6
29 9 3
29 11 6
29 13 10
29 20 3
29 24 4
30 0 3
30 1 5
30 3 4
30 4 3
30 5 9
30 9 6
30 12 3
30 15 1
30 21 7
31 2 9
31 13 7
31 19 7
31 20 4
31 22 4
31 30 7
32 1 8
32 2 4
32 3 9
32 7 10
32 17 1
32 27 10
32 28 7
33 0 10
33 2 3
33 6 7
33 8 8
33 13 5
33 15 10
33 16 3
33 19 4
33 20 9
33 22 3
33 23 7
33 25 4
33 26 3
33 29 9
33 31 7
33 32 1
34 1 2
34 2 2
34 3 7
34 5 5
34 7 9
34 8 6
34 9 1
34 11 5
34 12 7
34 17 10
34 18 2
34 21 5
34 23 7
35 6 1
35 8 5
35 13 6
35 15 8
35 16 5
35 18 7
35 19 2
35 21 6
35 24 9
35 26 6
35 27 2
36 2 7
36 5 4
36 11 3
36 12 7
36 14 9
36 16 9
36 17 10
36 21 2
36 22 10
36 24 9
36 26 5
36 27 5
36 28 10
36 30 9
36 31 9
37 0 3
37 4 9
37 8 9
37 10 8
37 11 5
37 16 5
37 20 1
37 30 4
37 31 8
37 32 6
37 33 1
37 34 10
38 2 8
38 5 3
38 11 4
38 12 3
38 22 7
38 26 1
38 32 3
38 35 4
39 3 5
39 10 9
39 11 3
39 12 3
39 15 8
39 19 7
39 27 6
39 28 9
39 29 2
39 32 2
39 33 3
39 34 7
39 36 5
