70
4 2 18
6 5 55
7 0 62
7 2 6
7 6 45
8 6 48
8 7 48
9 1 67
9 6 74
9 7 62
10 1 43
10 6 7
10 7 20
10 8 5
11 8 57
11 10 67
12 3 62
12 8 71
12 10 7
12 11 54
14 0 2
14 1 69
14 2 33
14 3 16
14 5 68
14 9 40
15 1 73
15 5 56
15 7 4
15 12 55
16 0 78
16 2 8
16 7 53
16 8 55
16 15 42
17 6 35
17 11 77
17 13 32
18 0 32
18 3 76
18 4 28
18 6 6
18 7 80
18 9 7
18 10 13
18 12 13
18 13 69
19 0 52
19 2 25
19 3 25
19 6 65
19 9 75
19 15 23
19 16 71
20 2 42
20 13 8
20 15 66
20 19 11
21 3 53
21 5 37
21 10 6
21 12 28
21 13 64
21 18 22
21 20 70
22 1 34
22 3 62
22 9 45
22 11 68
22 16 24
22 19 55
23 6 36
23 10 20
23 16 49
24 0 56
24 1 73
24 6 4
24 16 70
24 17 13
24 19 57
24 21 13
25 0 70
25 1 5
25 7 19
25 8 18
25 11 77
25 13 50
25 16 62
25 18 40
26 2 32
26 4 11
26 18 15
26 20 27
26 25 47
27 4 47
27 8 62
27 11 63
27 13 71
27 17 80
27 20 61
27 22 32
27 26 75
28 2 41
28 6 9
28 9 66
28 11 10
28 18 26
28 19 66
28 24 59
29 2 67
29 4 12
29 7 39
29 12 36
29 17 66
29 19 40
29 20 27
29 21 3
29 22 56
29 23 77
30 0 71
30 3 19
30 5 19
30 6 34
30 10 33
30 11 55
30 15 12
30 18 52
30 20 16
30 25 58
31 4 18
31 5 20
31 9 75
31 11 49
31 14 78
31 15 64
31 20 42
31 21 6
31 22 78
31 26 41
31 28 38
32 2 8
32 6 2
32 10 10
32 11 55
32 20 67
32 24 6
32 26 50
32 27 79
32 31 2
33 11 2
33 13 54
33 14 25
33 16 64
33 17 69
33 18 20
33 20 22
33 23 6
33 32 10
34 0 23
34 2 78
34 5 27
34 6 40
34 7 70
34 11 30
34 12 36
34 16 57
34 18 13
34 20 45
34 22 31
34 29 15
34 33 1
35 0 61
35 1 61
35 5 22
35 6 11
35 8 4
35 11 12
35 18 3
35 19 42
35 21 58
35 24 71
35 28 53
35 29 59
35 34 2
36 8 72
36 14 5
36 16 70
36 21 78
36 22 72
36 30 73
36 34 48
37 1 37
37 3 67
37 5 35
37 6 74
37 7 17
37 8 1
37 15 6
37 17 64
37 22 73
37 23 42
37 29 19
37 31 49
37 33 59
38 4 50
38 5 30
38 6 7
38 7 42
38 8 48
38 11 39
38 13 72
38 17 27
38 19 64
38 26 25
38 27 78
38 29 9
38 30 68
38 31 35
38 33 2
38 37 74
39 9 63
39 10 49
39 13 26
39 16 27
39 19 61
39 20 45
39 21 35
39 29 52
39 33 24
39 34 18
39 36 38
39 37 21
40 3 71
40 7 64
40 8 58
40 9 25
40 10 42
40 15 75
40 22 16
40 26 45
40 28 7
40 31 23
41 1 23
41 3 29
41 5 61
41 7 60
41 9 56
41 11 27
41 12 74
41 14 43
41 15 31
41 17 33
41 18 53
41 30 66
41 34 7
41 35 58
41 37 72
41 39 10
41 40 9
42 4 41
42 5 56
42 6 46
42 7 11
42 12 42
42 14 4
42 22 40
42 25 28
42 26 69
42 27 24
42 29 41
42 30 41
42 32 74
42 37 34
42 39 48
43 5 44
43 6 64
43 8 55
43 20 58
43 23 25
43 26 59
43 29 20
43 30 51
43 33 42
43 37 70
43 39 28
44 2 25
44 3 72
44 5 47
44 6 4
44 10 9
44 17 23
44 22 26
44 27 49
44 29 10
44 31 64
44 34 54
44 36 58
44 39 2
45 4 42
45 5 70
45 11 35
45 17 30
45 19 79
45 21 23
45 27 44
45 28 6
45 31 65
45 33 59
45 41 59
45 42 42
46 1 6
46 4 26
46 8 4
46 9 69
46 19 34
46 20 43
46 22 76
46 26 46
46 28 80
46 33 26
46 37 60
46 42 69
47 2 4
47 3 33
47 4 4
47 5 61
47 16 20
47 18 27
47 20 34
47 22 44
47 27 66
47 33 71
47 38 80
47 43 42
47 44 45
47 46 39
48 0 56
48 2 79
48 4 42
48 7 76
48 8 64
48 9 20
48 10 27
48 15 2
48 18 65
48 19 15
48 31 38
48 34 80
48 38 67
48 39 55
48 42 11
48 46 19
48 47 54
49 0 78
49 1 64
49 2 78
49 5 62
49 7 29
49 8 21
49 18 55
49 21 30
49 24 26
49 26 63
49 33 32
49 35 78
49 36 52
49 37 51
49 40 53
49 43 77
49 45 60
49 46 10
50 2 11
50 5 34
50 11 45
50 14 20
50 18 7
50 23 16
50 25 56
50 26 44
50 27 23
50 30 15
50 31 47
50 33 63
50 35 64
50 37 4
50 38 16
50 45 10
50 46 45
51 2 45
51 5 71
51 7 59
51 8 1
51 12 12
51 13 11
51 16 49
51 17 67
51 23 55
51 27 46
51 31 19
51 34 69
51 38 19
51 43 46
51 47 42
51 49 12
52 0 35
52 2 11
52 5 17
52 8 43
52 10 5
52 13 31
52 16 8
52 17 51
52 19 69
52 21 47
52 35 75
52 38 25
52 45 38
52 47 44
53 2 63
53 12 31
53 15 76
53 17 20
53 20 45
53 22 74
53 25 64
53 27 27
53 29 15
53 43 20
53 45 43
53 46 36
53 52 49
54 2 6
54 20 71
54 22 64
54 25 44
54 33 79
54 37 37
54 38 57
54 39 58
54 40 64
54 47 77
54 50 45
54 51 38
54 53 71
55 2 38
55 5 51
55 7 4
55 11 59
55 14 32
55 17 1
55 22 56
55 27 68
55 28 1
55 29 51
55 30 74
55 31 1
55 34 78
55 37 46
55 41 9
55 43 75
55 52 75
55 54 12
56 0 34
56 1 54
56 6 30
56 15 48
56 16 76
56 20 76
56 21 72
56 23 73
56 24 8
56 26 79
56 30 64
56 31 25
56 32 75
56 45 15
56 46 36
56 47 54
56 48 79
56 49 47
56 53 48
56 54 76
57 7 77
57 13 8
57 15 45
57 22 43
57 29 28
57 32 67
57 34 24
57 36 28
57 38 19
57 40 31
57 47 45
57 48 26
57 49 34
57 52 14
58 5 61
58 7 58
58 11 23
58 25 9
58 26 50
58 29 26
58 34 60
58 42 55
58 44 14
58 50 71
58 52 59
58 53 72
58 54 58
59 4 17
59 5 1
59 7 63
59 10 5
59 12 10
59 13 76
59 14 46
59 15 65
59 16 15
59 24 68
59 26 60
59 28 19
59 29 59
59 30 44
59 33 24
59 34 67
59 36 53
59 37 33
59 39 19
59 40 39
59 43 22
60 12 29
60 16 77
60 19 32
60 20 23
60 22 12
60 25 56
60 40 51
60 50 58
60 53 54
60 56 60
61 5 46
61 9 63
61 13 39
61 14 14
61 16 47
61 17 46
61 18 50
61 20 3
61 21 77
61 39 66
61 43 60
61 46 14
62 2 2
62 3 17
62 4 1
62 11 61
62 15 50
62 16 1
62 22 9
62 23 36
62 24 38
62 25 41
62 28 35
62 30 42
62 36 63
62 37 63
62 39 80
62 40 62
62 41 60
62 45 59
62 46 20
62 47 64
62 48 77
62 49 65
62 52 6
62 55 47
62 61 48
63 3 53
63 4 8
63 12 72
63 16 69
63 18 38
63 20 31
63 24 52
63 27 71
63 34 74
63 36 59
63 40 31
63 44 39
63 45 37
63 51 39
63 55 21
64 0 37
64 2 8
64 3 15
64 6 5
64 7 31
64 9 58
64 12 34
64 23 50
64 33 48
64 34 9
64 44 11
64 46 21
64 48 45
64 52 77
64 53 39
64 57 57
64 60 46
64 61 72
65 1 3
65 2 76
65 6 15
65 8 14
65 9 17
65 10 11
65 13 6
65 14 64
65 21 64
65 22 13
65 26 59
65 28 24
65 29 52
65 31 11
65 40 1
65 45 29
65 46 45
65 54 60
65 58 18
65 59 72
65 61 13
65 63 19
66 7 66
66 8 80
66 11 66
66 17 70
66 18 64
66 20 38
66 24 43
66 31 77
66 37 62
66 42 48
66 44 67
66 46 78
66 47 39
66 48 40
66 59 10
66 63 37
67 2 38
67 4 60
67 7 40
67 9 3
67 16 49
67 17 76
67 18 22
67 21 27
67 22 34
67 23 48
67 24 31
67 28 79
67 33 44
67 38 10
67 40 54
67 42 72
67 49 14
67 50 23
67 53 75
67 58 46
67 60 24
67 63 58
67 66 5
68 1 49
68 3 2
68 6 69
68 10 11
68 13 33
68 16 65
68 20 17
68 25 55
68 27 22
68 30 9
68 31 43
68 33 10
68 42 19
68 46 64
68 50 7
68 56 57
68 59 76
68 61 72
68 64 7
68 66 32
69 4 62
69 9 43
69 11 75
69 15 79
69 21 31
69 24 42
69 25 3
69 27 68
69 32 34
69 35 25
69 38 25
69 41 34
69 46 26
69 50 73
69 55 29
69 59 9
69 62 24
69 68 61
