60
2 1 5
3 0 9
3 1 4
3 2 5
5 0 9
6 1 7
7 0 9
7 3 5
8 0 2
8 4 2
8 5 5
8 7 7
9 2 2
11 1 3
11 4 4
11 5 4
12 4 5
12 5 1
12 10 2
12 11 7
13 1 1
13 4 4
13 6 4
13 7 5
14 2 6
14 3 1
14 8 8
15 4 1
15 5 4
15 12 8
16 4 8
16 5 1
16 15 2
17 5 2
17 9 2
17 11 9
18 12 9
19 7 1
19 10 4
19 11 8
19 12 7
20 4 9
20 10 6
20 15 6
21 0 4
21 2 2
21 3 1
21 4 2
21 16 4
22 8 5
22 9 5
22 10 2
22 11 8
22 17 9
22 18 3
22 21 4
23 1 6
23 18 8
23 21 5
24 1 10
24 5 4
24 6 10
24 10 9
24 11 9
25 4 2
25 5 2
25 8 7
25 15 6
26 5 7
26 6 3
26 9 1
26 14 4
26 17 6
26 23 10
27 4 7
27 6 4
27 13 1
27 18 7
27 21 5
27 23 9
28 7 4
28 11 3
29 0 10
29 6 4
29 10 6
29 15 4
29 19 9
29 24 7
29 26 6
30 6 10
30 14 10
30 19 2
30 22 7
30 25 7
30 27 6
30 28 6
31 3 8
31 14 8
31 22 7
31 29 5
32 0 6
32 3 5
32 6 5
32 10 6
32 21 9
32 24 6
32 25 6
32 31 9
33 3 8
33 22 8
33 29 3
33 30 4
34 0 9
34 5 3
34 7 5
34 13 2
34 15 4
34 18 7
34 21 2
34 22 2
34 24 6
34 26 5
34 32 7
35 14 5
35 15 3
35 21 1
35 29 6
35 31 1
35 32 5
35 33 9
36 11 6
36 17 2
36 22 3
36 24 3
36 30 3
36 33 6
37 20 4
37 23 1
37 24 4
37 35 3
38 30 9
38 33 3
39 4 5
39 23 2
39 27 3
39 30 10
39 33 7
39 34 5
40 9 8
40 25 3
40 26 10
40 35 1
40 36 6
40 39 3
41 11 5
41 13 5
41 14 3
41 21 4
41 25 5
41 29 10
41 30 2
41 35 8
41 37 5
41 40 2
42 1 5
42 3 2
42 9 10
42 18 2
42 19 9
42 22 6
42 31 3
42 36 1
42 38 9
42 40 3
43 10 8
43 32 10
43 38 6
44 3 8
44 4 5
44 6 7
44 17 5
44 20 1
44 21 10
44 34 5
44 36 5
44 40 1
44 41 6
45 4 9
45 5 7
45 8 9
45 9 4
45 11 7
45 12 3
45 20 2
45 22 1
45 24 3
45 25 7
45 27 7
45 37 4
46 0 8
46 19 7
46 40 5
46 41 7
46 42 2
46 44 8
47 1 2
47 3 9
47 8 7
47 11 1
47 12 10
47 31 2
47 33 8
47 43 9
47 44 6
47 45 4
48 3 8
48 5 4
48 13 2
48 15 4
48 16 7
48 21 7
48 30 1
48 37 10
49 11 9
49 12 7
49 17 9
49 19 8
49 22 8
49 25 2
49 26 5
49 37 5
49 45 10
49 46 4
50 5 9
50 8 7
50 11 9
50 14 5
50 19 9
50 20 5
50 22 8
50 36 9
50 42 3
50 44 8
50 49 8
51 2 5
51 5 9
51 8 1
51 9 8
51 14 8
51 20 10
51 25 7
51 33 3
51 34 2
51 37 3
51 41 7
51 46 1
51 50 10
52 0 2
52 4 2
52 5 10
52 12 1
52 15 2
52 24 2
52 26 3
52 32 1
52 34 10
52 35 3
52 38 4
53 10 5
53 15 5
53 27 2
53 31 6
53 42 10
53 43 9
53 47 7
54 2 6
54 5 2
54 10 2
54 11 6
54 13 6
54 15 5
54 16 10
54 24 3
54 25 6
54 30 1
54 31 7
54 38 3
54 49 5
55 6 2
55 18 8
55 20 9
55 31 9
55 42 10
55 48 9
55 51 9
56 2 8
56 3 6
56 4 7
56 9 2
56 13 8
56 15 9
56 18 3
56 31 1
56 41 9
56 43 8
56 47 4
56 50 3
56 53 3
56 54 8
57 15 10
57 17 6
57 24 4
57 26 7
57 27 6
57 28 7
57 29 5
57 32 3
57 35 8
57 40 1
57 50 9
57 52 8
58 0 10
58 4 3
58 19 7
58 21 10
58 24 6
58 25 9
58 36 10
58 37 4
58 42 2
58 43 4
58 45 3
59 12 6
59 15 10
59 16 2
59 25 7
59 29 2
59 30 5
59 32 10
59 35 5
59 39 3
59 41 8
59 47 2
59 50 6
59 58 9
