70
1 0 40
2 0 9
2 1 2
3 0 4
3 1 15
4 0 15
4 2 2
4 3 36
5 0 17
5 2 2
5 4 12
6 0 28
6 1 14
6 5 33
7 0 18
7 2 13
7 3 25
7 5 7
7 6 6
8 0 31
8 1 26
8 2 1
8 3 15
8 6 11
8 7 17
9 0 39
9 1 23
9 2 37
9 3 23
9 4 28
9 6 35
9 7 34
10 1 18
10 2 30
10 3 39
10 4 22
10 6 8
10 7 36
10 8 23
10 9 24
11 1 28
11 2 4
11 3 7
11 4 28
11 6 1
11 7 13
11 10 20
12 1 32
12 2 21
12 3 4
12 4 9
12 6 17
12 7 20
12 8 19
12 9 17
12 10 20
12 11 16
13 0 19
13 1 8
13 2 25
13 3 39
13 4 21
13 5 32
13 6 9
13 8 10
13 10 38
14 0 31
14 1 3
14 2 6
14 5 28
14 6 10
14 7 28
14 8 13
14 9 7
14 10 28
14 11 2
14 12 38
14 13 13
15 1 9
15 4 7
15 6 9
15 9 5
15 10 1
15 11 3
15 12 23
15 13 28
15 14 31
16 0 29
16 2 32
16 6 36
16 7 15
16 9 29
16 10 9
16 11 14
16 12 4
16 14 22
17 0 15
17 1 7
17 2 6
17 4 3
17 5 32
17 7 18
17 10 21
17 11 32
17 13 16
17 14 28
17 15 14
17 16 7
18 0 14
18 1 8
18 2 13
18 3 3
18 7 22
18 8 36
18 11 7
18 14 21
18 15 5
18 16 11
18 17 26
19 0 22
19 2 5
19 3 15
19 4 21
19 6 19
19 7 32
19 8 4
19 10 29
19 11 28
19 13 14
19 14 32
19 15 6
19 17 14
19 18 20
20 0 5
20 1 40
20 3 9
20 4 25
20 5 39
20 7 19
20 8 31
20 9 29
20 12 23
20 13 6
20 15 34
20 16 23
20 17 29
20 19 5
21 0 28
21 1 30
21 2 24
21 3 3
21 4 9
21 5 31
21 7 6
21 8 4
21 10 34
21 11 18
21 12 24
21 13 3
21 14 20
21 16 24
21 17 22
21 18 6
21 19 14
21 20 29
22 2 24
22 3 24
22 4 5
22 5 3
22 6 38
22 7 18
22 8 5
22 9 39
22 10 29
22 13 32
22 14 33
22 15 21
22 16 2
22 17 34
22 18 5
22 19 10
22 20 1
23 0 12
23 1 34
23 2 15
23 3 6
23 4 6
23 7 21
23 8 12
23 9 26
23 11 28
23 13 5
23 14 39
23 16 28
23 17 31
23 18 25
23 19 26
23 20 35
23 21 37
23 22 25
24 0 25
24 2 24
24 3 5
24 4 35
24 5 27
24 7 14
24 8 17
24 11 24
24 13 18
24 16 8
24 19 39
24 20 1
24 21 10
25 0 31
25 1 33
25 2 3
25 3 32
25 4 20
25 5 13
25 7 4
25 9 20
25 10 31
25 11 10
25 12 15
25 13 25
25 16 3
25 17 28
25 19 3
25 21 14
25 22 23
25 23 14
25 24 17
26 0 29
26 1 18
26 2 24
26 3 25
26 4 30
26 5 37
26 7 13
26 8 3
26 9 33
26 10 31
26 12 16
26 14 25
26 16 35
26 17 25
26 18 29
26 22 16
26 23 20
26 24 18
26 25 13
27 1 21
27 3 30
27 4 1
27 5 23
27 6 30
27 8 29
27 12 11
27 13 21
27 14 23
27 16 33
27 17 37
27 18 4
27 21 34
27 23 16
27 24 21
27 26 18
28 3 24
28 5 21
28 6 2
28 7 26
28 8 5
28 10 26
28 11 7
28 12 5
28 14 5
28 15 3
28 17 19
28 18 33
28 19 27
28 20 11
28 21 3
28 23 30
28 24 29
28 25 28
28 27 36
29 0 28
29 1 23
29 2 3
29 3 38
29 4 36
29 6 25
29 8 26
29 9 21
29 10 25
29 11 34
29 12 30
29 13 11
29 14 23
29 15 9
29 17 16
29 18 37
29 19 22
29 21 10
29 22 8
29 23 4
29 25 15
29 26 17
29 27 40
30 1 4
30 2 31
30 4 4
30 6 15
30 12 38
30 14 21
30 15 17
30 16 34
30 17 16
30 18 22
30 20 9
30 23 10
30 26 21
30 27 10
30 28 39
31 1 7
31 3 24
31 4 30
31 7 5
31 9 21
31 12 5
31 13 32
31 14 32
31 15 30
31 17 25
31 18 9
31 19 16
31 21 21
31 22 29
31 23 10
31 27 27
31 28 29
31 29 17
31 30 23
32 0 24
32 1 3
32 2 2
32 3 9
32 4 4
32 5 26
32 7 25
32 9 28
32 10 7
32 11 21
32 12 13
32 13 24
32 14 31
32 15 23
32 16 28
32 17 17
32 18 28
32 19 11
32 20 10
32 22 34
32 23 7
32 25 2
32 26 19
32 27 31
32 28 10
32 29 15
32 30 30
33 0 17
33 2 23
33 4 16
33 5 12
33 7 28
33 9 31
33 10 37
33 12 14
33 13 36
33 14 25
33 15 3
33 16 23
33 17 20
33 18 34
33 19 10
33 22 10
33 23 2
33 24 35
33 26 22
33 28 22
33 29 32
33 32 13
34 1 13
34 2 16
34 3 7
34 4 26
34 5 39
34 6 27
34 7 29
34 12 7
34 13 21
34 14 29
34 15 32
34 16 34
34 18 25
34 19 28
34 20 34
34 21 27
34 22 31
34 23 23
34 25 18
34 27 18
34 31 15
34 33 10
35 1 27
35 6 34
35 7 5
35 8 18
35 9 11
35 11 22
35 12 33
35 13 15
35 15 26
35 16 36
35 17 4
35 19 5
35 20 19
35 21 4
35 22 6
35 23 20
35 24 1
35 26 17
35 27 36
35 28 12
35 29 17
35 30 36
35 31 23
35 32 12
35 33 9
36 0 10
36 2 28
36 4 32
36 5 7
36 7 9
36 8 27
36 11 10
36 12 37
36 14 9
36 15 2
36 17 1
36 18 38
36 19 23
36 20 8
36 21 40
36 22 12
36 23 36
36 24 32
36 26 32
36 27 30
36 28 2
36 29 24
36 30 21
36 31 25
36 32 19
36 33 40
36 34 36
36 35 32
37 0 7
37 2 35
37 3 21
37 5 5
37 8 8
37 9 32
37 11 34
37 12 4
37 13 9
37 14 39
37 15 11
37 17 29
37 19 28
37 21 37
37 24 6
37 26 40
37 27 24
37 28 33
37 29 5
37 31 27
37 32 28
37 33 23
37 35 18
37 36 16
38 0 8
38 1 18
38 2 36
38 3 7
38 4 36
38 5 18
38 7 32
38 9 11
38 12 40
38 14 21
38 15 10
38 17 3
38 19 4
38 22 12
38 23 5
38 24 28
38 25 28
38 27 38
38 28 33
38 29 38
38 30 4
38 31 24
38 32 12
38 34 6
38 35 14
39 0 14
39 1 8
39 2 33
39 3 25
39 4 31
39 5 18
39 6 10
39 7 24
39 8 14
39 10 6
39 11 27
39 14 16
39 15 38
39 17 26
39 19 8
39 20 32
39 23 25
39 25 9
39 26 17
39 28 3
39 29 19
39 31 35
39 32 26
39 33 29
39 34 12
39 35 40
39 38 14
40 0 33
40 4 34
40 6 18
40 7 3
40 8 24
40 10 19
40 13 37
40 15 38
40 16 29
40 18 22
40 19 36
40 20 14
40 22 38
40 23 38
40 24 11
40 27 18
40 28 8
40 30 16
40 32 37
40 33 11
40 36 8
40 37 16
40 38 39
40 39 32
41 0 9
41 1 36
41 2 34
41 3 3
41 6 12
41 9 19
41 10 18
41 11 7
41 12 31
41 13 13
41 14 21
41 18 1
41 20 11
41 23 14
41 25 29
41 26 40
41 27 32
41 29 30
41 30 35
41 31 8
41 32 22
41 33 27
41 34 18
41 35 37
41 36 19
41 37 29
41 38 9
41 39 19
42 1 36
42 2 39
42 3 35
42 4 20
42 5 4
42 6 19
42 7 39
42 8 4
42 9 40
42 10 28
42 11 2
42 12 12
42 13 37
42 14 1
42 15 6
42 16 11
42 17 33
42 19 37
42 20 15
42 23 1
42 24 3
42 25 22
42 26 11
42 27 11
42 28 14
42 31 35
42 32 14
42 33 30
42 34 36
42 35 34
42 36 24
42 37 10
42 38 19
42 39 19
43 0 6
43 2 3
43 3 24
43 4 38
43 5 7
43 6 4
43 7 13
43 11 16
43 13 7
43 15 17
43 17 25
43 18 2
43 21 1
43 22 9
43 23 24
43 24 16
43 25 22
43 30 5
43 31 31
43 32 34
43 34 35
43 36 34
43 37 36
43 38 26
43 39 4
43 40 11
43 41 28
43 42 27
44 2 11
44 6 20
44 8 5
44 9 2
44 11 8
44 13 36
44 14 29
44 15 6
44 16 6
44 17 19
44 18 38
44 19 21
44 21 2
44 23 15
44 25 32
44 27 19
44 29 31
44 30 33
44 31 9
44 33 5
44 34 29
44 36 2
44 37 8
44 39 8
44 40 33
44 41 3
44 42 31
45 0 23
45 1 5
45 2 14
45 3 7
45 4 17
45 5 33
45 7 3
45 8 21
45 10 29
45 11 26
45 12 29
45 13 15
45 15 20
45 16 10
45 18 10
45 21 21
45 24 27
45 25 25
45 26 1
45 28 9
45 30 30
45 31 1
45 32 38
45 33 9
45 34 19
45 35 14
45 36 27
45 37 12
45 39 34
45 44 32
46 0 25
46 1 27
46 2 7
46 8 29
46 9 22
46 10 33
46 12 27
46 13 20
46 15 22
46 18 9
46 20 26
46 22 28
46 23 3
46 24 19
46 25 7
46 26 6
46 27 12
46 30 39
46 31 34
46 32 14
46 33 25
46 34 39
46 35 23
46 36 18
46 37 21
46 38 26
46 40 36
46 43 19
46 44 30
47 0 33
47 1 6
47 2 12
47 3 40
47 4 32
47 5 40
47 6 11
47 7 22
47 8 18
47 10 31
47 11 10
47 13 16
47 16 37
47 17 5
47 18 29
47 19 14
47 20 16
47 21 38
47 22 16
47 23 6
47 25 34
47 26 25
47 28 21
47 29 30
47 30 30
47 31 9
47 34 33
47 35 7
47 36 14
47 37 35
47 38 37
47 40 27
47 41 36
47 42 19
47 44 39
47 45 37
47 46 17
48 0 39
48 2 40
48 3 33
48 4 25
48 6 23
48 12 6
48 13 9
48 15 5
48 16 16
48 17 14
48 18 9
48 19 14
48 20 11
48 22 13
48 24 17
48 25 11
48 27 24
48 29 15
48 30 30
48 31 25
48 32 4
48 34 4
48 36 32
48 38 38
48 39 22
48 41 8
48 43 12
48 44 17
48 45 22
48 46 34
49 1 14
49 2 6
49 3 30
49 4 11
49 5 19
49 6 13
49 8 40
49 10 17
49 11 29
49 12 14
49 13 39
49 15 26
49 17 40
49 19 5
49 22 39
49 23 22
49 25 3
49 26 15
49 27 22
49 28 19
49 30 14
49 31 5
49 32 4
49 34 14
49 36 36
49 37 32
49 38 15
49 39 24
49 40 5
49 42 13
49 45 9
49 47 12
49 48 21
50 0 3
50 1 19
50 4 11
50 5 4
50 7 24
50 9 14
50 11 9
50 12 28
50 13 33
50 17 20
50 19 17
50 20 20
50 22 23
50 23 18
50 24 14
50 26 39
50 30 36
50 31 28
50 33 39
50 34 15
50 36 4
50 37 36
50 43 17
50 45 16
50 49 31
51 0 39
51 2 39
51 3 23
51 4 9
51 6 15
51 7 38
51 8 29
51 9 10
51 10 24
51 12 35
51 13 5
51 14 40
51 15 12
51 18 36
51 19 23
51 20 39
51 22 13
51 25 12
51 26 6
51 28 28
51 29 19
51 31 6
51 32 23
51 36 4
51 38 40
51 39 21
51 40 3
51 41 39
51 42 32
51 43 4
51 44 35
51 46 24
51 47 9
52 0 22
52 1 35
52 2 29
52 3 11
52 4 35
52 7 13
52 8 4
52 10 8
52 11 21
52 13 14
52 14 5
52 15 26
52 16 28
52 17 27
52 18 3
52 19 40
52 20 35
52 23 7
52 24 36
52 25 23
52 26 27
52 27 31
52 29 23
52 30 18
52 31 24
52 35 36
52 36 8
52 37 34
52 38 10
52 39 21
52 41 36
52 42 12
52 43 26
52 44 17
52 45 39
52 46 15
52 47 35
52 48 37
52 50 30
52 51 1
53 0 4
53 1 31
53 2 21
53 3 26
53 4 15
53 5 20
53 6 14
53 7 31
53 8 23
53 10 36
53 11 9
53 13 16
53 14 15
53 15 8
53 16 35
53 17 30
53 18 29
53 19 23
53 20 4
53 21 34
53 22 28
53 23 27
53 25 7
53 26 22
53 27 18
53 28 30
53 32 17
53 33 17
53 35 6
53 37 10
53 38 8
53 41 30
53 43 14
53 44 40
53 45 12
53 46 21
53 47 31
53 49 30
53 50 1
53 51 7
53 52 28
54 0 26
54 2 6
54 5 8
54 8 4
54 9 13
54 10 33
54 11 25
54 12 39
54 14 12
54 15 6
54 16 6
54 17 11
54 18 28
54 19 12
54 23 34
54 24 30
54 25 8
54 26 33
54 27 34
54 28 8
54 30 25
54 33 17
54 35 4
54 36 38
54 38 5
54 39 26
54 40 32
54 41 35
54 42 23
54 43 18
54 44 18
54 47 1
54 48 6
54 50 26
54 52 26
55 0 19
55 1 36
55 2 30
55 3 14
55 4 34
55 5 39
55 6 27
55 7 25
55 9 25
55 10 5
55 11 1
55 12 30
55 14 5
55 15 24
55 17 4
55 18 9
55 19 39
55 20 26
55 21 28
55 23 31
55 24 34
55 25 5
55 27 12
55 28 32
55 29 15
55 30 9
55 31 16
55 32 25
55 33 16
55 34 7
55 35 22
55 39 21
55 40 34
55 43 39
55 44 11
55 45 14
55 46 23
55 47 8
55 49 18
55 50 12
55 51 32
55 52 33
55 53 1
55 54 3
56 1 4
56 2 21
56 3 14
56 4 17
56 5 26
56 6 14
56 7 5
56 8 33
56 12 22
56 13 29
56 14 13
56 15 39
56 16 35
56 17 12
56 19 16
56 20 8
56 21 17
56 22 25
56 23 17
56 24 13
56 25 22
56 30 34
56 31 17
56 32 26
56 37 23
56 38 36
56 39 15
56 41 37
56 46 16
56 47 18
56 48 12
56 49 6
56 51 34
56 52 25
56 53 19
57 0 35
57 1 15
57 2 37
57 4 35
57 5 13
57 6 14
57 8 1
57 9 30
57 11 6
57 13 19
57 14 37
57 16 36
57 18 28
57 19 4
57 20 8
57 24 33
57 26 6
57 27 3
57 28 40
57 29 15
57 30 40
57 31 31
57 32 31
57 34 21
57 36 28
57 37 27
57 38 30
57 39 37
57 40 31
57 41 31
57 42 3
57 43 9
57 44 24
57 45 1
57 46 15
57 49 2
57 50 23
57 51 13
57 52 34
57 53 24
57 55 21
57 56 24
58 0 13
58 1 21
58 2 8
58 4 32
58 5 1
58 6 40
58 7 14
58 8 28
58 9 16
58 10 17
58 12 34
58 13 28
58 14 26
58 16 33
58 17 12
58 18 11
58 19 31
58 20 17
58 21 10
58 23 38
58 25 6
58 26 25
58 27 23
58 30 28
58 31 20
58 32 38
58 33 28
58 34 8
58 35 4
58 37 17
58 38 34
58 39 33
58 40 40
58 44 31
58 45 10
58 46 18
58 47 39
58 48 40
58 49 31
58 50 21
58 51 8
58 52 28
58 53 31
58 54 34
58 56 40
58 57 39
59 0 36
59 4 26
59 6 27
59 7 13
59 8 33
59 9 18
59 12 29
59 13 6
59 15 4
59 17 6
59 18 38
59 20 10
59 21 1
59 22 29
59 23 37
59 24 13
59 26 4
59 27 4
59 29 1
59 30 34
59 35 11
59 36 33
59 37 36
59 38 23
59 42 16
59 43 34
59 44 6
59 45 34
59 46 32
59 47 40
59 49 17
59 51 8
59 52 21
59 53 8
59 54 32
59 55 37
59 56 10
59 57 17
59 58 6
60 0 6
60 1 11
60 2 7
60 3 32
60 6 5
60 7 16
60 9 25
60 11 14
60 13 9
60 14 39
60 15 4
60 16 9
60 17 23
60 18 28
60 19 6
60 20 16
60 21 28
60 22 21
60 24 9
60 25 16
60 26 13
60 27 32
60 28 24
60 29 39
60 30 1
60 31 6
60 32 5
60 35 8
60 37 21
60 38 33
60 40 30
60 42 35
60 44 14
60 45 17
60 47 33
60 49 21
60 50 14
60 52 40
60 53 32
60 54 32
60 55 7
60 56 30
60 57 15
60 58 9
61 2 37
61 3 26
61 4 13
61 5 17
61 6 9
61 10 12
61 14 36
61 15 11
61 16 36
61 17 29
61 18 22
61 20 23
61 21 29
61 24 7
61 27 9
61 28 6
61 29 15
61 33 29
61 34 13
61 35 31
61 36 4
61 37 35
61 38 40
61 39 40
61 40 18
61 41 40
61 42 29
61 43 34
61 44 15
61 49 17
61 50 10
61 54 25
61 56 21
61 57 19
61 58 24
61 59 13
61 60 27
62 1 5
62 2 14
62 4 13
62 5 2
62 7 14
62 8 16
62 9 27
62 10 18
62 11 7
62 12 8
62 13 12
62 17 23
62 19 38
62 21 20
62 23 13
62 25 16
62 29 8
62 30 15
62 31 18
62 32 30
62 33 36
62 36 7
62 38 14
62 40 16
62 43 36
62 44 21
62 46 33
62 49 25
62 51 1
62 52 29
62 53 14
62 54 4
62 55 16
62 56 27
62 57 16
62 59 35
62 60 4
62 61 30
63 0 13
63 1 9
63 3 12
63 4 35
63 5 16
63 7 2
63 8 26
63 9 22
63 10 30
63 13 17
63 14 23
63 15 14
63 16 29
63 17 13
63 19 21
63 20 32
63 21 12
63 22 12
63 23 15
63 24 3
63 25 3
63 26 31
63 28 28
63 29 24
63 30 13
63 31 39
63 33 38
63 34 23
63 36 19
63 37 25
63 38 24
63 39 18
63 41 33
63 42 28
63 43 2
63 44 2
63 46 20
63 47 32
63 49 30
63 50 9
63 51 30
63 52 26
63 53 33
63 54 18
63 56 7
63 57 13
63 59 31
63 60 35
63 62 9
64 0 36
64 1 11
64 2 32
64 6 30
64 8 40
64 10 39
64 12 25
64 13 30
64 14 4
64 15 8
64 16 21
64 17 18
64 18 10
64 19 21
64 21 31
64 23 23
64 24 32
64 25 37
64 26 24
64 27 20
64 28 18
64 29 17
64 31 12
64 35 8
64 37 11
64 39 2
64 40 17
64 43 31
64 44 38
64 45 18
64 46 28
64 48 15
64 49 11
64 50 26
64 51 13
64 52 37
64 53 22
64 55 23
64 56 35
64 58 18
64 59 5
64 60 20
64 62 21
64 63 6
65 0 34
65 2 21
65 3 40
65 4 15
65 5 35
65 6 19
65 7 32
65 10 25
65 11 15
65 12 5
65 13 36
65 14 9
65 15 16
65 16 33
65 17 8
65 19 31
65 20 33
65 22 9
65 23 25
65 26 4
65 28 21
65 30 2
65 31 13
65 32 35
65 33 38
65 34 19
65 35 4
65 36 8
65 37 2
65 38 34
65 39 40
65 40 26
65 41 34
65 42 11
65 43 34
65 44 13
65 45 33
65 46 34
65 47 13
65 52 25
65 55 2
65 57 2
65 60 35
65 61 32
65 62 35
65 63 38
65 64 30
66 0 2
66 1 5
66 2 19
66 4 12
66 6 26
66 7 19
66 8 28
66 9 19
66 11 21
66 12 21
66 13 24
66 14 13
66 15 2
66 17 35
66 18 36
66 21 11
66 22 5
66 23 14
66 24 28
66 25 7
66 26 32
66 29 34
66 33 21
66 34 33
66 35 36
66 37 30
66 39 22
66 40 10
66 41 33
66 42 25
66 43 24
66 44 22
66 46 25
66 47 19
66 49 10
66 50 20
66 52 9
66 53 25
66 54 6
66 55 4
66 56 29
66 57 29
66 60 35
66 61 18
66 62 6
66 63 39
66 65 30
67 0 1
67 1 38
67 2 30
67 4 28
67 5 4
67 7 13
67 8 21
67 9 40
67 12 16
67 13 35
67 14 31
67 15 26
67 16 25
67 17 9
67 19 30
67 20 30
67 21 36
67 22 29
67 23 13
67 25 23
67 26 9
67 27 40
67 28 29
67 29 30
67 30 24
67 32 40
67 33 30
67 36 34
67 39 22
67 40 1
67 41 24
67 42 31
67 44 19
67 45 13
67 46 5
67 48 38
67 50 29
67 51 3
67 52 13
67 53 10
67 54 6
67 55 1
67 56 25
67 58 19
67 59 12
67 61 13
67 62 17
67 63 39
67 64 26
67 65 37
68 0 18
68 2 1
68 3 35
68 4 15
68 5 12
68 6 27
68 8 16
68 9 34
68 10 14
68 11 5
68 13 22
68 14 14
68 16 36
68 17 3
68 19 20
68 21 35
68 22 21
68 23 4
68 25 21
68 27 1
68 28 32
68 31 35
68 33 23
68 36 29
68 39 11
68 41 40
68 42 8
68 44 33
68 45 32
68 46 30
68 47 10
68 48 20
68 49 22
68 51 30
68 52 12
68 53 12
68 54 28
68 55 16
68 56 32
68 58 38
68 61 34
68 62 36
68 63 26
68 64 39
68 65 18
68 66 17
68 67 16
69 0 36
69 1 19
69 4 17
69 6 29
69 8 20
69 9 38
69 10 25
69 12 6
69 13 19
69 14 3
69 15 6
69 17 39
69 18 30
69 19 12
69 21 30
69 22 18
69 23 22
69 24 22
69 25 2
69 26 25
69 27 5
69 28 23
69 30 18
69 31 20
69 32 15
69 33 20
69 34 7
69 35 34
69 36 14
69 37 28
69 38 1
69 39 11
69 40 2
69 41 35
69 43 6
69 44 38
69 46 36
69 47 18
69 48 5
69 50 6
69 52 40
69 53 36
69 54 3
69 57 7
69 58 8
69 59 40
69 60 30
69 63 7
69 64 12
69 65 24
69 67 30
