40
1 0 18
2 1 30
3 2 30
5 0 5
5 3 16
6 1 30
6 2 5
7 5 24
7 6 25
8 3 40
9 2 23
9 7 26
10 5 9
10 6 10
11 1 8
11 2 3
11 4 15
11 6 30
11 8 39
11 9 32
12 2 7
12 3 28
12 10 12
12 11 2
13 0 31
13 4 2
13 6 34
13 9 32
14 5 21
14 6 28
14 7 10
14 11 21
15 1 34
15 4 8
15 6 16
15 8 40
15 10 16
16 3 10
16 5 34
16 7 22
16 9 15
16 12 36
16 14 22
17 9 38
17 11 17
17 14 17
17 16 24
18 3 17
18 5 11
18 7 9
18 12 37
18 14 36
19 2 33
19 3 26
19 4 38
19 5 26
19 9 33
19 11 20
19 12 4
19 13 39
20 8 39
20 14 40
20 19 27
21 8 9
21 10 37
21 14 33
21 19 24
22 5 19
22 8 14
22 12 33
22 20 30
23 1 27
23 4 12
23 7 28
23 10 27
23 12 40
23 13 27
23 17 7
24 1 12
24 3 18
24 8 8
24 9 11
24 10 23
24 14 36
24 15 9
24 17 33
25 4 6
25 9 26
25 12 1
25 14 6
25 17 15
25 20 11
25 22 11
26 0 39
26 2 29
26 3 36
26 5 7
26 6 31
26 7 24
26 8 35
26 11 23
26 12 36
27 0 4
27 1 37
27 2 16
27 3 10
27 4 15
27 15 20
27 19 20
27 20 33
27 21 27
27 23 19
28 1 4
28 2 10
28 3 18
28 4 21
28 6 16
28 7 9
28 8 19
28 13 17
28 21 25
28 22 23
28 24 6
28 26 20
29 3 34
29 9 10
29 14 39
29 17 17
29 18 8
29 20 37
29 24 25
29 25 28
29 27 7
30 1 9
30 8 10
30 10 31
30 13 1
30 15 21
30 16 25
30 18 13
30 21 9
30 25 9
30 28 14
31 0 39
31 6 39
31 10 27
31 12 27
31 16 6
31 19 19
31 22 7
31 27 3
31 28 7
32 0 5
32 4 12
32 6 36
32 12 31
32 16 12
32 19 27
33 1 17
33 7 17
33 8 5
33 9 10
33 10 21
33 13 8
33 17 3
33 19 30
33 21 40
33 27 15
33 31 3
33 32 15
34 2 33
34 5 1
34 6 25
34 10 20
34 15 37
34 18 8
34 20 5
34 21 24
34 23 2
34 25 8
34 31 4
35 1 19
35 7 18
35 14 32
35 17 33
35 19 32
35 20 19
35 21 34
35 22 9
35 23 14
35 25 24
35 27 27
35 29 23
35 31 36
36 1 32
36 11 29
36 12 6
36 17 4
36 22 34
36 23 8
36 32 24
37 1 11
37 2 20
37 24 36
37 29 9
37 31 24
37 32 7
38 2 30
38 15 12
38 17 14
38 24 13
38 28 27
38 29 25
38 30 19
38 31 1
38 34 27
38 35 19
38 36 33
38 37 13
39 3 33
39 6 5
39 9 9
39 13 17
39 15 30
39 16 6
39 18 37
39 21 34
39 26 10
39 28 10
39 31 20
39 32 38
39 33 15
39 34 30
39 36 31
39 37 27
