30
1 0 29
2 0 52
2 1 45
3 0 53
3 1 68
3 2 32
4 0 12
4 1 21
4 3 32
5 0 4
5 1 15
5 2 53
5 3 32
5 4 5
6 0 75
6 2 24
6 3 79
6 5 12
7 0 61
7 1 52
7 2 66
7 3 74
7 4 2
7 5 27
7 6 47
8 0 45
8 2 57
8 3 70
8 5 49
8 6 29
8 7 68
9 0 12
9 1 56
9 2 39
9 3 24
9 4 57
9 5 53
9 6 58
9 7 7
9 8 19
10 0 53
10 1 56
10 2 14
10 3 24
10 4 21
10 5 58
10 7 9
10 9 54
11 0 77
11 1 14
11 2 34
11 3 42
11 4 16
11 5 76
11 6 68
11 7 12
11 8 40
11 9 10
11 10 22
12 0 70
12 2 70
12 3 28
12 4 30
12 5 9
12 6 38
12 7 10
12 8 36
12 9 52
12 10 73
12 11 55
13 0 45
13 1 56
13 2 28
13 3 33
13 4 44
13 5 14
13 6 52
13 7 74
13 9 14
13 10 70
13 11 71
13 12 2
14 1 26
14 2 66
14 3 46
14 4 43
14 5 49
14 6 15
14 7 74
14 8 34
14 9 67
14 10 45
14 12 63
15 0 76
15 1 70
15 3 36
15 4 38
15 5 9
15 6 57
15 7 30
15 8 26
15 9 15
15 10 8
15 11 40
15 12 15
15 13 78
15 14 41
16 0 67
16 3 8
16 4 80
16 5 67
16 6 64
16 7 30
16 8 7
16 9 30
16 10 72
16 11 22
16 12 65
16 13 1
16 15 38
17 0 36
17 1 13
17 2 64
17 3 69
17 4 6
17 5 71
17 6 17
17 7 64
17 8 77
17 9 1
17 10 68
17 11 20
17 12 55
17 13 3
17 14 18
17 15 54
17 16 13
18 0 6
18 1 24
18 2 66
18 3 24
18 4 70
18 5 3
18 6 60
18 8 21
18 9 54
18 10 71
18 11 6
18 12 20
18 13 16
18 14 24
18 15 23
18 17 71
19 0 69
19 1 3
19 2 77
19 3 11
19 4 44
19 5 72
19 6 65
19 7 72
19 8 3
19 9 75
19 10 35
19 11 7
19 13 47
19 14 44
19 15 60
19 17 71
19 18 61
20 0 38
20 1 52
20 2 64
20 3 39
20 4 80
20 5 43
20 6 5
20 7 33
20 9 78
20 10 77
20 11 20
20 12 6
20 13 18
20 14 12
20 15 28
20 16 18
20 17 22
20 18 10
20 19 45
21 1 22
21 2 47
21 3 65
21 4 29
21 5 69
21 6 19
21 7 38
21 8 14
21 9 47
21 10 30
21 11 61
21 12 52
21 13 30
21 14 21
21 15 8
21 16 54
21 17 31
21 18 58
21 19 14
21 20 17
22 0 16
22 1 46
22 2 26
22 3 24
22 4 16
22 6 16
22 7 45
22 8 32
22 9 16
22 10 34
22 11 62
22 12 68
22 13 43
22 14 10
22 15 19
22 16 10
22 17 7
22 19 9
22 20 66
22 21 39
23 0 18
23 1 77
23 2 64
23 3 27
23 4 42
23 5 29
23 6 44
23 7 11
23 8 76
23 9 78
23 10 6
23 12 42
23 13 75
23 14 74
23 16 42
23 17 58
23 18 61
23 19 40
23 21 76
23 22 47
24 0 30
24 1 33
24 2 57
24 4 55
24 5 52
24 6 39
24 7 74
24 8 33
24 10 77
24 11 80
24 12 50
24 13 42
24 14 28
24 15 78
24 16 59
24 18 74
24 19 20
24 20 23
24 22 53
24 23 68
25 0 47
25 1 72
25 3 22
25 4 22
25 5 46
25 6 67
25 7 79
25 9 22
25 10 33
25 11 67
25 13 32
25 14 3
25 15 3
25 16 40
25 17 49
25 19 7
25 20 77
25 22 43
25 23 77
25 24 66
26 0 8
26 1 60
26 2 12
26 3 26
26 4 50
26 5 8
26 6 18
26 7 33
26 8 71
26 9 80
26 10 34
26 11 40
26 12 57
26 13 5
26 14 10
26 16 73
26 17 17
26 18 14
26 20 38
26 21 37
26 22 26
26 23 58
26 25 46
27 0 35
27 1 4
27 3 38
27 4 28
27 5 47
27 6 7
27 7 48
27 8 72
27 9 34
27 10 13
27 11 37
27 12 69
27 13 34
27 14 7
27 16 45
27 17 30
27 18 63
27 19 62
27 20 58
27 21 6
27 22 57
27 23 17
27 24 13
27 25 30
27 26 74
28 0 45
28 1 50
28 2 5
28 4 60
28 5 31
28 6 22
28 7 35
28 8 50
28 9 37
28 10 71
28 11 79
28 12 75
28 13 59
28 14 10
28 15 38
28 16 78
28 17 20
28 18 54
28 19 15
28 20 36
28 21 1
28 22 70
28 23 79
28 25 58
28 26 24
28 27 45
29 0 17
29 2 57
29 3 51
29 4 36
29 5 11
29 6 57
29 7 47
29 8 7
29 9 69
29 11 72
29 12 61
29 14 25
29 15 30
29 16 62
29 17 13
29 18 25
29 20 72
29 21 60
29 22 23
29 23 56
29 24 1
29 25 71
29 26 26
29 27 19
29 28 19
