30
2 0 73
4 2 10
5 1 2
5 3 76
6 0 42
6 2 52
7 0 38
7 2 28
7 4 74
7 5 76
8 0 65
8 1 31
8 3 53
8 4 32
8 6 61
8 7 14
9 0 76
9 5 73
10 0 5
10 2 30
10 3 8
10 4 78
10 8 34
11 0 5
11 1 21
11 3 48
11 4 10
11 5 45
11 6 29
11 8 59
11 9 79
12 0 59
12 1 52
12 6 26
12 9 7
13 0 75
13 1 67
13 2 7
13 3 51
13 5 71
13 6 57
13 7 68
13 9 42
13 10 2
13 12 35
14 3 3
14 5 42
14 9 31
14 11 46
14 12 8
15 0 52
15 1 73
15 8 12
15 12 27
15 14 5
16 0 1
16 2 9
16 3 9
16 8 19
16 9 18
16 10 56
16 11 78
17 0 68
17 2 41
17 9 13
17 10 75
17 12 80
17 14 25
17 15 72
18 1 13
18 4 25
18 7 52
18 8 38
18 10 43
18 11 69
18 13 19
18 14 53
18 15 22
19 0 22
19 1 27
19 3 12
19 7 43
19 8 37
19 10 52
19 14 63
20 0 76
20 1 70
20 3 41
20 4 47
20 5 43
20 6 23
20 7 24
20 10 2
20 11 72
20 17 78
20 18 71
20 19 16
21 1 68
21 3 29
21 5 7
21 7 73
21 9 59
21 16 65
21 17 72
21 19 18
21 20 53
22 0 13
22 2 7
22 4 53
22 5 23
22 6 6
22 11 77
22 13 36
22 15 12
22 16 44
22 18 34
22 20 76
22 21 8
23 0 75
23 1 4
23 2 67
23 3 2
23 5 73
23 10 13
23 11 42
23 12 14
23 14 42
23 16 49
23 17 56
23 19 6
23 20 61
23 21 67
24 0 72
24 1 24
24 5 75
24 7 10
24 9 77
24 14 5
24 16 47
24 19 73
24 20 48
24 21 62
24 22 4
25 2 21
25 4 51
25 8 49
25 14 9
25 19 40
26 0 28
26 5 38
26 6 12
26 7 41
26 10 56
26 16 73
26 18 8
26 19 34
26 20 29
26 21 53
26 24 31
26 25 38
27 1 12
27 2 76
27 9 15
27 11 26
27 13 65
27 18 35
27 21 68
27 22 39
27 23 51
28 2 70
28 4 57
28 6 61
28 8 79
28 10 21
28 12 20
28 14 34
28 21 25
28 22 15
28 25 16
28 27 56
29 2 29
29 3 28
29 5 30
29 6 16
29 8 60
29 10 48
29 11 37
29 15 69
29 17 44
29 21 50
29 22 67
29 23 48
29 25 26
29 27 69
