70
1 0 8
2 0 30
2 1 38
3 0 24
3 1 21
3 2 58
4 0 26
4 1 15
4 2 58
4 3 6
5 1 43
5 2 63
5 3 10
5 4 15
6 0 46
6 1 36
6 2 30
6 3 51
6 4 38
6 5 48
7 1 59
7 2 79
7 5 1
7 6 30
8 0 57
8 1 69
8 3 60
8 5 19
8 6 63
8 7 10
9 1 4
9 2 34
9 3 14
9 4 67
9 5 75
9 7 38
9 8 18
10 0 50
10 1 48
10 2 6
10 3 8
10 4 40
10 5 12
10 7 49
10 8 53
11 0 74
11 1 28
11 2 80
11 5 61
11 6 44
11 7 37
11 8 66
11 9 58
11 10 36
12 0 72
12 1 26
12 2 72
12 4 72
12 6 74
12 7 80
12 8 79
12 9 80
12 10 40
12 11 63
13 0 57
13 1 66
13 2 75
13 3 47
13 4 22
13 5 3
13 6 12
13 8 56
13 10 49
13 11 35
13 12 16
14 0 22
14 1 77
14 2 33
14 3 42
14 4 42
14 5 73
14 6 63
14 7 33
14 8 63
14 9 14
14 10 69
14 11 35
14 12 2
14 13 43
15 0 38
15 1 22
15 3 28
15 4 75
15 6 8
15 9 34
15 10 15
15 11 3
16 0 27
16 1 55
16 4 33
16 5 45
16 6 60
16 7 52
16 8 71
16 10 35
16 11 3
16 13 23
16 14 19
16 15 33
17 2 7
17 3 30
17 4 32
17 5 63
17 6 11
17 7 58
17 8 2
17 11 8
17 12 44
17 14 21
17 16 51
18 2 63
18 3 60
18 7 25
18 8 45
18 9 76
18 10 74
18 12 43
18 13 71
18 15 11
18 16 52
19 0 16
19 1 34
19 2 27
19 4 76
19 5 68
19 6 69
19 7 19
19 8 24
19 9 68
19 10 72
19 11 58
19 13 11
19 14 77
19 15 49
19 17 14
20 0 15
20 1 35
20 2 19
20 3 52
20 4 8
20 5 77
20 6 5
20 7 42
20 9 14
20 10 16
20 12 7
20 13 55
20 14 6
20 15 80
20 16 40
20 17 79
20 18 61
20 19 65
21 0 10
21 1 10
21 2 38
21 3 61
21 4 30
21 6 47
21 7 44
21 8 7
21 9 5
21 10 66
21 12 33
21 13 17
21 15 76
21 16 15
21 17 19
21 18 16
21 19 70
22 0 73
22 1 21
22 2 44
22 4 48
22 5 11
22 6 79
22 7 44
22 8 37
22 9 74
22 11 58
22 13 80
22 14 5
22 15 13
22 16 74
22 17 57
22 18 59
22 19 16
22 20 2
22 21 34
23 2 37
23 3 58
23 4 6
23 5 67
23 6 2
23 7 16
23 8 7
23 10 19
23 11 3
23 14 63
23 15 41
23 16 39
23 19 11
23 20 38
23 21 42
23 22 26
24 0 41
24 1 69
24 2 63
24 3 38
24 4 46
24 5 68
24 6 44
24 7 75
24 10 28
24 11 77
24 12 23
24 13 12
24 14 43
24 16 18
24 17 8
24 18 48
24 19 59
24 20 46
24 22 57
24 23 9
25 0 45
25 1 9
25 2 10
25 3 71
25 4 65
25 5 26
25 6 74
25 7 25
25 9 43
25 11 46
25 12 43
25 13 72
25 14 10
25 17 49
25 18 58
25 19 79
25 20 58
25 21 7
25 22 27
25 23 70
25 24 8
26 0 57
26 1 39
26 2 34
26 3 49
26 5 39
26 7 22
26 8 33
26 9 63
26 10 33
26 11 47
26 12 31
26 13 60
26 17 77
26 19 62
26 20 23
26 21 78
26 22 38
26 23 53
26 24 38
26 25 13
27 0 80
27 1 25
27 2 12
27 3 16
27 4 65
27 5 48
27 8 79
27 9 34
27 11 25
27 13 50
27 14 49
27 15 54
27 16 35
27 17 12
27 19 63
27 20 21
27 21 59
27 22 6
27 23 66
27 25 65
27 26 30
28 0 72
28 2 36
28 3 41
28 5 44
28 6 52
28 9 54
28 10 52
28 11 43
28 12 25
28 14 13
28 15 12
28 17 63
28 18 70
28 20 15
28 22 8
28 23 15
28 24 40
28 25 23
28 27 35
29 0 31
29 1 53
29 3 30
29 4 26
29 6 4
29 8 34
29 10 16
29 11 65
29 12 64
29 13 17
29 15 79
29 16 8
29 18 79
29 19 52
29 20 58
29 21 78
29 22 66
29 23 27
29 24 54
29 25 53
29 26 44
29 27 1
29 28 68
30 0 69
30 1 50
30 2 68
30 4 18
30 5 17
30 6 51
30 7 11
30 8 9
30 11 59
30 14 56
30 15 50
30 16 65
30 17 75
30 18 52
30 19 65
30 21 13
30 23 41
30 24 28
30 25 65
30 26 36
30 27 3
30 28 72
30 29 2
31 1 8
31 3 49
31 4 32
31 5 68
31 6 53
31 7 47
31 8 60
31 9 61
31 10 71
31 11 68
31 12 65
31 13 10
31 14 70
31 15 49
31 16 3
31 17 23
31 18 70
31 21 57
31 22 80
31 23 6
31 24 5
31 25 43
31 26 74
31 29 72
31 30 76
32 1 75
32 2 3
32 4 70
32 5 67
32 6 80
32 7 69
32 10 62
32 11 14
32 12 35
32 13 7
32 14 77
32 16 33
32 17 3
32 18 65
32 19 12
32 20 26
32 21 9
32 22 41
32 23 16
32 24 80
32 25 23
32 26 79
32 27 44
32 29 13
32 30 59
32 31 43
33 0 37
33 1 23
33 2 70
33 3 63
33 4 24
33 5 5
33 7 22
33 8 46
33 9 58
33 10 14
33 11 68
33 12 26
33 13 8
33 14 30
33 15 4
33 17 5
33 18 49
33 19 6
33 20 18
33 21 33
33 22 25
33 23 33
33 24 45
33 25 73
33 26 69
33 27 2
33 28 24
33 29 4
33 30 51
33 31 29
34 0 72
34 1 11
34 2 55
34 5 70
34 7 38
34 8 10
34 9 25
34 10 46
34 13 29
34 14 34
34 15 24
34 17 21
34 18 69
34 20 28
34 21 3
34 22 64
34 23 38
34 24 37
34 26 76
34 27 75
34 28 42
34 29 54
34 30 80
34 31 73
34 32 49
35 0 23
35 1 71
35 2 16
35 3 71
35 4 34
35 5 29
35 6 61
35 7 66
35 8 57
35 9 24
35 10 11
35 11 38
35 13 7
35 14 16
35 15 48
35 16 44
35 17 70
35 18 27
35 19 56
35 20 50
35 21 51
35 22 8
35 23 29
35 25 17
35 26 71
35 27 54
35 29 60
35 30 77
35 31 70
35 32 37
35 34 27
36 0 33
36 1 60
36 2 80
36 3 62
36 4 61
36 5 57
36 6 16
36 7 11
36 8 67
36 10 20
36 11 71
36 13 79
36 15 29
36 16 62
36 17 50
36 18 4
36 19 67
36 21 36
36 22 28
36 23 74
36 24 34
36 25 46
36 26 44
36 27 45
36 28 10
36 29 65
36 30 44
36 31 11
36 32 55
36 33 52
36 34 27
36 35 22
37 0 11
37 1 39
37 2 75
37 3 8
37 4 34
37 5 80
37 6 70
37 10 58
37 11 71
37 12 16
37 13 19
37 14 70
37 16 55
37 17 8
37 19 51
37 20 16
37 21 68
37 23 24
37 24 45
37 25 49
37 26 6
37 29 71
37 31 77
37 32 53
37 33 11
37 35 2
38 0 8
38 1 49
38 2 2
38 3 16
38 4 55
38 6 45
38 7 31
38 8 30
38 9 41
38 10 37
38 11 12
38 12 19
38 13 37
38 14 5
38 15 33
38 16 7
38 17 49
38 18 51
38 19 3
38 20 7
38 21 3
38 22 13
38 23 49
38 24 7
38 28 47
38 29 26
38 30 54
38 31 36
38 32 67
38 33 78
38 34 26
38 35 35
38 36 25
38 37 26
39 0 6
39 1 38
39 2 29
39 4 75
39 6 44
39 7 14
39 8 20
39 9 37
39 11 10
39 12 30
39 13 72
39 14 33
39 16 57
39 18 58
39 19 8
39 20 13
39 21 37
39 22 32
39 23 42
39 24 10
39 25 20
39 26 72
39 27 22
39 28 75
39 29 74
39 30 26
39 31 79
39 32 4
39 33 76
39 36 73
39 37 16
39 38 8
40 0 77
40 1 9
40 2 38
40 4 73
40 5 43
40 6 39
40 8 7
40 9 17
40 10 16
40 12 31
40 13 25
40 14 26
40 15 37
40 16 13
40 17 34
40 20 16
40 21 13
40 22 69
40 23 53
40 24 51
40 25 8
40 26 71
40 27 31
40 28 1
40 29 30
40 33 64
40 34 39
40 35 45
40 36 68
40 37 45
40 39 2
41 0 47
41 1 78
41 2 43
41 3 77
41 5 29
41 7 18
41 8 50
41 9 69
41 10 29
41 11 3
41 12 28
41 13 4
41 14 17
41 15 36
41 16 63
41 17 4
41 18 22
41 19 30
41 20 40
41 21 5
41 22 50
41 23 34
41 24 23
41 25 15
41 28 21
41 29 11
41 30 51
41 31 37
41 33 55
41 35 6
41 37 69
41 38 45
41 39 20
41 40 42
42 1 31
42 3 53
42 5 43
42 7 30
42 8 26
42 9 52
42 10 13
42 11 67
42 12 62
42 13 35
42 16 63
42 17 57
42 19 57
42 22 57
42 23 2
42 25 68
42 26 32
42 27 47
42 28 34
42 29 3
42 32 53
42 33 74
42 35 55
42 36 73
42 37 10
42 39 71
42 41 45
43 2 24
43 4 72
43 6 21
43 7 52
43 9 18
43 10 5
43 11 60
43 12 44
43 13 10
43 14 11
43 15 76
43 16 8
43 17 12
43 18 46
43 19 22
43 20 38
43 21 61
43 22 29
43 23 77
43 24 57
43 25 80
43 26 27
43 27 25
43 28 18
43 29 15
43 30 75
43 31 42
43 32 59
43 35 68
43 36 12
43 37 68
43 40 73
43 41 76
43 42 54
44 0 11
44 2 19
44 3 1
44 4 80
44 8 30
44 9 44
44 10 69
44 11 38
44 12 38
44 13 43
44 14 29
44 16 26
44 17 6
44 18 68
44 19 44
44 20 43
44 22 30
44 23 75
44 25 47
44 26 11
44 27 33
44 28 25
44 30 37
44 32 76
44 33 3
44 34 13
44 35 68
44 36 19
44 37 13
44 39 76
44 40 39
44 41 50
44 42 52
44 43 5
45 1 72
45 2 30
45 3 20
45 4 19
45 5 73
45 6 4
45 7 3
45 10 43
45 11 52
45 12 35
45 13 43
45 14 69
45 15 17
45 16 73
45 17 13
45 18 26
45 19 60
45 20 14
45 21 45
45 22 53
45 23 24
45 24 77
45 26 44
45 27 12
45 28 1
45 29 36
45 30 53
45 31 46
45 34 61
45 36 7
45 37 15
45 38 61
45 39 5
45 40 72
45 42 71
45 43 20
45 44 10
46 1 8
46 4 39
46 5 21
46 6 60
46 7 31
46 9 24
46 10 11
46 14 70
46 15 5
46 16 68
46 17 11
46 18 10
46 20 36
46 21 69
46 22 65
46 23 16
46 24 49
46 25 64
46 29 66
46 31 32
46 32 28
46 33 71
46 34 3
46 36 80
46 38 21
46 40 69
46 41 46
46 42 59
46 43 12
46 44 56
46 45 52
47 1 22
47 2 29
47 3 80
47 4 18
47 5 39
47 7 32
47 8 64
47 9 24
47 11 1
47 12 32
47 13 71
47 14 36
47 15 80
47 16 40
47 17 65
47 18 1
47 19 2
47 20 8
47 21 6
47 22 76
47 28 10
47 29 47
47 30 1
47 31 28
47 32 53
47 33 10
47 35 78
47 36 73
47 37 47
47 38 18
47 39 50
47 40 66
47 41 33
47 42 35
47 43 68
47 45 49
47 46 52
48 0 68
48 1 7
48 2 23
48 4 53
48 5 8
48 6 57
48 7 61
48 8 47
48 9 69
48 10 16
48 11 12
48 12 56
48 13 21
48 15 59
48 16 65
48 17 16
48 18 73
48 19 12
48 20 54
48 21 27
48 22 48
48 23 55
48 24 52
48 26 57
48 27 40
48 28 21
48 29 54
48 30 14
48 31 74
48 32 1
48 33 17
48 34 1
48 35 7
48 36 65
48 37 24
48 38 12
48 39 1
48 40 62
48 41 52
48 43 58
48 44 56
48 45 30
48 46 25
49 0 2
49 1 44
49 2 68
49 3 50
49 4 1
49 5 9
49 6 71
49 7 79
49 11 80
49 12 51
49 13 28
49 14 44
49 15 13
49 16 20
49 17 16
49 18 28
49 19 20
49 21 61
49 22 79
49 23 75
49 24 44
49 25 30
49 26 35
49 28 47
49 29 52
49 31 72
49 32 29
49 33 51
49 34 26
49 35 67
49 36 17
49 37 55
49 38 10
49 41 53
49 42 60
49 43 74
49 44 18
49 45 58
49 47 75
49 48 10
50 0 26
50 1 21
50 2 53
50 3 75
50 4 65
50 6 47
50 7 67
50 8 33
50 9 8
50 10 13
50 11 22
50 12 11
50 13 67
50 14 76
50 17 71
50 18 43
50 19 75
50 21 75
50 22 69
50 24 51
50 25 48
50 26 74
50 27 3
50 28 21
50 29 80
50 30 72
50 31 66
50 33 53
50 34 61
50 36 76
50 37 33
50 38 1
50 39 56
50 40 26
50 41 18
50 42 78
50 43 20
50 44 74
50 46 20
51 1 67
51 2 41
51 4 30
51 5 39
51 6 58
51 8 72
51 9 49
51 11 29
51 13 11
51 14 39
51 16 59
51 17 2
51 18 5
51 19 3
51 20 68
51 21 20
51 22 72
51 23 69
51 24 52
51 25 80
51 26 44
51 27 49
51 28 23
51 29 32
51 30 18
51 31 32
51 34 9
51 35 20
51 36 57
51 37 28
51 38 26
51 40 30
51 41 40
51 46 67
51 47 62
51 48 28
51 50 73
52 0 76
52 1 40
52 2 61
52 4 71
52 5 78
52 6 65
52 7 17
52 9 40
52 11 17
52 12 34
52 13 13
52 14 34
52 15 45
52 16 5
52 17 47
52 18 44
52 19 14
52 21 55
52 22 26
52 23 25
52 24 14
52 25 49
52 26 25
52 27 52
52 30 27
52 32 74
52 33 25
52 34 70
52 35 16
52 38 43
52 39 69
52 40 9
52 41 31
52 42 38
52 43 9
52 44 77
52 45 40
52 46 33
52 47 76
52 48 26
52 50 67
52 51 60
53 2 37
53 3 56
53 4 63
53 5 60
53 6 71
53 7 21
53 8 63
53 9 5
53 10 2
53 11 46
53 12 19
53 13 66
53 14 1
53 16 68
53 17 9
53 18 46
53 19 37
53 20 9
53 21 74
53 22 8
53 24 52
53 26 63
53 27 65
53 29 17
53 30 6
53 31 11
53 32 2
53 33 16
53 34 60
53 35 62
53 36 6
53 37 77
53 38 66
53 40 75
53 41 49
53 42 17
53 43 34
53 44 40
53 45 43
53 47 74
53 49 38
53 50 61
53 51 58
54 0 72
54 1 65
54 2 68
54 3 75
54 4 17
54 5 79
54 6 30
54 8 7
54 9 37
54 10 4
54 11 73
54 12 53
54 13 58
54 14 16
54 15 66
54 16 6
54 17 53
54 18 40
54 19 51
54 20 57
54 21 53
54 23 4
54 24 68
54 25 45
54 26 80
54 27 72
54 30 47
54 32 58
54 35 22
54 38 65
54 39 80
54 40 60
54 41 4
54 42 19
54 44 11
54 45 75
54 46 45
54 49 66
54 50 21
54 51 33
54 52 72
54 53 63
55 0 79
55 1 34
55 2 58
55 4 33
55 5 1
55 6 44
55 8 12
55 10 54
55 11 17
55 12 58
55 13 78
55 14 64
55 15 61
55 16 19
55 17 79
55 19 74
55 22 74
55 23 33
55 24 78
55 25 18
55 26 60
55 27 48
55 29 70
55 30 15
55 31 68
55 32 22
55 33 60
55 34 65
55 36 80
55 37 34
55 38 22
55 39 26
55 40 3
55 42 56
55 43 39
55 44 18
55 45 57
55 46 7
55 47 77
55 49 59
55 51 17
55 52 16
55 53 67
55 54 31
56 0 3
56 1 47
56 2 73
56 3 77
56 4 17
56 5 27
56 8 72
56 9 79
56 10 34
56 11 39
56 12 73
56 13 8
56 14 24
56 18 6
56 19 30
56 20 66
56 21 30
56 22 29
56 23 23
56 24 43
56 25 74
56 26 24
56 27 71
56 28 73
56 29 11
56 30 76
56 31 56
56 33 33
56 34 3
56 35 59
56 36 3
56 37 13
56 38 80
56 39 51
56 40 29
56 44 44
56 45 64
56 46 72
56 48 17
56 49 7
56 50 71
56 51 41
56 52 41
56 53 19
56 54 68
56 55 6
57 0 2
57 1 19
57 2 67
57 3 24
57 4 5
57 5 9
57 6 6
57 7 7
57 8 49
57 10 74
57 11 49
57 12 60
57 14 71
57 15 43
57 16 55
57 17 29
57 18 56
57 20 47
57 21 34
57 22 21
57 23 49
57 25 20
57 26 26
57 28 70
57 29 51
57 30 31
57 31 48
57 32 46
57 33 48
57 34 67
57 35 16
57 36 13
57 37 31
57 38 68
57 39 27
57 41 74
57 42 30
57 43 38
57 44 25
57 45 5
57 47 61
57 48 70
57 49 51
57 50 34
57 51 12
57 53 7
57 54 10
57 56 10
58 0 67
58 3 26
58 4 19
58 5 57
58 6 46
58 8 42
58 9 76
58 10 50
58 11 79
58 13 24
58 14 16
58 15 69
58 16 38
58 17 69
58 18 44
58 19 63
58 20 17
58 21 38
58 22 54
58 23 36
58 24 75
58 25 34
58 26 66
58 27 8
58 29 2
58 30 79
58 32 15
58 33 11
58 34 1
58 35 59
58 37 45
58 38 73
58 39 72
58 40 7
58 41 47
58 42 15
58 43 46
58 44 22
58 45 54
58 46 39
58 48 7
58 49 9
58 51 1
58 52 76
58 53 6
58 54 49
58 55 46
58 56 7
59 0 50
59 1 8
59 3 64
59 4 30
59 5 43
59 6 44
59 8 12
59 10 65
59 11 24
59 12 45
59 13 16
59 14 67
59 16 4
59 17 13
59 18 73
59 19 60
59 21 9
59 23 37
59 25 28
59 26 9
59 28 13
59 30 51
59 31 73
59 32 52
59 34 2
59 36 28
59 37 64
59 39 34
59 41 59
59 42 69
59 43 69
59 44 46
59 45 68
59 46 46
59 48 9
59 51 16
59 52 15
59 53 38
59 55 59
59 56 65
59 57 26
59 58 21
60 1 54
60 2 5
60 3 32
60 4 70
60 7 20
60 8 13
60 9 37
60 10 19
60 11 63
60 12 80
60 13 1
60 15 30
60 16 6
60 17 5
60 18 31
60 21 31
60 22 41
60 25 4
60 29 73
60 30 37
60 31 63
60 32 69
60 33 35
60 34 72
60 36 31
60 37 49
60 38 64
60 41 68
60 42 16
60 44 20
60 45 55
60 46 40
60 48 5
60 49 12
60 50 8
60 51 2
60 53 45
60 54 53
60 55 27
60 56 43
60 57 22
60 59 23
61 0 50
61 1 17
61 3 9
61 4 39
61 6 79
61 7 55
61 8 48
61 11 63
61 12 27
61 13 19
61 14 2
61 15 80
61 16 70
61 17 65
61 18 16
61 19 62
61 20 75
61 21 9
61 22 40
61 23 34
61 24 70
61 26 51
61 27 56
61 28 49
61 29 8
61 30 68
61 31 45
61 32 56
61 34 55
61 35 76
61 36 76
61 37 24
61 38 55
61 39 25
61 40 6
61 41 45
61 42 42
61 44 60
61 45 17
61 46 52
61 48 13
61 49 80
61 50 4
61 51 35
61 52 14
61 53 60
61 54 65
61 55 46
61 56 48
61 57 37
61 58 71
61 59 26
61 60 57
62 2 14
62 3 43
62 4 40
62 5 53
62 7 42
62 8 64
62 9 14
62 10 30
62 11 35
62 12 48
62 13 59
62 14 16
62 15 11
62 16 79
62 17 15
62 19 23
62 20 49
62 21 15
62 22 19
62 23 5
62 24 18
62 26 69
62 27 5
62 28 59
62 29 35
62 30 31
62 31 25
62 32 28
62 33 40
62 34 39
62 35 4
62 36 26
62 37 65
62 40 20
62 43 48
62 44 36
62 46 67
62 47 69
62 49 74
62 50 4
62 51 5
62 52 72
62 53 5
62 54 67
62 55 14
62 56 28
62 57 68
62 59 63
62 61 44
63 0 68
63 1 6
63 6 58
63 7 25
63 8 16
63 9 78
63 10 77
63 11 11
63 12 68
63 13 27
63 14 80
63 15 6
63 16 26
63 18 72
63 19 62
63 20 15
63 21 61
63 22 69
63 23 65
63 24 1
63 25 54
63 26 73
63 27 62
63 28 80
63 29 46
63 30 48
63 31 9
63 32 24
63 34 35
63 37 60
63 38 48
63 39 35
63 40 32
63 42 74
63 43 36
63 44 11
63 45 24
63 46 63
63 47 37
63 48 72
63 49 23
63 50 72
63 51 72
63 53 62
63 55 39
63 56 79
63 57 72
63 58 41
63 59 32
63 61 66
63 62 8
64 0 68
64 2 34
64 3 80
64 4 61
64 6 26
64 9 43
64 11 14
64 13 8
64 14 16
64 15 62
64 16 70
64 17 15
64 18 44
64 19 12
64 21 2
64 23 2
64 25 56
64 26 19
64 27 9
64 28 62
64 29 10
64 30 79
64 31 15
64 32 66
64 33 27
64 34 27
64 35 73
64 36 2
64 37 38
64 40 15
64 41 38
64 42 43
64 43 66
64 45 62
64 47 25
64 48 9
64 50 5
64 53 44
64 54 6
64 55 18
64 56 23
64 57 8
64 58 78
64 59 65
64 60 47
64 61 68
64 62 67
64 63 54
65 0 47
65 1 59
65 2 42
65 3 7
65 4 75
65 5 69
65 6 79
65 7 23
65 9 54
65 10 21
65 12 62
65 13 44
65 14 52
65 15 11
65 17 25
65 18 20
65 19 22
65 20 37
65 21 75
65 22 72
65 23 50
65 24 61
65 25 13
65 26 60
65 27 5
65 28 41
65 29 55
65 30 71
65 31 20
65 32 68
65 35 65
65 36 35
65 37 16
65 38 15
65 39 75
65 40 41
65 42 29
65 43 2
65 44 51
65 45 4
65 46 80
65 48 23
65 51 30
65 52 64
65 53 30
65 54 57
65 55 71
65 56 44
65 57 24
65 58 19
65 59 18
65 60 14
65 61 42
65 62 32
65 63 71
65 64 2
66 0 43
66 1 8
66 2 17
66 3 79
66 4 26
66 5 25
66 6 66
66 8 19
66 9 65
66 10 75
66 11 60
66 13 20
66 14 54
66 18 50
66 19 10
66 20 78
66 21 54
66 22 3
66 23 79
66 25 66
66 26 13
66 28 80
66 29 42
66 30 78
66 32 53
66 33 41
66 34 51
66 35 52
66 36 39
66 38 71
66 39 13
66 40 13
66 42 50
66 43 27
66 44 36
66 45 44
66 48 25
66 50 7
66 51 32
66 52 19
66 53 47
66 54 34
66 55 1
66 56 44
66 57 38
66 58 68
66 60 35
67 0 14
67 1 60
67 2 20
67 3 62
67 4 70
67 6 38
67 7 11
67 8 27
67 9 48
67 10 9
67 11 46
67 12 4
67 13 64
67 14 29
67 15 23
67 16 61
67 17 74
67 18 63
67 19 38
67 20 58
67 21 69
67 22 24
67 23 18
67 24 56
67 25 49
67 26 54
67 27 49
67 29 1
67 31 43
67 32 50
67 33 19
67 34 57
67 36 71
67 37 29
67 38 24
67 39 21
67 40 22
67 41 35
67 42 28
67 43 66
67 44 3
67 45 19
67 46 28
67 47 39
67 48 30
67 49 19
67 51 35
67 53 16
67 54 10
67 55 75
67 56 79
67 57 35
67 58 36
67 60 25
67 63 11
67 64 12
67 65 62
67 66 54
68 0 11
68 1 32
68 2 6
68 4 62
68 5 44
68 6 73
68 7 50
68 8 45
68 9 25
68 10 61
68 12 27
68 13 52
68 14 80
68 15 65
68 16 54
68 17 35
68 19 64
68 20 30
68 21 26
68 23 39
68 24 29
68 25 44
68 26 62
68 27 11
68 28 57
68 29 15
68 30 37
68 31 41
68 32 53
68 33 73
68 34 62
68 35 72
68 36 27
68 37 31
68 38 18
68 39 79
68 41 50
68 42 58
68 43 9
68 45 52
68 46 40
68 47 35
68 48 21
68 49 12
68 50 24
68 52 76
68 53 6
68 54 80
68 55 12
68 56 66
68 57 59
68 58 5
68 59 20
68 60 20
68 61 76
68 62 8
68 67 23
69 0 50
69 1 5
69 2 66
69 3 39
69 4 23
69 5 43
69 6 47
69 8 13
69 9 4
69 11 36
69 12 79
69 13 24
69 14 9
69 15 20
69 17 12
69 18 68
69 19 17
69 21 73
69 22 6
69 24 54
69 25 11
69 26 76
69 27 48
69 29 17
69 30 20
69 31 69
69 32 32
69 33 15
69 34 74
69 35 74
69 36 3
69 38 52
69 39 7
69 40 18
69 41 62
69 42 23
69 43 14
69 46 50
69 47 8
69 48 28
69 49 1
69 50 71
69 51 22
69 52 26
69 54 66
69 55 49
69 56 80
69 57 32
69 58 47
69 59 64
69 60 10
69 62 76
69 63 15
69 64 50
69 65 39
69 66 67
69 67 67
