60
8 6 25
11 6 108
15 10 48
17 0 57
17 15 104
18 16 31
19 3 74
20 11 12
20 15 65
20 16 119
20 18 61
21 11 29
21 19 160
22 1 151
22 12 29
22 13 113
23 6 132
23 12 80
23 16 33
23 20 16
25 17 83
26 0 44
26 16 94
26 21 116
27 26 84
28 0 49
28 7 58
28 14 28
28 26 149
29 13 145
29 14 19
29 15 88
29 18 130
29 22 138
30 8 64
31 4 2
31 5 24
31 12 20
31 24 88
32 7 136
32 8 90
32 11 132
32 14 15
32 22 46
32 25 62
32 28 103
33 3 58
33 9 46
33 14 74
34 1 16
34 2 44
34 19 159
34 31 144
35 9 103
35 15 132
35 16 58
35 29 133
36 7 140
36 35 117
37 6 78
37 13 141
37 14 2
37 16 102
37 27 139
37 29 13
37 34 6
37 35 7
38 8 54
38 12 133
38 20 71
38 27 24
38 32 96
39 0 108
39 5 126
39 14 45
39 16 97
39 18 10
39 19 2
40 13 98
40 14 34
40 30 51
40 35 143
40 36 50
41 19 84
41 31 96
41 32 123
42 10 62
42 19 41
42 28 26
42 29 42
42 31 25
42 38 142
42 40 11
42 41 33
43 1 106
43 25 141
44 5 79
44 16 35
44 17 58
44 33 106
44 41 153
45 8 61
45 11 116
45 16 92
45 20 23
45 24 19
45 37 103
46 3 63
46 4 95
46 23 73
46 28 92
46 34 34
46 35 141
46 44 56
47 2 104
47 4 72
47 13 99
47 24 56
47 35 148
48 0 80
48 6 17
48 11 77
48 33 4
48 36 1
49 5 157
49 7 65
49 8 113
49 22 125
49 38 154
49 40 54
49 45 89
50 9 73
50 25 157
50 32 12
51 1 2
51 3 84
51 26 40
51 31 5
51 35 22
52 0 62
52 5 87
52 28 142
52 36 44
52 37 160
53 1 160
53 37 15
53 51 114
54 6 107
54 25 87
54 32 38
54 34 104
54 51 158
55 4 140
55 14 1
55 15 56
55 26 84
55 38 130
55 43 105
56 6 18
56 17 131
56 29 118
56 37 69
56 39 84
56 54 124
56 55 133
57 5 120
57 7 31
57 11 70
57 18 44
57 30 153
57 56 70
58 1 5
58 19 150
58 38 28
58 39 143
59 5 13
59 20 15
