20
1 0 8
2 1 9
3 0 6
3 1 2
4 0 3
4 2 8
4 3 5
5 0 6
5 1 8
5 2 5
5 3 1
6 1 7
6 2 10
6 4 1
7 2 1
7 5 10
8 0 9
8 1 1
8 2 5
8 5 3
8 6 5
8 7 2
9 5 1
9 7 6
9 8 9
10 0 6
10 1 7
10 4 3
10 8 4
11 0 3
11 1 8
11 4 6
11 5 3
11 8 2
11 9 2
12 2 10
12 3 4
12 4 8
12 5 7
12 6 6
12 7 7
12 8 8
12 9 10
12 11 4
13 0 4
13 2 10
13 4 8
13 6 5
13 9 4
13 10 1
13 12 6
14 1 8
14 2 9
14 3 10
14 4 9
14 5 9
14 6 9
14 8 2
14 9 5
14 10 6
14 11 7
14 12 1
15 0 5
15 1 3
15 4 9
15 6 9
15 7 9
15 10 1
15 14 1
16 1 6
16 2 2
16 3 2
16 4 8
16 5 3
16 6 7
16 8 3
16 9 10
16 11 10
16 12 5
16 14 3
16 15 3
17 0 5
17 1 4
17 2 8
17 4 5
17 6 3
17 9 1
17 10 8
17 12 10
17 15 4
18 2 5
18 3 8
18 4 2
18 5 10
18 6 1
18 8 8
18 9 10
18 11 6
18 15 9
18 16 1
18 17 9
19 0 6
19 1 8
19 2 8
19 3 8
19 5 10
19 7 8
19 8 7
19 9 8
19 12 8
19 13 1
19 14 8
19 16 5
19 17 4
19 18 3
