50
1 0 18
2 0 39
2 1 35
3 0 26
3 1 35
3 2 30
4 0 32
4 1 2
4 2 24
4 3 15
5 0 32
5 1 40
5 2 1
5 3 11
5 4 33
6 0 19
6 3 15
6 4 35
6 5 37
7 1 24
7 2 7
7 4 11
7 5 36
7 6 12
8 0 10
8 1 40
8 2 11
8 3 20
8 4 7
8 5 10
8 6 30
8 7 37
9 0 34
9 1 32
9 3 39
9 4 31
9 5 22
9 6 31
9 7 1
9 8 28
10 0 31
10 1 11
10 2 26
10 3 13
10 4 23
10 5 7
10 6 33
10 8 35
10 9 17
11 0 23
11 1 6
11 2 31
11 3 37
11 4 4
11 5 28
11 6 35
11 7 5
11 8 31
11 9 3
11 10 5
12 1 23
12 2 39
12 3 8
12 4 6
12 5 22
12 6 18
12 7 4
12 10 13
12 11 28
13 0 5
13 1 38
13 2 21
13 3 37
13 4 26
13 5 6
13 6 28
13 7 4
13 8 27
13 9 9
13 10 8
13 11 15
13 12 31
14 0 40
14 1 38
14 2 21
14 3 1
14 4 37
14 7 34
14 8 3
14 9 36
14 11 17
14 12 13
15 0 7
15 1 35
15 3 33
15 4 26
15 5 17
15 6 21
15 7 32
15 9 40
15 10 38
15 13 21
15 14 23
16 1 8
16 2 15
16 3 40
16 5 8
16 6 22
16 7 23
16 8 24
16 9 31
16 10 10
16 11 32
16 12 3
16 13 25
16 14 30
16 15 6
17 0 29
17 1 26
17 2 26
17 3 7
17 4 32
17 5 13
17 7 21
17 8 2
17 9 40
17 10 34
17 11 16
17 12 28
17 13 2
17 14 4
17 15 25
17 16 16
18 1 23
18 2 35
18 3 36
18 4 17
18 6 31
18 7 12
18 8 9
18 9 7
18 10 26
18 12 22
18 13 28
18 15 11
18 16 36
18 17 17
19 0 18
19 1 8
19 2 12
19 3 13
19 4 17
19 5 17
19 6 20
19 7 20
19 8 37
19 11 30
19 12 2
19 13 2
19 14 23
19 15 17
19 16 35
19 17 19
19 18 39
20 0 26
20 1 8
20 2 3
20 3 16
20 4 1
20 5 17
20 6 8
20 7 17
20 10 16
20 11 7
20 12 33
20 14 8
20 17 16
20 18 20
20 19 5
21 0 26
21 1 20
21 2 3
21 3 16
21 4 31
21 5 24
21 6 27
21 7 9
21 8 23
21 9 10
21 10 23
21 11 5
21 12 18
21 13 38
21 14 15
21 15 29
21 16 18
21 17 35
21 18 23
21 19 10
21 20 17
22 0 35
22 1 21
22 2 31
22 3 1
22 4 11
22 5 18
22 8 18
22 9 28
22 10 31
22 11 28
22 12 39
22 13 16
22 14 29
22 15 29
22 16 29
22 18 10
22 19 26
22 20 17
22 21 20
23 0 16
23 1 7
23 3 17
23 6 3
23 7 30
23 8 33
23 9 38
23 10 26
23 11 6
23 12 27
23 13 34
23 14 4
23 15 8
23 16 14
23 19 6
23 20 1
23 21 31
23 22 34
24 0 1
24 1 8
24 2 2
24 3 25
24 4 26
24 5 21
24 6 40
24 7 20
24 8 5
24 9 28
24 10 18
24 11 28
24 12 40
24 13 3
24 14 27
24 15 27
24 16 7
24 17 2
24 18 18
24 19 6
24 20 36
24 21 37
24 22 25
25 0 19
25 1 14
25 2 35
25 3 1
25 4 32
25 5 13
25 6 33
25 7 37
25 9 27
25 10 26
25 11 34
25 12 17
25 13 21
25 14 17
25 15 11
25 16 31
25 17 39
25 18 7
25 19 33
25 20 8
25 21 33
25 22 30
25 23 17
25 24 5
26 0 7
26 1 6
26 2 32
26 4 17
26 6 38
26 8 26
26 9 35
26 11 22
26 12 7
26 13 29
26 15 10
26 16 37
26 17 14
26 18 40
26 19 24
26 20 27
26 21 13
26 22 39
26 23 22
26 24 2
26 25 23
27 1 22
27 3 13
27 4 14
27 5 37
27 6 34
27 7 2
27 9 5
27 10 33
27 11 12
27 12 37
27 13 37
27 14 30
27 15 9
27 16 39
27 17 14
27 18 9
27 19 1
27 20 14
27 21 4
27 22 22
27 23 34
27 24 13
27 25 19
27 26 30
28 0 32
28 1 11
28 2 36
28 3 24
28 4 3
28 5 28
28 8 40
28 9 17
28 11 23
28 12 32
28 13 24
28 14 13
28 15 16
28 16 33
28 17 20
28 19 20
28 20 5
28 21 22
28 22 36
28 23 33
28 24 4
28 25 38
28 26 13
29 1 18
29 2 34
29 3 6
29 4 26
29 5 9
29 6 38
29 7 1
29 8 16
29 9 21
29 10 30
29 11 7
29 12 14
29 13 30
29 14 40
29 16 6
29 17 2
29 18 15
29 19 25
29 20 34
29 21 20
29 22 21
29 23 20
29 24 2
29 25 26
29 26 34
29 27 24
29 28 7
30 0 7
30 1 38
30 2 34
30 3 14
30 4 14
30 5 17
30 6 38
30 7 19
30 9 15
30 10 35
30 12 8
30 13 25
30 14 33
30 15 18
30 17 30
30 18 7
30 19 29
30 20 30
30 21 25
30 22 30
30 24 14
30 25 33
30 26 11
30 27 3
30 28 32
30 29 28
31 0 33
31 1 11
31 2 30
31 3 40
31 4 30
31 5 26
31 6 7
31 7 5
31 8 13
31 9 26
31 10 8
31 11 24
31 13 22
31 14 14
31 15 40
31 16 10
31 19 26
31 20 30
31 21 9
31 22 31
31 23 29
31 24 17
31 25 36
31 26 11
31 27 14
31 28 40
31 29 37
31 30 18
32 0 39
32 1 13
32 2 20
32 3 22
32 4 8
32 5 40
32 6 1
32 7 36
32 8 30
32 9 39
32 10 31
32 11 30
32 13 31
32 14 17
32 15 24
32 16 17
32 17 23
32 18 7
32 19 13
32 20 10
32 21 25
32 22 3
32 23 17
32 24 16
32 25 21
32 26 40
32 27 4
32 28 15
32 29 37
32 30 7
32 31 2
33 0 30
33 3 2
33 4 28
33 5 15
33 6 38
33 7 6
33 8 5
33 9 11
33 10 29
33 11 28
33 12 20
33 13 9
33 14 17
33 15 16
33 16 38
33 17 39
33 18 12
33 19 36
33 20 25
33 21 36
33 22 35
33 23 26
33 24 37
33 25 30
33 26 35
33 27 6
33 28 16
33 29 4
33 30 13
33 31 5
33 32 30
34 0 13
34 1 34
34 2 23
34 3 35
34 4 13
34 5 12
34 6 7
34 7 36
34 8 14
34 9 7
34 10 21
34 11 28
34 12 20
34 13 37
34 14 28
34 15 19
34 16 1
34 17 38
34 18 23
34 19 36
34 20 6
34 21 25
34 22 36
34 23 20
34 24 19
34 25 31
34 26 30
34 28 24
34 29 27
34 31 40
34 32 37
34 33 39
35 0 16
35 1 7
35 2 29
35 3 13
35 4 25
35 5 12
35 6 16
35 7 29
35 8 16
35 9 7
35 10 26
35 11 8
35 12 9
35 13 38
35 14 14
35 15 23
35 16 30
35 17 24
35 18 21
35 19 35
35 21 40
35 22 7
35 23 9
35 24 19
35 25 5
35 26 25
35 27 19
35 28 12
35 29 8
35 30 27
35 31 28
35 32 4
35 33 29
35 34 12
36 0 20
36 1 8
36 2 39
36 3 13
36 5 38
36 6 40
36 7 7
36 8 2
36 9 18
36 10 25
36 11 31
36 12 4
36 13 33
36 14 36
36 15 13
36 17 32
36 18 6
36 19 5
36 20 18
36 21 8
36 22 23
36 23 18
36 24 38
36 25 38
36 27 16
36 28 4
36 29 7
36 30 5
36 31 14
36 32 4
36 33 23
36 34 6
36 35 14
37 0 13
37 1 20
37 2 38
37 4 18
37 5 21
37 6 9
37 7 8
37 8 31
37 9 31
37 10 28
37 11 37
37 12 17
37 13 18
37 14 29
37 15 15
37 16 29
37 17 1
37 18 32
37 19 11
37 20 5
37 21 5
37 24 10
37 25 37
37 26 30
37 27 12
37 28 30
37 29 35
37 30 22
37 31 19
37 32 28
37 33 19
37 34 32
37 35 7
37 36 24
38 0 16
38 1 20
38 2 6
38 3 7
38 4 10
38 5 16
38 6 29
38 7 7
38 8 33
38 9 6
38 10 29
38 11 36
38 12 10
38 13 17
38 14 34
38 15 11
38 16 36
38 17 11
38 18 25
38 19 3
38 20 6
38 21 37
38 22 10
38 23 36
38 24 28
38 25 10
38 26 2
38 27 29
38 28 34
38 29 11
38 31 30
38 32 19
38 33 10
38 34 2
38 35 23
38 36 7
38 37 40
39 0 1
39 1 15
39 2 38
39 3 36
39 4 31
39 5 40
39 6 25
39 7 40
39 9 36
39 10 36
39 11 4
39 12 12
39 13 25
39 14 38
39 15 37
39 16 1
39 17 8
39 18 15
39 19 23
39 21 38
39 22 18
39 23 8
39 24 5
39 26 14
39 27 8
39 28 35
39 29 9
39 30 30
39 31 29
39 32 14
39 33 19
39 34 8
39 35 21
39 36 34
39 37 27
39 38 8
40 0 12
40 1 8
40 2 34
40 3 31
40 4 40
40 5 39
40 6 31
40 7 27
40 8 9
40 9 36
40 10 35
40 11 7
40 12 21
40 13 33
40 14 2
40 15 28
40 16 30
40 17 1
40 18 34
40 19 33
40 21 1
40 22 7
40 23 40
40 24 4
40 25 30
40 26 13
40 27 19
40 28 30
40 29 19
40 30 18
40 31 5
40 32 7
40 33 10
40 35 25
40 36 36
40 37 35
40 38 4
40 39 36
41 0 37
41 1 12
41 2 18
41 3 6
41 4 21
41 5 23
41 6 11
41 7 12
41 9 7
41 10 35
41 11 1
41 12 13
41 13 24
41 14 22
41 15 32
41 16 27
41 18 28
41 19 19
41 20 39
41 21 2
41 23 16
41 24 12
41 25 37
41 26 16
41 27 11
41 28 28
41 29 21
41 30 18
41 31 2
41 32 38
41 33 25
41 34 26
41 35 32
41 36 24
41 37 19
41 38 26
41 39 7
41 40 33
42 1 16
42 2 9
42 3 21
42 5 12
42 6 4
42 7 37
42 9 36
42 10 2
42 11 21
42 12 28
42 13 1
42 14 18
42 15 24
42 16 31
42 17 3
42 18 14
42 19 13
42 21 12
42 22 23
42 23 36
42 24 36
42 25 17
42 26 15
42 27 39
42 28 7
42 29 37
42 30 9
42 32 31
42 33 39
42 35 34
42 36 24
42 37 24
42 38 9
42 39 28
42 40 15
42 41 32
43 0 40
43 1 36
43 2 1
43 3 4
43 4 18
43 5 34
43 6 5
43 7 14
43 8 40
43 9 7
43 10 21
43 11 29
43 12 3
43 13 2
43 14 12
43 15 8
43 16 30
43 17 20
43 18 17
43 19 18
43 20 5
43 21 40
43 22 18
43 23 36
43 24 14
43 25 6
43 27 31
43 28 26
43 29 1
43 31 37
43 32 8
43 33 33
43 34 12
43 35 21
43 36 12
43 37 3
43 38 11
43 39 35
43 40 36
43 41 2
43 42 30
44 1 34
44 3 11
44 4 29
44 5 14
44 7 39
44 8 20
44 9 9
44 10 32
44 11 38
44 12 23
44 13 27
44 14 9
44 15 39
44 16 3
44 17 27
44 18 40
44 19 5
44 20 5
44 21 29
44 22 38
44 23 11
44 24 39
44 25 36
44 26 6
44 27 29
44 28 36
44 29 40
44 30 7
44 31 9
44 32 28
44 33 30
44 34 28
44 35 23
44 36 15
44 38 34
44 39 29
44 40 30
44 41 10
44 42 8
44 43 15
45 0 31
45 1 28
45 2 26
45 3 9
45 4 23
45 5 36
45 6 9
45 7 22
45 8 40
45 9 24
45 10 34
45 11 7
45 12 13
45 13 21
45 14 39
45 15 34
45 16 26
45 17 34
45 18 1
45 19 22
45 20 9
45 21 39
45 22 19
45 23 25
45 24 15
45 25 31
45 26 13
45 27 31
45 28 40
45 29 25
45 31 1
45 32 19
45 33 17
45 34 17
45 35 3
45 36 6
45 37 16
45 38 19
45 39 26
45 40 9
45 41 1
45 42 11
45 43 28
45 44 8
46 0 6
46 1 22
46 4 22
46 5 16
46 7 10
46 8 33
46 9 38
46 10 26
46 11 34
46 12 35
46 14 30
46 15 9
46 16 23
46 17 36
46 18 7
46 19 8
46 20 37
46 21 2
46 22 37
46 23 10
46 24 40
46 25 30
46 26 2
46 27 14
46 28 11
46 29 37
46 30 10
46 31 10
46 32 13
46 33 37
46 34 27
46 35 32
46 36 39
46 37 20
46 38 25
46 40 30
46 41 1
46 42 11
46 43 34
46 44 10
46 45 27
47 0 31
47 1 15
47 2 10
47 3 37
47 4 31
47 5 37
47 6 33
47 8 25
47 9 6
47 10 21
47 11 13
47 12 28
47 13 7
47 14 19
47 15 3
47 17 32
47 18 24
47 19 19
47 20 19
47 21 19
47 22 34
47 23 8
47 24 8
47 25 11
47 26 2
47 27 18
47 28 14
47 29 27
47 30 1
47 31 3
47 32 12
47 33 27
47 34 19
47 35 21
47 36 26
47 37 7
47 38 6
47 39 1
47 40 6
47 43 4
47 44 3
47 45 7
47 46 23
48 0 15
48 2 11
48 3 20
48 4 13
48 5 15
48 6 11
48 7 7
48 8 19
48 9 8
48 10 19
48 13 25
48 14 8
48 15 35
48 16 26
48 17 35
48 18 11
48 19 30
48 20 8
48 21 9
48 22 15
48 23 20
48 24 38
48 25 5
48 27 14
48 30 34
48 31 2
48 32 37
48 33 10
48 34 31
48 35 12
48 36 36
48 37 23
48 38 27
48 39 11
48 40 12
48 42 18
48 43 6
48 44 25
48 45 13
48 46 35
48 47 39
49 0 38
49 1 13
49 2 26
49 3 36
49 4 10
49 5 5
49 6 22
49 7 33
49 8 22
49 9 38
49 10 2
49 11 23
49 12 11
49 13 25
49 14 33
49 15 24
49 16 23
49 17 34
49 18 26
49 19 39
49 20 9
49 21 18
49 22 23
49 25 39
49 26 27
49 27 32
49 28 39
49 29 1
49 30 32
49 31 26
49 32 30
49 34 32
49 35 39
49 36 38
49 37 25
49 38 36
49 39 21
49 40 10
49 41 30
49 42 24
49 43 17
49 45 36
49 46 22
49 47 40
49 48 32
