70
1 0 30
3 1 28
3 2 30
5 0 2
5 1 38
5 2 29
5 4 36
6 1 29
6 2 9
7 3 10
7 4 5
8 0 38
8 2 38
8 6 28
8 7 39
9 1 20
9 5 13
9 6 4
9 8 38
10 0 5
10 1 7
10 7 35
10 8 27
10 9 13
11 1 14
11 6 11
11 7 15
11 10 13
12 0 28
12 4 31
12 6 29
12 7 15
12 10 16
12 11 28
13 2 15
13 3 10
13 5 40
13 6 6
13 8 18
13 9 30
13 11 32
13 12 12
14 1 5
14 2 1
14 3 23
14 4 38
14 5 39
14 6 34
14 7 29
14 9 7
14 10 18
14 11 18
14 12 36
15 0 25
15 2 38
15 4 21
15 8 22
15 9 29
15 10 40
15 11 23
16 1 20
16 3 39
16 5 4
16 7 38
16 11 38
16 12 34
16 15 27
17 1 15
17 2 20
17 4 2
17 6 13
17 7 19
17 9 35
17 13 38
17 15 19
17 16 1
18 1 8
18 4 24
18 6 11
18 12 2
18 15 4
18 16 22
18 17 22
19 0 10
19 1 1
19 2 9
19 4 14
19 5 30
19 6 29
19 7 29
19 8 28
19 11 10
19 12 30
19 15 15
19 17 13
19 18 37
20 0 31
20 2 6
20 3 6
20 4 23
20 7 17
20 8 34
20 10 38
20 11 15
20 13 11
20 16 22
21 0 23
21 5 23
21 7 3
21 8 24
21 10 35
21 11 28
21 12 28
21 13 8
21 14 3
21 15 30
21 19 15
21 20 36
22 0 16
22 4 3
22 5 1
22 6 20
22 7 4
22 9 3
22 13 4
22 14 20
22 20 32
23 0 7
23 1 30
23 2 30
23 7 12
23 11 12
23 14 27
23 19 25
23 20 12
24 0 40
24 4 27
24 6 12
24 12 13
24 13 12
24 14 2
24 15 32
24 16 27
24 19 37
24 20 8
24 21 6
24 22 27
24 23 34
25 0 19
25 5 3
25 7 10
25 10 24
25 13 33
25 14 18
25 15 17
25 20 22
25 21 10
25 23 14
25 24 33
26 5 26
26 8 7
26 9 31
26 12 6
26 14 17
26 16 19
26 17 11
26 19 11
26 20 8
26 25 4
27 1 18
27 2 12
27 4 19
27 6 2
27 9 19
27 10 32
27 11 14
27 12 36
27 13 8
27 15 12
27 18 20
27 19 3
27 20 34
27 21 13
27 23 7
27 24 10
27 25 29
28 0 27
28 1 9
28 2 35
28 3 38
28 5 19
28 6 39
28 7 28
28 8 7
28 9 37
28 10 13
28 11 40
28 13 9
28 16 4
28 20 24
28 21 25
28 23 31
29 0 40
29 4 18
29 5 36
29 9 33
29 10 15
29 12 30
29 13 18
29 15 5
29 18 7
29 20 14
29 21 20
29 22 22
29 24 28
29 25 31
29 28 13
30 1 28
30 5 12
30 6 39
30 8 19
30 10 39
30 17 3
30 19 13
30 20 33
30 21 24
30 23 29
30 24 4
30 27 30
31 3 38
31 4 11
31 5 38
31 6 35
31 7 23
31 8 20
31 9 11
31 10 8
31 13 12
31 16 20
31 17 19
31 19 16
31 21 15
31 22 32
31 23 20
31 24 38
31 25 1
31 28 16
31 29 22
31 30 3
32 0 13
32 1 26
32 4 5
32 5 37
32 6 4
32 7 32
32 8 2
32 12 16
32 13 28
32 16 24
32 17 23
32 18 12
32 19 30
32 20 30
32 26 25
32 30 27
33 1 11
33 2 8
33 4 33
33 5 20
33 9 2
33 10 19
33 11 35
33 13 37
33 16 10
33 18 36
33 20 24
33 22 32
33 24 29
33 28 26
33 29 33
33 30 40
34 2 1
34 9 17
34 10 21
34 16 36
34 17 33
34 19 31
34 20 38
34 21 6
34 23 2
34 24 7
34 27 26
34 29 40
34 31 9
34 32 27
35 0 32
35 1 14
35 4 33
35 5 21
35 7 32
35 8 38
35 10 36
35 11 7
35 12 4
35 13 13
35 15 14
35 17 4
35 18 19
35 21 23
35 22 3
35 23 5
35 24 3
35 25 25
35 26 15
35 27 3
35 28 40
35 32 36
35 34 16
36 6 2
36 7 12
36 8 12
36 9 17
36 10 33
36 11 11
36 12 22
36 14 29
36 15 15
36 17 24
36 21 21
36 27 36
36 28 39
36 30 13
36 32 15
36 34 26
37 2 31
37 4 24
37 5 26
37 7 37
37 10 21
37 15 20
37 17 34
37 18 19
37 22 20
37 23 9
37 24 13
37 25 11
37 26 17
37 27 5
37 30 14
37 31 36
37 32 37
37 35 32
37 36 18
38 2 7
38 5 6
38 7 3
38 11 1
38 12 26
38 13 1
38 14 6
38 15 14
38 17 20
38 18 28
38 24 1
38 25 38
38 26 27
38 27 1
38 28 14
38 29 27
38 30 21
38 32 32
38 35 19
39 0 19
39 1 33
39 3 10
39 5 7
39 6 18
39 9 8
39 10 17
39 11 31
39 12 33
39 14 22
39 16 33
39 17 27
39 20 34
39 21 10
39 22 25
39 23 32
39 28 26
39 32 15
39 33 7
39 34 18
39 35 28
39 37 5
40 0 30
40 2 34
40 3 1
40 4 29
40 8 34
40 12 6
40 13 20
40 16 15
40 20 16
40 21 19
40 22 19
40 26 27
40 27 30
40 30 34
40 31 3
40 33 10
40 34 3
40 37 23
41 0 8
41 4 17
41 7 21
41 8 19
41 9 29
41 13 12
41 15 27
41 16 5
41 17 34
41 20 31
41 21 35
41 22 10
41 23 36
41 25 3
41 29 33
41 30 1
41 31 29
41 32 21
41 36 5
41 39 12
42 2 32
42 6 1
42 9 34
42 10 37
42 11 1
42 12 10
42 13 18
42 14 28
42 16 2
42 18 33
42 19 4
42 20 12
42 21 36
42 22 23
42 28 25
42 29 36
42 30 9
42 34 31
42 35 29
42 37 36
42 38 29
42 39 35
43 0 38
43 1 11
43 2 36
43 3 18
43 5 16
43 7 4
43 10 4
43 11 26
43 13 5
43 14 18
43 15 12
43 16 36
43 17 4
43 18 2
43 23 26
43 29 15
43 31 40
43 33 19
43 34 9
43 36 25
43 37 7
43 38 4
43 39 10
43 40 18
43 41 20
43 42 16
44 0 39
44 6 16
44 7 16
44 9 30
44 11 18
44 12 28
44 16 32
44 17 37
44 20 23
44 26 21
44 28 5
44 29 14
44 31 11
44 42 14
44 43 27
45 1 20
45 2 14
45 3 17
45 4 20
45 5 22
45 6 22
45 8 15
45 10 32
45 13 3
45 15 31
45 21 15
45 23 7
45 24 14
45 26 4
45 27 28
45 31 6
45 35 23
45 36 21
45 39 13
45 40 4
45 42 32
45 43 29
46 1 23
46 4 32
46 7 10
46 8 20
46 9 11
46 11 5
46 12 28
46 14 19
46 15 10
46 16 38
46 18 12
46 19 30
46 22 21
46 24 33
46 26 3
46 27 37
46 28 22
46 31 17
46 32 4
46 33 35
46 34 18
46 40 1
46 41 1
46 42 31
46 43 22
46 45 15
47 0 2
47 4 35
47 6 36
47 7 31
47 8 10
47 12 39
47 14 28
47 15 33
47 17 22
47 19 28
47 20 27
47 22 17
47 25 35
47 27 26
47 28 21
47 29 17
47 32 38
47 33 14
47 37 14
47 40 35
47 41 4
47 42 18
47 43 37
47 44 1
47 45 9
48 2 10
48 3 20
48 4 37
48 6 27
48 9 21
48 13 25
48 14 30
48 15 1
48 16 40
48 18 21
48 20 19
48 21 11
48 22 27
48 24 12
48 28 10
48 29 24
48 30 39
48 31 21
48 33 28
48 35 38
48 36 21
48 37 33
48 39 6
48 40 15
48 41 20
48 42 4
48 45 23
49 0 3
49 1 2
49 2 29
49 3 15
49 6 22
49 8 10
49 13 4
49 15 12
49 18 26
49 23 29
49 24 35
49 25 14
49 26 8
49 27 4
49 28 17
49 30 8
49 32 1
49 33 22
49 35 29
49 39 5
49 40 37
49 41 17
49 42 34
49 43 33
49 44 19
49 46 4
49 47 31
50 2 14
50 5 24
50 6 15
50 7 8
50 12 8
50 14 19
50 15 28
50 16 33
50 18 2
50 23 17
50 24 6
50 26 37
50 28 22
50 30 11
50 31 20
50 33 2
50 36 35
50 37 5
50 38 12
50 44 16
50 46 26
50 48 4
50 49 21
51 2 16
51 3 30
51 4 34
51 6 25
51 10 10
51 11 4
51 16 20
51 18 34
51 19 34
51 20 34
51 21 10
51 22 12
51 23 28
51 27 25
51 28 24
51 29 6
51 31 35
51 33 17
51 35 8
51 36 28
51 37 2
51 38 10
51 40 1
51 42 26
51 44 21
51 47 40
51 48 4
52 1 19
52 4 22
52 5 29
52 6 40
52 7 16
52 8 24
52 9 13
52 12 14
52 15 22
52 16 39
52 17 12
52 18 11
52 20 35
52 21 8
52 22 12
52 29 34
52 30 25
52 31 7
52 33 2
52 35 14
52 36 24
52 38 40
52 39 33
52 41 21
52 42 34
52 43 34
52 45 17
52 47 38
52 48 32
52 49 34
52 50 7
53 0 35
53 3 9
53 4 39
53 5 11
53 7 29
53 12 20
53 13 5
53 15 13
53 16 31
53 18 32
53 19 13
53 20 9
53 22 24
53 23 9
53 25 29
53 26 40
53 27 38
53 28 25
53 31 15
53 34 1
53 36 18
53 37 18
53 38 22
53 40 31
53 41 32
53 42 34
53 43 37
53 44 28
53 47 26
53 50 3
53 51 27
53 52 5
54 0 38
54 2 33
54 5 4
54 6 17
54 7 28
54 9 1
54 10 8
54 12 35
54 13 25
54 14 35
54 15 33
54 17 19
54 18 23
54 20 35
54 21 27
54 22 5
54 23 39
54 24 25
54 25 40
54 26 1
54 28 32
54 32 35
54 34 6
54 36 14
54 38 39
54 40 15
54 41 13
54 43 19
54 46 34
54 48 8
54 49 20
54 51 34
55 0 32
55 1 14
55 4 17
55 5 29
55 6 27
55 10 33
55 13 2
55 14 10
55 15 27
55 16 16
55 17 13
55 18 13
55 20 3
55 21 33
55 22 10
55 23 14
55 25 19
55 27 24
55 30 4
55 31 16
55 33 20
55 35 21
55 36 18
55 40 20
55 43 1
55 44 12
55 47 7
55 49 32
55 53 3
56 1 6
56 2 1
56 3 21
56 7 27
56 8 23
56 10 15
56 11 23
56 14 3
56 15 30
56 17 15
56 20 36
56 22 16
56 24 7
56 25 33
56 28 13
56 29 35
56 30 29
56 31 26
56 33 24
56 34 35
56 35 30
56 36 15
56 37 24
56 38 34
56 39 10
56 40 14
56 43 39
56 44 24
56 49 9
56 51 30
56 52 31
56 53 25
56 54 2
57 0 31
57 5 16
57 6 1
57 7 6
57 8 15
57 13 21
57 16 37
57 23 17
57 24 1
57 26 6
57 30 10
57 36 18
57 37 30
57 40 13
57 41 36
57 42 12
57 43 34
57 45 19
57 47 26
57 48 20
57 49 2
57 50 1
57 51 13
57 52 14
57 54 21
57 55 32
57 56 30
58 1 20
58 7 40
58 8 35
58 9 16
58 12 27
58 16 1
58 20 35
58 21 6
58 22 27
58 23 21
58 25 36
58 26 12
58 28 24
58 29 13
58 30 39
58 37 35
58 38 5
58 40 20
58 44 19
58 45 19
58 51 28
58 54 13
58 56 21
58 57 24
59 0 14
59 2 20
59 3 4
59 4 13
59 5 17
59 7 39
59 9 40
59 14 31
59 16 33
59 18 7
59 19 24
59 20 23
59 23 18
59 25 36
59 26 32
59 29 13
59 31 39
59 35 7
59 36 40
59 38 24
59 40 8
59 43 36
59 44 15
59 45 5
59 47 20
59 48 1
59 49 5
59 52 10
59 53 10
59 54 10
59 56 3
59 57 6
59 58 16
60 1 21
60 2 40
60 4 30
60 5 7
60 6 32
60 7 38
60 9 1
60 12 33
60 13 18
60 14 11
60 16 36
60 17 28
60 20 26
60 21 32
60 22 40
60 24 38
60 27 24
60 29 38
60 30 18
60 35 1
60 36 18
60 40 9
60 42 27
60 46 5
60 47 6
60 49 25
60 52 7
60 53 24
60 54 36
60 56 19
60 57 2
60 58 11
61 3 20
61 4 2
61 6 18
61 7 20
61 8 12
61 9 9
61 13 38
61 14 29
61 15 14
61 18 36
61 23 3
61 24 3
61 25 18
61 26 29
61 27 37
61 28 29
61 29 15
61 31 5
61 32 22
61 33 34
61 36 26
61 37 12
61 38 20
61 39 7
61 43 4
61 44 21
61 49 27
61 53 11
61 54 8
61 55 37
61 56 23
61 58 22
61 59 19
62 1 18
62 2 39
62 4 4
62 9 7
62 10 1
62 11 27
62 13 21
62 18 35
62 21 16
62 23 16
62 25 13
62 28 31
62 33 36
62 34 26
62 36 12
62 37 1
62 40 37
62 41 25
62 43 19
62 44 33
62 46 3
62 49 37
62 54 29
62 55 34
62 57 28
62 58 31
62 61 5
63 5 27
63 6 25
63 9 39
63 10 3
63 15 38
63 16 34
63 19 25
63 20 19
63 21 2
63 22 15
63 23 33
63 24 38
63 28 38
63 29 37
63 34 20
63 39 2
63 40 22
63 41 37
63 44 10
63 45 25
63 47 34
63 50 18
63 51 29
63 56 33
63 57 2
63 58 29
64 1 33
64 2 16
64 3 9
64 6 27
64 7 6
64 8 19
64 10 38
64 13 38
64 15 31
64 16 23
64 23 40
64 24 31
64 26 27
64 27 22
64 28 33
64 31 1
64 32 22
64 33 37
64 34 31
64 35 12
64 36 19
64 37 23
64 38 15
64 39 37
64 42 1
64 43 14
64 45 30
64 47 26
64 48 35
64 49 11
64 50 5
64 52 11
64 54 22
64 55 23
64 62 8
65 1 7
65 2 26
65 4 25
65 5 1
65 6 28
65 8 38
65 14 9
65 18 14
65 22 2
65 27 32
65 28 9
65 29 3
65 30 7
65 34 29
65 37 23
65 38 34
65 39 32
65 40 32
65 41 32
65 44 21
65 45 1
65 46 6
65 49 14
65 50 11
65 55 6
65 56 11
65 57 32
65 58 11
65 59 37
65 60 12
65 61 9
65 62 20
65 64 19
66 0 39
66 5 34
66 9 9
66 10 10
66 13 39
66 15 30
66 16 31
66 20 16
66 21 39
66 26 18
66 27 13
66 28 26
66 33 21
66 34 35
66 35 27
66 36 18
66 37 28
66 39 29
66 41 34
66 44 28
66 49 34
66 50 26
66 51 1
66 54 10
66 56 35
66 60 24
66 62 39
66 63 37
66 65 4
67 2 28
67 3 15
67 6 5
67 9 8
67 10 7
67 13 8
67 14 11
67 15 2
67 16 21
67 17 8
67 18 35
67 19 15
67 20 23
67 21 40
67 22 26
67 23 13
67 24 1
67 25 40
67 27 30
67 28 20
67 30 21
67 33 9
67 34 9
67 35 4
67 36 9
67 43 27
67 45 22
67 47 25
67 48 15
67 49 9
67 50 24
67 51 37
67 54 24
67 58 24
67 60 4
67 61 12
67 63 22
67 64 13
68 0 35
68 1 2
68 2 26
68 4 19
68 6 40
68 7 40
68 9 2
68 11 18
68 13 22
68 14 11
68 17 33
68 18 8
68 19 5
68 26 4
68 27 1
68 28 14
68 30 11
68 31 11
68 36 26
68 37 28
68 42 25
68 43 24
68 45 2
68 49 10
68 51 4
68 53 4
68 56 12
68 61 34
68 62 22
68 65 36
68 67 36
69 0 30
69 1 12
69 3 13
69 7 4
69 8 28
69 9 12
69 10 22
69 11 12
69 14 32
69 17 23
69 19 2
69 20 30
69 22 17
69 23 40
69 27 28
69 28 30
69 30 17
69 31 9
69 33 4
69 38 19
69 39 10
69 41 29
69 45 22
69 47 10
69 49 8
69 51 23
69 53 12
69 54 1
69 55 31
69 56 24
69 57 31
69 58 4
69 59 32
69 61 3
69 62 37
69 63 35
69 67 38
