20
1 0 119
2 0 104
2 1 137
3 0 314
3 1 145
3 2 249
4 0 77
4 1 187
4 2 133
4 3 293
5 0 15
5 1 264
5 2 164
5 3 267
5 4 201
6 0 102
6 1 206
6 2 81
6 3 292
6 4 150
6 5 294
7 0 94
7 1 282
7 2 10
7 3 93
7 4 248
7 5 217
7 6 310
8 0 93
8 1 129
8 2 186
8 3 209
8 4 74
8 5 163
8 6 260
8 7 193
9 0 141
9 1 73
9 2 132
9 3 125
9 4 120
9 5 83
9 6 192
9 7 120
9 8 215
10 0 199
10 1 117
10 2 115
10 3 158
10 4 8
10 5 69
10 6 127
10 7 238
10 8 236
10 9 96
11 0 99
11 1 309
11 2 55
11 3 115
11 4 200
11 5 11
11 6 151
11 7 79
11 8 5
11 9 304
11 10 268
12 0 288
12 1 148
12 2 110
12 3 139
12 4 19
12 5 228
12 6 154
12 7 18
12 8 38
12 9 232
12 10 290
12 11 288
13 0 272
13 1 68
13 2 319
13 3 49
13 4 309
13 5 150
13 6 21
13 7 75
13 8 225
13 9 25
13 10 254
13 11 275
13 12 285
14 0 59
14 1 39
14 2 104
14 3 75
14 4 144
14 5 285
14 6 209
14 7 230
14 8 273
14 9 273
14 10 155
14 11 132
14 12 307
14 13 269
15 0 279
15 1 19
15 2 114
15 3 73
15 4 117
15 5 66
15 6 90
15 7 307
15 8 10
15 9 257
15 10 247
15 11 250
15 12 104
15 13 163
15 14 245
16 0 150
16 1 289
16 2 40
16 3 3
16 4 51
16 5 266
16 6 284
16 7 229
16 8 28
16 9 259
16 10 184
16 11 102
16 12 115
16 13 95
16 14 198
16 15 244
17 0 169
17 1 222
17 2 225
17 3 55
17 4 42
17 5 308
17 6 169
17 7 274
17 8 139
17 9 121
17 10 234
17 11 313
17 12 18
17 13 69
17 14 43
17 15 115
17 16 74
18 0 196
18 1 254
18 2 66
18 3 261
18 4 297
18 5 187
18 6 253
18 7 130
18 8 99
18 9 65
18 10 106
18 11 32
18 12 89
18 13 288
18 14 199
18 15 235
18 16 181
18 17 92
19 0 49
19 1 238
19 2 175
19 3 7
19 4 241
19 5 284
19 6 286
19 7 86
19 8 3
19 9 158
19 10 136
19 11 49
19 12 14
19 13 3
19 14 62
19 15 223
19 16 96
19 17 311
19 18 93
