50
3 1 15
5 0 10
5 1 16
5 2 3
7 1 8
8 2 19
9 1 12
9 6 8
10 5 5
11 0 13
13 6 15
13 9 7
14 2 15
14 9 9
14 12 17
15 1 18
15 5 5
15 6 11
15 10 12
15 14 6
16 8 8
16 11 9
17 0 15
17 5 11
18 1 2
18 5 18
18 8 8
18 10 1
18 14 4
18 17 19
19 0 8
19 4 1
19 9 10
19 14 1
20 4 13
20 5 7
20 8 18
21 4 16
22 5 19
22 6 14
22 9 17
22 16 19
22 17 17
22 18 10
22 19 6
23 6 2
23 8 11
23 10 9
23 20 2
23 22 7
24 2 13
24 3 13
24 5 12
24 9 8
24 15 13
24 16 1
24 20 3
24 21 10
25 11 14
25 12 3
25 14 7
25 15 2
25 22 15
26 3 16
26 4 4
26 7 13
26 17 15
26 19 20
26 21 9
27 4 3
27 7 13
27 10 17
27 13 14
27 21 1
27 25 1
28 2 11
28 9 11
29 7 6
29 9 6
29 12 5
29 20 9
29 24 4
29 25 17
30 1 19
30 5 20
30 11 20
30 14 9
30 15 6
30 27 1
30 28 15
30 29 15
31 17 7
31 20 15
31 22 3
31 30 11
32 5 14
32 16 13
32 20 9
32 25 10
33 0 4
33 4 16
33 6 9
33 9 7
33 10 20
33 15 3
33 18 1
33 20 3
33 27 10
34 6 20
34 7 9
34 14 5
34 17 13
34 28 16
35 26 10
35 34 19
36 2 14
36 4 4
36 8 14
36 11 12
36 13 4
36 19 19
36 22 17
36 25 19
36 30 4
36 31 10
37 0 9
37 1 12
37 3 14
37 4 18
37 12 3
37 33 1
38 2 18
38 17 19
38 18 14
38 24 8
38 25 20
38 27 7
38 29 20
39 0 1
39 4 15
39 5 5
39 8 12
39 15 16
39 16 13
39 19 3
39 27 16
39 28 6
39 33 2
39 38 3
40 1 13
40 3 16
40 5 15
40 9 11
40 10 12
40 16 10
40 22 20
40 24 13
40 29 18
41 2 3
41 5 10
41 7 3
41 13 18
41 19 2
41 21 10
41 28 15
42 2 20
42 7 5
42 37 18
42 41 4
43 3 8
43 7 16
43 10 17
43 11 19
43 15 3
43 16 5
43 18 6
43 20 14
43 21 6
43 22 12
43 27 5
43 37 14
43 39 19
44 4 1
44 7 13
44 14 20
44 19 8
44 21 2
44 30 14
44 31 17
44 39 5
44 40 10
45 5 14
45 12 7
45 14 4
45 19 19
45 20 18
45 23 11
45 27 16
45 28 13
46 2 18
46 4 11
46 8 1
46 17 9
46 29 7
46 31 4
46 33 20
46 34 18
46 36 8
46 41 18
47 1 13
47 5 1
47 7 5
47 11 18
47 14 9
47 19 5
47 28 1
47 32 14
47 33 2
47 37 19
47 42 8
48 2 4
48 4 11
48 16 17
48 32 13
48 33 14
48 35 8
48 41 1
49 0 10
49 6 2
49 10 16
49 21 8
49 24 20
49 37 1
49 38 2
49 39 4
49 40 10
