70
4 1 36
4 2 45
5 1 38
5 2 3
5 3 3
5 4 71
6 0 47
7 0 24
7 3 5
7 4 33
8 0 33
8 1 60
8 2 20
8 3 3
8 4 41
8 5 23
8 6 37
9 0 48
9 2 79
9 4 49
9 5 53
9 6 52
9 7 69
10 0 54
10 1 28
10 3 77
10 7 15
10 9 7
11 0 7
11 1 29
11 3 43
11 5 21
11 6 39
11 7 3
11 8 4
11 9 13
11 10 2
12 0 33
12 1 78
12 2 70
12 4 9
12 5 41
12 6 28
12 8 30
12 10 19
12 11 70
13 0 12
13 1 35
13 3 22
13 6 35
13 7 28
13 9 62
13 10 76
13 12 30
14 1 40
14 2 19
14 4 48
14 6 46
14 7 22
14 8 37
14 10 9
14 11 36
14 13 57
15 0 15
15 1 78
15 2 75
15 3 73
15 4 15
15 5 33
15 6 4
15 7 11
15 9 8
15 11 17
15 13 70
15 14 18
16 2 72
16 5 15
16 6 36
16 9 77
16 10 16
16 14 65
16 15 11
17 0 75
17 1 48
17 2 9
17 4 47
17 5 49
17 8 74
17 10 12
17 13 15
17 14 34
17 15 51
17 16 13
18 0 59
18 1 27
18 4 26
18 5 71
18 8 64
18 13 57
18 14 62
18 15 6
18 16 9
19 0 39
19 3 40
19 6 75
19 7 62
19 12 14
19 13 39
19 14 35
20 1 22
20 3 22
20 6 17
20 9 4
20 10 61
20 11 71
20 13 42
20 15 2
20 17 43
20 18 30
20 19 36
21 1 67
21 3 25
21 5 31
21 7 13
21 8 20
21 9 66
21 11 31
21 13 1
21 17 4
21 18 7
21 19 70
21 20 14
22 0 71
22 3 59
22 6 48
22 9 21
22 11 33
22 14 23
22 18 63
22 19 75
22 20 48
23 0 72
23 3 6
23 10 33
23 11 22
23 12 54
23 13 76
23 14 48
23 15 43
23 16 21
23 17 41
23 18 17
23 19 10
23 20 10
23 22 80
24 1 12
24 2 67
24 3 57
24 4 63
24 5 24
24 9 70
24 10 47
24 11 45
24 12 14
24 13 37
24 14 3
24 15 70
24 16 19
24 18 20
24 19 29
24 22 77
25 1 77
25 2 9
25 3 58
25 4 8
25 5 65
25 7 36
25 9 63
25 11 47
25 12 69
25 13 48
25 14 21
25 15 44
25 16 55
25 19 49
25 20 58
25 22 4
25 24 56
26 1 66
26 2 45
26 3 72
26 4 73
26 5 34
26 8 20
26 9 27
26 11 31
26 12 30
26 13 71
26 14 25
26 15 51
26 16 54
26 18 78
26 20 10
26 22 63
26 23 1
26 24 72
26 25 13
27 0 58
27 1 58
27 2 34
27 4 73
27 7 16
27 9 10
27 10 67
27 11 76
27 12 38
27 13 35
27 14 66
27 15 26
27 17 39
27 18 28
27 22 19
27 23 19
27 25 63
27 26 70
28 2 29
28 3 23
28 4 68
28 6 79
28 9 32
28 10 5
28 12 13
28 14 24
28 15 35
28 16 79
28 17 48
28 18 13
28 19 57
28 21 39
28 22 80
28 23 30
28 24 72
28 25 21
28 26 51
29 2 64
29 3 26
29 6 7
29 7 38
29 8 65
29 9 61
29 11 37
29 13 26
29 14 56
29 15 10
29 16 29
29 21 72
29 24 18
29 25 43
29 26 46
29 27 44
29 28 4
30 0 38
30 3 9
30 4 50
30 6 22
30 8 62
30 9 48
30 10 5
30 11 59
30 12 69
30 15 12
30 16 74
30 17 45
30 19 79
30 21 26
30 26 43
30 27 67
30 28 24
31 1 35
31 5 45
31 6 64
31 7 30
31 8 73
31 9 1
31 10 52
31 12 63
31 14 71
31 16 50
31 17 40
31 18 44
31 19 65
31 23 1
31 26 16
31 27 79
31 29 67
31 30 74
32 0 62
32 2 79
32 3 71
32 4 50
32 6 31
32 8 57
32 10 73
32 12 71
32 15 40
32 16 72
32 17 70
32 18 51
32 19 11
32 20 71
32 21 25
32 22 33
32 23 27
32 25 53
32 26 19
32 31 77
33 0 21
33 1 33
33 2 5
33 4 79
33 6 70
33 7 31
33 8 19
33 9 52
33 11 71
33 12 41
33 14 29
33 16 72
33 17 53
33 20 11
33 21 66
33 24 1
33 25 77
33 26 76
33 30 27
34 1 9
34 3 2
34 7 32
34 8 75
34 9 29
34 10 53
34 11 66
34 12 29
34 13 73
34 16 50
34 18 69
34 19 33
34 21 2
34 22 1
34 24 42
34 26 17
34 30 76
34 32 17
34 33 68
35 0 23
35 6 20
35 9 10
35 11 34
35 14 80
35 16 53
35 17 44
35 20 35
35 22 29
35 25 32
35 26 57
35 27 32
35 29 70
35 30 72
35 31 51
35 32 70
35 33 2
36 1 2
36 3 30
36 4 7
36 5 9
36 6 70
36 8 71
36 9 24
36 13 58
36 14 65
36 15 14
36 19 60
36 23 22
36 24 11
36 25 75
36 28 52
36 31 75
36 34 29
37 2 19
37 3 34
37 4 24
37 5 16
37 6 16
37 9 12
37 10 45
37 12 10
37 13 56
37 14 11
37 17 71
37 18 74
37 20 19
37 22 10
37 23 74
37 24 33
37 26 10
37 28 24
37 29 79
37 30 65
37 34 27
37 35 54
38 1 28
38 2 76
38 3 12
38 4 12
38 6 3
38 8 44
38 9 29
38 10 21
38 11 47
38 13 52
38 14 47
38 15 15
38 17 33
38 19 48
38 22 76
38 23 56
38 24 46
38 27 6
38 31 53
38 32 24
38 35 46
38 36 49
38 37 79
39 0 79
39 1 25
39 2 18
39 3 70
39 4 39
39 5 18
39 6 53
39 7 26
39 12 16
39 14 19
39 15 70
39 16 13
39 17 51
39 20 70
39 27 35
39 28 38
39 29 42
39 30 35
39 31 49
39 32 46
39 33 6
39 35 24
39 36 23
39 37 62
40 1 40
40 2 23
40 3 2
40 6 80
40 7 28
40 8 44
40 9 53
40 10 53
40 11 75
40 12 52
40 14 49
40 15 15
40 16 37
40 19 27
40 20 29
40 21 73
40 24 43
40 27 33
40 28 31
40 30 52
40 31 32
40 33 3
40 34 52
40 38 22
40 39 54
41 0 22
41 1 6
41 3 59
41 4 71
41 6 2
41 7 47
41 9 76
41 13 80
41 18 60
41 20 51
41 22 47
41 24 38
41 26 29
41 27 43
41 29 18
41 30 12
41 34 2
41 35 62
41 37 32
41 40 12
42 0 10
42 1 47
42 2 15
42 3 53
42 4 67
42 6 78
42 14 21
42 17 51
42 18 36
42 20 53
42 21 15
42 22 33
42 24 48
42 25 64
42 26 25
42 28 67
42 30 58
42 31 54
42 32 13
42 34 80
42 35 20
42 38 14
42 41 16
43 0 46
43 1 50
43 2 42
43 3 53
43 4 60
43 5 1
43 7 7
43 8 4
43 9 21
43 10 58
43 12 2
43 14 70
43 15 75
43 18 35
43 19 10
43 20 69
43 21 53
43 22 18
43 24 49
43 26 22
43 28 54
43 31 43
43 33 65
43 36 80
43 39 34
44 0 69
44 1 34
44 4 18
44 6 57
44 9 49
44 10 13
44 11 76
44 12 59
44 13 47
44 14 5
44 15 30
44 16 66
44 18 57
44 21 66
44 22 64
44 23 30
44 24 45
44 25 6
44 26 61
44 27 23
44 31 15
44 32 18
44 33 15
44 34 2
44 35 77
44 36 30
44 38 12
44 39 2
44 40 50
44 41 27
44 42 24
44 43 10
45 1 72
45 4 37
45 5 16
45 6 2
45 7 15
45 8 73
45 9 45
45 10 74
45 11 71
45 12 8
45 14 42
45 16 75
45 17 78
45 18 16
45 19 62
45 20 56
45 23 11
45 25 53
45 26 79
45 27 22
45 28 45
45 30 62
45 32 71
45 33 18
45 35 25
45 37 23
45 39 78
45 40 39
46 0 30
46 1 70
46 2 55
46 3 24
46 7 47
46 8 48
46 9 14
46 10 4
46 11 74
46 13 20
46 14 24
46 16 38
46 18 6
46 19 31
46 21 51
46 24 4
46 25 21
46 27 42
46 28 6
46 30 21
46 34 14
46 35 21
46 36 60
46 37 16
46 38 12
46 39 20
46 40 43
46 42 9
46 43 51
46 44 43
46 45 9
47 0 72
47 1 14
47 2 74
47 3 78
47 4 21
47 5 53
47 6 69
47 7 74
47 8 10
47 10 30
47 13 49
47 15 69
47 18 77
47 21 43
47 22 21
47 23 55
47 26 40
47 27 24
47 28 56
47 32 25
47 37 65
47 39 53
47 41 30
47 43 51
47 45 38
47 46 21
48 1 47
48 2 22
48 3 34
48 6 52
48 7 6
48 8 4
48 9 66
48 10 45
48 11 53
48 12 9
48 18 32
48 19 36
48 21 10
48 22 45
48 24 29
48 26 57
48 28 68
48 29 10
48 30 68
48 32 4
48 33 68
48 34 22
48 37 43
48 38 79
48 40 39
48 42 23
48 43 29
48 44 44
48 45 56
48 46 2
48 47 71
49 2 39
49 3 14
49 5 15
49 6 27
49 7 62
49 8 40
49 10 27
49 11 59
49 12 46
49 14 35
49 17 5
49 19 51
49 20 21
49 23 45
49 24 51
49 25 53
49 26 44
49 27 1
49 29 77
49 32 43
49 33 11
49 41 50
49 43 46
49 44 14
49 45 30
49 47 13
49 48 2
50 0 27
50 1 71
50 2 77
50 3 25
50 4 73
50 5 5
50 6 13
50 7 25
50 8 11
50 9 26
50 10 47
50 12 74
50 13 1
50 14 6
50 17 36
50 19 80
50 20 64
50 21 34
50 22 31
50 23 73
50 24 1
50 25 64
50 26 31
50 27 8
50 28 4
50 31 31
50 32 30
50 33 4
50 36 56
50 39 28
50 40 62
50 42 55
50 43 42
50 44 28
50 46 40
50 49 79
51 0 12
51 1 35
51 3 6
51 4 27
51 6 3
51 8 50
51 9 17
51 10 59
51 11 39
51 12 11
51 13 45
51 16 31
51 17 16
51 18 69
51 19 63
51 20 34
51 21 63
51 22 40
51 23 6
51 28 31
51 29 69
51 30 13
51 32 68
51 33 79
51 34 76
51 35 72
51 38 33
51 39 24
51 41 30
51 42 78
51 43 39
51 44 61
51 49 44
51 50 69
52 0 12
52 5 12
52 6 22
52 7 13
52 8 38
52 10 78
52 11 2
52 12 74
52 14 68
52 17 78
52 18 58
52 19 72
52 20 42
52 22 57
52 23 57
52 25 62
52 26 33
52 27 56
52 28 31
52 29 2
52 30 64
52 32 55
52 33 67
52 35 42
52 36 51
52 38 55
52 39 6
52 40 35
52 41 40
52 42 4
52 46 7
52 47 61
52 48 55
52 49 30
52 51 14
53 0 68
53 3 32
53 4 64
53 7 58
53 8 68
53 9 9
53 11 50
53 13 13
53 16 5
53 17 38
53 18 23
53 20 9
53 21 56
53 23 42
53 26 63
53 27 26
53 28 59
53 29 74
53 30 38
53 31 20
53 32 38
53 33 19
53 34 77
53 36 15
53 37 52
53 39 59
53 40 60
53 43 69
53 45 58
53 48 42
53 49 38
53 50 57
53 52 48
54 1 38
54 10 61
54 11 35
54 13 63
54 14 52
54 15 5
54 21 35
54 23 27
54 25 56
54 26 25
54 27 61
54 28 32
54 30 10
54 32 24
54 34 53
54 35 25
54 38 36
54 40 11
54 42 4
54 43 80
54 46 55
54 48 7
54 49 65
54 50 75
55 4 56
55 5 27
55 6 61
55 7 38
55 9 25
55 11 78
55 12 77
55 13 31
55 14 49
55 16 12
55 17 69
55 18 60
55 20 17
55 22 25
55 23 36
55 29 19
55 33 58
55 34 71
55 36 7
55 37 10
55 40 62
55 41 12
55 43 7
55 46 13
55 48 45
55 49 24
55 51 38
55 52 5
55 53 68
55 54 60
56 2 49
56 3 54
56 4 26
56 5 22
56 8 5
56 9 71
56 10 22
56 11 72
56 14 33
56 16 68
56 19 8
56 20 1
56 21 52
56 23 64
56 25 25
56 26 60
56 28 36
56 35 59
56 37 75
56 38 41
56 39 77
56 40 49
56 43 71
56 44 64
56 45 10
56 47 34
56 48 77
56 49 4
56 50 42
56 53 36
56 54 42
56 55 28
57 1 30
57 2 79
57 5 55
57 6 18
57 9 80
57 10 37
57 11 33
57 13 53
57 15 6
57 17 55
57 18 40
57 20 36
57 22 10
57 23 57
57 27 62
57 29 26
57 30 27
57 32 59
57 33 27
57 34 36
57 35 71
57 37 12
57 38 57
57 39 31
57 40 22
57 41 8
57 42 15
57 44 64
57 45 53
57 46 65
57 48 47
57 49 58
57 50 6
57 51 21
57 52 38
57 53 68
57 56 7
58 0 62
58 1 73
58 3 8
58 6 55
58 8 38
58 9 21
58 10 1
58 11 11
58 12 73
58 13 43
58 14 21
58 17 65
58 18 64
58 19 73
58 21 2
58 23 80
58 24 23
58 26 50
58 28 68
58 29 19
58 30 57
58 32 7
58 33 10
58 34 12
58 37 64
58 38 45
58 39 2
58 40 55
58 41 10
58 42 12
58 43 6
58 44 33
58 46 72
58 47 27
58 48 36
58 49 76
58 50 3
58 51 28
58 52 38
58 55 24
58 56 60
58 57 39
59 0 41
59 2 32
59 3 75
59 4 34
59 5 16
59 8 8
59 9 72
59 10 62
59 13 65
59 14 60
59 15 5
59 17 5
59 18 49
59 19 80
59 20 60
59 23 48
59 24 23
59 26 32
59 27 72
59 28 12
59 29 50
59 30 72
59 32 78
59 34 74
59 35 72
59 36 35
59 39 70
59 43 73
59 45 12
59 47 57
59 49 72
59 50 51
59 51 45
59 52 79
59 54 18
59 55 25
59 57 32
59 58 26
60 0 5
60 1 67
60 2 33
60 4 4
60 5 78
60 9 42
60 10 40
60 11 39
60 12 71
60 13 27
60 15 16
60 17 4
60 19 28
60 23 35
60 24 55
60 25 62
60 26 77
60 27 29
60 28 51
60 32 8
60 33 48
60 34 49
60 35 5
60 36 27
60 37 17
60 38 60
60 40 52
60 43 66
60 45 40
60 49 1
60 50 63
60 51 18
60 54 56
60 56 12
60 57 4
60 58 60
60 59 22
61 0 50
61 1 19
61 3 32
61 4 55
61 5 70
61 6 56
61 7 57
61 8 35
61 9 1
61 10 41
61 11 61
61 12 34
61 14 6
61 15 19
61 18 79
61 21 22
61 22 7
61 24 2
61 27 40
61 29 27
61 35 15
61 38 47
61 40 58
61 41 12
61 42 38
61 43 77
61 44 60
61 49 46
61 50 17
61 54 76
61 55 72
61 56 53
61 57 79
61 58 29
61 59 3
62 0 70
62 1 52
62 5 30
62 6 47
62 7 9
62 9 2
62 10 19
62 13 34
62 15 42
62 16 28
62 18 67
62 19 20
62 20 30
62 21 65
62 23 40
62 24 17
62 26 80
62 29 42
62 30 17
62 31 4
62 33 70
62 34 43
62 35 69
62 36 13
62 38 63
62 41 27
62 42 5
62 43 76
62 45 34
62 47 77
62 48 61
62 49 7
62 50 9
62 52 40
62 54 45
62 56 4
62 58 40
62 59 21
63 0 47
63 2 65
63 3 5
63 5 66
63 6 69
63 9 57
63 10 59
63 11 45
63 14 26
63 15 45
63 16 34
63 18 10
63 19 22
63 22 26
63 24 26
63 28 66
63 30 56
63 32 50
63 34 46
63 35 37
63 37 22
63 38 61
63 39 4
63 40 40
63 42 58
63 43 62
63 44 77
63 46 5
63 47 46
63 49 56
63 52 65
63 53 41
63 56 32
63 57 21
63 61 33
64 2 59
64 5 6
64 9 62
64 11 74
64 13 78
64 15 68
64 16 75
64 17 25
64 19 79
64 21 54
64 23 80
64 25 73
64 26 14
64 27 61
64 28 57
64 29 77
64 31 47
64 32 28
64 33 32
64 34 52
64 35 38
64 36 14
64 37 78
64 39 57
64 40 65
64 41 51
64 42 31
64 44 62
64 45 46
64 47 36
64 48 32
64 49 37
64 51 38
64 53 47
64 54 13
64 55 31
64 56 14
64 57 21
64 58 47
64 60 66
64 62 53
65 0 53
65 1 15
65 2 44
65 4 31
65 5 19
65 6 21
65 11 74
65 12 41
65 17 43
65 18 2
65 21 52
65 22 10
65 23 78
65 24 41
65 27 54
65 28 20
65 29 49
65 33 42
65 37 25
65 39 40
65 41 23
65 43 68
65 44 40
65 47 18
65 49 56
65 50 31
65 51 40
65 52 33
65 53 74
65 54 57
65 56 42
65 57 52
65 58 58
65 59 9
65 61 29
65 62 31
65 64 55
66 10 13
66 14 64
66 16 65
66 17 79
66 19 18
66 22 14
66 25 61
66 26 13
66 29 21
66 30 38
66 33 63
66 38 55
66 40 39
66 42 63
66 45 64
66 46 21
66 47 24
66 48 34
66 49 63
66 52 20
66 54 23
66 55 6
66 58 16
66 59 64
66 60 36
66 61 40
66 62 16
66 63 28
66 64 45
66 65 47
67 0 54
67 1 14
67 3 71
67 6 34
67 8 54
67 9 48
67 10 39
67 11 58
67 12 33
67 13 16
67 17 17
67 19 50
67 20 3
67 22 15
67 23 46
67 24 48
67 26 56
67 27 39
67 28 9
67 29 41
67 30 5
67 31 51
67 32 46
67 33 10
67 35 1
67 38 7
67 39 49
67 40 54
67 43 52
67 45 74
67 46 76
67 47 10
67 48 2
67 49 19
67 50 78
67 52 51
67 53 23
67 56 32
67 58 75
67 59 56
67 60 53
67 61 35
67 62 14
67 63 40
67 64 75
67 65 13
68 1 29
68 2 60
68 4 49
68 7 69
68 8 80
68 11 40
68 13 68
68 14 55
68 16 4
68 18 53
68 20 15
68 21 60
68 22 51
68 23 43
68 25 18
68 26 23
68 27 38
68 28 36
68 32 56
68 33 48
68 34 79
68 35 26
68 40 26
68 42 29
68 43 26
68 44 21
68 45 41
68 49 5
68 50 66
68 51 40
68 53 6
68 56 58
68 57 61
68 59 54
68 60 24
68 62 22
68 65 45
68 67 11
69 1 57
69 3 15
69 6 21
69 7 31
69 8 13
69 9 20
69 10 72
69 12 39
69 15 4
69 16 18
69 17 31
69 18 49
69 19 11
69 21 9
69 22 30
69 23 35
69 26 61
69 27 20
69 29 67
69 31 55
69 35 11
69 39 44
69 41 25
69 42 59
69 44 73
69 45 65
69 47 37
69 49 51
69 50 14
69 53 26
69 54 22
69 55 59
69 56 8
69 57 4
69 59 34
69 62 42
69 63 59
69 64 46
69 66 64
69 68 31
