30
2 0 254
3 0 122
3 1 61
4 0 3
4 1 265
4 2 189
5 2 95
5 4 59
6 2 27
7 1 320
7 2 247
7 3 121
7 5 218
7 6 134
8 0 303
8 2 234
8 3 132
8 4 107
8 5 10
8 6 261
9 0 175
9 4 127
9 7 187
9 8 181
10 0 163
10 1 112
10 4 305
10 5 37
10 8 152
11 1 1
11 2 78
11 8 124
11 10 137
12 2 114
12 3 65
12 4 54
12 6 109
12 7 36
12 11 53
13 0 132
13 3 262
13 8 37
13 10 197
13 11 87
14 0 170
14 2 101
14 3 171
14 4 105
14 9 291
14 11 264
14 12 209
15 0 309
15 3 298
15 6 153
15 7 174
15 9 211
15 12 256
16 0 259
16 2 317
16 6 92
16 9 223
16 10 74
16 12 150
16 13 138
16 14 81
17 1 116
17 2 273
17 3 308
17 4 85
17 5 258
17 6 121
17 8 4
17 9 313
17 11 212
17 13 175
17 14 177
17 15 161
17 16 286
18 2 144
18 3 235
18 4 235
18 10 307
18 12 313
18 13 240
18 16 89
19 1 268
19 2 216
19 3 205
19 5 40
19 6 178
19 7 280
19 8 295
19 10 156
19 12 205
19 13 38
19 15 161
19 17 167
19 18 309
20 0 265
20 1 259
20 5 174
20 6 8
20 8 197
20 13 228
20 14 260
20 16 267
20 17 96
21 0 59
21 5 26
21 6 100
21 7 221
21 16 179
21 17 132
21 18 195
21 19 302
22 1 118
22 2 198
22 3 52
22 4 88
22 5 166
22 6 253
22 8 96
22 12 195
22 15 260
22 16 194
22 17 189
22 20 258
23 5 270
23 6 235
23 8 105
23 12 208
23 14 206
23 16 205
23 18 64
23 20 249
23 21 278
23 22 285
24 1 225
24 3 6
24 4 3
24 6 305
24 9 28
24 10 267
24 11 215
24 17 142
24 18 306
24 20 18
24 21 66
24 22 113
24 23 151
25 0 92
25 1 120
25 2 193
25 3 99
25 4 84
25 5 302
25 6 94
25 7 227
25 10 217
25 11 55
25 16 306
25 17 21
25 18 8
25 19 264
25 21 258
25 22 10
25 24 103
26 4 2
26 5 13
26 9 63
26 13 39
26 15 297
26 16 52
26 17 190
26 21 92
26 22 8
26 23 122
27 3 158
27 4 134
27 5 161
27 6 190
27 11 78
27 14 116
27 16 169
27 23 207
27 24 58
28 2 106
28 3 168
28 5 303
28 8 225
28 9 117
28 10 206
28 13 66
28 16 13
28 17 33
28 20 20
28 21 223
28 22 261
28 23 226
28 25 265
28 26 44
28 27 140
29 1 15
29 3 218
29 5 105
29 6 301
29 7 34
29 8 11
29 11 126
29 14 274
29 15 223
29 16 178
29 19 213
29 21 94
29 22 233
29 24 173
29 26 118
29 27 137
29 28 23
