20
1 0 288
2 0 161
2 1 224
3 0 309
3 1 300
3 2 294
4 0 102
4 1 310
4 2 230
4 3 181
5 0 295
5 1 87
5 2 61
5 3 8
5 4 317
6 0 165
6 1 54
6 2 315
6 3 110
6 4 295
6 5 189
7 0 218
7 1 85
7 2 142
7 3 144
7 4 272
7 5 190
7 6 130
8 0 265
8 1 279
8 2 284
8 3 310
8 4 242
8 5 67
8 6 307
8 7 19
9 0 272
9 1 112
9 2 134
9 3 232
9 4 296
9 5 257
9 6 318
9 7 308
9 8 24
10 0 285
10 1 241
10 2 158
10 3 281
10 4 132
10 5 178
10 6 31
10 7 226
10 8 118
10 9 95
11 0 125
11 1 122
11 2 107
11 3 251
11 4 72
11 5 176
11 6 70
11 7 111
11 8 19
11 9 190
11 10 141
12 0 153
12 1 320
12 2 292
12 3 246
12 4 41
12 5 111
12 6 293
12 7 124
12 8 137
12 9 268
12 10 13
12 11 292
13 0 3
13 1 310
13 2 206
13 3 129
13 4 47
13 5 3
13 6 193
13 7 208
13 8 128
13 9 214
13 10 295
13 11 68
13 12 172
14 0 154
14 1 238
14 2 7
14 3 262
14 4 115
14 5 161
14 6 180
14 7 2
14 8 311
14 9 54
14 10 276
14 11 205
14 12 239
14 13 253
15 0 279
15 1 147
15 2 252
15 3 251
15 4 303
15 5 3
15 6 305
15 7 225
15 8 155
15 9 247
15 10 275
15 11 128
15 12 315
15 13 143
15 14 199
16 0 267
16 1 10
16 2 45
16 3 170
16 4 308
16 5 317
16 6 198
16 7 6
16 8 129
16 9 137
16 10 287
16 11 191
16 12 275
16 13 165
16 14 251
16 15 197
17 0 162
17 1 307
17 2 69
17 3 16
17 4 244
17 5 70
17 6 134
17 7 206
17 8 63
17 9 319
17 10 91
17 11 32
17 12 165
17 13 110
17 14 165
17 15 60
17 16 262
18 0 261
18 1 115
18 2 293
18 3 191
18 4 167
18 5 18
18 6 63
18 7 60
18 8 11
18 9 89
18 10 189
18 11 196
18 12 146
18 13 57
18 14 18
18 15 14
18 16 52
18 17 283
19 0 279
19 1 107
19 2 309
19 3 154
19 4 26
19 5 99
19 6 244
19 7 280
19 8 39
19 9 260
19 10 284
19 11 14
19 12 178
19 13 211
19 14 234
19 15 188
19 16 1
19 17 8
19 18 115
