60
1 0 160
2 1 118
3 1 69
4 1 51
4 2 270
5 3 121
6 1 46
6 2 154
8 5 188
8 7 264
9 0 129
9 5 111
10 0 253
10 1 83
11 6 154
12 4 225
13 5 54
14 12 237
15 6 316
15 9 208
15 12 253
16 1 121
16 3 99
16 4 282
16 11 312
17 7 289
18 1 218
18 12 76
19 1 297
19 3 297
19 5 152
19 10 177
19 17 306
20 17 26
20 18 163
21 0 128
21 5 287
21 15 277
21 16 92
21 18 65
21 19 200
22 0 262
22 4 23
22 12 171
22 17 230
22 20 242
22 21 290
23 1 11
23 19 228
24 3 101
24 11 211
24 18 32
24 19 83
24 20 9
24 23 148
25 7 152
25 10 296
25 11 170
25 17 92
25 21 20
26 3 87
26 6 73
26 10 96
26 12 86
26 19 143
27 7 238
27 13 128
27 16 94
27 22 134
28 2 253
28 9 209
28 15 255
28 25 270
29 7 293
29 12 157
29 14 207
29 16 241
29 18 96
29 21 29
29 24 260
30 2 153
30 3 77
30 6 282
30 18 90
30 19 76
30 22 155
31 21 294
31 27 105
32 1 36
32 3 50
32 6 315
32 9 295
32 10 310
32 17 311
32 20 63
32 25 216
32 30 13
33 0 178
33 1 214
33 11 16
33 13 314
33 17 110
33 22 211
33 26 131
33 32 64
34 2 142
34 6 121
34 15 313
34 19 63
34 27 171
35 3 191
35 4 100
35 30 306
36 0 136
36 11 51
36 14 68
36 16 240
36 17 225
36 18 180
36 21 141
36 28 261
36 31 81
36 32 92
37 2 236
37 7 73
37 11 32
37 14 214
37 23 85
37 30 42
37 31 276
38 0 195
38 8 266
38 17 209
38 18 113
38 20 204
38 23 202
38 37 125
39 5 129
39 7 166
39 9 285
39 14 200
39 16 198
39 17 173
39 18 29
39 24 11
39 26 27
39 30 57
39 33 73
39 35 77
40 2 135
40 5 78
40 9 2
41 2 35
41 4 132
41 9 33
41 13 271
41 14 187
41 20 302
41 27 212
41 32 196
41 38 39
42 0 165
42 9 303
42 11 164
42 19 113
42 22 179
42 25 11
42 30 46
42 33 28
42 39 294
43 8 173
43 11 175
43 13 75
43 16 277
43 18 197
43 19 206
43 20 279
43 24 135
43 29 193
43 41 174
44 4 103
44 6 46
44 13 108
44 14 101
44 16 49
44 18 306
44 20 42
44 25 202
44 32 226
44 38 242
44 42 81
44 43 281
45 3 290
45 9 287
45 19 50
45 23 104
45 25 309
45 29 197
45 35 37
46 1 112
46 4 163
46 6 99
46 7 192
46 9 254
46 22 282
46 24 59
46 29 244
46 32 111
46 33 162
47 3 160
47 15 170
47 16 278
47 23 169
47 25 117
47 32 39
48 0 305
48 4 118
48 6 100
48 13 1
48 16 293
48 17 61
48 20 43
48 23 13
48 24 140
48 29 245
48 36 168
48 39 291
48 43 287
48 45 308
48 47 291
49 9 273
49 22 172
49 27 301
49 33 102
49 40 60
50 1 81
50 6 160
50 11 222
50 14 181
50 19 265
50 26 83
50 28 43
50 29 119
50 32 304
50 34 174
50 38 127
51 5 18
51 7 308
51 15 34
51 25 11
51 26 195
51 40 23
51 42 219
51 45 166
51 49 226
51 50 258
52 1 312
52 2 203
52 3 54
52 8 53
52 9 283
52 10 75
52 11 258
52 15 186
52 22 317
52 32 247
53 1 232
53 5 148
53 8 264
53 9 124
53 11 18
53 12 112
53 13 291
53 26 228
53 30 25
53 35 32
53 48 51
54 1 112
54 7 270
54 8 283
54 11 166
54 12 273
54 26 313
54 41 273
54 43 22
54 45 140
54 49 280
54 50 141
55 1 88
55 10 224
55 15 319
55 20 13
55 39 21
55 40 37
55 45 88
55 46 296
56 0 128
56 1 115
56 7 274
56 8 154
56 9 227
56 12 249
56 21 272
56 22 127
56 24 195
56 35 198
56 37 33
56 42 292
56 43 300
56 44 69
56 45 3
56 53 152
56 54 207
57 1 70
57 15 156
57 18 143
57 19 14
57 25 270
57 29 89
57 31 128
57 36 19
57 39 17
57 40 127
57 56 200
58 9 44
58 15 25
58 17 261
58 20 21
58 26 285
58 29 92
58 36 122
58 45 165
58 49 164
58 56 136
59 5 282
59 6 20
59 11 29
59 12 273
59 20 71
59 23 23
59 26 18
59 27 21
59 30 107
59 31 131
59 40 192
59 42 209
59 49 144
59 54 226
59 55 303
59 58 94
