70
1 0 2
2 0 1
6 4 10
7 0 10
8 0 10
8 7 2
9 0 7
9 1 6
9 3 7
10 0 9
10 1 8
11 2 10
11 6 4
11 8 6
12 0 7
12 2 7
12 3 3
12 5 8
12 8 2
12 11 1
13 0 9
13 3 9
13 11 6
14 4 5
14 7 10
15 3 9
15 4 1
15 6 2
15 14 10
16 7 6
16 15 7
17 1 1
17 4 7
17 13 8
17 15 8
18 7 8
18 9 4
18 10 7
18 15 7
18 17 1
19 7 9
20 0 8
20 7 1
20 13 10
20 19 4
21 5 4
21 13 6
21 16 8
21 18 7
22 1 4
22 7 1
22 9 10
22 12 1
22 21 6
23 1 10
23 4 6
23 7 7
23 9 2
23 10 8
23 11 2
23 14 6
23 15 6
23 19 8
23 20 2
24 1 9
24 5 2
24 10 1
24 11 7
24 17 7
24 18 6
25 5 2
25 10 8
25 11 2
25 15 10
25 18 3
25 21 6
25 22 1
26 0 2
26 4 10
26 8 4
26 12 7
26 20 4
26 22 8
26 24 2
27 0 4
27 1 6
27 7 2
27 10 2
27 14 8
27 17 5
27 23 4
27 26 3
28 3 2
28 4 3
28 8 10
28 9 10
28 13 3
28 17 6
28 18 4
28 23 4
29 0 7
29 3 7
29 4 10
29 12 9
29 13 1
29 15 7
29 19 6
29 24 9
30 2 3
30 7 8
30 11 4
30 13 9
30 19 6
30 23 8
30 27 1
31 3 1
31 5 6
31 8 8
31 9 9
31 10 3
31 12 7
31 14 7
31 16 1
31 17 10
31 19 8
31 22 8
31 24 2
31 26 2
31 28 3
31 30 7
32 3 2
32 4 6
32 5 8
32 13 1
32 15 9
32 17 8
32 18 7
32 20 6
32 23 2
32 24 9
32 27 7
32 30 6
33 0 10
33 7 7
33 14 2
33 16 10
33 17 4
33 22 2
33 25 4
33 26 8
33 29 1
33 31 6
34 1 5
34 4 9
34 5 4
34 9 2
34 10 7
34 17 1
34 19 6
34 23 5
34 30 8
34 31 9
35 1 9
35 3 6
35 5 10
35 14 7
35 15 1
35 16 4
35 20 7
35 23 3
35 24 1
36 1 2
36 2 3
36 7 7
36 11 4
36 14 9
36 16 10
36 17 6
36 20 2
36 21 10
36 22 2
36 26 1
36 27 1
37 5 7
37 10 6
37 13 10
37 14 2
37 16 10
37 17 3
37 18 9
37 27 5
37 28 2
37 35 10
38 0 9
38 4 7
38 5 7
38 6 10
38 9 5
38 10 8
38 14 6
38 20 4
38 21 10
38 22 2
38 27 6
38 32 4
38 33 8
38 37 6
39 5 10
39 13 10
39 14 9
39 18 5
39 22 5
39 25 9
39 29 6
39 32 1
39 35 9
39 36 6
39 38 9
40 5 5
40 8 5
40 9 9
40 15 7
40 19 3
40 20 4
40 21 7
40 25 7
40 26 10
40 27 6
40 32 9
40 38 9
41 1 2
41 2 1
41 11 3
41 13 7
41 17 4
41 20 1
41 25 3
41 27 5
41 28 4
41 38 1
42 2 3
42 4 5
42 6 3
42 10 5
42 11 5
42 12 7
42 13 6
42 16 7
42 18 10
42 25 5
42 28 8
42 29 4
42 35 9
43 5 1
43 7 2
43 12 7
43 15 5
43 16 7
43 17 9
43 19 6
43 27 8
43 28 7
43 29 5
43 31 1
43 33 8
43 41 1
43 42 10
44 3 3
44 6 3
44 13 5
44 14 7
44 19 8
44 20 3
44 23 5
44 24 9
44 26 3
44 27 9
44 28 4
44 30 8
44 31 6
44 33 1
44 36 2
44 39 3
44 40 3
44 42 5
45 4 3
45 5 2
45 6 2
45 11 6
45 15 10
45 21 7
45 23 8
45 28 1
45 36 5
45 37 9
45 38 8
45 39 2
45 41 7
46 7 8
46 8 4
46 9 4
46 14 6
46 15 6
46 23 3
46 25 6
46 28 7
46 34 5
46 38 3
46 39 10
46 41 5
47 2 5
47 3 8
47 6 2
47 11 2
47 15 10
47 17 5
47 20 6
47 24 6
47 26 5
47 27 5
47 31 4
47 32 2
47 33 3
47 34 8
47 37 8
47 39 6
47 42 5
48 11 6
48 12 4
48 16 3
48 18 1
48 24 10
48 27 4
48 31 7
48 36 6
48 43 1
48 45 4
49 2 4
49 4 3
49 5 3
49 6 8
49 7 2
49 13 9
49 14 1
49 17 6
49 20 3
49 21 4
49 23 8
49 27 7
49 29 3
49 30 8
49 31 8
49 37 1
49 39 4
50 3 1
50 9 5
50 12 5
50 13 2
50 14 7
50 15 2
50 16 9
50 17 8
50 22 4
50 35 5
50 39 6
50 41 5
50 44 6
50 49 8
51 1 7
51 6 6
51 9 7
51 14 2
51 17 8
51 19 2
51 21 6
51 22 9
51 26 9
51 28 9
51 33 9
51 34 6
51 35 4
51 41 7
51 46 4
51 49 10
52 2 2
52 3 3
52 6 5
52 12 4
52 13 6
52 14 4
52 18 3
52 22 2
52 27 8
52 37 10
52 42 2
53 3 4
53 4 10
53 5 1
53 6 2
53 10 1
53 11 8
53 12 10
53 16 7
53 17 6
53 20 9
53 23 1
53 25 4
53 27 1
53 29 1
53 30 5
53 38 2
53 44 1
53 46 5
53 47 10
53 48 2
53 50 8
54 4 9
54 6 7
54 9 6
54 11 1
54 16 5
54 21 3
54 25 8
54 26 8
54 30 2
54 31 5
54 33 6
54 43 10
54 44 5
54 45 4
54 47 3
55 5 10
55 10 5
55 31 2
55 33 9
55 41 8
55 42 7
55 47 4
55 49 4
55 50 1
55 51 2
55 54 3
56 1 4
56 10 7
56 11 7
56 13 4
56 16 5
56 21 7
56 26 5
56 34 7
56 35 3
56 36 6
56 38 3
56 41 4
56 48 4
56 50 1
56 52 10
56 53 4
57 2 4
57 5 5
57 7 7
57 15 9
57 17 9
57 23 4
57 26 6
57 27 7
57 32 4
57 33 4
57 36 1
57 37 5
57 39 10
57 41 6
57 45 5
57 46 3
57 54 6
58 7 6
58 10 2
58 11 8
58 18 9
58 25 1
58 32 5
58 38 10
58 39 1
58 42 5
58 44 5
58 45 1
58 50 6
58 54 3
58 56 1
58 57 1
59 2 1
59 4 8
59 8 7
59 9 10
59 10 10
59 12 5
59 14 7
59 15 6
59 16 7
59 24 1
59 25 7
59 27 7
59 31 10
59 32 10
59 33 10
59 35 1
59 40 2
59 42 9
59 45 7
59 47 3
59 52 9
60 0 3
60 4 10
60 6 3
60 7 6
60 11 2
60 15 2
60 28 3
60 32 6
60 36 7
60 37 2
60 39 4
60 42 10
60 45 7
60 46 8
60 49 5
60 51 7
60 52 2
60 53 8
60 55 7
61 5 6
61 6 5
61 9 2
61 18 9
61 20 10
61 21 6
61 22 8
61 23 7
61 33 2
61 36 1
61 38 5
61 46 6
61 47 9
61 48 5
61 49 3
61 52 1
61 57 3
62 1 1
62 3 7
62 8 4
62 10 1
62 12 9
62 13 1
62 16 4
62 18 3
62 19 9
62 22 7
62 23 10
62 29 9
62 30 9
62 33 2
62 44 6
62 45 9
62 48 8
62 49 6
62 51 5
62 52 4
62 58 8
62 61 6
63 0 4
63 2 2
63 4 9
63 10 8
63 11 8
63 15 8
63 17 2
63 18 6
63 30 4
63 37 5
63 40 6
63 47 2
63 48 6
63 49 1
63 50 10
63 53 10
63 57 4
63 61 2
64 0 3
64 1 1
64 4 9
64 12 3
64 14 7
64 15 2
64 20 5
64 21 9
64 25 8
64 28 6
64 29 1
64 33 9
64 40 6
64 45 9
64 54 7
64 59 9
64 62 8
65 7 6
65 8 3
65 14 4
65 20 2
65 21 4
65 22 10
65 26 3
65 31 2
65 33 9
65 34 10
65 38 9
65 40 6
65 43 1
65 47 3
65 49 7
65 50 4
65 51 9
65 52 8
65 53 6
65 54 3
65 63 4
66 5 8
66 6 3
66 7 7
66 13 8
66 14 1
66 16 7
66 17 2
66 27 9
66 30 2
66 31 10
66 39 9
66 42 1
66 57 3
66 58 6
66 60 3
66 65 7
67 1 10
67 2 5
67 5 3
67 7 10
67 24 9
67 25 3
67 27 8
67 29 3
67 35 2
67 39 1
67 43 9
67 44 1
67 47 10
67 48 3
67 58 3
67 62 10
67 64 6
67 65 9
68 0 10
68 1 5
68 2 5
68 5 9
68 6 8
68 10 5
68 12 10
68 15 7
68 19 8
68 22 6
68 26 7
68 27 7
68 32 1
68 33 5
68 40 6
68 50 6
68 51 4
68 54 2
68 56 4
68 58 8
68 61 6
68 62 8
68 63 8
68 66 5
69 3 4
69 5 7
69 12 5
69 13 1
69 20 5
69 23 5
69 30 9
69 31 1
69 33 4
69 36 10
69 37 9
69 38 3
69 39 3
69 44 4
69 45 2
69 46 6
69 51 4
69 59 6
69 62 10
