50
1 0 139
2 0 169
2 1 40
3 0 2
3 1 307
3 2 33
4 0 190
4 1 27
4 2 243
4 3 131
5 0 300
5 1 180
5 2 190
5 3 143
5 4 231
6 1 177
6 4 21
6 5 277
7 0 145
7 1 68
7 2 305
7 3 176
7 5 18
7 6 53
8 0 204
8 1 235
8 2 158
8 3 112
8 4 132
8 7 18
9 0 82
9 1 190
9 2 210
9 3 192
9 4 130
9 5 311
9 6 80
9 7 72
9 8 182
10 0 267
10 1 18
10 2 28
10 3 284
10 5 53
10 6 124
10 7 296
10 8 49
10 9 142
11 0 87
11 1 114
11 2 31
11 3 254
11 4 193
11 5 224
11 6 232
11 7 230
11 8 293
11 10 135
12 0 29
12 1 316
12 2 37
12 3 316
12 4 301
12 5 83
12 6 135
12 7 43
12 8 254
12 9 73
12 10 79
13 0 142
13 1 277
13 2 262
13 3 260
13 5 159
13 6 22
13 7 40
13 9 84
13 10 73
13 12 271
14 0 125
14 1 149
14 2 248
14 3 54
14 4 1
14 5 234
14 6 170
14 7 305
14 8 246
14 9 274
14 11 54
14 12 180
14 13 70
15 0 103
15 1 276
15 2 162
15 3 83
15 4 236
15 5 89
15 6 225
15 7 70
15 8 154
15 9 108
15 13 117
16 0 167
16 1 198
16 2 129
16 3 55
16 4 287
16 5 13
16 6 59
16 7 239
16 8 202
16 9 83
16 10 209
16 11 85
16 13 241
16 14 255
16 15 263
17 0 316
17 1 17
17 2 100
17 3 216
17 4 303
17 5 211
17 7 135
17 8 14
17 9 106
17 10 10
17 11 199
17 14 232
17 15 112
17 16 104
18 0 225
18 2 249
18 3 264
18 4 143
18 5 44
18 6 262
18 7 228
18 8 60
18 9 292
18 10 251
18 11 31
18 12 244
18 13 177
18 14 51
18 15 43
18 16 220
18 17 113
19 0 290
19 1 254
19 3 29
19 4 122
19 5 237
19 6 196
19 7 317
19 8 161
19 10 55
19 11 71
19 12 217
19 13 40
19 14 301
19 15 150
19 16 235
19 17 57
19 18 57
20 0 110
20 1 115
20 2 297
20 4 183
20 5 286
20 6 79
20 7 143
20 8 218
20 10 294
20 11 52
20 12 246
20 14 94
20 15 283
20 16 64
20 17 175
20 18 280
20 19 114
21 0 72
21 1 143
21 3 33
21 4 152
21 5 59
21 6 38
21 7 6
21 8 43
21 9 56
21 10 168
21 11 301
21 12 228
21 13 82
21 14 154
21 15 224
21 17 214
21 18 281
21 19 235
21 20 261
22 0 311
22 1 63
22 2 36
22 3 142
22 4 215
22 5 43
22 6 105
22 7 146
22 8 170
22 9 72
22 10 201
22 11 165
22 12 259
22 13 212
22 14 247
22 15 308
22 16 289
22 17 312
22 19 153
22 20 116
22 21 48
23 0 190
23 1 315
23 2 219
23 4 282
23 5 91
23 6 86
23 8 175
23 9 87
23 11 139
23 12 36
23 13 272
23 14 202
23 16 228
23 17 201
23 19 225
23 20 178
23 21 303
23 22 21
24 0 3
24 1 52
24 2 296
24 4 293
24 5 252
24 6 224
24 7 194
24 8 316
24 9 267
24 10 115
24 11 264
24 12 84
24 13 258
24 14 55
24 15 276
24 16 297
24 17 48
24 18 175
24 20 77
24 21 267
24 22 78
24 23 149
25 0 58
25 1 68
25 2 140
25 3 165
25 4 265
25 5 143
25 6 264
25 7 256
25 8 166
25 9 28
25 11 95
25 13 67
25 14 309
25 15 76
25 16 7
25 17 305
25 18 42
25 19 168
25 20 46
25 21 21
25 22 95
25 24 219
26 0 158
26 1 178
26 2 182
26 4 301
26 5 12
26 6 73
26 7 85
26 8 319
26 9 53
26 10 311
26 11 14
26 12 214
26 13 238
26 14 247
26 15 282
26 16 174
26 17 265
26 18 75
26 19 7
26 20 14
26 21 86
26 22 96
26 23 308
26 24 268
26 25 303
27 0 148
27 1 284
27 3 103
27 4 199
27 7 266
27 8 120
27 9 120
27 11 293
27 12 111
27 13 171
27 14 227
27 15 258
27 16 303
27 17 199
27 18 86
27 19 222
27 20 302
27 21 166
27 22 318
27 23 232
27 24 200
27 25 137
27 26 12
28 2 57
28 3 312
28 4 224
28 5 230
28 6 65
28 7 144
28 8 61
28 10 203
28 12 180
28 13 244
28 18 25
28 19 123
28 20 154
28 21 180
28 22 291
28 23 115
28 24 277
28 25 236
28 26 195
29 0 248
29 1 248
29 2 134
29 3 156
29 4 291
29 5 145
29 6 261
29 7 52
29 8 57
29 9 14
29 11 241
29 12 314
29 14 88
29 16 137
29 17 34
29 19 213
29 20 122
29 21 25
29 22 131
29 23 267
29 24 301
29 25 3
29 26 312
29 27 89
29 28 276
30 0 107
30 1 246
30 2 240
30 3 37
30 4 221
30 5 313
30 6 136
30 7 77
30 8 4
30 9 286
30 10 139
30 11 10
30 12 61
30 13 299
30 15 136
30 16 189
30 17 110
30 18 198
30 19 171
30 20 67
30 23 221
30 24 149
30 25 132
30 26 8
30 27 71
30 28 114
30 29 172
31 0 204
31 1 275
31 2 131
31 3 215
31 4 187
31 5 139
31 6 279
31 7 44
31 8 168
31 9 198
31 10 89
31 11 84
31 12 244
31 13 122
31 14 151
31 15 245
31 16 172
31 17 80
31 18 84
31 19 138
31 20 91
31 21 181
31 22 234
31 23 281
31 24 180
31 25 96
31 26 157
31 27 176
31 28 176
31 29 31
31 30 147
32 0 103
32 1 93
32 2 181
32 3 304
32 4 98
32 5 41
32 6 17
32 7 38
32 8 226
32 9 319
32 10 129
32 12 143
32 13 282
32 14 210
32 15 310
32 16 225
32 18 276
32 19 288
32 20 127
32 21 190
32 22 160
32 23 309
32 24 241
32 25 222
32 27 103
32 28 74
32 30 137
32 31 83
33 0 29
33 1 118
33 2 187
33 3 284
33 4 162
33 5 301
33 7 255
33 8 310
33 9 13
33 10 138
33 11 90
33 12 90
33 13 289
33 14 118
33 15 180
33 17 78
33 18 61
33 19 246
33 20 231
33 21 181
33 22 18
33 23 55
33 24 257
33 26 55
33 27 113
33 28 102
33 29 60
33 30 158
33 31 171
33 32 212
34 0 285
34 1 206
34 2 260
34 3 203
34 4 237
34 5 142
34 6 58
34 7 137
34 8 56
34 9 22
34 11 148
34 12 176
34 13 2
34 14 10
34 15 251
34 17 287
34 18 311
34 19 288
34 20 198
34 21 54
34 22 43
34 23 263
34 24 184
34 25 103
34 26 204
34 27 295
34 28 272
34 30 105
34 31 127
34 32 310
34 33 161
35 0 14
35 1 42
35 2 133
35 3 281
35 4 19
35 5 224
35 6 74
35 7 186
35 8 190
35 9 298
35 10 44
35 11 269
35 12 90
35 13 157
35 14 76
35 15 61
35 16 39
35 17 173
35 18 218
35 19 69
35 20 263
35 21 211
35 22 84
35 23 281
35 24 261
35 25 4
35 26 230
35 27 48
35 28 129
35 29 47
35 30 288
35 31 260
35 33 312
35 34 134
36 0 12
36 1 28
36 3 55
36 4 190
36 5 181
36 6 216
36 7 296
36 8 285
36 9 263
36 10 56
36 11 40
36 12 36
36 13 56
36 14 308
36 15 252
36 16 183
36 17 76
36 18 45
36 20 226
36 21 49
36 23 68
36 24 9
36 25 110
36 26 273
36 27 302
36 28 298
36 29 296
36 30 212
36 31 2
36 32 15
36 33 183
36 34 10
36 35 130
37 0 101
37 1 35
37 2 69
37 3 294
37 4 128
37 5 125
37 6 245
37 7 8
37 8 299
37 9 181
37 10 314
37 11 27
37 12 7
37 13 133
37 14 123
37 16 37
37 17 66
37 18 228
37 19 171
37 20 108
37 21 239
37 22 213
37 23 298
37 24 11
37 25 278
37 27 50
37 28 293
37 29 92
37 30 254
37 31 46
37 32 68
37 33 10
37 34 84
37 35 56
37 36 267
38 0 58
38 1 72
38 2 81
38 3 300
38 5 14
38 6 90
38 7 73
38 8 193
38 9 149
38 11 73
38 12 46
38 13 120
38 14 8
38 15 222
38 16 81
38 18 23
38 19 47
38 20 55
38 21 190
38 22 184
38 23 185
38 24 202
38 25 163
38 26 191
38 29 44
38 30 273
38 31 36
38 32 56
38 33 71
38 34 181
38 35 10
38 36 242
38 37 232
39 0 21
39 1 63
39 3 257
39 4 288
39 5 206
39 6 155
39 7 169
39 8 189
39 9 108
39 10 214
39 11 244
39 13 137
39 15 250
39 16 70
39 17 116
39 18 264
39 19 251
39 20 304
39 21 72
39 22 42
39 23 169
39 24 156
39 26 96
39 27 246
39 28 249
39 29 300
39 30 115
39 31 116
39 32 96
39 33 256
39 34 315
39 35 222
39 36 169
39 37 168
39 38 28
40 0 85
40 1 148
40 2 117
40 3 200
40 4 65
40 5 22
40 6 12
40 7 40
40 8 122
40 9 12
40 11 89
40 12 270
40 14 102
40 15 310
40 16 47
40 17 3
40 18 215
40 19 94
40 20 274
40 21 294
40 22 166
40 23 194
40 24 177
40 25 266
40 26 266
40 27 1
40 28 59
40 29 258
40 30 288
40 31 246
40 32 126
40 34 319
40 35 279
40 36 28
40 37 246
40 38 195
40 39 302
41 0 309
41 2 243
41 3 315
41 4 142
41 5 215
41 6 135
41 7 169
41 8 302
41 9 78
41 10 69
41 11 266
41 12 112
41 13 266
41 14 74
41 15 21
41 16 280
41 17 193
41 18 178
41 20 124
41 21 74
41 22 250
41 23 117
41 24 232
41 25 12
41 26 231
41 27 216
41 29 32
41 30 187
41 31 249
41 32 5
41 34 214
41 36 297
41 37 283
41 38 240
41 39 309
41 40 139
42 0 111
42 1 57
42 3 233
42 4 215
42 6 115
42 8 261
42 9 12
42 10 36
42 11 218
42 12 205
42 13 88
42 14 52
42 15 197
42 16 120
42 17 122
42 18 55
42 19 193
42 20 319
42 21 210
42 22 180
42 23 157
42 24 232
42 25 44
42 26 139
42 27 182
42 28 308
42 29 310
42 30 190
42 31 138
42 32 33
42 33 293
42 34 4
42 35 305
42 36 227
42 37 107
42 38 293
42 39 130
42 40 280
42 41 68
43 0 299
43 1 289
43 2 261
43 3 56
43 4 316
43 5 230
43 6 10
43 7 169
43 8 259
43 9 55
43 10 161
43 11 234
43 12 104
43 13 30
43 14 268
43 15 292
43 17 14
43 18 274
43 19 277
43 20 206
43 21 195
43 22 99
43 23 119
43 24 69
43 25 123
43 26 301
43 27 277
43 28 255
43 29 85
43 30 150
43 31 89
43 32 215
43 33 111
43 34 103
43 35 131
43 37 292
43 38 139
43 39 232
44 0 95
44 1 236
44 2 73
44 3 63
44 4 258
44 5 182
44 6 212
44 7 75
44 8 281
44 9 87
44 10 133
44 11 11
44 12 308
44 13 319
44 14 218
44 15 88
44 16 199
44 17 258
44 18 166
44 19 261
44 20 67
44 21 298
44 22 94
44 23 93
44 24 126
44 25 39
44 26 20
44 27 156
44 28 174
44 29 98
44 30 150
44 31 135
44 32 37
44 34 8
44 35 59
44 36 10
44 37 314
44 38 23
44 39 106
44 40 28
44 41 16
44 42 190
44 43 233
45 0 211
45 1 307
45 2 201
45 3 212
45 4 90
45 6 263
45 7 95
45 8 170
45 9 161
45 10 201
45 12 220
45 13 6
45 14 221
45 15 205
45 16 122
45 19 271
45 21 239
45 22 246
45 23 233
45 24 120
45 25 41
45 26 219
45 27 47
45 28 115
45 29 207
45 30 317
45 31 218
45 33 18
45 34 238
45 35 298
45 36 300
45 37 283
45 38 184
45 39 284
45 40 180
45 41 147
45 42 30
45 43 313
46 1 120
46 3 24
46 4 156
46 5 82
46 6 222
46 7 191
46 8 49
46 9 292
46 10 217
46 11 173
46 12 167
46 13 62
46 14 15
46 15 247
46 16 266
46 17 118
46 18 270
46 19 318
46 20 104
46 21 251
46 22 298
46 23 37
46 24 25
46 25 183
46 26 188
46 27 214
46 28 171
46 29 27
46 30 180
46 31 142
46 32 41
46 33 264
46 34 234
46 35 236
46 36 251
46 38 28
46 39 104
46 40 308
46 41 269
46 42 150
46 43 291
46 44 130
46 45 308
47 0 310
47 2 171
47 3 278
47 4 154
47 5 294
47 6 64
47 7 254
47 8 302
47 10 293
47 11 45
47 12 228
47 13 240
47 14 52
47 15 259
47 16 82
47 17 49
47 18 65
47 19 168
47 20 276
47 21 123
47 22 262
47 23 162
47 24 172
47 25 72
47 26 116
47 27 47
47 28 63
47 30 121
47 31 260
47 32 57
47 33 133
47 34 250
47 35 187
47 36 234
47 37 121
47 38 273
47 39 4
47 40 319
47 41 63
47 42 244
47 43 43
47 44 173
47 45 32
47 46 121
48 0 105
48 1 308
48 2 311
48 3 133
48 4 311
48 5 239
48 6 317
48 7 148
48 8 15
48 9 102
48 10 19
48 11 80
48 12 81
48 13 49
48 14 120
48 16 184
48 17 202
48 18 227
48 19 309
48 20 297
48 21 86
48 22 257
48 23 319
48 24 28
48 25 94
48 26 206
48 27 127
48 28 51
48 30 41
48 31 220
48 32 132
48 33 212
48 34 189
48 35 146
48 36 15
48 37 283
48 38 274
48 39 117
48 40 241
48 41 161
48 45 213
48 46 168
48 47 162
49 0 228
49 1 292
49 2 103
49 3 149
49 4 285
49 5 154
49 6 74
49 7 307
49 8 241
49 9 130
49 10 185
49 12 286
49 14 129
49 15 271
49 16 179
49 18 116
49 19 197
49 20 315
49 21 116
49 22 215
49 23 162
49 25 258
49 26 188
49 27 233
49 28 285
49 29 55
49 30 116
49 31 100
49 32 145
49 33 141
49 34 299
49 35 206
49 36 77
49 37 220
49 38 15
49 39 257
49 40 294
49 41 129
49 42 44
49 43 128
49 44 276
49 45 209
49 46 41
49 47 236
49 48 293
