70
2 1 9
3 0 1
3 1 8
4 0 1
4 2 6
5 2 9
6 0 1
6 3 2
6 5 8
7 1 9
7 2 7
7 4 7
7 5 4
8 2 9
8 4 7
8 5 4
9 1 4
9 2 1
9 3 2
9 5 2
9 7 5
9 8 7
10 0 4
10 2 2
10 4 7
10 5 1
10 8 5
11 0 3
11 1 8
11 3 3
11 4 8
11 5 6
11 7 4
11 9 10
12 0 1
12 1 8
12 2 7
12 4 9
12 5 5
12 10 6
12 11 9
13 0 1
13 1 8
13 2 7
13 4 9
13 5 6
13 8 2
13 9 2
13 11 6
14 5 8
14 7 1
14 9 10
14 11 2
14 13 8
15 0 8
15 3 7
15 4 5
15 5 6
15 6 6
15 7 6
15 8 4
15 10 7
15 13 4
16 1 8
16 6 8
16 7 8
16 9 2
16 11 8
16 13 9
17 1 6
17 3 5
17 4 7
17 5 5
17 6 8
17 16 8
18 1 5
18 3 5
18 4 2
18 6 1
18 7 9
18 9 9
18 10 3
18 11 4
18 12 8
18 13 4
18 15 7
19 4 9
19 6 8
19 9 5
19 11 5
19 13 7
19 15 3
19 16 10
20 1 10
20 4 4
20 5 10
20 7 4
20 8 8
20 9 2
20 10 4
20 11 6
20 12 2
20 15 6
20 16 6
20 18 3
21 0 3
21 5 10
21 7 8
21 8 7
21 9 2
21 10 6
21 12 4
21 13 7
21 14 1
21 15 3
21 16 7
21 18 6
21 19 10
22 1 2
22 3 3
22 4 10
22 5 1
22 9 1
22 10 2
22 11 3
22 12 6
22 14 5
22 16 2
22 17 7
23 0 9
23 1 9
23 4 3
23 5 5
23 10 1
23 11 9
23 12 5
23 15 6
23 17 4
23 18 3
23 19 8
23 20 3
23 21 1
24 0 1
24 1 10
24 6 2
24 9 3
24 11 7
24 12 6
24 20 10
24 22 10
25 0 2
25 2 3
25 3 7
25 4 1
25 5 4
25 6 4
25 7 1
25 10 2
25 13 5
25 17 1
25 19 10
25 20 8
25 24 9
26 6 7
26 7 9
26 9 2
26 12 8
26 15 5
26 16 8
26 21 8
26 22 2
27 2 5
27 6 2
27 7 7
27 11 3
27 12 2
27 14 6
27 17 4
27 18 4
27 20 9
27 25 10
28 4 8
28 5 1
28 6 6
28 7 7
28 9 10
28 15 9
28 17 10
28 22 9
28 25 8
28 26 6
29 1 2
29 2 5
29 4 1
29 5 2
29 6 6
29 7 4
29 9 9
29 10 2
29 11 2
29 12 3
29 14 4
29 17 6
29 18 6
29 21 7
29 23 1
29 24 6
29 28 4
30 0 8
30 8 7
30 10 7
30 12 2
30 13 2
30 16 8
30 18 2
30 19 9
30 21 4
30 22 8
30 25 7
30 26 5
30 29 9
31 1 9
31 4 10
31 5 7
31 6 4
31 7 3
31 8 5
31 9 5
31 13 8
31 14 2
31 18 2
31 20 10
31 23 3
31 26 2
31 27 10
32 2 7
32 3 7
32 4 3
32 7 3
32 9 2
32 10 3
32 12 3
32 13 8
32 15 1
32 19 1
32 22 1
32 25 1
32 27 5
32 29 10
33 1 8
33 3 9
33 7 6
33 8 7
33 11 2
33 13 9
33 16 1
33 17 8
33 21 5
33 23 1
33 25 1
33 27 1
33 28 4
33 29 3
33 30 3
33 31 1
33 32 7
34 0 10
34 1 4
34 2 2
34 6 7
34 7 6
34 10 3
34 11 4
34 13 1
34 14 1
34 15 4
34 16 4
34 19 4
34 21 2
34 23 3
34 26 8
34 27 3
34 28 5
34 30 10
34 31 1
34 32 6
35 2 9
35 4 9
35 5 9
35 8 10
35 10 1
35 11 2
35 13 1
35 14 10
35 15 9
35 16 7
35 17 4
35 21 8
35 22 7
35 24 5
35 27 3
35 28 1
35 30 3
35 32 8
35 33 8
35 34 7
36 1 3
36 2 4
36 5 5
36 10 7
36 12 9
36 13 1
36 14 2
36 16 7
36 18 6
36 21 8
36 23 10
36 24 10
36 27 1
36 32 4
36 33 6
37 0 1
37 3 3
37 5 1
37 6 8
37 7 7
37 10 8
37 11 4
37 13 10
37 14 7
37 16 10
37 21 8
37 26 6
37 27 6
37 29 5
37 30 1
37 31 5
37 32 6
37 34 3
38 0 5
38 4 10
38 6 1
38 8 6
38 9 2
38 10 8
38 11 5
38 12 1
38 20 8
38 21 9
38 22 5
38 23 7
38 24 4
38 28 6
38 29 2
38 30 6
38 35 2
38 36 3
39 1 9
39 3 10
39 4 2
39 5 5
39 11 2
39 12 3
39 13 10
39 14 10
39 21 7
39 24 3
39 25 3
39 27 3
39 28 5
39 30 3
39 32 4
39 35 1
40 6 7
40 7 5
40 10 2
40 13 7
40 14 3
40 15 4
40 17 8
40 24 3
40 27 1
40 28 1
40 30 4
40 31 9
40 32 9
40 33 7
40 36 10
40 38 3
40 39 5
41 0 10
41 4 8
41 5 1
41 6 1
41 7 5
41 9 10
41 10 6
41 11 3
41 12 3
41 13 5
41 15 1
41 16 8
41 17 5
41 21 4
41 22 1
41 24 2
41 25 1
41 26 4
41 27 4
41 28 4
41 30 7
41 31 6
41 32 1
41 34 5
41 38 5
41 39 5
41 40 8
42 1 3
42 3 8
42 4 3
42 5 2
42 8 4
42 11 9
42 14 7
42 15 4
42 16 10
42 17 9
42 19 7
42 20 3
42 21 10
42 22 7
42 23 6
42 25 4
42 26 9
42 27 3
42 28 4
42 30 3
42 31 5
42 32 9
42 33 7
42 34 8
42 36 7
42 37 8
42 38 8
43 1 3
43 4 5
43 5 8
43 6 6
43 8 6
43 9 9
43 10 2
43 11 8
43 13 6
43 14 8
43 15 6
43 17 6
43 19 5
43 21 7
43 22 6
43 26 7
43 27 7
43 31 1
43 32 8
43 33 4
43 34 6
43 35 7
43 38 6
43 39 10
43 40 2
43 42 2
44 2 5
44 3 9
44 5 5
44 7 8
44 12 4
44 15 1
44 18 5
44 22 5
44 23 6
44 24 8
44 27 10
44 28 5
44 29 1
44 34 5
44 36 5
44 37 1
44 41 9
44 42 1
44 43 2
45 0 9
45 2 4
45 3 7
45 4 8
45 5 7
45 12 3
45 14 10
45 17 8
45 21 7
45 22 9
45 23 6
45 26 4
45 27 1
45 29 6
45 33 9
45 35 7
45 36 8
45 37 5
45 40 9
45 42 6
45 43 8
45 44 8
46 1 5
46 2 10
46 3 9
46 6 6
46 8 10
46 9 4
46 10 7
46 11 1
46 13 1
46 14 6
46 15 8
46 19 7
46 23 3
46 24 8
46 25 9
46 26 5
46 29 4
46 31 3
46 32 9
46 33 7
46 34 7
46 36 8
46 42 2
46 43 1
46 44 6
46 45 6
47 2 2
47 5 8
47 6 9
47 9 2
47 10 1
47 11 5
47 12 8
47 17 5
47 19 5
47 22 4
47 23 2
47 25 8
47 27 10
47 28 10
47 29 2
47 30 7
47 35 1
47 36 2
47 39 4
47 41 9
47 42 2
47 43 5
47 44 2
47 45 7
48 5 4
48 6 1
48 8 5
48 10 4
48 11 4
48 13 2
48 14 1
48 16 7
48 18 7
48 19 9
48 22 8
48 23 1
48 24 3
48 25 10
48 27 3
48 28 8
48 30 4
48 33 9
48 35 1
48 36 1
48 38 3
48 40 1
48 41 9
48 42 9
48 43 5
48 45 4
49 2 6
49 3 5
49 4 3
49 5 1
49 6 7
49 8 2
49 10 7
49 11 7
49 13 9
49 16 7
49 17 6
49 19 4
49 21 3
49 22 10
49 25 6
49 26 10
49 28 9
49 31 2
49 33 4
49 34 6
49 35 10
49 37 7
49 40 4
49 42 2
49 43 1
49 46 6
49 47 2
49 48 1
50 1 1
50 3 7
50 5 1
50 6 5
50 7 6
50 10 9
50 14 10
50 16 10
50 18 3
50 19 4
50 22 4
50 23 3
50 24 8
50 25 7
50 30 10
50 31 8
50 32 2
50 33 4
50 34 4
50 35 10
50 37 3
50 38 3
50 45 3
50 48 7
51 4 5
51 5 8
51 6 6
51 7 3
51 8 3
51 9 10
51 11 5
51 12 8
51 16 4
51 17 10
51 18 1
51 20 1
51 21 2
51 23 10
51 24 7
51 25 5
51 26 1
51 31 8
51 34 9
51 37 4
51 41 6
51 42 4
51 44 4
52 0 5
52 1 4
52 4 1
52 7 3
52 9 7
52 10 1
52 13 10
52 14 5
52 16 3
52 17 2
52 20 5
52 21 2
52 22 1
52 23 2
52 26 2
52 27 7
52 28 3
52 29 3
52 31 6
52 33 10
52 34 1
52 35 4
52 40 10
52 44 4
52 45 4
52 46 1
52 48 5
52 51 7
53 0 5
53 14 5
53 15 9
53 16 10
53 21 9
53 23 7
53 25 7
53 26 7
53 27 9
53 28 7
53 29 9
53 30 3
53 34 5
53 37 9
53 38 4
53 41 9
53 43 7
53 46 7
53 48 10
53 50 10
53 51 6
54 0 8
54 1 2
54 4 5
54 5 3
54 13 7
54 14 4
54 20 5
54 21 6
54 22 5
54 24 1
54 25 2
54 28 6
54 29 7
54 34 8
54 35 5
54 36 7
54 38 10
54 39 7
54 40 5
54 41 5
54 43 3
54 45 10
54 49 3
54 51 8
54 52 7
55 2 8
55 3 10
55 4 7
55 5 6
55 6 7
55 11 8
55 12 10
55 13 4
55 15 6
55 16 1
55 17 10
55 18 3
55 19 10
55 22 10
55 28 2
55 29 6
55 33 10
55 34 5
55 35 1
55 38 4
55 39 2
55 40 5
55 41 1
55 43 1
55 45 3
55 50 3
55 51 7
55 52 10
55 53 8
56 1 4
56 2 9
56 3 7
56 4 6
56 8 10
56 11 8
56 15 5
56 17 8
56 19 8
56 23 5
56 25 8
56 26 8
56 30 10
56 34 9
56 35 4
56 36 8
56 37 7
56 39 2
56 40 10
56 41 5
56 44 6
56 46 5
56 47 9
56 48 9
56 49 9
56 51 9
56 52 1
56 53 10
56 54 6
56 55 8
57 1 1
57 2 9
57 6 3
57 8 8
57 10 3
57 11 6
57 12 10
57 16 4
57 17 5
57 19 5
57 20 4
57 22 7
57 23 10
57 31 2
57 33 7
57 34 8
57 35 1
57 36 10
57 39 5
57 40 8
57 41 5
57 42 8
57 43 6
57 44 2
57 46 10
57 47 2
57 48 8
57 49 3
57 51 6
57 55 1
58 1 6
58 4 10
58 5 3
58 6 7
58 7 9
58 8 7
58 10 1
58 11 5
58 12 10
58 13 3
58 15 10
58 16 10
58 21 7
58 22 9
58 28 4
58 33 9
58 35 9
58 36 10
58 37 2
58 38 10
58 43 5
58 51 7
58 52 3
58 53 5
59 4 5
59 5 3
59 6 7
59 7 1
59 12 10
59 13 2
59 14 2
59 15 5
59 16 2
59 17 4
59 20 7
59 24 4
59 27 4
59 32 6
59 34 10
59 35 5
59 37 10
59 38 6
59 39 10
59 40 7
59 41 10
59 44 2
59 45 6
59 46 1
59 48 4
59 50 8
59 52 9
59 54 9
59 56 7
59 57 5
59 58 6
60 0 9
60 2 1
60 3 4
60 4 4
60 7 1
60 11 2
60 12 1
60 14 1
60 15 10
60 17 10
60 22 3
60 23 2
60 24 5
60 25 2
60 26 6
60 29 7
60 30 7
60 31 9
60 32 5
60 33 1
60 34 6
60 35 4
60 42 2
60 43 9
60 46 6
60 48 8
60 51 9
60 52 10
60 59 9
61 0 10
61 1 4
61 4 7
61 6 5
61 7 2
61 10 2
61 16 6
61 19 7
61 23 9
61 25 7
61 26 7
61 30 3
61 31 10
61 33 7
61 34 3
61 35 5
61 38 5
61 40 4
61 41 6
61 42 2
61 43 10
61 44 7
61 45 2
61 46 2
61 47 10
61 48 8
61 51 6
61 53 2
61 54 7
61 55 4
61 56 9
61 57 2
61 60 1
62 0 5
62 2 6
62 5 4
62 6 2
62 7 4
62 9 6
62 10 10
62 11 3
62 12 10
62 14 6
62 16 3
62 17 10
62 19 6
62 21 4
62 22 6
62 23 7
62 24 8
62 25 9
62 26 5
62 27 8
62 28 5
62 33 7
62 35 2
62 36 5
62 37 8
62 40 1
62 42 8
62 43 6
62 44 2
62 48 4
62 50 1
62 51 3
62 52 2
62 54 1
62 55 2
62 56 3
62 57 9
62 58 8
62 59 1
62 60 2
62 61 10
63 0 5
63 2 3
63 3 10
63 4 1
63 5 3
63 9 4
63 10 5
63 11 6
63 12 10
63 16 9
63 18 8
63 20 2
63 22 4
63 23 2
63 28 6
63 29 5
63 35 1
63 36 7
63 37 7
63 43 8
63 44 2
63 47 8
63 48 4
63 49 2
63 50 7
63 51 3
63 52 7
63 55 6
63 56 5
63 60 7
63 61 3
64 0 6
64 2 8
64 4 1
64 6 7
64 9 10
64 10 4
64 11 6
64 12 10
64 13 6
64 15 6
64 16 9
64 18 8
64 20 8
64 21 10
64 22 9
64 24 6
64 28 2
64 29 4
64 31 6
64 34 3
64 35 9
64 37 10
64 38 4
64 39 1
64 40 8
64 45 2
64 46 5
64 47 9
64 48 10
64 49 6
64 50 8
64 51 6
64 54 1
64 56 7
64 58 1
64 59 6
64 62 10
64 63 2
65 2 5
65 3 4
65 7 3
65 8 1
65 11 8
65 12 3
65 14 6
65 15 2
65 16 9
65 17 8
65 19 10
65 21 4
65 23 5
65 24 5
65 26 6
65 30 9
65 31 3
65 32 7
65 35 7
65 36 1
65 39 5
65 41 6
65 42 6
65 43 1
65 44 4
65 46 6
65 48 2
65 52 5
65 53 6
65 57 8
65 58 8
65 60 10
65 62 9
66 1 1
66 4 1
66 6 2
66 7 1
66 8 10
66 9 5
66 12 8
66 13 2
66 15 9
66 16 6
66 18 6
66 19 10
66 22 3
66 24 3
66 25 9
66 29 9
66 30 5
66 31 9
66 32 6
66 33 2
66 36 2
66 37 2
66 39 6
66 41 6
66 43 7
66 45 6
66 48 7
66 50 5
66 54 8
66 56 8
66 60 3
66 62 5
66 63 2
66 64 5
66 65 3
67 0 8
67 3 1
67 5 5
67 9 7
67 11 2
67 15 10
67 16 8
67 17 5
67 20 9
67 21 1
67 22 8
67 26 3
67 27 3
67 28 2
67 29 6
67 30 8
67 31 10
67 33 7
67 35 8
67 36 1
67 37 5
67 38 10
67 39 3
67 40 10
67 41 10
67 44 5
67 45 10
67 46 10
67 49 7
67 50 2
67 51 5
67 53 8
67 54 2
67 56 5
67 60 4
67 61 1
67 64 7
68 1 4
68 4 4
68 5 3
68 6 6
68 11 7
68 12 8
68 13 6
68 14 8
68 15 2
68 16 5
68 17 1
68 19 1
68 20 3
68 27 9
68 30 2
68 31 9
68 32 1
68 33 8
68 34 6
68 39 10
68 40 10
68 41 7
68 44 8
68 48 3
68 49 8
68 50 5
68 52 4
68 53 9
68 54 8
68 55 6
68 56 1
68 57 6
68 59 5
68 60 10
68 62 4
68 63 10
68 64 3
68 65 9
68 66 10
68 67 10
69 1 6
69 3 7
69 4 4
69 6 4
69 9 1
69 11 6
69 13 6
69 18 3
69 19 1
69 20 2
69 23 6
69 24 6
69 25 9
69 26 10
69 28 2
69 30 6
69 34 9
69 38 9
69 40 6
69 41 10
69 43 5
69 44 5
69 45 1
69 46 4
69 48 1
69 51 3
69 54 8
69 59 10
69 60 1
69 61 2
69 63 1
69 64 2
69 66 3
69 67 8
69 68 7
