30
1 0 139
2 0 79
2 1 21
3 0 148
3 1 140
3 2 114
4 0 34
4 1 55
4 3 141
5 0 149
5 1 74
5 3 114
5 4 124
6 2 131
6 4 104
6 5 150
7 2 97
7 3 23
7 4 113
7 5 114
7 6 51
8 0 126
8 2 69
8 3 118
8 4 6
8 5 128
8 6 84
9 0 18
9 1 4
9 2 6
9 3 125
9 4 52
9 5 57
9 6 13
9 7 78
9 8 61
10 0 82
10 1 152
10 2 88
10 4 104
10 5 53
10 6 114
10 7 17
10 8 82
11 1 157
11 2 118
11 3 72
11 4 156
11 5 27
11 6 4
11 7 85
11 9 35
11 10 159
12 1 48
12 2 15
12 3 146
12 4 49
12 5 89
12 6 63
12 8 96
12 11 9
13 0 43
13 1 57
13 2 44
13 3 74
13 4 150
13 5 160
13 6 47
13 7 37
13 8 3
13 9 155
13 10 53
13 12 144
14 0 108
14 2 20
14 3 57
14 4 55
14 5 141
14 6 31
14 7 55
14 8 6
14 9 9
14 10 82
14 11 155
15 0 7
15 2 7
15 3 68
15 5 94
15 6 49
15 8 12
15 10 38
15 11 41
15 14 35
16 1 33
16 2 10
16 3 71
16 4 40
16 5 146
16 6 67
16 8 122
16 9 47
16 10 61
16 11 6
16 12 53
16 13 51
16 14 103
17 0 78
17 1 3
17 2 69
17 3 91
17 4 52
17 5 17
17 7 20
17 8 28
17 9 49
17 12 59
17 13 157
17 14 31
18 0 103
18 2 159
18 3 152
18 4 131
18 5 149
18 6 59
18 7 60
18 8 86
18 10 63
18 11 74
18 13 140
18 14 73
18 15 128
18 16 157
18 17 126
19 0 14
19 1 47
19 2 155
19 3 23
19 4 10
19 5 141
19 6 11
19 8 33
19 9 92
19 11 109
19 12 102
19 13 106
19 14 83
19 15 126
19 16 30
20 0 28
20 1 92
20 2 135
20 3 149
20 4 44
20 6 142
20 7 16
20 8 46
20 9 141
20 10 28
20 11 7
20 12 150
20 13 67
20 14 85
20 15 139
20 16 135
20 17 79
20 18 72
20 19 21
21 1 157
21 3 88
21 4 147
21 5 141
21 6 69
21 8 120
21 9 48
21 11 6
21 12 159
21 13 123
21 15 36
21 16 143
21 18 138
21 19 43
21 20 70
22 0 21
22 1 37
22 2 3
22 3 93
22 4 40
22 5 76
22 6 118
22 7 111
22 8 73
22 9 158
22 10 46
22 11 93
22 12 48
22 13 90
22 14 100
22 15 116
22 16 95
22 17 158
22 19 103
22 21 68
23 0 19
23 1 97
23 3 110
23 4 87
23 5 50
23 6 50
23 8 117
23 9 160
23 11 7
23 12 86
23 13 108
23 15 141
23 17 31
23 18 160
23 19 75
23 20 139
23 21 95
23 22 21
24 0 128
24 1 155
24 2 115
24 4 132
24 5 108
24 6 82
24 8 114
24 9 70
24 10 103
24 11 102
24 12 64
24 13 25
24 14 11
24 15 152
24 16 29
24 19 37
24 20 50
24 21 128
24 22 142
25 1 154
25 2 6
25 3 23
25 4 138
25 5 60
25 7 70
25 8 68
25 9 124
25 10 146
25 11 88
25 12 71
25 13 101
25 14 97
25 15 113
25 16 153
25 17 134
25 19 131
25 20 24
25 21 65
25 22 15
25 23 51
25 24 121
26 1 110
26 3 63
26 4 125
26 5 122
26 6 131
26 7 143
26 9 29
26 11 93
26 13 50
26 14 85
26 15 14
26 16 131
26 17 130
26 18 81
26 19 62
26 20 153
26 22 107
26 23 112
26 25 97
27 0 8
27 1 66
27 2 44
27 3 39
27 5 40
27 6 139
27 7 41
27 9 133
27 11 110
27 12 60
27 13 93
27 15 143
27 16 135
27 17 158
27 18 25
27 21 111
27 22 54
27 23 87
27 24 115
27 25 157
27 26 87
28 0 113
28 1 94
28 2 159
28 3 12
28 4 138
28 7 83
28 8 124
28 10 37
28 11 107
28 13 67
28 14 146
28 15 87
28 16 155
28 17 160
28 18 112
28 20 114
28 21 77
28 22 97
28 23 104
28 24 49
28 25 91
28 26 40
29 0 39
29 1 64
29 2 68
29 5 22
29 6 52
29 7 137
29 8 89
29 9 92
29 10 97
29 12 43
29 13 139
29 14 124
29 15 84
29 17 88
29 18 61
29 19 49
29 20 36
29 21 56
29 23 23
29 24 88
29 25 132
29 27 92
29 28 40
