50
1 0 2
2 0 26
2 1 2
3 0 36
3 1 22
3 2 1
4 0 33
4 1 17
4 2 38
4 3 37
5 0 1
5 1 12
5 2 3
5 3 25
5 4 24
6 0 4
6 1 40
6 2 21
6 3 3
6 4 28
6 5 25
7 0 18
7 1 22
7 2 11
7 3 2
7 4 36
7 5 29
7 6 9
8 0 39
8 1 32
8 2 38
8 3 27
8 4 34
8 5 8
8 6 30
8 7 5
9 0 34
9 1 25
9 2 3
9 3 9
9 4 39
9 5 10
9 6 38
9 7 35
9 8 20
10 0 12
10 1 19
10 2 38
10 3 34
10 4 33
10 5 30
10 6 16
10 7 25
10 8 8
10 9 13
11 0 39
11 1 8
11 2 36
11 3 34
11 4 32
11 5 9
11 6 10
11 7 9
11 8 25
11 9 33
11 10 12
12 0 26
12 1 40
12 2 26
12 3 5
12 4 36
12 5 18
12 6 28
12 7 2
12 8 39
12 9 2
12 10 27
12 11 27
13 0 12
13 1 11
13 2 16
13 3 20
13 4 13
13 5 17
13 6 26
13 7 40
13 8 36
13 9 10
13 10 37
13 11 38
13 12 19
14 0 30
14 1 28
14 2 23
14 3 5
14 4 2
14 5 28
14 6 37
14 7 29
14 8 25
14 9 9
14 10 6
14 11 1
14 12 39
14 13 4
15 0 8
15 1 15
15 2 37
15 3 1
15 4 22
15 5 9
15 6 39
15 7 3
15 8 12
15 9 35
15 10 9
15 11 3
15 12 22
15 13 34
15 14 1
16 0 19
16 1 39
16 2 8
16 3 21
16 4 35
16 5 14
16 6 3
16 7 6
16 8 8
16 9 31
16 10 39
16 11 12
16 12 11
16 13 10
16 14 13
16 15 27
17 0 9
17 1 36
17 2 32
17 3 29
17 4 4
17 5 38
17 6 12
17 7 18
17 8 17
17 9 4
17 10 5
17 11 12
17 12 39
17 13 38
17 14 24
17 15 7
17 16 12
18 0 31
18 1 22
18 2 23
18 3 14
18 4 29
18 5 4
18 6 19
18 7 15
18 8 7
18 9 32
18 10 12
18 11 12
18 12 33
18 13 3
18 14 15
18 15 25
18 16 31
18 17 26
19 0 29
19 1 28
19 2 36
19 3 37
19 4 20
19 5 25
19 6 34
19 7 39
19 8 11
19 9 15
19 10 24
19 11 28
19 12 17
19 13 23
19 14 37
19 15 27
19 16 18
19 17 12
19 18 14
20 0 13
20 1 40
20 2 1
20 3 36
20 4 15
20 5 37
20 6 37
20 7 39
20 8 19
20 9 30
20 10 27
20 11 26
20 12 21
20 13 3
20 14 20
20 15 18
20 16 9
20 17 8
20 18 32
20 19 16
21 0 35
21 1 24
21 2 28
21 3 5
21 4 13
21 5 14
21 6 21
21 7 30
21 8 19
21 9 20
21 10 39
21 11 14
21 12 10
21 13 38
21 14 8
21 15 7
21 16 9
21 17 15
21 18 18
21 19 21
21 20 40
22 0 8
22 1 3
22 2 20
22 3 24
22 4 37
22 5 15
22 6 18
22 7 18
22 8 36
22 9 16
22 10 23
22 11 6
22 12 25
22 13 6
22 14 8
22 15 22
22 16 6
22 17 36
22 18 3
22 19 10
22 20 38
22 21 40
23 0 6
23 1 8
23 2 30
23 3 18
23 4 22
23 5 17
23 6 24
23 7 7
23 8 33
23 9 31
23 10 31
23 11 6
23 12 12
23 13 2
23 14 1
23 15 32
23 16 26
23 17 16
23 18 40
23 19 29
23 20 35
23 21 20
23 22 16
24 0 7
24 1 22
24 2 39
24 3 27
24 4 12
24 5 13
24 6 36
24 7 30
24 8 31
24 9 17
24 10 32
24 11 33
24 12 15
24 13 31
24 14 5
24 15 9
24 16 31
24 17 26
24 18 2
24 19 2
24 20 16
24 21 1
24 22 17
24 23 36
25 0 11
25 1 17
25 2 32
25 3 1
25 4 10
25 5 22
25 6 16
25 7 26
25 8 33
25 9 32
25 10 34
25 11 12
25 12 23
25 13 10
25 14 19
25 15 16
25 16 38
25 17 40
25 18 11
25 19 26
25 20 37
25 21 31
25 22 37
25 23 20
25 24 31
26 0 10
26 1 24
26 2 4
26 3 29
26 4 22
26 5 4
26 6 25
26 7 27
26 8 30
26 9 31
26 10 15
26 11 2
26 12 16
26 13 16
26 14 25
26 15 9
26 16 18
26 17 31
26 18 29
26 19 15
26 20 39
26 21 21
26 22 40
26 23 33
26 24 31
26 25 38
27 0 23
27 1 36
27 2 19
27 3 11
27 4 8
27 5 36
27 6 1
27 7 4
27 8 16
27 9 39
27 10 17
27 11 26
27 12 30
27 13 31
27 14 4
27 15 7
27 16 12
27 17 8
27 18 30
27 19 28
27 20 2
27 21 33
27 22 27
27 23 34
27 24 3
27 25 14
27 26 33
28 0 21
28 1 1
28 2 27
28 3 21
28 4 22
28 5 30
28 6 10
28 7 32
28 8 35
28 9 18
28 10 23
28 11 26
28 12 19
28 13 23
28 14 14
28 15 37
28 16 11
28 17 7
28 18 21
28 19 17
28 20 1
28 21 33
28 22 8
28 23 11
28 24 17
28 25 40
28 26 40
28 27 12
29 0 10
29 1 26
29 2 31
29 3 8
29 4 9
29 5 13
29 6 11
29 7 40
29 8 30
29 9 40
29 10 24
29 11 18
29 12 6
29 13 30
29 14 7
29 15 36
29 16 18
29 17 23
29 18 27
29 19 37
29 20 7
29 21 6
29 22 22
29 23 35
29 24 36
29 25 23
29 26 13
29 27 39
29 28 2
30 0 32
30 1 14
30 2 29
30 3 22
30 4 35
30 5 29
30 6 24
30 7 5
30 8 39
30 9 8
30 10 26
30 11 18
30 12 32
30 13 21
30 14 38
30 15 22
30 16 31
30 17 22
30 18 19
30 19 34
30 20 13
30 21 39
30 22 29
30 23 40
30 24 4
30 25 21
30 26 38
30 27 16
30 28 31
30 29 4
31 0 4
31 1 36
31 2 39
31 3 4
31 4 30
31 5 7
31 6 8
31 7 28
31 8 19
31 9 35
31 10 10
31 11 12
31 12 24
31 13 9
31 14 5
31 15 4
31 16 18
31 17 40
31 18 15
31 19 19
31 20 1
31 21 1
31 22 32
31 23 30
31 24 2
31 25 9
31 26 22
31 27 21
31 28 7
31 29 19
31 30 6
32 0 28
32 1 40
32 2 16
32 3 6
32 4 21
32 5 23
32 6 31
32 7 3
32 8 34
32 9 1
32 10 25
32 11 17
32 12 2
32 13 25
32 14 30
32 15 13
32 16 7
32 17 29
32 18 15
32 19 15
32 20 35
32 21 40
32 22 11
32 23 34
32 24 18
32 25 39
32 26 23
32 27 1
32 28 23
32 29 9
32 30 35
32 31 31
33 0 12
33 1 40
33 2 25
33 3 36
33 4 17
33 5 26
33 6 25
33 7 31
33 8 22
33 9 13
33 10 21
33 11 30
33 12 40
33 13 35
33 14 10
33 15 6
33 16 34
33 17 39
33 18 32
33 19 23
33 20 15
33 21 23
33 22 10
33 23 5
33 24 36
33 25 27
33 26 16
33 27 40
33 28 36
33 29 23
33 30 23
33 31 37
33 32 21
34 0 17
34 1 25
34 2 28
34 3 15
34 4 23
34 5 4
34 6 12
34 7 24
34 8 40
34 9 1
34 10 14
34 11 8
34 12 1
34 13 30
34 14 22
34 15 37
34 16 32
34 17 3
34 18 26
34 19 29
34 20 22
34 21 13
34 22 40
34 23 25
34 24 20
34 25 4
34 26 31
34 27 16
34 28 27
34 29 3
34 30 8
34 31 35
34 32 16
34 33 35
35 0 35
35 1 11
35 2 3
35 3 39
35 4 15
35 5 35
35 6 13
35 7 13
35 8 7
35 9 22
35 10 39
35 11 26
35 12 25
35 13 6
35 14 3
35 15 7
35 16 40
35 17 4
35 18 10
35 19 4
35 20 20
35 21 13
35 22 33
35 23 24
35 24 12
35 25 3
35 26 27
35 27 40
35 28 8
35 29 3
35 30 32
35 31 25
35 32 14
35 33 29
35 34 32
36 0 37
36 1 8
36 2 21
36 3 38
36 4 33
36 5 30
36 6 9
36 7 32
36 8 2
36 9 19
36 10 32
36 11 36
36 12 22
36 13 26
36 14 22
36 15 16
36 16 25
36 17 3
36 18 10
36 19 36
36 20 24
36 21 11
36 22 16
36 23 16
36 24 11
36 25 23
36 26 21
36 27 7
36 28 16
36 29 32
36 30 15
36 31 12
36 32 35
36 33 23
36 34 19
36 35 40
37 0 18
37 1 13
37 2 4
37 3 33
37 4 6
37 5 9
37 6 2
37 7 19
37 8 23
37 9 9
37 10 18
37 11 5
37 12 2
37 13 28
37 14 25
37 15 35
37 16 5
37 17 35
37 18 30
37 19 8
37 20 30
37 21 32
37 22 27
37 23 23
37 24 12
37 25 11
37 26 16
37 27 38
37 28 17
37 29 24
37 30 34
37 31 33
37 32 7
37 33 20
37 34 6
37 35 9
37 36 28
38 0 32
38 1 9
38 2 40
38 3 37
38 4 34
38 5 33
38 6 29
38 7 33
38 8 25
38 9 40
38 10 22
38 11 35
38 12 29
38 13 31
38 14 39
38 15 17
38 16 11
38 17 18
38 18 22
38 19 18
38 20 15
38 21 32
38 22 32
38 23 11
38 24 26
38 25 13
38 26 39
38 27 11
38 28 17
38 29 33
38 30 9
38 31 16
38 32 37
38 33 18
38 34 24
38 35 3
38 36 40
38 37 34
39 0 30
39 1 7
39 2 16
39 3 32
39 4 18
39 5 24
39 6 33
39 7 34
39 8 37
39 9 38
39 10 2
39 11 27
39 12 1
39 13 17
39 14 39
39 15 39
39 16 21
39 17 22
39 18 14
39 19 22
39 20 4
39 21 34
39 22 17
39 23 20
39 24 34
39 25 8
39 26 39
39 27 35
39 28 7
39 29 24
39 30 16
39 31 7
39 32 30
39 33 23
39 34 26
39 35 22
39 36 23
39 37 24
39 38 16
40 0 19
40 1 25
40 2 3
40 3 31
40 4 19
40 5 7
40 6 27
40 7 6
40 8 40
40 9 12
40 10 14
40 11 16
40 12 23
40 13 34
40 14 8
40 15 5
40 16 35
40 17 34
40 18 36
40 19 38
40 20 5
40 21 17
40 22 23
40 23 1
40 24 16
40 25 8
40 26 1
40 27 5
40 28 16
40 29 17
40 30 1
40 31 37
40 32 25
40 33 30
40 34 38
40 35 28
40 36 23
40 37 15
40 38 35
40 39 9
41 0 1
41 1 28
41 2 1
41 3 20
41 4 9
41 5 31
41 6 8
41 7 10
41 8 13
41 9 26
41 10 16
41 11 10
41 12 30
41 13 25
41 14 5
41 15 37
41 16 17
41 17 22
41 18 24
41 19 19
41 20 19
41 21 35
41 22 13
41 23 35
41 24 8
41 25 5
41 26 22
41 27 18
41 28 37
41 29 4
41 30 12
41 31 17
41 32 31
41 33 27
41 34 26
41 35 12
41 36 23
41 37 9
41 38 29
41 39 21
41 40 16
42 0 6
42 1 7
42 2 29
42 3 23
42 4 25
42 5 25
42 6 6
42 7 33
42 8 38
42 9 29
42 10 10
42 11 12
42 12 40
42 13 28
42 14 27
42 15 19
42 16 24
42 17 7
42 18 3
42 19 36
42 20 31
42 21 15
42 22 4
42 23 37
42 24 14
42 25 16
42 26 8
42 27 9
42 28 13
42 29 5
42 30 26
42 31 7
42 32 33
42 33 24
42 34 21
42 35 6
42 36 29
42 37 12
42 38 25
42 39 17
42 40 10
42 41 27
43 0 31
43 1 11
43 2 4
43 3 16
43 4 30
43 5 17
43 6 35
43 7 30
43 8 30
43 9 31
43 10 30
43 11 38
43 12 13
43 13 16
43 14 1
43 15 38
43 16 17
43 17 34
43 18 31
43 19 20
43 20 4
43 21 25
43 22 17
43 23 21
43 24 38
43 25 6
43 26 22
43 27 20
43 28 7
43 29 18
43 30 37
43 31 37
43 32 1
43 33 37
43 34 23
43 35 12
43 36 9
43 37 6
43 38 20
43 39 11
43 40 37
43 41 9
43 42 7
44 0 29
44 1 1
44 2 37
44 3 2
44 4 38
44 5 28
44 6 21
44 7 34
44 8 8
44 9 8
44 10 4
44 11 1
44 12 20
44 13 19
44 14 30
44 15 40
44 16 8
44 17 10
44 18 8
44 19 36
44 20 23
44 21 25
44 22 18
44 23 30
44 24 3
44 25 38
44 26 13
44 27 32
44 28 10
44 29 1
44 30 21
44 31 38
44 32 30
44 33 30
44 34 16
44 35 28
44 36 14
44 37 17
44 38 7
44 39 7
44 40 9
44 41 33
44 42 27
44 43 33
45 0 12
45 1 21
45 2 2
45 3 5
45 4 10
45 5 1
45 6 10
45 7 21
45 8 32
45 9 24
45 10 2
45 11 35
45 12 34
45 13 15
45 14 23
45 15 25
45 16 1
45 17 21
45 18 8
45 19 21
45 20 26
45 21 27
45 22 9
45 23 5
45 24 32
45 25 14
45 26 35
45 27 33
45 28 23
45 29 18
45 30 26
45 31 5
45 32 9
45 33 21
45 34 19
45 35 3
45 36 1
45 37 5
45 38 38
45 39 19
45 40 6
45 41 18
45 42 16
45 43 40
45 44 16
46 0 19
46 1 35
46 2 18
46 3 11
46 4 28
46 5 9
46 6 37
46 7 10
46 8 17
46 9 32
46 10 9
46 11 7
46 12 25
46 13 18
46 14 4
46 15 29
46 16 1
46 17 32
46 18 11
46 19 25
46 20 26
46 21 10
46 22 39
46 23 25
46 24 26
46 25 33
46 26 25
46 27 2
46 28 37
46 29 39
46 30 34
46 31 29
46 32 26
46 33 39
46 34 6
46 35 15
46 36 25
46 37 23
46 38 24
46 39 34
46 40 3
46 41 35
46 42 22
46 43 34
46 44 25
46 45 26
47 0 16
47 1 39
47 2 34
47 3 36
47 4 17
47 5 10
47 6 34
47 7 26
47 8 32
47 9 13
47 10 2
47 11 38
47 12 38
47 13 9
47 14 2
47 15 20
47 16 33
47 17 13
47 18 22
47 19 32
47 20 39
47 21 31
47 22 5
47 23 21
47 24 13
47 25 23
47 26 36
47 27 38
47 28 12
47 29 5
47 30 37
47 31 32
47 32 10
47 33 36
47 34 20
47 35 5
47 36 23
47 37 26
47 38 28
47 39 22
47 40 14
47 41 2
47 42 2
47 43 16
47 44 21
47 45 39
47 46 35
48 0 14
48 1 32
48 2 26
48 3 7
48 4 34
48 5 15
48 6 18
48 7 20
48 8 5
48 9 5
48 10 39
48 11 19
48 12 29
48 13 3
48 14 30
48 15 5
48 16 38
48 17 5
48 18 30
48 19 31
48 20 16
48 21 19
48 22 23
48 23 13
48 24 33
48 25 4
48 26 29
48 27 19
48 28 24
48 29 11
48 30 28
48 31 22
48 32 40
48 33 1
48 34 23
48 35 23
48 36 24
48 37 1
48 38 12
48 39 26
48 40 25
48 41 6
48 42 10
48 43 19
48 44 22
48 45 36
48 46 5
48 47 34
49 0 21
49 1 15
49 2 32
49 3 19
49 4 35
49 5 16
49 6 15
49 7 13
49 8 24
49 9 5
49 10 29
49 11 11
49 12 33
49 13 1
49 14 13
49 15 5
49 16 14
49 17 7
49 18 28
49 19 34
49 20 36
49 21 26
49 22 21
49 23 33
49 24 30
49 25 26
49 26 29
49 27 21
49 28 26
49 29 3
49 30 38
49 31 22
49 32 23
49 33 5
49 34 33
49 35 20
49 36 10
49 37 9
49 38 19
49 39 24
49 40 36
49 41 2
49 42 9
49 43 14
49 44 19
49 45 12
49 46 22
49 47 19
49 48 8
