60
2 0 10
2 1 12
3 1 10
3 2 18
4 0 17
4 1 17
4 2 17
5 0 10
5 2 12
5 4 15
6 2 7
6 3 2
6 4 8
6 5 17
7 0 6
7 4 3
8 0 16
8 1 18
8 2 6
8 3 12
8 4 1
8 5 9
8 7 5
9 0 20
9 6 14
9 7 3
9 8 2
10 0 14
10 5 20
10 6 8
10 7 9
11 4 13
11 5 8
11 6 17
11 7 19
12 3 2
12 4 14
12 5 17
12 6 6
12 7 15
12 9 12
12 10 3
12 11 13
13 1 20
13 3 6
13 4 11
13 5 8
13 12 10
14 0 2
14 1 10
14 4 7
14 5 2
14 12 14
14 13 16
15 1 18
15 4 14
15 6 14
15 8 5
15 9 17
15 11 9
15 12 12
15 13 18
15 14 7
16 0 4
16 2 2
16 4 3
16 5 5
16 6 16
16 7 17
16 8 18
16 9 2
16 10 14
16 12 6
16 13 18
16 15 20
17 1 2
17 2 8
17 3 11
17 4 9
17 11 17
18 2 1
18 3 14
18 4 12
18 7 17
18 9 2
18 10 7
18 11 11
18 12 2
18 13 6
18 15 1
18 17 4
19 0 14
19 1 3
19 2 3
19 3 19
19 4 18
19 5 13
19 8 17
19 9 6
19 10 16
19 16 18
20 0 11
20 2 18
20 3 6
20 4 1
20 5 18
20 6 2
20 8 9
20 10 17
20 16 4
20 17 9
20 18 11
20 19 10
21 4 9
21 7 4
21 8 11
21 9 17
21 10 6
21 14 9
21 15 5
21 16 16
21 18 10
21 19 15
22 1 11
22 2 14
22 8 15
22 9 16
22 10 10
22 14 12
22 16 7
22 17 5
22 20 7
22 21 14
23 1 4
23 5 12
23 6 18
23 7 9
23 9 17
23 15 14
23 19 16
23 20 19
23 21 7
24 1 11
24 2 9
24 3 13
24 4 10
24 5 12
24 6 16
24 9 5
24 10 2
24 11 11
24 12 4
24 13 11
24 14 2
24 15 12
24 16 17
24 17 10
24 18 3
24 22 3
24 23 8
25 0 5
25 4 3
25 5 2
25 8 4
25 10 20
25 12 13
25 13 4
25 14 15
25 16 3
25 17 6
25 19 19
25 21 4
26 4 12
26 5 16
26 6 16
26 8 16
26 9 14
26 10 13
26 11 7
26 12 19
26 13 12
26 14 17
26 15 13
26 16 9
26 18 14
26 20 16
26 24 5
27 0 16
27 2 13
27 3 1
27 8 19
27 14 7
27 18 13
28 1 6
28 2 13
28 3 1
28 6 5
28 8 4
28 10 3
28 11 20
28 12 2
28 13 4
28 15 13
28 16 20
28 20 11
28 21 7
28 22 8
28 23 10
28 24 15
29 0 18
29 2 3
29 3 12
29 4 13
29 6 12
29 9 17
29 10 11
29 11 18
29 12 12
29 17 15
29 20 15
29 21 11
29 22 8
29 23 8
29 25 6
29 27 1
29 28 3
30 2 1
30 3 15
30 4 7
30 7 2
30 10 19
30 12 20
30 13 10
30 15 2
30 19 6
30 20 14
30 21 16
30 22 17
30 25 17
30 27 9
30 29 12
31 1 17
31 2 14
31 3 5
31 6 14
31 7 18
31 8 4
31 10 12
31 11 6
31 12 3
31 14 8
31 19 7
31 21 13
31 22 10
31 23 13
31 24 13
31 26 7
31 28 2
32 0 16
32 1 2
32 2 10
32 4 19
32 7 5
32 9 12
32 11 10
32 14 6
32 15 4
32 16 8
32 17 1
32 21 6
32 24 10
32 27 8
32 29 10
33 0 4
33 3 3
33 5 3
33 8 15
33 9 8
33 10 6
33 17 20
33 18 15
33 20 18
33 21 17
33 22 19
33 24 13
33 25 4
33 26 20
33 27 18
33 31 10
34 1 4
34 2 20
34 3 10
34 9 15
34 10 2
34 13 20
34 14 8
34 19 4
34 20 1
34 21 3
34 23 12
34 25 6
34 27 4
34 30 12
34 32 8
35 5 6
35 9 7
35 11 10
35 13 1
35 15 6
35 18 1
35 22 16
35 26 12
35 27 3
35 28 19
35 29 6
35 31 3
35 32 6
36 2 11
36 9 11
36 12 3
36 13 9
36 15 20
36 16 18
36 21 10
36 22 20
36 26 7
36 27 12
36 30 15
36 31 12
36 32 11
36 33 7
36 35 10
37 0 20
37 1 8
37 2 15
37 5 7
37 6 9
37 7 20
37 8 12
37 10 1
37 14 4
37 16 8
37 17 9
37 19 3
37 21 9
37 22 1
37 23 15
37 26 5
37 27 18
37 28 19
37 31 14
37 33 20
37 34 19
37 35 20
37 36 11
38 0 5
38 1 14
38 2 18
38 4 11
38 5 15
38 11 9
38 13 18
38 14 11
38 16 8
38 17 10
38 18 10
38 19 20
38 20 10
38 21 1
38 23 13
38 24 15
38 27 8
38 30 19
38 34 14
38 35 4
39 0 10
39 1 15
39 2 14
39 3 8
39 7 12
39 9 15
39 10 4
39 12 15
39 13 4
39 14 4
39 15 3
39 17 15
39 21 1
39 22 10
39 23 19
39 25 8
39 28 6
39 29 2
39 31 18
39 32 13
39 35 17
39 37 12
39 38 12
40 0 10
40 2 8
40 6 9
40 12 17
40 13 1
40 14 7
40 15 6
40 20 1
40 21 7
40 22 3
40 24 14
40 27 6
40 29 1
40 30 2
40 32 11
40 33 14
40 34 6
40 36 8
40 37 5
40 39 4
41 0 3
41 2 14
41 3 9
41 4 3
41 5 5
41 6 8
41 11 7
41 12 5
41 15 19
41 17 1
41 20 3
41 25 8
41 32 6
41 33 4
41 34 5
41 35 15
41 39 16
42 2 20
42 4 12
42 6 14
42 8 1
42 11 17
42 16 8
42 18 19
42 21 3
42 22 17
42 23 9
42 24 10
42 25 20
42 28 3
42 29 15
42 30 4
42 31 9
42 35 2
42 37 7
42 38 4
42 39 6
42 41 17
43 0 9
43 1 1
43 2 8
43 3 9
43 4 13
43 5 15
43 7 2
43 10 13
43 11 15
43 13 8
43 16 5
43 18 2
43 19 12
43 23 13
43 27 16
43 29 12
43 39 16
43 40 2
43 41 6
43 42 11
44 0 15
44 1 10
44 4 14
44 6 13
44 8 4
44 9 6
44 12 13
44 13 9
44 16 14
44 19 5
44 21 5
44 24 18
44 26 19
44 27 20
44 29 15
44 30 10
44 32 16
44 36 9
44 37 5
44 39 5
44 41 12
44 42 12
44 43 3
45 3 7
45 6 8
45 9 18
45 11 4
45 13 2
45 15 1
45 16 2
45 17 7
45 19 19
45 20 17
45 22 5
45 23 9
45 24 18
45 28 6
45 30 13
45 32 3
45 33 13
45 34 20
45 35 20
45 38 2
45 39 11
45 40 17
45 41 15
45 42 4
45 44 12
46 1 6
46 4 18
46 7 2
46 8 15
46 10 3
46 11 5
46 16 15
46 17 10
46 18 16
46 19 13
46 20 9
46 24 12
46 27 5
46 28 7
46 29 4
46 30 13
46 32 6
46 33 20
46 34 3
46 37 4
46 38 8
46 40 5
46 42 18
46 43 6
46 44 6
46 45 10
47 1 16
47 3 6
47 4 20
47 5 4
47 8 5
47 9 18
47 10 11
47 15 11
47 16 1
47 20 13
47 21 16
47 22 13
47 23 3
47 25 8
47 29 14
47 32 4
47 33 5
47 36 5
47 37 13
47 41 14
47 42 5
47 44 2
48 0 7
48 2 10
48 6 16
48 8 12
48 10 3
48 16 16
48 18 2
48 20 11
48 21 1
48 23 7
48 24 2
48 25 15
48 26 12
48 27 3
48 29 11
48 30 1
48 31 19
48 33 4
48 34 7
48 38 19
48 40 3
48 43 13
48 44 3
48 46 14
48 47 9
49 0 13
49 5 16
49 8 1
49 9 3
49 11 11
49 12 1
49 13 8
49 15 3
49 16 9
49 19 5
49 21 5
49 25 3
49 33 15
49 34 18
49 35 9
49 41 20
49 42 2
49 45 16
49 46 3
49 47 13
49 48 4
50 3 6
50 5 11
50 6 5
50 7 6
50 10 1
50 11 6
50 13 17
50 14 4
50 22 4
50 25 14
50 31 11
50 35 7
50 36 19
50 40 20
50 42 10
50 45 11
50 47 8
50 48 10
51 0 10
51 1 5
51 2 20
51 3 9
51 4 14
51 6 1
51 9 7
51 11 12
51 12 11
51 13 14
51 16 13
51 20 12
51 21 19
51 22 17
51 23 1
51 24 10
51 25 10
51 26 18
51 28 20
51 29 9
51 33 9
51 35 7
51 38 9
51 39 20
51 40 1
51 48 3
51 49 14
51 50 12
52 2 2
52 3 18
52 5 5
52 8 15
52 10 11
52 13 5
52 15 2
52 17 4
52 21 13
52 24 11
52 25 18
52 26 3
52 28 12
52 29 16
52 31 5
52 32 9
52 35 8
52 36 20
52 37 11
52 38 3
52 39 16
52 40 19
52 41 7
52 42 13
52 43 10
52 45 7
52 48 3
52 51 14
53 0 2
53 1 19
53 2 3
53 3 20
53 4 8
53 6 13
53 7 1
53 8 15
53 11 15
53 12 13
53 20 5
53 21 17
53 22 7
53 23 19
53 24 17
53 26 19
53 27 7
53 28 4
53 29 6
53 30 15
53 31 4
53 34 1
53 35 20
53 36 19
53 37 12
53 38 11
53 42 8
53 44 17
53 45 13
53 46 12
53 48 18
53 50 12
53 51 2
54 1 9
54 3 18
54 4 11
54 6 20
54 7 8
54 8 17
54 9 10
54 10 6
54 12 2
54 13 1
54 15 11
54 16 14
54 21 19
54 23 1
54 25 6
54 28 16
54 35 4
54 37 9
54 40 2
54 42 7
54 45 8
54 47 9
54 50 4
55 2 15
55 6 15
55 9 18
55 11 13
55 13 9
55 14 16
55 15 20
55 16 10
55 17 9
55 20 5
55 27 20
55 28 1
55 33 15
55 34 7
55 36 1
55 39 8
55 40 20
55 41 6
55 43 11
55 45 17
55 46 1
55 48 13
55 49 2
55 51 6
55 53 4
55 54 15
56 6 20
56 8 7
56 9 9
56 12 12
56 13 5
56 14 1
56 15 18
56 16 15
56 19 1
56 20 17
56 22 11
56 26 11
56 29 6
56 31 4
56 32 3
56 34 2
56 36 2
56 37 7
56 38 11
56 40 8
56 47 7
56 48 5
56 49 14
56 50 11
56 52 7
56 55 4
57 2 15
57 3 5
57 4 18
57 5 10
57 9 11
57 11 1
57 14 14
57 16 5
57 17 19
57 20 8
57 22 20
57 24 7
57 26 12
57 29 16
57 31 8
57 33 5
57 34 7
57 35 18
57 41 4
57 42 8
57 43 9
57 44 10
57 46 9
57 47 12
57 49 16
57 50 7
57 51 11
57 53 3
57 54 8
57 56 8
58 8 10
58 10 1
58 12 20
58 14 12
58 15 15
58 18 7
58 19 5
58 20 5
58 22 8
58 23 10
58 25 19
58 27 3
58 30 9
58 31 7
58 34 20
58 35 17
58 38 5
58 39 5
58 42 2
58 44 11
58 45 18
58 49 11
58 51 17
58 52 18
58 53 19
58 56 16
58 57 10
59 0 7
59 8 11
59 9 12
59 13 8
59 14 2
59 15 14
59 16 8
59 17 14
59 18 16
59 20 11
59 24 17
59 25 12
59 26 6
59 29 6
59 30 12
59 32 16
59 33 19
59 35 5
59 37 18
59 39 4
59 44 18
59 48 20
59 49 3
59 50 18
59 51 2
59 54 9
59 56 3
59 57 8
59 58 2
