40
1 0 9
2 1 36
3 2 2
4 1 12
4 2 22
4 3 19
5 3 33
5 4 7
6 1 15
6 3 40
6 5 35
7 0 15
7 1 23
7 2 12
7 3 34
7 6 23
8 3 4
8 4 22
8 5 13
8 7 19
9 5 22
9 6 27
9 7 5
10 2 26
10 4 26
10 7 32
10 9 21
11 1 3
11 2 22
11 3 29
11 6 9
11 8 14
11 10 2
12 0 6
12 1 3
12 8 20
12 10 5
12 11 9
13 1 28
13 2 13
13 5 22
13 7 11
13 8 7
14 0 18
14 5 32
14 6 14
14 8 6
14 11 13
14 12 24
15 1 33
15 2 34
15 3 29
15 5 40
15 6 27
15 9 26
15 10 22
15 11 12
15 12 28
15 14 13
16 0 36
16 1 12
16 2 31
16 3 14
16 4 38
16 5 5
16 10 37
16 12 22
16 13 30
16 14 33
17 3 12
17 4 24
17 7 9
17 10 14
17 11 7
17 12 6
17 15 31
17 16 24
18 0 25
18 4 39
18 12 11
18 13 36
18 14 28
18 15 13
19 1 28
19 2 38
19 6 1
19 8 22
19 11 40
19 12 5
19 16 33
19 18 35
20 0 40
20 2 35
20 3 28
20 5 34
20 6 12
20 7 33
20 8 22
20 9 36
20 10 25
20 13 13
20 16 33
20 17 32
20 19 22
21 0 32
21 2 14
21 6 21
21 7 39
21 8 22
21 11 6
21 12 7
21 15 19
21 16 20
21 19 35
22 0 37
22 3 25
22 5 12
22 10 18
22 13 18
22 14 18
22 16 26
22 17 11
22 18 4
22 19 8
23 0 38
23 1 4
23 3 28
23 5 2
23 6 13
23 7 23
23 8 39
23 9 25
23 10 30
23 11 25
23 13 3
23 17 32
23 18 8
23 19 30
23 22 38
24 3 11
24 6 32
24 8 14
24 10 39
24 12 3
24 13 25
24 16 20
24 18 16
24 20 16
24 23 18
25 0 29
25 4 38
25 6 35
25 9 1
25 11 13
25 15 38
25 16 36
25 19 3
25 23 15
25 24 9
26 1 33
26 2 21
26 3 11
26 4 25
26 7 27
26 8 24
26 9 34
26 12 29
26 13 37
26 15 21
26 16 10
26 17 1
26 20 21
26 21 18
26 25 37
27 0 7
27 2 8
27 4 21
27 7 37
27 9 39
27 11 4
27 12 25
27 16 35
27 18 30
27 22 32
27 25 16
27 26 28
28 0 14
28 3 13
28 5 26
28 7 25
28 10 6
28 11 23
28 15 33
28 17 35
28 18 40
28 19 35
28 20 12
28 22 39
28 24 12
28 26 13
29 1 20
29 4 40
29 7 20
29 8 12
29 9 16
29 10 11
29 18 8
29 20 33
29 22 33
29 23 27
29 24 36
29 25 36
29 26 8
29 27 13
29 28 39
30 3 32
30 4 29
30 6 26
30 9 8
30 10 24
30 11 26
30 12 11
30 13 21
30 15 31
30 16 19
30 17 6
30 19 11
30 21 5
30 22 29
30 23 30
30 28 39
30 29 29
31 0 36
31 6 11
31 7 19
31 8 1
31 9 1
31 11 31
31 14 10
31 17 20
31 19 30
31 21 29
31 22 23
31 24 32
31 25 21
31 26 32
31 28 5
31 30 19
32 0 34
32 1 37
32 4 6
32 6 14
32 7 37
32 8 19
32 10 18
32 11 27
32 13 24
32 15 20
32 18 1
32 20 11
32 21 22
32 22 34
32 24 31
32 26 1
32 30 35
33 0 18
33 2 25
33 3 2
33 5 11
33 6 14
33 7 35
33 8 34
33 12 15
33 13 10
33 15 10
33 17 32
33 23 35
33 24 28
33 26 36
33 28 15
33 31 7
33 32 17
34 4 6
34 10 21
34 11 20
34 13 33
34 15 21
34 16 15
34 18 23
34 20 11
34 22 33
34 23 18
34 26 24
34 27 36
34 28 22
34 29 1
34 30 3
34 31 22
35 1 23
35 2 2
35 6 15
35 7 4
35 8 1
35 9 18
35 11 30
35 12 33
35 13 19
35 14 32
35 15 30
35 16 33
35 17 9
35 20 35
35 21 29
35 22 8
35 23 38
35 24 38
35 25 23
35 27 1
35 28 23
35 29 4
35 30 32
36 4 4
36 7 31
36 12 7
36 16 34
36 17 16
36 18 37
36 19 9
36 23 29
36 25 13
36 26 1
36 27 23
36 28 3
36 30 15
36 31 35
36 34 13
36 35 20
37 0 23
37 1 11
37 3 17
37 7 10
37 9 9
37 10 14
37 12 3
37 17 13
37 19 9
37 20 37
37 25 17
37 28 38
37 30 3
37 31 40
38 0 37
38 1 20
38 3 31
38 4 24
38 7 11
38 8 35
38 9 2
38 10 37
38 11 12
38 13 37
38 14 30
38 17 20
38 20 1
38 22 7
38 25 22
38 27 3
38 28 28
38 29 8
38 31 28
38 32 13
38 33 5
38 34 2
38 35 34
38 36 30
39 1 28
39 3 8
39 4 27
39 5 27
39 6 40
39 8 10
39 9 36
39 11 12
39 14 13
39 15 21
39 16 13
39 17 5
39 22 2
39 23 23
39 24 40
39 26 20
39 29 29
39 30 21
39 31 34
39 35 1
