40
3 1 38
4 3 25
6 2 7
8 4 57
9 1 4
9 4 44
10 5 76
10 7 28
11 7 69
11 8 12
14 9 21
15 12 61
16 2 48
16 7 29
17 8 26
18 6 61
18 10 78
19 5 36
19 13 27
20 0 80
20 14 76
21 11 38
21 17 58
21 18 71
23 1 19
23 2 61
23 21 37
24 4 52
24 20 25
25 6 2
25 12 25
25 14 17
26 5 27
26 16 52
26 18 56
27 3 9
27 4 7
27 9 28
27 26 71
28 12 12
29 10 33
29 17 72
29 18 79
29 20 50
30 11 60
31 2 6
31 9 15
31 27 24
32 12 74
32 16 51
32 20 31
33 15 52
33 28 32
33 29 43
34 8 5
34 14 69
34 33 79
35 15 56
35 16 20
36 15 41
36 23 26
36 34 72
37 29 29
37 31 21
37 34 27
37 36 60
38 12 14
38 17 38
38 19 31
39 9 25
39 11 38
39 14 66
39 15 72
