30
2 0 194
3 0 147
3 1 194
3 2 43
4 1 256
4 3 174
5 0 141
5 1 122
5 2 111
6 0 245
6 2 140
6 3 266
7 0 85
7 1 106
7 4 183
7 5 227
8 0 269
8 1 54
8 2 129
8 5 115
8 6 273
9 0 315
9 3 267
9 5 118
9 6 176
9 7 36
10 0 29
10 2 145
10 5 143
10 6 230
10 9 63
11 0 219
11 1 184
11 5 230
11 6 26
11 7 186
11 8 248
11 10 244
12 2 50
12 4 152
12 5 232
12 6 269
12 7 69
12 8 199
12 9 32
12 10 112
12 11 101
13 4 15
13 7 213
13 8 230
13 9 277
13 10 2
14 1 209
14 2 139
14 3 112
14 8 229
14 11 27
14 12 248
15 0 207
15 6 189
15 11 285
15 14 3
16 0 150
16 1 126
16 2 106
16 4 130
16 5 1
16 10 91
16 11 160
16 13 115
17 0 299
17 1 179
17 2 289
17 3 108
17 6 153
17 7 214
17 9 230
17 10 48
17 11 260
17 12 143
17 14 163
17 16 159
18 8 248
18 10 141
18 13 201
18 14 61
18 15 195
18 16 29
18 17 300
19 1 284
19 4 139
19 7 259
19 9 31
19 10 217
19 12 239
19 14 300
19 15 74
19 16 171
19 18 135
20 0 302
20 1 137
20 2 1
20 3 259
20 5 26
20 6 145
20 7 92
20 8 195
20 10 153
20 12 4
20 13 267
20 14 213
20 15 287
20 16 16
20 17 225
20 18 31
21 1 242
21 2 182
21 3 40
21 6 130
21 7 217
21 8 297
21 9 24
21 10 193
21 13 194
21 14 62
21 15 294
21 18 212
22 2 293
22 4 198
22 6 135
22 7 206
22 8 60
22 9 114
22 12 5
22 16 288
22 20 13
22 21 150
23 0 160
23 7 121
23 11 69
23 12 81
23 14 21
23 17 200
23 21 47
23 22 180
24 1 218
24 2 44
24 3 117
24 4 280
24 5 318
24 7 32
24 10 230
24 12 155
24 13 308
24 21 165
24 23 232
25 1 95
25 2 118
25 3 112
25 4 98
25 12 204
25 14 160
25 17 246
25 18 157
25 19 105
25 20 182
25 22 31
25 23 61
25 24 307
26 0 254
26 2 231
26 3 166
26 4 16
26 8 269
26 10 170
26 12 195
26 15 268
26 17 264
26 18 41
26 19 13
26 21 47
26 22 204
27 0 295
27 2 213
27 4 98
27 5 306
27 6 146
27 7 318
27 8 258
27 9 38
27 11 94
27 12 6
27 13 196
27 14 135
27 21 226
27 22 203
27 23 160
27 24 180
27 26 47
28 0 150
28 1 225
28 3 269
28 5 96
28 6 143
28 12 208
28 13 278
28 14 255
28 17 289
28 19 49
28 20 30
28 22 74
28 23 234
28 27 155
29 2 74
29 3 207
29 4 164
29 5 124
29 6 38
29 7 78
29 9 143
29 10 199
29 13 318
29 15 272
29 17 85
29 19 142
29 20 127
29 23 239
29 26 64
29 27 97
