30
1 0 173
2 0 305
2 1 272
3 0 146
3 1 269
3 2 126
4 0 141
4 1 25
4 2 5
4 3 255
5 0 153
5 1 201
5 2 152
5 3 70
5 4 190
6 0 31
6 1 32
6 2 264
6 3 277
6 4 67
6 5 4
7 0 260
7 1 87
7 2 62
7 3 84
7 4 227
7 5 200
7 6 52
8 0 145
8 1 101
8 2 208
8 3 7
8 4 143
8 5 269
8 6 310
8 7 318
9 0 207
9 1 301
9 2 34
9 3 65
9 4 184
9 5 240
9 6 270
9 7 305
9 8 204
10 0 38
10 1 157
10 2 184
10 3 119
10 4 199
10 5 299
10 6 319
10 7 181
10 8 13
10 9 169
11 0 146
11 1 313
11 2 142
11 3 43
11 4 306
11 5 202
11 6 6
11 7 304
11 8 124
11 9 274
11 10 83
12 0 291
12 1 148
12 2 184
12 3 78
12 4 243
12 5 270
12 6 162
12 7 8
12 8 40
12 9 36
12 10 80
12 11 128
13 0 60
13 1 152
13 2 156
13 3 192
13 4 242
13 5 115
13 6 228
13 7 201
13 8 268
13 9 91
13 10 75
13 11 104
13 12 18
14 0 208
14 1 124
14 2 117
14 3 152
14 4 111
14 5 54
14 6 240
14 7 207
14 8 99
14 9 244
14 10 176
14 11 8
14 12 149
14 13 200
15 0 296
15 1 1
15 2 204
15 3 49
15 4 216
15 5 71
15 6 118
15 7 20
15 8 274
15 9 294
15 10 248
15 11 1
15 12 73
15 13 147
15 14 268
16 0 27
16 1 173
16 2 110
16 3 249
16 4 80
16 5 309
16 6 90
16 7 122
16 8 245
16 9 40
16 10 56
16 11 148
16 12 71
16 13 185
16 14 25
16 15 270
17 0 248
17 1 219
17 2 153
17 3 148
17 4 194
17 5 65
17 6 147
17 7 177
17 8 249
17 9 30
17 10 198
17 11 9
17 12 306
17 13 96
17 14 248
17 15 133
17 16 221
18 0 174
18 1 264
18 2 25
18 3 80
18 4 127
18 5 107
18 6 165
18 7 55
18 8 46
18 9 215
18 10 312
18 11 2
18 12 64
18 13 256
18 14 227
18 15 310
18 16 45
18 17 5
19 0 177
19 1 142
19 2 177
19 3 82
19 4 225
19 5 173
19 6 88
19 7 259
19 8 275
19 9 61
19 10 250
19 11 141
19 12 33
19 13 150
19 14 230
19 15 124
19 16 53
19 17 20
19 18 282
20 0 214
20 1 315
20 2 64
20 3 44
20 4 210
20 5 221
20 6 114
20 7 25
20 8 295
20 9 135
20 10 181
20 11 124
20 12 226
20 13 188
20 14 73
20 15 82
20 16 197
20 17 167
20 18 198
20 19 91
21 0 113
21 1 202
21 2 196
21 3 234
21 4 179
21 5 140
21 6 80
21 7 9
21 8 40
21 9 61
21 10 57
21 11 295
21 12 175
21 13 282
21 14 39
21 15 225
21 16 44
21 17 288
21 18 275
21 19 106
21 20 60
22 0 195
22 1 132
22 2 137
22 3 137
22 4 191
22 5 131
22 6 145
22 7 110
22 8 130
22 9 264
22 10 186
22 11 63
22 12 311
22 13 171
22 14 318
22 15 259
22 16 20
22 17 139
22 18 217
22 19 156
22 20 154
22 21 15
23 0 310
23 1 195
23 2 263
23 3 263
23 4 105
23 5 248
23 6 316
23 7 195
23 8 61
23 9 165
23 10 268
23 11 320
23 12 265
23 13 319
23 14 201
23 15 154
23 16 184
23 17 66
23 18 33
23 19 207
23 20 273
23 21 162
23 22 141
24 0 276
24 1 270
24 2 202
24 3 121
24 4 49
24 5 246
24 6 142
24 7 70
24 8 78
24 9 26
24 10 11
24 11 190
24 12 302
24 13 21
24 14 11
24 15 32
24 16 115
24 17 207
24 18 47
24 19 83
24 20 201
24 21 123
24 22 104
24 23 128
25 0 44
25 1 309
25 2 25
25 3 114
25 4 137
25 5 216
25 6 268
25 7 59
25 8 76
25 9 211
25 10 116
25 11 64
25 12 132
25 13 304
25 14 203
25 15 24
25 16 198
25 17 182
25 18 221
25 19 260
25 20 18
25 21 58
25 22 110
25 23 254
25 24 217
26 0 39
26 1 259
26 2 88
26 3 180
26 4 247
26 5 184
26 6 306
26 7 136
26 8 181
26 9 37
26 10 184
26 11 160
26 12 54
26 13 89
26 14 188
26 15 62
26 16 180
26 17 129
26 18 135
26 19 85
26 20 27
26 21 171
26 22 281
26 23 145
26 24 212
26 25 95
27 0 187
27 1 258
27 2 260
27 3 82
27 4 224
27 5 35
27 6 36
27 7 276
27 8 57
27 9 55
27 10 63
27 11 102
27 12 105
27 13 288
27 14 179
27 15 286
27 16 151
27 17 115
27 18 210
27 19 201
27 20 298
27 21 103
27 22 29
27 23 118
27 24 213
27 25 304
27 26 285
28 0 193
28 1 86
28 2 199
28 3 51
28 4 186
28 5 52
28 6 22
28 7 201
28 8 189
28 9 53
28 10 102
28 11 272
28 12 150
28 13 266
28 14 36
28 15 19
28 16 220
28 17 58
28 18 252
28 19 8
28 20 185
28 21 239
28 22 259
28 23 101
28 24 168
28 25 16
28 26 132
28 27 268
29 0 79
29 1 299
29 2 22
29 3 196
29 4 142
29 5 115
29 6 238
29 7 28
29 8 139
29 9 190
29 10 38
29 11 154
29 12 193
29 13 297
29 14 84
29 15 305
29 16 234
29 17 95
29 18 147
29 19 196
29 20 174
29 21 152
29 22 46
29 23 192
29 24 22
29 25 229
29 26 41
29 27 267
29 28 201
