20
1 0 30
2 0 1
2 1 33
3 0 29
3 1 39
3 2 40
4 0 16
4 2 29
4 3 18
5 0 10
5 1 7
5 2 12
5 3 26
5 4 26
6 0 1
6 1 23
6 2 9
6 3 37
6 4 21
6 5 15
7 0 27
7 1 15
7 2 30
7 3 21
7 4 36
7 5 37
7 6 39
8 0 10
8 1 37
8 2 3
8 4 36
8 5 27
8 6 31
8 7 18
9 0 27
9 1 10
9 3 38
9 4 29
9 5 32
9 6 23
9 7 24
9 8 14
10 0 12
10 1 3
10 2 7
10 3 15
10 4 37
10 6 13
10 7 24
10 8 28
10 9 35
11 0 38
11 3 33
11 4 20
11 5 15
11 6 27
11 7 21
11 8 20
11 9 10
11 10 35
12 0 39
12 2 14
12 3 18
12 4 40
12 5 28
12 7 27
12 8 5
12 9 40
12 10 28
12 11 28
13 1 2
13 2 34
13 4 4
13 5 7
13 6 30
13 7 11
13 8 1
13 9 28
13 10 35
13 11 25
13 12 26
14 0 19
14 1 9
14 3 22
14 4 40
14 5 14
14 7 10
14 8 26
14 9 23
14 10 34
14 11 34
14 12 29
14 13 21
15 0 38
15 1 4
15 2 32
15 3 9
15 4 21
15 5 5
15 8 2
15 9 24
15 10 3
15 11 19
15 12 20
15 13 12
15 14 14
16 0 22
16 1 40
16 2 27
16 3 30
16 4 1
16 5 24
16 6 35
16 10 35
16 11 3
16 12 10
16 13 31
16 14 33
17 0 36
17 1 23
17 2 22
17 3 2
17 4 4
17 5 19
17 6 18
17 7 38
17 8 32
17 9 35
17 10 5
17 11 34
17 12 9
17 13 1
17 14 5
17 15 24
17 16 25
18 1 22
18 2 15
18 3 17
18 4 30
18 5 28
18 7 13
18 8 11
18 10 20
18 11 19
18 12 8
18 13 4
18 14 8
18 15 2
18 16 33
19 0 26
19 1 15
19 2 25
19 3 40
19 5 38
19 6 22
19 7 36
19 8 11
19 9 37
19 10 17
19 11 9
19 12 38
19 13 9
19 14 36
19 15 27
19 16 29
19 17 34
19 18 11
