20
1 0 83
2 1 89
4 2 44
5 2 58
5 4 133
6 0 87
7 3 146
7 4 22
8 0 46
8 6 115
8 7 44
9 0 140
9 1 4
9 3 52
9 4 81
9 7 82
10 1 88
10 3 48
10 5 37
10 8 66
11 2 19
11 5 123
11 7 27
11 10 34
12 0 2
12 7 70
12 8 46
12 11 65
13 1 131
13 5 77
13 6 158
13 7 91
13 8 96
13 11 100
14 0 46
14 1 17
14 3 133
14 4 98
14 5 141
14 6 111
14 10 62
15 0 31
15 3 30
15 5 52
15 8 34
15 11 55
16 4 65
16 5 56
16 11 101
16 12 122
16 14 79
16 15 62
17 0 116
17 1 88
17 4 27
17 5 52
17 11 160
17 13 32
18 0 111
18 3 159
18 4 159
18 9 56
18 12 54
18 17 15
19 0 151
19 1 27
19 4 118
19 7 118
19 8 23
19 10 72
