60
5 1 73
6 0 76
7 0 1
7 1 60
7 6 72
8 1 38
10 2 21
11 2 25
11 7 42
12 10 59
14 3 58
14 4 15
15 1 3
15 10 26
15 14 33
16 8 61
16 11 66
16 12 45
17 0 49
17 5 42
17 6 37
17 7 33
17 11 4
18 4 47
19 2 73
19 15 48
20 3 77
20 10 58
20 19 21
21 12 30
21 14 26
24 5 33
24 10 70
24 15 10
25 0 13
25 3 36
25 6 65
25 20 17
26 4 42
27 2 36
27 6 10
27 8 23
27 13 34
27 19 15
28 10 41
28 17 27
29 12 67
29 14 28
29 16 41
29 19 58
29 21 49
30 3 31
30 8 80
30 27 28
31 29 48
31 30 67
32 4 50
32 20 37
32 26 20
32 27 36
33 26 20
33 27 28
34 8 50
34 14 65
34 24 78
34 26 71
35 1 76
35 3 42
35 4 53
35 8 16
35 11 47
35 16 65
36 2 39
36 10 16
36 14 34
36 21 24
36 26 45
36 29 55
37 2 11
37 5 42
37 10 65
37 26 63
37 28 78
38 0 32
38 1 25
38 19 34
38 23 13
38 31 43
39 5 20
39 13 53
39 14 10
39 20 36
39 33 13
39 35 36
40 5 42
40 9 79
40 14 8
40 33 62
40 36 39
40 37 41
41 7 42
41 11 39
41 19 72
41 21 40
42 10 20
42 19 48
42 22 59
42 26 65
42 27 34
43 28 43
44 4 9
44 7 57
44 33 36
45 6 19
45 42 8
45 43 68
46 24 37
46 25 32
46 29 26
47 16 44
47 19 63
47 21 63
47 23 44
47 24 32
47 27 8
47 32 80
47 35 6
48 22 10
48 28 22
48 36 72
48 42 41
48 43 32
49 8 10
49 28 65
49 38 1
49 39 43
49 40 35
49 45 25
50 2 32
50 4 7
50 7 47
50 24 17
50 28 79
50 39 12
50 40 19
51 1 14
51 14 70
51 25 48
51 33 77
52 2 36
52 10 46
52 15 58
52 16 62
52 18 58
53 29 28
53 40 25
53 41 68
53 49 79
53 50 29
54 16 61
54 21 54
54 28 68
54 29 61
54 36 61
54 39 32
54 45 8
55 4 12
55 11 1
55 26 69
55 30 79
55 32 15
55 33 1
55 41 24
55 46 40
55 49 20
55 52 47
55 53 66
56 2 21
56 4 47
56 11 30
56 17 43
56 21 57
56 25 13
56 26 5
56 41 26
57 0 42
57 5 44
57 7 48
57 13 11
57 22 80
57 40 75
57 42 16
57 45 30
57 55 24
58 1 63
58 3 76
58 8 70
58 12 79
58 22 55
59 4 42
59 6 26
59 7 69
59 9 51
59 16 39
59 30 53
59 40 21
59 53 33
