40
1 0 115
2 1 64
3 0 4
4 0 124
4 2 55
5 0 23
5 1 117
5 2 108
5 4 145
6 1 111
6 2 17
6 3 6
7 1 2
7 2 89
7 5 49
7 6 67
8 0 30
8 1 24
8 4 78
8 5 102
9 0 107
9 5 101
9 7 86
10 0 137
10 1 16
10 2 150
10 3 53
10 6 27
10 7 108
10 9 26
11 0 33
11 1 40
11 7 151
12 1 44
12 2 155
12 3 98
12 8 73
12 11 55
13 0 145
13 2 112
13 3 155
13 6 63
13 7 64
13 8 94
13 9 83
13 10 151
13 11 132
14 0 25
14 4 149
14 6 8
14 7 117
14 8 72
14 9 12
14 11 1
14 13 101
15 1 91
15 2 91
15 6 78
15 9 110
15 10 119
15 11 150
15 12 12
15 13 14
16 0 74
16 4 17
16 5 156
16 6 110
16 9 26
16 10 21
16 12 148
16 14 38
16 15 130
17 1 136
17 4 92
17 6 103
17 7 28
17 8 70
17 10 56
17 11 116
17 12 128
17 15 38
18 1 54
18 2 119
18 3 16
18 4 104
18 6 33
18 7 4
18 9 28
18 11 121
18 13 12
18 15 121
18 16 9
18 17 60
19 5 57
19 6 156
19 8 2
19 9 108
19 10 80
19 11 32
19 12 20
19 13 118
19 14 35
19 17 18
19 18 95
20 1 2
20 2 44
20 3 53
20 8 156
20 9 141
20 12 148
20 13 117
20 16 40
20 17 159
20 18 145
21 0 31
21 2 70
21 3 32
21 6 12
21 10 10
21 11 25
21 15 120
21 17 52
22 0 124
22 2 122
22 3 75
22 4 89
22 6 80
22 8 92
22 9 71
22 11 106
22 12 102
22 13 44
22 14 23
22 16 90
23 1 130
23 2 29
23 4 11
23 6 158
23 8 81
23 10 121
23 11 142
23 13 137
23 14 113
23 16 92
23 17 130
23 18 3
23 19 38
23 20 51
23 22 142
24 0 72
24 1 28
24 3 119
24 4 124
24 5 1
24 12 85
24 16 50
24 17 127
24 22 88
24 23 15
25 0 57
25 3 10
25 6 10
25 9 155
25 11 83
25 12 142
25 13 34
25 16 88
25 20 65
25 21 16
25 23 59
26 2 33
26 4 89
26 7 75
26 10 111
26 12 154
26 14 47
26 15 9
26 17 28
26 18 20
26 20 128
27 4 44
27 9 151
27 10 152
27 11 11
27 13 29
27 14 144
27 17 31
27 19 61
27 22 6
27 23 26
27 24 80
27 25 47
28 0 52
28 1 122
28 2 30
28 5 102
28 8 72
28 9 73
28 11 56
28 12 112
28 16 30
28 19 88
28 20 4
28 23 157
29 1 25
29 2 100
29 6 25
29 7 118
29 8 79
29 11 101
29 13 108
29 14 126
29 15 160
29 17 29
29 20 144
29 21 108
29 22 106
29 23 22
29 25 105
29 26 148
30 0 101
30 6 131
30 8 104
30 11 124
30 14 142
30 15 10
30 16 32
30 17 95
30 18 61
30 19 132
30 20 158
30 21 16
30 22 146
30 23 15
30 24 115
30 26 113
31 0 100
31 2 84
31 5 109
31 8 69
31 10 109
31 11 131
31 13 159
31 14 116
31 15 128
31 16 102
31 17 49
31 18 152
31 22 100
31 23 76
31 24 18
31 27 57
31 28 159
31 29 62
32 0 149
32 1 111
32 2 136
32 3 37
32 5 75
32 8 38
32 10 130
32 11 133
32 12 43
32 14 86
32 17 133
32 20 67
32 21 51
32 25 40
32 26 128
32 27 75
32 28 100
32 30 101
33 1 159
33 3 67
33 5 101
33 8 69
33 10 65
33 11 86
33 15 138
33 16 20
33 17 35
33 23 4
33 26 26
33 27 148
33 28 16
33 29 147
33 30 157
33 32 36
34 0 73
34 1 135
34 3 23
34 4 48
34 6 89
34 10 119
34 11 32
34 14 19
34 16 3
34 17 117
34 19 54
34 20 46
34 22 109
34 23 5
34 26 104
34 27 115
34 28 98
34 29 101
34 31 14
34 33 154
35 0 21
35 1 55
35 2 87
35 3 35
35 7 116
35 8 121
35 9 80
35 11 100
35 13 50
35 14 7
35 15 24
35 17 52
35 18 135
35 19 3
35 20 160
35 27 126
35 30 84
35 31 158
35 32 3
35 33 152
35 34 86
36 3 53
36 4 102
36 8 99
36 9 32
36 10 137
36 13 133
36 17 90
36 18 23
36 19 156
36 20 12
36 23 4
36 25 23
36 28 17
36 29 22
36 30 16
36 33 153
36 34 69
37 3 112
37 4 71
37 5 109
37 7 23
37 9 74
37 11 73
37 12 64
37 14 62
37 15 54
37 17 33
37 22 120
37 25 103
37 26 120
37 28 86
37 29 73
37 30 123
37 31 115
37 33 159
37 35 145
38 0 22
38 1 117
38 5 78
38 9 42
38 10 66
38 12 109
38 13 5
38 15 90
38 16 75
38 18 67
38 20 15
38 23 94
38 25 55
38 27 34
38 28 72
38 29 96
38 30 49
38 31 97
38 33 15
39 1 119
39 2 47
39 3 124
39 4 5
39 5 7
39 7 9
39 11 49
39 12 10
39 13 106
39 14 107
39 15 158
39 16 11
39 17 1
39 19 71
39 20 35
39 21 107
39 26 11
39 27 144
39 29 120
39 31 155
39 32 153
39 33 131
39 34 63
39 37 142
39 38 149
