50
1 0 121
2 1 157
3 2 110
4 3 155
5 2 114
5 3 113
5 4 58
6 0 45
6 3 41
6 4 91
7 0 139
7 1 119
7 2 108
7 5 121
7 6 159
8 0 12
8 1 128
8 2 1
8 4 96
8 5 139
8 6 87
9 1 73
9 2 109
9 4 86
9 6 144
9 7 121
10 1 160
10 2 31
10 4 22
10 5 73
10 8 111
10 9 129
11 0 77
11 1 79
11 3 22
11 6 113
11 7 34
11 9 82
11 10 90
12 0 15
12 1 17
12 2 113
12 4 143
12 5 129
12 6 138
12 11 64
13 0 37
13 1 70
13 2 88
13 3 105
13 5 129
13 9 23
13 12 46
14 0 17
14 1 16
14 4 145
14 5 81
14 7 39
14 9 139
14 12 13
14 13 19
15 1 41
15 2 23
15 4 3
15 6 62
15 7 69
15 9 140
15 11 126
15 12 49
15 13 155
16 0 50
16 1 75
16 2 65
16 4 127
16 5 113
16 6 134
16 7 29
16 8 93
16 9 96
16 11 4
16 12 61
16 13 122
16 14 89
17 1 29
17 2 142
17 3 130
17 4 57
17 5 26
17 8 11
17 9 80
17 11 85
17 12 139
17 14 97
17 16 120
18 0 134
18 1 33
18 2 91
18 4 5
18 5 69
18 6 72
18 7 155
18 8 33
18 9 148
18 10 141
18 11 94
18 13 109
18 14 34
18 16 154
18 17 55
19 0 158
19 2 40
19 3 40
19 4 31
19 6 25
19 8 43
19 9 2
19 11 123
19 12 141
19 13 11
19 14 135
19 16 75
19 17 157
19 18 102
20 0 9
20 1 30
20 2 27
20 3 152
20 5 67
20 7 119
20 8 106
20 10 114
20 11 46
20 12 15
20 13 4
20 16 75
20 18 105
20 19 1
21 1 46
21 4 145
21 6 48
21 7 94
21 9 116
21 12 67
21 13 135
21 14 155
21 17 81
21 18 22
21 19 9
22 1 41
22 3 151
22 4 131
22 5 67
22 6 115
22 7 73
22 8 44
22 12 37
22 14 15
22 16 127
22 20 14
23 0 66
23 4 91
23 5 24
23 6 128
23 9 57
23 10 107
23 11 134
23 12 68
23 13 52
23 14 70
23 15 57
23 16 160
23 17 157
23 18 92
23 21 37
24 3 156
24 6 139
24 7 38
24 8 48
24 9 81
24 10 60
24 11 31
24 12 135
24 13 70
24 15 38
24 17 79
24 18 3
24 19 145
24 22 142
25 0 33
25 1 4
25 2 152
25 3 50
25 4 103
25 7 103
25 8 39
25 10 134
25 13 159
25 15 2
25 16 156
25 22 95
26 0 20
26 2 117
26 3 84
26 4 6
26 6 18
26 7 70
26 11 158
26 12 82
26 13 103
26 16 110
26 18 159
26 19 147
26 20 117
26 21 57
26 22 91
26 24 100
27 2 87
27 4 40
27 6 157
27 7 115
27 8 32
27 10 25
27 11 149
27 12 25
27 13 61
27 14 7
27 16 40
27 19 94
27 20 26
27 21 77
27 22 17
27 24 57
27 25 122
27 26 51
28 3 71
28 4 149
28 5 17
28 6 39
28 7 24
28 9 32
28 10 20
28 11 114
28 13 90
28 14 73
28 15 17
28 16 39
28 18 99
28 19 71
28 20 42
28 21 64
28 22 131
28 24 64
28 26 76
28 27 143
29 0 133
29 1 8
29 4 67
29 6 20
29 7 92
29 10 26
29 11 101
29 12 21
29 14 60
29 15 28
29 17 156
29 19 149
29 20 26
29 21 91
29 22 132
29 23 36
29 24 25
29 28 68
30 0 65
30 1 13
30 2 89
30 3 26
30 4 57
30 7 15
30 9 154
30 10 8
30 11 86
30 12 152
30 15 53
30 17 71
30 20 111
30 21 137
30 22 154
30 23 160
30 24 101
30 25 130
30 28 147
31 1 11
31 2 143
31 3 15
31 4 149
31 7 22
31 8 103
31 9 132
31 10 113
31 11 55
31 12 118
31 13 55
31 14 120
31 15 117
31 17 101
31 18 97
31 19 55
31 21 155
31 23 72
31 25 156
31 26 1
31 28 120
31 29 28
31 30 118
32 1 8
32 3 129
32 4 156
32 5 95
32 7 131
32 8 61
32 10 124
32 11 90
32 12 136
32 13 43
32 16 4
32 19 43
32 20 70
32 22 95
32 23 85
32 24 62
32 25 55
32 26 128
32 29 101
32 30 10
32 31 4
33 1 118
33 3 7
33 5 107
33 6 68
33 7 32
33 8 153
33 9 18
33 16 30
33 17 43
33 18 62
33 20 81
33 22 142
33 23 40
33 24 131
33 27 157
33 29 18
33 31 106
33 32 86
34 0 81
34 1 13
34 2 134
34 3 160
34 4 159
34 5 13
34 6 44
34 7 19
34 8 76
34 9 155
34 10 145
34 12 52
34 13 68
34 15 13
34 16 149
34 17 114
34 18 92
34 19 108
34 20 78
34 21 85
34 27 115
34 30 133
34 32 15
34 33 75
35 0 119
35 2 91
35 3 90
35 4 10
35 6 95
35 8 107
35 10 70
35 11 11
35 12 59
35 13 67
35 14 30
35 17 95
35 18 127
35 19 25
35 21 106
35 23 133
35 24 113
35 25 52
35 29 72
35 30 53
35 31 83
35 33 102
36 1 159
36 2 127
36 3 156
36 4 7
36 6 21
36 9 64
36 10 119
36 12 66
36 13 105
36 15 141
36 17 6
36 18 76
36 19 32
36 20 137
36 22 106
36 23 75
36 24 112
36 25 68
36 27 93
36 28 99
36 29 144
36 30 124
36 35 123
37 0 14
37 1 73
37 2 123
37 3 75
37 4 156
37 8 153
37 9 131
37 10 141
37 12 48
37 13 117
37 16 139
37 22 70
37 23 56
37 26 113
37 27 95
37 28 17
37 29 132
37 30 133
37 31 110
37 32 19
37 35 111
37 36 2
38 0 137
38 1 43
38 2 103
38 3 137
38 6 17
38 8 100
38 9 5
38 10 70
38 11 99
38 14 126
38 16 30
38 17 65
38 18 51
38 26 116
38 27 107
38 28 122
38 29 62
38 30 138
38 32 1
38 35 26
38 37 37
39 1 74
39 2 139
39 6 65
39 7 157
39 9 99
39 10 105
39 12 37
39 13 128
39 14 109
39 17 157
39 18 116
39 19 56
39 20 72
39 21 43
39 22 97
39 24 96
39 26 7
39 27 17
39 28 154
39 31 130
39 33 79
39 34 150
39 36 125
39 37 75
40 0 27
40 1 94
40 2 78
40 3 95
40 4 16
40 7 115
40 9 79
40 10 36
40 11 31
40 12 18
40 13 39
40 15 51
40 20 130
40 22 88
40 23 41
40 26 70
40 27 25
40 31 15
40 32 45
40 33 25
40 35 145
40 36 59
40 37 136
40 38 19
40 39 136
41 0 6
41 1 131
41 2 27
41 3 111
41 4 26
41 5 68
41 6 17
41 7 69
41 9 124
41 10 91
41 12 9
41 13 110
41 14 102
41 15 20
41 16 8
41 18 65
41 19 117
41 20 154
41 21 35
41 23 40
41 24 41
41 25 148
41 27 156
41 28 44
41 29 37
41 30 143
41 31 42
41 32 128
41 35 28
41 40 135
42 0 34
42 1 126
42 2 123
42 5 46
42 6 36
42 8 54
42 10 49
42 12 39
42 13 3
42 15 46
42 16 83
42 17 105
42 18 101
42 19 129
42 20 36
42 21 134
42 22 54
42 25 59
42 26 71
42 27 63
42 28 39
42 29 55
42 30 30
42 33 157
42 36 47
42 37 76
42 39 24
42 41 64
43 1 76
43 3 8
43 4 117
43 7 127
43 10 149
43 11 40
43 12 115
43 14 102
43 15 46
43 19 66
43 20 28
43 21 120
43 23 71
43 24 134
43 25 40
43 27 53
43 29 36
43 30 71
43 31 68
43 32 126
43 33 57
43 34 128
43 35 6
43 36 138
43 38 133
43 40 92
43 41 26
43 42 37
44 0 34
44 1 26
44 2 110
44 3 44
44 4 60
44 5 19
44 8 146
44 9 33
44 10 112
44 12 85
44 13 10
44 18 143
44 19 115
44 20 48
44 21 114
44 22 81
44 23 145
44 26 84
44 27 126
44 28 138
44 29 55
44 30 118
44 31 109
44 32 150
44 33 75
44 35 27
44 37 125
44 38 97
44 39 55
44 42 75
44 43 32
45 1 3
45 3 15
45 4 80
45 6 149
45 7 15
45 8 30
45 10 31
45 12 32
45 13 115
45 18 71
45 19 120
45 22 79
45 23 127
45 25 103
45 29 158
45 30 100
45 35 156
45 36 102
45 38 129
45 40 135
45 41 134
45 44 106
46 0 132
46 1 99
46 2 33
46 3 122
46 5 97
46 6 118
46 11 137
46 12 139
46 16 85
46 17 23
46 18 4
46 20 53
46 21 8
46 22 63
46 25 127
46 28 112
46 32 70
46 33 143
46 34 138
46 38 64
46 39 78
46 41 87
46 43 38
46 44 81
46 45 15
47 3 61
47 5 74
47 7 136
47 11 25
47 12 6
47 13 2
47 15 34
47 17 47
47 18 65
47 20 114
47 21 56
47 22 15
47 23 28
47 26 15
47 27 158
47 28 146
47 29 111
47 31 65
47 32 158
47 35 71
47 36 36
47 38 55
47 40 89
47 43 85
47 44 20
47 46 114
48 2 104
48 4 132
48 5 50
48 6 108
48 8 104
48 9 46
48 13 14
48 14 8
48 17 131
48 19 121
48 20 151
48 21 80
48 22 92
48 24 19
48 25 51
48 26 134
48 28 123
48 30 66
48 31 152
48 33 102
48 34 40
48 37 143
48 38 82
48 40 99
48 41 69
48 42 108
48 46 139
49 1 90
49 2 28
49 3 137
49 8 133
49 10 113
49 11 13
49 12 20
49 14 132
49 15 117
49 16 86
49 17 124
49 18 7
49 19 32
49 23 23
49 24 90
49 25 69
49 26 5
49 27 48
49 28 148
49 29 94
49 37 126
49 41 33
49 44 10
49 48 152
