30
1 0 6
2 0 2
3 0 8
3 1 4
3 2 8
4 0 19
4 1 9
4 2 6
4 3 14
5 0 11
5 1 20
5 2 9
5 3 6
5 4 15
6 0 17
6 1 8
6 2 11
6 3 11
6 4 9
6 5 8
7 0 13
7 2 4
7 3 18
7 4 15
7 5 4
7 6 4
8 0 16
8 1 11
8 2 1
8 3 19
8 5 18
8 6 12
8 7 17
9 0 9
9 1 20
9 2 6
9 5 2
9 6 8
9 8 6
10 0 2
10 1 17
10 2 15
10 3 5
10 4 5
10 5 9
10 6 19
10 7 3
10 8 18
10 9 8
11 0 15
11 2 14
11 3 14
11 4 3
11 5 10
11 6 15
11 8 9
11 9 7
11 10 9
12 0 15
12 1 13
12 2 3
12 3 20
12 4 3
12 5 2
12 6 13
12 7 6
12 8 6
12 9 3
12 10 2
12 11 17
13 1 2
13 2 18
13 3 3
13 4 8
13 5 1
13 6 12
13 7 20
13 9 12
13 10 7
13 11 1
13 12 11
14 0 7
14 2 18
14 3 7
14 4 17
14 5 17
14 6 9
14 7 16
14 8 10
14 9 3
14 10 9
14 11 19
14 12 8
14 13 16
15 0 19
15 2 20
15 3 6
15 5 13
15 6 19
15 8 19
15 9 11
15 10 1
15 11 12
15 13 10
15 14 14
16 0 7
16 1 17
16 3 5
16 4 17
16 5 4
16 6 10
16 7 4
16 8 16
16 9 6
16 10 8
16 11 13
16 12 2
16 13 9
16 14 7
16 15 20
17 0 2
17 1 1
17 2 18
17 3 15
17 4 10
17 5 7
17 6 10
17 7 12
17 8 17
17 9 3
17 10 3
17 11 6
17 12 19
17 13 14
17 14 10
17 15 14
17 16 8
18 2 15
18 3 10
18 4 10
18 5 15
18 6 17
18 7 12
18 8 1
18 9 15
18 10 20
18 11 11
18 12 5
18 13 16
18 14 10
18 15 8
18 16 2
18 17 12
19 0 7
19 2 14
19 3 18
19 4 11
19 5 8
19 6 12
19 7 2
19 8 13
19 9 10
19 10 4
19 11 9
19 12 20
19 14 5
19 17 19
19 18 3
20 0 9
20 1 16
20 2 2
20 4 15
20 5 4
20 6 3
20 7 16
20 8 5
20 9 18
20 10 7
20 11 18
20 12 16
20 13 8
20 14 4
20 15 8
20 16 19
20 17 3
20 18 18
20 19 1
21 0 9
21 1 19
21 2 10
21 4 5
21 5 17
21 6 4
21 8 8
21 9 2
21 10 13
21 11 17
21 12 1
21 13 13
21 15 11
21 16 20
21 17 11
21 18 3
21 19 1
21 20 1
22 0 8
22 1 14
22 2 11
22 3 15
22 4 16
22 5 6
22 6 2
22 7 14
22 8 18
22 9 6
22 10 3
22 11 2
22 12 9
22 14 8
22 15 17
22 16 2
22 17 18
22 18 11
22 19 9
22 20 18
22 21 14
23 1 8
23 2 12
23 3 17
23 4 19
23 5 12
23 6 10
23 7 5
23 8 8
23 9 1
23 10 10
23 11 15
23 12 20
23 14 9
23 15 7
23 16 9
23 17 3
23 18 9
23 19 17
23 20 9
23 21 11
24 0 9
24 1 10
24 3 2
24 5 3
24 6 15
24 7 11
24 8 17
24 9 10
24 10 6
24 11 7
24 12 15
24 13 18
24 14 17
24 15 7
24 16 15
24 17 7
24 18 13
24 19 6
24 20 15
24 21 12
24 22 17
24 23 20
25 0 14
25 1 18
25 2 10
25 3 1
25 4 8
25 5 18
25 6 1
25 7 20
25 8 12
25 9 7
25 10 17
25 11 7
25 12 16
25 13 2
25 14 16
25 15 13
25 16 1
25 17 12
25 18 11
25 19 2
25 20 2
25 21 14
25 22 15
25 23 20
25 24 13
26 0 6
26 1 13
26 2 9
26 3 14
26 4 2
26 5 11
26 6 12
26 7 3
26 8 5
26 9 4
26 10 1
26 11 12
26 12 1
26 13 16
26 14 2
26 16 7
26 17 18
26 18 15
26 19 15
26 20 13
26 21 3
26 22 13
26 23 6
26 24 5
26 25 7
27 1 7
27 2 5
27 3 13
27 4 8
27 5 15
27 6 14
27 7 12
27 8 16
27 9 12
27 10 3
27 11 1
27 12 10
27 13 20
27 14 11
27 15 4
27 16 5
27 17 2
27 18 6
27 20 12
27 21 16
27 22 9
27 23 5
27 24 2
27 25 6
28 0 4
28 1 17
28 2 6
28 3 19
28 4 7
28 5 2
28 6 8
28 7 17
28 8 3
28 9 16
28 10 15
28 11 20
28 12 20
28 13 8
28 14 18
28 15 20
28 16 18
28 17 20
28 18 7
28 19 10
28 20 2
28 21 16
28 22 2
28 23 18
28 26 7
28 27 5
29 0 8
29 2 2
29 3 18
29 4 6
29 5 14
29 6 4
29 7 12
29 8 19
29 9 12
29 10 13
29 11 13
29 12 12
29 13 8
29 14 3
29 15 12
29 16 7
29 17 8
29 18 7
29 19 1
29 20 12
29 22 2
29 23 11
29 24 12
29 25 10
29 27 1
