70
1 0 113
2 0 30
2 1 67
3 0 155
3 2 35
4 1 145
4 2 121
5 1 13
5 4 32
6 0 132
6 1 152
6 2 156
6 3 120
6 4 65
6 5 159
7 0 77
7 1 36
7 3 46
7 4 128
7 5 130
7 6 19
8 0 153
8 1 80
8 2 105
8 3 111
8 4 10
8 5 24
8 6 90
8 7 112
9 0 111
9 1 17
9 3 143
9 4 72
9 5 85
9 6 56
9 7 57
9 8 2
10 0 55
10 1 61
10 2 158
10 3 145
10 4 141
10 5 84
10 6 51
10 7 138
10 8 90
11 0 20
11 3 91
11 4 119
11 5 98
11 6 27
11 7 83
11 8 78
11 9 118
11 10 31
12 2 109
12 3 117
12 4 142
12 5 159
12 6 147
12 7 11
12 8 25
12 10 160
12 11 129
13 0 100
13 1 80
13 2 144
13 4 40
13 5 17
13 6 98
13 7 34
13 8 141
13 9 78
13 10 36
13 11 117
13 12 113
14 0 57
14 1 60
14 3 74
14 4 106
14 5 124
14 6 100
14 7 122
14 8 19
14 9 70
14 10 111
14 11 44
14 12 143
14 13 159
15 0 67
15 1 23
15 2 149
15 3 81
15 4 142
15 6 113
15 8 64
15 9 72
15 10 70
15 11 147
15 12 12
15 13 81
15 14 55
16 0 90
16 2 68
16 3 12
16 4 122
16 5 53
16 6 99
16 7 41
16 8 98
16 11 61
16 12 74
16 13 48
16 14 62
16 15 105
17 0 92
17 1 132
17 3 25
17 4 69
17 6 51
17 7 33
17 8 49
17 9 46
17 11 66
17 15 2
17 16 145
18 0 127
18 1 128
18 2 160
18 3 118
18 4 67
18 8 45
18 9 138
18 12 130
18 13 18
18 14 132
18 15 102
18 16 56
18 17 12
19 0 151
19 1 31
19 2 92
19 3 81
19 5 76
19 6 36
19 7 13
19 8 77
19 9 158
19 11 155
19 14 15
19 15 83
19 16 109
19 17 132
20 0 33
20 2 72
20 5 95
20 6 71
20 7 53
20 8 132
20 9 2
20 10 2
20 11 79
20 12 103
20 13 58
20 14 155
20 16 33
20 18 69
20 19 1
21 0 143
21 1 133
21 2 47
21 3 71
21 5 95
21 7 114
21 9 102
21 11 32
21 12 13
21 13 27
21 14 11
21 15 92
21 16 143
21 18 152
21 19 7
21 20 4
22 0 116
22 1 65
22 3 141
22 4 117
22 5 104
22 6 3
22 7 121
22 8 70
22 10 44
22 11 44
22 12 115
22 15 62
22 16 76
22 17 42
22 18 77
22 19 155
22 20 74
22 21 55
23 0 95
23 2 14
23 4 147
23 6 65
23 7 28
23 8 133
23 9 101
23 10 106
23 11 40
23 12 11
23 13 43
23 14 61
23 15 152
23 17 119
23 18 55
23 19 141
23 20 124
23 21 90
23 22 139
24 0 108
24 1 93
24 2 101
24 3 153
24 4 136
24 5 107
24 6 70
24 7 113
24 8 69
24 9 109
24 10 131
24 12 148
24 13 92
24 14 105
24 15 61
24 16 88
24 17 152
24 19 89
24 21 95
24 22 110
24 23 37
25 1 30
25 2 66
25 3 1
25 4 67
25 5 76
25 7 44
25 8 133
25 9 158
25 10 135
25 11 146
25 13 42
25 14 48
25 18 62
25 19 74
25 20 87
25 21 123
25 22 95
25 23 6
25 24 32
26 0 111
26 2 39
26 3 26
26 5 86
26 6 21
26 7 146
26 8 21
26 10 138
26 12 62
26 13 68
26 14 86
26 15 90
26 16 90
26 17 129
26 19 43
26 20 7
26 21 72
26 22 118
26 23 77
26 24 123
27 1 70
27 2 21
27 4 125
27 5 23
27 6 5
27 7 129
27 8 58
27 10 123
27 11 68
27 12 93
27 14 92
27 15 155
27 16 59
27 17 47
27 18 59
27 19 28
27 20 133
27 21 87
27 22 31
27 24 143
27 25 42
27 26 6
28 0 81
28 1 152
28 2 110
28 3 94
28 4 35
28 6 31
28 7 135
28 8 106
28 10 25
28 12 17
28 16 6
28 17 100
28 18 61
28 19 115
28 20 78
28 22 24
28 23 52
28 24 128
28 25 129
28 26 25
29 0 33
29 1 18
29 2 116
29 3 113
29 4 110
29 5 149
29 6 152
29 8 109
29 10 43
29 11 111
29 12 77
29 13 24
29 14 131
29 15 156
29 16 6
29 17 13
29 18 67
29 20 102
29 21 100
29 22 75
29 23 137
29 24 143
29 25 154
29 26 125
30 0 139
30 1 3
30 2 124
30 3 51
30 4 11
30 5 11
30 6 92
30 7 38
30 8 79
30 9 116
30 10 102
30 12 84
30 13 95
30 14 3
30 15 115
30 16 133
30 17 75
30 18 73
30 19 70
30 21 67
30 22 131
30 23 94
30 24 92
30 25 102
30 26 6
30 27 93
31 0 96
31 1 65
31 4 86
31 5 76
31 6 25
31 8 99
31 9 91
31 10 40
31 14 156
31 16 137
31 17 75
31 18 8
31 19 144
31 20 3
31 21 149
31 23 128
31 24 73
31 25 93
31 26 56
31 27 99
31 28 99
31 29 145
32 0 39
32 1 32
32 2 42
32 4 87
32 5 128
32 6 126
32 7 140
32 8 4
32 10 54
32 11 144
32 13 153
32 14 13
32 15 21
32 16 124
32 17 76
32 18 148
32 19 71
32 20 107
32 22 143
32 23 1
32 24 20
32 25 130
32 26 26
32 28 124
32 29 145
32 31 47
33 0 115
33 2 48
33 4 39
33 5 64
33 6 107
33 8 37
33 9 51
33 10 158
33 11 153
33 12 157
33 15 62
33 16 55
33 17 75
33 19 128
33 20 57
33 21 133
33 23 75
33 24 11
33 25 38
33 26 156
33 27 37
33 28 43
33 30 6
33 31 10
33 32 120
34 0 106
34 1 64
34 3 82
34 4 46
34 5 36
34 6 55
34 7 17
34 8 45
34 9 27
34 11 89
34 12 69
34 14 98
34 15 36
34 16 97
34 17 127
34 19 94
34 20 39
34 21 138
34 22 87
34 23 40
34 24 92
34 25 70
34 26 45
34 27 60
34 30 83
34 31 148
34 32 107
35 0 159
35 2 15
35 3 49
35 4 84
35 5 1
35 6 59
35 8 26
35 10 115
35 11 25
35 12 94
35 13 154
35 14 8
35 15 147
35 16 7
35 17 144
35 19 95
35 21 99
35 22 112
35 24 59
35 25 22
35 26 15
35 29 36
35 30 98
35 31 110
35 32 154
35 33 120
35 34 107
36 2 157
36 4 37
36 6 115
36 8 129
36 9 52
36 10 144
36 11 82
36 12 60
36 14 5
36 15 89
36 16 69
36 17 31
36 19 114
36 21 134
36 22 58
36 23 53
36 24 91
36 25 133
36 26 63
36 27 49
36 29 125
36 30 111
36 31 51
36 32 159
36 33 152
37 1 131
37 2 150
37 3 77
37 4 135
37 5 58
37 6 105
37 7 87
37 8 84
37 9 42
37 10 40
37 11 81
37 12 139
37 14 95
37 15 113
37 16 72
37 17 59
37 18 115
37 19 63
37 20 74
37 21 98
37 22 130
37 23 90
37 24 18
37 25 133
37 26 154
37 27 119
37 28 146
37 29 35
37 33 102
37 34 142
37 35 152
37 36 26
38 0 30
38 1 89
38 2 119
38 3 104
38 4 77
38 5 3
38 6 115
38 7 30
38 8 55
38 10 38
38 12 42
38 13 139
38 14 109
38 15 153
38 16 146
38 17 34
38 18 123
38 19 23
38 20 150
38 21 73
38 22 4
38 23 13
38 25 140
38 26 55
38 27 72
38 28 153
38 29 81
38 31 1
38 32 103
38 33 139
38 34 125
38 35 105
38 36 125
38 37 81
39 0 100
39 1 145
39 2 127
39 3 56
39 4 108
39 5 98
39 8 138
39 9 72
39 11 79
39 14 145
39 15 37
39 16 139
39 17 107
39 18 16
39 20 63
39 21 31
39 22 153
39 23 147
39 24 59
39 25 36
39 26 137
39 27 79
39 29 120
39 30 3
39 31 79
39 32 4
39 33 80
39 34 88
39 35 58
39 37 156
39 38 159
40 0 51
40 1 128
40 2 112
40 3 97
40 5 94
40 6 138
40 7 36
40 8 19
40 9 20
40 10 60
40 11 63
40 13 89
40 14 29
40 15 125
40 16 123
40 17 50
40 18 65
40 19 20
40 21 101
40 22 45
40 23 123
40 24 60
40 25 115
40 26 58
40 27 6
40 28 30
40 29 127
40 30 92
40 31 3
40 32 9
40 33 116
40 35 15
40 36 67
40 37 97
40 38 97
40 39 141
41 1 55
41 2 1
41 3 154
41 5 62
41 6 31
41 7 85
41 8 25
41 9 41
41 10 119
41 11 34
41 12 64
41 17 7
41 18 131
41 19 139
41 21 70
41 23 129
41 24 68
41 25 14
41 26 75
41 27 22
41 28 57
41 29 86
41 30 13
41 31 31
41 33 152
41 37 67
41 38 44
41 39 5
41 40 7
42 1 53
42 2 22
42 4 124
42 5 12
42 7 48
42 8 79
42 11 138
42 12 51
42 13 71
42 15 15
42 18 82
42 19 142
42 20 2
42 21 127
42 22 124
42 23 2
42 24 67
42 26 124
42 27 35
42 28 48
42 29 157
42 30 108
42 31 36
42 32 160
42 34 100
42 35 102
42 36 66
42 37 5
42 38 105
42 39 96
42 40 24
42 41 101
43 1 34
43 2 154
43 3 47
43 4 41
43 5 12
43 6 51
43 11 22
43 13 71
43 14 131
43 16 155
43 17 150
43 19 94
43 20 119
43 22 28
43 23 18
43 24 7
43 25 109
43 26 42
43 27 90
43 29 39
43 30 31
43 31 71
43 32 46
43 33 13
43 34 129
43 35 141
43 36 21
43 37 111
43 38 148
43 40 123
43 41 102
43 42 147
44 0 142
44 2 1
44 3 142
44 4 94
44 5 74
44 7 74
44 9 86
44 11 141
44 14 128
44 16 40
44 18 38
44 19 133
44 21 94
44 22 23
44 23 13
44 24 9
44 25 54
44 26 33
44 27 23
44 28 27
44 30 115
44 31 59
44 32 99
44 33 160
44 34 73
44 36 78
44 37 89
44 38 1
44 39 20
44 40 152
44 43 28
45 0 152
45 1 145
45 2 40
45 4 47
45 5 106
45 6 44
45 7 89
45 8 81
45 9 150
45 10 3
45 11 3
45 12 81
45 13 132
45 14 141
45 16 5
45 18 109
45 20 19
45 21 19
45 22 38
45 23 20
45 24 132
45 26 13
45 27 100
45 29 138
45 30 23
45 31 43
45 32 138
45 33 119
45 34 140
45 35 77
45 36 11
45 37 125
45 38 1
45 39 62
45 41 10
45 42 49
45 43 35
46 0 3
46 1 49
46 2 125
46 3 75
46 4 108
46 5 80
46 8 115
46 9 49
46 10 23
46 11 136
46 12 153
46 15 4
46 16 94
46 18 79
46 19 89
46 20 94
46 25 21
46 26 103
46 27 132
46 28 26
46 29 143
46 30 150
46 31 149
46 32 46
46 33 45
46 34 103
46 35 14
46 36 104
46 37 85
46 38 7
46 39 87
46 40 72
46 41 85
46 42 137
46 43 64
46 45 3
47 0 148
47 1 111
47 2 27
47 4 99
47 5 61
47 6 83
47 7 109
47 8 130
47 9 6
47 11 101
47 12 34
47 14 58
47 15 25
47 16 89
47 17 50
47 22 97
47 23 66
47 24 54
47 25 16
47 28 137
47 29 71
47 30 105
47 31 2
47 32 64
47 33 129
47 36 11
47 38 83
47 39 92
47 40 100
47 41 90
47 42 131
47 43 118
47 44 49
47 45 85
47 46 108
48 0 77
48 1 56
48 2 93
48 5 59
48 7 140
48 8 27
48 11 39
48 12 120
48 13 35
48 14 84
48 15 10
48 16 31
48 17 4
48 18 10
48 19 55
48 22 6
48 23 42
48 24 31
48 26 123
48 27 77
48 29 83
48 30 41
48 32 5
48 34 124
48 35 134
48 36 146
48 37 12
48 38 152
48 39 48
48 41 65
48 42 154
48 43 73
48 45 1
48 46 142
48 47 118
49 0 51
49 1 102
49 2 23
49 4 104
49 5 60
49 6 81
49 8 24
49 9 150
49 10 159
49 11 27
49 12 58
49 13 121
49 16 39
49 17 131
49 18 148
49 19 140
49 20 69
49 21 20
49 22 142
49 23 135
49 24 63
49 25 42
49 26 110
49 27 153
49 28 24
49 29 148
49 30 52
49 31 56
49 35 130
49 37 113
49 38 49
49 40 142
49 41 152
49 42 32
49 43 137
49 44 90
49 45 26
49 47 39
49 48 90
50 1 34
50 3 80
50 4 130
50 5 97
50 6 68
50 7 17
50 8 101
50 9 41
50 10 129
50 11 66
50 12 44
50 13 78
50 15 66
50 16 35
50 17 2
50 18 138
50 19 33
50 23 135
50 24 71
50 25 116
50 26 111
50 28 48
50 29 140
50 30 37
50 31 94
50 32 124
50 33 105
50 34 148
50 35 22
50 36 149
50 37 33
50 38 118
50 40 71
50 41 100
50 42 99
50 43 124
50 44 79
50 47 21
50 48 38
50 49 71
51 1 63
51 2 54
51 3 138
51 4 154
51 7 105
51 8 55
51 10 126
51 11 15
51 13 98
51 14 120
51 15 57
51 16 3
51 17 70
51 18 70
51 19 47
51 20 33
51 21 129
51 22 34
51 24 61
51 25 111
51 26 28
51 27 92
51 30 151
51 31 46
51 32 19
51 33 144
51 34 40
51 35 34
51 36 79
51 37 152
51 38 113
51 39 35
51 40 60
51 41 85
51 42 41
51 43 101
51 44 75
51 45 87
51 47 154
51 48 69
51 49 115
51 50 142
52 0 146
52 1 47
52 3 20
52 4 12
52 5 27
52 6 71
52 7 47
52 8 120
52 9 86
52 10 21
52 11 29
52 13 2
52 15 7
52 16 142
52 17 33
52 18 128
52 19 106
52 20 152
52 22 117
52 23 121
52 24 54
52 25 8
52 26 79
52 28 150
52 29 160
52 30 148
52 31 88
52 33 73
52 34 16
52 35 2
52 37 93
52 38 23
52 39 1
52 40 73
52 41 1
52 42 94
52 43 102
52 44 103
52 45 130
52 46 31
52 47 105
52 49 125
52 51 70
53 0 107
53 1 155
53 2 121
53 4 126
53 5 61
53 6 101
53 7 55
53 8 99
53 9 118
53 10 63
53 11 92
53 12 2
53 13 58
53 14 145
53 15 103
53 16 23
53 17 17
53 18 84
53 19 95
53 20 18
53 23 28
53 24 22
53 25 13
53 26 79
53 27 24
53 28 63
53 29 66
53 30 144
53 31 17
53 32 94
53 33 137
53 34 1
53 35 125
53 37 10
53 38 140
53 39 131
53 40 145
53 42 159
53 43 20
53 45 9
53 46 21
53 47 32
53 48 115
53 50 10
53 52 140
54 0 143
54 1 105
54 2 118
54 3 119
54 4 32
54 5 30
54 6 76
54 8 23
54 9 42
54 10 132
54 11 24
54 12 64
54 13 141
54 18 54
54 19 139
54 20 2
54 21 1
54 22 27
54 23 147
54 27 2
54 28 119
54 29 54
54 30 62
54 31 93
54 32 73
54 33 95
54 34 101
54 36 79
54 37 22
54 38 157
54 41 153
54 42 104
54 43 99
54 44 34
54 45 143
54 46 86
54 48 123
54 51 73
54 52 14
54 53 49
55 0 157
55 1 41
55 2 22
55 3 119
55 4 13
55 5 60
55 6 53
55 7 79
55 8 65
55 9 41
55 10 76
55 11 99
55 12 63
55 14 149
55 15 55
55 16 90
55 18 72
55 20 138
55 21 63
55 22 123
55 23 32
55 25 141
55 26 147
55 27 114
55 28 63
55 29 126
55 30 78
55 31 137
55 32 29
55 33 96
55 35 114
55 36 75
55 37 65
55 40 118
55 41 15
55 42 135
55 43 2
55 44 114
55 46 14
55 47 144
55 48 10
55 49 78
55 50 50
55 53 81
55 54 142
56 0 7
56 1 138
56 2 154
56 3 12
56 4 57
56 5 38
56 6 36
56 8 152
56 9 58
56 10 135
56 11 24
56 12 74
56 13 41
56 14 35
56 15 48
56 16 121
56 17 59
56 18 124
56 19 75
56 20 44
56 21 48
56 22 160
56 23 89
56 24 122
56 26 93
56 27 113
56 28 25
56 30 16
56 31 85
56 32 45
56 33 91
56 34 54
56 35 123
56 36 137
56 37 4
56 38 40
56 39 132
56 40 148
56 41 39
56 42 90
56 43 48
56 45 152
56 46 37
56 47 60
56 48 139
56 49 19
56 51 136
56 53 138
56 54 77
56 55 71
57 1 21
57 2 136
57 3 47
57 5 103
57 6 3
57 7 9
57 8 46
57 12 150
57 13 5
57 14 64
57 16 84
57 17 154
57 22 69
57 23 142
57 24 148
57 25 68
57 26 135
57 27 36
57 28 120
57 29 150
57 30 32
57 31 108
57 32 13
57 33 53
57 35 92
57 37 25
57 38 36
57 39 55
57 40 16
57 41 102
57 43 16
57 44 86
57 45 108
57 46 119
57 47 93
57 49 128
57 50 150
57 51 71
57 52 84
57 53 85
57 54 110
57 55 113
57 56 122
58 0 25
58 1 95
58 2 24
58 3 52
58 5 56
58 6 7
58 7 10
58 10 67
58 11 48
58 12 82
58 13 67
58 14 45
58 15 46
58 16 34
58 18 134
58 19 149
58 20 100
58 22 154
58 24 159
58 27 81
58 28 84
58 29 120
58 30 42
58 31 130
58 32 59
58 33 121
58 34 19
58 35 71
58 36 30
58 37 105
58 38 105
58 39 32
58 40 92
58 43 57
58 45 36
58 46 16
58 47 36
58 48 134
58 50 14
58 51 63
58 52 157
58 53 109
58 54 104
58 55 28
58 56 74
58 57 108
59 1 25
59 2 53
59 3 51
59 6 104
59 7 149
59 8 40
59 9 129
59 10 123
59 11 88
59 13 69
59 14 66
59 16 33
59 18 18
59 19 101
59 20 91
59 22 156
59 23 47
59 24 123
59 25 143
59 26 28
59 27 36
59 30 154
59 31 45
59 32 6
59 34 79
59 35 56
59 36 158
59 37 10
59 38 104
59 39 37
59 40 63
59 41 12
59 45 63
59 47 64
59 49 30
59 50 25
59 51 44
59 52 1
59 53 76
59 54 69
59 55 15
59 56 144
59 57 64
59 58 97
60 2 40
60 3 158
60 4 92
60 5 62
60 6 66
60 7 66
60 8 104
60 9 65
60 11 94
60 13 119
60 15 137
60 16 80
60 17 85
60 18 117
60 19 55
60 20 86
60 21 84
60 22 129
60 23 26
60 24 27
60 25 72
60 26 100
60 27 147
60 28 107
60 29 94
60 30 113
60 31 158
60 32 77
60 33 117
60 34 51
60 35 42
60 36 99
60 39 160
60 40 118
60 43 43
60 44 74
60 45 43
60 46 106
60 47 135
60 48 105
60 49 28
60 50 33
60 52 160
60 53 69
60 54 95
60 55 90
60 56 144
60 57 6
60 58 56
60 59 115
61 0 137
61 2 5
61 3 93
61 4 160
61 5 92
61 8 70
61 9 101
61 13 123
61 14 21
61 15 138
61 16 92
61 17 104
61 18 139
61 19 144
61 20 95
61 21 55
61 22 50
61 24 63
61 25 100
61 26 145
61 27 104
61 29 70
61 31 94
61 32 10
61 33 2
61 34 58
61 36 55
61 37 96
61 38 11
61 39 103
61 40 115
61 41 151
61 42 101
61 43 66
61 44 144
61 45 72
61 46 99
61 47 39
61 48 155
61 49 150
61 50 53
61 51 94
61 52 123
61 53 67
61 55 143
61 57 25
61 58 48
61 59 136
61 60 122
62 0 154
62 1 28
62 2 156
62 3 40
62 5 118
62 6 113
62 7 138
62 11 57
62 12 88
62 13 69
62 14 82
62 15 125
62 17 93
62 18 14
62 19 78
62 20 17
62 22 116
62 23 20
62 24 119
62 25 79
62 26 45
62 27 13
62 28 37
62 30 100
62 31 47
62 32 45
62 33 82
62 34 73
62 35 155
62 36 92
62 37 76
62 38 8
62 39 68
62 40 77
62 41 126
62 43 3
62 44 138
62 45 32
62 46 48
62 47 129
62 48 68
62 49 75
62 50 46
62 52 78
62 53 13
62 54 128
62 55 48
62 56 85
62 57 156
62 58 141
62 59 155
62 60 158
62 61 37
63 0 55
63 1 112
63 2 154
63 3 117
63 4 159
63 5 59
63 6 90
63 7 155
63 8 6
63 9 117
63 10 119
63 12 25
63 13 55
63 14 19
63 16 83
63 17 105
63 18 31
63 19 149
63 20 132
63 21 124
63 22 137
63 23 32
63 24 16
63 27 64
63 28 89
63 29 68
63 30 98
63 31 130
63 32 124
63 34 38
63 35 75
63 36 146
63 37 3
63 38 58
63 39 19
63 40 109
63 41 98
63 43 103
63 44 160
63 45 15
63 46 75
63 47 57
63 50 57
63 51 105
63 52 44
63 55 149
63 56 63
63 57 160
63 59 110
63 60 21
63 62 55
64 1 152
64 2 136
64 3 141
64 6 11
64 8 94
64 9 46
64 10 19
64 11 156
64 13 44
64 14 32
64 15 49
64 17 14
64 18 68
64 21 114
64 22 94
64 23 49
64 24 133
64 25 97
64 27 2
64 28 17
64 29 33
64 30 72
64 31 148
64 32 132
64 33 78
64 34 118
64 35 156
64 36 10
64 37 65
64 38 156
64 40 31
64 41 22
64 43 82
64 44 34
64 45 156
64 46 66
64 47 96
64 48 159
64 49 115
64 52 42
64 53 48
64 55 76
64 56 106
64 57 55
64 58 62
64 59 133
64 60 145
64 61 113
65 0 1
65 1 95
65 3 42
65 6 156
65 7 72
65 8 146
65 9 92
65 11 91
65 12 27
65 13 17
65 14 50
65 15 156
65 16 48
65 18 88
65 19 113
65 20 104
65 21 97
65 22 68
65 24 77
65 25 68
65 27 49
65 28 10
65 29 122
65 30 141
65 31 153
65 32 71
65 35 66
65 36 1
65 37 101
65 38 60
65 39 132
65 40 139
65 41 37
65 42 34
65 44 139
65 45 160
65 46 114
65 47 82
65 48 20
65 49 36
65 50 65
65 51 133
65 52 21
65 53 102
65 55 108
65 56 120
65 59 98
65 60 25
65 61 14
65 63 157
65 64 44
66 0 12
66 1 5
66 2 7
66 3 10
66 4 85
66 6 53
66 7 148
66 8 149
66 9 88
66 10 95
66 12 122
66 14 64
66 15 15
66 17 103
66 18 21
66 19 96
66 20 121
66 23 10
66 24 2
66 26 68
66 28 125
66 29 145
66 31 10
66 32 14
66 34 37
66 35 116
66 36 45
66 37 78
66 39 136
66 40 110
66 41 116
66 42 16
66 43 66
66 44 103
66 46 151
66 49 33
66 50 114
66 51 84
66 52 76
66 53 106
66 54 126
66 55 24
66 56 106
66 57 147
66 58 20
66 59 63
66 60 67
66 61 40
66 62 8
66 63 132
66 64 135
66 65 145
67 1 111
67 2 144
67 4 120
67 5 18
67 6 37
67 7 139
67 8 108
67 9 7
67 10 63
67 11 119
67 13 24
67 14 116
67 15 87
67 16 95
67 17 135
67 18 6
67 19 23
67 20 98
67 22 154
67 23 12
67 24 16
67 25 45
67 26 39
67 27 41
67 28 143
67 30 16
67 31 91
67 32 23
67 35 144
67 36 95
67 38 93
67 39 28
67 40 80
67 41 103
67 42 42
67 44 80
67 45 93
67 46 133
67 47 143
67 48 106
67 49 24
67 51 22
67 52 148
67 55 6
67 56 136
67 57 23
67 59 51
67 60 124
67 61 93
67 62 6
67 63 157
67 64 57
67 65 75
67 66 26
68 0 35
68 1 25
68 3 64
68 5 143
68 6 151
68 8 117
68 9 68
68 10 6
68 11 153
68 12 76
68 15 154
68 16 122
68 18 144
68 19 49
68 21 5
68 23 140
68 24 55
68 25 155
68 28 152
68 29 152
68 31 8
68 33 45
68 35 154
68 36 62
68 37 66
68 38 146
68 39 46
68 40 76
68 42 93
68 44 117
68 45 68
68 47 38
68 48 91
68 49 82
68 50 47
68 51 104
68 52 11
68 53 129
68 54 66
68 55 118
68 57 6
68 59 15
68 63 92
68 64 119
68 65 75
68 67 109
69 0 140
69 1 26
69 3 15
69 4 86
69 5 67
69 7 57
69 8 66
69 9 93
69 10 128
69 11 75
69 12 63
69 13 121
69 15 95
69 16 78
69 17 53
69 18 128
69 19 113
69 20 106
69 21 60
69 22 118
69 23 2
69 25 48
69 26 98
69 28 49
69 31 31
69 32 108
69 33 117
69 34 123
69 35 63
69 36 97
69 37 157
69 38 154
69 39 150
69 40 55
69 42 50
69 43 134
69 44 121
69 45 60
69 46 97
69 48 85
69 50 140
69 51 37
69 52 129
69 53 109
69 54 145
69 56 116
69 57 89
69 58 40
69 59 62
69 60 132
69 62 1
69 63 5
69 64 13
69 66 143
69 67 50
69 68 21
