50
3 2 133
4 0 53
4 3 80
6 3 5
6 4 49
7 5 83
8 3 78
8 4 67
8 6 148
9 1 140
9 4 6
10 1 12
10 5 91
11 3 81
11 4 3
12 10 160
13 3 109
13 11 38
14 4 52
14 5 28
14 8 35
15 10 32
16 1 39
16 8 108
16 10 21
17 4 145
17 5 11
18 1 24
18 5 36
18 8 92
18 16 84
19 1 91
20 8 51
20 13 38
20 16 89
21 4 12
21 7 68
21 18 100
22 1 160
22 7 67
22 16 124
22 18 100
23 3 25
23 8 67
23 13 53
23 15 50
23 18 116
23 19 78
23 20 63
23 21 74
24 6 156
24 14 98
24 16 114
24 17 107
24 23 103
25 2 137
25 6 17
25 17 60
26 4 116
26 8 117
26 9 126
26 12 6
26 23 10
27 12 20
27 15 15
27 18 28
28 2 72
28 3 75
28 6 131
28 7 67
28 9 72
28 13 104
28 15 66
28 18 73
28 25 141
29 1 41
29 5 43
29 9 105
29 14 25
29 20 149
30 5 133
30 7 104
30 13 121
30 16 132
30 17 50
30 19 113
31 4 81
31 10 84
31 12 125
31 15 11
31 23 84
31 25 59
31 28 71
31 30 133
32 14 31
32 18 57
32 26 43
32 27 18
33 1 71
33 8 41
33 17 139
33 22 33
33 31 67
34 3 60
34 4 37
34 12 159
34 13 56
34 17 88
34 21 133
35 4 49
35 6 140
35 7 122
35 13 139
35 15 142
35 19 27
35 25 57
35 34 93
36 8 135
36 9 20
36 23 133
36 24 7
36 25 150
36 29 9
36 31 143
37 4 59
37 7 43
37 10 113
37 12 19
37 13 125
37 16 55
37 17 154
37 18 4
37 32 79
37 33 124
38 2 63
38 20 13
38 24 15
38 25 135
38 30 2
38 34 55
39 0 16
39 4 8
39 7 22
39 14 54
39 18 21
39 20 152
39 27 120
39 28 79
39 38 97
40 4 45
40 6 145
40 16 42
40 19 53
40 24 128
40 26 129
40 29 67
40 30 19
40 33 148
40 36 49
40 38 74
41 5 70
41 8 105
41 10 75
41 16 112
41 19 104
41 30 7
41 31 139
41 33 35
41 39 9
42 5 85
42 10 112
42 13 64
42 14 82
42 21 74
42 31 43
42 34 40
43 10 65
43 14 58
43 24 94
43 32 36
43 33 86
43 42 127
44 19 37
44 21 69
44 22 2
44 25 104
44 31 24
44 32 53
44 33 1
44 37 79
45 2 75
45 3 144
45 5 3
45 14 157
45 25 156
45 26 85
45 30 147
45 32 124
45 34 125
45 41 139
46 9 67
46 20 101
46 22 48
46 23 37
46 29 73
46 32 92
46 39 134
46 40 123
47 7 129
47 8 140
47 13 64
47 17 40
47 18 62
47 22 94
47 25 84
47 26 26
47 31 66
47 33 74
47 34 7
47 41 131
47 45 19
48 10 27
48 14 76
48 20 23
48 22 87
48 23 21
48 32 39
48 34 20
48 35 66
48 38 102
48 42 159
48 44 7
49 11 143
49 23 90
49 25 28
49 31 147
49 39 88
49 44 113
