60
2 0 28
2 1 38
3 1 38
3 2 17
4 0 20
4 1 10
4 2 7
4 3 40
5 0 29
5 1 33
5 2 33
6 0 31
6 1 31
6 4 20
6 5 24
7 0 3
7 1 10
7 2 2
7 3 35
7 5 5
7 6 5
8 0 6
8 1 26
8 2 5
8 3 31
8 4 27
8 5 19
8 6 40
8 7 40
9 0 2
9 1 39
9 3 22
9 4 31
9 7 18
10 0 24
10 1 22
10 2 11
10 3 35
10 5 16
10 6 21
10 8 23
10 9 9
11 0 36
11 2 20
11 3 7
11 4 10
11 5 5
11 7 33
11 8 6
11 9 25
11 10 24
12 0 15
12 1 38
12 3 18
12 6 20
12 7 7
12 10 35
12 11 39
13 0 14
13 1 4
13 2 27
13 3 11
13 6 32
13 7 5
13 8 6
13 10 17
13 12 23
14 0 5
14 3 39
14 4 3
14 6 12
14 7 17
14 8 12
14 9 6
14 10 15
14 11 5
15 0 20
15 1 25
15 3 40
15 5 30
15 7 6
15 8 6
15 9 22
15 10 30
15 11 2
15 12 33
15 13 10
15 14 38
16 1 32
16 2 13
16 3 35
16 5 17
16 6 27
16 7 11
16 8 14
16 11 39
17 1 32
17 3 12
17 5 3
17 7 26
17 9 36
17 10 32
17 12 15
17 13 6
17 14 2
17 15 6
18 0 9
18 1 36
18 2 34
18 3 28
18 4 17
18 6 37
18 7 28
18 8 15
18 9 5
18 10 13
18 11 34
18 12 11
18 13 22
18 14 24
18 16 36
18 17 30
19 0 40
19 3 15
19 4 22
19 5 33
19 6 22
19 7 3
19 9 39
19 10 39
19 11 36
19 12 22
19 16 9
20 0 17
20 1 37
20 2 21
20 3 22
20 4 1
20 5 35
20 6 39
20 7 36
20 9 12
20 10 11
20 11 23
20 12 17
20 13 39
20 15 37
20 16 36
20 17 10
20 18 18
20 19 7
21 0 26
21 1 2
21 2 12
21 3 13
21 4 37
21 7 29
21 8 40
21 9 13
21 10 7
21 11 33
21 12 17
21 13 4
21 14 21
21 16 29
21 17 5
21 18 32
21 20 2
22 0 35
22 1 20
22 2 37
22 3 15
22 5 9
22 6 31
22 8 10
22 9 38
22 10 23
22 11 10
22 12 17
22 13 19
22 14 15
22 15 9
22 18 17
22 19 38
23 0 15
23 3 4
23 5 11
23 6 19
23 7 7
23 9 30
23 11 1
23 12 35
23 14 1
23 15 7
23 16 32
23 18 23
23 19 19
23 21 25
23 22 31
24 0 30
24 2 37
24 3 11
24 4 21
24 5 35
24 6 18
24 8 12
24 9 38
24 12 13
24 15 11
24 17 5
24 18 4
24 20 9
24 21 17
24 22 10
24 23 25
25 1 22
25 4 11
25 6 33
25 7 7
25 8 30
25 9 1
25 10 32
25 11 22
25 12 33
25 13 27
25 14 6
25 16 25
25 17 7
25 18 34
25 20 21
25 22 33
25 24 32
26 1 20
26 2 28
26 3 27
26 4 34
26 5 13
26 6 19
26 9 9
26 11 8
26 14 29
26 15 4
26 16 25
26 18 24
26 20 10
26 21 39
26 25 23
27 2 1
27 4 20
27 6 28
27 8 21
27 9 4
27 10 9
27 11 19
27 12 5
27 14 5
27 15 17
27 16 21
27 17 39
27 18 32
27 19 13
27 20 26
27 21 28
27 22 38
27 23 36
27 24 21
27 25 20
27 26 5
28 0 17
28 1 33
28 2 15
28 3 37
28 4 14
28 5 33
28 9 1
28 12 38
28 14 20
28 15 38
28 16 20
28 17 25
28 18 28
28 21 26
28 24 39
28 25 8
29 0 9
29 2 18
29 4 22
29 6 40
29 8 23
29 10 23
29 11 14
29 13 10
29 14 25
29 15 39
29 19 32
29 20 11
29 22 7
29 23 25
29 24 2
29 25 12
29 26 3
29 28 14
30 0 2
30 1 8
30 2 27
30 4 28
30 5 14
30 6 34
30 7 39
30 8 5
30 9 1
30 10 29
30 11 3
30 12 6
30 13 40
30 14 6
30 16 10
30 17 22
30 18 9
30 19 11
30 21 13
30 23 32
30 24 12
30 27 22
30 28 36
30 29 4
31 1 34
31 2 36
31 5 38
31 6 5
31 8 9
31 11 37
31 12 36
31 13 9
31 15 40
31 17 28
31 18 1
31 20 5
31 24 4
31 25 17
31 26 7
31 27 31
31 28 14
31 29 29
32 0 17
32 1 30
32 2 32
32 3 37
32 4 28
32 5 8
32 6 34
32 7 34
32 9 24
32 10 18
32 14 30
32 15 11
32 17 27
32 18 7
32 19 10
32 20 31
32 21 12
32 22 15
32 23 16
32 24 8
32 25 26
32 26 13
32 27 32
32 28 30
32 29 38
32 30 3
32 31 2
33 0 35
33 3 13
33 4 4
33 6 36
33 7 23
33 8 26
33 11 16
33 12 18
33 14 34
33 15 21
33 16 5
33 17 30
33 20 25
33 22 39
33 24 31
33 25 29
33 26 22
33 27 2
33 28 35
33 29 2
33 31 23
33 32 26
34 0 28
34 1 33
34 2 39
34 3 26
34 4 23
34 5 31
34 6 19
34 8 11
34 10 15
34 12 28
34 13 7
34 14 30
34 15 16
34 17 27
34 18 34
34 19 28
34 20 4
34 22 36
34 24 25
34 26 27
34 28 33
34 32 19
35 0 38
35 1 37
35 3 25
35 6 21
35 7 10
35 8 29
35 10 31
35 11 22
35 12 30
35 13 28
35 15 30
35 16 34
35 17 33
35 18 33
35 19 37
35 20 33
35 21 20
35 22 32
35 23 5
35 24 31
35 25 31
35 26 20
35 28 21
35 29 2
35 31 40
35 32 18
35 33 38
35 34 9
36 0 31
36 1 22
36 2 4
36 3 6
36 4 9
36 5 7
36 6 24
36 7 32
36 8 11
36 9 30
36 10 26
36 11 5
36 12 39
36 13 34
36 14 2
36 15 24
36 16 9
36 17 20
36 19 10
36 21 5
36 29 13
36 31 27
36 32 19
36 34 40
36 35 1
37 0 6
37 2 32
37 3 33
37 4 25
37 5 13
37 6 10
37 7 19
37 8 12
37 9 34
37 10 38
37 11 10
37 12 31
37 14 29
37 15 18
37 16 8
37 18 40
37 19 34
37 20 12
37 22 35
37 23 10
37 24 15
37 25 21
37 26 6
37 27 9
37 28 7
37 29 36
37 30 25
37 31 39
37 32 24
37 33 9
37 35 23
38 0 8
38 1 17
38 2 22
38 5 36
38 6 4
38 7 37
38 8 26
38 9 31
38 11 27
38 12 34
38 13 39
38 14 18
38 15 6
38 16 30
38 17 30
38 19 6
38 22 34
38 23 3
38 24 27
38 27 10
38 29 4
38 30 38
38 32 16
38 34 8
38 35 14
38 36 22
39 0 6
39 1 12
39 2 19
39 4 24
39 5 4
39 7 13
39 8 17
39 12 34
39 14 3
39 15 10
39 16 14
39 17 27
39 18 6
39 19 13
39 20 17
39 21 18
39 22 7
39 23 2
39 24 35
39 28 29
39 29 11
39 30 17
39 35 4
39 37 22
40 0 31
40 2 10
40 3 27
40 4 17
40 6 6
40 7 38
40 8 9
40 9 16
40 10 14
40 11 36
40 13 11
40 14 10
40 16 15
40 17 29
40 18 4
40 20 40
40 21 39
40 23 36
40 27 6
40 28 19
40 29 5
40 32 6
40 35 8
40 38 18
40 39 30
41 1 20
41 3 21
41 5 29
41 6 27
41 7 16
41 8 31
41 9 14
41 10 26
41 12 38
41 13 11
41 15 19
41 16 34
41 17 5
41 18 12
41 19 39
41 22 18
41 23 40
41 24 21
41 25 27
41 26 32
41 27 3
41 28 28
41 29 2
41 30 38
41 32 4
41 33 40
41 37 34
41 39 26
41 40 10
42 1 18
42 2 19
42 3 3
42 7 24
42 9 17
42 10 3
42 12 24
42 13 7
42 16 14
42 17 25
42 18 36
42 20 11
42 22 23
42 25 19
42 27 2
42 29 10
42 31 31
42 32 35
42 33 3
42 34 35
42 35 5
42 36 21
42 37 37
42 39 34
42 40 10
43 1 25
43 4 12
43 5 20
43 8 30
43 10 32
43 11 38
43 12 16
43 14 23
43 15 16
43 16 6
43 19 10
43 20 13
43 21 18
43 23 12
43 24 12
43 25 19
43 26 36
43 27 17
43 28 27
43 29 26
43 30 20
43 31 19
43 32 26
43 35 37
43 37 26
43 38 12
43 39 11
43 40 14
43 41 19
44 0 20
44 5 20
44 6 19
44 7 38
44 8 18
44 9 4
44 10 14
44 11 7
44 12 25
44 13 5
44 14 34
44 16 13
44 17 29
44 18 33
44 19 3
44 21 36
44 22 25
44 23 11
44 24 24
44 25 10
44 26 8
44 27 17
44 28 31
44 31 36
44 33 23
44 34 1
44 35 36
44 36 19
44 37 27
44 38 31
44 39 17
44 41 21
44 43 40
45 3 31
45 4 26
45 5 14
45 7 40
45 8 40
45 9 16
45 10 11
45 11 17
45 12 37
45 13 10
45 14 18
45 15 9
45 16 16
45 18 10
45 19 6
45 20 34
45 21 6
45 22 12
45 23 15
45 24 36
45 25 12
45 28 29
45 30 33
45 32 11
45 33 5
45 34 2
45 35 17
45 36 22
45 37 31
45 39 11
45 40 1
45 41 4
45 44 25
46 0 30
46 1 7
46 2 26
46 4 15
46 7 35
46 8 34
46 9 5
46 10 37
46 11 5
46 12 15
46 15 12
46 18 25
46 19 4
46 20 10
46 22 28
46 24 15
46 25 24
46 26 40
46 27 29
46 29 14
46 30 4
46 31 20
46 32 20
46 36 3
46 37 36
46 38 14
46 39 19
46 41 23
46 42 23
46 43 7
46 44 18
47 0 26
47 2 29
47 3 24
47 4 27
47 6 24
47 9 8
47 10 4
47 11 32
47 13 16
47 14 5
47 15 10
47 16 33
47 17 33
47 19 1
47 20 11
47 22 22
47 23 35
47 24 39
47 25 13
47 26 21
47 27 37
47 29 17
47 30 14
47 31 40
47 32 11
47 35 28
47 36 34
47 38 19
47 39 36
47 40 14
47 41 15
47 44 8
48 0 13
48 4 14
48 5 21
48 6 31
48 7 24
48 10 28
48 11 22
48 12 25
48 14 16
48 15 33
48 16 2
48 18 1
48 20 30
48 21 11
48 24 21
48 25 18
48 26 17
48 27 11
48 28 31
48 31 16
48 32 30
48 33 37
48 34 22
48 36 12
48 37 15
48 39 15
48 40 8
48 41 36
48 42 22
48 43 32
48 45 5
48 46 33
49 0 12
49 1 25
49 2 12
49 3 5
49 4 5
49 6 23
49 7 5
49 8 28
49 9 31
49 11 39
49 12 29
49 13 2
49 16 26
49 17 22
49 18 18
49 19 37
49 21 4
49 22 4
49 23 9
49 24 23
49 25 18
49 26 7
49 27 26
49 28 17
49 29 9
49 32 2
49 33 21
49 34 11
49 35 31
49 37 39
49 38 12
49 40 17
49 41 4
49 42 16
49 43 2
49 44 25
49 45 9
49 46 8
49 47 39
50 0 18
50 1 34
50 3 6
50 4 12
50 6 8
50 7 39
50 10 8
50 11 2
50 12 6
50 13 22
50 14 6
50 15 29
50 17 16
50 18 27
50 19 27
50 20 9
50 21 34
50 22 11
50 23 29
50 26 29
50 28 19
50 29 21
50 31 32
50 35 37
50 36 5
50 37 24
50 39 14
50 40 28
50 41 18
50 42 39
50 43 30
50 44 18
50 45 1
50 46 2
50 47 31
50 48 14
50 49 33
51 4 6
51 5 30
51 8 24
51 9 13
51 10 2
51 11 3
51 14 40
51 16 22
51 17 14
51 18 38
51 20 2
51 23 13
51 24 4
51 25 25
51 26 25
51 27 31
51 28 3
51 30 12
51 31 29
51 32 4
51 33 22
51 34 12
51 36 37
51 37 29
51 38 35
51 39 24
51 40 13
51 43 11
51 44 18
51 45 31
51 46 14
51 47 22
51 48 24
51 49 28
52 0 29
52 1 15
52 2 2
52 3 26
52 4 20
52 5 16
52 8 27
52 9 27
52 10 37
52 11 14
52 15 18
52 16 21
52 17 1
52 21 28
52 22 22
52 23 17
52 25 10
52 26 17
52 27 21
52 28 37
52 29 11
52 30 30
52 31 16
52 32 38
52 34 7
52 35 39
52 36 24
52 38 26
52 40 3
52 41 33
52 42 6
52 43 36
52 44 22
52 45 17
52 47 40
52 48 2
52 49 38
52 50 35
52 51 7
53 0 18
53 2 40
53 3 15
53 4 22
53 5 11
53 6 31
53 7 22
53 8 38
53 11 1
53 12 26
53 13 12
53 15 8
53 16 14
53 17 11
53 18 33
53 19 26
53 22 16
53 23 21
53 24 11
53 25 38
53 27 40
53 28 29
53 29 19
53 30 36
53 31 16
53 32 9
53 33 27
53 34 5
53 35 39
53 36 23
53 37 5
53 38 12
53 43 11
53 45 1
53 46 34
53 47 10
53 48 7
53 49 32
53 51 29
53 52 17
54 0 17
54 1 16
54 2 5
54 3 38
54 5 7
54 7 13
54 8 19
54 9 38
54 10 27
54 11 3
54 13 21
54 14 28
54 15 18
54 16 38
54 19 10
54 20 8
54 21 2
54 22 20
54 23 23
54 24 16
54 25 37
54 26 10
54 27 1
54 28 10
54 30 15
54 31 31
54 32 19
54 33 27
54 34 19
54 35 22
54 36 17
54 38 7
54 39 33
54 40 24
54 42 20
54 47 29
54 48 33
54 50 38
54 52 18
55 0 12
55 1 21
55 2 37
55 3 29
55 4 6
55 6 40
55 7 26
55 8 16
55 9 31
55 10 7
55 12 33
55 13 6
55 14 39
55 15 29
55 16 19
55 18 5
55 19 13
55 26 15
55 27 4
55 29 39
55 33 7
55 37 4
55 38 4
55 39 20
55 41 28
55 42 4
55 44 25
55 45 15
55 48 11
55 49 7
55 50 18
55 51 10
55 52 37
55 54 3
56 0 23
56 3 8
56 4 24
56 5 13
56 6 35
56 8 30
56 9 37
56 11 30
56 14 32
56 16 13
56 17 8
56 18 3
56 19 5
56 20 11
56 22 9
56 23 22
56 24 11
56 25 31
56 26 36
56 27 40
56 28 19
56 29 2
56 30 38
56 31 14
56 33 8
56 34 13
56 35 20
56 36 8
56 37 37
56 38 1
56 39 1
56 40 22
56 41 4
56 42 33
56 45 1
56 46 7
56 47 17
56 49 28
56 52 26
56 54 17
56 55 37
57 1 37
57 2 8
57 5 30
57 7 1
57 10 29
57 11 9
57 12 28
57 13 24
57 14 13
57 15 1
57 16 21
57 17 14
57 18 22
57 20 25
57 22 21
57 24 28
57 25 4
57 27 25
57 29 3
57 30 12
57 31 15
57 32 6
57 33 27
57 34 10
57 35 19
57 36 27
57 37 33
57 38 18
57 39 23
57 40 22
57 41 13
57 42 8
57 43 40
57 45 31
57 46 31
57 48 8
57 50 2
57 51 38
57 52 26
57 53 12
57 54 15
57 55 9
57 56 10
58 1 28
58 2 15
58 4 25
58 5 24
58 6 31
58 7 33
58 8 34
58 10 30
58 11 36
58 13 20
58 15 31
58 16 39
58 19 8
58 20 30
58 21 9
58 22 5
58 23 16
58 25 2
58 26 5
58 27 12
58 28 4
58 29 3
58 32 32
58 34 9
58 39 26
58 41 40
58 42 30
58 43 35
58 44 34
58 45 24
58 46 17
58 48 17
58 49 32
58 51 40
58 52 35
58 53 17
58 55 25
58 56 17
59 0 6
59 2 3
59 5 17
59 6 10
59 8 12
59 9 32
59 10 11
59 11 33
59 12 24
59 13 40
59 15 38
59 16 15
59 17 12
59 18 31
59 19 40
59 20 3
59 21 13
59 22 6
59 23 21
59 24 12
59 26 36
59 27 35
59 28 30
59 30 28
59 31 39
59 34 18
59 35 1
59 37 32
59 38 31
59 39 5
59 40 2
59 42 24
59 44 11
59 45 1
59 48 13
59 49 13
59 51 1
59 53 21
59 54 4
59 55 16
59 57 3
59 58 4
