60
1 0 12
3 0 8
3 1 50
4 0 73
4 1 35
4 2 49
4 3 4
5 0 59
5 1 3
5 3 15
5 4 77
6 1 63
6 3 78
6 4 68
6 5 61
7 0 41
7 1 52
7 4 31
8 0 32
8 1 38
8 2 47
8 3 32
8 6 41
8 7 52
9 0 65
9 3 59
9 4 74
9 5 30
9 8 8
10 0 53
10 3 18
10 5 6
10 6 69
10 8 80
10 9 80
11 0 21
11 4 67
11 6 29
11 9 44
11 10 59
12 0 50
12 1 49
12 3 2
12 4 53
12 7 5
12 8 76
12 9 76
12 10 68
12 11 73
13 0 23
13 1 11
13 2 18
13 3 4
13 5 72
13 6 68
13 7 13
13 8 60
13 9 35
13 10 67
13 11 22
13 12 62
14 0 80
14 2 10
14 3 79
14 6 53
14 9 21
14 10 9
14 11 11
15 0 52
15 1 67
15 4 32
15 8 53
15 10 35
15 11 60
16 0 12
16 1 39
16 2 62
16 3 23
16 7 43
16 9 21
16 10 71
16 11 13
16 14 37
16 15 44
17 0 18
17 1 33
17 4 2
17 5 21
17 6 62
17 8 1
17 10 35
17 12 34
17 13 65
17 14 50
18 0 76
18 2 79
18 3 48
18 4 42
18 7 32
18 8 68
18 9 69
18 14 60
18 15 50
18 16 26
19 2 29
19 3 36
19 4 19
19 5 53
19 6 23
19 7 10
19 8 69
19 9 20
19 10 14
19 11 22
19 12 70
19 13 16
19 17 47
19 18 54
20 1 2
20 2 62
20 3 52
20 4 28
20 7 40
20 8 65
20 9 36
20 10 76
20 11 79
20 12 27
20 13 16
20 15 56
20 17 73
20 18 71
20 19 60
21 0 71
21 1 19
21 4 52
21 5 54
21 6 77
21 8 53
21 10 79
21 11 62
21 12 17
21 14 48
21 15 21
21 17 2
21 20 45
22 0 49
22 2 66
22 6 2
22 7 40
22 9 22
22 10 33
22 12 75
22 13 2
22 15 60
22 17 2
22 19 80
22 20 35
23 3 61
23 6 54
23 7 2
23 8 58
23 10 77
23 11 64
23 13 13
23 15 71
23 16 3
23 17 7
23 18 53
23 21 71
23 22 13
24 0 69
24 1 71
24 2 8
24 4 53
24 5 8
24 6 26
24 7 23
24 8 20
24 9 14
24 10 70
24 12 46
24 14 76
24 15 67
24 18 75
24 19 70
24 21 27
25 3 55
25 4 55
25 8 18
25 9 58
25 10 21
25 11 35
25 13 24
25 16 30
25 17 63
25 18 71
25 20 48
25 22 48
25 23 6
25 24 15
26 0 76
26 1 63
26 2 50
26 3 15
26 4 34
26 5 49
26 7 80
26 8 54
26 10 17
26 11 35
26 12 71
26 14 48
26 15 20
26 18 50
26 19 53
26 20 44
26 21 29
26 22 20
27 1 44
27 2 65
27 3 67
27 5 60
27 6 29
27 7 71
27 8 42
27 10 67
27 11 37
27 12 2
27 13 52
27 15 7
27 18 74
27 19 35
27 20 57
27 22 39
27 23 23
27 24 20
28 1 25
28 2 33
28 3 52
28 4 32
28 6 79
28 7 26
28 8 22
28 9 28
28 10 30
28 11 66
28 12 3
28 14 22
28 15 22
28 16 25
28 17 69
28 19 41
28 20 44
28 22 19
28 23 50
28 24 42
28 25 44
28 26 74
28 27 67
29 1 38
29 2 80
29 4 21
29 10 59
29 12 78
29 13 19
29 14 53
29 16 10
29 17 64
29 18 5
29 19 10
29 20 48
29 22 62
29 23 32
29 24 12
29 25 49
29 26 78
29 27 23
29 28 66
30 4 71
30 5 57
30 6 29
30 8 66
30 10 59
30 11 32
30 14 52
30 16 80
30 18 10
30 19 50
30 20 12
30 21 50
30 22 78
30 23 41
30 26 71
30 27 29
30 28 55
30 29 7
31 0 62
31 1 36
31 2 55
31 3 44
31 4 62
31 5 20
31 7 67
31 10 54
31 14 44
31 16 56
31 17 49
31 18 35
31 19 72
31 20 34
31 21 52
31 22 44
31 30 12
32 0 67
32 1 3
32 2 21
32 3 68
32 4 70
32 6 40
32 7 55
32 8 74
32 9 77
32 10 17
32 11 37
32 12 9
32 13 28
32 14 71
32 16 72
32 17 73
32 20 34
32 21 1
32 22 65
32 25 79
32 26 34
32 27 42
32 30 36
33 0 23
33 1 52
33 2 17
33 3 20
33 4 36
33 5 49
33 6 47
33 8 59
33 9 27
33 10 65
33 12 70
33 13 72
33 14 56
33 15 57
33 16 4
33 18 39
33 19 42
33 20 27
33 21 57
33 22 46
33 23 59
33 25 16
33 28 17
33 30 19
33 32 41
34 0 38
34 2 33
34 4 33
34 5 71
34 6 56
34 7 17
34 12 79
34 13 64
34 15 30
34 16 78
34 19 24
34 20 64
34 21 22
34 22 9
34 24 27
34 25 52
34 26 37
34 27 60
34 28 38
34 29 45
34 30 39
34 31 54
34 32 53
35 1 58
35 2 64
35 3 10
35 7 30
35 8 34
35 9 59
35 10 50
35 11 47
35 12 34
35 15 65
35 18 49
35 20 66
35 23 45
35 24 39
35 25 14
35 26 35
35 27 2
35 29 46
35 31 80
35 34 64
36 2 36
36 3 32
36 4 24
36 5 47
36 9 33
36 10 36
36 12 48
36 13 31
36 15 14
36 16 56
36 17 23
36 18 14
36 19 65
36 20 62
36 21 38
36 22 66
36 23 79
36 24 25
36 25 52
36 26 73
36 27 20
36 29 59
36 30 29
36 32 29
36 34 13
36 35 63
37 0 73
37 1 9
37 2 64
37 3 30
37 6 6
37 7 25
37 8 18
37 10 44
37 15 80
37 19 50
37 21 23
37 22 40
37 23 42
37 24 70
37 25 16
37 26 30
37 27 51
37 29 34
37 32 24
37 34 48
37 35 35
38 0 33
38 3 71
38 5 38
38 6 62
38 7 72
38 8 45
38 9 80
38 13 11
38 14 70
38 17 67
38 18 54
38 20 65
38 22 71
38 24 62
38 26 76
38 30 80
38 31 64
38 34 40
38 35 13
38 36 39
39 0 59
39 1 50
39 2 3
39 6 48
39 7 74
39 8 77
39 9 28
39 11 54
39 13 33
39 14 48
39 16 63
39 19 4
39 20 22
39 21 48
39 22 6
39 25 78
39 26 9
39 27 26
39 28 47
39 29 69
39 34 38
39 36 50
39 38 23
40 0 49
40 1 64
40 5 72
40 6 65
40 7 40
40 9 40
40 12 66
40 13 53
40 14 31
40 18 26
40 19 11
40 21 75
40 22 27
40 23 16
40 24 80
40 26 1
40 27 62
40 29 71
40 31 80
40 32 41
40 33 22
40 38 59
40 39 40
41 1 72
41 2 33
41 3 18
41 5 38
41 6 38
41 10 61
41 11 21
41 12 35
41 13 41
41 14 29
41 16 13
41 19 66
41 21 68
41 23 47
41 26 64
41 28 53
41 29 73
41 32 13
41 33 35
41 36 54
41 37 29
41 38 27
42 0 61
42 3 28
42 4 11
42 5 68
42 7 30
42 9 27
42 10 27
42 13 69
42 14 68
42 16 74
42 17 10
42 18 62
42 19 27
42 21 54
42 24 79
42 25 40
42 29 47
42 30 48
42 31 35
42 32 60
42 34 77
42 36 19
42 37 48
42 38 35
42 39 41
42 40 43
43 0 25
43 1 55
43 3 28
43 5 9
43 7 68
43 8 35
43 9 5
43 10 69
43 11 79
43 13 39
43 14 15
43 17 62
43 18 40
43 19 62
43 20 23
43 24 8
43 25 45
43 27 26
43 28 15
43 30 77
43 31 41
43 32 14
43 34 6
43 35 46
43 38 26
43 39 7
43 40 25
43 41 50
43 42 48
44 0 39
44 1 13
44 2 66
44 5 4
44 6 43
44 7 51
44 9 80
44 11 8
44 12 51
44 14 37
44 15 75
44 17 19
44 18 8
44 21 21
44 24 18
44 26 19
44 27 15
44 28 63
44 30 29
44 31 21
44 33 66
44 34 67
44 36 34
44 37 53
44 38 66
44 39 44
44 40 12
44 41 35
45 0 43
45 2 8
45 3 71
45 4 17
45 6 62
45 7 27
45 9 58
45 10 55
45 11 35
45 12 37
45 13 46
45 14 42
45 15 26
45 16 37
45 17 74
45 18 69
45 19 48
45 20 76
45 21 34
45 23 15
45 24 19
45 26 1
45 27 28
45 28 1
45 29 19
45 30 70
45 31 79
45 33 11
45 35 51
45 37 32
45 40 45
45 41 80
45 42 8
45 43 41
45 44 24
46 0 11
46 1 77
46 2 75
46 3 77
46 4 27
46 5 20
46 6 77
46 11 62
46 12 28
46 13 54
46 14 62
46 16 68
46 17 69
46 18 47
46 19 58
46 21 6
46 25 14
46 26 61
46 27 9
46 28 30
46 32 46
46 33 28
46 35 68
46 36 21
46 39 5
46 42 52
46 43 31
46 44 14
47 0 1
47 1 49
47 2 69
47 3 55
47 4 11
47 5 34
47 6 13
47 10 8
47 12 77
47 14 52
47 16 17
47 25 44
47 26 56
47 27 11
47 31 18
47 32 13
47 34 64
47 35 5
47 38 50
47 40 50
47 41 25
47 43 64
48 0 18
48 1 11
48 2 30
48 5 60
48 8 22
48 10 19
48 11 38
48 13 52
48 15 26
48 19 71
48 20 42
48 21 19
48 22 25
48 24 72
48 25 21
48 26 26
48 27 56
48 29 9
48 31 78
48 32 33
48 34 23
48 35 80
48 37 20
48 38 70
48 41 24
48 42 27
48 43 76
48 44 79
48 46 38
48 47 41
49 4 11
49 7 73
49 8 69
49 9 64
49 11 80
49 12 29
49 14 16
49 15 59
49 19 64
49 22 46
49 24 2
49 25 45
49 26 3
49 28 77
49 29 56
49 30 15
49 32 28
49 34 74
49 35 50
49 36 78
49 37 41
49 38 46
49 40 43
49 41 34
49 45 32
49 46 10
49 47 70
50 0 25
50 1 1
50 3 1
50 4 22
50 6 4
50 9 21
50 11 20
50 16 10
50 18 41
50 19 72
50 20 61
50 22 22
50 23 71
50 24 41
50 25 13
50 28 59
50 29 5
50 30 77
50 31 72
50 32 48
50 33 30
50 34 4
50 36 15
50 37 7
50 38 53
50 39 15
50 40 39
50 42 72
50 43 64
50 45 9
50 47 6
50 49 28
51 0 14
51 3 57
51 4 80
51 8 14
51 9 77
51 12 75
51 13 59
51 14 75
51 15 38
51 16 79
51 19 43
51 20 32
51 21 4
51 22 74
51 23 13
51 26 58
51 28 76
51 30 55
51 31 60
51 32 10
51 34 46
51 35 9
51 37 43
51 38 22
51 39 26
51 41 11
51 43 78
51 44 23
51 48 66
52 1 28
52 2 32
52 6 26
52 8 31
52 9 18
52 10 71
52 11 57
52 12 38
52 13 35
52 14 66
52 15 69
52 16 20
52 17 57
52 20 21
52 21 5
52 22 17
52 23 34
52 24 5
52 27 20
52 28 3
52 32 76
52 35 75
52 36 62
52 38 50
52 40 11
52 42 80
52 45 3
52 48 7
52 50 50
53 2 54
53 8 76
53 9 52
53 12 62
53 14 77
53 17 51
53 18 4
53 19 15
53 21 21
53 24 60
53 25 42
53 26 72
53 27 14
53 29 26
53 30 51
53 35 19
53 38 79
53 41 74
53 43 25
53 44 3
53 47 24
53 48 36
53 50 2
53 52 14
54 0 25
54 1 26
54 2 29
54 8 62
54 9 28
54 10 51
54 11 31
54 14 75
54 15 51
54 16 52
54 17 10
54 20 32
54 21 75
54 24 55
54 26 9
54 30 55
54 31 45
54 32 62
54 33 77
54 34 27
54 35 44
54 36 39
54 37 57
54 38 14
54 39 80
54 40 73
54 42 1
54 43 69
54 44 28
54 45 27
54 47 45
54 48 25
54 50 80
54 52 1
55 1 35
55 3 35
55 4 49
55 6 63
55 7 77
55 9 9
55 14 53
55 15 51
55 16 70
55 17 32
55 18 36
55 21 18
55 22 11
55 24 71
55 26 29
55 27 34
55 28 36
55 29 61
55 31 1
55 32 51
55 33 4
55 34 47
55 35 15
55 37 24
55 38 27
55 39 66
55 40 49
55 43 39
55 45 13
55 47 22
55 49 10
55 51 61
55 52 66
55 53 34
56 1 42
56 2 51
56 5 77
56 6 76
56 7 56
56 10 64
56 11 4
56 12 13
56 13 15
56 14 18
56 16 39
56 17 44
56 20 74
56 21 41
56 22 36
56 23 3
56 24 58
56 25 37
56 26 52
56 27 33
56 29 38
56 30 6
56 31 12
56 32 41
56 37 52
56 38 70
56 39 20
56 41 71
56 42 15
56 43 5
56 46 31
56 47 29
56 48 61
56 50 26
56 51 66
56 53 32
57 0 71
57 1 50
57 2 68
57 3 65
57 6 50
57 7 28
57 9 40
57 11 7
57 12 30
57 13 51
57 15 68
57 16 1
57 19 63
57 21 4
57 22 44
57 29 77
57 30 52
57 31 26
57 36 24
57 37 60
57 38 33
57 39 56
57 40 25
57 43 40
57 47 37
57 49 66
57 51 2
57 52 78
57 53 16
57 54 5
57 55 53
58 1 31
58 5 38
58 8 47
58 9 2
58 10 53
58 11 52
58 12 51
58 13 62
58 14 70
58 15 55
58 16 63
58 17 7
58 18 80
58 19 78
58 21 57
58 24 50
58 25 45
58 26 42
58 27 9
58 28 12
58 29 80
58 32 55
58 33 6
58 34 22
58 35 45
58 37 54
58 38 60
58 39 72
58 40 19
58 41 78
58 43 52
58 48 50
58 51 63
58 52 64
58 54 68
58 55 6
58 56 72
59 0 70
59 1 64
59 2 65
59 3 14
59 4 3
59 5 79
59 6 47
59 8 30
59 9 67
59 17 77
59 18 71
59 19 46
59 20 78
59 21 51
59 23 77
59 25 53
59 26 5
59 28 15
59 31 55
59 32 71
59 33 68
59 34 51
59 36 1
59 39 45
59 40 23
59 44 38
59 46 2
59 47 7
59 49 20
59 51 12
59 56 16
59 57 71
59 58 40
