20
2 0 93
2 1 79
3 0 4
3 1 16
4 2 56
4 3 232
5 0 233
5 3 38
5 4 52
6 0 305
6 1 10
6 2 231
6 5 170
7 0 257
7 1 225
7 2 92
7 3 27
7 5 237
7 6 281
8 0 291
8 1 30
8 5 161
8 6 243
8 7 201
9 0 320
9 1 93
9 2 265
9 3 67
9 7 129
9 8 217
10 0 172
10 1 17
10 2 218
10 3 301
10 4 55
10 5 18
10 6 145
10 7 112
10 8 25
10 9 66
11 0 163
11 2 133
11 3 92
11 6 228
11 8 294
11 9 143
11 10 191
12 0 295
12 1 50
12 2 54
12 3 172
12 4 284
12 8 273
12 9 67
12 10 8
12 11 284
13 0 315
13 3 190
13 4 191
13 7 98
13 8 227
13 9 277
13 11 173
14 0 181
14 3 65
14 4 160
14 6 306
14 7 56
14 9 13
14 10 21
14 11 218
14 12 295
15 0 281
15 1 244
15 3 53
15 4 158
15 5 227
15 6 155
15 7 270
15 8 181
15 9 283
15 10 222
15 11 68
15 12 275
15 14 185
16 0 222
16 1 288
16 3 20
16 4 21
16 5 20
16 7 182
16 9 112
16 10 59
16 11 239
16 12 24
16 13 109
16 14 131
17 0 308
17 4 49
17 5 287
17 6 35
17 8 111
17 10 11
17 12 278
17 13 204
17 14 150
17 15 310
17 16 6
18 2 60
18 5 48
18 6 110
18 7 108
18 8 240
18 10 301
18 12 72
18 13 77
18 14 5
19 1 17
19 2 272
19 5 273
19 8 105
19 14 42
19 16 58
