60
1 0 279
2 0 206
3 0 186
3 1 100
3 2 50
4 0 56
4 2 117
4 3 252
5 0 185
5 1 88
5 2 249
5 3 250
5 4 272
6 0 233
6 1 248
6 4 133
7 0 189
7 3 48
7 5 316
7 6 42
8 0 258
8 1 167
8 2 99
8 4 43
8 6 255
9 1 149
9 3 168
9 6 83
9 7 289
10 0 171
10 3 180
10 4 46
10 6 39
10 7 300
10 8 34
11 2 105
11 3 213
11 4 222
11 5 25
11 7 139
11 8 60
11 10 243
12 0 83
12 1 196
12 4 161
12 5 13
12 7 50
12 8 61
12 9 108
12 11 293
13 0 193
13 2 141
13 3 97
13 4 36
13 5 129
13 9 80
13 10 296
13 11 64
13 12 194
14 1 231
14 4 105
14 5 308
14 7 100
14 10 249
14 12 53
14 13 128
15 0 167
15 1 171
15 2 6
15 4 299
15 6 199
15 7 4
15 8 296
15 10 272
15 13 164
15 14 70
16 1 35
16 2 190
16 4 288
16 5 185
16 6 148
16 7 22
16 8 259
16 10 240
16 12 40
16 13 13
17 0 299
17 1 164
17 2 222
17 3 18
17 4 79
17 5 141
17 6 2
17 9 54
17 12 213
17 13 301
17 16 308
18 3 62
18 4 171
18 6 295
18 8 139
18 10 184
18 11 245
18 12 121
18 13 298
18 15 123
19 0 148
19 4 65
19 8 204
19 11 19
19 13 155
19 14 170
19 15 245
19 16 87
19 17 158
19 18 40
20 0 133
20 1 48
20 2 140
20 4 135
20 5 207
20 6 116
20 7 132
20 8 168
20 12 44
20 14 135
20 15 247
20 18 96
21 3 133
21 5 215
21 7 157
21 8 254
21 13 46
21 15 270
21 17 277
21 18 239
21 19 309
22 0 90
22 3 255
22 4 89
22 5 55
22 6 292
22 9 123
22 11 306
22 12 170
22 16 18
22 18 181
22 19 297
22 21 148
23 0 113
23 1 90
23 2 42
23 4 85
23 5 128
23 6 184
23 7 121
23 8 159
23 10 187
23 11 253
23 15 159
23 16 96
23 17 280
23 18 203
23 19 278
23 20 51
23 21 231
23 22 60
24 0 230
24 2 72
24 3 303
24 4 123
24 7 200
24 9 291
24 12 191
24 14 184
24 15 319
24 17 156
24 18 219
24 19 237
24 20 2
24 21 48
24 22 80
24 23 318
25 1 237
25 4 205
25 7 30
25 8 13
25 9 119
25 10 108
25 11 66
25 21 25
25 23 183
25 24 168
26 2 75
26 3 90
26 4 77
26 5 271
26 6 107
26 7 14
26 9 312
26 12 135
26 14 97
26 15 100
26 17 292
26 18 166
26 19 116
26 20 259
26 23 292
26 24 249
26 25 281
27 0 42
27 1 111
27 2 319
27 3 144
27 4 140
27 8 138
27 9 7
27 10 108
27 11 299
27 14 294
27 16 47
27 17 144
27 19 35
27 20 184
27 21 194
27 22 87
27 23 260
27 24 106
28 0 199
28 1 214
28 5 52
28 6 297
28 7 158
28 8 53
28 9 177
28 10 103
28 13 107
28 19 216
28 21 222
28 22 131
28 23 308
28 24 18
28 25 211
28 27 201
29 0 211
29 1 51
29 3 129
29 5 125
29 6 26
29 8 23
29 9 55
29 10 51
29 11 213
29 16 119
29 18 314
29 19 52
29 21 282
29 22 68
29 24 155
29 25 261
29 27 160
30 0 256
30 1 102
30 2 81
30 3 227
30 4 132
30 5 283
30 7 86
30 8 143
30 9 314
30 15 111
30 16 58
30 17 71
30 21 173
30 22 232
30 24 117
30 26 269
30 27 223
30 29 69
31 0 131
31 1 59
31 2 38
31 3 9
31 4 280
31 7 246
31 8 218
31 11 197
31 15 140
31 17 105
31 18 15
31 20 87
31 22 229
31 23 168
31 24 222
31 25 219
31 26 218
31 28 86
31 29 107
31 30 168
32 1 279
32 3 12
32 5 175
32 6 159
32 7 200
32 8 225
32 10 117
32 12 68
32 13 311
32 16 232
32 18 298
32 20 105
32 21 261
32 22 153
32 23 98
32 26 292
32 28 227
32 31 255
33 0 317
33 1 116
33 2 204
33 4 141
33 5 133
33 9 236
33 10 226
33 11 9
33 12 296
33 13 48
33 14 9
33 16 124
33 17 273
33 23 240
33 24 100
33 26 12
33 27 153
33 28 43
33 29 283
33 30 41
33 32 253
34 1 11
34 2 306
34 5 274
34 6 248
34 7 286
34 8 7
34 9 285
34 13 285
34 15 223
34 16 307
34 18 23
34 21 263
34 22 50
34 23 73
34 25 115
34 26 217
34 27 114
34 31 213
34 32 41
34 33 257
35 1 256
35 2 208
35 3 17
35 4 319
35 5 53
35 9 180
35 11 89
35 12 166
35 13 279
35 14 284
35 15 220
35 16 132
35 18 247
35 20 221
35 21 130
35 22 131
35 23 266
35 25 306
35 26 45
35 27 228
35 28 160
35 31 167
35 32 68
35 34 55
36 1 121
36 2 108
36 5 131
36 6 101
36 7 210
36 8 227
36 11 318
36 12 126
36 13 34
36 16 7
36 17 230
36 19 218
36 21 265
36 22 158
36 23 45
36 25 5
36 26 107
36 30 203
36 31 98
36 32 206
36 33 223
37 1 252
37 2 27
37 3 220
37 5 66
37 6 234
37 9 191
37 13 283
37 14 160
37 16 182
37 17 153
37 18 140
37 19 201
37 21 218
37 22 317
37 23 50
37 24 55
37 25 268
37 26 204
37 29 140
37 30 166
37 31 243
37 33 193
37 34 181
38 0 143
38 1 60
38 2 62
38 3 79
38 4 94
38 6 48
38 8 290
38 10 1
38 14 161
38 16 295
38 17 216
38 18 16
38 21 286
38 22 21
38 23 67
38 27 313
38 28 86
38 29 63
38 30 157
38 31 243
38 32 42
38 33 190
38 35 273
38 37 103
39 1 128
39 2 101
39 6 153
39 9 232
39 13 226
39 18 131
39 20 119
39 22 189
39 24 28
39 26 46
39 29 287
39 30 129
39 31 253
39 32 204
39 33 14
39 34 17
40 0 153
40 3 186
40 4 152
40 5 3
40 6 186
40 8 234
40 9 31
40 11 177
40 12 51
40 14 4
40 15 126
40 16 5
40 19 320
40 20 115
40 21 4
40 23 289
40 24 285
40 25 40
40 26 152
40 27 115
40 32 17
40 34 149
40 35 105
40 36 198
40 37 243
40 38 271
41 0 309
41 3 2
41 5 238
41 6 267
41 7 160
41 9 238
41 10 176
41 12 30
41 14 163
41 20 251
41 21 264
41 22 87
41 24 63
41 25 220
41 26 66
41 27 37
41 30 41
41 31 274
41 33 38
41 35 152
41 36 42
41 37 88
41 38 290
41 39 21
42 0 104
42 1 283
42 4 296
42 6 46
42 7 217
42 8 195
42 9 31
42 10 289
42 15 173
42 18 3
42 19 260
42 20 103
42 21 169
42 25 211
42 26 78
42 27 317
42 28 100
42 31 302
42 32 274
42 34 133
42 35 246
42 37 255
42 39 215
43 0 201
43 3 162
43 5 266
43 8 184
43 9 3
43 11 91
43 12 126
43 15 242
43 16 247
43 18 25
43 19 256
43 20 2
43 22 27
43 23 196
43 27 176
43 28 217
43 29 109
43 31 227
43 35 59
43 36 196
43 39 79
43 40 218
43 41 247
43 42 6
44 0 6
44 1 175
44 2 27
44 5 245
44 6 252
44 7 59
44 11 125
44 12 279
44 14 95
44 16 12
44 24 158
44 25 181
44 26 77
44 28 123
44 30 52
44 32 216
44 33 51
44 35 47
44 38 119
44 42 237
44 43 102
45 1 206
45 4 150
45 5 35
45 6 217
45 8 5
45 9 83
45 12 76
45 14 13
45 15 68
45 16 59
45 17 51
45 18 310
45 19 152
45 20 253
45 21 116
45 24 42
45 26 145
45 27 14
45 28 261
45 32 119
45 37 29
45 39 62
45 43 105
45 44 276
46 0 47
46 2 156
46 3 152
46 5 28
46 7 182
46 8 287
46 9 181
46 11 304
46 14 86
46 16 223
46 18 139
46 19 10
46 20 172
46 22 24
46 26 23
46 28 20
46 30 175
46 33 100
46 34 256
46 36 81
46 37 20
46 39 152
46 42 126
46 43 148
46 45 230
47 0 93
47 3 204
47 5 197
47 6 174
47 7 175
47 8 298
47 11 144
47 13 96
47 15 271
47 16 7
47 18 12
47 19 229
47 22 28
47 23 161
47 24 72
47 26 4
47 27 64
47 29 67
47 30 91
47 32 78
47 33 37
47 35 29
47 38 128
47 40 309
47 41 210
48 0 131
48 1 208
48 2 150
48 4 36
48 5 69
48 6 118
48 7 227
48 8 167
48 10 305
48 11 254
48 12 55
48 15 232
48 19 233
48 21 280
48 22 37
48 24 252
48 26 249
48 31 90
48 32 107
48 34 294
48 35 36
48 36 198
48 37 14
48 38 134
48 39 203
48 40 12
48 41 228
48 42 107
48 43 137
48 46 312
48 47 276
49 0 34
49 1 159
49 2 82
49 3 292
49 4 206
49 6 317
49 8 297
49 9 293
49 10 117
49 14 114
49 16 319
49 17 166
49 18 52
49 19 56
49 23 179
49 24 169
49 27 106
49 29 48
49 31 143
49 34 66
49 36 193
49 39 317
49 41 168
49 43 55
49 44 140
49 45 277
49 48 168
50 0 66
50 1 26
50 3 218
50 5 11
50 8 51
50 9 74
50 10 232
50 11 11
50 12 300
50 13 216
50 17 263
50 18 89
50 20 235
50 23 172
50 24 278
50 25 197
50 27 263
50 28 131
50 30 49
50 31 283
50 32 124
50 35 316
50 36 248
50 37 45
50 41 27
50 42 103
50 43 145
50 45 248
50 47 284
50 48 236
50 49 78
51 0 77
51 1 271
51 2 314
51 4 263
51 5 136
51 6 190
51 7 35
51 8 2
51 9 182
51 10 172
51 16 287
51 17 21
51 18 238
51 21 13
51 22 270
51 24 228
51 26 162
51 30 288
51 31 254
51 32 65
51 33 8
51 34 22
51 35 158
51 38 110
51 40 18
51 41 96
51 43 160
51 45 196
51 46 24
51 47 235
51 48 187
51 49 51
52 0 293
52 4 35
52 5 176
52 6 4
52 7 75
52 8 46
52 9 56
52 10 290
52 12 10
52 13 211
52 14 108
52 16 184
52 19 163
52 20 27
52 23 52
52 24 196
52 25 237
52 26 239
52 28 41
52 29 183
52 30 309
52 31 196
52 32 301
52 33 77
52 34 38
52 36 314
52 38 223
52 39 172
52 40 109
52 41 114
52 42 4
52 43 308
52 44 48
52 49 123
52 50 283
53 3 63
53 4 302
53 5 87
53 7 109
53 9 136
53 11 286
53 13 242
53 15 263
53 18 22
53 19 166
53 20 79
53 21 288
53 22 69
53 23 243
53 24 60
53 25 11
53 26 106
53 27 141
53 28 307
53 35 236
53 37 138
53 38 258
53 39 207
53 40 78
53 41 225
53 43 132
53 44 37
53 46 27
53 48 55
53 49 11
53 52 121
54 0 59
54 2 198
54 3 235
54 5 250
54 8 307
54 9 35
54 11 151
54 12 137
54 14 35
54 16 317
54 17 247
54 18 37
54 19 142
54 20 92
54 21 290
54 23 267
54 24 204
54 25 244
54 27 227
54 29 25
54 30 100
54 31 229
54 32 36
54 34 89
54 36 285
54 37 305
54 41 273
54 42 199
54 44 113
54 46 145
54 47 114
54 49 148
54 51 140
55 0 137
55 4 93
55 6 130
55 7 235
55 9 128
55 10 62
55 13 31
55 14 258
55 17 66
55 18 277
55 19 260
55 20 57
55 21 166
55 23 289
55 25 159
55 26 57
55 29 47
55 30 279
55 31 227
55 34 280
55 38 121
55 39 180
55 40 34
55 41 316
55 44 95
55 46 226
55 47 53
55 48 245
55 49 234
55 50 141
55 52 211
55 53 51
56 0 97
56 1 86
56 2 237
56 3 97
56 6 240
56 10 88
56 12 23
56 13 274
56 14 277
56 18 238
56 20 150
56 21 8
56 22 254
56 23 220
56 24 243
56 26 278
56 28 186
56 30 319
56 31 259
56 33 299
56 34 171
56 36 230
56 37 51
56 38 21
56 39 98
56 40 153
56 42 26
56 44 48
56 46 310
56 47 76
56 48 130
56 49 239
56 53 38
57 0 54
57 1 268
57 2 8
57 3 15
57 4 247
57 5 174
57 6 9
57 10 43
57 12 165
57 13 129
57 14 92
57 15 171
57 16 191
57 18 102
57 19 300
57 21 200
57 22 66
57 24 242
57 25 116
57 28 50
57 31 150
57 32 111
57 33 239
57 34 278
57 37 48
57 38 102
57 40 275
57 43 33
57 44 210
57 45 99
57 47 238
57 48 127
57 52 298
57 55 14
57 56 143
58 0 13
58 1 278
58 2 90
58 3 22
58 4 166
58 5 315
58 7 232
58 8 176
58 9 234
58 11 115
58 14 131
58 15 138
58 16 102
58 18 73
58 19 262
58 21 261
58 23 268
58 25 220
58 27 78
58 28 294
58 30 301
58 32 176
58 34 278
58 35 267
58 36 257
58 40 184
58 42 291
58 44 70
58 48 158
58 49 254
58 50 190
58 52 149
58 53 53
58 55 129
58 56 55
58 57 219
59 3 284
59 4 110
59 5 202
59 7 287
59 10 248
59 12 273
59 13 272
59 15 252
59 16 55
59 18 67
59 19 242
59 20 221
59 22 247
59 23 252
59 24 163
59 25 184
59 26 31
59 27 227
59 28 19
59 32 113
59 33 274
59 37 146
59 38 233
59 39 298
59 40 177
59 41 254
59 42 83
59 45 61
59 46 120
59 48 131
59 49 317
59 53 239
59 55 10
59 56 46
