40
1 0 16
2 1 26
3 0 48
3 1 65
4 0 55
4 1 3
4 2 40
4 3 56
5 2 20
5 4 36
6 0 43
6 3 75
7 1 58
7 3 6
7 4 78
7 6 6
8 1 35
8 5 18
8 6 4
8 7 64
9 0 75
9 3 24
9 4 31
9 5 25
9 6 20
9 7 25
9 8 65
10 0 77
10 2 25
10 3 54
10 4 9
10 8 78
11 0 7
11 2 27
11 3 14
11 4 27
11 5 34
11 6 33
11 7 1
11 8 79
12 0 27
12 1 18
12 2 43
12 3 49
12 4 5
12 5 31
12 6 63
12 7 1
12 9 38
13 0 9
13 1 47
13 2 25
13 5 29
13 6 66
13 7 56
13 8 2
13 10 21
13 12 36
14 0 28
14 2 57
14 4 70
14 7 6
14 8 61
14 10 13
14 12 56
15 0 50
15 4 29
15 6 79
15 7 19
15 8 22
15 9 73
15 12 58
16 0 35
16 1 71
16 2 66
16 3 74
16 5 60
16 6 30
16 7 71
16 9 57
16 13 61
16 14 34
17 0 73
17 1 78
17 4 34
17 7 75
17 8 80
17 11 13
17 12 70
17 14 40
17 16 10
18 0 53
18 1 2
18 4 76
18 5 7
18 6 80
18 7 21
18 9 75
18 11 46
18 12 74
18 13 48
18 14 3
18 15 2
18 16 52
18 17 48
19 0 55
19 2 75
19 3 42
19 4 74
19 6 75
19 9 1
19 10 13
19 11 15
19 13 17
19 15 36
19 18 70
20 2 4
20 4 80
20 5 58
20 6 11
20 9 47
20 10 20
20 11 38
20 12 41
20 14 54
20 16 14
20 17 5
20 18 34
20 19 60
21 0 28
21 1 75
21 2 26
21 3 57
21 4 6
21 5 3
21 8 2
21 10 47
21 11 12
21 12 53
21 13 66
21 14 66
21 16 74
21 18 28
21 20 16
22 2 62
22 4 61
22 5 17
22 6 33
22 8 29
22 10 54
22 11 49
22 12 18
22 13 14
22 16 42
22 17 42
22 18 4
22 19 26
22 20 30
22 21 74
23 0 70
23 1 45
23 2 60
23 3 8
23 4 12
23 6 26
23 7 54
23 8 51
23 9 79
23 11 50
23 13 12
23 14 67
23 15 46
23 18 73
23 19 76
23 20 49
23 22 13
24 2 48
24 5 59
24 6 50
24 8 56
24 9 39
24 11 9
24 14 47
24 15 64
24 17 54
24 18 24
24 19 5
24 20 9
24 21 69
24 22 74
25 0 57
25 3 64
25 4 57
25 7 58
25 9 15
25 10 65
25 13 44
25 16 72
25 17 65
25 21 41
25 23 69
25 24 16
26 2 36
26 4 53
26 6 28
26 8 61
26 11 68
26 16 75
26 21 21
26 23 52
26 24 40
26 25 71
27 4 25
27 5 49
27 6 41
27 7 27
27 9 35
27 10 22
27 11 18
27 12 60
27 13 70
27 16 69
27 17 75
27 19 46
27 20 70
27 23 57
27 24 68
27 26 8
28 0 72
28 1 25
28 5 44
28 6 76
28 7 80
28 9 76
28 10 46
28 11 46
28 15 60
28 16 46
28 19 74
28 20 53
28 22 63
28 23 4
28 24 75
28 25 42
28 26 39
28 27 61
29 0 9
29 1 9
29 2 80
29 3 72
29 4 26
29 5 52
29 9 12
29 10 9
29 12 17
29 13 23
29 14 39
29 16 47
29 17 25
29 18 35
29 19 3
29 21 10
29 25 6
29 28 9
30 0 26
30 1 14
30 3 18
30 5 19
30 6 5
30 9 49
30 12 21
30 13 10
30 15 57
30 16 16
30 17 59
30 18 59
30 21 42
30 22 63
30 23 45
30 24 22
30 25 9
30 26 69
31 0 9
31 1 9
31 2 61
31 6 74
31 7 73
31 8 70
31 9 23
31 11 13
31 15 40
31 16 35
31 18 72
31 22 32
31 23 49
31 24 36
31 25 39
31 26 32
31 27 31
31 28 9
31 30 9
32 0 18
32 3 73
32 7 54
32 8 68
32 9 54
32 10 57
32 13 79
32 14 61
32 15 51
32 16 36
32 17 71
32 18 67
32 19 21
32 20 11
32 21 67
32 22 9
32 23 23
32 25 41
32 26 45
32 27 37
32 28 67
32 30 29
32 31 20
33 0 57
33 1 36
33 2 49
33 4 79
33 5 76
33 7 18
33 8 27
33 10 27
33 13 19
33 14 10
33 15 54
33 17 13
33 19 53
33 20 4
33 22 66
33 23 67
33 24 10
33 28 45
33 30 79
33 31 60
34 1 71
34 2 79
34 3 79
34 4 9
34 5 76
34 6 65
34 7 61
34 8 47
34 9 80
34 10 32
34 14 46
34 15 77
34 17 37
34 18 7
34 19 25
34 20 16
34 22 26
34 25 11
34 27 5
34 28 16
34 29 75
35 0 53
35 1 17
35 2 34
35 3 65
35 4 54
35 9 65
35 11 29
35 12 45
35 13 22
35 15 3
35 17 21
35 18 65
35 22 45
35 24 40
35 25 60
35 27 77
35 28 47
36 1 31
36 3 62
36 8 3
36 10 15
36 12 8
36 13 78
36 14 5
36 16 59
36 18 75
36 19 15
36 22 3
36 24 6
36 26 52
36 27 39
36 29 56
36 31 75
36 33 42
36 34 2
36 35 58
37 0 78
37 1 24
37 2 75
37 4 11
37 5 26
37 6 80
37 9 67
37 11 59
37 12 72
37 15 25
37 16 50
37 18 76
37 22 16
37 24 76
37 25 9
37 26 9
37 27 26
37 28 50
37 30 22
37 33 24
37 34 29
37 36 79
38 0 46
38 2 23
38 3 41
38 5 75
38 8 33
38 9 34
38 10 54
38 13 63
38 15 14
38 16 42
38 17 70
38 18 27
38 19 31
38 20 29
38 21 52
38 22 41
38 25 33
38 27 74
38 29 36
38 32 74
38 37 49
39 0 6
39 1 64
39 2 6
39 3 29
39 4 47
39 7 64
39 8 6
39 10 60
39 13 12
39 14 38
39 15 39
39 17 25
39 20 43
39 21 47
39 22 25
39 24 34
39 25 14
39 26 77
39 29 37
39 31 52
39 32 78
39 34 60
39 35 42
39 36 55
