50
4 0 92
4 2 191
6 5 65
7 2 229
7 3 235
10 4 285
10 8 147
11 1 277
11 2 25
12 0 229
12 1 64
14 6 165
14 13 69
15 3 311
15 4 47
15 14 114
16 0 37
19 1 39
19 9 8
19 12 27
20 6 150
21 3 163
21 10 162
21 14 100
22 14 221
23 4 208
23 16 49
24 7 107
24 15 114
24 21 243
25 13 310
25 17 147
25 24 62
26 0 69
26 5 124
26 12 245
27 9 1
27 16 255
27 21 300
28 3 211
28 9 1
29 6 97
29 7 66
29 10 190
29 20 88
29 23 69
29 24 218
30 10 308
30 12 159
30 21 108
31 25 18
32 2 215
32 7 298
32 21 166
32 23 126
32 28 298
32 31 316
33 2 144
33 4 275
33 11 90
33 18 124
34 22 242
34 28 84
34 29 219
35 3 285
35 14 239
35 22 251
36 3 258
36 11 37
36 13 288
36 30 217
37 2 255
37 17 292
37 25 33
37 29 57
38 0 90
38 8 260
38 9 142
38 11 142
38 31 165
39 2 109
39 10 229
39 13 304
39 24 243
39 29 312
39 32 3
39 33 238
41 0 153
41 3 75
41 4 233
41 7 42
41 15 67
41 17 211
42 0 277
42 8 27
42 11 111
42 17 319
42 31 54
42 34 287
43 7 118
43 24 105
43 37 101
43 39 52
43 42 188
44 7 170
44 8 215
44 26 204
45 5 199
45 9 245
45 10 132
45 11 190
45 35 59
45 43 5
46 11 257
46 14 161
46 34 198
46 37 224
46 40 104
46 42 82
47 4 177
47 7 115
47 29 277
47 32 286
48 10 15
48 13 94
48 17 214
48 43 71
49 27 277
49 30 48
49 37 223
49 41 100
