70
2 0 36
2 1 5
3 0 29
3 1 4
3 2 1
4 0 13
4 1 4
4 2 10
4 3 9
5 0 29
5 1 28
5 2 39
5 3 40
5 4 27
6 0 17
6 1 28
6 2 39
6 3 11
6 4 28
7 0 32
7 1 34
7 2 6
7 3 17
7 4 3
7 5 25
7 6 3
8 0 31
8 1 8
8 2 18
8 3 39
8 4 6
8 5 33
8 6 13
8 7 12
9 0 39
9 1 7
9 2 33
9 3 15
9 4 26
9 7 40
9 8 40
10 0 37
10 1 9
10 2 26
10 3 14
10 4 8
10 5 8
10 6 11
10 7 18
10 9 13
11 0 27
11 1 22
11 2 23
11 3 40
11 4 7
11 5 36
11 6 18
11 7 26
11 8 29
11 9 11
11 10 8
12 0 2
12 1 3
12 2 26
12 4 35
12 5 31
12 6 1
12 7 28
12 8 14
12 9 38
12 10 7
12 11 30
13 2 28
13 3 9
13 5 14
13 6 6
13 7 25
13 8 7
13 10 40
13 11 19
13 12 10
14 0 33
14 1 17
14 2 26
14 3 3
14 4 40
14 5 7
14 7 33
14 8 17
14 9 9
14 10 2
14 11 27
14 12 16
14 13 25
15 0 9
15 1 18
15 2 7
15 3 30
15 4 2
15 5 14
15 6 31
15 7 13
15 8 38
15 10 24
15 11 20
15 12 38
15 13 2
15 14 21
16 1 15
16 3 2
16 4 25
16 5 30
16 6 15
16 7 13
16 8 19
16 9 13
16 10 14
16 11 37
16 12 27
16 13 8
16 14 13
16 15 37
17 0 24
17 1 23
17 2 25
17 3 39
17 6 10
17 8 28
17 9 12
17 11 3
17 12 4
17 13 30
17 14 28
17 15 25
17 16 40
18 1 12
18 2 25
18 5 31
18 6 25
18 7 10
18 8 36
18 9 26
18 10 33
18 11 10
18 12 22
18 13 22
18 14 5
18 15 10
18 16 19
18 17 11
19 1 13
19 2 19
19 3 33
19 4 2
19 5 7
19 6 8
19 8 20
19 10 29
19 11 32
19 12 6
19 13 15
19 14 20
19 15 23
19 16 10
19 17 27
19 18 18
20 0 15
20 1 25
20 2 16
20 3 4
20 4 19
20 5 3
20 6 9
20 7 6
20 8 27
20 9 34
20 10 37
20 11 5
20 12 23
20 13 10
20 14 3
20 15 31
20 16 29
20 17 30
20 18 2
20 19 38
21 0 9
21 1 38
21 2 3
21 3 10
21 4 37
21 5 23
21 7 6
21 9 7
21 10 9
21 11 20
21 12 32
21 13 5
21 14 14
21 15 22
21 16 18
21 17 29
21 19 21
21 20 33
22 0 20
22 1 16
22 2 30
22 3 37
22 4 2
22 5 18
22 6 4
22 7 16
22 8 28
22 9 24
22 10 36
22 11 6
22 12 19
22 13 7
22 14 4
22 15 26
22 16 40
22 17 20
22 18 17
22 19 10
22 20 33
22 21 32
23 0 11
23 1 33
23 2 23
23 3 13
23 5 5
23 6 3
23 7 39
23 8 19
23 9 21
23 10 2
23 12 26
23 13 12
23 14 13
23 15 14
23 16 36
23 17 38
23 18 19
23 19 6
23 20 26
23 21 1
24 1 2
24 2 37
24 3 40
24 4 11
24 5 31
24 6 35
24 7 13
24 8 24
24 9 34
24 11 36
24 12 27
24 13 25
24 14 2
24 15 24
24 16 3
24 17 3
24 18 9
24 19 32
24 20 30
24 21 25
24 22 39
25 0 16
25 1 14
25 3 30
25 4 35
25 5 11
25 6 23
25 7 16
25 8 28
25 9 10
25 10 39
25 11 30
25 12 24
25 13 4
25 14 12
25 15 16
25 17 4
25 18 32
25 19 33
25 20 23
25 21 38
25 22 33
25 23 30
25 24 13
26 0 33
26 1 33
26 2 23
26 3 7
26 4 3
26 5 11
26 6 7
26 7 38
26 8 22
26 9 13
26 10 31
26 11 24
26 13 38
26 14 4
26 15 12
26 16 31
26 17 39
26 18 29
26 19 35
26 20 34
26 21 38
26 22 25
26 23 9
26 24 32
26 25 32
27 1 23
27 2 26
27 3 29
27 5 14
27 6 3
27 7 24
27 8 36
27 9 14
27 10 14
27 12 21
27 13 14
27 14 14
27 15 25
27 16 17
27 17 39
27 18 5
27 19 22
27 20 19
27 21 5
27 22 22
27 23 14
27 24 29
28 0 22
28 1 35
28 2 10
28 3 26
28 4 1
28 5 1
28 6 26
28 7 9
28 8 25
28 9 8
28 10 33
28 11 28
28 12 5
28 13 20
28 14 11
28 15 8
28 16 28
28 17 15
28 18 15
28 19 26
28 21 20
28 22 30
28 23 1
28 24 33
28 25 11
28 26 8
28 27 20
29 1 29
29 2 25
29 3 9
29 4 20
29 5 5
29 6 11
29 7 5
29 8 24
29 9 5
29 10 6
29 11 18
29 12 31
29 14 24
29 15 23
29 16 11
29 17 16
29 18 8
29 19 2
29 20 16
29 21 15
29 23 30
29 24 3
29 25 18
29 26 35
29 28 6
30 0 29
30 1 35
30 2 26
30 3 25
30 4 14
30 5 5
30 7 40
30 8 1
30 9 19
30 10 29
30 11 2
30 12 1
30 13 39
30 15 8
30 16 16
30 17 29
30 18 38
30 19 13
30 20 11
30 21 13
30 23 7
30 24 18
30 25 6
30 26 24
30 27 16
30 28 23
30 29 4
31 0 16
31 1 18
31 2 4
31 3 36
31 4 39
31 6 30
31 7 20
31 8 32
31 9 8
31 10 39
31 11 22
31 12 31
31 13 36
31 15 4
31 16 5
31 17 32
31 18 19
31 19 6
31 20 2
31 21 40
31 23 31
31 24 31
31 25 1
31 26 9
31 27 40
31 28 1
31 29 22
31 30 2
32 2 5
32 3 30
32 4 5
32 5 30
32 6 8
32 7 14
32 8 31
32 9 38
32 10 35
32 11 36
32 12 14
32 13 12
32 14 2
32 15 31
32 16 37
32 17 3
32 18 12
32 19 2
32 20 12
32 22 3
32 23 5
32 24 33
32 25 24
32 26 25
32 27 4
32 28 8
32 29 34
32 30 35
32 31 28
33 0 21
33 1 40
33 2 40
33 3 6
33 4 34
33 5 15
33 6 33
33 8 25
33 9 17
33 10 18
33 11 23
33 12 38
33 13 27
33 14 24
33 15 16
33 16 21
33 17 32
33 18 34
33 19 14
33 20 31
33 21 11
33 22 36
33 23 29
33 24 2
33 25 31
33 26 31
33 28 19
33 29 3
33 30 7
33 31 32
33 32 12
34 0 37
34 1 3
34 2 37
34 3 27
34 4 2
34 5 26
34 6 31
34 7 6
34 8 39
34 9 16
34 10 32
34 11 26
34 12 38
34 13 22
34 14 6
34 16 18
34 17 16
34 18 13
34 19 39
34 20 39
34 21 27
34 22 26
34 23 13
34 25 9
34 26 2
34 27 11
34 28 39
34 29 34
34 30 20
34 31 24
34 32 13
34 33 30
35 0 21
35 1 12
35 2 33
35 3 2
35 4 6
35 5 20
35 6 21
35 8 3
35 9 16
35 10 19
35 11 21
35 12 10
35 13 39
35 14 40
35 16 14
35 18 40
35 19 23
35 20 36
35 21 23
35 22 1
35 23 40
35 24 6
35 25 5
35 26 29
35 27 3
35 28 26
35 29 16
35 30 9
35 31 6
35 32 8
35 33 20
35 34 36
36 0 2
36 1 18
36 2 40
36 3 18
36 4 32
36 5 12
36 6 32
36 7 31
36 8 14
36 9 3
36 10 21
36 11 17
36 12 20
36 13 11
36 15 7
36 16 10
36 17 27
36 18 19
36 19 37
36 20 39
36 21 30
36 22 39
36 23 35
36 25 1
36 26 37
36 27 16
36 29 25
36 30 21
36 31 12
36 32 32
36 33 25
36 34 34
36 35 21
37 0 36
37 1 40
37 2 3
37 3 35
37 4 9
37 5 39
37 6 3
37 7 16
37 8 36
37 9 3
37 10 22
37 11 39
37 12 8
37 14 4
37 15 22
37 16 16
37 17 32
37 18 36
37 19 24
37 20 36
37 21 28
37 22 9
37 24 30
37 26 39
37 27 31
37 29 1
37 30 28
37 31 16
37 32 26
37 33 29
37 34 13
37 35 13
37 36 23
38 0 5
38 1 11
38 2 9
38 3 28
38 4 31
38 5 31
38 7 31
38 8 17
38 9 34
38 11 27
38 12 4
38 13 21
38 14 26
38 15 33
38 16 21
38 17 14
38 18 39
38 19 15
38 20 23
38 21 15
38 22 19
38 23 3
38 24 34
38 25 21
38 26 16
38 27 22
38 28 12
38 29 20
38 30 29
38 31 36
38 32 12
38 33 36
38 34 29
38 35 38
38 36 16
38 37 39
39 0 1
39 1 19
39 2 8
39 3 16
39 4 10
39 6 25
39 7 34
39 8 16
39 9 22
39 10 5
39 11 24
39 12 15
39 13 18
39 14 6
39 15 21
39 17 33
39 18 31
39 19 12
39 20 20
39 21 25
39 22 25
39 23 22
39 24 13
39 25 23
39 26 6
39 27 39
39 28 8
39 29 13
39 30 14
39 31 32
39 32 40
39 33 21
39 34 34
39 35 31
39 37 39
39 38 2
40 3 37
40 4 37
40 5 14
40 6 38
40 7 14
40 8 17
40 9 24
40 10 17
40 11 7
40 12 27
40 13 7
40 16 4
40 17 24
40 18 3
40 19 29
40 20 30
40 21 34
40 22 24
40 23 18
40 24 33
40 25 17
40 26 6
40 27 13
40 28 30
40 29 4
40 31 38
40 32 39
40 33 33
40 34 29
40 35 34
40 36 1
40 37 30
40 38 25
40 39 7
41 0 8
41 1 37
41 2 27
41 4 13
41 5 24
41 6 38
41 7 11
41 8 32
41 9 22
41 10 11
41 12 38
41 13 21
41 14 29
41 15 13
41 16 17
41 17 36
41 18 3
41 19 8
41 20 18
41 21 17
41 22 24
41 23 27
41 24 24
41 25 22
41 26 14
41 27 32
41 28 7
41 29 4
41 31 30
41 32 23
41 33 5
41 34 22
41 35 17
41 36 35
41 37 26
41 38 9
41 39 28
42 0 39
42 1 34
42 3 19
42 4 27
42 5 1
42 6 29
42 7 21
42 8 9
42 9 20
42 11 14
42 12 30
42 13 23
42 14 37
42 15 23
42 16 28
42 17 5
42 19 11
42 20 18
42 22 20
42 23 16
42 24 40
42 25 14
42 26 12
42 27 17
42 28 10
42 30 29
42 31 14
42 32 3
42 33 17
42 34 17
42 35 27
42 36 26
42 37 39
42 38 31
42 39 6
42 40 17
42 41 18
43 0 23
43 1 28
43 3 19
43 4 23
43 5 13
43 8 22
43 9 1
43 10 36
43 11 34
43 12 34
43 14 8
43 15 16
43 17 7
43 19 38
43 20 23
43 21 11
43 22 10
43 23 27
43 24 11
43 25 39
43 26 3
43 27 4
43 29 15
43 30 34
43 31 39
43 32 9
43 33 13
43 34 13
43 35 30
43 36 32
43 37 38
43 38 24
43 39 39
43 40 18
43 41 28
43 42 6
44 0 29
44 1 13
44 2 20
44 3 34
44 4 26
44 5 15
44 6 14
44 7 5
44 8 4
44 9 30
44 11 9
44 12 21
44 13 11
44 15 14
44 16 16
44 17 19
44 18 5
44 19 29
44 20 20
44 21 26
44 22 36
44 23 23
44 24 39
44 26 9
44 27 27
44 29 31
44 30 13
44 31 15
44 32 35
44 33 20
44 34 15
44 35 20
44 36 9
44 37 17
44 38 40
44 40 26
44 41 34
44 42 10
45 0 7
45 1 8
45 2 17
45 3 24
45 4 18
45 5 26
45 6 35
45 7 32
45 8 9
45 9 18
45 10 6
45 11 36
45 12 24
45 14 15
45 15 38
45 16 27
45 17 36
45 18 7
45 19 22
45 20 33
45 21 29
45 22 16
45 23 13
45 24 31
45 25 1
45 26 19
45 27 9
45 30 6
45 31 5
45 32 16
45 33 6
45 34 20
45 35 10
45 36 39
45 37 5
45 38 31
45 39 39
45 40 34
45 42 20
45 43 1
45 44 34
46 0 40
46 1 3
46 3 5
46 4 17
46 5 11
46 6 34
46 7 13
46 8 24
46 9 17
46 10 35
46 11 10
46 12 31
46 13 20
46 14 31
46 15 33
46 16 23
46 18 7
46 19 30
46 20 22
46 21 18
46 22 10
46 23 34
46 24 8
46 25 19
46 26 30
46 27 8
46 28 15
46 29 37
46 30 11
46 31 39
46 32 31
46 33 15
46 34 26
46 35 38
46 37 20
46 39 35
46 40 21
46 41 32
46 42 7
46 44 10
46 45 13
47 0 38
47 1 40
47 2 34
47 3 14
47 4 10
47 5 8
47 6 32
47 7 17
47 8 24
47 11 38
47 12 27
47 13 9
47 14 10
47 15 22
47 16 17
47 17 36
47 18 20
47 19 5
47 20 29
47 21 37
47 22 19
47 23 3
47 24 6
47 26 3
47 28 23
47 29 40
47 30 19
47 31 14
47 33 30
47 34 17
47 35 7
47 36 33
47 37 18
47 39 29
47 40 19
47 41 1
47 42 26
47 43 23
47 44 29
47 45 8
47 46 26
48 0 29
48 1 8
48 2 9
48 4 40
48 5 32
48 6 14
48 7 34
48 8 9
48 9 6
48 10 20
48 11 25
48 12 39
48 13 10
48 14 1
48 15 14
48 16 40
48 17 27
48 18 37
48 19 31
48 20 16
48 21 16
48 22 37
48 23 38
48 24 6
48 25 34
48 26 38
48 27 15
48 28 4
48 29 30
48 30 29
48 31 22
48 33 37
48 34 33
48 36 34
48 37 40
48 38 40
48 39 32
48 41 19
48 42 27
48 45 4
48 46 10
48 47 39
49 0 27
49 1 19
49 2 12
49 3 23
49 4 20
49 5 35
49 6 17
49 7 28
49 9 40
49 10 39
49 11 8
49 12 35
49 13 20
49 14 26
49 15 38
49 17 38
49 18 27
49 20 4
49 21 1
49 22 39
49 25 6
49 26 20
49 27 31
49 28 39
49 29 16
49 30 37
49 31 40
49 32 15
49 33 14
49 34 1
49 35 4
49 36 32
49 37 1
49 38 4
49 39 18
49 40 37
49 41 13
49 43 18
49 44 36
49 45 33
49 46 21
49 47 17
49 48 5
50 0 6
50 1 12
50 3 19
50 4 33
50 5 33
50 6 12
50 7 40
50 8 10
50 9 8
50 10 1
50 11 21
50 13 20
50 14 26
50 15 2
50 16 4
50 17 23
50 18 20
50 19 7
50 20 12
50 21 8
50 22 32
50 24 2
50 25 35
50 27 12
50 28 23
50 29 29
50 30 26
50 31 4
50 32 13
50 33 30
50 34 17
50 35 4
50 36 20
50 37 8
50 38 3
50 39 14
50 40 22
50 41 34
50 42 2
50 43 28
50 44 3
50 45 31
50 46 14
50 47 21
50 48 22
50 49 29
51 0 7
51 1 27
51 2 18
51 3 22
51 4 38
51 5 12
51 6 20
51 7 13
51 8 1
51 9 32
51 10 16
51 11 18
51 12 20
51 13 32
51 14 16
51 15 5
51 16 28
51 17 32
51 18 31
51 19 7
51 20 9
51 21 8
51 22 38
51 23 8
51 24 31
51 25 15
51 26 23
51 27 28
51 28 39
51 30 6
51 31 40
51 33 12
51 34 26
51 35 16
51 36 4
51 37 6
51 38 38
51 39 24
51 40 27
51 41 12
51 42 28
51 43 30
51 44 39
51 45 4
51 47 33
51 49 11
51 50 35
52 1 28
52 2 36
52 3 18
52 4 2
52 5 13
52 6 19
52 7 26
52 8 10
52 10 12
52 11 27
52 12 4
52 13 8
52 14 36
52 15 34
52 16 12
52 17 26
52 18 21
52 19 31
52 20 33
52 22 40
52 23 22
52 24 19
52 25 17
52 26 13
52 27 23
52 28 3
52 29 20
52 30 5
52 31 14
52 33 8
52 34 39
52 35 5
52 36 20
52 37 1
52 38 3
52 39 23
52 40 27
52 41 21
52 42 14
52 43 4
52 44 22
52 45 39
52 46 26
52 47 38
52 48 23
52 49 31
52 50 2
52 51 23
53 1 19
53 3 26
53 4 7
53 5 32
53 6 12
53 7 15
53 9 1
53 11 11
53 12 37
53 13 2
53 14 25
53 15 2
53 16 7
53 17 12
53 18 10
53 19 26
53 20 2
53 21 16
53 22 8
53 23 40
53 24 18
53 25 26
53 26 14
53 27 9
53 28 33
53 29 13
53 30 30
53 31 8
53 32 18
53 33 4
53 34 22
53 35 14
53 37 22
53 38 14
53 39 38
53 40 9
53 41 13
53 42 21
53 43 33
53 44 22
53 45 40
53 46 16
53 47 38
53 48 14
53 49 38
53 50 19
53 51 27
53 52 24
54 0 8
54 1 1
54 2 1
54 3 2
54 4 37
54 5 18
54 6 8
54 7 24
54 9 6
54 10 23
54 12 14
54 13 19
54 14 28
54 15 11
54 17 19
54 18 2
54 19 15
54 20 19
54 22 23
54 23 20
54 24 5
54 25 11
54 27 19
54 28 10
54 30 40
54 32 9
54 33 34
54 34 23
54 35 12
54 36 10
54 37 15
54 38 33
54 39 13
54 40 33
54 41 16
54 42 12
54 43 7
54 44 16
54 45 38
54 46 28
54 47 34
54 48 7
54 49 14
54 51 5
54 52 7
55 0 6
55 1 3
55 2 19
55 3 10
55 4 26
55 7 6
55 9 16
55 10 13
55 11 12
55 12 24
55 13 28
55 14 37
55 15 29
55 16 40
55 17 33
55 18 26
55 19 2
55 20 9
55 21 28
55 22 37
55 23 1
55 24 27
55 25 11
55 26 17
55 27 8
55 28 12
55 29 3
55 30 12
55 31 7
55 32 21
55 34 8
55 35 5
55 36 23
55 37 26
55 38 36
55 39 40
55 40 6
55 41 17
55 42 33
55 43 39
55 44 3
55 45 33
55 46 29
55 47 34
55 48 24
55 49 40
55 50 38
55 51 8
55 52 40
55 53 23
55 54 17
56 0 8
56 1 32
56 2 2
56 3 16
56 4 13
56 5 29
56 6 20
56 7 12
56 8 28
56 10 33
56 12 30
56 13 22
56 14 10
56 15 9
56 16 31
56 17 31
56 19 26
56 20 11
56 21 17
56 22 9
56 23 22
56 24 2
56 25 37
56 26 22
56 27 8
56 28 23
56 30 30
56 31 5
56 32 12
56 33 23
56 34 4
56 35 39
56 36 9
56 37 11
56 38 26
56 39 39
56 40 7
56 41 29
56 42 22
56 43 37
56 44 12
56 45 25
56 46 11
56 47 1
56 48 38
56 49 26
56 50 30
56 51 11
56 52 8
56 53 5
56 54 31
56 55 21
57 0 27
57 1 1
57 2 16
57 3 22
57 4 14
57 5 29
57 6 15
57 7 13
57 8 33
57 9 9
57 10 5
57 11 37
57 12 29
57 14 19
57 15 37
57 17 25
57 18 10
57 19 39
57 20 31
57 21 29
57 22 7
57 23 39
57 24 4
57 25 27
57 26 23
57 27 13
57 28 16
57 30 2
57 31 26
57 32 16
57 33 7
57 34 3
57 35 28
57 36 14
57 37 13
57 39 23
57 40 8
57 41 33
57 45 1
57 46 39
57 47 18
57 48 6
57 50 22
57 52 11
57 53 13
57 54 27
57 55 2
58 0 33
58 1 23
58 2 27
58 3 25
58 4 36
58 5 15
58 6 26
58 7 28
58 8 16
58 9 3
58 10 18
58 11 2
58 12 39
58 13 19
58 14 37
58 15 30
58 16 33
58 17 11
58 18 21
58 19 27
58 20 23
58 21 24
58 22 21
58 23 24
58 25 33
58 27 32
58 28 23
58 29 32
58 30 31
58 31 32
58 32 40
58 33 31
58 36 14
58 37 30
58 38 18
58 39 36
58 40 8
58 41 4
58 42 32
58 43 39
58 44 4
58 45 14
58 47 2
58 48 7
58 49 27
58 50 24
58 51 37
58 52 2
58 53 14
58 54 22
58 55 5
58 56 3
58 57 23
59 0 24
59 1 37
59 2 29
59 3 12
59 4 22
59 5 30
59 6 31
59 7 27
59 8 38
59 9 4
59 10 30
59 11 4
59 12 20
59 14 2
59 15 17
59 16 13
59 17 29
59 18 32
59 19 36
59 20 7
59 21 12
59 22 8
59 23 28
59 24 39
59 25 34
59 26 36
59 27 35
59 28 30
59 29 2
59 30 20
59 31 7
59 32 23
59 33 4
59 37 35
59 38 30
59 39 12
59 40 29
59 41 17
59 42 1
59 43 39
59 44 15
59 45 1
59 46 2
59 47 33
59 48 9
59 49 12
59 50 4
59 51 2
59 52 25
59 53 22
59 54 7
59 55 6
59 56 9
59 57 13
59 58 4
60 0 10
60 1 21
60 2 36
60 3 37
60 4 24
60 5 17
60 6 32
60 7 24
60 8 9
60 9 16
60 10 17
60 11 20
60 12 34
60 13 21
60 14 18
60 15 38
60 16 8
60 17 39
60 18 4
60 19 31
60 20 28
60 21 38
60 22 3
60 23 14
60 24 19
60 25 27
60 26 20
60 27 21
60 28 6
60 29 1
60 30 35
60 31 37
60 32 24
60 33 16
60 34 8
60 35 6
60 36 5
60 38 4
60 40 16
60 42 4
60 43 19
60 44 4
60 45 15
60 46 19
60 47 6
60 49 29
60 50 22
60 51 37
60 52 39
60 53 22
60 54 19
60 55 36
60 56 17
60 57 25
60 58 14
60 59 26
61 0 7
61 1 12
61 2 13
61 3 23
61 4 14
61 5 31
61 6 34
61 7 36
61 8 17
61 9 10
61 10 26
61 11 30
61 12 34
61 13 38
61 14 4
61 15 29
61 16 30
61 17 14
61 18 24
61 20 26
61 21 16
61 22 3
61 24 32
61 25 16
61 26 15
61 27 1
61 28 40
61 29 1
61 31 31
61 32 25
61 33 24
61 34 21
61 35 9
61 36 14
61 38 25
61 39 20
61 40 32
61 41 19
61 42 3
61 43 15
61 44 32
61 45 38
61 46 40
61 47 1
61 49 12
61 50 35
61 51 11
61 52 5
61 53 15
61 54 19
61 55 32
61 56 14
61 57 8
61 58 18
61 59 33
61 60 8
62 0 12
62 1 23
62 2 6
62 3 16
62 4 29
62 5 2
62 6 36
62 7 2
62 8 10
62 9 7
62 11 11
62 12 28
62 13 35
62 15 4
62 16 9
62 18 9
62 19 33
62 20 27
62 21 35
62 23 14
62 24 38
62 25 14
62 26 27
62 27 11
62 28 6
62 29 29
62 30 2
62 31 40
62 32 2
62 33 15
62 34 30
62 35 33
62 36 8
62 37 40
62 38 28
62 39 18
62 41 34
62 42 3
62 43 35
62 44 31
62 45 36
62 46 10
62 47 20
62 48 4
62 49 39
62 50 2
62 52 21
62 53 5
62 54 36
62 57 38
62 59 5
62 60 3
62 61 13
63 1 28
63 2 21
63 3 13
63 4 3
63 5 18
63 6 28
63 7 24
63 8 13
63 9 4
63 10 34
63 11 36
63 12 37
63 13 36
63 15 6
63 16 31
63 18 32
63 19 13
63 20 7
63 21 11
63 22 32
63 23 25
63 24 8
63 25 29
63 26 27
63 27 4
63 28 30
63 29 39
63 31 26
63 32 16
63 33 14
63 34 29
63 35 33
63 36 34
63 37 36
63 38 26
63 39 25
63 40 31
63 41 38
63 42 2
63 44 14
63 45 17
63 46 14
63 47 8
63 48 36
63 49 39
63 50 26
63 51 36
63 52 18
63 53 18
63 54 8
63 55 39
63 56 22
63 57 3
63 58 24
63 59 35
63 60 36
63 62 38
64 0 1
64 1 38
64 2 16
64 3 14
64 4 28
64 5 34
64 6 24
64 7 28
64 8 40
64 9 8
64 10 11
64 11 16
64 12 17
64 13 16
64 14 35
64 15 28
64 16 7
64 17 11
64 18 35
64 19 28
64 20 10
64 21 35
64 22 8
64 23 6
64 24 37
64 25 9
64 27 30
64 28 19
64 29 1
64 30 6
64 31 6
64 33 6
64 34 32
64 35 33
64 36 4
64 37 24
64 38 20
64 40 3
64 41 27
64 42 27
64 43 40
64 44 10
64 46 25
64 47 5
64 48 24
64 49 36
64 51 1
64 52 3
64 54 25
64 55 39
64 56 33
64 57 15
64 58 11
64 59 11
64 60 36
64 61 17
64 62 30
64 63 9
65 1 20
65 2 5
65 3 20
65 4 6
65 5 32
65 7 24
65 8 32
65 9 12
65 10 11
65 11 16
65 12 20
65 13 39
65 14 33
65 15 17
65 16 15
65 17 8
65 18 8
65 19 14
65 20 37
65 21 8
65 22 40
65 23 3
65 24 27
65 25 18
65 26 40
65 28 15
65 29 15
65 30 1
65 31 28
65 32 13
65 33 1
65 34 39
65 36 39
65 37 38
65 38 4
65 39 24
65 40 19
65 41 14
65 42 24
65 43 33
65 44 7
65 46 31
65 47 16
65 49 11
65 50 18
65 51 5
65 52 4
65 53 18
65 54 13
65 55 26
65 59 39
65 60 22
65 62 3
65 63 2
65 64 4
66 0 37
66 1 38
66 2 38
66 3 3
66 4 13
66 5 18
66 6 26
66 7 26
66 8 9
66 9 25
66 10 17
66 11 38
66 12 39
66 13 17
66 14 14
66 15 18
66 16 37
66 17 14
66 18 32
66 19 35
66 20 27
66 21 32
66 22 34
66 23 12
66 24 5
66 25 25
66 26 9
66 27 6
66 28 38
66 29 13
66 30 24
66 31 19
66 32 34
66 33 38
66 34 18
66 35 32
66 36 14
66 37 3
66 38 34
66 39 9
66 40 2
66 41 7
66 42 22
66 43 31
66 45 22
66 47 25
66 48 10
66 49 35
66 50 10
66 51 21
66 52 22
66 53 20
66 54 25
66 56 36
66 58 37
66 59 10
66 60 21
66 61 13
66 62 3
66 63 5
66 65 18
67 0 10
67 1 26
67 3 36
67 4 25
67 5 40
67 6 1
67 7 35
67 8 1
67 9 35
67 10 22
67 11 34
67 12 21
67 13 18
67 14 21
67 15 19
67 16 7
67 17 6
67 18 11
67 19 31
67 20 16
67 21 17
67 22 32
67 23 21
67 24 16
67 25 20
67 27 36
67 28 9
67 29 28
67 30 1
67 31 37
67 32 23
67 33 28
67 34 35
67 35 6
67 36 14
67 37 8
67 38 15
67 39 37
67 40 35
67 41 3
67 42 26
67 44 22
67 45 7
67 46 36
67 47 4
67 48 15
67 49 25
67 50 40
67 51 11
67 52 37
67 53 4
67 54 34
67 56 18
67 57 17
67 58 33
67 59 3
67 60 31
67 61 5
67 62 28
67 63 31
67 64 40
67 65 34
67 66 30
68 0 39
68 2 5
68 3 21
68 4 13
68 5 33
68 6 22
68 7 25
68 8 36
68 9 27
68 10 22
68 11 39
68 12 38
68 14 18
68 15 7
68 16 22
68 17 24
68 18 36
68 19 36
68 20 26
68 21 11
68 22 37
68 23 38
68 24 27
68 25 6
68 26 25
68 27 11
68 28 25
68 29 17
68 31 40
68 32 22
68 33 19
68 34 26
68 35 3
68 37 5
68 38 3
68 40 1
68 41 28
68 42 40
68 43 23
68 44 34
68 45 14
68 46 31
68 47 30
68 49 40
68 50 20
68 51 19
68 52 18
68 53 38
68 54 37
68 55 8
68 56 18
68 57 2
68 58 38
68 59 15
68 60 12
68 61 20
68 62 1
68 63 16
68 65 33
68 66 39
68 67 5
69 0 21
69 1 6
69 2 37
69 3 40
69 4 33
69 5 28
69 6 14
69 7 31
69 8 18
69 9 36
69 10 29
69 12 7
69 14 20
69 15 13
69 16 27
69 17 1
69 18 3
69 19 20
69 20 6
69 21 29
69 22 39
69 23 12
69 24 14
69 25 24
69 26 40
69 27 29
69 28 2
69 29 24
69 30 7
69 31 19
69 32 38
69 33 5
69 34 9
69 35 30
69 36 17
69 37 39
69 39 25
69 41 9
69 42 25
69 43 2
69 44 22
69 45 14
69 46 12
69 48 10
69 49 34
69 50 21
69 51 4
69 52 25
69 53 29
69 54 1
69 55 23
69 56 9
69 58 6
69 59 30
69 60 19
69 61 31
69 62 3
69 63 40
69 64 36
69 65 13
69 66 21
69 67 11
69 68 23
