40
1 0 5
2 0 2
2 1 1
3 0 2
3 1 7
3 2 10
4 0 8
4 1 5
4 2 9
4 3 1
5 0 9
5 1 1
5 2 3
5 3 7
5 4 1
6 0 8
6 1 6
6 2 2
6 4 9
7 0 6
7 1 8
7 2 1
7 3 9
7 4 4
8 0 6
8 1 8
8 2 5
8 3 7
8 4 2
8 5 3
8 6 4
9 0 4
9 1 2
9 2 8
9 3 6
9 4 9
9 5 8
9 6 8
9 7 4
9 8 9
10 1 9
10 2 10
10 3 10
10 4 6
10 5 7
10 6 2
10 7 1
10 8 6
10 9 9
11 0 1
11 1 10
11 2 9
11 3 10
11 4 9
11 5 3
11 6 9
11 7 4
11 8 4
11 9 8
11 10 7
12 0 2
12 1 5
12 2 6
12 3 1
12 4 2
12 5 10
12 7 1
12 8 7
12 10 3
12 11 1
13 0 8
13 1 8
13 2 1
13 3 3
13 4 1
13 5 10
13 6 3
13 7 3
13 10 4
13 11 10
13 12 8
14 0 10
14 1 1
14 2 4
14 3 2
14 4 10
14 5 6
14 6 6
14 7 8
14 8 10
14 9 4
14 10 7
14 11 9
14 12 4
14 13 6
15 0 3
15 1 4
15 2 3
15 3 4
15 4 2
15 5 1
15 6 4
15 7 6
15 8 3
15 9 1
15 10 4
15 11 1
15 12 1
15 13 3
15 14 10
16 0 7
16 1 1
16 2 6
16 3 6
16 4 1
16 5 5
16 6 10
16 7 2
16 8 7
16 9 1
16 10 1
16 11 4
16 12 8
16 13 2
16 14 8
16 15 1
17 0 3
17 1 6
17 2 7
17 3 3
17 4 7
17 5 8
17 6 7
17 7 3
17 8 7
17 10 2
17 12 5
17 13 6
17 14 5
17 15 1
17 16 4
18 0 5
18 1 6
18 2 7
18 3 9
18 4 6
18 5 10
18 6 8
18 7 5
18 8 6
18 10 8
18 12 10
18 13 6
18 14 2
18 15 6
19 1 7
19 2 9
19 3 4
19 4 5
19 5 8
19 6 10
19 7 3
19 8 7
19 9 10
19 10 7
19 11 6
19 12 6
19 13 9
19 14 6
19 15 8
19 16 6
19 18 1
20 0 4
20 1 8
20 2 3
20 3 7
20 4 9
20 5 5
20 6 6
20 7 1
20 8 3
20 9 1
20 10 6
20 11 3
20 12 4
20 13 4
20 14 8
20 15 7
20 16 1
20 17 10
20 18 3
20 19 5
21 0 6
21 1 1
21 2 6
21 4 5
21 5 2
21 6 10
21 8 1
21 9 4
21 10 5
21 11 5
21 12 3
21 14 1
21 15 5
21 16 3
21 17 1
21 18 4
21 19 7
21 20 4
22 0 6
22 1 2
22 2 8
22 3 9
22 4 4
22 5 3
22 6 5
22 7 8
22 8 3
22 9 1
22 10 10
22 11 5
22 12 7
22 13 7
22 15 2
22 16 4
22 18 3
22 19 7
22 20 7
22 21 6
23 0 10
23 1 9
23 3 9
23 4 8
23 5 5
23 6 8
23 7 3
23 8 4
23 9 10
23 10 8
23 11 1
23 12 1
23 13 1
23 14 10
23 15 4
23 16 1
23 17 10
23 18 5
23 19 10
23 20 2
23 21 7
24 0 1
24 1 1
24 2 10
24 3 6
24 4 8
24 5 5
24 6 7
24 7 7
24 8 3
24 11 9
24 12 6
24 13 10
24 14 4
24 17 8
24 18 7
24 19 4
24 20 7
24 21 1
24 22 4
25 0 10
25 1 10
25 2 3
25 3 6
25 4 5
25 5 9
25 6 1
25 7 4
25 8 1
25 9 4
25 11 8
25 12 6
25 13 1
25 14 3
25 15 7
25 17 3
25 18 9
25 19 7
25 20 7
25 21 9
25 22 8
25 23 2
25 24 6
26 0 10
26 1 4
26 2 1
26 3 4
26 4 4
26 5 8
26 7 6
26 8 5
26 9 7
26 10 4
26 11 9
26 12 5
26 14 1
26 15 2
26 16 3
26 17 2
26 18 1
26 19 9
26 20 9
26 21 10
26 22 9
26 23 4
26 24 6
26 25 5
27 0 3
27 1 9
27 2 2
27 4 9
27 5 10
27 6 5
27 9 1
27 10 6
27 12 8
27 13 6
27 14 3
27 15 4
27 16 10
27 17 1
27 18 8
27 19 4
27 20 9
27 21 5
27 22 5
27 23 8
27 24 1
27 25 4
27 26 7
28 0 1
28 1 2
28 2 1
28 3 3
28 4 7
28 5 4
28 6 5
28 7 2
28 8 9
28 9 6
28 10 5
28 11 5
28 12 8
28 13 1
28 14 10
28 15 4
28 16 8
28 17 5
28 19 5
28 20 5
28 21 3
28 22 6
28 23 9
28 24 3
28 25 5
28 27 2
29 0 5
29 1 8
29 2 9
29 3 7
29 5 7
29 6 6
29 7 3
29 8 5
29 9 9
29 10 10
29 11 3
29 14 6
29 15 5
29 16 1
29 17 6
29 18 3
29 19 4
29 20 2
29 21 8
29 22 4
29 24 10
29 25 7
29 26 6
29 28 5
30 0 1
30 2 2
30 3 10
30 4 4
30 5 2
30 6 3
30 7 1
30 9 6
30 10 1
30 11 8
30 12 1
30 13 10
30 14 8
30 16 8
30 17 1
30 18 7
30 21 1
30 23 10
30 24 4
30 25 10
30 27 7
30 28 9
30 29 8
31 0 1
31 2 6
31 3 8
31 4 1
31 5 8
31 6 6
31 7 5
31 9 4
31 10 6
31 11 5
31 12 9
31 13 7
31 14 1
31 15 1
31 16 2
31 17 2
31 18 7
31 19 10
31 20 5
31 21 6
31 22 4
31 23 1
31 24 3
31 27 1
31 28 1
31 29 4
31 30 2
32 1 4
32 2 5
32 3 1
32 4 9
32 5 6
32 6 6
32 7 1
32 8 5
32 9 10
32 10 3
32 11 4
32 12 2
32 13 7
32 14 2
32 15 9
32 16 3
32 17 6
32 18 2
32 19 4
32 21 9
32 22 4
32 23 1
32 24 7
32 25 6
32 26 7
32 27 10
32 28 1
32 29 3
32 30 8
32 31 9
33 0 8
33 2 5
33 3 1
33 4 3
33 5 4
33 6 6
33 7 9
33 8 1
33 9 4
33 10 9
33 11 9
33 12 1
33 13 8
33 14 9
33 15 4
33 16 8
33 17 4
33 18 1
33 19 1
33 20 3
33 21 10
33 22 9
33 23 7
33 24 7
33 25 4
33 26 1
33 27 3
33 28 9
33 29 6
33 31 10
33 32 3
34 0 5
34 1 10
34 3 6
34 4 6
34 7 1
34 8 8
34 9 2
34 10 8
34 11 6
34 13 3
34 14 6
34 15 3
34 16 1
34 17 10
34 18 9
34 19 10
34 20 10
34 21 7
34 22 8
34 24 10
34 25 6
34 26 1
34 28 3
34 30 10
34 31 4
34 32 7
34 33 7
35 0 2
35 1 9
35 2 2
35 3 5
35 4 5
35 5 2
35 6 9
35 7 9
35 8 7
35 9 7
35 10 8
35 11 2
35 12 2
35 13 9
35 14 9
35 15 4
35 16 7
35 17 3
35 18 9
35 19 8
35 20 1
35 21 10
35 22 5
35 23 2
35 24 5
35 25 9
35 26 4
35 27 3
35 28 1
35 29 6
35 30 7
35 31 3
35 32 3
35 33 3
35 34 7
36 1 5
36 2 2
36 4 4
36 5 7
36 6 10
36 7 9
36 8 9
36 9 8
36 11 1
36 12 1
36 13 7
36 14 3
36 15 8
36 16 8
36 17 3
36 18 8
36 19 10
36 20 9
36 21 8
36 22 7
36 23 2
36 24 7
36 25 3
36 26 1
36 27 5
36 28 6
36 29 1
36 30 7
36 31 2
36 32 7
36 33 2
36 34 3
36 35 6
37 0 4
37 1 1
37 2 5
37 3 3
37 4 4
37 5 4
37 6 10
37 8 1
37 9 5
37 10 6
37 11 4
37 12 2
37 13 6
37 14 6
37 15 9
37 16 1
37 17 10
37 18 5
37 19 1
37 20 4
37 21 10
37 22 6
37 23 1
37 24 1
37 25 10
37 26 7
37 27 2
37 28 10
37 29 1
37 30 1
37 31 5
37 32 7
37 33 9
37 34 3
37 35 1
37 36 1
38 0 9
38 1 5
38 3 5
38 4 4
38 5 2
38 6 2
38 7 10
38 8 10
38 9 6
38 12 6
38 14 5
38 16 6
38 17 1
38 18 1
38 19 9
38 20 8
38 21 7
38 22 7
38 23 10
38 24 5
38 26 2
38 27 3
38 28 5
38 29 8
38 30 3
38 31 4
38 32 1
38 33 3
38 34 9
38 35 8
38 36 4
38 37 5
39 0 9
39 1 6
39 2 10
39 3 7
39 4 9
39 5 4
39 6 2
39 7 5
39 8 9
39 9 7
39 11 8
39 12 9
39 13 10
39 14 3
39 15 3
39 16 6
39 17 8
39 18 4
39 19 10
39 20 9
39 21 8
39 22 4
39 23 8
39 25 10
39 26 2
39 27 2
39 28 2
39 29 4
39 30 10
39 31 8
39 32 5
39 33 3
39 34 7
39 35 8
39 36 10
39 37 8
39 38 4
