30
2 0 23
2 1 23
4 2 31
5 0 40
5 1 28
5 4 15
6 0 38
6 1 16
7 4 12
7 6 6
8 1 6
8 5 36
9 8 17
10 4 4
10 9 39
11 2 18
11 4 19
11 10 4
12 0 4
12 1 23
12 10 9
12 11 11
13 1 7
13 4 37
13 6 24
13 7 5
13 9 5
13 10 3
13 12 13
14 0 31
14 6 23
14 7 16
14 9 22
14 10 10
14 11 31
14 12 34
15 0 13
15 7 13
15 14 13
16 0 19
16 2 30
16 4 13
16 5 36
16 6 14
16 9 23
16 13 38
16 15 10
17 0 29
17 4 13
17 7 22
17 8 11
17 11 22
17 16 36
18 0 24
18 2 23
18 4 9
18 5 23
18 14 30
19 0 2
19 3 23
19 5 10
19 9 28
19 13 19
19 15 29
19 17 34
20 2 2
20 4 11
20 5 21
20 6 14
20 7 19
20 9 17
20 12 35
20 13 35
20 16 36
20 17 5
21 0 24
21 1 5
21 6 31
21 8 3
21 11 14
21 12 27
21 14 30
21 17 31
21 18 16
22 1 35
22 2 31
22 11 22
22 12 30
22 14 37
22 17 23
22 18 27
23 4 30
23 5 24
23 7 34
23 9 14
23 10 18
23 15 3
23 16 10
23 21 40
23 22 5
24 1 37
24 3 11
24 8 16
24 9 18
24 10 15
24 11 34
24 13 36
24 21 40
24 22 1
25 0 38
25 3 40
25 11 20
25 15 29
25 17 33
25 18 13
25 19 31
25 21 9
25 22 13
25 24 8
26 2 22
26 3 20
26 6 34
26 8 19
26 11 35
26 16 22
26 17 2
26 18 2
26 20 10
26 22 5
27 2 1
27 3 15
27 4 25
27 6 11
27 7 3
27 9 27
27 13 1
27 14 28
27 15 17
27 16 23
27 17 15
27 18 3
27 19 15
27 22 14
27 23 2
27 24 21
28 0 12
28 1 32
28 9 22
28 12 5
28 13 15
28 15 20
28 16 16
28 25 39
28 27 26
29 9 33
29 12 18
29 13 4
29 14 38
29 18 35
29 22 15
29 24 38
29 25 35
29 26 22
