50
2 1 30
3 1 9
4 0 15
4 2 24
5 0 30
5 4 14
6 2 15
6 4 4
7 0 34
7 3 16
7 4 11
7 6 30
8 0 16
8 2 8
8 4 18
8 5 7
8 6 2
8 7 5
9 1 26
9 2 37
9 3 40
9 4 15
9 6 7
9 8 22
10 2 20
10 5 30
10 8 32
10 9 3
11 1 29
11 3 37
11 4 22
11 6 14
11 7 9
11 8 26
11 10 16
12 3 38
12 6 33
12 7 13
12 9 2
13 1 25
13 2 14
13 3 9
13 6 31
13 7 20
13 10 7
13 11 17
14 2 26
14 5 6
14 8 17
14 13 7
15 0 22
15 7 18
15 8 6
15 9 3
15 11 8
15 14 7
16 0 38
16 2 35
16 3 14
16 4 9
16 5 6
16 7 2
16 10 18
16 12 39
16 13 32
16 14 1
16 15 15
17 0 33
17 1 38
17 3 35
17 4 29
17 6 11
17 7 12
17 8 15
17 9 35
17 11 16
17 12 3
17 13 37
17 14 2
17 15 5
17 16 14
18 0 12
18 1 25
18 2 22
18 3 13
18 6 40
18 12 25
18 13 39
18 14 11
18 16 22
18 17 32
19 0 27
19 1 20
19 3 26
19 5 40
19 6 32
19 7 37
19 9 10
19 10 7
19 11 36
19 12 20
19 13 37
19 17 35
19 18 29
20 0 36
20 1 11
20 2 39
20 3 5
20 6 24
20 7 15
20 8 4
20 9 23
20 10 34
20 12 10
20 14 20
20 16 32
20 17 10
20 18 30
20 19 13
21 0 19
21 2 38
21 3 3
21 5 22
21 6 22
21 7 22
21 8 37
21 9 30
21 10 8
21 11 27
21 12 21
21 13 35
21 15 20
21 16 8
21 17 39
21 18 25
22 0 11
22 1 29
22 2 13
22 3 35
22 4 38
22 5 33
22 6 12
22 10 35
22 13 15
22 18 13
22 19 13
22 20 16
22 21 28
23 1 5
23 2 34
23 4 2
23 9 24
23 10 13
23 11 5
23 12 9
23 13 15
23 14 1
23 15 38
23 18 14
23 20 31
23 21 5
23 22 28
24 0 25
24 3 31
24 4 2
24 6 39
24 9 10
24 12 13
24 18 40
24 20 31
24 21 23
24 22 10
24 23 34
25 0 13
25 1 37
25 2 3
25 3 8
25 5 39
25 8 17
25 9 8
25 10 23
25 12 35
25 13 27
25 17 24
25 18 7
25 19 16
25 20 28
25 24 29
26 0 5
26 1 5
26 2 26
26 4 21
26 5 40
26 7 38
26 9 1
26 10 22
26 11 19
26 14 17
26 16 13
26 18 2
26 21 3
26 23 15
26 24 31
27 6 29
27 10 36
27 12 34
27 13 1
27 14 31
27 24 17
27 25 2
27 26 14
28 0 24
28 3 35
28 4 30
28 6 10
28 7 21
28 9 13
28 11 19
28 12 22
28 14 37
28 15 13
28 16 24
28 17 14
28 19 15
28 21 31
28 22 2
28 25 35
28 26 5
28 27 27
29 0 31
29 1 39
29 2 20
29 3 23
29 4 35
29 6 4
29 7 2
29 8 4
29 9 10
29 10 20
29 13 8
29 14 8
29 15 15
29 18 22
29 20 28
29 21 29
29 22 15
29 24 17
29 25 20
29 26 32
29 27 38
30 3 17
30 4 9
30 12 36
30 15 12
30 17 1
30 19 22
30 20 21
30 21 17
30 22 27
30 23 40
30 24 29
30 25 11
30 27 37
30 28 30
30 29 39
31 0 20
31 1 25
31 2 15
31 5 35
31 6 12
31 7 40
31 8 2
31 9 15
31 10 14
31 11 4
31 15 1
31 16 11
31 17 35
31 18 14
31 19 8
31 20 36
31 21 1
31 22 25
31 23 19
31 24 8
31 25 1
31 27 14
31 28 3
31 29 32
31 30 18
32 0 24
32 1 1
32 2 34
32 4 10
32 5 12
32 6 33
32 7 25
32 9 10
32 10 20
32 11 23
32 12 40
32 13 14
32 14 22
32 16 25
32 17 17
32 19 23
32 20 35
32 21 31
32 22 31
32 23 27
32 24 31
32 25 26
32 26 7
32 28 6
32 29 35
32 30 1
32 31 32
33 0 6
33 2 12
33 5 31
33 8 20
33 11 38
33 12 27
33 13 28
33 15 35
33 16 33
33 18 24
33 19 36
33 20 24
33 22 13
33 23 40
33 24 24
33 26 15
33 27 35
33 28 32
33 29 13
33 30 33
33 31 26
33 32 21
34 0 35
34 1 27
34 3 32
34 5 28
34 6 21
34 11 3
34 12 19
34 13 19
34 14 22
34 18 22
34 19 4
34 21 27
34 24 31
34 26 13
34 27 1
34 30 16
34 31 11
35 0 26
35 1 37
35 2 5
35 3 14
35 4 29
35 6 10
35 7 11
35 8 24
35 9 27
35 12 39
35 13 15
35 14 38
35 15 3
35 16 20
35 17 6
35 18 4
35 20 18
35 21 37
35 22 28
35 24 21
35 25 40
35 28 25
35 29 14
35 32 23
35 33 8
35 34 34
36 0 11
36 1 12
36 3 10
36 4 17
36 5 9
36 6 7
36 9 20
36 10 2
36 11 29
36 12 37
36 13 8
36 14 28
36 16 14
36 17 2
36 19 33
36 20 10
36 21 21
36 22 15
36 24 18
36 26 40
36 27 10
36 29 40
36 30 24
36 31 37
36 33 33
36 34 16
36 35 25
37 1 5
37 2 14
37 3 14
37 5 3
37 6 35
37 7 11
37 8 38
37 10 40
37 11 40
37 14 32
37 16 25
37 17 7
37 18 39
37 19 40
37 22 9
37 24 23
37 26 24
37 27 39
37 28 31
37 29 31
37 30 36
37 32 26
37 33 28
37 35 23
37 36 36
38 0 23
38 1 22
38 2 25
38 4 11
38 6 9
38 7 30
38 9 14
38 11 14
38 13 32
38 17 31
38 18 16
38 20 21
38 22 12
38 24 5
38 25 37
38 32 40
38 33 34
38 36 22
38 37 14
39 1 7
39 2 38
39 5 13
39 9 32
39 10 7
39 13 2
39 14 25
39 15 39
39 17 5
39 18 39
39 19 28
39 23 24
39 24 5
39 25 19
39 26 36
39 28 15
39 29 18
39 30 3
39 31 29
39 32 11
39 33 29
39 34 30
39 36 3
39 38 19
40 0 38
40 3 18
40 4 29
40 6 4
40 7 34
40 8 27
40 11 21
40 13 19
40 14 20
40 16 25
40 17 11
40 18 9
40 19 5
40 21 3
40 23 15
40 25 9
40 26 18
40 31 12
40 33 39
40 35 22
40 37 31
41 0 17
41 1 10
41 3 9
41 4 13
41 5 21
41 6 32
41 7 28
41 10 7
41 13 13
41 14 34
41 15 37
41 17 27
41 18 26
41 21 27
41 22 27
41 23 30
41 24 5
41 28 4
41 29 14
41 30 23
41 31 2
41 33 5
41 35 10
41 36 33
41 37 2
41 39 1
42 0 39
42 1 24
42 2 36
42 3 26
42 4 16
42 5 16
42 6 8
42 7 19
42 8 38
42 11 11
42 12 31
42 13 31
42 15 18
42 16 33
42 22 20
42 23 1
42 25 24
42 26 38
42 27 6
42 29 37
42 30 7
42 32 8
42 35 24
42 36 40
42 37 7
42 38 33
42 40 33
42 41 2
43 3 30
43 4 15
43 6 8
43 7 21
43 9 33
43 10 18
43 11 37
43 13 24
43 15 24
43 16 36
43 21 8
43 23 39
43 24 5
43 25 24
43 27 1
43 28 29
43 29 15
43 31 28
43 33 27
43 34 30
43 36 10
43 37 2
43 38 33
43 40 7
43 42 35
44 3 40
44 5 20
44 6 36
44 7 13
44 10 8
44 11 30
44 13 10
44 14 8
44 15 10
44 19 34
44 22 15
44 29 28
44 31 11
44 34 2
44 36 17
44 40 27
44 41 14
44 42 19
44 43 35
45 1 2
45 4 3
45 6 36
45 7 22
45 8 7
45 9 3
45 11 28
45 12 20
45 13 19
45 14 1
45 15 31
45 17 1
45 18 6
45 21 39
45 22 37
45 23 3
45 24 7
45 25 14
45 26 39
45 27 34
45 28 14
45 31 18
45 34 12
45 36 18
45 37 4
45 38 31
45 40 29
45 41 40
45 43 14
45 44 22
46 0 5
46 1 40
46 7 10
46 10 11
46 11 4
46 13 25
46 15 9
46 17 34
46 18 3
46 19 38
46 21 40
46 22 12
46 23 37
46 25 19
46 28 30
46 31 25
46 34 7
46 35 17
46 36 20
46 38 6
46 39 5
46 40 32
46 41 12
46 42 32
46 43 9
46 44 26
47 0 24
47 1 7
47 3 38
47 4 8
47 5 12
47 7 29
47 8 14
47 9 6
47 12 23
47 14 40
47 15 8
47 16 8
47 18 22
47 19 5
47 21 33
47 24 35
47 27 11
47 30 39
47 31 2
47 32 8
47 33 28
47 35 19
47 39 26
47 40 10
47 41 31
47 42 29
47 45 31
48 0 18
48 1 35
48 2 21
48 6 11
48 7 17
48 9 39
48 10 3
48 13 13
48 15 6
48 16 7
48 17 1
48 24 18
48 30 4
48 31 17
48 32 15
48 34 24
48 35 3
48 36 36
48 37 31
48 38 36
48 39 28
48 41 25
48 42 8
48 43 32
48 44 1
48 46 28
48 47 36
49 1 27
49 2 38
49 3 31
49 5 2
49 7 13
49 9 39
49 10 25
49 11 12
49 13 3
49 15 18
49 16 27
49 17 7
49 18 36
49 20 12
49 21 20
49 22 37
49 23 10
49 25 7
49 26 33
49 27 40
49 29 17
49 31 31
49 32 23
49 33 4
49 34 37
49 35 13
49 36 29
49 38 13
49 42 38
49 43 15
49 44 37
49 45 33
49 48 32
