40
2 0 13
2 1 42
3 0 37
4 0 58
4 3 5
5 1 10
5 4 31
6 0 78
6 3 57
6 4 43
6 5 33
7 2 36
7 6 55
8 3 78
8 4 53
8 5 19
8 6 6
8 7 47
9 0 37
9 2 80
9 3 18
9 6 42
9 7 28
9 8 65
10 0 5
10 1 17
10 2 80
10 4 11
10 8 59
11 0 69
11 2 25
11 4 59
11 6 61
11 9 21
12 3 15
12 4 2
12 5 77
12 6 72
12 7 41
12 9 71
12 10 52
13 3 23
13 8 29
13 10 14
13 11 49
14 5 60
14 6 11
14 7 6
14 8 18
14 11 48
15 1 68
15 6 41
15 8 57
15 10 18
15 11 78
15 13 64
16 5 72
16 11 60
16 15 7
17 3 43
17 5 55
17 6 23
17 7 79
17 8 54
17 11 35
17 14 8
17 15 71
18 5 22
18 6 75
18 9 40
18 11 29
18 12 73
18 14 26
18 15 19
18 16 55
19 4 33
19 5 68
19 9 46
19 11 21
19 12 45
19 13 20
19 17 26
20 1 43
20 2 13
20 9 19
20 10 40
20 17 28
21 0 80
21 3 76
21 7 49
21 8 38
21 13 79
21 17 32
21 19 37
22 0 52
22 1 15
22 4 31
22 8 21
22 9 55
22 10 57
22 11 69
22 13 47
22 16 50
22 17 11
22 18 1
22 19 30
22 20 5
23 1 21
23 2 35
23 3 55
23 4 4
23 6 75
23 10 44
23 11 51
23 16 32
23 17 2
23 18 49
23 20 54
24 0 72
24 1 11
24 4 74
24 5 74
24 9 37
24 10 80
24 15 55
24 16 35
24 17 18
24 19 6
24 23 8
25 3 21
25 5 70
25 7 71
25 9 12
25 11 63
25 12 19
25 13 10
25 15 75
25 17 14
25 18 18
25 19 55
25 21 72
25 24 19
26 0 60
26 3 73
26 5 18
26 12 55
26 16 65
26 19 23
26 24 74
26 25 46
27 1 20
27 2 73
27 7 10
27 8 7
27 9 51
27 10 41
27 11 15
27 12 28
27 17 68
27 18 8
27 22 27
27 23 46
27 25 74
28 0 35
28 3 52
28 4 72
28 6 26
28 7 70
28 9 50
28 15 36
28 18 58
28 20 74
28 26 8
29 2 16
29 12 19
29 14 11
29 15 66
29 17 55
29 18 13
29 19 30
29 20 69
29 21 33
29 23 34
29 24 24
29 25 8
29 27 72
29 28 58
30 5 35
30 8 57
30 9 40
30 10 38
30 11 10
30 13 25
30 21 50
30 24 7
30 25 77
31 1 21
31 2 57
31 3 53
31 5 35
31 10 31
31 11 70
31 14 6
31 15 5
31 18 5
31 19 8
31 20 33
31 22 63
31 24 55
31 27 16
32 4 42
32 5 8
32 7 61
32 11 67
32 12 25
32 13 44
32 14 9
32 15 58
32 16 74
32 18 29
32 19 24
32 24 66
32 25 24
32 27 21
32 28 40
32 30 73
32 31 38
33 4 30
33 7 38
33 9 62
33 11 42
33 14 19
33 15 53
33 16 31
33 17 31
33 19 16
33 21 66
33 23 5
33 24 65
33 25 29
33 26 30
33 27 19
33 30 18
34 1 67
34 7 35
34 8 74
34 9 23
34 10 11
34 14 39
34 18 36
34 19 18
34 22 27
34 25 38
34 28 15
34 29 16
34 30 42
34 33 36
35 0 55
35 1 72
35 2 54
35 3 43
35 4 51
35 6 7
35 7 80
35 9 21
35 11 38
35 13 69
35 14 4
35 15 73
35 17 11
35 19 13
35 22 54
35 24 47
35 25 9
35 27 16
35 30 31
35 31 46
35 32 80
35 34 3
36 4 68
36 7 50
36 8 34
36 11 47
36 12 47
36 13 31
36 14 28
36 16 64
36 17 13
36 21 47
36 22 21
36 23 56
36 24 32
36 27 27
36 30 73
36 32 20
36 34 13
36 35 68
37 5 36
37 6 1
37 8 2
37 9 25
37 12 69
37 13 13
37 22 11
37 26 23
37 28 21
37 30 35
37 31 62
37 32 7
37 34 23
37 35 42
37 36 68
38 0 40
38 1 57
38 5 65
38 6 72
38 12 22
38 13 69
38 15 60
38 18 48
38 19 58
38 22 53
38 23 43
38 25 68
38 26 33
38 27 6
38 30 41
38 33 20
38 34 9
38 36 16
38 37 16
39 1 55
39 5 66
39 8 62
39 10 35
39 13 36
39 15 35
39 17 21
39 18 19
39 19 24
39 23 40
39 24 57
39 30 56
39 32 1
39 34 75
39 36 80
39 37 75
