40
1 0 26
2 0 31
2 1 11
3 0 24
3 1 32
3 2 18
4 0 12
4 1 33
4 2 3
4 3 36
5 0 30
5 1 23
5 2 25
5 3 12
5 4 16
6 0 25
6 1 29
6 2 8
6 3 9
6 4 24
6 5 13
7 0 30
7 1 9
7 2 21
7 3 32
7 4 29
7 5 18
7 6 9
8 0 29
8 1 25
8 2 30
8 3 38
8 4 38
8 5 40
8 6 19
8 7 22
9 0 36
9 1 12
9 2 11
9 3 22
9 4 25
9 5 2
9 6 16
9 7 16
9 8 14
10 0 13
10 1 28
10 2 15
10 3 3
10 4 34
10 5 26
10 6 4
10 7 28
10 8 30
10 9 20
11 0 30
11 1 40
11 2 14
11 3 12
11 4 3
11 5 36
11 6 7
11 7 3
11 8 10
11 9 9
11 10 6
12 0 3
12 1 35
12 2 33
12 3 33
12 4 1
12 5 22
12 6 28
12 7 24
12 8 22
12 9 11
12 10 22
12 11 4
13 0 30
13 1 9
13 2 29
13 3 19
13 4 31
13 5 25
13 6 34
13 7 15
13 8 35
13 9 9
13 10 14
13 11 10
13 12 7
14 0 5
14 1 20
14 2 1
14 3 8
14 4 35
14 5 3
14 6 39
14 7 38
14 8 29
14 9 26
14 10 34
14 11 9
14 12 40
14 13 34
15 0 17
15 1 30
15 2 29
15 3 11
15 4 31
15 5 15
15 6 28
15 7 6
15 8 10
15 9 27
15 10 38
15 11 17
15 12 33
15 13 32
15 14 24
16 0 16
16 1 11
16 2 29
16 3 29
16 4 23
16 5 18
16 6 31
16 7 10
16 8 27
16 9 22
16 10 25
16 11 16
16 12 1
16 13 1
16 14 29
16 15 8
17 0 20
17 1 33
17 2 36
17 3 30
17 4 2
17 5 34
17 6 32
17 7 18
17 8 1
17 9 34
17 10 16
17 11 29
17 12 17
17 13 11
17 14 12
17 15 11
17 16 15
18 0 31
18 1 7
18 2 13
18 3 20
18 4 9
18 5 13
18 6 17
18 7 8
18 8 24
18 9 32
18 10 24
18 11 26
18 12 40
18 13 15
18 14 39
18 15 23
18 16 30
18 17 29
19 0 38
19 1 16
19 2 14
19 3 18
19 4 10
19 5 40
19 6 20
19 7 21
19 8 19
19 9 32
19 10 34
19 11 28
19 12 24
19 13 33
19 14 30
19 15 40
19 16 21
19 17 20
19 18 27
20 0 29
20 1 8
20 2 25
20 3 21
20 4 2
20 5 21
20 6 9
20 7 20
20 8 26
20 9 22
20 10 7
20 11 34
20 12 22
20 13 33
20 14 30
20 15 37
20 16 16
20 17 7
20 18 13
20 19 13
21 0 33
21 1 35
21 2 10
21 3 36
21 4 8
21 5 4
21 6 14
21 7 5
21 8 21
21 9 17
21 10 18
21 11 33
21 12 1
21 13 11
21 14 15
21 15 27
21 16 24
21 17 2
21 18 34
21 19 22
21 20 8
22 0 37
22 1 11
22 2 32
22 3 36
22 4 30
22 5 32
22 6 3
22 7 10
22 8 33
22 9 18
22 10 16
22 11 2
22 12 31
22 13 31
22 14 7
22 15 27
22 16 20
22 17 6
22 18 30
22 19 25
22 20 21
22 21 16
23 0 26
23 1 39
23 2 16
23 3 37
23 4 14
23 5 31
23 6 35
23 7 32
23 8 24
23 9 27
23 10 37
23 11 12
23 12 9
23 13 7
23 14 11
23 15 15
23 16 11
23 17 25
23 18 16
23 19 30
23 20 34
23 21 15
23 22 20
24 0 13
24 1 36
24 2 6
24 3 39
24 4 32
24 5 27
24 6 15
24 7 7
24 8 15
24 9 6
24 10 29
24 11 22
24 12 17
24 13 5
24 14 34
24 15 28
24 16 6
24 17 28
24 18 10
24 19 16
24 20 33
24 21 3
24 22 13
24 23 8
25 0 3
25 1 3
25 2 35
25 3 38
25 4 7
25 5 7
25 6 9
25 7 38
25 8 22
25 9 38
25 10 26
25 11 14
25 12 31
25 13 11
25 14 30
25 15 18
25 16 35
25 17 23
25 18 22
25 19 3
25 20 19
25 21 34
25 22 22
25 23 13
25 24 20
26 0 25
26 1 14
26 2 13
26 3 9
26 4 28
26 5 19
26 6 31
26 7 32
26 8 16
26 9 31
26 10 16
26 11 34
26 12 8
26 13 35
26 14 26
26 15 14
26 16 2
26 17 26
26 18 3
26 19 11
26 20 13
26 21 7
26 22 21
26 23 27
26 24 18
26 25 16
27 0 34
27 1 29
27 2 39
27 3 33
27 4 37
27 5 20
27 6 4
27 7 11
27 8 40
27 9 13
27 10 36
27 11 21
27 12 31
27 13 22
27 14 22
27 15 5
27 16 34
27 17 32
27 18 17
27 19 4
27 20 4
27 21 24
27 22 37
27 23 36
27 24 24
27 25 28
27 26 12
28 0 12
28 1 26
28 2 15
28 3 36
28 4 22
28 5 17
28 6 19
28 7 20
28 8 17
28 9 3
28 10 26
28 11 33
28 12 34
28 13 10
28 14 2
28 15 11
28 16 39
28 17 34
28 18 38
28 19 17
28 20 18
28 21 25
28 22 23
28 23 1
28 24 31
28 25 32
28 26 30
28 27 16
29 0 1
29 1 14
29 2 18
29 3 17
29 4 21
29 5 20
29 6 4
29 7 27
29 8 17
29 9 9
29 10 16
29 11 14
29 12 26
29 13 38
29 14 32
29 15 32
29 16 5
29 17 19
29 18 6
29 19 10
29 20 17
29 21 16
29 22 3
29 23 28
29 24 26
29 25 20
29 26 36
29 27 5
29 28 29
30 0 18
30 1 23
30 2 23
30 3 5
30 4 1
30 5 18
30 6 33
30 7 33
30 8 7
30 9 8
30 10 16
30 11 2
30 12 25
30 13 8
30 14 15
30 15 34
30 16 22
30 17 39
30 18 15
30 19 39
30 20 36
30 21 29
30 22 11
30 23 10
30 24 39
30 25 36
30 26 38
30 27 23
30 28 32
30 29 13
31 0 34
31 1 4
31 2 2
31 3 28
31 4 3
31 5 21
31 6 25
31 7 37
31 8 32
31 9 10
31 10 15
31 11 31
31 12 26
31 13 32
31 14 7
31 15 9
31 16 22
31 17 10
31 18 30
31 19 37
31 20 14
31 21 32
31 22 25
31 23 1
31 24 37
31 25 16
31 26 13
31 27 5
31 28 34
31 29 32
31 30 23
32 0 37
32 1 23
32 2 12
32 3 6
32 4 16
32 5 3
32 6 15
32 7 29
32 8 1
32 9 33
32 10 26
32 11 26
32 12 20
32 13 7
32 14 4
32 15 31
32 16 5
32 17 7
32 18 20
32 19 20
32 20 31
32 21 13
32 22 6
32 23 38
32 24 40
32 25 6
32 26 32
32 27 22
32 28 30
32 29 8
32 30 8
32 31 32
33 0 36
33 1 2
33 2 17
33 3 38
33 4 4
33 5 20
33 6 12
33 7 22
33 8 18
33 9 34
33 10 13
33 11 19
33 12 6
33 13 40
33 14 40
33 15 29
33 16 24
33 17 39
33 18 16
33 19 2
33 20 29
33 21 27
33 22 17
33 23 14
33 24 39
33 25 16
33 26 12
33 27 11
33 28 32
33 29 12
33 30 28
33 31 18
33 32 10
34 0 21
34 1 3
34 2 18
34 3 8
34 4 9
34 5 4
34 6 7
34 7 3
34 8 12
34 9 29
34 10 17
34 11 13
34 12 25
34 13 34
34 14 39
34 15 37
34 16 10
34 17 19
34 18 38
34 19 29
34 20 31
34 21 20
34 22 29
34 23 14
34 24 29
34 25 3
34 26 32
34 27 33
34 28 36
34 29 31
34 30 30
34 31 19
34 32 37
34 33 37
35 0 25
35 1 24
35 2 8
35 3 15
35 4 25
35 5 30
35 6 16
35 7 40
35 8 14
35 9 2
35 10 6
35 11 40
35 12 12
35 13 26
35 14 5
35 15 27
35 16 15
35 17 2
35 18 6
35 19 13
35 20 24
35 21 10
35 22 39
35 23 18
35 24 13
35 25 31
35 26 20
35 27 10
35 28 9
35 29 8
35 30 1
35 31 16
35 32 23
35 33 15
35 34 23
36 0 7
36 1 5
36 2 30
36 3 9
36 4 31
36 5 20
36 6 21
36 7 18
36 8 16
36 9 13
36 10 15
36 11 22
36 12 4
36 13 6
36 14 2
36 15 26
36 16 28
36 17 7
36 18 4
36 19 38
36 20 18
36 21 38
36 22 19
36 23 15
36 24 36
36 25 39
36 26 30
36 27 24
36 28 13
36 29 28
36 30 20
36 31 36
36 32 26
36 33 8
36 34 24
36 35 33
37 0 28
37 1 28
37 2 26
37 3 13
37 4 12
37 5 33
37 6 7
37 7 26
37 8 21
37 9 1
37 10 30
37 11 23
37 12 34
37 13 20
37 14 17
37 15 24
37 16 22
37 17 39
37 18 15
37 19 36
37 20 5
37 21 29
37 22 39
37 23 22
37 24 25
37 25 33
37 26 20
37 27 12
37 28 31
37 29 30
37 30 28
37 31 22
37 32 6
37 33 20
37 34 34
37 35 26
37 36 35
38 0 33
38 1 19
38 2 27
38 3 5
38 4 29
38 5 19
38 6 35
38 7 5
38 8 30
38 9 15
38 10 5
38 11 11
38 12 2
38 13 7
38 14 21
38 15 21
38 16 1
38 17 30
38 18 4
38 19 38
38 20 15
38 21 39
38 22 22
38 23 37
38 24 17
38 25 35
38 26 39
38 27 39
38 28 14
38 29 20
38 30 23
38 31 37
38 32 28
38 33 23
38 34 12
38 35 6
38 36 4
38 37 24
39 0 9
39 1 24
39 2 8
39 3 17
39 4 4
39 5 33
39 6 7
39 7 19
39 8 2
39 9 28
39 10 19
39 11 29
39 12 37
39 13 12
39 14 20
39 15 16
39 16 12
39 17 22
39 18 21
39 19 7
39 20 11
39 21 39
39 22 28
39 23 35
39 24 23
39 25 17
39 26 19
39 27 16
39 28 31
39 29 21
39 30 18
39 31 5
39 32 12
39 33 31
39 34 23
39 35 3
39 36 29
39 37 33
39 38 3
