60
1 0 65
2 0 22
2 1 73
3 0 2
3 2 60
4 1 60
4 2 57
5 0 58
5 1 74
5 3 30
6 1 56
6 2 71
7 2 8
7 3 24
7 5 57
8 3 38
9 4 72
9 8 28
10 2 79
10 3 53
10 4 14
10 8 44
11 5 51
11 8 34
11 9 67
12 1 64
12 3 39
12 4 27
12 9 18
13 2 18
13 8 18
13 10 58
14 1 3
14 3 28
14 6 39
14 7 72
14 12 39
14 13 52
15 1 44
15 2 13
15 8 1
15 11 4
15 12 8
15 13 5
16 1 58
16 10 39
16 15 45
17 4 58
17 11 43
17 12 69
17 15 76
18 1 30
18 5 5
18 7 53
18 8 42
18 9 24
18 10 72
18 16 61
19 2 45
19 7 38
19 8 45
19 11 20
19 12 55
19 14 29
19 18 1
20 5 19
20 7 16
20 8 69
20 11 24
20 16 21
21 4 2
21 9 6
21 11 36
21 15 65
21 16 64
21 18 35
22 0 74
22 1 50
22 2 37
22 9 4
22 11 7
22 14 16
22 15 46
22 20 11
23 2 34
23 6 22
23 10 25
23 11 48
23 13 78
23 14 72
23 20 60
24 1 2
24 3 55
24 6 15
24 9 62
24 10 17
24 13 70
24 16 54
24 17 27
24 19 80
24 20 76
24 21 40
24 22 23
24 23 10
25 0 72
25 2 72
25 6 43
25 7 4
25 8 9
25 13 49
25 14 21
25 20 17
25 23 30
26 0 76
26 1 38
26 4 10
26 11 3
26 14 14
26 17 50
26 19 9
26 22 5
26 25 55
27 0 72
27 6 7
27 9 21
27 10 37
27 13 55
27 15 73
27 19 63
28 6 42
28 12 25
28 21 72
28 26 61
29 3 5
29 12 32
29 20 75
29 21 39
29 27 27
29 28 67
30 5 37
30 6 57
30 9 19
30 11 24
30 12 36
30 17 42
30 18 46
30 21 62
30 28 38
30 29 2
31 0 21
31 1 29
31 3 34
31 5 73
31 19 55
31 23 18
32 3 3
32 6 15
32 8 37
32 12 75
32 16 79
32 22 65
32 23 75
32 26 45
32 27 37
32 31 19
33 0 64
33 5 75
33 12 38
33 13 3
33 16 21
33 29 15
33 30 73
33 31 59
34 2 66
34 5 10
34 12 68
34 13 44
34 15 27
34 16 16
34 22 51
34 23 67
34 27 52
34 29 12
34 33 75
35 5 51
35 11 1
35 13 72
35 19 11
35 20 57
35 33 14
35 34 67
36 4 66
36 9 77
36 13 38
36 16 12
36 22 70
36 24 1
36 26 69
36 31 27
36 32 52
37 3 64
37 8 15
37 9 78
37 11 66
37 13 27
37 19 41
37 20 46
37 21 8
37 27 36
37 30 59
37 31 50
37 35 45
38 3 53
38 7 1
38 9 50
38 10 43
38 13 78
38 14 28
38 15 45
38 16 27
38 18 59
38 27 58
38 29 38
38 30 63
38 31 67
38 33 6
39 0 35
39 1 45
39 2 3
39 8 33
39 15 17
39 20 69
39 21 2
39 23 70
39 32 25
39 33 50
40 1 76
40 5 45
40 9 25
40 18 50
40 21 52
40 25 26
41 0 32
41 3 68
41 5 74
41 6 45
41 9 77
41 10 18
41 14 35
41 19 79
41 25 8
41 26 19
41 27 47
41 28 75
41 30 28
41 31 1
41 37 31
41 38 35
41 39 14
42 1 58
42 2 37
42 5 13
42 6 64
42 13 30
42 14 5
42 17 28
42 26 57
42 30 22
42 38 64
42 40 59
43 2 50
43 6 23
43 21 10
43 22 16
43 25 43
43 34 29
44 4 76
44 6 75
44 10 43
44 15 59
44 16 31
44 17 16
44 21 66
44 23 50
44 25 46
44 27 20
44 29 58
44 32 72
44 34 28
44 41 75
45 2 24
45 5 68
45 13 50
45 14 66
45 15 65
45 16 24
45 19 32
45 20 3
45 23 57
45 26 5
45 28 26
45 29 41
45 33 40
45 37 63
45 38 26
45 40 40
45 41 76
45 43 30
46 0 28
46 1 55
46 11 40
46 31 60
46 32 62
46 34 53
46 35 51
46 37 44
46 38 73
46 39 41
46 43 36
46 44 23
47 4 62
47 5 64
47 6 11
47 7 14
47 9 5
47 10 77
47 11 75
47 12 23
47 16 26
47 18 15
47 25 23
47 27 29
47 28 2
47 33 16
47 34 74
47 37 62
47 40 19
47 41 36
48 0 72
48 2 63
48 5 17
48 8 8
48 9 40
48 11 29
48 17 12
48 19 1
48 22 28
48 25 39
48 28 16
48 33 38
48 36 58
48 38 79
48 40 54
48 41 4
48 45 30
49 0 38
49 2 75
49 6 42
49 24 10
49 25 16
49 28 1
49 39 72
49 42 71
49 43 12
50 0 19
50 1 45
50 2 68
50 4 11
50 8 50
50 12 26
50 23 32
50 24 53
50 26 38
50 27 5
50 37 53
50 40 48
50 42 6
50 46 24
50 49 13
51 0 56
51 7 14
51 17 32
51 18 64
51 20 52
51 21 17
51 23 73
51 24 65
51 27 40
51 30 2
51 33 79
51 34 67
51 35 59
51 39 78
51 41 21
51 47 59
51 48 17
52 8 62
52 9 26
52 11 68
52 12 15
52 13 52
52 14 8
52 15 46
52 17 67
52 21 14
52 26 11
52 27 75
52 29 4
52 30 77
52 36 43
52 38 52
52 41 48
52 42 78
52 46 56
53 6 80
53 7 52
53 9 45
53 10 46
53 12 51
53 13 15
53 17 21
53 23 71
53 28 64
53 30 57
53 41 44
53 43 68
53 45 2
53 47 38
53 49 47
53 51 60
54 4 8
54 6 64
54 8 52
54 11 78
54 12 12
54 13 50
54 19 57
54 21 24
54 23 77
54 26 79
54 28 42
54 34 58
54 40 12
54 41 32
54 42 23
54 43 2
54 47 1
54 49 57
55 3 34
55 5 5
55 9 63
55 15 30
55 18 44
55 22 9
55 25 39
55 26 22
55 32 79
55 34 4
55 37 79
55 40 62
55 54 64
56 1 68
56 3 59
56 7 64
56 9 44
56 11 65
56 12 66
56 15 33
56 17 46
56 18 52
56 20 34
56 24 49
56 28 6
56 29 7
56 30 63
56 36 57
56 37 61
56 40 50
56 41 72
56 44 36
56 47 37
56 48 42
56 52 65
57 1 5
57 2 31
57 9 36
57 14 56
57 16 49
57 20 77
57 23 37
57 26 16
57 31 66
57 33 48
57 34 45
57 35 48
57 37 67
57 42 40
57 43 37
57 50 5
57 54 75
57 55 48
58 8 19
58 9 15
58 12 21
58 13 14
58 14 41
58 16 43
58 20 9
58 27 80
58 28 37
58 32 32
58 34 69
58 38 19
58 40 7
58 54 9
58 57 6
59 2 46
59 4 67
59 6 47
59 8 62
59 11 37
59 16 55
59 17 80
59 25 5
59 33 42
59 37 23
59 39 21
59 40 54
59 45 50
59 51 6
59 52 14
59 55 3
59 56 69
