50
1 0 6
2 0 10
3 0 8
3 1 3
4 1 2
4 3 6
5 0 6
5 2 1
5 3 6
5 4 8
6 0 8
6 2 6
6 3 3
6 4 1
6 5 7
7 0 1
7 2 6
7 5 6
7 6 7
8 1 10
8 3 8
8 4 7
8 5 4
8 6 9
9 0 9
9 1 4
9 2 7
9 3 2
9 4 7
9 5 3
9 7 1
9 8 2
10 0 8
10 2 7
10 3 5
10 6 8
10 7 7
10 8 8
10 9 2
11 0 8
11 2 8
11 4 4
11 5 7
11 7 2
11 8 2
12 3 3
12 4 1
12 8 10
12 9 5
13 0 6
13 1 7
13 2 9
13 3 2
13 4 6
13 5 5
13 6 7
13 7 10
13 8 10
13 9 5
13 10 4
14 0 6
14 4 7
14 5 4
14 6 8
14 7 8
14 8 10
14 9 5
14 10 8
14 12 4
14 13 8
15 0 3
15 1 6
15 2 1
15 3 6
15 4 9
15 5 9
15 6 9
15 7 6
15 8 1
15 10 6
15 11 1
15 12 8
15 13 3
15 14 9
16 0 10
16 1 3
16 2 7
16 4 6
16 5 1
16 6 3
16 7 4
16 8 2
16 10 2
16 11 6
16 13 3
16 15 6
17 1 6
17 2 6
17 3 1
17 4 8
17 5 4
17 6 3
17 7 6
17 8 10
17 9 3
17 10 5
17 12 7
17 13 2
17 15 1
17 16 7
18 2 1
18 3 2
18 4 1
18 6 1
18 8 10
18 10 4
18 11 6
18 15 7
18 16 7
19 0 6
19 3 6
19 4 2
19 5 6
19 6 5
19 9 3
19 13 7
19 14 10
19 15 1
19 16 2
19 17 6
19 18 5
20 0 4
20 1 8
20 3 10
20 5 8
20 6 9
20 7 2
20 8 9
20 10 9
20 11 2
20 13 1
20 14 9
20 15 6
20 17 6
20 18 8
21 0 8
21 1 5
21 2 3
21 4 1
21 6 3
21 8 9
21 9 3
21 10 8
21 11 5
21 12 10
21 13 3
21 14 6
21 15 5
21 16 1
21 20 5
22 1 4
22 2 9
22 3 10
22 4 1
22 5 3
22 6 3
22 8 4
22 10 4
22 11 1
22 12 9
22 13 4
22 14 1
22 15 9
22 16 3
22 17 1
22 20 10
22 21 2
23 0 6
23 2 3
23 4 6
23 6 4
23 7 5
23 8 4
23 9 9
23 11 5
23 12 3
23 15 10
23 16 6
23 19 9
23 20 3
23 21 6
24 0 2
24 1 8
24 2 7
24 3 9
24 4 10
24 5 5
24 6 8
24 7 8
24 8 4
24 10 6
24 11 8
24 12 4
24 13 4
24 14 4
24 17 1
24 19 8
24 20 1
24 23 5
25 0 1
25 1 10
25 2 1
25 5 10
25 6 7
25 9 1
25 10 9
25 11 3
25 12 3
25 13 6
25 14 8
25 15 2
25 16 1
25 17 1
25 19 1
25 20 3
25 21 1
25 22 8
25 23 8
25 24 8
26 1 10
26 3 7
26 6 10
26 8 7
26 9 2
26 11 8
26 12 10
26 13 3
26 14 8
26 15 3
26 16 4
26 17 10
26 20 2
26 21 4
26 22 1
26 24 5
26 25 8
27 0 10
27 2 7
27 3 3
27 4 8
27 5 7
27 7 8
27 8 10
27 9 5
27 10 9
27 11 2
27 12 7
27 13 9
27 14 3
27 16 7
27 17 2
27 18 9
27 19 5
27 20 5
27 24 2
27 26 1
28 1 6
28 2 10
28 3 10
28 4 5
28 5 9
28 6 10
28 7 2
28 9 1
28 10 10
28 11 5
28 12 9
28 16 6
28 17 2
28 18 8
28 21 7
28 22 5
28 24 7
28 25 8
28 27 6
29 1 2
29 2 1
29 3 10
29 5 2
29 6 6
29 9 3
29 10 7
29 12 10
29 13 1
29 15 6
29 17 7
29 20 8
29 21 3
29 22 8
29 23 3
29 24 4
29 25 5
29 26 9
29 27 1
29 28 9
30 3 10
30 6 6
30 7 8
30 8 6
30 9 1
30 14 4
30 16 6
30 17 3
30 20 2
30 21 4
30 22 7
30 23 2
30 25 10
30 26 4
30 27 4
30 28 10
30 29 10
31 0 2
31 1 7
31 4 2
31 5 2
31 6 4
31 7 6
31 9 5
31 11 8
31 13 1
31 14 7
31 15 9
31 16 1
31 17 4
31 18 4
31 19 2
31 20 2
31 21 6
31 22 9
31 23 3
31 25 2
31 26 9
31 27 10
31 28 8
31 30 8
32 0 5
32 1 9
32 2 3
32 4 2
32 5 6
32 6 1
32 7 1
32 8 3
32 10 4
32 11 10
32 12 9
32 13 7
32 14 6
32 15 4
32 16 6
32 17 9
32 18 8
32 21 7
32 22 7
32 25 6
32 26 1
32 28 8
32 30 8
32 31 4
33 0 8
33 3 8
33 4 7
33 5 1
33 6 6
33 8 1
33 10 10
33 12 7
33 14 5
33 16 6
33 17 10
33 19 10
33 23 2
33 24 3
33 25 8
33 26 10
33 27 10
33 28 8
33 29 9
33 30 9
33 32 3
34 0 8
34 1 6
34 2 8
34 3 5
34 4 8
34 6 8
34 9 10
34 12 1
34 13 1
34 15 3
34 16 5
34 19 3
34 21 6
34 22 10
34 24 7
34 25 8
34 26 1
34 27 2
34 28 4
34 29 7
34 30 8
34 31 10
34 32 4
34 33 10
35 1 5
35 2 4
35 3 1
35 4 5
35 5 4
35 6 6
35 7 2
35 8 3
35 9 9
35 10 7
35 11 9
35 12 9
35 13 7
35 14 5
35 15 1
35 17 6
35 18 7
35 19 8
35 20 3
35 21 10
35 22 5
35 23 2
35 24 3
35 25 5
35 28 1
35 29 8
35 31 8
35 32 4
35 33 5
35 34 2
36 0 6
36 1 1
36 2 9
36 3 8
36 4 10
36 5 5
36 9 10
36 10 7
36 11 9
36 13 10
36 16 3
36 17 9
36 18 1
36 20 9
36 21 1
36 23 5
36 24 4
36 25 8
36 27 2
36 28 6
36 30 7
36 31 10
36 32 3
36 33 10
36 35 7
37 0 1
37 1 7
37 2 3
37 3 7
37 5 6
37 7 1
37 8 9
37 9 5
37 10 10
37 11 3
37 12 9
37 13 7
37 15 10
37 18 2
37 19 9
37 20 2
37 21 4
37 22 5
37 25 6
37 26 10
37 27 4
37 30 7
37 31 10
37 32 1
37 33 2
37 34 1
37 35 4
38 0 10
38 1 2
38 2 8
38 3 3
38 5 3
38 6 8
38 8 8
38 9 10
38 10 9
38 11 8
38 12 2
38 13 10
38 14 6
38 15 7
38 16 2
38 18 7
38 19 7
38 20 10
38 21 9
38 22 10
38 23 5
38 24 6
38 27 1
38 28 1
38 31 4
38 33 4
38 35 6
38 36 1
38 37 4
39 0 6
39 1 8
39 2 2
39 3 7
39 5 4
39 8 5
39 9 1
39 10 7
39 11 4
39 13 6
39 14 7
39 15 4
39 16 6
39 17 5
39 18 9
39 19 10
39 20 2
39 21 6
39 24 5
39 26 7
39 27 3
39 29 7
39 30 5
39 31 10
39 33 8
39 34 9
39 37 6
39 38 10
40 1 6
40 2 6
40 3 1
40 4 4
40 5 8
40 6 3
40 7 3
40 9 3
40 12 2
40 13 9
40 15 3
40 17 7
40 18 4
40 22 9
40 23 3
40 25 1
40 27 10
40 29 10
40 30 3
40 32 9
40 34 10
40 35 2
41 0 7
41 1 8
41 3 3
41 4 10
41 6 3
41 7 5
41 8 9
41 9 5
41 11 9
41 12 1
41 13 9
41 16 6
41 18 9
41 20 5
41 21 5
41 22 6
41 23 9
41 25 6
41 27 2
41 28 3
41 31 5
41 32 9
41 33 10
41 34 4
41 36 8
41 37 2
41 38 1
41 39 9
42 0 4
42 1 9
42 4 4
42 5 7
42 7 3
42 9 9
42 10 1
42 11 9
42 12 7
42 15 9
42 16 5
42 17 7
42 18 3
42 19 8
42 20 3
42 21 3
42 22 5
42 24 6
42 27 6
42 28 1
42 29 9
42 31 1
42 33 8
42 34 7
42 35 10
42 36 1
42 37 1
42 39 3
42 40 2
42 41 2
43 0 6
43 1 2
43 2 9
43 3 8
43 5 4
43 8 7
43 10 10
43 11 1
43 12 2
43 14 5
43 15 3
43 16 3
43 17 4
43 19 4
43 20 1
43 22 7
43 23 10
43 24 6
43 25 10
43 26 8
43 27 6
43 28 8
43 29 2
43 32 4
43 33 1
43 34 7
43 36 2
43 38 9
43 39 9
43 40 1
43 41 3
43 42 9
44 0 3
44 2 2
44 4 10
44 6 3
44 7 6
44 8 2
44 10 6
44 11 9
44 12 10
44 13 4
44 14 6
44 17 5
44 18 3
44 19 2
44 20 6
44 21 7
44 22 5
44 23 10
44 24 8
44 25 8
44 26 4
44 28 6
44 30 3
44 31 7
44 32 1
44 36 2
44 37 5
44 38 9
45 0 7
45 1 7
45 2 7
45 4 2
45 5 5
45 7 6
45 9 4
45 11 7
45 12 7
45 14 4
45 15 9
45 16 9
45 17 10
45 20 3
45 23 6
45 24 4
45 25 2
45 26 4
45 28 9
45 29 9
45 30 4
45 31 4
45 35 2
45 37 1
45 38 8
45 40 6
45 41 1
45 42 3
45 43 8
45 44 1
46 0 1
46 1 2
46 2 8
46 3 6
46 5 9
46 6 8
46 7 3
46 8 2
46 9 1
46 11 7
46 13 1
46 15 5
46 18 10
46 19 1
46 20 4
46 23 2
46 24 7
46 25 9
46 26 4
46 27 3
46 28 9
46 29 6
46 31 8
46 32 5
46 33 4
46 34 1
46 35 10
46 36 9
46 37 4
46 38 2
46 40 1
46 41 1
46 42 3
46 43 7
46 44 6
46 45 4
47 0 7
47 1 4
47 4 9
47 5 7
47 6 5
47 7 1
47 8 1
47 9 1
47 10 9
47 12 7
47 13 3
47 15 4
47 16 7
47 18 3
47 19 9
47 20 7
47 22 1
47 24 1
47 25 10
47 26 10
47 27 6
47 28 10
47 29 4
47 33 7
47 36 5
47 37 8
47 38 10
47 39 9
47 40 1
47 41 4
47 42 7
47 43 10
47 45 7
48 0 1
48 1 9
48 2 10
48 3 4
48 5 1
48 7 8
48 9 3
48 11 4
48 12 3
48 13 8
48 16 4
48 17 6
48 19 9
48 22 7
48 23 10
48 24 4
48 25 3
48 26 1
48 28 7
48 29 8
48 30 4
48 31 5
48 32 8
48 33 6
48 34 1
48 35 5
48 36 4
48 40 2
48 41 8
48 44 10
48 45 4
48 46 8
48 47 3
49 0 1
49 1 4
49 3 9
49 5 3
49 6 5
49 7 3
49 8 8
49 9 7
49 10 3
49 11 3
49 13 8
49 14 4
49 15 4
49 17 1
49 20 5
49 21 8
49 22 6
49 27 4
49 28 5
49 29 1
49 31 8
49 32 6
49 33 10
49 37 9
49 38 3
49 40 4
49 41 10
49 44 7
49 45 10
49 46 10
49 47 4
49 48 9
