40
1 0 62
2 0 33
2 1 21
3 0 19
3 1 80
3 2 22
4 1 4
4 2 22
4 3 64
5 0 42
5 2 58
5 3 57
6 1 71
6 2 9
6 3 10
6 4 5
6 5 4
7 1 78
7 3 72
7 5 65
7 6 44
8 0 14
8 3 51
8 4 7
8 5 38
8 6 18
8 7 20
9 0 76
9 3 33
9 4 74
9 5 39
9 6 62
9 8 38
10 0 47
10 3 36
10 4 4
10 5 64
10 6 24
10 7 75
10 8 77
11 0 33
11 1 27
11 2 34
11 3 64
11 4 63
11 5 68
11 6 55
11 7 13
11 8 65
11 9 33
11 10 36
12 0 56
12 1 53
12 2 78
12 4 32
12 5 21
12 7 60
12 8 37
12 9 36
12 10 76
12 11 71
13 0 7
13 1 32
13 3 78
13 4 24
13 5 49
13 6 51
13 7 54
13 8 76
13 9 43
13 10 17
13 11 34
13 12 24
14 0 47
14 1 78
14 2 64
14 3 62
14 4 24
14 5 17
14 6 14
14 8 65
14 9 33
14 10 74
14 11 33
15 0 38
15 1 70
15 3 33
15 4 31
15 5 35
15 6 76
15 7 17
15 8 27
15 10 3
15 11 1
15 12 2
15 14 21
16 0 66
16 2 51
16 3 58
16 4 51
16 5 48
16 6 61
16 7 1
16 8 68
16 9 69
16 10 70
16 12 46
16 13 71
16 14 48
17 0 48
17 2 59
17 3 39
17 4 18
17 5 22
17 6 7
17 7 53
17 8 48
17 10 52
17 11 57
17 13 74
17 14 35
17 15 36
17 16 20
18 2 22
18 5 47
18 6 20
18 7 5
18 8 2
18 9 78
18 10 41
18 11 24
18 12 3
18 13 54
18 16 20
18 17 57
19 0 8
19 1 50
19 2 18
19 3 60
19 4 17
19 7 20
19 8 65
19 10 48
19 11 73
19 12 53
19 13 29
19 15 1
19 16 44
19 17 58
19 18 17
20 1 59
20 3 2
20 4 31
20 5 52
20 7 53
20 10 8
20 11 18
20 13 26
20 15 22
20 18 40
20 19 9
21 0 25
21 1 72
21 2 23
21 3 24
21 4 13
21 5 55
21 6 14
21 9 54
21 10 29
21 11 44
21 12 68
21 13 76
21 14 70
21 15 5
21 16 50
21 17 5
21 18 18
21 19 51
21 20 1
22 1 32
22 2 6
22 3 78
22 4 29
22 5 24
22 6 41
22 7 61
22 8 29
22 9 68
22 10 33
22 12 50
22 13 41
22 15 56
22 16 38
22 17 20
22 18 60
22 19 75
22 20 6
22 21 12
23 0 57
23 3 52
23 4 38
23 5 26
23 6 80
23 7 80
23 8 56
23 9 68
23 10 62
23 11 10
23 13 57
23 14 41
23 16 27
23 17 17
23 19 4
23 20 80
23 21 51
23 22 62
24 0 24
24 1 53
24 2 4
24 3 27
24 4 41
24 5 55
24 10 44
24 11 33
24 13 47
24 14 76
24 15 39
24 18 67
24 19 11
24 20 27
24 21 15
24 22 22
25 1 54
25 2 14
25 3 5
25 4 17
25 5 45
25 6 30
25 7 19
25 9 6
25 10 55
25 11 1
25 12 6
25 13 9
25 14 8
25 15 38
25 16 27
25 20 48
25 22 51
25 23 16
25 24 27
26 0 78
26 1 13
26 2 32
26 3 38
26 5 45
26 6 73
26 7 28
26 9 67
26 10 16
26 11 24
26 12 67
26 13 54
26 14 72
26 15 26
26 16 42
26 17 53
26 19 51
26 20 67
26 21 19
26 22 6
26 23 39
26 24 42
26 25 8
27 0 26
27 1 6
27 3 67
27 5 24
27 9 63
27 10 29
27 11 61
27 12 40
27 14 58
27 16 64
27 17 33
27 18 51
27 19 22
27 20 69
27 21 9
27 22 37
27 23 52
27 24 49
27 26 51
28 0 28
28 1 68
28 2 33
28 3 3
28 4 59
28 5 25
28 6 29
28 7 38
28 8 67
28 9 49
28 10 3
28 11 61
28 12 3
28 13 15
28 14 26
28 15 80
28 16 33
28 17 18
28 18 17
28 19 37
28 20 68
28 21 62
28 23 27
28 24 72
28 25 72
28 26 59
28 27 39
29 0 13
29 1 38
29 2 10
29 5 63
29 6 21
29 7 41
29 9 57
29 10 49
29 11 33
29 12 80
29 13 16
29 14 16
29 15 48
29 16 42
29 17 80
29 18 50
29 19 8
29 20 15
29 21 42
29 22 32
29 23 45
29 25 30
29 26 32
29 27 29
30 0 65
30 1 18
30 3 20
30 4 38
30 5 75
30 6 26
30 7 40
30 9 21
30 10 21
30 12 71
30 14 56
30 15 74
30 16 71
30 17 12
30 18 79
30 19 22
30 20 10
30 21 11
30 23 27
30 24 14
30 25 20
30 26 7
30 27 55
30 28 8
30 29 56
31 0 61
31 1 67
31 3 71
31 4 64
31 6 31
31 8 72
31 9 52
31 11 10
31 12 6
31 13 15
31 14 67
31 15 17
31 16 56
31 18 26
31 19 58
31 20 4
31 21 47
31 24 36
31 25 5
31 27 23
31 29 40
31 30 22
32 0 13
32 1 70
32 2 51
32 3 8
32 4 50
32 5 20
32 6 9
32 7 21
32 9 25
32 11 47
32 12 10
32 13 10
32 14 77
32 15 34
32 16 62
32 17 49
32 18 60
32 19 35
32 20 19
32 21 68
32 24 64
32 25 71
32 26 29
32 27 80
32 28 53
32 29 75
32 30 7
32 31 32
33 0 59
33 1 32
33 3 49
33 4 55
33 6 14
33 7 45
33 8 75
33 9 34
33 10 3
33 11 12
33 12 31
33 13 72
33 14 43
33 16 7
33 18 8
33 19 21
33 20 29
33 21 80
33 24 5
33 25 40
33 26 70
33 28 54
33 30 15
33 32 42
34 0 16
34 1 16
34 2 39
34 3 43
34 4 74
34 6 25
34 7 5
34 8 3
34 10 5
34 11 58
34 13 32
34 14 9
34 15 28
34 16 32
34 17 9
34 18 50
34 19 37
34 20 38
34 22 5
34 23 19
34 24 44
34 25 78
34 26 9
34 27 27
34 29 15
34 30 16
34 31 8
34 32 79
34 33 55
35 0 14
35 1 6
35 2 28
35 3 65
35 4 9
35 5 63
35 6 18
35 7 29
35 8 60
35 9 9
35 10 73
35 11 14
35 12 50
35 14 3
35 15 80
35 16 47
35 18 60
35 19 63
35 21 36
35 22 47
35 23 1
35 24 38
35 26 41
35 27 4
35 28 76
35 29 64
35 30 68
35 31 58
35 32 25
35 34 72
36 0 25
36 1 53
36 2 27
36 3 64
36 4 31
36 6 24
36 7 4
36 8 70
36 9 77
36 11 30
36 12 37
36 14 43
36 15 14
36 16 79
36 17 64
36 18 17
36 19 58
36 20 50
36 21 15
36 22 16
36 24 61
36 25 38
36 26 1
36 27 79
36 28 64
36 29 28
36 30 19
36 32 79
36 33 66
36 34 61
36 35 59
37 0 15
37 1 74
37 3 32
37 5 64
37 6 78
37 7 19
37 8 18
37 9 67
37 10 48
37 11 7
37 12 80
37 13 69
37 14 44
37 15 70
37 16 44
37 17 32
37 18 48
37 19 19
37 20 77
37 22 48
37 23 73
37 24 21
37 25 3
37 26 9
37 28 63
37 29 77
37 30 58
37 31 24
37 32 23
37 33 80
37 34 45
37 35 15
37 36 30
38 0 42
38 1 68
38 2 10
38 3 22
38 4 76
38 5 14
38 8 30
38 9 22
38 10 19
38 11 76
38 12 28
38 13 46
38 14 41
38 15 27
38 16 28
38 17 15
38 18 69
38 19 55
38 20 60
38 21 78
38 22 80
38 23 76
38 24 65
38 25 58
38 30 19
38 31 39
38 32 48
38 33 30
38 34 32
38 35 36
38 36 3
38 37 60
39 1 66
39 3 58
39 4 71
39 5 24
39 7 57
39 8 25
39 10 60
39 11 49
39 12 2
39 13 11
39 14 18
39 15 41
39 16 45
39 17 77
39 18 75
39 19 27
39 20 63
39 22 12
39 23 50
39 24 4
39 25 34
39 26 5
39 27 38
39 28 54
39 29 38
39 30 22
39 32 11
39 33 11
39 34 43
39 35 80
39 36 35
39 37 32
39 38 56
