50
4 2 35
5 0 19
5 2 33
5 3 30
6 3 3
6 5 11
7 2 8
7 4 25
8 3 38
8 5 16
9 3 10
10 5 14
13 0 1
13 11 13
13 12 38
15 6 25
15 10 5
15 11 19
16 2 37
16 4 25
16 7 3
16 12 26
16 13 19
17 3 13
17 11 5
18 2 16
18 3 5
18 15 18
18 17 40
19 0 9
19 1 2
19 3 27
19 4 13
19 8 29
19 13 36
19 16 36
20 8 27
20 13 24
20 18 38
21 1 5
21 4 1
21 8 13
21 9 37
21 20 30
22 11 24
22 12 19
22 13 15
22 18 27
23 4 11
23 5 30
23 6 20
23 15 24
24 2 28
24 8 5
24 9 31
24 16 27
24 22 32
25 4 22
25 15 39
25 19 29
25 21 29
25 22 10
25 24 39
26 1 15
26 23 28
27 1 2
27 5 40
27 6 29
27 8 37
27 9 40
27 17 38
27 22 35
28 4 21
28 6 33
28 10 30
28 15 34
28 16 26
28 26 30
29 2 35
29 9 31
29 12 9
29 20 26
29 27 39
30 0 24
30 1 18
30 3 26
30 9 39
30 11 14
30 15 4
30 17 40
31 4 4
31 11 15
31 14 16
31 19 38
32 1 17
32 2 10
32 4 29
32 5 30
32 25 7
33 4 10
33 7 22
33 9 29
33 14 4
33 20 3
34 13 32
34 15 13
34 26 12
35 12 20
35 23 33
35 29 14
35 32 17
36 1 8
36 3 31
36 5 8
36 10 14
36 20 34
36 32 33
37 0 4
37 4 19
37 9 12
37 15 40
37 17 8
37 20 38
37 22 21
37 32 36
37 33 9
37 34 10
38 1 16
38 11 8
38 13 17
38 31 19
38 32 14
38 35 2
39 6 36
39 7 31
39 11 4
39 12 29
39 15 11
39 16 16
39 19 40
39 26 32
40 14 7
40 15 18
40 20 15
40 21 6
40 22 32
40 23 8
40 25 26
40 26 11
41 4 35
41 8 17
41 10 14
41 12 7
41 13 8
41 16 6
41 19 14
41 24 19
41 28 40
41 33 19
41 38 14
41 40 8
42 4 7
42 17 29
42 20 34
42 29 23
42 40 12
43 1 13
43 5 37
43 7 13
43 17 40
43 18 38
43 20 40
43 28 8
43 35 30
43 37 31
44 11 40
44 18 9
44 30 30
44 35 13
45 3 1
45 7 33
45 17 23
45 22 3
45 32 29
45 36 9
45 38 32
45 39 16
45 42 18
45 43 26
46 15 34
46 16 29
46 18 2
46 20 19
46 21 17
46 25 13
46 26 5
46 38 9
46 45 31
47 29 6
47 31 29
47 35 2
47 42 31
48 1 2
48 2 38
48 3 31
48 13 16
48 15 5
48 16 7
48 17 31
48 21 10
48 25 21
48 32 19
48 42 25
49 9 15
49 16 28
49 24 12
49 26 1
49 33 19
49 41 3
49 42 8
49 45 11
