50
1 0 78
5 0 30
6 4 65
8 4 61
10 0 49
10 6 32
11 6 61
11 9 21
11 10 59
14 2 12
14 4 67
14 10 21
15 14 48
16 1 51
16 4 13
16 9 74
17 4 71
17 8 17
17 16 4
18 2 37
18 10 21
18 17 61
19 1 55
20 0 45
20 14 66
21 2 50
21 9 39
21 12 55
21 17 7
21 20 7
22 1 35
23 3 62
23 9 62
23 13 52
23 15 35
24 4 74
24 20 70
25 0 34
25 16 34
25 20 18
25 21 71
25 22 38
26 7 70
26 15 34
26 22 38
27 15 40
29 4 7
29 13 19
29 18 45
30 6 7
30 22 24
31 18 17
31 24 23
32 3 8
32 11 47
32 13 1
32 19 70
32 30 33
33 5 11
33 11 66
33 28 25
33 32 62
34 0 26
34 1 78
34 10 20
34 18 49
34 19 36
34 27 7
35 14 11
35 17 33
35 22 65
35 23 5
35 27 18
35 29 59
36 8 62
36 17 61
37 3 3
38 18 1
38 24 15
38 29 41
39 3 80
39 8 62
39 16 44
39 22 32
39 36 24
40 3 27
40 4 48
40 20 21
40 22 62
40 26 80
41 0 42
41 1 29
41 6 70
41 18 80
41 20 5
41 30 19
41 37 67
42 23 73
42 27 65
42 38 67
43 1 77
43 7 69
43 8 52
43 10 28
43 12 71
43 29 9
43 30 20
43 40 44
44 9 2
44 13 75
44 37 79
44 39 38
44 42 16
45 19 65
45 22 80
45 27 54
45 30 18
45 31 40
45 40 75
45 44 43
46 3 66
46 6 10
46 10 30
46 13 37
46 21 17
47 4 48
47 12 65
47 14 59
47 35 50
48 1 58
48 2 21
48 14 64
48 20 75
48 24 20
48 30 35
49 1 26
49 4 41
49 7 18
49 18 80
49 20 12
49 21 48
49 32 55
49 38 53
49 45 6
