70
2 0 310
3 1 53
5 2 311
7 0 260
7 6 7
8 5 291
10 5 202
10 7 81
11 4 72
14 2 104
14 13 68
17 14 109
17 15 198
18 6 176
18 11 304
18 16 320
19 4 61
21 8 277
21 10 32
21 13 10
21 18 175
22 6 239
22 12 232
22 17 289
23 3 184
23 5 114
23 12 239
23 14 195
23 19 150
23 20 94
24 0 194
24 12 198
25 7 316
25 8 96
25 18 303
25 22 96
26 1 195
26 12 112
26 18 238
26 19 32
26 22 86
27 4 233
27 6 265
27 26 42
28 0 126
28 6 208
28 13 293
28 15 179
29 11 215
30 7 251
30 8 12
30 23 6
31 6 159
31 10 310
31 26 136
31 30 309
32 14 303
33 7 146
33 15 79
33 23 150
34 21 307
34 25 200
34 30 67
35 1 134
35 19 75
36 25 250
36 34 99
36 35 314
37 13 242
37 14 80
37 17 28
37 26 282
37 29 51
37 36 187
38 4 187
38 5 209
38 27 44
38 29 112
38 35 139
38 36 209
39 11 135
39 13 70
39 23 32
40 2 170
40 15 68
40 20 198
40 23 60
40 36 251
41 1 87
41 2 171
41 33 163
41 35 113
41 38 121
42 22 272
42 38 263
43 1 126
43 20 230
43 33 30
43 41 248
44 4 179
44 25 77
44 27 17
44 35 195
44 38 298
45 1 258
45 14 168
45 32 177
45 35 315
45 39 117
46 4 121
46 9 81
46 19 81
46 27 4
46 33 242
46 44 2
47 1 266
47 11 94
47 29 300
47 37 123
48 5 41
48 15 74
48 16 25
48 17 223
48 34 78
49 1 104
49 5 29
49 7 36
49 26 176
49 27 22
49 38 77
50 5 98
50 14 49
50 20 218
50 25 52
50 30 233
51 37 91
51 40 292
52 11 121
52 28 19
52 31 237
52 46 46
53 2 65
53 37 176
53 38 240
54 0 142
54 2 69
54 5 97
54 8 305
54 25 289
54 41 310
55 11 264
55 14 188
55 22 122
55 29 297
55 37 146
55 54 132
56 6 5
56 20 61
56 32 175
56 38 281
56 54 250
56 55 207
57 12 96
57 14 38
57 15 117
57 16 235
57 35 24
57 39 235
57 47 163
57 54 3
58 5 218
58 8 27
58 16 6
58 38 50
58 46 291
58 51 218
58 56 205
59 6 190
59 8 206
59 13 60
59 45 71
60 0 171
60 2 201
60 11 32
60 30 175
60 38 56
60 39 177
60 44 234
60 46 85
60 49 56
60 53 211
61 6 142
61 34 177
61 39 6
61 48 238
62 3 116
62 31 52
62 38 284
62 43 277
63 2 118
63 7 123
63 15 174
63 26 4
63 30 145
63 43 29
63 50 16
64 1 218
64 9 47
64 10 132
64 45 246
64 48 135
64 55 33
65 5 314
65 17 24
65 40 174
65 43 67
65 52 124
65 54 258
65 61 246
66 3 228
66 8 187
66 11 155
66 17 61
66 18 184
66 21 305
66 26 284
66 36 216
66 50 191
67 10 152
67 29 4
67 30 84
67 33 79
67 53 101
67 60 32
68 3 151
68 35 306
68 36 166
68 53 2
68 54 153
69 8 275
69 11 209
69 22 311
69 51 306
