40
1 0 78
3 0 104
4 3 79
5 1 126
5 3 81
5 4 62
6 0 90
6 2 64
7 1 138
7 3 134
7 4 3
8 0 53
8 1 34
8 6 136
8 7 144
9 0 58
9 4 33
9 6 52
10 1 49
10 2 4
10 5 12
10 9 126
11 1 123
11 3 97
11 6 75
11 8 95
11 9 123
11 10 130
12 1 62
12 5 54
12 8 156
12 10 36
12 11 136
13 0 160
13 2 33
13 3 114
13 4 67
14 1 50
14 2 142
14 4 131
14 6 17
14 8 155
14 10 154
14 11 48
14 12 71
14 13 1
15 0 41
15 2 125
15 10 99
15 11 108
15 12 19
15 14 150
16 2 52
16 5 57
16 7 105
16 8 81
16 9 135
16 13 63
16 15 22
17 0 2
17 1 27
17 3 37
17 4 66
17 5 108
17 8 60
17 15 80
18 1 2
18 3 83
18 8 24
18 11 80
19 0 5
19 3 86
19 5 159
19 7 160
19 8 56
19 9 128
19 13 102
19 14 156
19 17 153
19 18 94
20 0 9
20 1 152
20 7 119
20 13 13
20 14 28
20 15 119
20 17 36
20 19 150
21 0 47
21 1 30
21 2 138
21 4 7
21 5 1
21 9 55
21 10 26
21 11 40
21 13 153
22 0 70
22 5 145
22 6 112
22 9 9
22 10 67
22 12 8
22 13 46
22 15 24
22 16 145
23 0 72
23 1 82
23 2 43
23 3 8
23 4 74
23 5 109
23 8 62
23 9 37
23 12 101
23 13 126
23 17 103
23 20 39
23 21 155
23 22 126
24 0 132
24 2 98
24 4 129
24 7 78
24 8 56
24 9 36
24 11 100
24 12 20
24 14 155
24 17 160
24 19 104
24 21 64
24 22 21
25 1 50
25 2 27
25 3 157
25 4 29
25 5 132
25 6 15
25 7 20
25 12 56
25 14 42
25 15 39
25 16 123
25 18 111
25 21 42
25 22 59
25 23 39
26 0 66
26 1 137
26 2 146
26 4 37
26 5 1
26 12 17
26 18 107
26 19 90
26 23 60
27 3 25
27 5 132
27 9 43
27 13 105
27 18 74
27 20 62
27 22 120
27 25 28
27 26 117
28 0 79
28 1 94
28 7 1
28 8 111
28 10 135
28 11 150
28 15 17
28 16 123
28 17 41
28 21 37
28 22 42
28 24 141
28 25 44
28 27 131
29 0 121
29 1 158
29 2 139
29 4 120
29 5 45
29 6 82
29 9 46
29 10 151
29 12 10
29 13 159
29 14 151
29 17 21
29 22 128
29 27 127
30 6 98
30 9 57
30 10 41
30 11 18
30 17 42
30 18 9
30 20 9
30 21 132
30 22 39
30 25 64
30 26 88
30 29 31
31 0 2
31 5 119
31 6 130
31 12 44
31 18 38
31 19 27
31 23 93
31 25 155
31 30 88
32 4 102
32 6 141
32 8 70
32 9 51
32 10 25
32 15 44
32 18 102
32 25 75
32 27 35
32 30 49
33 0 21
33 1 76
33 3 120
33 4 153
33 5 45
33 6 42
33 7 76
33 10 75
33 11 123
33 21 71
33 22 5
33 23 109
33 24 22
33 25 157
33 26 157
33 27 51
33 30 28
33 31 145
33 32 7
34 0 110
34 2 154
34 4 121
34 7 124
34 8 62
34 9 47
34 12 148
34 14 118
34 17 51
34 20 82
34 21 10
34 25 15
34 26 151
34 32 109
34 33 118
35 0 60
35 3 48
35 4 67
35 5 158
35 9 100
35 10 35
35 11 7
35 13 116
35 17 74
35 18 147
35 20 3
35 28 118
35 31 153
35 34 12
36 1 89
36 5 78
36 7 31
36 8 159
36 9 5
36 10 13
36 11 89
36 22 98
36 23 105
36 25 3
36 29 21
36 30 68
36 31 126
36 32 119
36 35 35
37 1 29
37 2 65
37 5 115
37 6 56
37 7 70
37 8 85
37 15 114
37 21 137
37 22 32
37 24 122
37 29 87
37 30 139
37 31 78
37 33 30
38 15 48
38 18 19
38 20 76
38 22 149
38 25 150
38 26 146
38 28 64
38 29 66
38 30 26
38 32 107
38 33 48
38 36 43
39 1 135
39 7 122
39 8 40
39 9 146
39 13 6
39 14 141
39 15 126
39 17 130
39 19 158
39 22 75
39 23 90
39 26 119
39 28 81
39 31 100
39 32 70
39 33 14
39 34 18
