60
1 0 15
2 0 1
2 1 7
3 0 17
3 1 15
3 2 15
4 0 20
4 2 15
4 3 5
5 1 2
5 2 17
5 3 2
5 4 9
6 2 20
6 3 12
6 4 17
6 5 14
7 0 16
7 2 1
7 3 2
7 4 8
7 5 2
7 6 2
8 0 11
8 2 16
8 3 9
8 4 14
8 6 1
9 4 16
9 5 7
9 6 11
9 7 3
9 8 9
10 0 13
10 1 3
10 3 7
10 5 19
10 6 9
10 8 12
11 1 12
11 2 11
11 3 10
11 4 8
11 5 13
11 7 14
11 10 4
12 0 14
12 1 4
12 2 4
12 3 12
12 4 5
12 9 5
12 10 6
12 11 1
13 0 12
13 2 3
13 3 3
13 4 17
13 5 11
13 6 7
13 7 3
13 8 17
13 9 8
14 1 6
14 2 9
14 3 10
14 4 1
14 5 13
14 6 6
14 7 3
14 9 8
14 10 12
14 13 16
15 1 6
15 2 8
15 3 15
15 4 1
15 6 2
15 7 16
15 8 1
15 9 9
15 11 8
16 0 11
16 2 10
16 3 19
16 4 15
16 5 19
16 6 17
16 7 10
16 8 5
16 10 18
16 11 15
16 13 18
16 14 20
16 15 19
17 0 14
17 1 11
17 3 15
17 4 20
17 5 6
17 6 14
17 7 15
17 9 16
17 12 1
17 15 16
17 16 11
18 0 19
18 1 3
18 2 4
18 4 13
18 5 11
18 6 3
18 7 20
18 9 16
18 10 17
18 11 19
18 13 20
18 14 6
18 15 14
18 17 1
19 2 19
19 4 1
19 5 1
19 6 20
19 7 12
19 9 17
19 11 13
19 13 8
19 14 5
19 15 14
19 16 13
19 17 19
19 18 18
20 0 7
20 1 6
20 4 10
20 5 2
20 6 4
20 7 10
20 10 13
20 14 5
20 16 20
20 17 16
20 18 16
21 2 11
21 3 16
21 4 5
21 5 4
21 6 5
21 9 18
21 10 13
21 11 20
21 12 17
21 13 16
21 14 18
21 15 5
21 17 20
21 18 18
21 19 17
21 20 13
22 1 4
22 2 4
22 3 19
22 4 7
22 5 2
22 6 16
22 7 13
22 10 4
22 11 8
22 12 4
22 13 5
22 14 17
22 15 12
22 18 18
22 19 7
22 20 1
22 21 6
23 0 9
23 2 19
23 4 14
23 6 10
23 7 15
23 10 2
23 13 16
23 14 17
23 15 5
23 16 18
23 18 12
23 19 11
23 20 14
24 0 16
24 1 9
24 2 6
24 3 14
24 5 8
24 7 17
24 8 3
24 10 7
24 11 14
24 12 8
24 13 1
24 16 15
24 18 15
24 20 4
24 21 18
24 22 15
24 23 5
25 0 1
25 1 9
25 2 4
25 3 8
25 5 1
25 6 3
25 7 12
25 8 10
25 9 14
25 10 2
25 12 16
25 13 13
25 14 2
25 16 13
25 17 5
25 18 16
25 21 12
26 0 19
26 1 18
26 2 15
26 4 8
26 5 19
26 7 8
26 8 3
26 9 11
26 10 10
26 11 19
26 13 6
26 16 13
26 17 15
26 18 11
26 19 17
26 20 13
26 21 5
26 23 10
26 25 15
27 0 12
27 4 20
27 5 1
27 7 20
27 8 4
27 9 14
27 12 18
27 14 7
27 15 12
27 16 19
27 17 9
27 18 1
27 19 8
27 22 16
27 23 8
27 24 1
27 25 2
28 0 1
28 3 10
28 5 10
28 6 14
28 7 1
28 8 15
28 10 18
28 11 15
28 12 8
28 13 17
28 14 20
28 15 18
28 16 18
28 18 8
28 19 12
28 21 13
28 22 3
28 24 15
28 25 6
28 26 3
28 27 8
29 0 8
29 1 13
29 2 5
29 4 19
29 5 20
29 10 7
29 11 20
29 12 19
29 13 1
29 14 11
29 15 11
29 18 10
29 19 1
29 20 1
29 21 11
29 22 3
29 23 1
29 24 11
29 26 6
29 28 8
30 0 4
30 1 8
30 2 16
30 4 16
30 5 8
30 6 15
30 7 1
30 9 15
30 10 11
30 11 5
30 12 14
30 13 17
30 14 6
30 15 12
30 16 9
30 17 9
30 18 20
30 19 11
30 20 9
30 21 20
30 24 16
30 28 1
30 29 17
31 0 8
31 3 2
31 4 17
31 5 9
31 6 8
31 7 13
31 8 12
31 9 2
31 10 18
31 11 1
31 12 15
31 13 12
31 14 11
31 15 5
31 17 1
31 18 12
31 19 2
31 21 14
31 23 16
31 24 17
31 26 19
31 28 1
31 29 10
31 30 3
32 0 9
32 1 7
32 8 7
32 9 6
32 10 2
32 11 14
32 12 16
32 14 11
32 15 13
32 16 5
32 17 14
32 18 9
32 20 7
32 22 18
32 23 9
32 24 12
32 25 18
32 26 12
32 28 14
32 30 13
32 31 2
33 1 14
33 2 17
33 3 3
33 4 4
33 5 6
33 6 14
33 7 6
33 9 9
33 10 11
33 11 16
33 14 14
33 15 1
33 16 17
33 18 11
33 19 7
33 20 1
33 21 4
33 25 14
33 26 9
33 27 15
33 30 7
33 32 17
34 0 20
34 1 2
34 2 15
34 4 16
34 5 5
34 6 9
34 7 6
34 9 16
34 10 9
34 11 4
34 12 20
34 13 11
34 14 16
34 16 20
34 19 11
34 20 15
34 22 11
34 24 18
34 25 17
34 26 10
34 27 5
34 28 3
34 29 2
34 30 7
34 31 14
34 32 11
35 0 9
35 1 13
35 3 16
35 5 3
35 6 17
35 7 6
35 8 5
35 9 20
35 10 9
35 13 14
35 14 4
35 15 15
35 17 18
35 19 7
35 20 17
35 21 16
35 22 8
35 26 19
35 28 4
35 29 17
35 30 2
35 31 11
35 33 18
35 34 13
36 0 5
36 2 20
36 3 8
36 4 10
36 6 17
36 7 12
36 8 9
36 10 9
36 11 10
36 12 2
36 13 20
36 14 2
36 15 20
36 16 20
36 18 6
36 22 9
36 23 16
36 24 19
36 25 17
36 26 20
36 27 9
36 28 19
36 29 7
36 30 8
36 35 11
37 0 6
37 1 14
37 2 20
37 3 10
37 5 20
37 6 6
37 7 11
37 8 5
37 9 2
37 11 4
37 12 13
37 14 14
37 15 3
37 16 12
37 18 9
37 19 18
37 20 6
37 21 3
37 22 9
37 23 19
37 29 2
37 30 15
37 31 9
37 32 19
37 33 8
37 34 19
37 35 16
37 36 11
38 0 17
38 2 6
38 3 6
38 4 9
38 5 20
38 7 2
38 8 2
38 10 16
38 12 13
38 13 18
38 16 10
38 17 20
38 18 17
38 19 16
38 20 18
38 21 9
38 22 11
38 23 13
38 24 14
38 26 16
38 27 16
38 30 15
38 31 19
38 32 12
38 33 15
38 36 19
38 37 14
39 0 2
39 1 15
39 3 19
39 5 16
39 6 3
39 8 15
39 9 15
39 11 19
39 12 5
39 13 16
39 14 17
39 15 2
39 16 8
39 18 20
39 19 8
39 20 2
39 21 4
39 23 6
39 24 18
39 26 14
39 27 13
39 28 10
39 29 19
39 30 20
39 31 19
39 32 7
39 33 2
39 34 3
39 35 15
39 36 17
39 37 3
40 0 14
40 1 11
40 3 17
40 4 16
40 7 13
40 8 3
40 9 7
40 10 15
40 11 16
40 12 16
40 13 9
40 14 9
40 15 7
40 16 4
40 17 20
40 18 14
40 19 13
40 20 11
40 21 10
40 22 18
40 23 9
40 24 17
40 25 2
40 27 17
40 30 4
40 33 19
40 34 13
40 36 10
40 37 13
40 38 2
40 39 8
41 0 3
41 1 3
41 2 3
41 4 15
41 5 5
41 6 20
41 8 16
41 9 1
41 10 19
41 11 10
41 12 15
41 13 5
41 15 5
41 17 20
41 19 2
41 21 2
41 22 10
41 24 7
41 25 11
41 27 7
41 28 9
41 30 20
41 31 11
41 35 7
41 38 17
42 0 15
42 2 4
42 3 13
42 4 1
42 7 4
42 10 1
42 11 12
42 12 8
42 13 7
42 14 20
42 16 16
42 17 9
42 18 3
42 19 9
42 20 14
42 21 6
42 22 18
42 23 11
42 25 18
42 26 15
42 27 14
42 31 10
42 32 8
42 33 3
42 34 12
42 35 8
42 36 10
42 37 7
42 40 18
42 41 8
43 0 6
43 1 5
43 2 17
43 4 17
43 5 3
43 8 1
43 9 1
43 10 13
43 11 2
43 12 7
43 13 15
43 15 16
43 16 8
43 19 8
43 20 5
43 21 17
43 23 9
43 24 12
43 27 5
43 28 10
43 30 2
43 32 6
43 33 2
43 35 8
43 37 1
43 38 12
43 39 9
43 41 4
43 42 11
44 1 13
44 2 10
44 3 11
44 4 15
44 7 7
44 8 15
44 9 17
44 12 11
44 13 17
44 14 14
44 16 6
44 18 2
44 19 8
44 21 18
44 25 10
44 26 17
44 27 14
44 28 13
44 29 15
44 30 13
44 31 10
44 32 4
44 33 19
44 34 7
44 35 19
44 36 4
44 37 2
44 38 13
44 39 11
44 40 19
44 41 16
44 42 12
44 43 12
45 0 5
45 1 3
45 2 16
45 3 13
45 4 20
45 5 16
45 9 16
45 14 5
45 15 12
45 16 17
45 17 17
45 18 15
45 19 4
45 20 16
45 22 12
45 23 9
45 24 10
45 25 3
45 27 3
45 28 2
45 30 5
45 31 11
45 32 8
45 33 9
45 34 2
45 35 13
45 36 18
45 37 11
45 39 6
45 40 6
45 43 19
45 44 9
46 0 16
46 1 20
46 2 6
46 4 17
46 5 15
46 7 15
46 9 16
46 10 10
46 11 15
46 12 1
46 15 3
46 17 3
46 19 3
46 20 6
46 21 11
46 22 6
46 23 11
46 24 16
46 25 7
46 26 8
46 27 15
46 29 15
46 30 12
46 31 9
46 33 10
46 35 19
46 36 7
46 37 13
46 38 5
46 39 6
46 40 14
46 43 9
46 44 10
46 45 2
47 2 12
47 4 4
47 5 8
47 7 6
47 9 5
47 10 8
47 11 10
47 13 16
47 14 6
47 15 8
47 16 7
47 18 10
47 20 6
47 22 18
47 23 15
47 25 14
47 26 1
47 27 12
47 28 17
47 29 7
47 31 6
47 32 5
47 35 15
47 37 6
47 38 16
47 39 16
47 41 12
47 42 1
47 43 19
47 44 3
47 45 19
48 0 13
48 1 13
48 2 15
48 3 18
48 4 17
48 5 9
48 6 5
48 7 7
48 8 5
48 9 11
48 10 8
48 11 17
48 14 16
48 15 1
48 17 16
48 18 3
48 19 2
48 20 13
48 21 11
48 22 8
48 23 18
48 24 18
48 25 2
48 28 15
48 29 3
48 30 8
48 31 4
48 32 3
48 33 12
48 34 18
48 35 19
48 36 7
48 38 19
48 39 1
48 40 16
48 42 14
48 43 7
48 44 9
48 46 6
48 47 17
49 2 11
49 3 9
49 4 1
49 5 18
49 6 8
49 8 14
49 9 9
49 10 17
49 11 3
49 12 19
49 13 10
49 14 15
49 15 15
49 16 15
49 22 18
49 23 1
49 25 20
49 27 6
49 28 13
49 29 13
49 30 6
49 31 9
49 32 6
49 33 19
49 35 9
49 36 11
49 40 18
49 43 6
49 44 13
49 46 9
50 0 10
50 1 1
50 2 7
50 3 19
50 4 1
50 6 5
50 7 9
50 9 9
50 10 20
50 11 14
50 12 13
50 14 11
50 15 6
50 16 7
50 18 11
50 19 19
50 22 11
50 23 6
50 25 6
50 27 13
50 28 18
50 29 5
50 30 19
50 32 6
50 33 13
50 34 9
50 35 14
50 37 17
50 38 10
50 39 13
50 40 17
50 41 19
50 42 1
50 43 18
50 44 9
50 45 6
50 46 6
50 47 14
51 0 9
51 2 3
51 6 19
51 8 14
51 9 6
51 10 11
51 11 14
51 12 14
51 13 2
51 14 13
51 15 8
51 16 7
51 19 18
51 20 17
51 21 19
51 22 13
51 23 4
51 24 18
51 25 6
51 27 1
51 29 1
51 31 20
51 36 9
51 37 5
51 39 5
51 41 20
51 42 19
51 43 1
51 44 14
51 45 1
51 46 16
51 48 18
51 50 17
52 0 11
52 1 9
52 2 5
52 3 19
52 4 9
52 5 2
52 6 11
52 7 7
52 8 20
52 10 11
52 11 14
52 12 9
52 13 14
52 14 8
52 15 2
52 17 17
52 18 8
52 19 2
52 20 15
52 21 11
52 22 9
52 24 6
52 25 2
52 26 9
52 27 11
52 29 11
52 31 3
52 34 18
52 35 7
52 37 1
52 38 5
52 39 7
52 40 9
52 41 9
52 42 7
52 43 2
52 44 6
52 45 15
52 47 1
52 48 3
52 49 8
52 51 4
53 0 8
53 1 5
53 2 3
53 3 3
53 4 8
53 5 18
53 6 18
53 7 15
53 8 8
53 10 3
53 12 14
53 13 5
53 14 17
53 15 4
53 16 17
53 18 9
53 19 7
53 20 9
53 21 15
53 24 17
53 25 4
53 26 2
53 28 17
53 30 8
53 33 19
53 35 14
53 36 10
53 38 11
53 39 8
53 42 13
53 45 18
53 47 9
53 48 15
53 49 15
53 50 14
53 51 19
54 0 13
54 2 16
54 3 3
54 4 7
54 6 7
54 8 9
54 10 14
54 11 18
54 12 4
54 13 3
54 14 15
54 15 19
54 16 20
54 17 15
54 18 17
54 20 4
54 21 11
54 23 8
54 24 5
54 25 10
54 27 7
54 28 4
54 29 14
54 30 10
54 33 19
54 35 17
54 36 2
54 38 6
54 39 8
54 40 18
54 42 12
54 43 2
54 45 8
54 46 3
54 47 16
54 50 3
54 52 9
54 53 12
55 0 9
55 1 4
55 3 16
55 4 13
55 5 17
55 7 10
55 8 9
55 9 19
55 10 14
55 11 17
55 13 16
55 15 16
55 17 4
55 18 4
55 19 14
55 20 2
55 22 16
55 25 17
55 27 19
55 28 16
55 29 17
55 30 16
55 31 17
55 33 20
55 34 15
55 35 10
55 36 1
55 37 18
55 38 16
55 39 6
55 40 13
55 41 5
55 42 3
55 44 19
55 45 8
55 46 15
55 48 7
55 49 14
55 50 1
55 51 5
55 53 13
55 54 17
56 0 9
56 2 7
56 3 9
56 4 14
56 6 5
56 7 11
56 9 8
56 11 10
56 12 20
56 14 15
56 15 6
56 16 1
56 20 17
56 21 17
56 22 16
56 23 17
56 24 7
56 31 10
56 33 7
56 34 9
56 36 16
56 37 2
56 38 19
56 39 17
56 40 5
56 41 10
56 42 16
56 44 16
56 45 17
56 47 6
56 48 15
56 49 6
56 50 15
56 51 18
56 52 11
56 54 9
56 55 20
57 0 18
57 2 6
57 3 17
57 4 11
57 6 18
57 7 8
57 8 13
57 9 16
57 10 15
57 12 5
57 14 5
57 17 1
57 18 16
57 20 1
57 21 20
57 25 18
57 26 2
57 27 8
57 29 10
57 30 5
57 31 10
57 32 15
57 34 6
57 35 2
57 36 8
57 37 14
57 38 19
57 40 7
57 41 18
57 42 10
57 44 16
57 46 11
57 48 4
57 49 7
57 50 7
57 51 7
57 53 20
57 54 13
58 0 14
58 2 1
58 3 13
58 5 1
58 6 15
58 8 17
58 10 5
58 11 19
58 13 8
58 14 2
58 15 15
58 16 2
58 17 5
58 18 11
58 20 12
58 21 13
58 22 5
58 23 17
58 24 17
58 25 6
58 26 5
58 27 19
58 28 12
58 31 9
58 33 13
58 35 3
58 37 19
58 38 16
58 40 16
58 41 1
58 42 2
58 44 8
58 47 16
58 50 19
58 51 13
58 52 3
58 53 5
58 55 6
58 56 8
59 0 13
59 1 3
59 2 17
59 3 5
59 5 1
59 7 1
59 8 11
59 9 6
59 10 10
59 11 16
59 12 20
59 13 7
59 18 16
59 19 3
59 21 15
59 22 6
59 23 14
59 24 15
59 25 15
59 26 1
59 27 18
59 28 4
59 29 10
59 30 15
59 31 8
59 32 19
59 33 11
59 35 2
59 36 4
59 37 6
59 38 14
59 39 15
59 41 17
59 43 12
59 44 10
59 45 5
59 48 13
59 50 9
59 51 6
59 52 10
59 54 5
59 56 14
59 57 20
59 58 14
