70
7 4 34
10 2 138
11 7 18
12 7 49
12 9 130
13 8 14
13 11 125
15 9 52
15 14 115
16 1 50
16 8 99
16 12 55
17 7 111
18 6 76
18 11 74
19 9 125
19 14 107
19 17 143
20 11 2
21 0 99
22 0 157
22 1 103
22 13 139
22 18 81
23 3 91
23 4 142
23 5 26
23 14 82
23 21 142
24 19 128
24 20 103
25 11 69
25 17 136
25 24 92
26 3 137
28 0 89
28 15 91
28 22 114
29 23 92
30 0 58
30 8 114
30 16 122
30 18 43
31 8 8
31 23 105
32 8 11
33 4 59
33 16 65
33 18 91
33 26 23
33 28 58
33 31 67
34 0 151
34 4 104
34 7 94
34 12 57
34 14 50
35 3 148
35 8 21
35 12 54
36 13 149
36 23 14
36 25 47
37 2 45
37 6 70
37 15 103
37 20 138
37 22 65
37 28 25
37 34 82
38 2 44
38 9 54
38 12 42
38 26 145
38 36 121
38 37 80
39 1 68
39 24 44
39 38 46
40 1 134
40 20 7
40 23 70
40 37 42
40 39 131
41 2 63
41 24 158
41 32 80
41 35 4
42 2 78
42 18 136
42 22 145
42 27 21
42 29 55
44 10 54
44 13 107
44 21 23
44 24 65
44 39 36
45 0 99
45 17 82
45 19 38
45 33 25
45 34 19
46 17 54
46 19 126
46 24 13
46 27 67
47 6 72
47 17 121
47 21 76
47 28 51
47 31 104
48 17 135
48 21 141
48 33 44
49 10 95
49 21 103
49 26 145
49 27 18
49 39 28
50 0 120
50 7 102
50 35 41
51 23 50
51 26 55
51 30 75
51 32 158
51 41 79
51 47 149
52 24 65
52 26 25
52 40 121
52 49 151
53 1 67
53 46 125
54 8 39
54 19 90
54 21 45
54 22 65
54 23 156
54 31 63
54 33 8
54 45 98
55 8 92
55 16 77
55 24 90
55 32 87
55 42 134
55 48 130
56 6 99
56 9 65
56 18 146
56 33 157
56 34 68
56 42 57
56 47 120
56 48 131
56 52 69
57 0 136
57 15 37
57 16 71
57 23 25
57 32 141
58 3 106
58 37 59
58 54 122
59 6 32
59 26 107
59 39 18
59 48 40
59 53 133
60 9 6
60 23 53
60 46 43
60 56 143
61 6 64
61 16 74
61 18 56
61 30 21
61 44 62
61 45 45
61 57 50
61 58 118
62 3 146
62 7 7
62 36 18
62 53 65
62 57 123
63 1 142
63 6 129
63 22 136
63 33 112
63 45 30
63 61 20
64 13 90
64 38 107
64 52 46
65 8 37
65 26 73
65 30 83
65 44 99
65 45 19
65 62 37
66 13 76
66 17 48
66 53 84
67 0 15
67 11 136
67 30 40
67 49 107
67 61 43
68 14 142
68 18 126
68 40 31
68 53 53
69 10 65
69 26 37
69 33 40
69 35 137
69 38 159
69 40 44
69 44 54
69 52 109
