50
1 0 7
2 0 7
2 1 2
3 0 5
3 1 3
3 2 2
4 0 10
4 1 9
4 2 2
4 3 5
5 0 3
5 1 5
5 2 4
5 3 3
5 4 1
6 0 3
6 1 9
6 2 3
6 3 3
6 4 3
6 5 9
7 0 5
7 1 2
7 2 3
7 3 2
7 4 10
7 5 1
7 6 3
8 0 9
8 1 4
8 2 1
8 3 2
8 4 7
8 5 3
8 6 10
8 7 10
9 0 9
9 1 5
9 2 3
9 3 9
9 4 5
9 5 2
9 6 1
9 7 1
9 8 6
10 0 4
10 1 3
10 2 2
10 3 5
10 4 3
10 5 7
10 6 9
10 7 5
10 8 10
10 9 10
11 0 5
11 1 1
11 2 9
11 3 6
11 4 1
11 5 4
11 6 10
11 7 4
11 8 8
11 9 3
11 10 9
12 0 9
12 1 3
12 2 5
12 3 3
12 4 3
12 5 2
12 6 7
12 7 10
12 8 2
12 9 9
12 10 7
12 11 5
13 0 1
13 1 10
13 2 8
13 3 1
13 4 10
13 5 1
13 6 2
13 7 8
13 8 5
13 9 1
13 10 7
13 11 8
13 12 9
14 0 5
14 1 6
14 2 2
14 3 2
14 4 3
14 5 3
14 6 5
14 7 5
14 8 6
14 9 10
14 10 4
14 11 1
14 12 3
14 13 1
15 0 1
15 1 9
15 2 5
15 3 6
15 4 5
15 5 2
15 6 4
15 7 6
15 8 8
15 9 9
15 10 5
15 11 7
15 12 8
15 13 8
15 14 2
16 0 7
16 1 7
16 2 2
16 3 9
16 4 6
16 5 10
16 6 5
16 7 7
16 8 4
16 9 2
16 10 8
16 11 2
16 12 5
16 13 5
16 14 4
16 15 3
17 0 2
17 1 6
17 2 2
17 3 10
17 4 10
17 5 8
17 6 3
17 7 8
17 8 6
17 9 2
17 10 10
17 11 7
17 12 4
17 13 4
17 14 5
17 15 6
17 16 2
18 0 2
18 1 9
18 2 1
18 3 9
18 4 9
18 5 8
18 6 1
18 7 9
18 8 10
18 9 2
18 10 6
18 11 8
18 12 5
18 13 3
18 14 9
18 15 8
18 16 1
18 17 4
19 0 4
19 1 2
19 2 4
19 3 3
19 4 1
19 5 9
19 6 4
19 7 1
19 8 7
19 9 2
19 10 1
19 11 10
19 12 1
19 13 5
19 14 2
19 15 2
19 16 5
19 17 2
19 18 5
20 0 1
20 1 2
20 2 5
20 3 7
20 4 5
20 5 1
20 6 2
20 7 4
20 8 5
20 9 9
20 10 10
20 11 9
20 12 9
20 13 9
20 14 6
20 15 6
20 16 8
20 17 8
20 18 10
20 19 4
21 0 5
21 1 7
21 2 6
21 3 8
21 4 7
21 5 8
21 6 2
21 7 1
21 8 1
21 9 5
21 10 3
21 11 3
21 12 7
21 13 6
21 14 2
21 15 4
21 16 8
21 17 2
21 18 4
21 19 1
21 20 10
22 0 7
22 1 9
22 2 8
22 3 7
22 4 10
22 5 8
22 6 10
22 7 3
22 8 8
22 9 9
22 10 10
22 11 2
22 12 10
22 13 2
22 14 6
22 15 5
22 16 6
22 17 7
22 18 1
22 19 10
22 20 10
22 21 1
23 0 1
23 1 3
23 2 4
23 3 6
23 4 2
23 5 9
23 6 9
23 7 3
23 8 4
23 9 1
23 10 9
23 11 7
23 12 1
23 13 5
23 14 4
23 15 2
23 16 4
23 17 10
23 18 5
23 19 7
23 20 7
23 21 10
23 22 7
24 0 10
24 1 7
24 2 7
24 3 6
24 4 8
24 5 10
24 6 3
24 7 7
24 8 7
24 9 5
24 10 7
24 11 3
24 12 2
24 13 5
24 14 4
24 15 10
24 16 2
24 17 8
24 18 1
24 19 3
24 20 6
24 21 1
24 22 4
24 23 4
25 0 4
25 1 8
25 2 9
25 3 10
25 4 7
25 5 10
25 6 10
25 7 3
25 8 10
25 9 10
25 10 2
25 11 3
25 12 7
25 13 2
25 14 5
25 15 6
25 16 7
25 17 9
25 18 9
25 19 3
25 20 9
25 21 9
25 22 10
25 23 9
25 24 1
26 0 5
26 1 6
26 2 3
26 3 6
26 4 8
26 5 1
26 6 5
26 7 7
26 8 2
26 9 2
26 10 3
26 11 4
26 12 4
26 13 8
26 14 6
26 15 5
26 16 6
26 17 5
26 18 5
26 19 8
26 20 3
26 21 7
26 22 3
26 23 7
26 24 4
26 25 6
27 0 10
27 1 2
27 2 4
27 3 1
27 4 7
27 5 6
27 6 5
27 7 10
27 8 9
27 9 3
27 10 8
27 11 4
27 12 10
27 13 2
27 14 5
27 15 1
27 16 8
27 17 1
27 18 5
27 19 2
27 20 5
27 21 6
27 22 1
27 23 5
27 24 2
27 25 9
27 26 6
28 0 2
28 1 7
28 2 10
28 3 8
28 4 7
28 5 10
28 6 2
28 7 4
28 8 2
28 9 6
28 10 6
28 11 7
28 12 6
28 13 4
28 14 2
28 15 3
28 16 7
28 17 6
28 18 3
28 19 4
28 20 4
28 21 3
28 22 1
28 23 8
28 24 4
28 25 2
28 26 1
28 27 10
29 0 4
29 1 2
29 2 8
29 3 2
29 4 6
29 5 8
29 6 4
29 7 4
29 8 9
29 9 3
29 10 10
29 11 10
29 12 8
29 13 5
29 14 4
29 15 1
29 16 5
29 17 2
29 18 3
29 19 8
29 20 1
29 21 6
29 22 6
29 23 4
29 24 10
29 25 1
29 26 3
29 27 4
29 28 5
30 0 7
30 1 10
30 2 3
30 3 8
30 4 6
30 5 2
30 6 7
30 7 4
30 8 9
30 9 2
30 10 10
30 11 4
30 12 7
30 13 2
30 14 6
30 15 8
30 16 2
30 17 4
30 18 5
30 19 6
30 20 2
30 21 8
30 22 3
30 23 1
30 24 6
30 25 5
30 26 6
30 27 2
30 28 5
30 29 6
31 0 4
31 1 9
31 2 4
31 3 6
31 4 5
31 5 1
31 6 2
31 7 9
31 8 5
31 9 3
31 10 3
31 11 3
31 12 6
31 13 2
31 14 3
31 15 4
31 16 3
31 17 9
31 18 9
31 19 2
31 20 1
31 21 2
31 22 9
31 23 6
31 24 10
31 25 10
31 26 5
31 27 3
31 28 8
31 29 1
31 30 5
32 0 2
32 1 1
32 2 8
32 3 9
32 4 9
32 5 4
32 6 2
32 7 5
32 8 5
32 9 2
32 10 8
32 11 10
32 12 6
32 13 7
32 14 8
32 15 5
32 16 5
32 17 1
32 18 7
32 19 6
32 20 6
32 21 10
32 22 2
32 23 4
32 24 8
32 25 2
32 26 1
32 27 1
32 28 1
32 29 9
32 30 9
32 31 4
33 0 10
33 1 8
33 2 1
33 3 1
33 4 5
33 5 5
33 6 4
33 7 7
33 8 2
33 9 1
33 10 3
33 11 4
33 12 4
33 13 7
33 14 1
33 15 3
33 16 9
33 17 7
33 18 7
33 19 5
33 20 1
33 21 8
33 22 10
33 23 9
33 24 5
33 25 4
33 26 2
33 27 5
33 28 5
33 29 6
33 30 7
33 31 4
33 32 2
34 0 7
34 1 6
34 2 2
34 3 3
34 4 9
34 5 6
34 6 9
34 7 10
34 8 2
34 9 7
34 10 1
34 11 2
34 12 2
34 13 3
34 14 5
34 15 3
34 16 5
34 17 9
34 18 5
34 19 2
34 20 4
34 21 1
34 22 2
34 23 2
34 24 8
34 25 1
34 26 6
34 27 9
34 28 6
34 29 4
34 30 7
34 31 4
34 32 9
34 33 9
35 0 4
35 1 6
35 2 4
35 3 7
35 4 1
35 5 3
35 6 3
35 7 1
35 8 7
35 9 5
35 10 8
35 11 8
35 12 3
35 13 1
35 14 1
35 15 2
35 16 5
35 17 1
35 18 10
35 19 5
35 20 1
35 21 2
35 22 9
35 23 10
35 24 5
35 25 1
35 26 9
35 27 5
35 28 9
35 29 4
35 30 10
35 31 8
35 32 8
35 33 7
35 34 5
36 0 8
36 1 4
36 2 1
36 3 8
36 4 3
36 5 2
36 6 5
36 7 9
36 8 5
36 9 9
36 10 1
36 11 1
36 12 7
36 13 8
36 14 7
36 15 3
36 16 1
36 17 6
36 18 6
36 19 5
36 20 7
36 21 7
36 22 4
36 23 5
36 24 4
36 25 1
36 26 10
36 27 6
36 28 9
36 29 4
36 30 2
36 31 8
36 32 3
36 33 5
36 34 6
36 35 5
37 0 3
37 1 3
37 2 5
37 3 8
37 4 9
37 5 10
37 6 9
37 7 10
37 8 1
37 9 3
37 10 5
37 11 7
37 12 9
37 13 7
37 14 6
37 15 5
37 16 2
37 17 5
37 18 1
37 19 4
37 20 5
37 21 1
37 22 3
37 23 5
37 24 10
37 25 1
37 26 7
37 27 5
37 28 4
37 29 8
37 30 4
37 31 8
37 32 10
37 33 8
37 34 6
37 35 4
37 36 7
38 0 7
38 1 7
38 2 6
38 3 5
38 4 6
38 5 3
38 6 1
38 7 8
38 8 1
38 9 9
38 10 2
38 11 2
38 12 8
38 13 10
38 14 5
38 15 2
38 16 10
38 17 1
38 18 1
38 19 3
38 20 3
38 21 8
38 22 9
38 23 1
38 24 7
38 25 1
38 26 9
38 27 9
38 28 10
38 29 2
38 30 1
38 31 4
38 32 2
38 33 8
38 34 8
38 35 10
38 36 7
38 37 6
39 0 10
39 1 7
39 2 8
39 3 8
39 4 4
39 5 10
39 6 2
39 7 8
39 8 7
39 9 6
39 10 5
39 11 2
39 12 2
39 13 10
39 14 2
39 15 7
39 16 7
39 17 6
39 18 6
39 19 6
39 20 8
39 21 2
39 22 4
39 23 7
39 24 1
39 25 5
39 26 10
39 27 10
39 28 10
39 29 10
39 30 5
39 31 8
39 32 1
39 33 2
39 34 10
39 35 4
39 36 3
39 37 7
39 38 3
40 0 5
40 1 2
40 2 8
40 3 6
40 4 10
40 5 7
40 6 6
40 7 3
40 8 5
40 9 3
40 10 3
40 11 7
40 12 7
40 13 2
40 14 7
40 15 5
40 16 8
40 17 8
40 18 7
40 19 6
40 20 3
40 21 9
40 22 9
40 23 6
40 24 9
40 25 4
40 26 4
40 27 9
40 28 8
40 29 6
40 30 8
40 31 3
40 32 8
40 33 2
40 34 1
40 35 6
40 36 7
40 37 9
40 38 4
40 39 7
41 0 1
41 1 3
41 2 6
41 3 3
41 4 9
41 5 10
41 6 7
41 7 8
41 8 3
41 9 10
41 10 8
41 11 2
41 12 8
41 13 6
41 14 2
41 15 3
41 16 7
41 17 1
41 18 1
41 19 9
41 20 9
41 21 9
41 22 2
41 23 6
41 24 1
41 25 2
41 26 8
41 27 8
41 28 1
41 29 9
41 30 8
41 31 7
41 32 7
41 33 1
41 34 2
41 35 2
41 36 8
41 37 10
41 38 8
41 39 9
41 40 8
42 0 5
42 1 9
42 2 1
42 3 5
42 4 7
42 5 10
42 6 3
42 7 2
42 8 5
42 9 5
42 10 3
42 11 6
42 12 2
42 13 3
42 14 6
42 15 9
42 16 4
42 17 3
42 18 6
42 19 4
42 20 1
42 21 8
42 22 9
42 23 10
42 24 1
42 25 4
42 26 1
42 27 4
42 28 9
42 29 9
42 30 9
42 31 7
42 32 6
42 33 3
42 34 1
42 35 5
42 36 6
42 37 3
42 38 10
42 39 1
42 40 7
42 41 4
43 0 4
43 1 9
43 2 4
43 3 7
43 4 8
43 5 1
43 6 8
43 7 6
43 8 3
43 9 1
43 10 3
43 11 4
43 12 9
43 13 2
43 14 8
43 15 6
43 16 9
43 17 6
43 18 10
43 19 2
43 20 1
43 21 6
43 22 4
43 23 9
43 24 2
43 25 7
43 26 2
43 27 8
43 28 7
43 29 1
43 30 10
43 31 5
43 32 9
43 33 10
43 34 5
43 35 9
43 36 7
43 37 2
43 38 2
43 39 9
43 40 3
43 41 1
43 42 7
44 0 10
44 1 6
44 2 7
44 3 1
44 4 7
44 5 4
44 6 5
44 7 2
44 8 9
44 9 9
44 10 1
44 11 1
44 12 7
44 13 2
44 14 6
44 15 10
44 16 7
44 17 3
44 18 7
44 19 2
44 20 1
44 21 5
44 22 10
44 23 10
44 24 8
44 25 4
44 26 2
44 27 3
44 28 3
44 29 4
44 30 4
44 31 7
44 32 6
44 33 4
44 34 1
44 35 7
44 36 5
44 37 2
44 38 10
44 39 2
44 40 2
44 41 8
44 42 8
44 43 4
45 0 9
45 1 9
45 2 5
45 3 8
45 4 8
45 5 6
45 6 8
45 7 1
45 8 2
45 9 2
45 10 10
45 11 5
45 12 1
45 13 1
45 14 3
45 15 9
45 16 4
45 17 5
45 18 3
45 19 6
45 20 6
45 21 10
45 22 1
45 23 1
45 24 10
45 25 9
45 26 10
45 27 9
45 28 4
45 29 2
45 30 9
45 31 3
45 32 4
45 33 4
45 34 2
45 35 7
45 36 2
45 37 8
45 38 10
45 39 8
45 40 2
45 41 8
45 42 5
45 43 1
45 44 3
46 0 3
46 1 1
46 2 6
46 3 5
46 4 6
46 5 9
46 6 10
46 7 9
46 8 6
46 9 3
46 10 9
46 11 2
46 12 6
46 13 7
46 14 6
46 15 3
46 16 2
46 17 7
46 18 9
46 19 6
46 20 9
46 21 10
46 22 1
46 23 3
46 24 5
46 25 2
46 26 1
46 27 1
46 28 2
46 29 2
46 30 6
46 31 8
46 32 4
46 33 5
46 34 2
46 35 9
46 36 6
46 37 2
46 38 2
46 39 3
46 40 2
46 41 3
46 42 2
46 43 8
46 44 9
46 45 5
47 0 2
47 1 7
47 2 1
47 3 6
47 4 4
47 5 2
47 6 9
47 7 4
47 8 6
47 9 6
47 10 7
47 11 9
47 12 1
47 13 9
47 14 8
47 15 1
47 16 10
47 17 6
47 18 9
47 19 2
47 20 8
47 21 7
47 22 5
47 23 2
47 24 4
47 25 1
47 26 1
47 27 4
47 28 8
47 29 3
47 30 2
47 31 9
47 32 2
47 33 9
47 34 4
47 35 10
47 36 9
47 37 9
47 38 1
47 39 4
47 40 5
47 41 10
47 42 8
47 43 7
47 44 5
47 45 1
47 46 10
48 0 7
48 1 10
48 2 4
48 3 9
48 4 1
48 5 8
48 6 5
48 7 8
48 8 5
48 9 5
48 10 6
48 11 5
48 12 8
48 13 10
48 14 1
48 15 10
48 16 3
48 17 6
48 18 8
48 19 6
48 20 5
48 21 5
48 22 1
48 23 10
48 24 1
48 25 4
48 26 1
48 27 2
48 28 3
48 29 8
48 30 2
48 31 4
48 32 9
48 33 4
48 34 1
48 35 8
48 36 8
48 37 5
48 38 8
48 39 10
48 40 2
48 41 1
48 42 9
48 43 6
48 44 1
48 45 6
48 46 9
48 47 3
49 0 8
49 1 4
49 2 6
49 3 1
49 4 1
49 5 1
49 6 6
49 7 1
49 8 5
49 9 5
49 10 7
49 11 6
49 12 5
49 13 10
49 14 8
49 15 5
49 16 9
49 17 1
49 18 4
49 19 2
49 20 9
49 21 3
49 22 4
49 23 10
49 24 3
49 25 3
49 26 2
49 27 1
49 28 6
49 29 6
49 30 9
49 31 1
49 32 5
49 33 2
49 34 10
49 35 4
49 36 1
49 37 10
49 38 8
49 39 7
49 40 9
49 41 9
49 42 1
49 43 3
49 44 3
49 45 9
49 46 4
49 47 1
49 48 4
