60
1 0 10
4 1 13
6 0 14
6 5 4
9 1 10
9 2 15
9 3 16
9 4 7
10 0 10
10 5 6
10 6 12
10 7 20
10 8 9
11 4 16
11 6 18
12 0 14
12 1 12
12 7 3
12 10 12
13 12 20
14 1 2
15 7 12
15 10 15
16 8 11
17 5 16
18 1 1
18 7 14
18 13 2
18 15 3
18 16 15
19 3 1
19 5 5
19 8 11
19 10 9
19 13 14
19 15 8
20 0 9
20 2 16
20 5 2
20 6 6
20 9 12
20 10 3
20 17 1
21 6 6
21 8 5
22 0 17
22 1 8
22 4 17
22 5 1
22 11 2
22 15 18
22 16 9
22 18 2
23 11 12
23 15 6
24 3 9
25 7 10
25 15 16
25 22 3
26 1 3
26 5 8
26 19 19
26 23 6
26 25 5
27 6 15
27 20 14
27 26 11
28 10 11
28 12 6
28 18 2
28 20 5
28 23 11
28 24 18
28 26 19
28 27 1
29 3 18
29 10 3
29 14 13
29 17 4
29 28 1
30 1 15
30 3 18
30 8 9
30 15 18
30 17 11
30 19 1
30 26 17
30 27 2
31 3 12
31 7 15
31 9 4
31 16 13
31 23 10
32 3 20
32 20 10
32 21 17
33 3 4
33 5 18
33 9 6
33 10 12
33 19 13
33 24 8
33 28 5
33 30 18
33 31 14
34 0 11
34 9 19
34 14 4
34 20 6
34 22 16
34 24 4
34 26 8
34 32 9
34 33 18
35 7 19
35 13 2
35 16 18
35 24 1
35 28 17
35 30 2
35 31 15
36 3 15
36 7 3
36 12 10
36 17 12
36 21 9
36 28 15
36 33 8
37 1 14
37 6 10
37 7 2
37 10 16
37 12 6
37 24 11
37 33 14
38 1 16
38 11 20
38 12 10
38 13 19
38 14 17
38 18 15
39 4 12
39 7 7
39 8 13
39 18 6
39 31 9
39 33 7
39 35 4
40 3 12
40 6 6
40 10 7
40 14 6
40 16 4
40 19 3
40 21 20
40 25 19
40 26 11
40 27 15
41 0 6
41 6 20
41 8 5
41 10 12
41 23 19
41 27 11
41 33 9
41 34 6
41 38 8
42 0 12
42 18 13
42 32 14
42 35 4
42 38 14
42 40 7
42 41 19
43 0 4
43 5 9
43 14 17
43 35 14
43 42 18
44 5 4
44 11 20
44 15 11
44 16 11
44 21 20
44 22 9
44 35 13
44 37 10
44 41 13
45 7 13
45 8 18
45 12 16
45 14 13
45 16 9
45 17 13
45 20 5
45 26 9
45 28 18
45 29 15
45 30 16
45 35 19
46 0 17
46 16 1
46 18 11
46 32 16
46 35 11
46 39 9
47 10 19
47 13 14
47 18 6
47 19 20
47 27 8
47 39 7
48 4 6
48 8 7
48 9 4
48 10 8
48 13 1
48 17 7
48 18 11
48 19 6
48 21 7
48 24 13
48 25 16
48 27 18
48 28 6
48 29 17
48 35 19
48 36 10
48 42 17
48 47 9
49 0 16
49 3 7
49 4 10
49 13 4
49 17 6
49 22 2
49 24 13
49 25 18
49 26 4
49 31 10
49 36 3
49 43 15
50 1 11
50 22 19
50 24 18
50 30 11
50 41 1
50 45 10
50 48 2
51 8 9
51 9 11
51 24 9
51 28 13
51 32 5
51 37 11
51 38 8
51 40 19
51 48 19
52 0 4
52 7 5
52 24 12
52 27 9
52 34 1
52 39 1
52 40 15
52 42 4
52 43 11
52 44 3
52 45 13
53 10 12
53 13 15
53 16 1
53 21 18
53 23 2
53 25 5
53 26 9
53 27 1
53 32 10
53 34 18
53 49 10
54 2 7
54 5 6
54 15 4
54 17 15
54 19 17
54 28 5
54 45 4
54 48 8
54 52 11
55 8 18
55 14 1
55 20 16
55 30 1
55 33 7
55 43 2
55 52 8
56 10 2
56 11 6
56 20 14
56 22 6
56 23 14
56 24 14
56 29 2
56 34 16
56 46 13
56 50 13
56 55 1
57 0 12
57 5 13
57 17 17
57 30 20
57 31 9
57 36 15
57 40 5
57 44 18
57 46 15
57 51 12
57 54 6
57 56 1
58 6 17
58 7 19
58 21 3
58 26 3
58 29 11
58 34 7
58 42 8
58 43 19
58 45 12
58 50 16
59 11 18
59 12 18
59 36 6
59 37 16
59 38 20
59 40 4
59 45 15
59 52 12
59 53 8
59 54 13
59 55 14
59 56 3
59 57 7
