50
2 1 234
3 1 128
5 0 225
6 2 161
7 5 254
10 4 282
10 6 21
11 1 105
11 6 111
12 8 161
12 9 196
13 5 135
13 7 21
13 8 74
13 10 190
13 11 149
14 0 50
14 1 144
14 7 314
14 9 236
15 0 149
15 1 7
15 7 162
15 12 122
16 0 130
16 3 79
16 9 67
16 10 235
16 13 104
17 0 220
17 3 315
17 6 138
17 10 162
17 11 61
17 13 100
17 16 194
18 4 64
18 12 221
18 15 191
18 16 245
19 6 281
19 8 147
20 5 116
20 7 315
20 8 248
20 9 259
20 10 120
20 11 143
20 14 32
21 18 29
21 19 292
22 0 142
22 10 262
22 12 233
22 15 209
22 16 277
23 0 316
23 5 36
23 16 125
23 19 12
23 22 99
24 1 34
24 3 37
24 17 14
24 19 200
25 1 126
25 3 282
25 8 244
25 13 230
26 5 247
26 9 77
26 23 294
26 25 107
27 22 147
27 24 157
28 1 216
28 2 193
28 7 44
28 13 13
28 17 280
28 25 171
28 27 287
29 2 25
29 4 142
29 5 237
29 14 198
29 16 134
29 20 224
29 23 241
29 24 210
29 27 50
30 4 213
30 9 82
30 23 131
31 5 7
31 24 113
31 25 22
32 6 193
32 8 31
32 16 253
32 17 66
32 20 287
33 3 242
33 5 170
33 13 315
33 14 289
33 30 305
33 31 225
34 2 102
34 5 95
34 12 120
34 13 200
34 22 81
34 27 239
35 4 71
35 8 160
35 18 263
35 20 170
35 28 98
35 29 187
35 34 191
36 6 249
36 8 120
36 10 233
36 13 55
36 16 314
36 17 299
36 29 178
37 0 103
37 2 93
37 6 31
37 10 56
37 11 135
37 14 90
37 16 147
37 21 270
37 27 66
37 30 294
37 31 159
38 0 221
38 4 251
38 20 319
38 21 45
38 30 20
38 33 166
38 34 30
39 0 117
39 2 30
39 7 312
39 20 43
39 28 136
39 29 252
39 36 211
40 4 112
40 9 259
40 14 265
40 16 14
40 22 227
40 28 148
40 30 276
40 35 159
40 37 260
41 0 195
41 3 160
41 5 267
41 11 103
41 22 189
41 28 24
41 33 253
41 36 191
42 1 283
42 3 78
42 5 50
42 9 249
42 18 39
42 21 302
42 23 191
42 25 291
42 29 310
42 30 238
42 31 114
42 37 226
42 38 15
43 4 58
43 7 87
43 12 320
43 16 74
43 25 88
43 32 153
43 34 175
44 3 111
44 9 164
44 11 186
44 27 78
44 34 246
44 38 149
44 40 291
45 8 252
45 12 139
45 13 100
45 18 40
45 20 57
45 21 175
45 22 117
45 26 130
45 31 221
45 37 265
45 39 163
45 42 28
46 0 248
46 1 224
46 3 97
46 23 114
46 24 3
46 27 199
47 2 320
47 9 112
47 13 109
47 20 271
47 29 258
47 32 111
47 43 261
47 44 72
48 1 49
48 3 159
48 4 159
48 19 223
48 40 251
48 41 197
48 42 254
48 43 50
48 44 260
48 46 19
49 1 132
49 6 308
49 23 165
49 30 244
49 36 219
49 39 278
49 40 227
