50
1 0 3
2 0 1
2 1 3
3 0 7
3 1 8
3 2 4
4 0 6
4 1 10
4 2 5
4 3 1
5 0 1
5 1 9
5 2 9
5 3 8
5 4 2
6 0 10
6 2 5
6 3 6
6 4 6
7 0 6
7 1 5
7 2 4
7 4 9
7 5 2
7 6 1
8 0 7
8 1 8
8 2 8
8 3 2
8 4 3
8 5 1
8 6 2
8 7 4
9 0 8
9 1 4
9 2 6
9 3 5
9 4 9
9 5 1
9 6 8
9 7 3
9 8 5
10 1 3
10 2 8
10 3 7
10 4 10
10 5 9
10 6 1
10 7 8
10 8 10
10 9 4
11 0 2
11 1 7
11 2 3
11 3 8
11 4 8
11 5 6
11 6 6
11 7 4
11 8 6
11 9 5
11 10 2
12 0 4
12 1 5
12 2 7
12 3 3
12 4 7
12 5 1
12 7 8
12 8 4
12 9 5
12 10 9
12 11 1
13 0 4
13 1 7
13 3 5
13 4 4
13 5 7
13 6 1
13 7 3
13 8 3
13 9 5
13 10 2
13 11 1
13 12 7
14 0 1
14 1 2
14 2 7
14 4 7
14 5 3
14 6 2
14 7 8
14 8 8
14 9 9
14 10 4
14 11 4
14 12 10
14 13 6
15 0 8
15 1 5
15 2 8
15 3 5
15 6 7
15 7 10
15 8 7
15 9 1
15 10 8
15 11 7
15 12 6
15 13 9
15 14 6
16 0 1
16 1 10
16 2 5
16 4 1
16 5 1
16 6 10
16 7 8
16 8 2
16 9 9
16 10 7
16 11 3
16 12 6
16 13 7
16 14 10
16 15 2
17 1 8
17 2 5
17 3 6
17 4 5
17 6 10
17 8 4
17 9 8
17 10 9
17 11 10
17 12 2
17 13 7
17 15 6
17 16 2
18 0 3
18 1 5
18 2 2
18 3 8
18 4 9
18 5 3
18 6 5
18 7 6
18 8 3
18 9 6
18 10 5
18 11 9
18 12 9
18 13 7
18 14 9
18 15 8
18 16 7
18 17 6
19 0 8
19 1 8
19 2 6
19 3 1
19 4 6
19 5 4
19 6 4
19 7 8
19 8 9
19 9 9
19 10 5
19 11 5
19 13 9
19 14 5
19 15 7
19 16 1
19 17 8
19 18 6
20 0 4
20 2 7
20 3 9
20 4 2
20 5 8
20 6 3
20 8 2
20 9 8
20 10 4
20 11 4
20 14 1
20 15 1
20 16 1
20 17 3
20 18 8
20 19 7
21 0 3
21 2 1
21 3 3
21 4 1
21 5 6
21 6 5
21 7 5
21 8 8
21 9 6
21 10 7
21 11 8
21 12 7
21 14 4
21 15 8
21 16 2
21 17 8
21 18 4
21 19 1
21 20 5
22 0 1
22 1 7
22 2 3
22 3 5
22 4 5
22 5 2
22 6 2
22 7 4
22 8 3
22 10 9
22 11 10
22 12 1
22 13 4
22 15 2
22 16 3
22 17 9
22 18 10
22 19 9
22 20 10
22 21 8
23 0 3
23 1 7
23 2 8
23 3 10
23 5 2
23 6 4
23 7 8
23 8 2
23 9 10
23 10 7
23 11 7
23 12 8
23 14 4
23 15 9
23 16 1
23 17 1
23 19 2
23 20 7
23 21 2
23 22 7
24 0 9
24 1 8
24 3 5
24 4 6
24 5 5
24 6 9
24 7 7
24 8 6
24 9 1
24 10 4
24 14 10
24 15 6
24 16 7
24 18 6
24 19 10
24 20 4
24 21 3
24 22 7
24 23 3
25 0 9
25 1 1
25 2 6
25 3 1
25 5 7
25 6 10
25 7 1
25 8 3
25 9 9
25 10 5
25 11 10
25 12 1
25 13 5
25 14 1
25 15 7
25 16 6
25 17 10
25 18 8
25 19 5
25 20 5
25 21 9
25 22 6
25 24 4
26 0 9
26 1 1
26 2 6
26 3 6
26 4 1
26 5 3
26 6 10
26 8 7
26 9 1
26 10 8
26 11 5
26 12 5
26 13 1
26 14 1
26 15 9
26 16 8
26 17 1
26 18 10
26 19 4
26 21 1
26 22 5
26 24 8
26 25 6
27 0 2
27 1 3
27 2 4
27 3 8
27 4 5
27 5 6
27 6 6
27 7 6
27 8 9
27 9 10
27 10 9
27 11 6
27 12 4
27 13 10
27 14 6
27 15 3
27 16 5
27 17 10
27 18 4
27 19 1
27 20 1
27 21 7
27 22 1
27 23 2
27 24 2
27 25 8
27 26 9
28 1 4
28 3 6
28 4 8
28 5 10
28 6 7
28 7 4
28 8 2
28 9 4
28 10 1
28 11 5
28 13 2
28 14 6
28 15 5
28 16 8
28 17 5
28 18 10
28 19 3
28 20 8
28 21 4
28 22 5
28 23 3
28 24 2
28 25 3
28 26 4
28 27 3
29 0 4
29 1 5
29 2 7
29 3 6
29 4 10
29 5 9
29 6 9
29 7 6
29 8 2
29 9 3
29 11 2
29 12 1
29 13 2
29 14 4
29 15 1
29 16 6
29 17 9
29 18 1
29 19 6
29 20 2
29 21 8
29 22 9
29 23 10
29 24 4
29 26 10
29 27 6
29 28 3
30 0 1
30 2 3
30 3 3
30 4 5
30 5 9
30 6 10
30 7 7
30 8 10
30 9 7
30 11 1
30 12 10
30 13 10
30 15 6
30 16 1
30 17 5
30 18 3
30 20 4
30 21 5
30 22 7
30 23 2
30 24 6
30 25 4
30 26 9
30 27 1
30 28 6
30 29 6
31 0 5
31 1 7
31 2 3
31 3 6
31 4 3
31 5 2
31 6 6
31 7 7
31 8 4
31 9 1
31 10 10
31 11 6
31 12 2
31 13 9
31 14 9
31 15 6
31 16 4
31 17 7
31 18 4
31 19 9
31 20 1
31 21 8
31 22 8
31 23 6
31 24 4
31 25 5
31 26 6
31 27 2
31 28 2
31 29 4
31 30 3
32 0 4
32 1 1
32 2 7
32 3 10
32 4 5
32 5 1
32 6 5
32 7 8
32 8 7
32 9 6
32 10 5
32 11 10
32 12 4
32 13 8
32 14 9
32 15 5
32 16 5
32 17 2
32 19 9
32 20 6
32 21 7
32 22 8
32 23 9
32 24 8
32 25 3
32 26 10
32 27 5
32 28 9
32 29 1
32 30 9
32 31 3
33 0 10
33 1 9
33 2 8
33 3 5
33 4 4
33 5 6
33 6 4
33 7 5
33 8 8
33 9 5
33 10 3
33 11 6
33 13 3
33 14 9
33 15 4
33 16 8
33 17 3
33 18 2
33 19 1
33 20 2
33 21 3
33 22 4
33 23 1
33 24 3
33 25 8
33 26 9
33 27 5
33 28 6
33 29 7
33 30 1
33 31 7
33 32 8
34 0 1
34 1 8
34 2 3
34 3 10
34 4 2
34 5 2
34 6 4
34 7 4
34 8 9
34 9 10
34 10 8
34 11 10
34 12 6
34 13 5
34 14 8
34 17 6
34 18 7
34 19 3
34 20 7
34 22 2
34 23 3
34 24 6
34 25 8
34 26 2
34 27 7
34 28 5
34 29 5
34 30 4
34 31 1
34 32 10
34 33 9
35 0 9
35 1 4
35 2 7
35 3 3
35 4 1
35 5 4
35 6 10
35 7 10
35 8 4
35 9 4
35 10 2
35 11 2
35 12 2
35 13 9
35 14 9
35 15 6
35 16 8
35 17 3
35 18 9
35 19 6
35 20 6
35 21 5
35 22 7
35 23 2
35 24 1
35 25 1
35 26 9
35 27 7
35 28 7
35 29 3
35 30 2
35 31 7
35 32 2
35 33 9
35 34 5
36 0 5
36 1 10
36 2 7
36 3 6
36 4 3
36 5 8
36 6 8
36 7 2
36 8 5
36 9 6
36 10 4
36 11 10
36 12 5
36 13 7
36 14 6
36 15 1
36 16 9
36 17 4
36 19 3
36 20 3
36 21 3
36 22 3
36 24 6
36 25 7
36 26 5
36 27 9
36 28 1
36 29 8
36 30 9
36 31 8
36 32 3
36 33 6
36 34 6
36 35 8
37 0 10
37 2 9
37 4 7
37 5 4
37 6 6
37 7 5
37 8 6
37 9 2
37 10 2
37 11 1
37 12 5
37 13 6
37 14 3
37 15 4
37 16 10
37 17 10
37 18 9
37 19 3
37 20 9
37 21 7
37 22 9
37 23 10
37 24 2
37 25 3
37 26 8
37 27 7
37 28 6
37 29 1
37 31 9
37 32 9
37 34 10
37 35 2
37 36 6
38 0 1
38 1 3
38 2 5
38 3 9
38 4 8
38 5 2
38 7 6
38 9 6
38 10 6
38 11 7
38 12 3
38 13 4
38 14 3
38 15 7
38 16 1
38 17 9
38 18 7
38 19 8
38 20 9
38 21 3
38 22 8
38 23 7
38 24 9
38 25 10
38 27 9
38 28 9
38 29 8
38 30 8
38 31 8
38 32 5
38 33 7
38 34 4
38 35 5
38 36 1
39 0 7
39 2 8
39 3 4
39 4 5
39 5 4
39 6 8
39 7 5
39 8 10
39 9 3
39 10 7
39 11 6
39 12 3
39 13 2
39 14 5
39 15 7
39 16 3
39 17 4
39 18 1
39 19 3
39 20 10
39 21 1
39 23 4
39 24 7
39 25 1
39 27 10
39 28 9
39 29 3
39 30 1
39 31 9
39 32 7
39 33 2
39 34 4
39 35 5
39 36 3
39 37 8
39 38 2
40 0 1
40 1 4
40 2 4
40 3 3
40 4 5
40 5 4
40 6 9
40 7 1
40 8 1
40 9 5
40 12 8
40 13 6
40 14 6
40 15 4
40 16 8
40 17 9
40 20 2
40 21 6
40 22 6
40 23 8
40 24 6
40 25 6
40 26 4
40 27 9
40 28 6
40 29 10
40 30 1
40 31 9
40 32 10
40 33 5
40 34 1
40 35 10
40 36 6
40 37 4
40 38 3
40 39 1
41 1 9
41 2 6
41 3 3
41 4 9
41 6 7
41 7 2
41 8 9
41 10 9
41 11 5
41 12 2
41 13 5
41 14 1
41 15 4
41 16 9
41 17 2
41 19 9
41 20 7
41 21 6
41 22 1
41 23 3
41 24 10
41 25 2
41 26 6
41 27 10
41 28 9
41 29 7
41 30 5
41 31 5
41 32 7
41 33 9
41 34 10
41 35 4
41 38 1
41 40 8
42 0 8
42 3 5
42 4 5
42 5 2
42 6 7
42 7 1
42 8 6
42 9 4
42 10 10
42 11 8
42 12 5
42 13 3
42 14 10
42 15 10
42 16 5
42 17 3
42 18 1
42 19 6
42 20 5
42 21 2
42 22 1
42 23 7
42 24 5
42 25 2
42 26 5
42 28 4
42 29 10
42 30 5
42 31 1
42 32 9
42 33 9
42 34 9
42 35 5
42 36 1
42 37 8
42 38 5
42 39 10
42 40 7
42 41 4
43 0 2
43 1 9
43 2 10
43 3 10
43 4 8
43 6 3
43 7 2
43 8 9
43 9 2
43 10 2
43 11 1
43 12 8
43 13 4
43 14 5
43 15 6
43 16 5
43 17 5
43 18 7
43 19 3
43 20 3
43 21 9
43 23 2
43 24 1
43 25 1
43 26 10
43 27 4
43 28 10
43 29 5
43 30 10
43 32 9
43 33 6
43 34 1
43 35 10
43 36 9
43 37 3
43 38 4
43 39 1
43 40 9
43 41 5
43 42 9
44 0 9
44 1 10
44 2 3
44 3 6
44 4 6
44 5 10
44 6 3
44 7 8
44 8 10
44 9 1
44 10 5
44 11 7
44 12 4
44 13 5
44 14 3
44 15 10
44 16 1
44 17 7
44 18 7
44 19 6
44 20 9
44 21 8
44 22 8
44 23 3
44 25 1
44 26 6
44 27 10
44 28 3
44 29 5
44 30 2
44 31 1
44 32 10
44 33 1
44 35 3
44 36 3
44 37 6
44 38 8
44 39 6
44 40 8
44 41 4
44 42 4
44 43 10
45 0 10
45 1 10
45 2 8
45 3 9
45 4 3
45 5 6
45 6 4
45 7 6
45 8 2
45 9 3
45 10 10
45 11 5
45 12 9
45 13 4
45 14 9
45 16 6
45 17 8
45 18 4
45 19 4
45 20 4
45 21 5
45 22 1
45 23 8
45 24 6
45 25 2
45 26 2
45 27 1
45 28 5
45 29 8
45 31 1
45 32 9
45 33 3
45 34 2
45 35 9
45 36 9
45 37 1
45 38 4
45 39 8
45 40 3
45 42 8
45 43 10
45 44 5
46 0 4
46 1 3
46 2 10
46 3 5
46 4 4
46 5 3
46 6 4
46 7 6
46 8 8
46 10 5
46 11 5
46 12 6
46 13 6
46 14 3
46 15 5
46 16 8
46 17 4
46 18 5
46 19 9
46 20 4
46 21 3
46 22 10
46 23 10
46 24 2
46 25 10
46 26 10
46 27 7
46 28 4
46 29 5
46 30 10
46 31 9
46 32 9
46 33 9
46 34 6
46 35 1
46 36 10
46 37 6
46 38 4
46 39 3
46 40 8
46 41 8
46 42 3
46 43 3
46 44 6
46 45 5
47 1 7
47 2 10
47 3 5
47 4 2
47 5 3
47 6 4
47 7 9
47 8 9
47 9 2
47 10 6
47 11 5
47 12 1
47 14 4
47 19 2
47 20 7
47 22 8
47 23 3
47 24 6
47 25 10
47 26 7
47 27 7
47 28 8
47 29 2
47 30 8
47 31 3
47 32 10
47 33 1
47 34 9
47 35 6
47 37 3
47 38 9
47 39 9
47 40 1
47 41 10
47 42 7
47 43 3
47 44 2
47 45 7
47 46 5
48 0 7
48 1 8
48 2 3
48 3 5
48 4 2
48 5 7
48 6 9
48 7 6
48 8 5
48 9 2
48 10 1
48 11 1
48 13 9
48 14 10
48 15 8
48 16 10
48 17 2
48 20 7
48 22 9
48 24 2
48 26 4
48 27 1
48 28 1
48 29 6
48 30 6
48 31 8
48 32 6
48 33 10
48 34 2
48 35 5
48 36 2
48 37 9
48 38 3
48 39 2
48 40 8
48 41 9
48 42 1
48 45 10
48 46 2
48 47 10
49 0 7
49 1 10
49 3 3
49 4 9
49 5 6
49 6 6
49 7 4
49 8 2
49 9 6
49 10 8
49 11 8
49 12 4
49 13 10
49 14 3
49 15 5
49 16 3
49 17 7
49 19 2
49 20 8
49 21 2
49 22 3
49 23 8
49 24 3
49 25 8
49 26 6
49 27 3
49 28 10
49 29 8
49 30 7
49 31 6
49 32 7
49 33 1
49 34 7
49 35 7
49 36 9
49 37 5
49 38 3
49 39 3
49 40 2
49 41 1
49 42 1
49 43 5
49 44 10
49 45 3
49 46 3
49 47 1
49 48 2
