40
1 0 7
3 0 19
3 1 10
3 2 11
4 1 6
4 3 13
5 1 1
5 2 3
5 3 10
5 4 17
6 1 8
6 2 8
6 4 6
6 5 12
7 1 5
7 2 3
7 5 17
8 0 12
8 2 5
8 3 9
8 4 12
8 7 18
9 1 19
9 2 11
9 4 15
9 5 17
9 7 20
10 0 17
10 1 5
10 2 1
10 3 11
10 4 6
10 6 7
10 7 20
10 8 18
10 9 14
11 3 18
11 7 10
11 8 3
11 9 6
12 0 17
12 2 7
12 3 17
12 5 4
12 6 10
12 7 11
12 8 12
12 9 7
12 10 12
12 11 14
13 1 17
13 2 18
13 3 1
13 4 12
13 6 3
13 8 6
13 11 7
13 12 18
14 0 5
14 1 4
14 2 2
14 3 18
14 4 12
14 6 2
14 7 6
14 8 17
14 9 7
14 10 17
14 12 1
14 13 6
15 0 18
15 2 14
15 3 4
15 6 19
15 7 19
15 10 3
15 11 8
15 12 2
15 13 3
15 14 17
16 1 2
16 3 11
16 4 7
16 5 20
16 6 19
16 7 15
16 13 3
16 15 1
17 0 6
17 1 13
17 3 4
17 4 2
17 5 9
17 6 18
17 7 18
17 9 17
17 12 3
17 13 4
17 15 14
17 16 8
18 0 15
18 1 16
18 2 10
18 3 11
18 4 1
18 5 19
18 7 19
18 9 6
18 10 19
18 12 13
18 15 3
18 16 19
19 0 18
19 4 13
19 5 16
19 6 14
19 8 11
19 9 7
19 10 13
19 11 3
19 12 3
19 14 11
19 15 5
19 16 12
19 18 2
20 0 8
20 1 18
20 5 9
20 6 14
20 7 3
20 9 14
20 10 17
20 11 13
20 12 7
20 14 2
20 15 14
20 16 20
21 0 13
21 1 13
21 3 17
21 4 14
21 5 10
21 6 14
21 7 1
21 8 20
21 9 19
21 10 4
21 12 8
21 13 13
21 19 11
21 20 2
22 1 20
22 4 16
22 6 12
22 8 13
22 9 10
22 10 15
22 11 16
22 12 10
22 13 7
22 14 19
22 15 20
22 16 18
22 17 20
22 18 20
22 19 6
22 20 6
22 21 3
23 0 18
23 1 12
23 2 18
23 5 4
23 6 3
23 7 2
23 9 14
23 11 7
23 12 16
23 13 11
23 16 13
23 18 13
23 19 3
23 20 17
23 21 3
23 22 6
24 0 1
24 1 4
24 2 17
24 4 15
24 5 20
24 6 14
24 9 13
24 10 6
24 14 3
24 15 8
24 16 14
24 17 18
24 18 5
24 19 17
24 20 18
24 21 10
24 22 17
24 23 18
25 0 6
25 3 3
25 4 19
25 5 11
25 6 10
25 9 15
25 10 4
25 11 13
25 12 12
25 13 5
25 16 13
25 19 3
25 20 16
25 23 20
25 24 17
26 0 20
26 1 5
26 2 2
26 3 2
26 5 4
26 6 12
26 7 1
26 8 14
26 9 5
26 10 18
26 11 14
26 12 16
26 13 16
26 14 4
26 15 18
26 16 20
26 17 9
26 18 1
26 19 14
26 20 2
26 21 20
26 22 5
26 25 2
27 1 6
27 2 1
27 3 11
27 4 18
27 5 19
27 7 14
27 8 12
27 9 7
27 10 9
27 12 13
27 13 4
27 14 12
27 16 10
27 17 10
27 18 10
27 19 2
27 20 17
27 21 4
27 22 1
27 23 15
27 24 14
27 25 1
27 26 19
28 1 10
28 2 12
28 3 7
28 7 17
28 8 10
28 9 9
28 12 4
28 13 3
28 15 18
28 16 14
28 17 4
28 19 1
28 20 13
28 22 14
28 23 13
28 25 18
28 27 4
29 1 15
29 2 2
29 4 1
29 6 20
29 7 20
29 8 2
29 11 9
29 13 15
29 14 10
29 15 5
29 17 19
29 18 16
29 19 6
29 20 9
29 21 5
29 22 4
29 23 16
29 24 11
29 26 1
29 28 7
30 1 1
30 2 19
30 3 6
30 4 9
30 6 12
30 7 20
30 8 13
30 9 20
30 10 17
30 11 8
30 12 13
30 13 15
30 14 6
30 15 16
30 17 12
30 18 14
30 20 1
30 21 7
30 24 11
30 25 11
30 26 8
30 27 20
30 28 2
30 29 1
31 0 17
31 1 5
31 2 1
31 4 1
31 5 5
31 6 6
31 7 18
31 8 19
31 9 9
31 10 5
31 11 14
31 12 2
31 13 12
31 15 16
31 16 17
31 17 12
31 19 15
31 21 1
31 22 1
31 23 11
31 24 2
31 25 16
31 26 13
31 27 7
31 28 1
31 29 10
31 30 10
32 2 17
32 3 17
32 4 14
32 5 20
32 6 17
32 8 3
32 9 1
32 11 17
32 12 10
32 13 12
32 14 7
32 15 1
32 16 6
32 17 8
32 18 13
32 19 8
32 20 4
32 21 2
32 22 15
32 23 11
32 24 12
32 25 8
32 30 2
32 31 2
33 1 10
33 2 15
33 3 3
33 5 3
33 7 1
33 12 5
33 14 7
33 15 2
33 16 10
33 17 5
33 19 14
33 20 3
33 21 10
33 22 20
33 23 2
33 24 19
33 25 6
33 26 13
33 27 5
33 28 16
33 29 7
33 30 3
33 31 3
33 32 20
34 0 4
34 2 4
34 3 19
34 6 1
34 8 14
34 9 3
34 10 18
34 11 20
34 12 8
34 14 17
34 17 7
34 22 19
34 23 17
34 24 14
34 25 3
34 27 2
34 28 17
34 30 8
34 33 9
35 0 20
35 2 5
35 5 12
35 8 18
35 9 3
35 12 8
35 13 10
35 14 11
35 15 19
35 17 11
35 18 3
35 20 13
35 21 16
35 22 6
35 24 13
35 25 2
35 26 4
35 28 2
35 29 18
35 30 16
35 33 7
35 34 9
36 0 6
36 1 18
36 3 12
36 4 15
36 5 13
36 6 20
36 7 5
36 8 7
36 10 11
36 11 7
36 13 1
36 14 14
36 15 1
36 16 13
36 17 15
36 19 20
36 20 7
36 21 7
36 22 19
36 23 11
36 24 3
36 27 5
36 28 3
36 29 3
36 31 1
36 32 16
36 33 19
36 35 7
37 0 10
37 2 20
37 3 20
37 4 10
37 5 20
37 6 15
37 8 8
37 9 4
37 11 3
37 13 2
37 14 17
37 15 12
37 16 20
37 18 5
37 19 10
37 20 8
37 22 13
37 24 6
37 25 20
37 26 6
37 27 18
37 30 17
37 31 6
37 33 6
37 35 11
37 36 9
38 4 12
38 5 15
38 6 8
38 8 3
38 10 2
38 11 3
38 12 15
38 14 12
38 15 14
38 16 1
38 17 1
38 18 11
38 19 8
38 22 18
38 23 17
38 24 8
38 25 3
38 26 3
38 29 17
38 31 5
38 32 16
38 33 18
38 34 17
38 35 8
38 36 2
38 37 7
39 0 2
39 1 15
39 2 17
39 4 16
39 6 4
39 7 2
39 8 16
39 11 16
39 13 12
39 14 4
39 15 5
39 16 9
39 17 1
39 21 4
39 22 6
39 23 17
39 24 12
39 25 20
39 28 20
39 30 10
39 31 15
39 32 2
39 34 6
39 35 8
39 36 3
39 37 16
39 38 18
