40
6 2 14
6 4 8
9 7 1
11 3 6
12 6 4
13 4 9
13 5 16
13 12 11
15 12 1
17 5 1
17 14 20
18 4 16
18 6 10
18 7 17
19 10 6
20 1 6
20 4 8
20 6 17
20 7 20
20 9 8
20 19 12
21 14 20
21 19 16
22 2 6
22 11 11
22 12 10
23 0 4
23 16 17
23 17 12
23 22 20
24 13 13
24 18 4
25 10 8
27 16 15
28 8 9
29 2 8
29 8 17
29 19 1
30 3 1
30 20 20
31 21 7
31 27 6
31 28 16
32 0 14
32 3 8
32 5 17
32 14 6
32 24 1
33 3 10
33 5 12
33 17 9
33 18 17
33 28 20
34 3 15
34 4 14
34 7 13
34 18 18
34 24 20
34 28 13
34 29 13
35 4 10
35 9 10
35 10 20
35 26 7
35 28 14
36 34 9
37 14 17
37 28 4
38 3 2
38 15 11
38 32 20
38 37 18
39 12 20
39 25 2
