30
1 0 210
4 2 38
4 3 163
5 0 177
6 3 47
6 4 243
6 5 31
7 0 154
7 1 155
7 2 248
7 4 124
7 5 51
7 6 263
8 3 253
8 4 172
8 6 223
8 7 186
9 3 89
9 5 117
9 6 160
9 7 237
10 1 43
10 2 268
10 5 291
10 8 33
11 4 102
11 8 141
11 10 19
12 3 171
12 4 288
12 6 242
12 7 2
12 10 177
13 0 54
13 2 20
13 3 11
13 6 126
13 8 221
13 9 5
14 1 245
14 2 62
14 5 279
14 6 83
14 7 120
14 9 37
14 12 80
14 13 158
15 4 50
15 5 26
15 7 20
15 8 153
15 13 232
15 14 104
16 1 249
16 3 71
16 5 307
16 10 147
16 13 303
17 2 236
17 5 61
17 6 63
17 7 170
17 10 171
17 12 173
17 14 223
18 0 222
18 3 105
18 4 199
18 6 279
18 9 90
18 10 105
18 12 30
18 13 194
18 14 252
19 1 254
19 11 43
19 13 10
19 15 11
19 17 27
19 18 193
20 3 5
20 4 160
20 6 307
20 9 118
20 10 18
20 18 101
20 19 170
21 0 28
21 1 27
21 4 308
21 5 46
21 9 93
21 13 25
21 16 296
21 17 230
21 18 255
21 19 260
22 0 34
22 1 114
22 2 215
22 4 287
22 5 47
22 7 288
22 9 123
22 10 53
22 11 89
22 13 190
22 14 216
22 17 275
22 20 104
23 1 208
23 2 61
23 5 284
23 6 264
23 7 183
23 9 119
23 10 199
23 15 180
23 18 242
23 19 197
23 20 22
24 0 126
24 3 271
24 4 229
24 5 232
24 6 18
24 7 58
24 9 288
24 13 126
24 16 211
24 17 48
24 21 101
24 22 254
25 3 237
25 7 61
25 9 79
25 11 153
25 13 42
25 15 54
25 19 180
25 20 189
25 22 10
25 24 179
26 0 151
26 1 141
26 2 138
26 5 146
26 8 293
26 9 279
26 11 308
26 14 23
26 15 52
26 18 287
26 19 298
26 21 125
26 23 212
26 24 170
26 25 13
27 0 238
27 2 44
27 3 297
27 7 173
27 9 231
27 11 120
27 12 180
27 13 113
27 15 214
27 16 224
27 18 274
27 24 302
27 25 121
28 0 200
28 1 1
28 2 6
28 3 191
28 4 250
28 5 38
28 6 44
28 12 37
28 14 73
28 16 215
28 23 112
29 8 212
29 11 96
29 15 108
29 22 232
29 24 157
29 26 15
29 27 271
29 28 47
