70
3 0 13
3 1 1
4 1 22
5 0 25
5 2 16
5 3 40
5 4 26
6 0 29
6 1 21
6 2 37
6 3 38
7 0 28
7 1 1
7 3 6
7 6 19
8 2 25
8 7 27
9 0 40
9 1 12
9 4 35
10 0 24
10 3 36
10 7 7
10 9 2
11 0 40
11 1 6
11 7 4
11 8 4
11 10 2
12 0 36
12 7 7
13 0 8
13 1 10
13 12 15
14 0 16
14 1 1
14 2 27
14 4 35
15 0 8
15 5 16
15 8 29
15 9 24
15 11 7
15 12 30
15 13 24
15 14 39
16 3 15
16 4 15
16 8 30
16 9 13
16 11 4
16 12 25
16 13 21
17 6 40
17 8 26
17 14 39
17 15 18
17 16 37
18 2 25
18 4 23
18 5 21
18 6 3
18 14 6
19 4 10
19 5 37
19 9 27
19 10 37
19 12 35
19 13 34
19 14 1
20 1 19
20 3 23
20 5 32
20 8 15
20 14 11
20 18 37
20 19 32
21 1 14
21 3 22
21 4 27
21 5 17
21 7 10
21 9 10
21 14 30
21 15 38
21 16 16
22 0 28
22 2 18
22 3 9
22 4 14
22 9 12
22 10 31
22 13 5
22 15 39
22 16 25
22 17 34
22 18 36
23 4 32
23 13 18
23 14 22
23 15 18
23 16 33
23 17 5
23 21 35
24 1 1
24 7 23
24 9 11
24 11 21
24 12 27
24 13 27
24 14 17
24 16 21
24 20 8
25 1 27
25 2 33
25 5 28
25 7 32
25 8 16
25 9 2
25 11 2
25 13 16
25 15 4
25 20 9
25 21 10
25 23 17
26 0 34
26 2 5
26 5 36
26 7 3
26 8 15
26 10 2
26 13 21
26 15 39
26 17 40
26 20 36
26 22 24
26 23 1
26 25 31
27 0 14
27 4 21
27 6 40
27 8 1
27 11 15
27 12 16
27 15 11
27 16 24
27 17 26
27 20 10
27 22 27
28 1 40
28 10 4
28 12 22
28 16 13
28 17 28
28 18 27
28 21 10
28 27 28
29 0 17
29 1 9
29 3 12
29 4 3
29 5 29
29 7 23
29 9 32
29 15 5
29 16 25
29 18 2
29 20 3
29 22 13
29 27 13
29 28 35
30 3 28
30 7 13
30 9 25
30 10 13
30 12 33
30 13 5
30 14 18
30 16 28
30 17 20
30 18 12
30 20 13
30 21 22
30 24 21
30 26 8
30 29 32
31 0 38
31 2 8
31 3 38
31 4 18
31 8 32
31 13 24
31 15 2
31 19 15
31 20 36
31 21 21
31 23 36
31 25 4
31 27 20
32 1 2
32 2 35
32 5 6
32 6 37
32 10 11
32 11 4
32 12 16
32 18 39
32 21 30
32 22 28
32 23 25
32 24 34
32 25 15
32 27 32
33 2 34
33 4 20
33 6 23
33 7 16
33 9 40
33 11 39
33 15 1
33 16 3
33 18 35
33 19 17
33 24 10
33 25 36
33 31 30
34 2 39
34 6 25
34 11 39
34 12 40
34 15 39
34 16 21
34 27 7
34 28 19
34 29 23
34 30 21
34 32 19
34 33 31
35 2 30
35 3 1
35 4 18
35 5 33
35 6 3
35 8 5
35 9 18
35 13 38
35 14 28
35 16 25
35 20 30
35 24 15
35 25 33
35 27 36
35 28 2
35 33 18
36 1 19
36 6 4
36 7 34
36 13 30
36 14 24
36 16 13
36 17 7
36 18 11
36 22 17
36 24 28
36 26 24
36 27 17
36 33 22
36 35 17
37 0 35
37 1 13
37 3 16
37 5 2
37 6 11
37 7 17
37 9 11
37 11 17
37 12 12
37 13 25
37 19 7
37 20 15
37 21 28
37 22 14
37 23 16
37 24 19
37 25 4
37 27 25
37 28 31
37 29 30
37 30 12
37 33 35
37 35 23
37 36 19
38 0 15
38 5 4
38 8 10
38 13 7
38 17 5
38 18 39
38 19 38
38 21 5
38 27 11
38 32 38
38 36 25
39 6 36
39 9 8
39 11 39
39 12 39
39 14 1
39 15 20
39 17 24
39 22 24
39 24 37
39 26 8
39 28 27
39 31 36
39 34 36
39 36 40
39 38 6
40 2 7
40 5 22
40 6 29
40 12 36
40 19 10
40 20 13
40 21 34
40 26 9
40 28 35
40 29 2
40 30 40
40 31 27
40 33 32
40 34 3
40 35 12
40 37 40
41 3 37
41 6 40
41 7 13
41 8 14
41 9 8
41 10 16
41 12 8
41 15 19
41 16 3
41 17 25
41 21 6
41 23 29
41 26 8
41 28 34
41 32 29
41 35 8
41 38 27
41 39 22
41 40 10
42 0 27
42 9 10
42 12 27
42 14 17
42 16 1
42 17 20
42 18 21
42 21 26
42 23 29
42 25 22
42 26 19
42 27 39
42 35 26
42 36 33
42 40 35
43 3 21
43 5 40
43 6 19
43 10 12
43 15 36
43 17 7
43 18 31
43 28 3
43 29 4
43 36 23
43 37 5
43 41 23
44 5 9
44 8 20
44 11 29
44 13 18
44 17 15
44 18 16
44 19 15
44 21 16
44 23 17
44 24 19
44 25 37
44 26 39
44 31 28
44 33 13
44 34 6
44 37 11
44 41 33
44 42 7
44 43 29
45 6 21
45 13 27
45 14 17
45 15 19
45 17 25
45 18 16
45 26 23
45 29 33
45 31 27
45 33 9
45 36 28
45 37 12
45 38 34
45 39 30
45 41 15
45 42 21
45 43 17
46 0 16
46 2 19
46 5 34
46 6 24
46 8 38
46 10 29
46 12 25
46 13 26
46 16 5
46 17 1
46 18 9
46 19 34
46 21 23
46 25 1
46 27 21
46 29 40
46 30 10
46 35 36
46 37 3
46 38 36
46 39 14
46 43 19
47 1 6
47 2 31
47 4 30
47 5 19
47 8 13
47 9 16
47 11 6
47 12 13
47 14 12
47 15 9
47 16 17
47 18 38
47 21 32
47 22 39
47 24 4
47 25 8
47 31 22
47 32 17
47 33 19
47 34 9
47 36 23
47 39 7
47 40 7
47 42 7
47 44 21
48 0 20
48 1 31
48 2 14
48 5 5
48 6 12
48 7 25
48 8 27
48 11 4
48 12 21
48 13 8
48 14 39
48 17 21
48 18 28
48 24 6
48 27 11
48 30 25
48 40 23
48 43 2
48 46 37
49 1 14
49 3 7
49 7 9
49 22 24
49 25 6
49 26 28
49 27 37
49 28 22
49 30 1
49 31 25
49 34 7
49 38 37
49 40 38
49 42 34
49 45 20
49 46 35
49 48 40
50 1 29
50 10 9
50 16 20
50 19 17
50 24 33
50 30 15
50 31 1
50 33 2
50 34 38
50 35 1
50 44 33
50 48 11
50 49 27
51 0 28
51 2 26
51 3 38
51 6 36
51 9 5
51 10 8
51 15 5
51 16 25
51 19 24
51 21 28
51 22 24
51 23 11
51 24 16
51 37 1
51 38 19
51 40 28
51 42 17
51 45 39
51 46 32
51 47 31
51 50 18
52 0 32
52 1 29
52 2 2
52 8 9
52 10 17
52 14 28
52 17 2
52 18 35
52 22 29
52 23 15
52 24 6
52 26 18
52 28 18
52 29 16
52 31 16
52 32 27
52 33 13
52 36 4
52 38 27
52 45 35
52 48 1
52 49 39
53 0 29
53 1 11
53 2 7
53 7 20
53 8 26
53 10 36
53 13 32
53 14 3
53 18 36
53 19 5
53 20 21
53 23 17
53 24 35
53 25 13
53 26 9
53 33 3
53 36 23
53 38 13
53 42 17
53 43 30
53 45 21
53 46 27
53 50 24
54 0 39
54 1 10
54 2 25
54 3 19
54 5 19
54 6 39
54 7 13
54 8 24
54 9 26
54 10 28
54 12 9
54 13 3
54 14 19
54 18 2
54 20 33
54 26 33
54 27 6
54 29 9
54 30 26
54 32 15
54 33 8
54 35 20
54 38 29
54 42 7
54 44 31
54 47 6
54 50 15
55 5 1
55 8 40
55 9 7
55 10 19
55 14 7
55 16 29
55 18 20
55 19 28
55 23 25
55 25 21
55 27 34
55 28 40
55 29 4
55 34 11
55 35 1
55 39 2
55 41 8
55 43 23
55 46 31
55 51 34
55 52 29
55 54 25
56 0 28
56 4 37
56 5 29
56 6 14
56 7 2
56 8 40
56 10 33
56 12 18
56 13 8
56 14 1
56 17 9
56 20 38
56 22 11
56 23 7
56 24 2
56 27 37
56 31 37
56 34 5
56 37 10
56 38 15
56 41 24
56 42 19
56 44 40
56 45 40
56 53 9
57 1 32
57 2 23
57 3 13
57 4 2
57 5 27
57 6 27
57 9 17
57 13 34
57 17 30
57 19 27
57 23 27
57 24 36
57 25 16
57 29 16
57 32 10
57 35 29
57 40 40
57 43 28
57 45 31
57 48 24
57 54 22
58 1 10
58 2 2
58 4 24
58 8 25
58 9 33
58 10 3
58 13 27
58 17 7
58 19 26
58 20 27
58 23 3
58 24 12
58 25 8
58 26 31
58 34 18
58 35 37
58 36 40
58 38 3
58 41 7
58 42 7
58 43 7
58 47 24
58 48 35
58 50 21
58 51 15
58 52 36
58 54 13
58 56 10
58 57 18
59 0 6
59 2 37
59 3 8
59 4 9
59 6 40
59 8 3
59 11 35
59 13 26
59 16 33
59 17 27
59 18 3
59 19 9
59 20 30
59 24 12
59 26 31
59 29 40
59 31 8
59 32 35
59 34 26
59 35 24
59 38 30
59 43 21
59 54 19
59 58 24
60 2 28
60 6 25
60 7 14
60 8 14
60 14 40
60 15 6
60 18 27
60 20 22
60 21 13
60 23 22
60 24 30
60 25 16
60 26 36
60 30 33
60 32 3
60 33 27
60 37 4
60 38 26
60 48 26
60 51 5
60 52 5
60 56 12
60 57 11
61 0 6
61 6 29
61 7 4
61 8 22
61 12 5
61 20 35
61 22 24
61 24 12
61 27 18
61 30 37
61 31 39
61 34 32
61 35 40
61 37 25
61 38 20
61 39 6
61 40 32
61 42 17
61 50 16
61 55 31
61 59 31
62 2 23
62 6 7
62 10 8
62 11 18
62 12 1
62 14 36
62 15 9
62 18 24
62 20 10
62 22 8
62 23 25
62 24 23
62 28 9
62 29 8
62 33 2
62 35 28
62 37 16
62 38 5
62 39 37
62 42 12
62 44 39
62 48 14
62 49 6
62 51 33
62 52 34
62 54 30
63 3 24
63 4 30
63 6 19
63 7 37
63 8 34
63 9 18
63 13 32
63 21 16
63 26 4
63 28 30
63 31 33
63 32 33
63 34 12
63 37 28
63 39 32
63 43 6
63 44 38
63 48 13
63 51 10
63 52 35
63 54 36
63 55 25
63 57 5
63 59 35
63 60 16
63 61 5
64 0 40
64 6 20
64 9 20
64 12 31
64 13 17
64 14 18
64 19 5
64 20 38
64 22 18
64 23 4
64 26 2
64 27 18
64 30 7
64 32 2
64 34 13
64 35 9
64 39 40
64 41 26
64 43 17
64 44 30
64 51 25
64 53 15
64 54 12
64 57 38
64 60 3
64 61 22
64 63 30
65 1 25
65 2 31
65 6 15
65 7 27
65 8 1
65 9 16
65 10 21
65 11 8
65 13 35
65 14 39
65 16 2
65 19 34
65 21 39
65 23 4
65 24 39
65 26 20
65 32 20
65 34 7
65 36 32
65 40 26
65 45 11
65 48 36
65 49 20
65 50 5
65 52 33
65 54 21
65 56 28
65 58 39
65 59 18
65 60 4
65 61 32
65 63 37
65 64 23
66 3 35
66 4 6
66 6 28
66 9 31
66 10 3
66 14 36
66 16 9
66 17 3
66 18 5
66 20 6
66 21 15
66 23 40
66 25 16
66 26 16
66 27 38
66 32 21
66 34 27
66 39 32
66 41 24
66 56 32
66 58 22
66 63 36
66 64 2
66 65 27
67 0 7
67 5 24
67 6 5
67 7 6
67 8 15
67 10 15
67 12 10
67 13 1
67 18 14
67 19 40
67 20 17
67 23 29
67 28 12
67 30 29
67 32 6
67 33 35
67 36 1
67 38 28
67 39 11
67 43 28
67 44 33
67 51 21
67 54 13
67 55 2
67 57 38
67 58 30
67 59 12
67 60 16
67 62 12
68 6 11
68 8 29
68 11 11
68 16 15
68 17 8
68 25 6
68 31 38
68 33 26
68 36 18
68 37 35
68 39 35
68 41 21
68 47 12
68 49 1
68 56 20
68 58 5
68 61 17
68 62 26
69 0 10
69 1 22
69 4 10
69 6 38
69 7 6
69 10 31
69 11 5
69 13 12
69 16 40
69 18 10
69 20 10
69 27 32
69 29 24
69 32 35
69 34 3
69 35 7
69 36 22
69 37 18
69 39 18
69 41 34
69 43 38
69 44 36
69 46 2
69 48 4
69 49 21
69 59 8
69 60 3
69 62 40
69 65 36
69 67 19
69 68 37
