60
1 0 4
3 0 10
3 1 3
4 0 1
4 1 6
4 2 2
5 0 5
5 1 4
5 2 3
5 3 9
5 4 2
6 0 3
6 2 2
6 5 7
7 0 5
7 1 3
7 3 7
7 5 4
7 6 7
8 0 10
8 1 3
8 2 9
8 4 10
8 5 4
8 6 5
8 7 2
9 0 2
9 1 6
9 2 4
9 5 6
9 6 4
9 7 2
9 8 9
10 0 2
10 1 9
10 3 1
10 4 3
10 8 4
10 9 6
11 1 10
11 3 10
11 4 9
11 5 7
11 6 4
11 7 2
11 8 6
11 9 4
12 0 5
12 1 7
12 2 6
12 3 2
12 4 8
12 5 1
12 7 1
12 8 1
12 9 8
12 10 3
12 11 8
13 2 1
13 3 1
13 6 2
13 7 10
13 8 10
13 9 2
13 10 9
13 11 4
13 12 8
14 1 9
14 4 5
14 5 5
14 6 10
14 8 6
14 9 10
14 10 8
14 11 7
14 13 2
15 0 9
15 1 6
15 3 3
15 4 8
15 5 7
15 6 5
15 7 2
15 9 8
15 10 9
15 11 8
15 12 10
15 13 5
15 14 8
16 0 3
16 2 2
16 3 10
16 6 9
16 7 10
16 8 6
16 9 7
16 12 5
16 13 6
16 14 10
16 15 1
17 1 10
17 2 8
17 3 9
17 4 5
17 5 8
17 6 4
17 7 1
17 11 5
17 12 6
17 13 2
17 15 6
17 16 7
18 1 9
18 2 9
18 3 8
18 5 6
18 8 1
18 9 8
18 11 6
18 12 8
18 13 1
18 14 7
18 15 8
18 17 6
19 0 8
19 2 10
19 4 2
19 5 9
19 6 10
19 7 8
19 8 8
19 9 3
19 11 2
19 12 4
19 13 7
19 14 3
19 15 3
19 16 8
19 17 9
19 18 7
20 0 1
20 2 3
20 3 7
20 4 5
20 5 5
20 6 4
20 7 10
20 10 1
20 13 7
20 16 2
20 17 4
20 18 7
20 19 8
21 0 5
21 1 5
21 2 4
21 3 2
21 4 9
21 6 7
21 8 9
21 10 3
21 11 10
21 12 3
21 14 1
21 15 8
21 17 7
21 19 5
21 20 5
22 1 6
22 2 6
22 3 5
22 4 5
22 5 10
22 6 3
22 7 3
22 8 7
22 9 10
22 10 6
22 11 3
22 12 1
22 13 9
22 14 3
22 15 4
22 16 4
22 17 2
22 19 9
22 20 8
22 21 6
23 1 3
23 3 7
23 4 1
23 5 2
23 6 7
23 7 7
23 8 9
23 9 9
23 10 9
23 11 7
23 12 6
23 13 5
23 14 5
23 15 3
23 18 6
23 19 8
23 20 6
23 21 1
23 22 1
24 0 2
24 1 8
24 2 8
24 3 9
24 4 2
24 6 2
24 7 1
24 8 4
24 9 7
24 10 7
24 11 3
24 13 1
24 14 2
24 15 7
24 17 5
24 18 10
24 19 10
24 20 10
24 21 3
24 23 4
25 0 6
25 1 3
25 3 5
25 4 6
25 6 6
25 7 4
25 8 5
25 10 7
25 11 8
25 12 10
25 14 5
25 16 3
25 17 7
25 18 3
25 19 10
25 20 10
25 21 9
25 22 2
25 23 9
25 24 1
26 0 3
26 1 6
26 2 1
26 3 10
26 4 10
26 6 10
26 7 6
26 12 5
26 13 3
26 14 10
26 15 1
26 17 5
26 18 5
26 20 8
26 22 8
26 23 8
26 24 5
26 25 8
27 1 9
27 2 1
27 3 5
27 4 1
27 5 2
27 7 8
27 9 1
27 10 5
27 11 6
27 12 6
27 13 9
27 14 4
27 15 4
27 17 7
27 18 1
27 19 1
27 20 10
27 21 8
27 22 6
27 23 4
27 24 6
28 0 8
28 1 4
28 2 7
28 3 2
28 4 4
28 5 8
28 6 9
28 7 9
28 8 4
28 9 1
28 10 3
28 11 5
28 13 2
28 14 9
28 15 10
28 16 7
28 18 1
28 19 1
28 20 6
28 23 2
28 24 9
28 25 1
28 27 9
29 0 2
29 1 8
29 3 6
29 4 6
29 5 3
29 6 3
29 7 4
29 9 3
29 10 8
29 12 1
29 13 4
29 14 4
29 15 10
29 16 9
29 17 3
29 18 4
29 19 4
29 20 6
29 21 9
29 22 5
29 23 7
29 24 7
29 25 3
29 27 8
29 28 6
30 0 7
30 2 8
30 3 10
30 4 2
30 6 4
30 7 1
30 8 3
30 9 1
30 10 5
30 12 5
30 13 3
30 14 7
30 15 7
30 17 7
30 18 1
30 19 4
30 20 3
30 21 6
30 22 4
30 23 5
30 24 2
30 25 7
30 26 10
30 28 1
30 29 6
31 0 9
31 1 2
31 2 8
31 3 2
31 4 1
31 5 5
31 6 2
31 7 6
31 9 4
31 10 3
31 11 6
31 12 9
31 13 10
31 14 9
31 15 6
31 16 8
31 17 7
31 18 10
31 19 4
31 20 2
31 21 4
31 22 6
31 24 1
31 27 8
31 28 10
31 29 4
31 30 7
32 0 9
32 2 6
32 3 2
32 4 2
32 6 4
32 7 9
32 8 3
32 9 1
32 12 9
32 13 3
32 14 5
32 15 1
32 16 4
32 17 4
32 18 9
32 19 3
32 20 9
32 21 4
32 24 2
32 25 10
32 26 8
32 27 7
32 28 7
32 29 4
32 30 2
32 31 8
33 0 7
33 1 9
33 2 3
33 3 1
33 4 10
33 5 6
33 7 5
33 9 2
33 10 2
33 11 4
33 12 4
33 13 8
33 14 7
33 15 6
33 16 8
33 20 5
33 21 6
33 22 1
33 23 1
33 24 7
33 26 6
33 27 10
33 28 3
33 29 5
33 30 4
33 31 8
34 0 7
34 1 9
34 2 4
34 4 6
34 5 4
34 6 4
34 9 4
34 10 4
34 11 3
34 12 8
34 14 9
34 15 6
34 16 5
34 18 7
34 20 3
34 22 1
34 23 7
34 24 5
34 25 7
34 26 5
34 27 7
34 28 3
34 29 4
34 30 9
34 31 1
34 32 5
34 33 3
35 0 5
35 1 2
35 2 6
35 3 8
35 5 4
35 6 3
35 7 6
35 8 2
35 9 2
35 10 9
35 11 10
35 12 7
35 13 7
35 14 2
35 16 8
35 17 6
35 18 9
35 19 10
35 20 3
35 22 6
35 23 6
35 24 6
35 25 3
35 27 4
35 28 7
35 29 8
35 30 6
35 31 5
35 32 7
35 33 4
35 34 4
36 0 1
36 1 4
36 2 2
36 5 7
36 6 1
36 7 8
36 8 5
36 9 7
36 10 1
36 12 6
36 13 2
36 14 10
36 15 7
36 16 4
36 17 5
36 18 3
36 19 5
36 20 2
36 21 3
36 23 5
36 24 7
36 25 7
36 26 8
36 27 3
36 28 10
36 29 8
36 30 5
36 31 1
36 32 8
36 34 1
37 1 1
37 2 1
37 3 4
37 4 4
37 5 1
37 7 3
37 8 10
37 9 2
37 10 2
37 11 3
37 12 2
37 13 9
37 16 6
37 17 6
37 18 2
37 20 7
37 21 3
37 22 3
37 23 6
37 24 10
37 25 1
37 26 10
37 27 7
37 28 5
37 29 4
37 30 10
37 33 6
37 35 6
37 36 2
38 0 4
38 1 4
38 2 5
38 3 10
38 4 3
38 5 1
38 6 10
38 8 6
38 9 6
38 10 10
38 11 7
38 13 7
38 14 7
38 15 1
38 17 4
38 19 1
38 21 5
38 22 8
38 23 1
38 24 10
38 25 3
38 26 2
38 28 7
38 29 2
38 30 10
38 31 3
38 33 4
38 34 8
38 35 2
38 36 5
38 37 7
39 0 10
39 1 10
39 2 3
39 3 2
39 4 2
39 5 4
39 6 1
39 8 4
39 9 4
39 11 10
39 12 4
39 13 7
39 14 3
39 15 6
39 16 7
39 17 5
39 18 5
39 20 10
39 21 1
39 22 9
39 23 3
39 24 9
39 25 7
39 27 8
39 28 3
39 32 9
39 33 8
39 34 5
39 35 9
39 36 3
39 37 10
40 0 9
40 2 10
40 4 4
40 5 5
40 6 10
40 7 2
40 8 3
40 9 6
40 10 8
40 12 10
40 13 4
40 14 4
40 15 5
40 16 2
40 17 3
40 18 10
40 19 8
40 22 9
40 23 10
40 24 3
40 26 7
40 28 3
40 29 6
40 30 10
40 31 1
40 32 1
40 33 9
40 35 6
40 36 2
40 37 5
40 39 10
41 0 3
41 1 3
41 2 6
41 3 1
41 4 6
41 6 4
41 7 1
41 8 9
41 9 6
41 10 6
41 12 2
41 13 1
41 14 5
41 15 2
41 17 2
41 18 3
41 20 6
41 21 5
41 22 7
41 23 3
41 25 7
41 26 3
41 27 3
41 28 4
41 29 8
41 30 9
41 31 10
41 32 6
41 33 6
41 34 2
41 35 5
41 36 3
41 38 10
41 39 2
41 40 1
42 0 5
42 2 2
42 4 1
42 5 10
42 6 4
42 8 5
42 9 6
42 10 7
42 11 7
42 12 9
42 13 8
42 14 10
42 15 6
42 17 8
42 18 4
42 19 9
42 22 6
42 23 1
42 24 9
42 25 2
42 26 5
42 27 10
42 29 10
42 30 3
42 31 3
42 32 8
42 34 6
42 35 6
42 36 1
42 37 10
42 41 8
43 0 3
43 1 9
43 2 5
43 4 8
43 5 9
43 6 6
43 7 2
43 8 10
43 9 4
43 10 3
43 11 1
43 12 8
43 13 6
43 14 1
43 15 9
43 16 2
43 17 5
43 19 2
43 21 9
43 23 4
43 24 10
43 25 7
43 26 3
43 27 7
43 28 4
43 30 3
43 31 2
43 32 9
43 33 10
43 34 3
43 35 2
43 36 5
43 37 7
43 39 1
43 40 5
43 41 9
43 42 10
44 1 3
44 2 6
44 4 2
44 6 2
44 7 8
44 9 9
44 10 9
44 11 3
44 12 7
44 14 8
44 16 4
44 17 3
44 19 3
44 20 7
44 21 8
44 23 3
44 24 3
44 25 4
44 27 4
44 28 8
44 29 3
44 30 1
44 31 9
44 32 8
44 33 8
44 35 5
44 36 10
44 37 2
44 38 1
44 39 4
44 40 9
44 42 6
45 0 6
45 1 1
45 2 3
45 3 3
45 4 3
45 5 3
45 6 9
45 7 2
45 8 6
45 9 8
45 10 7
45 11 4
45 13 4
45 15 10
45 16 5
45 17 9
45 18 10
45 20 1
45 21 8
45 22 9
45 23 3
45 26 6
45 27 9
45 28 2
45 29 8
45 30 5
45 31 4
45 32 3
45 33 10
45 34 6
45 36 4
45 38 8
45 39 2
45 41 1
45 44 2
46 0 3
46 1 1
46 2 7
46 3 4
46 4 9
46 5 4
46 6 4
46 7 8
46 8 6
46 9 4
46 10 9
46 11 9
46 12 8
46 13 2
46 14 5
46 15 7
46 16 5
46 18 9
46 19 9
46 20 1
46 22 3
46 23 2
46 26 2
46 27 7
46 28 9
46 29 9
46 30 2
46 33 9
46 34 5
46 35 1
46 36 6
46 37 7
46 38 1
46 39 5
46 40 4
46 41 1
46 42 7
46 43 6
46 44 8
46 45 10
47 0 3
47 1 9
47 2 9
47 3 10
47 4 1
47 5 1
47 7 2
47 8 5
47 9 7
47 11 8
47 12 1
47 13 5
47 14 3
47 16 2
47 18 3
47 19 2
47 20 4
47 24 1
47 25 9
47 26 5
47 27 10
47 30 3
47 31 3
47 32 5
47 33 7
47 35 2
47 36 2
47 37 1
47 38 8
47 39 3
47 40 7
47 41 6
47 42 3
47 43 6
48 0 2
48 2 9
48 3 5
48 5 2
48 7 5
48 8 3
48 9 7
48 10 8
48 12 10
48 13 7
48 14 3
48 15 4
48 16 3
48 17 10
48 18 6
48 19 8
48 20 8
48 22 9
48 23 5
48 24 9
48 25 3
48 28 7
48 29 4
48 30 10
48 31 7
48 32 3
48 34 9
48 35 6
48 38 6
48 39 4
48 41 6
48 42 1
48 43 4
48 44 9
48 45 8
48 47 7
49 0 5
49 1 2
49 4 10
49 5 2
49 6 2
49 7 1
49 8 6
49 10 3
49 11 3
49 13 3
49 14 4
49 15 6
49 17 8
49 18 6
49 21 3
49 22 3
49 24 6
49 25 10
49 26 1
49 27 4
49 28 1
49 29 9
49 30 8
49 31 4
49 32 3
49 33 4
49 34 7
49 35 8
49 36 6
49 37 3
49 38 8
49 39 2
49 40 6
49 41 2
49 42 7
49 44 10
49 45 8
49 47 5
49 48 3
50 0 4
50 2 7
50 3 8
50 4 8
50 5 3
50 6 5
50 7 2
50 8 5
50 10 3
50 11 9
50 12 7
50 13 7
50 14 4
50 15 1
50 17 3
50 18 3
50 19 4
50 20 7
50 21 7
50 22 5
50 23 10
50 24 8
50 25 3
50 26 2
50 27 8
50 28 4
50 29 3
50 30 6
50 31 1
50 32 7
50 33 8
50 34 10
50 35 2
50 36 3
50 37 3
50 38 10
50 39 8
50 40 9
50 44 9
50 45 3
50 46 4
50 47 3
50 49 1
51 0 2
51 1 2
51 2 1
51 3 1
51 4 7
51 5 4
51 6 7
51 7 7
51 8 1
51 9 3
51 10 7
51 11 7
51 12 6
51 13 9
51 14 9
51 16 5
51 17 10
51 19 5
51 20 1
51 21 1
51 22 8
51 23 9
51 25 7
51 26 10
51 27 10
51 28 2
51 31 6
51 33 9
51 34 5
51 35 10
51 36 10
51 37 9
51 38 8
51 39 5
51 41 3
51 42 9
51 44 10
51 45 8
51 47 6
51 48 2
51 49 1
51 50 3
52 0 5
52 1 8
52 2 7
52 3 1
52 4 5
52 5 7
52 6 2
52 7 2
52 8 3
52 9 10
52 12 1
52 13 6
52 14 7
52 18 1
52 19 7
52 20 7
52 21 10
52 22 3
52 23 3
52 24 5
52 25 7
52 26 1
52 28 9
52 30 5
52 31 8
52 32 5
52 33 2
52 34 4
52 35 6
52 36 3
52 37 5
52 38 10
52 39 9
52 42 6
52 43 3
52 45 7
52 46 6
52 47 8
52 48 1
52 49 1
53 0 2
53 1 10
53 2 8
53 3 6
53 6 4
53 7 2
53 9 7
53 10 1
53 11 4
53 12 1
53 13 5
53 14 6
53 15 5
53 16 4
53 17 1
53 18 6
53 19 6
53 20 9
53 21 3
53 22 6
53 23 3
53 25 2
53 27 1
53 28 2
53 30 6
53 31 2
53 32 7
53 33 3
53 35 2
53 36 10
53 37 1
53 38 6
53 39 7
53 40 2
53 41 1
53 42 9
53 43 1
53 44 6
53 45 3
53 46 6
53 47 10
53 48 2
53 50 7
53 51 4
53 52 10
54 1 6
54 2 7
54 3 8
54 4 3
54 5 8
54 6 8
54 9 7
54 10 5
54 12 4
54 14 3
54 15 9
54 17 1
54 18 6
54 21 9
54 22 3
54 23 6
54 24 2
54 26 10
54 29 7
54 30 1
54 31 9
54 32 7
54 34 10
54 35 4
54 36 8
54 38 3
54 39 6
54 43 2
54 44 9
54 45 2
54 46 2
54 47 4
54 48 9
54 50 5
54 51 3
54 52 3
54 53 7
55 0 4
55 2 8
55 4 6
55 5 3
55 6 5
55 7 5
55 9 10
55 10 10
55 11 4
55 12 9
55 15 7
55 16 5
55 17 3
55 18 4
55 19 3
55 21 9
55 22 7
55 23 9
55 25 9
55 26 7
55 29 6
55 30 9
55 32 7
55 33 3
55 34 8
55 35 4
55 36 5
55 38 8
55 40 9
55 41 1
55 42 10
55 43 5
55 44 5
55 45 10
55 46 6
55 47 9
55 48 4
55 49 6
55 50 9
55 51 10
55 52 5
55 53 5
55 54 7
56 0 9
56 1 8
56 2 10
56 3 1
56 4 7
56 7 7
56 8 10
56 11 1
56 12 6
56 14 1
56 15 10
56 16 3
56 19 9
56 20 7
56 21 8
56 22 7
56 24 8
56 25 3
56 26 10
56 28 3
56 29 4
56 30 2
56 31 10
56 33 4
56 34 8
56 35 1
56 36 10
56 37 5
56 38 5
56 39 7
56 40 7
56 41 1
56 42 5
56 44 4
56 46 6
56 47 2
56 48 4
56 49 10
56 50 9
56 51 6
56 52 8
56 53 4
56 54 10
56 55 5
57 0 4
57 3 8
57 4 10
57 5 7
57 7 4
57 8 1
57 9 8
57 11 7
57 12 5
57 13 1
57 14 7
57 15 2
57 16 2
57 17 6
57 18 7
57 20 7
57 22 6
57 24 5
57 26 2
57 27 4
57 28 1
57 29 3
57 30 3
57 32 8
57 33 5
57 34 8
57 35 8
57 37 7
57 38 10
57 40 3
57 41 7
57 42 2
57 43 2
57 45 1
57 47 4
57 48 1
57 50 5
57 51 2
57 52 8
57 53 3
57 54 3
57 55 8
57 56 3
58 1 10
58 2 10
58 4 7
58 5 8
58 7 5
58 8 5
58 9 6
58 10 4
58 11 2
58 12 1
58 13 9
58 14 7
58 16 1
58 17 3
58 18 8
58 19 7
58 20 7
58 21 10
58 22 5
58 24 5
58 25 7
58 26 4
58 27 1
58 28 9
58 29 8
58 30 8
58 31 1
58 32 1
58 33 4
58 34 4
58 35 9
58 36 3
58 37 6
58 38 7
58 40 6
58 41 8
58 44 4
58 45 6
58 46 7
58 47 9
58 49 2
58 50 3
58 51 4
58 52 1
58 53 3
58 54 5
58 55 10
58 56 9
58 57 6
59 1 7
59 2 1
59 3 6
59 4 9
59 5 1
59 6 8
59 7 5
59 9 8
59 11 8
59 12 5
59 13 8
59 14 1
59 15 9
59 16 4
59 17 5
59 19 7
59 20 3
59 22 2
59 23 9
59 25 5
59 26 1
59 27 3
59 28 7
59 29 6
59 30 6
59 31 9
59 32 6
59 33 5
59 34 5
59 35 2
59 36 10
59 39 5
59 40 7
59 41 6
59 42 2
59 45 3
59 46 2
59 47 7
59 48 9
59 49 9
59 50 4
59 52 5
59 53 10
59 54 1
59 55 9
59 56 2
59 57 6
59 58 5
