40
1 0 6
2 0 10
2 1 9
3 0 2
3 1 6
3 2 6
4 0 4
4 1 1
4 2 5
4 3 2
5 0 6
5 1 9
5 2 8
5 3 2
5 4 4
6 0 10
6 1 8
6 2 5
6 3 1
6 4 5
6 5 3
7 0 2
7 1 9
7 2 8
7 3 8
7 4 6
7 5 10
7 6 2
8 0 2
8 1 3
8 2 5
8 3 2
8 4 8
8 5 4
8 6 8
8 7 2
9 0 6
9 1 6
9 2 7
9 3 2
9 4 6
9 5 8
9 6 9
9 7 5
9 8 2
10 0 6
10 1 8
10 2 5
10 3 6
10 4 5
10 5 9
10 6 9
10 7 9
10 8 3
10 9 3
11 0 4
11 1 7
11 2 1
11 3 4
11 4 6
11 5 5
11 6 2
11 7 1
11 8 9
11 9 3
11 10 6
12 0 5
12 1 5
12 2 7
12 3 8
12 4 5
12 5 10
12 6 9
12 7 8
12 8 1
12 9 9
12 10 6
12 11 10
13 0 1
13 1 1
13 2 8
13 3 9
13 4 5
13 5 2
13 6 3
13 7 6
13 8 3
13 9 4
13 10 9
13 11 10
13 12 6
14 0 6
14 1 2
14 2 4
14 3 5
14 4 7
14 5 1
14 6 5
14 7 4
14 8 3
14 9 6
14 10 5
14 11 6
14 12 8
14 13 6
15 0 4
15 1 6
15 2 3
15 3 3
15 4 6
15 5 5
15 6 6
15 7 10
15 8 10
15 9 4
15 10 5
15 11 1
15 12 4
15 13 9
15 14 9
16 0 3
16 1 6
16 2 1
16 3 6
16 4 2
16 5 2
16 6 10
16 7 7
16 8 1
16 9 10
16 10 10
16 11 4
16 12 4
16 13 10
16 14 6
16 15 6
17 0 1
17 1 1
17 2 10
17 3 8
17 4 1
17 5 6
17 6 8
17 7 6
17 8 10
17 9 10
17 10 7
17 11 2
17 12 5
17 13 4
17 14 5
17 15 1
17 16 4
18 0 1
18 1 9
18 2 5
18 3 7
18 4 9
18 5 5
18 6 1
18 7 10
18 8 1
18 9 6
18 10 5
18 11 6
18 12 5
18 13 6
18 14 4
18 15 1
18 16 6
18 17 1
19 0 7
19 1 1
19 2 4
19 3 8
19 4 2
19 5 6
19 6 1
19 7 6
19 8 10
19 9 5
19 10 8
19 11 10
19 12 1
19 13 2
19 14 1
19 15 5
19 16 7
19 17 9
19 18 7
20 0 3
20 1 2
20 2 5
20 3 1
20 4 1
20 5 4
20 6 5
20 7 5
20 8 8
20 9 2
20 10 8
20 11 8
20 12 9
20 13 7
20 14 10
20 15 4
20 16 2
20 17 4
20 18 1
20 19 10
21 0 3
21 1 6
21 2 1
21 3 8
21 4 10
21 5 3
21 6 7
21 7 3
21 8 10
21 9 8
21 10 6
21 11 4
21 12 1
21 13 10
21 14 7
21 15 5
21 16 1
21 17 1
21 18 8
21 19 5
21 20 2
22 0 4
22 1 10
22 2 10
22 3 9
22 4 10
22 5 10
22 6 4
22 7 10
22 8 1
22 9 3
22 10 1
22 11 7
22 12 1
22 13 4
22 14 2
22 15 1
22 16 1
22 17 6
22 18 1
22 19 2
22 20 4
22 21 8
23 0 8
23 1 2
23 2 9
23 3 7
23 4 7
23 5 4
23 6 9
23 7 7
23 8 8
23 9 1
23 10 6
23 11 1
23 12 1
23 13 6
23 14 3
23 15 4
23 16 6
23 17 5
23 18 7
23 19 8
23 20 9
23 21 6
23 22 8
24 0 7
24 1 10
24 2 8
24 3 7
24 4 10
24 5 7
24 6 3
24 7 3
24 8 5
24 9 6
24 10 2
24 11 1
24 12 6
24 13 6
24 14 7
24 15 7
24 16 9
24 17 1
24 18 3
24 19 10
24 20 7
24 21 9
24 22 7
24 23 2
25 0 3
25 1 10
25 2 6
25 3 5
25 4 7
25 5 3
25 6 10
25 7 9
25 8 8
25 9 3
25 10 7
25 11 5
25 12 10
25 13 9
25 14 1
25 15 7
25 16 3
25 17 2
25 18 2
25 19 7
25 20 7
25 21 10
25 22 3
25 23 1
25 24 7
26 0 10
26 1 9
26 2 5
26 3 2
26 4 1
26 5 4
26 6 4
26 7 2
26 8 5
26 9 8
26 10 7
26 11 6
26 12 7
26 13 5
26 14 1
26 15 9
26 16 7
26 17 1
26 18 2
26 19 1
26 20 7
26 21 1
26 22 3
26 23 10
26 24 7
26 25 7
27 0 9
27 1 4
27 2 7
27 3 6
27 4 3
27 5 8
27 6 10
27 7 7
27 8 7
27 9 6
27 10 3
27 11 8
27 12 5
27 13 6
27 14 6
27 15 6
27 16 7
27 17 7
27 18 9
27 19 6
27 20 3
27 21 4
27 22 10
27 23 3
27 24 9
27 25 4
27 26 1
28 0 10
28 1 6
28 2 3
28 3 6
28 4 7
28 5 10
28 6 9
28 7 10
28 8 10
28 9 8
28 10 4
28 11 7
28 12 4
28 13 6
28 14 8
28 15 6
28 16 3
28 17 4
28 18 8
28 19 5
28 20 1
28 21 1
28 22 1
28 23 9
28 24 7
28 25 10
28 26 9
28 27 1
29 0 6
29 1 3
29 2 10
29 3 5
29 4 3
29 5 9
29 6 5
29 7 2
29 8 3
29 9 9
29 10 7
29 11 2
29 12 4
29 13 10
29 14 2
29 15 7
29 16 7
29 17 9
29 18 8
29 19 3
29 20 7
29 21 7
29 22 5
29 23 10
29 24 1
29 25 3
29 26 7
29 27 10
29 28 2
30 0 5
30 1 7
30 2 4
30 3 9
30 4 7
30 5 4
30 6 8
30 7 2
30 8 4
30 9 10
30 10 5
30 11 3
30 12 8
30 13 6
30 14 3
30 15 7
30 16 7
30 17 3
30 18 6
30 19 2
30 20 9
30 21 7
30 22 2
30 23 5
30 24 2
30 25 3
30 26 10
30 27 10
30 28 6
30 29 5
31 0 4
31 1 9
31 2 9
31 3 9
31 4 4
31 5 4
31 6 6
31 7 6
31 8 5
31 9 7
31 10 6
31 11 1
31 12 7
31 13 9
31 14 6
31 15 6
31 16 7
31 17 8
31 18 3
31 19 2
31 20 9
31 21 1
31 22 2
31 23 2
31 24 10
31 25 8
31 26 7
31 27 7
31 28 6
31 29 3
31 30 9
32 0 2
32 1 6
32 2 9
32 3 4
32 4 10
32 5 7
32 6 9
32 7 2
32 8 3
32 9 7
32 10 1
32 11 3
32 12 8
32 13 1
32 14 3
32 15 2
32 16 5
32 17 10
32 18 2
32 19 4
32 20 1
32 21 2
32 22 9
32 23 3
32 24 2
32 25 1
32 26 7
32 27 8
32 28 4
32 29 7
32 30 8
32 31 3
33 0 4
33 1 4
33 2 1
33 3 2
33 4 2
33 5 2
33 6 9
33 7 2
33 8 1
33 9 8
33 10 7
33 11 7
33 12 10
33 13 4
33 14 4
33 15 4
33 16 10
33 17 6
33 18 2
33 19 9
33 20 3
33 21 8
33 22 7
33 23 3
33 24 5
33 25 10
33 26 3
33 27 2
33 28 1
33 29 1
33 30 1
33 31 5
33 32 6
34 0 4
34 1 6
34 2 2
34 3 2
34 4 4
34 5 1
34 6 5
34 7 6
34 8 10
34 9 2
34 10 8
34 11 6
34 12 6
34 13 5
34 14 2
34 15 4
34 16 10
34 17 2
34 18 1
34 19 6
34 20 3
34 21 3
34 22 1
34 23 7
34 24 4
34 25 1
34 26 8
34 27 3
34 28 9
34 29 7
34 30 1
34 31 9
34 32 6
34 33 1
35 0 4
35 1 6
35 2 2
35 3 10
35 4 6
35 5 4
35 6 8
35 7 2
35 8 3
35 9 1
35 10 7
35 11 7
35 12 8
35 13 3
35 14 9
35 15 9
35 16 8
35 17 5
35 18 10
35 19 6
35 20 9
35 21 3
35 22 2
35 23 6
35 24 9
35 25 6
35 26 2
35 27 3
35 28 4
35 29 4
35 30 1
35 31 7
35 32 8
35 33 10
35 34 2
36 0 6
36 1 5
36 2 6
36 3 2
36 4 4
36 5 7
36 6 8
36 7 9
36 8 10
36 9 10
36 10 4
36 11 7
36 12 3
36 13 7
36 14 3
36 15 1
36 16 3
36 17 3
36 18 10
36 19 9
36 20 3
36 21 3
36 22 8
36 23 5
36 24 6
36 25 8
36 26 2
36 27 9
36 28 1
36 29 10
36 30 10
36 31 3
36 32 10
36 33 3
36 34 8
36 35 7
37 0 10
37 1 9
37 2 2
37 3 1
37 4 5
37 5 1
37 6 9
37 7 2
37 8 9
37 9 3
37 10 3
37 11 7
37 12 7
37 13 9
37 14 8
37 15 6
37 16 9
37 17 4
37 18 2
37 19 9
37 20 10
37 21 9
37 22 6
37 23 3
37 24 1
37 25 7
37 26 8
37 27 10
37 28 1
37 29 10
37 30 1
37 31 5
37 32 7
37 33 8
37 34 9
37 35 6
37 36 6
38 0 3
38 1 3
38 2 10
38 3 9
38 4 2
38 5 10
38 6 2
38 7 10
38 8 2
38 9 2
38 10 2
38 11 4
38 12 5
38 13 5
38 14 1
38 15 2
38 16 7
38 17 3
38 18 7
38 19 1
38 20 6
38 21 6
38 22 3
38 23 4
38 24 6
38 25 3
38 26 7
38 27 7
38 28 8
38 29 9
38 30 7
38 31 9
38 32 7
38 33 3
38 34 7
38 35 3
38 36 10
38 37 8
39 0 2
39 1 4
39 2 3
39 3 1
39 4 4
39 5 4
39 6 10
39 7 1
39 8 7
39 9 7
39 10 7
39 11 6
39 12 4
39 13 3
39 14 7
39 15 7
39 16 6
39 17 3
39 18 6
39 19 5
39 20 5
39 21 2
39 22 9
39 23 9
39 24 3
39 25 6
39 26 4
39 27 8
39 28 9
39 29 1
39 30 1
39 31 1
39 32 8
39 33 5
39 34 2
39 35 5
39 36 4
39 37 9
39 38 3
