20
1 0 65
2 0 73
2 1 118
3 0 149
3 2 7
4 1 139
4 2 110
4 3 129
5 0 82
5 1 58
5 2 8
5 3 8
5 4 8
6 1 74
6 2 158
6 3 124
6 4 142
6 5 81
7 0 9
7 3 54
7 4 112
7 5 42
7 6 53
8 2 149
8 3 25
8 5 83
8 6 73
9 0 89
9 1 20
9 3 9
9 5 28
9 6 122
9 8 47
10 0 89
10 1 38
10 4 123
10 5 149
10 6 120
10 7 108
11 0 158
11 1 134
11 3 27
11 4 75
11 5 47
11 7 38
11 8 150
12 3 54
12 5 71
12 6 66
12 8 10
12 11 88
13 1 134
13 2 31
13 3 25
13 4 18
13 6 156
13 7 139
13 9 30
13 10 37
13 11 117
13 12 86
14 0 68
14 1 31
14 2 90
14 3 134
14 4 15
14 5 32
14 6 25
14 7 123
14 8 26
14 11 160
14 12 98
14 13 111
15 0 87
15 1 13
15 2 44
15 8 38
15 10 2
15 11 80
15 13 125
15 14 111
16 0 20
16 1 121
16 2 25
16 3 82
16 4 117
16 6 3
16 7 145
16 8 157
16 9 82
16 10 2
16 11 123
16 13 123
16 14 76
17 0 133
17 3 160
17 6 35
17 7 8
17 8 107
17 9 53
17 10 110
17 13 160
17 14 39
17 16 155
18 0 41
18 1 159
18 4 153
18 5 149
18 6 147
18 8 156
18 9 35
18 10 7
18 11 131
18 14 142
18 15 68
18 16 124
18 17 103
19 0 141
19 2 106
19 3 26
19 4 145
19 5 87
19 6 30
19 7 93
19 8 120
19 12 149
19 14 76
19 15 14
19 16 21
19 17 33
19 18 159
