50
1 0 11
3 0 1
3 1 13
3 2 8
4 2 12
4 3 2
5 0 19
5 1 15
5 2 11
6 0 14
6 1 12
6 2 3
6 3 3
6 4 4
6 5 4
7 0 6
7 1 1
7 2 10
7 3 4
7 4 20
7 5 15
7 6 13
8 0 7
8 3 7
8 4 8
8 5 16
8 6 12
9 0 7
9 1 7
9 2 19
9 3 1
9 4 3
9 7 16
9 8 15
10 0 4
10 2 9
10 3 16
10 4 4
10 5 2
10 6 18
10 8 13
10 9 5
11 0 18
11 1 5
11 2 19
11 4 2
11 7 5
11 10 18
12 0 6
12 1 1
12 3 4
12 4 11
12 6 2
12 8 13
12 9 20
12 10 18
12 11 19
13 0 7
13 2 4
13 3 18
13 4 16
13 5 6
13 6 20
13 7 1
13 9 12
13 10 16
13 11 17
13 12 19
14 0 14
14 1 4
14 2 9
14 3 20
14 4 8
14 5 10
14 6 7
14 7 17
14 8 16
14 9 15
14 10 13
14 11 15
15 1 8
15 2 10
15 3 8
15 4 19
15 5 17
15 6 6
15 7 11
15 8 15
15 10 15
15 11 11
15 12 9
15 13 11
15 14 5
16 1 3
16 2 11
16 3 9
16 5 3
16 6 11
16 7 13
16 8 6
16 9 7
16 11 4
16 14 1
17 1 2
17 2 19
17 3 20
17 4 7
17 5 18
17 6 19
17 7 6
17 8 1
17 9 2
17 10 13
17 11 6
17 14 2
17 15 19
17 16 8
18 0 20
18 1 5
18 2 12
18 3 19
18 6 20
18 7 14
18 9 2
18 10 8
18 11 14
18 12 6
18 13 18
18 16 5
18 17 15
19 1 6
19 2 10
19 6 20
19 7 14
19 8 1
19 9 16
19 10 19
19 12 3
19 13 2
19 15 1
19 16 13
19 17 11
19 18 4
20 0 9
20 1 2
20 2 18
20 3 12
20 5 8
20 6 8
20 7 13
20 8 18
20 9 17
20 10 17
20 11 8
20 12 8
20 15 17
20 18 15
21 0 6
21 1 4
21 2 1
21 4 9
21 5 3
21 6 9
21 7 8
21 9 16
21 10 14
21 11 4
21 12 16
21 13 10
21 15 2
21 16 6
21 17 14
21 18 19
21 19 20
21 20 10
22 0 6
22 1 12
22 3 5
22 4 18
22 7 7
22 8 19
22 9 12
22 10 8
22 12 3
22 13 4
22 14 13
22 15 11
22 16 11
22 17 2
22 18 8
22 19 16
22 20 3
22 21 4
23 1 10
23 2 4
23 3 3
23 4 20
23 5 16
23 6 18
23 8 13
23 9 10
23 10 13
23 12 16
23 13 3
23 14 4
23 15 13
23 16 20
23 17 3
23 18 15
23 19 8
23 20 8
23 21 7
23 22 13
24 0 9
24 1 4
24 2 18
24 4 4
24 5 3
24 7 13
24 8 20
24 9 14
24 10 17
24 11 13
24 12 6
24 13 14
24 14 15
24 15 5
24 16 19
24 17 10
24 19 9
24 20 5
24 21 8
24 22 14
24 23 8
25 0 16
25 2 4
25 3 18
25 4 6
25 5 12
25 6 4
25 7 1
25 8 14
25 9 3
25 10 2
25 11 10
25 12 20
25 14 10
25 17 18
25 19 15
25 20 11
25 21 11
25 23 14
26 0 12
26 2 14
26 4 4
26 5 18
26 6 16
26 7 1
26 8 8
26 9 9
26 10 20
26 11 19
26 13 6
26 14 1
26 15 18
26 16 7
26 17 10
26 18 2
26 19 16
26 20 17
26 21 7
26 22 13
26 23 3
26 24 3
26 25 13
27 0 13
27 1 12
27 4 13
27 5 20
27 6 2
27 7 16
27 8 14
27 9 5
27 10 19
27 11 8
27 13 12
27 14 2
27 15 11
27 16 11
27 18 8
27 20 16
27 21 19
27 22 12
27 24 14
27 25 15
27 26 17
28 0 5
28 2 11
28 4 20
28 5 7
28 6 4
28 7 12
28 8 4
28 9 9
28 11 3
28 12 11
28 13 7
28 14 4
28 15 2
28 16 12
28 18 4
28 19 5
28 20 13
28 21 6
28 22 10
28 23 19
28 24 17
28 25 16
28 26 7
28 27 13
29 0 6
29 1 12
29 3 20
29 5 10
29 6 13
29 10 17
29 12 15
29 13 11
29 14 6
29 15 4
29 19 2
29 21 3
29 22 14
29 24 19
29 25 10
29 28 20
30 0 2
30 1 13
30 2 11
30 4 7
30 5 11
30 6 17
30 7 6
30 8 18
30 10 3
30 11 12
30 13 1
30 14 12
30 15 12
30 16 13
30 18 3
30 20 15
30 21 10
30 22 8
30 23 19
30 24 4
30 25 17
30 26 8
30 27 13
30 28 19
31 1 9
31 2 15
31 3 9
31 4 8
31 5 8
31 6 6
31 7 18
31 9 14
31 10 14
31 11 2
31 12 1
31 13 16
31 14 7
31 16 13
31 17 17
31 18 6
31 19 10
31 20 14
31 22 18
31 23 7
31 24 20
31 25 5
31 28 18
31 29 15
31 30 20
32 1 15
32 4 14
32 5 2
32 6 17
32 7 5
32 8 18
32 9 20
32 11 6
32 12 12
32 13 8
32 14 3
32 16 4
32 17 7
32 18 1
32 19 20
32 20 6
32 21 1
32 22 15
32 23 5
32 24 16
32 25 7
32 27 5
32 28 19
32 29 2
32 30 18
33 0 5
33 1 20
33 2 20
33 5 3
33 6 2
33 7 2
33 8 10
33 10 9
33 11 14
33 12 1
33 13 11
33 14 4
33 16 13
33 17 19
33 18 15
33 19 13
33 20 9
33 21 6
33 22 6
33 23 5
33 24 8
33 26 18
33 27 18
33 28 20
33 29 1
33 30 15
33 31 7
33 32 17
34 0 12
34 2 12
34 3 5
34 4 5
34 6 19
34 7 12
34 8 15
34 9 18
34 10 15
34 11 9
34 12 12
34 13 8
34 14 17
34 15 18
34 16 4
34 17 8
34 18 15
34 19 6
34 20 12
34 21 14
34 22 7
34 23 3
34 25 4
34 26 12
34 27 1
34 28 12
34 30 12
34 31 15
34 32 19
34 33 6
35 0 16
35 2 20
35 3 12
35 4 12
35 5 1
35 6 10
35 7 7
35 8 13
35 11 1
35 12 14
35 13 20
35 14 15
35 15 7
35 16 8
35 17 8
35 18 3
35 22 1
35 23 4
35 25 14
35 26 7
35 27 3
35 28 13
35 29 4
35 30 16
35 31 3
35 32 9
35 33 11
35 34 1
36 2 4
36 3 1
36 5 2
36 6 5
36 8 19
36 9 12
36 10 19
36 13 18
36 15 16
36 17 9
36 18 17
36 19 12
36 20 2
36 22 10
36 24 2
36 25 20
36 26 18
36 27 17
36 28 10
36 30 14
36 31 10
36 32 17
36 33 18
36 34 12
36 35 15
37 0 6
37 1 9
37 3 3
37 4 2
37 5 15
37 6 1
37 7 6
37 8 9
37 9 19
37 11 4
37 12 15
37 14 5
37 15 8
37 17 11
37 18 1
37 19 5
37 20 11
37 22 5
37 23 17
37 24 9
37 25 13
37 26 17
37 28 8
37 29 1
37 30 10
37 31 4
37 32 10
37 33 12
37 35 11
38 0 5
38 1 1
38 2 3
38 3 3
38 4 4
38 5 13
38 6 13
38 9 6
38 10 6
38 11 2
38 12 8
38 13 14
38 14 16
38 15 5
38 16 10
38 17 1
38 18 10
38 19 7
38 20 7
38 21 8
38 22 3
38 23 10
38 24 4
38 25 8
38 26 7
38 27 11
38 28 7
38 29 2
38 30 9
38 31 20
38 32 13
38 33 11
38 34 6
38 35 7
38 36 8
38 37 13
39 0 10
39 2 10
39 3 18
39 4 9
39 6 18
39 7 2
39 8 10
39 9 19
39 11 10
39 12 8
39 13 16
39 14 12
39 15 14
39 16 19
39 17 9
39 18 14
39 19 6
39 20 13
39 22 10
39 23 2
39 24 3
39 25 17
39 27 6
39 28 6
39 30 6
39 31 1
39 32 16
39 33 1
39 34 2
39 35 9
39 37 2
39 38 7
40 0 16
40 3 12
40 4 18
40 5 4
40 6 10
40 7 1
40 9 15
40 11 13
40 12 1
40 13 4
40 14 10
40 15 4
40 16 16
40 17 13
40 18 19
40 21 5
40 22 11
40 23 14
40 26 15
40 28 14
40 29 4
40 30 19
40 31 4
40 32 20
40 34 8
40 35 10
40 37 15
40 38 16
40 39 11
41 1 15
41 2 2
41 3 14
41 4 6
41 5 3
41 8 4
41 9 2
41 11 4
41 12 7
41 13 15
41 14 2
41 15 13
41 16 14
41 17 3
41 18 5
41 19 9
41 21 1
41 22 13
41 23 8
41 25 15
41 26 16
41 27 17
41 28 12
41 29 9
41 32 11
41 33 1
41 34 5
41 35 14
41 37 3
41 38 11
41 39 4
41 40 11
42 0 4
42 1 14
42 2 5
42 3 7
42 4 10
42 5 3
42 6 4
42 7 2
42 8 16
42 9 10
42 10 15
42 11 7
42 12 19
42 13 9
42 14 15
42 15 18
42 16 18
42 18 11
42 19 4
42 20 6
42 21 5
42 22 10
42 23 18
42 24 13
42 25 11
42 26 5
42 27 3
42 28 17
42 29 5
42 30 18
42 31 11
42 34 8
42 35 3
42 36 5
42 37 11
42 38 11
42 39 20
42 40 8
42 41 6
43 0 10
43 2 12
43 3 4
43 4 17
43 5 13
43 6 13
43 8 4
43 9 12
43 10 20
43 11 17
43 12 1
43 13 7
43 14 17
43 15 3
43 16 16
43 17 5
43 18 7
43 19 11
43 20 4
43 21 11
43 22 16
43 24 1
43 26 3
43 27 14
43 28 12
43 30 17
43 31 12
43 32 17
43 33 4
43 35 18
43 36 3
43 37 15
43 38 6
43 39 12
43 40 9
43 41 12
43 42 16
44 1 9
44 2 2
44 3 3
44 4 10
44 5 15
44 6 11
44 8 15
44 9 8
44 10 7
44 11 9
44 12 2
44 13 3
44 14 19
44 16 15
44 17 5
44 18 17
44 19 3
44 20 19
44 21 3
44 22 6
44 23 6
44 24 1
44 25 13
44 26 12
44 27 19
44 28 12
44 30 19
44 32 15
44 35 18
44 38 13
44 39 4
44 40 14
44 41 15
44 42 14
45 0 2
45 1 12
45 3 5
45 4 1
45 7 6
45 8 17
45 9 2
45 10 2
45 11 8
45 12 4
45 13 15
45 14 3
45 15 1
45 16 9
45 17 12
45 18 1
45 20 15
45 21 6
45 23 13
45 24 8
45 25 4
45 26 5
45 27 15
45 29 2
45 30 6
45 31 5
45 32 19
45 33 6
45 34 14
45 35 6
45 36 18
45 37 5
45 38 7
45 39 3
45 41 3
45 42 7
45 44 14
46 0 10
46 1 5
46 2 13
46 4 11
46 6 1
46 9 5
46 10 13
46 11 7
46 12 2
46 13 13
46 15 10
46 16 3
46 17 17
46 18 12
46 19 8
46 21 17
46 23 1
46 24 11
46 26 6
46 27 18
46 28 4
46 30 17
46 31 16
46 33 20
46 34 6
46 35 13
46 36 16
46 37 8
46 38 20
46 39 7
46 40 4
46 41 9
46 43 6
47 0 9
47 1 4
47 4 20
47 5 11
47 6 14
47 7 15
47 8 17
47 10 9
47 11 15
47 12 1
47 13 12
47 14 16
47 15 10
47 16 2
47 17 11
47 19 3
47 20 3
47 23 6
47 24 20
47 25 16
47 26 11
47 27 7
47 28 10
47 29 7
47 31 15
47 32 15
47 34 3
47 35 16
47 36 8
47 37 4
47 38 14
47 39 15
47 41 5
47 42 11
47 43 10
47 44 20
47 45 16
47 46 18
48 0 12
48 1 9
48 2 15
48 4 11
48 5 17
48 6 8
48 7 5
48 8 9
48 9 15
48 10 19
48 11 16
48 13 1
48 14 6
48 15 19
48 16 12
48 17 15
48 18 11
48 19 1
48 20 15
48 21 12
48 22 18
48 23 10
48 24 11
48 25 9
48 26 18
48 27 6
48 28 11
48 29 14
48 30 19
48 31 6
48 33 7
48 34 16
48 35 4
48 36 20
48 37 16
48 38 9
48 39 20
48 41 10
48 42 16
48 43 19
48 44 4
48 47 4
49 0 5
49 2 1
49 3 10
49 4 19
49 5 1
49 6 10
49 7 5
49 8 10
49 9 11
49 10 4
49 11 15
49 12 1
49 14 20
49 15 6
49 16 2
49 17 19
49 18 1
49 19 1
49 20 14
49 21 5
49 23 8
49 24 10
49 25 3
49 26 20
49 27 14
49 30 2
49 31 14
49 32 11
49 33 5
49 34 15
49 35 17
49 36 13
49 37 7
49 38 7
49 39 17
49 41 16
49 42 14
49 43 19
49 44 4
49 45 12
49 46 15
49 47 1
49 48 9
