50
3 2 160
4 3 64
5 2 23
5 4 120
6 0 138
6 4 156
7 2 33
7 3 79
7 6 97
8 0 25
8 4 52
9 1 77
9 2 96
9 3 159
10 1 129
10 4 155
10 5 124
10 7 53
11 1 17
11 2 38
11 3 128
11 7 64
11 10 59
12 1 97
12 6 127
12 8 151
12 11 57
13 2 96
13 6 73
13 9 94
13 10 54
14 0 46
14 1 119
14 4 128
14 6 36
14 8 59
14 9 126
14 13 123
15 0 88
15 4 125
15 8 30
15 13 47
16 0 106
16 9 90
16 11 21
16 12 22
17 2 76
17 5 149
17 7 2
17 8 11
17 9 39
18 5 137
18 11 7
19 1 130
19 12 47
19 15 102
19 16 153
19 18 147
20 3 139
20 8 10
20 9 79
20 14 20
21 1 120
21 2 63
21 6 13
21 10 89
21 14 108
21 17 99
21 20 30
22 1 96
22 5 16
22 6 36
22 7 88
22 9 46
22 21 146
23 0 22
23 4 114
23 5 151
23 14 160
23 16 46
24 2 99
24 8 121
24 9 129
24 13 20
24 17 114
24 20 159
24 22 98
25 1 75
25 15 60
25 16 137
25 19 75
25 20 156
25 23 25
26 3 85
26 4 85
26 7 16
26 11 6
26 15 17
26 22 67
27 1 13
27 2 122
27 9 120
27 10 115
27 11 85
27 13 26
27 22 3
27 23 146
27 26 62
28 16 27
28 18 105
28 24 118
28 26 4
28 27 4
29 4 11
29 5 147
29 11 151
29 15 138
29 16 158
29 23 10
29 24 142
29 26 8
30 3 50
30 7 30
30 9 150
30 10 83
30 18 39
30 20 114
30 26 40
31 0 77
31 2 56
31 5 1
31 7 37
31 11 123
31 18 132
31 24 104
31 25 27
32 3 141
32 4 81
32 5 124
32 15 13
32 16 110
32 17 68
32 25 101
32 28 86
32 29 28
33 2 79
33 3 144
33 5 73
33 7 57
33 9 40
33 25 73
33 26 15
33 28 26
34 13 57
34 14 24
34 15 125
34 18 121
34 21 70
34 27 13
34 31 106
34 32 126
35 0 149
35 1 9
35 3 52
35 6 131
35 14 79
35 15 65
35 18 119
35 20 115
35 21 107
35 23 92
35 28 29
35 29 42
35 30 91
35 33 130
36 0 27
36 5 50
36 11 113
36 14 40
36 19 143
36 20 93
36 23 75
36 25 1
36 26 78
36 30 137
36 31 84
37 0 27
37 1 52
37 3 1
37 8 134
37 14 137
37 19 115
37 21 148
37 22 78
37 30 94
37 33 22
38 5 24
38 6 160
38 8 117
38 10 115
38 12 102
38 14 77
38 16 155
38 18 44
38 19 34
38 20 80
38 25 51
38 26 4
38 27 67
38 32 17
38 36 99
39 6 77
39 11 53
39 12 151
39 13 151
39 14 45
39 16 68
39 20 75
39 22 78
39 23 149
39 25 33
39 28 28
39 30 139
39 33 81
39 34 126
39 35 105
39 36 107
40 5 21
40 6 107
40 9 7
40 10 62
40 11 76
40 13 52
40 23 29
40 25 26
40 30 53
40 33 72
40 37 64
40 39 37
41 0 76
41 3 96
41 8 64
41 16 87
41 19 70
41 20 35
41 21 3
41 22 8
41 30 122
41 32 26
41 33 57
41 35 43
41 37 159
42 1 131
42 4 132
42 7 62
42 9 105
42 11 32
42 12 88
42 13 139
42 15 95
42 16 149
42 17 129
42 22 95
42 24 19
42 27 12
42 30 115
42 34 143
42 37 43
43 0 46
43 2 58
43 12 74
43 15 15
43 21 160
43 26 77
43 27 127
43 29 17
43 31 43
43 33 93
43 35 10
43 38 58
43 39 35
43 40 7
43 42 40
44 0 91
44 1 97
44 5 124
44 11 155
44 13 37
44 14 67
44 21 50
44 23 99
44 25 132
44 28 134
44 30 6
44 33 111
44 35 148
44 37 159
44 38 12
44 40 21
44 43 9
45 3 132
45 5 128
45 7 132
45 11 116
45 12 115
45 14 136
45 16 132
45 23 19
45 24 47
45 28 43
45 30 82
45 31 79
45 33 70
45 34 148
45 35 159
45 40 160
45 41 98
45 43 86
46 3 128
46 8 101
46 10 62
46 13 130
46 15 25
46 17 117
46 20 97
46 26 151
46 28 62
46 34 115
46 36 139
46 37 94
46 39 141
46 45 154
47 1 11
47 10 62
47 11 137
47 12 158
47 14 106
47 16 156
47 18 152
47 21 30
47 24 85
47 28 147
47 29 74
47 32 58
47 33 156
47 35 16
47 39 100
47 41 41
48 5 71
48 6 134
48 9 62
48 16 132
48 19 155
48 20 124
48 22 115
48 29 118
48 33 107
48 34 145
48 40 58
48 45 20
48 47 81
49 2 43
49 4 82
49 8 72
49 9 118
49 12 75
49 16 1
49 20 149
49 21 2
49 22 18
49 25 26
49 28 124
49 31 61
49 32 135
49 39 84
49 43 64
