70
1 0 5
2 0 11
3 0 4
3 1 16
3 2 15
4 0 8
4 1 15
4 2 13
4 3 26
5 0 26
5 1 16
5 2 10
5 3 28
6 0 22
6 1 26
6 3 38
6 4 7
6 5 33
7 0 28
7 1 12
7 2 27
7 4 40
7 5 2
7 6 29
8 0 8
8 1 22
8 2 24
8 3 17
8 4 35
8 5 37
8 6 34
9 0 9
9 1 30
9 2 40
9 3 11
9 4 21
9 6 31
10 2 25
10 4 1
10 5 3
10 6 4
10 7 18
10 9 19
11 0 35
11 1 32
11 3 35
11 4 4
11 5 16
11 6 25
11 7 26
11 8 25
11 10 13
12 0 23
12 1 40
12 2 18
12 3 28
12 4 17
12 5 39
12 6 34
12 7 34
12 8 29
12 9 26
12 10 20
12 11 31
13 0 2
13 1 29
13 2 1
13 3 6
13 4 35
13 5 20
13 6 16
13 7 31
13 8 26
13 9 31
13 11 35
13 12 11
14 0 32
14 1 23
14 2 24
14 3 31
14 4 23
14 5 3
14 6 14
14 7 17
14 8 2
14 9 17
14 11 19
14 12 30
14 13 10
15 2 26
15 4 32
15 5 24
15 6 21
15 7 36
15 8 40
15 9 34
15 10 26
15 11 17
15 14 34
16 0 36
16 1 38
16 2 17
16 4 1
16 5 31
16 6 8
16 7 34
16 10 8
16 11 9
16 12 35
16 13 16
16 14 39
16 15 8
17 0 38
17 1 24
17 2 14
17 3 26
17 5 7
17 6 13
17 7 33
17 8 32
17 9 26
17 10 7
17 11 18
17 12 31
17 13 31
17 15 20
17 16 33
18 1 21
18 2 39
18 4 2
18 5 13
18 6 38
18 7 40
18 8 7
18 9 40
18 11 39
18 12 5
18 14 33
18 15 28
18 16 13
18 17 28
19 0 19
19 1 22
19 3 11
19 5 7
19 6 13
19 7 2
19 8 7
19 9 24
19 10 27
19 11 1
19 13 13
19 14 16
19 15 40
19 16 30
19 17 29
20 1 39
20 3 14
20 4 37
20 5 6
20 6 3
20 8 34
20 9 3
20 10 20
20 11 32
20 12 19
20 13 30
20 14 20
20 15 31
20 19 9
21 0 39
21 1 14
21 2 27
21 4 33
21 6 32
21 7 15
21 8 37
21 9 9
21 10 8
21 11 14
21 12 29
21 13 25
21 14 18
21 15 30
21 16 14
21 17 36
21 18 26
21 19 4
22 0 11
22 2 6
22 3 21
22 5 3
22 7 1
22 8 24
22 9 26
22 10 1
22 11 33
22 12 39
22 13 21
22 14 21
22 16 2
22 17 13
22 18 39
22 19 40
22 20 8
22 21 31
23 0 29
23 2 35
23 3 4
23 4 29
23 5 40
23 6 4
23 7 35
23 8 35
23 9 29
23 10 16
23 11 17
23 12 3
23 13 38
23 15 6
23 16 28
23 17 20
23 18 32
23 19 4
23 20 37
23 21 34
23 22 33
24 0 22
24 3 12
24 4 40
24 7 29
24 8 16
24 9 6
24 10 37
24 11 12
24 12 37
24 14 3
24 15 19
24 16 11
24 17 1
24 18 28
24 19 27
24 20 26
24 21 15
24 22 1
24 23 39
25 0 13
25 1 33
25 2 25
25 3 30
25 5 12
25 7 28
25 8 17
25 9 29
25 10 17
25 11 25
25 14 29
25 15 4
25 18 4
25 20 6
25 21 10
25 24 40
26 0 18
26 1 39
26 2 20
26 3 31
26 7 35
26 8 14
26 9 17
26 10 12
26 11 17
26 13 1
26 14 3
26 15 30
26 17 11
26 19 25
26 21 24
26 22 40
26 23 16
26 24 12
27 0 21
27 1 4
27 2 27
27 3 26
27 4 32
27 6 28
27 7 39
27 9 27
27 10 20
27 13 21
27 14 34
27 15 36
27 17 14
27 18 3
27 19 11
27 20 21
27 21 18
27 22 25
27 23 5
27 24 34
27 25 35
27 26 35
28 0 37
28 1 2
28 2 25
28 4 33
28 5 29
28 7 33
28 8 37
28 9 35
28 10 40
28 12 14
28 15 14
28 16 16
28 19 7
28 21 6
28 22 7
28 23 14
28 24 40
28 25 8
28 26 35
28 27 11
29 0 3
29 2 20
29 3 16
29 4 11
29 5 11
29 8 3
29 9 6
29 11 33
29 13 6
29 14 25
29 15 28
29 17 39
29 18 24
29 19 39
29 20 25
29 21 36
29 22 20
29 24 8
29 25 8
29 26 36
29 27 30
29 28 28
30 2 16
30 3 27
30 4 16
30 5 31
30 6 8
30 7 16
30 8 23
30 12 24
30 15 2
30 17 33
30 18 11
30 20 10
30 21 20
30 22 17
30 23 32
30 24 14
30 25 3
30 26 16
30 27 5
30 28 4
30 29 25
31 0 22
31 1 28
31 2 20
31 3 37
31 4 31
31 6 14
31 7 1
31 8 10
31 9 5
31 11 14
31 12 2
31 15 5
31 16 36
31 17 9
31 18 11
31 19 9
31 22 29
31 23 8
31 26 33
31 27 31
31 28 28
31 30 21
32 0 27
32 1 14
32 2 1
32 3 6
32 4 22
32 5 7
32 8 38
32 10 31
32 11 20
32 12 13
32 13 32
32 14 17
32 15 19
32 16 32
32 17 28
32 18 12
32 19 22
32 20 18
32 22 6
32 23 40
32 25 9
32 26 29
32 27 39
32 28 10
32 29 3
32 30 20
32 31 6
33 0 19
33 3 12
33 4 24
33 5 14
33 6 18
33 7 24
33 8 31
33 9 12
33 10 24
33 11 37
33 12 33
33 13 39
33 17 16
33 18 26
33 19 1
33 20 22
33 21 35
33 22 24
33 23 33
33 24 8
33 25 37
33 26 11
33 27 40
33 28 4
33 29 31
33 30 10
33 31 35
33 32 23
34 0 30
34 1 9
34 3 18
34 4 19
34 5 6
34 6 38
34 7 10
34 8 27
34 10 29
34 11 16
34 12 31
34 13 3
34 14 19
34 15 4
34 16 14
34 17 35
34 18 40
34 19 10
34 21 2
34 22 29
34 23 1
34 24 12
34 25 35
34 28 17
34 29 30
34 30 23
34 31 1
34 32 18
34 33 18
35 0 22
35 1 17
35 2 37
35 3 33
35 4 11
35 5 11
35 6 35
35 7 29
35 8 1
35 9 3
35 10 15
35 12 37
35 13 23
35 14 35
35 15 28
35 16 12
35 17 16
35 18 38
35 20 10
35 21 25
35 22 32
35 23 32
35 25 4
35 26 20
35 27 12
35 29 29
35 30 29
35 32 15
35 33 19
35 34 9
36 0 6
36 1 27
36 2 38
36 3 32
36 4 15
36 5 29
36 6 3
36 7 21
36 8 31
36 9 30
36 10 14
36 12 14
36 13 35
36 14 1
36 15 36
36 17 23
36 18 13
36 20 15
36 21 25
36 22 34
36 23 14
36 24 18
36 25 25
36 26 38
36 27 25
36 28 29
36 30 33
36 31 39
36 32 1
36 33 15
36 34 20
36 35 23
37 1 9
37 2 17
37 3 23
37 4 31
37 5 2
37 6 30
37 7 28
37 8 1
37 9 35
37 12 28
37 13 36
37 14 19
37 15 21
37 16 23
37 17 32
37 18 35
37 19 2
37 20 14
37 21 10
37 23 8
37 25 10
37 26 1
37 27 4
37 28 11
37 29 37
37 30 20
37 31 16
37 32 26
37 35 34
37 36 31
38 3 30
38 4 31
38 6 15
38 7 27
38 9 39
38 11 12
38 12 19
38 14 25
38 15 32
38 16 39
38 17 34
38 18 3
38 19 13
38 20 15
38 21 10
38 22 38
38 24 19
38 25 11
38 26 36
38 27 21
38 29 1
38 30 18
38 31 24
38 32 2
38 33 5
38 34 40
38 35 29
38 36 24
38 37 32
39 0 4
39 1 22
39 2 28
39 3 30
39 4 31
39 5 11
39 6 40
39 7 13
39 9 20
39 10 2
39 11 23
39 12 23
39 14 13
39 15 37
39 17 37
39 18 40
39 19 33
39 20 18
39 21 8
39 22 24
39 23 6
39 24 3
39 26 10
39 27 14
39 28 10
39 29 39
39 30 14
39 31 2
39 32 21
39 33 7
39 34 27
39 35 6
39 36 26
39 38 3
40 1 6
40 2 17
40 3 19
40 4 39
40 5 31
40 6 21
40 7 4
40 8 7
40 9 34
40 10 12
40 11 36
40 14 5
40 15 17
40 16 18
40 17 40
40 18 17
40 20 39
40 21 5
40 22 32
40 23 28
40 28 11
40 29 12
40 30 28
40 31 18
40 32 23
40 33 2
40 34 4
40 35 40
40 37 11
40 39 26
41 0 4
41 1 28
41 2 25
41 3 36
41 5 1
41 8 10
41 9 12
41 10 13
41 11 40
41 12 33
41 14 27
41 15 19
41 16 3
41 17 23
41 18 19
41 19 1
41 20 40
41 21 14
41 22 23
41 24 40
41 25 2
41 27 22
41 28 40
41 29 38
41 32 34
41 35 2
41 36 17
41 38 28
41 39 32
41 40 28
42 0 28
42 1 30
42 2 12
42 3 5
42 4 5
42 6 33
42 7 12
42 8 38
42 9 11
42 10 5
42 11 21
42 12 39
42 13 2
42 14 33
42 15 27
42 16 33
42 17 33
42 18 35
42 19 6
42 21 17
42 22 33
42 23 34
42 24 28
42 26 12
42 28 17
42 29 24
42 31 1
42 32 13
42 34 21
42 35 28
42 37 17
42 38 19
42 39 39
42 40 25
42 41 14
43 1 24
43 3 6
43 4 35
43 6 4
43 7 5
43 9 31
43 12 34
43 13 16
43 14 17
43 16 8
43 17 3
43 18 9
43 19 21
43 20 40
43 21 25
43 22 19
43 23 37
43 24 10
43 28 19
43 29 4
43 31 18
43 32 38
43 33 20
43 35 24
43 37 19
43 38 26
43 40 38
43 41 5
43 42 31
44 0 30
44 1 5
44 2 23
44 3 24
44 4 2
44 5 8
44 7 13
44 8 31
44 9 21
44 11 13
44 12 36
44 13 27
44 14 20
44 15 7
44 16 9
44 17 27
44 20 1
44 21 21
44 22 3
44 23 18
44 25 12
44 26 39
44 28 40
44 31 34
44 32 12
44 33 4
44 35 38
44 36 32
44 38 25
44 40 40
44 41 35
44 42 20
44 43 32
45 0 26
45 1 4
45 2 14
45 4 33
45 5 40
45 6 18
45 7 26
45 8 34
45 9 27
45 10 14
45 11 7
45 12 34
45 13 10
45 15 31
45 16 31
45 17 3
45 20 40
45 22 29
45 26 14
45 27 7
45 28 27
45 30 37
45 31 32
45 33 12
45 34 36
45 35 31
45 36 29
45 37 30
45 38 29
45 40 12
45 41 35
45 42 16
45 44 11
46 0 20
46 1 5
46 3 30
46 5 10
46 6 2
46 8 25
46 9 18
46 10 29
46 11 21
46 12 35
46 13 15
46 14 22
46 15 21
46 16 27
46 17 15
46 18 18
46 20 39
46 21 10
46 22 14
46 23 2
46 25 1
46 26 39
46 27 24
46 28 16
46 29 11
46 30 8
46 31 30
46 33 13
46 34 5
46 35 31
46 36 8
46 37 3
46 38 4
46 39 33
46 40 33
46 41 35
46 42 34
46 43 2
46 44 13
46 45 38
47 0 18
47 1 17
47 2 28
47 4 24
47 5 5
47 6 39
47 9 27
47 10 17
47 11 37
47 13 36
47 15 34
47 16 9
47 17 1
47 19 32
47 21 33
47 22 19
47 23 9
47 25 34
47 26 34
47 28 4
47 29 20
47 30 36
47 31 7
47 32 22
47 33 15
47 34 13
47 36 26
47 38 5
47 40 25
47 41 40
47 43 26
47 45 18
48 0 19
48 1 36
48 4 15
48 5 10
48 6 40
48 7 40
48 8 30
48 10 35
48 11 1
48 13 3
48 15 26
48 16 22
48 18 13
48 19 30
48 20 8
48 21 2
48 22 6
48 23 38
48 24 29
48 25 33
48 26 10
48 27 19
48 28 11
48 29 7
48 30 3
48 31 38
48 32 20
48 33 29
48 34 29
48 35 36
48 36 14
48 37 8
48 38 5
48 39 27
48 40 21
48 42 3
48 45 28
48 47 11
49 0 3
49 1 15
49 2 11
49 3 22
49 4 37
49 5 37
49 6 21
49 7 39
49 8 30
49 9 8
49 10 35
49 12 14
49 13 21
49 14 30
49 15 16
49 20 34
49 21 11
49 22 22
49 23 36
49 24 1
49 25 24
49 26 22
49 27 2
49 28 1
49 29 38
49 30 38
49 31 33
49 32 32
49 33 17
49 35 40
49 36 20
49 37 9
49 38 7
49 39 40
49 41 38
49 43 40
49 44 40
49 45 31
49 46 30
49 47 5
49 48 7
50 1 16
50 2 12
50 3 3
50 4 4
50 5 26
50 7 5
50 8 19
50 9 28
50 10 33
50 11 1
50 12 7
50 13 22
50 14 20
50 15 5
50 17 19
50 18 15
50 26 36
50 28 17
50 29 11
50 32 28
50 33 34
50 34 16
50 35 34
50 36 39
50 37 26
50 39 9
50 42 34
50 43 15
50 44 26
50 46 29
50 47 40
50 48 39
50 49 7
51 0 20
51 1 22
51 2 29
51 3 15
51 4 21
51 5 29
51 7 5
51 9 29
51 11 25
51 12 23
51 13 22
51 14 40
51 15 31
51 17 5
51 18 40
51 19 31
51 20 22
51 21 26
51 22 33
51 23 20
51 24 4
51 25 7
51 26 33
51 27 9
51 28 6
51 29 39
51 30 30
51 31 1
51 33 20
51 34 4
51 35 14
51 36 5
51 38 28
51 39 28
51 40 27
51 41 3
51 42 3
51 43 27
51 45 6
51 46 10
51 47 11
51 48 38
51 49 13
51 50 20
52 0 35
52 1 27
52 3 10
52 4 26
52 6 7
52 9 29
52 11 6
52 12 15
52 13 10
52 14 11
52 15 13
52 16 24
52 20 15
52 21 22
52 22 34
52 23 39
52 24 15
52 25 11
52 26 23
52 27 24
52 28 35
52 29 19
52 31 28
52 32 17
52 34 39
52 35 11
52 36 5
52 38 38
52 39 3
52 40 29
52 41 33
52 42 17
52 43 20
52 46 28
52 47 18
52 48 22
52 49 18
52 50 36
52 51 1
53 1 9
53 2 36
53 3 14
53 4 4
53 5 31
53 6 12
53 7 3
53 9 31
53 10 23
53 11 8
53 12 26
53 13 40
53 14 6
53 15 24
53 16 7
53 17 16
53 18 8
53 19 2
53 21 16
53 22 34
53 24 25
53 25 14
53 26 5
53 27 13
53 28 7
53 29 3
53 30 26
53 31 19
53 32 38
53 33 2
53 34 12
53 35 8
53 37 2
53 38 23
53 39 29
53 40 26
53 41 8
53 42 30
53 43 40
53 44 37
53 45 27
53 46 21
53 47 31
53 49 21
53 50 14
53 51 10
53 52 25
54 0 23
54 1 23
54 3 23
54 4 10
54 5 2
54 7 12
54 8 36
54 9 27
54 10 23
54 11 26
54 12 33
54 13 39
54 14 40
54 16 2
54 17 32
54 18 30
54 19 2
54 20 39
54 21 40
54 23 33
54 24 30
54 26 14
54 27 39
54 28 30
54 29 29
54 30 1
54 31 7
54 32 33
54 35 10
54 36 24
54 37 4
54 38 2
54 39 26
54 40 19
54 42 3
54 43 32
54 44 38
54 45 27
54 46 37
54 47 22
54 49 31
54 51 39
54 52 34
54 53 19
55 0 37
55 1 19
55 5 22
55 6 2
55 7 18
55 8 17
55 9 28
55 10 39
55 11 11
55 12 33
55 13 27
55 14 18
55 15 19
55 17 11
55 20 32
55 21 31
55 22 30
55 23 29
55 24 22
55 25 10
55 26 23
55 27 7
55 28 30
55 29 7
55 30 14
55 31 40
55 32 18
55 33 23
55 34 20
55 35 34
55 37 27
55 38 15
55 39 25
55 42 20
55 43 19
55 44 22
55 45 19
55 47 13
55 48 38
55 51 11
55 52 16
55 53 17
55 54 39
56 0 34
56 1 9
56 2 29
56 3 9
56 4 14
56 6 30
56 7 7
56 8 29
56 9 10
56 10 3
56 11 8
56 12 1
56 13 34
56 14 24
56 15 37
56 16 14
56 17 33
56 18 21
56 19 4
56 20 33
56 21 1
56 22 31
56 23 6
56 24 30
56 25 15
56 26 20
56 27 14
56 28 32
56 29 4
56 30 32
56 31 6
56 32 34
56 33 6
56 34 16
56 35 24
56 37 35
56 38 8
56 39 30
56 40 36
56 41 36
56 42 18
56 43 33
56 45 25
56 47 9
56 48 28
56 49 12
56 50 6
56 52 9
56 53 33
56 54 28
56 55 39
57 1 20
57 2 32
57 3 29
57 4 25
57 5 39
57 6 30
57 7 10
57 9 38
57 10 31
57 11 10
57 13 8
57 14 14
57 15 37
57 16 35
57 17 26
57 18 4
57 19 1
57 20 28
57 21 34
57 22 5
57 23 23
57 24 10
57 25 26
57 26 14
57 27 25
57 28 36
57 29 39
57 30 14
57 31 5
57 32 22
57 33 11
57 34 34
57 35 16
57 36 34
57 37 29
57 39 30
57 40 40
57 41 10
57 44 24
57 45 23
57 46 37
57 47 20
57 48 37
57 49 38
57 50 15
57 51 24
57 52 19
57 53 18
57 56 22
58 1 24
58 2 19
58 4 34
58 5 10
58 6 26
58 7 3
58 8 37
58 9 18
58 10 36
58 11 8
58 14 19
58 15 9
58 17 40
58 18 31
58 19 31
58 20 2
58 21 5
58 22 37
58 23 13
58 24 7
58 25 37
58 26 8
58 27 27
58 28 39
58 29 11
58 30 1
58 31 23
58 32 37
58 33 13
58 34 34
58 36 35
58 38 17
58 39 35
58 41 14
58 42 20
58 43 3
58 44 12
58 45 39
58 47 21
58 48 12
58 49 40
58 50 20
58 54 20
58 55 14
58 56 9
58 57 24
59 0 23
59 1 8
59 2 19
59 3 38
59 4 7
59 6 22
59 7 7
59 9 33
59 10 16
59 12 27
59 13 20
59 15 18
59 16 6
59 18 25
59 19 2
59 20 23
59 21 17
59 22 30
59 23 12
59 25 20
59 26 9
59 28 11
59 29 29
59 31 20
59 35 32
59 36 19
59 37 8
59 38 3
59 39 1
59 40 36
59 41 33
59 43 5
59 44 29
59 45 3
59 46 11
59 47 23
59 48 1
59 49 9
59 50 27
59 51 4
59 52 39
59 54 10
59 55 29
59 56 38
59 57 30
59 58 33
60 0 38
60 1 6
60 2 2
60 3 5
60 4 34
60 5 33
60 6 7
60 7 35
60 8 24
60 9 14
60 11 16
60 12 40
60 13 23
60 14 19
60 15 13
60 17 14
60 18 25
60 21 9
60 22 4
60 23 19
60 24 31
60 25 18
60 27 14
60 28 12
60 30 10
60 31 10
60 33 33
60 34 4
60 35 4
60 36 9
60 37 23
60 38 10
60 39 40
60 40 12
60 42 24
60 43 23
60 44 21
60 45 15
60 46 16
60 48 7
60 49 35
60 50 21
60 51 26
60 52 11
60 53 7
60 54 29
60 55 38
60 56 1
60 57 13
60 59 25
61 0 24
61 1 28
61 2 17
61 3 26
61 4 28
61 5 28
61 7 40
61 8 27
61 9 12
61 10 30
61 11 25
61 12 32
61 13 19
61 14 21
61 15 28
61 16 28
61 17 25
61 19 24
61 20 5
61 21 29
61 22 37
61 23 4
61 24 33
61 25 28
61 26 39
61 28 22
61 29 16
61 32 40
61 33 12
61 34 32
61 36 20
61 38 14
61 39 22
61 40 38
61 41 13
61 43 8
61 44 1
61 45 26
61 46 21
61 47 30
61 48 1
61 50 6
61 51 10
61 53 8
61 55 22
61 56 9
61 57 34
61 58 23
61 59 4
61 60 25
62 0 30
62 2 40
62 3 3
62 4 3
62 9 36
62 10 39
62 11 21
62 12 6
62 13 26
62 14 38
62 16 32
62 18 2
62 19 15
62 20 2
62 21 28
62 22 17
62 23 28
62 25 3
62 26 31
62 27 37
62 28 15
62 30 29
62 31 15
62 32 27
62 34 14
62 35 11
62 36 24
62 37 40
62 38 25
62 39 11
62 40 19
62 41 11
62 42 12
62 43 3
62 44 19
62 45 28
62 46 33
62 49 6
62 51 13
62 53 32
62 54 22
62 55 39
62 56 8
62 58 16
62 59 20
62 60 4
62 61 6
63 1 36
63 2 8
63 4 18
63 5 17
63 6 5
63 7 37
63 8 16
63 9 23
63 10 28
63 12 17
63 13 6
63 15 3
63 16 11
63 18 18
63 19 16
63 20 30
63 21 13
63 22 8
63 23 25
63 24 26
63 25 31
63 26 17
63 28 20
63 29 31
63 31 3
63 33 27
63 35 40
63 36 19
63 38 34
63 40 20
63 41 21
63 42 31
63 43 16
63 44 27
63 46 29
63 47 38
63 48 24
63 52 30
63 53 5
63 57 2
63 58 36
63 59 15
63 60 22
63 61 39
63 62 3
64 0 13
64 1 3
64 2 35
64 4 36
64 5 18
64 6 28
64 7 2
64 8 2
64 9 39
64 10 10
64 12 18
64 13 26
64 14 13
64 16 32
64 18 10
64 19 4
64 20 11
64 21 25
64 22 5
64 23 20
64 24 1
64 26 8
64 27 34
64 28 13
64 29 28
64 30 15
64 31 20
64 33 34
64 35 3
64 36 29
64 39 22
64 40 22
64 41 18
64 42 21
64 43 11
64 44 36
64 45 2
64 47 11
64 48 13
64 49 1
64 50 25
64 51 32
64 52 6
64 53 21
64 54 14
64 55 37
64 56 11
64 57 40
64 58 20
64 59 27
64 60 19
64 61 18
64 63 19
65 0 1
65 1 5
65 3 7
65 4 10
65 5 34
65 6 2
65 7 18
65 9 22
65 11 37
65 12 15
65 14 36
65 15 34
65 16 29
65 17 40
65 18 29
65 19 22
65 20 18
65 21 24
65 23 2
65 24 37
65 25 21
65 26 32
65 27 16
65 28 4
65 29 12
65 31 13
65 32 18
65 33 8
65 34 29
65 35 14
65 36 20
65 37 27
65 38 11
65 39 20
65 40 32
65 41 7
65 42 14
65 43 17
65 44 9
65 45 40
65 47 26
65 48 20
65 49 4
65 51 31
65 52 11
65 53 34
65 54 7
65 55 25
65 56 27
65 57 22
65 59 4
65 60 33
65 61 13
65 62 9
65 63 18
65 64 25
66 1 39
66 2 25
66 3 36
66 6 5
66 8 14
66 9 10
66 10 40
66 12 27
66 13 7
66 14 6
66 15 11
66 17 24
66 18 32
66 19 10
66 20 6
66 21 5
66 22 9
66 23 28
66 24 34
66 25 32
66 26 16
66 27 14
66 28 17
66 29 8
66 30 8
66 31 5
66 32 23
66 33 33
66 34 38
66 35 40
66 36 4
66 37 33
66 38 25
66 39 28
66 40 38
66 42 31
66 43 38
66 44 8
66 45 3
66 46 37
66 47 37
66 48 5
66 51 35
66 52 23
66 53 19
66 54 28
66 56 28
66 58 24
66 59 34
66 60 9
66 63 38
66 64 3
66 65 11
67 0 26
67 1 22
67 3 19
67 4 35
67 5 23
67 6 35
67 7 20
67 9 20
67 10 6
67 11 28
67 13 24
67 15 21
67 16 6
67 17 2
67 18 33
67 19 35
67 21 24
67 23 35
67 24 30
67 25 34
67 26 24
67 27 20
67 30 16
67 31 20
67 32 26
67 33 7
67 35 7
67 36 5
67 37 32
67 38 24
67 39 20
67 40 21
67 41 22
67 44 28
67 45 8
67 46 4
67 48 13
67 49 18
67 50 2
67 51 15
67 52 37
67 53 7
67 54 19
67 55 28
67 56 32
67 58 9
67 59 21
67 60 1
67 61 23
67 62 19
67 63 7
67 64 27
67 66 18
68 1 31
68 2 23
68 3 40
68 5 30
68 6 1
68 8 1
68 10 34
68 12 37
68 13 15
68 14 3
68 15 23
68 16 22
68 17 10
68 18 21
68 19 34
68 20 21
68 21 33
68 22 36
68 23 5
68 24 34
68 25 5
68 26 14
68 30 18
68 31 4
68 32 13
68 34 22
68 35 3
68 37 7
68 40 32
68 41 9
68 42 3
68 43 5
68 44 9
68 45 31
68 46 15
68 47 36
68 48 6
68 49 37
68 50 25
68 51 18
68 52 12
68 53 26
68 54 36
68 55 5
68 56 23
68 58 2
68 59 28
68 60 40
68 61 15
68 62 36
68 64 15
68 65 22
68 66 8
68 67 31
69 0 1
69 1 19
69 2 24
69 3 19
69 4 15
69 7 35
69 8 13
69 9 23
69 11 17
69 12 34
69 13 28
69 14 27
69 16 19
69 18 13
69 19 12
69 20 8
69 21 33
69 22 15
69 24 9
69 25 34
69 27 28
69 29 23
69 31 27
69 32 5
69 33 19
69 34 36
69 35 1
69 36 19
69 37 30
69 38 13
69 40 27
69 41 10
69 42 34
69 44 3
69 45 30
69 46 5
69 48 22
69 50 14
69 51 27
69 52 7
69 53 19
69 54 31
69 55 28
69 56 22
69 57 12
69 59 2
69 60 16
69 61 39
69 62 27
69 64 25
69 65 11
69 66 14
69 67 29
69 68 30
