50
5 0 248
6 1 27
7 0 102
7 3 311
7 6 173
8 0 192
9 1 139
9 7 318
9 8 119
10 4 114
10 5 123
10 7 41
11 1 204
12 0 262
12 2 60
12 5 259
12 6 184
13 0 94
13 5 141
13 10 39
14 1 58
14 6 185
14 8 92
14 13 207
15 6 309
16 6 156
17 3 202
17 6 254
17 7 254
18 1 225
18 7 316
18 12 55
19 4 54
19 7 286
19 14 293
20 3 92
20 5 109
20 6 12
20 7 266
20 13 147
20 14 34
20 17 318
20 19 173
21 0 309
21 10 298
21 16 109
21 18 229
21 19 201
22 3 152
22 5 212
22 8 242
22 12 117
22 17 152
22 18 296
22 21 304
23 2 88
23 4 131
23 6 55
23 7 170
23 10 187
23 13 280
23 15 204
23 20 192
24 7 215
24 9 289
24 23 9
25 2 44
25 4 103
25 6 284
25 15 22
25 16 252
25 17 46
25 19 279
25 20 10
25 23 20
26 7 291
26 11 144
26 13 81
26 19 237
26 22 317
27 19 230
27 24 233
27 25 283
27 26 9
28 0 77
28 1 249
28 2 17
28 9 112
28 19 17
28 20 141
28 23 181
29 1 316
29 3 42
29 21 301
30 3 50
30 10 203
30 17 81
30 24 159
30 28 187
31 3 60
31 5 23
31 7 215
31 16 123
31 17 121
31 24 262
31 25 209
32 20 250
32 26 160
32 28 262
32 29 229
33 1 12
33 2 94
33 16 91
33 26 123
33 28 103
34 11 272
34 24 132
34 26 247
34 29 142
34 31 177
35 16 65
35 17 22
35 19 128
35 21 28
35 23 294
35 27 206
35 31 153
36 0 75
36 9 26
36 17 301
36 19 130
36 21 90
36 23 156
36 29 279
36 30 275
36 33 254
37 0 168
37 1 109
37 4 14
37 7 85
37 9 204
37 26 302
37 30 147
37 31 117
37 33 94
38 2 83
38 5 233
38 6 306
38 7 145
38 10 251
38 13 313
38 16 154
38 17 296
38 24 306
38 30 236
38 34 114
39 1 10
39 5 21
39 8 120
39 10 206
39 15 294
39 31 215
39 34 96
39 37 99
40 0 21
40 2 89
40 5 211
40 12 267
40 20 304
40 21 31
40 24 56
40 34 178
40 36 37
40 39 103
41 3 306
41 16 91
41 18 34
41 19 124
41 24 246
41 27 104
41 30 181
41 40 71
42 14 122
42 20 247
42 27 280
43 15 35
43 27 88
43 39 88
44 1 130
44 2 169
44 8 210
44 16 54
44 25 165
44 28 126
44 38 94
44 40 45
45 2 104
45 5 269
45 6 147
45 7 78
45 9 168
45 12 93
45 14 41
45 19 128
45 20 139
45 36 160
45 39 57
45 43 17
46 1 122
46 9 234
46 14 70
46 17 203
46 23 236
46 26 63
46 29 155
46 38 320
46 44 155
47 1 107
47 9 1
47 11 203
47 13 29
47 16 96
47 21 313
47 22 299
47 25 217
47 27 139
47 37 233
47 42 222
47 45 233
48 0 286
48 7 177
48 19 268
48 24 100
48 28 12
48 32 169
48 34 305
48 37 93
48 44 288
49 8 141
49 17 14
49 21 53
49 25 208
49 36 141
49 38 3
49 40 90
49 44 129
49 47 3
