40
2 1 29
3 0 107
3 2 34
4 0 129
4 1 36
4 2 152
4 3 61
5 0 57
5 4 40
6 1 103
6 2 48
6 3 155
6 4 160
7 3 85
7 6 139
8 2 92
8 3 129
8 6 92
9 0 115
9 1 67
9 2 26
9 3 68
9 5 47
9 7 40
10 1 33
10 2 89
10 3 114
10 4 106
10 5 7
10 7 19
10 8 75
11 3 155
11 5 24
11 7 54
11 8 132
11 9 127
11 10 90
12 1 92
12 2 137
12 3 158
12 4 157
12 5 92
12 6 105
12 8 119
12 9 126
12 10 136
12 11 141
13 0 81
13 1 79
13 3 84
13 4 32
13 5 154
13 10 58
14 0 2
14 1 95
14 2 94
14 3 17
14 5 102
14 7 138
14 8 54
14 9 25
14 10 72
15 1 99
15 3 16
15 4 104
15 5 143
15 7 8
15 8 76
15 10 98
15 11 53
15 12 3
15 13 24
15 14 133
16 0 34
16 2 73
16 5 145
16 6 126
16 7 110
16 8 156
16 14 143
16 15 121
17 0 94
17 1 85
17 9 101
17 12 67
17 14 144
17 15 11
17 16 120
18 3 126
18 4 27
18 5 34
18 6 111
18 7 40
18 8 58
18 9 73
18 11 112
18 13 40
18 14 126
18 17 49
19 1 35
19 6 49
19 7 156
19 8 39
19 11 33
19 13 6
19 14 68
19 16 8
19 18 132
20 0 117
20 4 56
20 5 40
20 10 57
20 11 147
20 12 112
20 13 76
20 14 105
20 17 71
20 19 71
21 1 116
21 2 133
21 4 20
21 5 122
21 7 114
21 8 1
21 9 69
21 11 98
21 13 94
21 15 33
21 16 105
21 18 110
21 20 82
22 1 95
22 3 34
22 4 41
22 5 14
22 7 57
22 8 57
22 10 73
22 12 21
22 13 17
22 14 157
22 15 36
22 19 44
22 20 5
23 3 92
23 4 26
23 8 37
23 9 22
23 10 97
23 12 139
23 14 39
23 15 37
23 16 3
23 17 139
23 18 74
23 21 33
23 22 50
24 0 48
24 1 99
24 2 142
24 4 103
24 5 54
24 6 79
24 7 98
24 8 66
24 9 124
24 10 90
24 11 76
24 12 128
24 14 10
24 15 154
24 16 116
24 19 42
24 21 100
24 23 118
25 0 99
25 1 132
25 3 106
25 4 121
25 6 78
25 7 85
25 8 94
25 10 110
25 11 26
25 12 142
25 13 12
25 15 135
25 16 86
25 17 156
25 20 51
25 21 92
25 22 19
25 24 55
26 0 57
26 2 32
26 3 154
26 4 16
26 5 93
26 7 101
26 11 34
26 12 92
26 13 79
26 14 66
26 19 17
26 20 93
26 21 51
26 23 80
26 25 147
27 1 94
27 2 98
27 3 40
27 5 144
27 6 104
27 7 132
27 10 113
27 13 86
27 14 85
27 15 82
27 16 67
27 19 136
27 20 87
27 21 127
27 22 115
27 23 71
27 24 129
27 25 5
28 1 71
28 3 4
28 4 150
28 6 120
28 9 143
28 10 119
28 13 37
28 15 10
28 20 45
28 21 104
28 22 144
28 23 24
28 25 25
29 0 7
29 1 9
29 2 71
29 3 154
29 4 73
29 5 131
29 10 98
29 12 86
29 13 89
29 14 70
29 15 25
29 18 122
29 19 80
29 20 30
29 22 102
29 23 49
29 24 68
29 26 31
29 27 96
29 28 145
30 0 82
30 2 79
30 4 48
30 5 105
30 8 159
30 9 46
30 12 3
30 20 31
30 21 115
30 22 52
30 24 94
30 26 103
30 27 109
30 28 70
31 1 142
31 2 55
31 4 81
31 8 15
31 10 99
31 11 95
31 13 142
31 15 22
31 17 91
31 19 59
31 20 102
31 21 63
31 22 90
31 23 27
31 25 70
31 27 69
31 28 76
31 30 60
32 0 148
32 1 19
32 2 131
32 3 7
32 4 47
32 7 123
32 8 65
32 10 79
32 13 32
32 14 32
32 16 142
32 18 99
32 21 38
32 23 129
32 25 40
32 26 45
32 27 79
32 29 35
32 30 31
32 31 35
33 2 131
33 4 75
33 5 153
33 6 141
33 7 102
33 8 159
33 9 110
33 10 67
33 13 52
33 14 72
33 18 89
33 20 27
33 22 88
33 23 24
33 24 83
33 26 106
33 27 60
33 28 160
33 29 70
33 30 103
33 31 7
33 32 6
34 0 39
34 1 88
34 2 146
34 3 123
34 4 76
34 5 43
34 7 37
34 8 43
34 9 91
34 10 143
34 11 42
34 12 4
34 14 70
34 15 3
34 18 126
34 19 46
34 20 95
34 21 64
34 23 74
34 24 158
34 25 26
34 27 130
34 28 145
34 29 48
34 30 16
34 31 4
34 32 105
34 33 126
35 3 115
35 4 151
35 6 70
35 7 84
35 9 139
35 10 57
35 12 108
35 13 25
35 15 106
35 16 136
35 18 41
35 19 137
35 20 44
35 21 28
35 24 40
35 25 88
35 26 46
35 28 23
35 29 17
35 30 134
35 31 86
35 33 43
36 0 64
36 2 147
36 3 129
36 4 7
36 6 61
36 7 42
36 8 96
36 9 77
36 10 65
36 12 131
36 13 153
36 15 127
36 18 115
36 19 1
36 20 40
36 22 37
36 23 70
36 27 103
36 29 49
36 30 69
36 31 46
36 32 35
36 33 34
36 34 16
37 3 35
37 6 130
37 11 131
37 12 42
37 13 8
37 14 56
37 15 87
37 21 116
37 26 103
37 28 133
37 29 101
37 30 23
37 34 14
37 35 14
38 0 19
38 1 94
38 2 12
38 5 99
38 6 108
38 8 125
38 9 92
38 10 73
38 12 92
38 14 67
38 15 68
38 18 31
38 19 64
38 21 76
38 22 120
38 23 99
38 25 160
38 26 100
38 28 98
38 29 151
38 32 49
38 35 90
38 36 47
38 37 100
39 0 67
39 1 85
39 4 106
39 5 154
39 6 118
39 8 9
39 10 47
39 12 29
39 13 42
39 20 34
39 21 160
39 24 52
39 26 113
39 29 30
39 31 40
39 34 36
39 35 37
39 36 131
39 37 89
