30
1 0 4
2 0 10
2 1 8
3 0 10
3 1 1
3 2 5
4 2 5
5 0 5
5 2 5
5 3 7
5 4 5
6 0 6
6 1 1
6 4 6
7 0 8
7 1 8
7 2 4
7 3 9
7 5 8
7 6 8
8 0 7
8 1 6
8 3 7
8 4 3
8 5 6
8 7 3
9 0 10
9 1 4
9 2 7
9 4 9
9 5 7
9 8 5
10 0 9
10 1 4
10 2 3
10 3 5
10 4 5
10 5 5
10 6 4
10 7 9
10 8 8
10 9 7
11 2 1
11 4 2
11 5 5
11 6 2
11 7 6
11 8 8
11 9 1
12 0 3
12 1 1
12 2 10
12 3 8
12 4 9
12 6 6
12 7 2
12 8 7
12 9 7
12 10 5
13 0 4
13 1 5
13 3 10
13 5 1
13 7 8
13 8 5
13 9 6
13 10 9
13 11 7
14 0 8
14 1 9
14 2 8
14 3 7
14 5 1
14 9 8
14 10 10
14 11 9
14 12 2
14 13 10
15 1 6
15 2 6
15 3 7
15 4 3
15 5 9
15 6 2
15 7 6
15 11 7
15 13 7
15 14 6
16 2 6
16 6 1
16 8 3
16 10 7
16 12 5
16 13 9
16 15 10
17 4 9
17 5 8
17 6 4
17 8 9
17 9 4
17 10 10
17 11 7
17 12 4
17 13 9
17 16 6
18 1 2
18 2 4
18 6 2
18 7 10
18 8 3
18 9 2
18 10 5
18 11 10
18 12 10
18 14 7
18 15 9
18 16 8
19 0 5
19 3 2
19 4 8
19 7 9
19 8 8
19 9 3
19 11 1
19 12 10
19 13 6
19 15 5
19 16 3
19 17 3
19 18 4
20 0 3
20 1 4
20 2 1
20 3 8
20 4 4
20 6 8
20 8 10
20 9 3
20 11 4
20 12 6
20 13 2
20 15 2
20 16 9
20 17 6
21 0 2
21 1 2
21 7 1
21 8 3
21 9 4
21 10 4
21 12 6
21 13 9
21 14 3
21 16 4
21 18 6
21 19 6
21 20 8
22 0 8
22 1 8
22 2 2
22 5 5
22 7 3
22 8 3
22 9 10
22 10 1
22 11 6
22 12 1
22 13 3
22 14 5
22 15 1
22 16 10
22 18 6
22 19 2
23 1 2
23 2 3
23 4 2
23 6 1
23 9 10
23 10 1
23 12 2
23 13 6
23 14 3
23 18 2
23 20 1
23 21 3
23 22 5
24 0 10
24 2 6
24 5 10
24 6 6
24 8 3
24 9 7
24 10 3
24 11 8
24 12 7
24 13 7
24 17 8
24 20 5
24 23 6
25 0 3
25 1 5
25 2 1
25 3 7
25 4 9
25 5 9
25 6 1
25 7 3
25 8 2
25 11 7
25 12 2
25 18 2
25 20 3
25 21 4
25 22 2
26 0 4
26 3 5
26 4 4
26 6 5
26 7 2
26 8 9
26 9 7
26 13 2
26 15 9
26 16 4
26 17 8
26 18 7
26 19 6
26 20 4
26 21 5
26 22 1
26 23 2
26 24 4
27 3 10
27 5 7
27 7 6
27 9 5
27 10 6
27 12 3
27 13 9
27 15 6
27 17 10
27 19 1
27 21 8
27 22 5
27 23 2
27 24 10
27 25 4
27 26 2
28 1 10
28 4 6
28 5 9
28 6 5
28 7 6
28 9 5
28 11 7
28 12 5
28 13 3
28 14 1
28 15 1
28 16 3
28 17 8
28 19 2
28 20 8
28 21 9
28 23 2
28 24 10
28 25 7
28 27 7
29 0 4
29 4 7
29 6 8
29 8 4
29 9 7
29 10 5
29 11 3
29 12 8
29 13 5
29 14 1
29 15 5
29 16 3
29 17 10
29 20 8
29 22 8
29 24 6
29 26 5
29 27 2
29 28 9
