40
6 2 39
7 4 236
9 7 306
10 1 68
10 9 11
11 1 228
11 6 5
11 8 234
12 7 43
13 11 289
15 14 38
16 1 85
16 5 178
16 7 233
16 8 215
17 16 74
18 5 202
19 3 280
19 5 275
20 11 247
20 14 267
21 18 90
21 19 26
21 20 117
22 2 81
22 4 16
22 12 85
22 18 8
23 6 246
23 10 213
24 5 129
24 6 312
24 12 128
25 11 107
25 12 200
26 5 221
26 7 47
26 11 307
26 16 192
27 1 157
27 8 318
27 15 194
27 18 205
27 25 96
28 9 58
28 13 233
28 16 149
28 26 55
29 5 82
29 18 101
29 20 286
29 25 25
30 10 241
30 21 124
31 5 220
31 11 25
31 18 288
31 24 131
32 3 102
32 27 2
32 31 224
33 6 159
33 13 304
33 17 39
33 25 10
33 30 140
33 31 186
34 0 318
34 2 162
35 1 72
37 3 188
37 16 162
37 23 233
38 18 290
38 24 150
38 33 163
39 3 147
39 33 265
