30
1 0 11
4 3 20
8 3 17
8 6 5
9 2 16
9 6 16
10 0 14
10 1 13
10 2 6
12 5 9
13 0 6
13 3 19
13 4 18
13 5 14
13 10 2
14 5 1
14 12 6
15 4 7
15 5 4
15 9 3
15 13 19
16 1 4
16 4 8
16 6 12
16 8 10
16 9 1
16 12 2
16 14 16
17 14 2
18 0 7
18 8 16
18 11 10
18 14 2
19 1 1
19 7 11
19 8 9
19 11 11
20 5 1
20 9 8
20 10 2
20 14 2
20 15 18
20 18 11
21 10 12
21 19 11
22 6 13
22 9 9
22 11 20
22 19 13
23 2 6
23 4 3
23 6 14
23 10 15
23 18 3
23 19 2
23 22 16
24 4 12
24 12 1
24 15 18
24 16 19
24 18 7
24 22 12
25 1 9
25 12 18
25 14 15
25 15 1
25 17 19
25 19 8
25 22 3
25 23 6
25 24 1
26 1 8
26 5 15
26 6 7
26 9 14
26 21 20
26 22 7
27 5 8
27 8 10
27 18 10
28 0 13
28 3 1
28 20 2
29 0 7
29 2 7
29 5 2
29 12 14
29 13 11
29 14 17
29 18 17
29 21 20
29 27 8
