30
1 0 11
2 0 13
4 0 17
4 1 10
5 1 20
5 2 14
5 3 2
5 4 11
6 1 6
6 2 8
6 4 2
7 1 3
9 0 20
9 1 10
9 2 6
9 7 1
10 2 2
10 3 7
10 5 13
10 6 20
11 4 13
11 5 8
11 6 2
11 7 8
11 8 1
12 5 11
12 7 9
13 9 7
13 10 16
14 2 2
14 5 20
14 6 17
14 9 15
14 11 10
15 0 15
15 1 18
15 4 18
15 10 10
15 11 10
15 12 11
15 13 4
16 0 18
16 7 12
16 8 9
16 10 8
16 12 9
17 1 18
17 2 19
17 3 12
17 8 10
17 9 13
18 1 2
18 2 12
18 3 17
18 4 13
18 5 19
18 10 9
18 15 18
19 0 12
19 1 11
19 4 5
19 5 11
19 14 2
19 15 8
19 16 11
20 2 8
20 3 3
20 7 12
20 15 8
20 18 8
20 19 6
21 3 9
21 7 4
21 8 19
21 12 10
21 16 18
21 18 3
22 1 13
22 2 4
22 8 14
22 13 17
22 19 6
23 0 6
23 9 8
23 12 8
23 15 8
23 16 3
23 17 15
23 18 9
23 19 6
23 21 12
24 0 5
24 1 2
24 4 7
24 5 8
24 6 10
24 7 12
24 8 17
24 12 11
24 15 4
24 20 14
24 22 6
25 7 19
25 8 12
25 13 13
25 14 11
25 15 19
25 16 3
25 19 14
25 21 6
25 22 14
26 2 20
26 4 2
26 11 7
26 12 3
26 14 8
26 16 20
26 19 16
26 21 4
26 22 3
26 23 8
26 24 4
27 1 10
27 3 18
27 7 11
27 8 12
27 11 10
27 12 3
27 13 7
27 14 13
27 15 6
27 16 7
27 19 19
27 20 1
27 22 14
27 26 14
28 3 20
28 6 10
28 7 16
28 8 2
28 10 15
28 11 7
28 12 12
28 13 17
28 21 12
28 24 20
28 27 19
29 2 13
29 5 9
29 13 11
29 14 5
29 19 16
29 20 16
29 21 8
29 23 4
29 26 9
29 28 8
