40
2 0 191
2 1 213
3 0 158
3 1 320
3 2 302
4 0 286
4 1 72
4 2 156
4 3 295
5 0 41
5 1 101
5 3 313
5 4 312
6 0 137
6 1 300
6 2 160
6 3 198
6 5 97
7 0 302
7 1 264
7 2 231
7 4 71
8 0 57
8 1 91
8 2 195
8 3 278
8 4 182
8 5 92
8 6 193
8 7 126
9 0 219
9 1 189
9 5 71
9 6 24
9 7 149
9 8 158
10 0 69
10 1 283
10 2 184
10 3 82
10 4 218
10 6 285
10 7 300
10 8 41
10 9 146
11 0 202
11 1 197
11 2 6
11 3 188
11 4 208
11 5 312
11 6 74
11 8 318
11 9 43
11 10 190
12 0 66
12 1 31
12 2 70
12 3 1
12 4 20
12 5 38
12 6 297
12 7 73
12 9 164
12 10 112
12 11 265
13 0 289
13 5 191
13 6 258
13 9 318
13 11 204
14 0 193
14 1 123
14 2 194
14 3 54
14 4 104
14 5 199
14 6 172
14 7 292
14 8 202
14 9 285
14 10 318
14 11 188
14 13 57
15 0 110
15 1 260
15 3 59
15 4 97
15 5 147
15 6 3
15 7 304
15 8 124
15 9 80
15 10 157
15 11 176
15 12 135
15 13 105
15 14 93
16 0 103
16 2 12
16 3 47
16 4 92
16 5 144
16 6 13
16 7 35
16 8 283
16 10 233
16 11 57
16 12 120
16 13 185
17 4 19
17 6 19
17 10 104
17 11 245
17 12 154
17 13 296
17 14 135
17 15 103
17 16 53
18 0 210
18 3 211
18 6 40
18 7 28
18 8 148
18 9 223
18 10 233
18 12 36
18 13 57
18 14 62
18 15 156
18 16 168
18 17 53
19 0 49
19 2 3
19 3 319
19 4 179
19 5 212
19 6 136
19 8 18
19 9 302
19 10 182
19 12 26
19 13 89
19 14 184
19 15 85
19 16 164
19 17 225
19 18 165
20 0 265
20 1 118
20 2 221
20 3 12
20 4 319
20 5 198
20 6 297
20 7 214
20 9 40
20 10 217
20 11 170
20 13 110
20 14 36
20 15 108
20 16 113
20 18 2
20 19 257
21 0 35
21 1 225
21 2 205
21 3 58
21 4 268
21 5 148
21 6 291
21 7 103
21 8 26
21 10 292
21 11 208
21 12 5
21 14 264
21 15 167
21 16 50
21 17 206
21 18 201
21 19 259
21 20 136
22 0 218
22 1 174
22 2 270
22 5 142
22 6 208
22 7 3
22 8 260
22 9 104
22 11 111
22 12 317
22 13 304
22 14 288
22 15 312
22 16 113
22 17 79
22 18 276
22 19 184
22 20 131
22 21 41
23 0 187
23 2 118
23 3 269
23 4 318
23 5 267
23 6 101
23 7 140
23 8 270
23 9 134
23 10 119
23 11 68
23 13 189
23 14 118
23 15 182
23 18 1
23 19 57
23 20 109
23 21 41
23 22 98
24 1 221
24 2 304
24 3 116
24 4 233
24 5 242
24 6 145
24 7 9
24 9 133
24 11 277
24 12 294
24 13 54
24 15 59
24 16 196
24 17 143
24 18 318
24 19 224
24 20 200
24 21 108
24 22 116
24 23 25
25 1 318
25 2 66
25 3 34
25 4 281
25 5 275
25 7 95
25 8 305
25 9 205
25 11 254
25 13 69
25 14 228
25 15 67
25 16 148
25 17 282
25 18 228
25 19 184
25 20 57
25 21 113
25 22 126
25 23 100
25 24 299
26 0 180
26 1 226
26 2 72
26 3 255
26 4 14
26 5 34
26 7 130
26 8 193
26 9 253
26 10 188
26 11 291
26 12 270
26 13 169
26 15 320
26 16 227
26 17 25
26 18 100
26 19 218
26 20 225
26 21 52
26 22 239
26 23 318
26 24 41
26 25 267
27 0 312
27 1 174
27 2 65
27 3 218
27 4 71
27 6 290
27 7 192
27 8 244
27 9 18
27 10 107
27 12 129
27 13 1
27 14 135
27 15 217
27 16 77
27 17 141
27 18 132
27 19 26
27 20 214
27 21 30
27 23 184
27 24 74
27 25 287
27 26 186
28 1 97
28 2 309
28 3 93
28 4 197
28 5 71
28 6 220
28 9 221
28 10 102
28 11 176
28 14 247
28 15 199
28 17 100
28 18 316
28 19 101
28 20 62
28 21 288
28 23 179
28 24 177
28 25 296
28 26 295
28 27 3
29 0 124
29 1 171
29 2 113
29 3 98
29 4 248
29 5 47
29 6 237
29 7 65
29 8 273
29 10 76
29 11 111
29 13 302
29 14 320
29 16 171
29 18 320
29 19 233
29 20 133
29 23 282
29 24 71
29 26 197
29 27 82
29 28 289
30 0 205
30 1 285
30 2 76
30 3 120
30 4 222
30 5 167
30 6 229
30 7 129
30 8 302
30 9 245
30 10 277
30 11 157
30 12 105
30 14 261
30 15 74
30 16 155
30 17 13
30 19 113
30 20 262
30 21 146
30 22 51
30 23 170
30 24 272
30 25 278
30 26 104
30 27 234
30 28 133
30 29 275
31 0 82
31 1 70
31 2 224
31 3 97
31 4 14
31 6 145
31 7 221
31 8 267
31 9 6
31 10 292
31 11 147
31 13 167
31 14 60
31 15 106
31 16 284
31 17 125
31 19 76
31 20 134
31 21 153
31 22 234
31 23 169
31 24 226
31 25 251
31 26 25
31 27 48
31 28 279
31 29 275
31 30 59
32 0 40
32 1 118
32 2 68
32 3 76
32 4 272
32 5 195
32 7 131
32 8 197
32 10 295
32 11 29
32 12 214
32 13 49
32 14 137
32 15 68
32 16 22
32 17 275
32 19 251
32 20 214
32 21 13
32 22 316
32 24 68
32 25 105
32 26 229
32 28 73
32 29 49
32 30 32
32 31 223
33 0 53
33 1 93
33 2 123
33 3 180
33 4 262
33 5 112
33 6 165
33 7 171
33 8 218
33 9 293
33 10 279
33 13 160
33 14 272
33 15 310
33 16 146
33 17 65
33 18 212
33 19 51
33 20 215
33 21 38
33 22 131
33 23 83
33 25 76
33 26 76
33 27 249
33 28 158
33 30 240
33 31 16
33 32 63
34 0 134
34 1 200
34 2 179
34 3 26
34 4 137
34 5 216
34 7 58
34 8 302
34 9 252
34 10 298
34 11 236
34 12 240
34 13 169
34 14 52
34 18 168
34 19 80
34 20 101
34 23 272
34 24 289
34 25 47
34 26 6
34 27 88
34 28 165
34 30 65
34 31 296
34 32 78
34 33 265
35 0 200
35 1 216
35 2 209
35 3 250
35 4 190
35 5 320
35 7 234
35 8 155
35 10 129
35 11 198
35 12 168
35 13 47
35 15 79
35 16 269
35 17 170
35 19 10
35 20 1
35 21 297
35 22 168
35 24 314
35 25 303
35 26 113
35 27 53
35 28 178
35 29 292
35 30 288
35 31 230
35 32 308
35 34 30
36 0 32
36 2 46
36 3 108
36 5 121
36 7 113
36 9 149
36 12 138
36 13 308
36 14 178
36 16 173
36 17 114
36 18 196
36 19 117
36 20 185
36 22 259
36 23 165
36 25 93
36 26 80
36 27 252
36 31 279
36 32 103
36 33 120
36 34 103
36 35 115
37 0 296
37 2 178
37 3 230
37 4 182
37 5 153
37 6 71
37 7 139
37 8 287
37 9 269
37 10 211
37 11 265
37 12 54
37 13 21
37 15 50
37 16 191
37 17 277
37 18 19
37 19 120
37 22 9
37 23 300
37 25 18
37 26 294
37 27 185
37 28 66
37 29 295
37 30 248
37 31 276
37 32 304
37 33 174
37 34 182
37 35 52
37 36 263
38 0 104
38 1 147
38 2 61
38 4 150
38 5 314
38 7 299
38 8 320
38 9 307
38 10 272
38 11 38
38 12 308
38 13 71
38 15 35
38 16 97
38 17 144
38 18 16
38 19 80
38 20 112
38 21 291
38 22 115
38 23 294
38 25 49
38 26 277
38 27 176
38 28 108
38 29 244
38 30 12
38 31 269
38 32 274
38 33 84
38 34 239
38 35 272
38 37 255
39 1 36
39 3 104
39 4 294
39 5 239
39 8 163
39 9 304
39 10 253
39 11 251
39 12 14
39 13 49
39 16 231
39 21 233
39 22 274
39 23 136
39 24 257
39 26 215
39 27 317
39 28 116
39 29 11
39 30 176
39 31 203
39 33 217
39 34 98
39 35 89
39 36 190
39 38 261
