50
2 1 10
5 1 2
6 1 2
6 2 3
7 0 7
8 4 7
8 5 1
8 7 5
9 0 6
9 4 9
9 5 4
10 1 3
10 4 3
10 5 5
10 9 4
11 10 4
12 8 10
12 10 10
13 0 8
13 3 3
13 5 10
13 6 10
14 3 4
14 7 7
14 8 10
15 7 6
15 10 5
15 14 10
16 4 9
16 10 1
16 13 10
17 0 1
17 7 5
17 11 1
17 12 3
17 13 4
18 4 2
18 7 8
18 8 8
18 13 2
18 16 3
18 17 1
19 1 2
19 8 2
19 12 1
20 3 10
20 4 1
20 5 6
20 8 5
20 9 9
20 17 2
21 0 6
21 2 5
21 3 9
21 4 1
21 8 1
21 13 5
21 16 10
22 3 8
22 7 8
22 9 1
22 10 2
22 12 9
22 17 3
22 19 2
23 0 6
23 2 10
23 4 8
23 7 6
23 14 7
23 18 10
24 7 4
24 9 5
24 17 2
24 21 1
24 23 2
25 3 2
25 6 9
25 7 3
25 9 2
25 10 1
25 15 5
26 0 6
26 1 7
26 9 4
26 10 7
26 17 3
26 18 9
27 0 7
27 4 5
27 5 2
27 6 9
27 8 6
27 15 5
27 17 3
27 19 10
27 21 5
27 26 2
28 2 6
28 7 9
28 9 1
28 10 10
28 23 3
28 26 7
29 1 10
29 3 3
29 7 8
29 8 2
29 21 3
29 22 6
29 26 7
30 4 7
30 5 1
30 7 9
30 9 10
30 10 2
30 11 8
30 14 6
30 15 10
30 24 4
30 25 4
30 27 6
30 28 2
30 29 7
31 4 3
31 7 2
31 10 10
31 16 10
31 17 6
31 18 3
32 5 5
32 7 7
32 20 4
32 24 2
32 26 6
32 28 1
32 30 10
33 5 5
33 12 2
33 16 6
33 17 10
33 24 3
33 26 5
33 31 4
34 3 6
34 5 1
34 6 5
34 7 10
34 10 8
34 16 2
34 18 1
34 22 7
34 27 10
34 32 1
35 1 2
35 2 5
35 3 8
35 4 9
35 5 7
35 7 1
35 8 7
35 9 1
35 10 7
35 23 2
35 28 6
35 30 7
36 0 10
36 2 4
36 5 4
36 7 8
36 8 10
36 15 4
36 16 9
36 21 2
36 23 1
36 24 2
36 28 1
36 31 8
36 34 1
37 0 8
37 3 10
37 7 5
37 8 6
37 15 4
37 18 1
37 20 6
37 22 9
37 24 8
37 29 5
37 30 9
37 34 6
37 35 1
38 0 8
38 4 7
38 5 3
38 6 10
38 7 4
38 9 9
38 12 6
38 13 9
38 20 1
38 21 5
38 22 6
38 23 2
38 26 3
38 29 2
38 33 10
39 1 8
39 3 6
39 5 7
39 8 3
39 10 1
39 11 6
39 13 6
39 15 1
39 23 2
39 26 7
39 29 9
39 31 8
39 34 10
39 35 5
39 36 7
39 37 1
40 0 3
40 1 8
40 5 1
40 6 10
40 8 8
40 10 4
40 12 5
40 15 6
40 16 5
40 24 1
40 33 2
40 35 10
40 38 1
41 1 3
41 3 9
41 6 8
41 7 4
41 8 4
41 10 4
41 13 1
41 16 10
41 17 5
41 20 7
41 27 1
41 31 7
41 34 3
41 35 5
41 38 5
41 40 2
42 1 1
42 2 2
42 5 5
42 6 9
42 11 4
42 15 10
42 20 6
42 23 5
42 25 7
42 38 1
43 4 8
43 14 8
43 15 2
43 16 5
43 19 10
43 23 5
43 24 2
43 25 6
43 26 2
43 31 5
43 35 8
44 6 7
44 8 7
44 11 2
44 12 2
44 17 5
44 18 10
44 30 5
44 40 2
44 41 1
45 0 9
45 1 10
45 2 6
45 3 2
45 6 1
45 10 7
45 18 6
45 22 9
45 24 5
45 26 10
45 34 3
45 37 3
45 38 1
45 40 5
45 41 8
45 42 4
45 44 4
46 4 4
46 7 1
46 8 8
46 11 9
46 14 5
46 17 9
46 29 4
46 30 2
46 31 8
46 34 7
46 36 8
46 38 5
46 42 1
46 43 7
47 5 4
47 8 1
47 9 9
47 15 7
47 18 4
47 25 1
47 28 4
47 32 5
47 33 4
47 39 8
47 43 7
47 44 1
48 3 4
48 7 9
48 15 7
48 19 2
48 21 6
48 22 6
48 30 7
48 33 1
48 34 7
48 39 10
48 44 9
48 45 1
49 2 4
49 3 7
49 4 10
49 6 9
49 8 10
49 10 7
49 11 4
49 13 8
49 19 6
49 20 2
49 21 6
49 22 8
49 25 4
49 33 1
49 42 10
49 46 5
49 47 5
