30
1 0 45
2 0 26
2 1 152
3 0 148
3 1 67
3 2 110
4 0 28
4 1 70
4 2 67
4 3 16
5 0 99
5 1 144
5 2 139
5 3 27
5 4 30
6 0 135
6 1 121
6 2 74
6 3 12
6 4 5
6 5 3
7 0 159
7 1 29
7 2 76
7 3 21
7 4 19
7 5 156
7 6 19
8 0 35
8 1 66
8 2 131
8 3 117
8 4 75
8 5 119
8 6 32
8 7 113
9 0 138
9 1 122
9 2 84
9 3 103
9 4 76
9 5 69
9 6 55
9 7 8
9 8 146
10 0 69
10 1 26
10 2 73
10 3 98
10 4 81
10 5 38
10 6 133
10 7 5
10 8 19
10 9 156
11 0 21
11 1 2
11 2 154
11 3 144
11 4 31
11 5 132
11 6 22
11 7 35
11 8 83
11 9 108
11 10 25
12 0 84
12 1 89
12 2 109
12 3 6
12 4 16
12 5 80
12 6 95
12 7 14
12 8 150
12 9 125
12 10 125
12 11 38
13 0 63
13 1 115
13 2 37
13 3 151
13 4 9
13 5 10
13 6 104
13 7 8
13 8 53
13 9 54
13 10 131
13 11 34
13 12 125
14 0 33
14 1 139
14 2 97
14 3 33
14 4 61
14 5 12
14 6 17
14 7 156
14 8 103
14 9 61
14 10 40
14 11 38
14 12 16
14 13 118
15 0 83
15 1 134
15 2 121
15 3 148
15 4 134
15 5 28
15 6 144
15 7 81
15 8 46
15 9 52
15 10 7
15 11 9
15 12 76
15 13 18
15 14 48
16 0 130
16 1 5
16 2 3
16 3 83
16 4 52
16 5 24
16 6 9
16 7 76
16 8 152
16 9 33
16 10 3
16 11 159
16 12 1
16 13 131
16 14 120
16 15 132
17 0 18
17 1 139
17 2 50
17 3 93
17 4 1
17 5 69
17 6 34
17 7 17
17 8 121
17 9 88
17 10 16
17 11 9
17 12 53
17 13 53
17 14 82
17 15 96
17 16 130
18 0 133
18 1 107
18 2 77
18 3 115
18 4 101
18 5 51
18 6 138
18 7 51
18 8 22
18 9 32
18 10 108
18 11 131
18 12 159
18 13 99
18 14 76
18 15 136
18 16 21
18 17 17
19 0 146
19 1 91
19 2 53
19 3 44
19 4 62
19 5 59
19 6 56
19 7 51
19 8 80
19 9 13
19 10 153
19 11 114
19 12 51
19 13 146
19 14 75
19 15 15
19 16 100
19 17 122
19 18 98
20 0 66
20 1 104
20 2 97
20 3 124
20 4 125
20 5 154
20 6 151
20 7 160
20 8 102
20 9 71
20 10 102
20 11 48
20 12 20
20 13 105
20 14 107
20 15 23
20 16 140
20 17 152
20 18 78
20 19 21
21 0 79
21 1 10
21 2 16
21 3 42
21 4 83
21 5 32
21 6 13
21 7 61
21 8 102
21 9 123
21 10 6
21 11 84
21 12 53
21 13 26
21 14 51
21 15 63
21 16 68
21 17 75
21 18 2
21 19 35
21 20 9
22 0 141
22 1 66
22 2 87
22 3 11
22 4 18
22 5 90
22 6 143
22 7 141
22 8 42
22 9 99
22 10 43
22 11 54
22 12 133
22 13 7
22 14 142
22 15 9
22 16 132
22 17 138
22 18 119
22 19 43
22 20 33
22 21 100
23 0 125
23 1 42
23 2 11
23 3 106
23 4 125
23 5 130
23 6 52
23 7 136
23 8 51
23 9 41
23 10 133
23 11 155
23 12 55
23 13 13
23 14 18
23 15 53
23 16 32
23 17 36
23 18 40
23 19 55
23 20 41
23 21 71
23 22 80
24 0 9
24 1 52
24 2 60
24 3 119
24 4 160
24 5 101
24 6 38
24 7 139
24 8 125
24 9 158
24 10 43
24 11 92
24 12 37
24 13 67
24 14 57
24 15 51
24 16 17
24 17 70
24 18 64
24 19 62
24 20 107
24 21 103
24 22 69
24 23 33
25 0 92
25 1 67
25 2 83
25 3 68
25 4 149
25 5 135
25 6 148
25 7 80
25 8 73
25 9 20
25 10 25
25 11 104
25 12 17
25 13 26
25 14 118
25 15 74
25 16 95
25 17 8
25 18 150
25 19 88
25 20 103
25 21 98
25 22 127
25 23 10
25 24 148
26 0 48
26 1 14
26 2 141
26 3 8
26 4 5
26 5 26
26 6 127
26 7 4
26 8 130
26 9 116
26 10 10
26 11 2
26 12 33
26 13 13
26 14 26
26 15 60
26 16 1
26 17 53
26 18 84
26 19 51
26 20 108
26 21 89
26 22 98
26 23 100
26 24 58
26 25 4
27 0 113
27 1 33
27 2 110
27 3 142
27 4 23
27 5 94
27 6 67
27 7 1
27 8 160
27 9 82
27 10 141
27 11 115
27 12 46
27 13 38
27 14 111
27 15 131
27 16 55
27 17 39
27 18 15
27 19 7
27 20 139
27 21 66
27 22 8
27 23 122
27 24 129
27 25 154
27 26 138
28 0 118
28 1 11
28 2 92
28 3 154
28 4 20
28 5 117
28 6 93
28 7 18
28 8 11
28 9 45
28 10 29
28 11 37
28 12 95
28 13 152
28 14 154
28 15 81
28 16 103
28 17 46
28 18 36
28 19 96
28 20 68
28 21 82
28 22 151
28 23 157
28 24 70
28 25 35
28 26 50
28 27 133
29 0 140
29 1 84
29 2 30
29 3 152
29 4 38
29 5 129
29 6 149
29 7 106
29 8 53
29 9 75
29 10 66
29 11 107
29 12 12
29 13 77
29 14 40
29 15 38
29 16 110
29 17 101
29 18 74
29 19 52
29 20 35
29 21 113
29 22 19
29 23 68
29 24 81
29 25 7
29 26 122
29 27 40
29 28 10
