70
1 0 9
2 1 21
3 0 16
3 1 19
4 0 37
4 1 19
4 2 19
5 0 29
5 1 29
5 2 27
5 3 40
6 1 14
7 0 28
7 2 27
7 3 11
8 0 13
8 1 36
8 3 3
8 6 14
8 7 17
9 0 1
9 1 25
9 4 38
9 5 31
9 6 7
9 8 22
10 0 3
10 3 36
10 5 19
10 6 34
10 8 27
10 9 11
11 0 7
11 2 39
11 3 28
11 4 9
11 5 17
11 8 40
11 9 25
11 10 28
12 0 39
12 1 4
12 2 24
12 5 20
12 7 11
12 8 13
12 10 5
13 0 21
13 2 1
13 3 21
13 4 1
13 7 5
13 8 26
13 9 36
14 1 19
14 2 32
14 3 40
14 4 27
14 6 15
14 7 6
14 9 11
14 11 17
15 3 34
15 5 23
15 7 27
15 8 39
15 9 34
15 10 31
15 11 19
15 14 33
16 1 31
16 3 37
16 4 18
16 5 8
16 11 26
16 13 15
16 14 32
16 15 18
17 0 28
17 1 23
17 2 20
17 3 40
17 4 4
17 5 28
17 6 35
17 7 14
17 8 5
17 9 8
17 14 38
17 15 29
18 1 33
18 3 15
18 6 16
18 9 13
18 10 39
18 11 6
18 12 4
19 0 26
19 1 29
19 3 19
19 6 36
19 7 21
19 9 5
19 10 28
19 11 2
19 12 6
19 13 29
19 15 11
19 16 21
20 0 34
20 1 37
20 4 39
20 6 28
20 7 25
20 8 16
20 9 38
20 10 3
20 12 40
20 13 11
20 14 13
20 19 9
21 0 6
21 2 15
21 3 24
21 4 25
21 5 20
21 7 14
21 8 28
21 10 13
21 11 8
21 12 10
21 13 24
21 14 26
21 15 29
21 18 7
21 19 22
22 2 6
22 3 38
22 5 17
22 8 39
22 9 5
22 10 6
22 17 5
22 19 15
23 0 10
23 1 28
23 2 25
23 3 16
23 4 32
23 5 13
23 7 5
23 8 32
23 10 10
23 11 33
23 14 30
23 15 39
23 17 11
23 18 26
23 19 6
23 20 40
24 0 5
24 1 32
24 2 9
24 4 34
24 7 33
24 8 4
24 9 23
24 11 7
24 12 30
24 14 30
24 15 12
24 16 13
24 18 1
24 19 2
24 20 28
25 0 38
25 3 7
25 4 20
25 5 17
25 7 40
25 10 14
25 11 4
25 13 6
25 14 32
25 16 36
25 18 28
25 19 15
25 20 34
25 21 7
25 23 13
25 24 14
26 0 39
26 1 37
26 2 33
26 4 5
26 6 36
26 7 11
26 8 3
26 9 24
26 10 34
26 11 2
26 13 14
26 15 36
26 16 17
26 17 8
26 18 18
26 19 2
26 20 35
26 21 23
26 22 18
26 23 35
26 24 16
26 25 17
27 0 36
27 1 2
27 2 39
27 5 6
27 6 24
27 8 24
27 10 26
27 11 23
27 12 36
27 13 21
27 14 3
27 15 36
27 16 33
27 18 32
27 20 35
27 21 21
27 23 36
27 26 38
28 0 12
28 2 9
28 3 20
28 6 23
28 7 5
28 9 1
28 10 30
28 11 7
28 12 15
28 17 10
28 19 7
28 20 14
28 21 12
28 22 21
28 23 7
28 26 4
28 27 2
29 2 36
29 3 5
29 4 27
29 5 24
29 6 17
29 7 39
29 8 20
29 10 37
29 11 35
29 12 31
29 14 16
29 15 34
29 16 7
29 19 4
29 20 26
29 21 1
29 22 24
29 23 7
29 24 9
29 25 25
29 26 8
29 27 24
29 28 37
30 7 8
30 8 21
30 9 14
30 12 36
30 13 22
30 16 3
30 17 35
30 19 24
30 20 17
30 21 36
30 22 7
30 25 22
30 27 24
30 28 9
31 2 23
31 3 25
31 5 28
31 8 1
31 11 3
31 18 33
31 24 8
31 25 20
31 26 37
31 27 32
31 28 25
32 0 26
32 1 22
32 3 16
32 5 10
32 6 19
32 7 2
32 9 31
32 14 21
32 16 21
32 17 38
32 18 13
32 21 5
32 22 13
32 23 34
32 26 21
32 27 30
32 30 26
33 1 15
33 2 38
33 4 34
33 5 25
33 6 24
33 8 13
33 9 22
33 10 3
33 13 10
33 15 35
33 16 15
33 17 14
33 18 11
33 19 33
33 22 20
33 23 26
33 24 10
33 25 16
33 27 5
33 28 38
33 29 35
33 30 9
33 31 20
34 1 20
34 5 35
34 6 14
34 7 12
34 8 5
34 9 6
34 11 32
34 12 25
34 15 33
34 20 3
34 22 18
34 23 9
34 27 40
34 29 39
34 31 23
34 32 18
35 0 23
35 2 40
35 4 9
35 5 18
35 6 16
35 7 27
35 10 30
35 11 26
35 12 19
35 13 39
35 14 35
35 15 40
35 16 29
35 17 35
35 18 4
35 20 16
35 22 11
35 23 15
35 24 9
35 25 19
35 27 30
35 28 30
35 30 11
35 31 18
35 32 6
35 33 38
35 34 11
36 0 13
36 1 6
36 2 35
36 4 32
36 7 13
36 8 11
36 11 5
36 12 37
36 13 24
36 14 34
36 16 32
36 18 36
36 21 9
36 22 12
36 23 37
36 24 14
36 27 8
36 28 17
36 29 20
36 30 5
36 32 27
36 33 2
37 0 29
37 1 19
37 2 29
37 4 29
37 5 37
37 6 7
37 8 37
37 9 14
37 11 26
37 12 29
37 13 15
37 16 31
37 17 31
37 18 19
37 19 7
37 20 29
37 21 36
37 22 13
37 23 40
37 24 26
37 25 3
37 27 23
37 28 32
37 29 18
37 31 18
37 32 19
37 33 30
37 34 9
37 36 3
38 3 35
38 5 3
38 7 29
38 9 25
38 11 34
38 12 31
38 13 38
38 14 36
38 17 12
38 18 11
38 19 9
38 20 5
38 23 29
38 25 20
38 28 8
38 31 25
38 33 5
38 34 31
38 35 29
38 37 14
39 2 26
39 3 13
39 4 17
39 5 35
39 6 11
39 8 16
39 10 17
39 11 21
39 13 36
39 14 2
39 20 21
39 21 40
39 22 14
39 23 38
39 24 4
39 25 23
39 26 19
39 30 23
39 32 14
39 36 7
39 37 9
39 38 40
40 0 30
40 1 1
40 2 38
40 4 25
40 5 28
40 7 15
40 10 29
40 11 25
40 13 26
40 14 13
40 15 36
40 16 34
40 17 38
40 19 9
40 24 6
40 25 10
40 27 20
40 28 20
40 29 21
40 30 3
40 34 30
40 37 4
40 39 6
41 0 8
41 1 32
41 3 39
41 4 33
41 5 18
41 7 36
41 10 10
41 11 9
41 13 32
41 14 19
41 15 30
41 17 6
41 18 6
41 20 14
41 21 23
41 23 17
41 26 3
41 28 1
41 29 24
41 30 34
41 31 37
41 34 18
41 36 31
41 39 5
42 1 29
42 4 21
42 5 35
42 6 16
42 7 10
42 8 17
42 9 7
42 10 8
42 11 28
42 12 37
42 13 10
42 16 7
42 18 19
42 24 16
42 25 8
42 26 19
42 28 40
42 29 18
42 31 21
42 34 23
42 35 33
42 36 27
42 38 26
42 39 6
42 40 34
42 41 1
43 0 27
43 1 1
43 2 5
43 3 16
43 7 3
43 10 22
43 12 2
43 13 18
43 16 6
43 18 15
43 21 17
43 24 13
43 25 7
43 27 10
43 29 11
43 30 20
43 32 39
43 33 25
43 34 35
43 35 40
43 36 1
43 37 13
43 38 3
43 39 6
43 40 32
43 41 8
44 0 29
44 1 23
44 2 14
44 5 31
44 7 22
44 8 38
44 10 39
44 12 18
44 13 13
44 14 33
44 16 30
44 17 14
44 19 9
44 23 2
44 25 38
44 26 3
44 28 18
44 30 40
44 32 23
44 33 24
44 35 23
44 39 35
44 41 38
44 43 35
45 1 4
45 2 13
45 4 5
45 5 30
45 6 38
45 8 2
45 9 38
45 10 36
45 12 22
45 13 8
45 14 28
45 15 7
45 16 6
45 18 8
45 24 5
45 25 8
45 26 34
45 28 5
45 29 40
45 31 38
45 32 23
45 35 1
45 36 14
45 37 25
45 38 39
45 42 1
45 43 13
45 44 4
46 0 8
46 1 7
46 5 4
46 6 26
46 7 36
46 9 37
46 10 23
46 11 34
46 12 17
46 13 20
46 17 14
46 18 23
46 19 23
46 20 20
46 22 19
46 23 13
46 24 20
46 25 27
46 27 17
46 29 31
46 30 21
46 31 39
46 32 31
46 33 17
46 34 23
46 36 14
46 37 15
46 38 1
46 39 37
46 45 27
47 3 28
47 4 2
47 6 28
47 7 5
47 8 6
47 9 14
47 10 18
47 11 40
47 14 2
47 15 15
47 19 15
47 20 39
47 21 32
47 24 12
47 25 8
47 26 20
47 28 17
47 29 25
47 30 16
47 31 26
47 33 21
47 35 14
47 37 19
47 39 29
47 41 8
47 42 30
47 44 31
47 45 36
47 46 37
48 0 12
48 1 23
48 2 37
48 3 18
48 4 7
48 5 15
48 6 3
48 7 2
48 8 15
48 9 23
48 13 1
48 14 2
48 15 1
48 16 30
48 17 31
48 18 40
48 20 39
48 23 12
48 24 26
48 25 26
48 26 6
48 27 38
48 28 38
48 31 26
48 33 8
48 34 30
48 37 6
48 39 14
48 40 27
48 44 22
48 46 2
48 47 14
49 0 31
49 4 11
49 5 4
49 6 14
49 8 40
49 10 28
49 11 27
49 13 16
49 14 1
49 15 12
49 17 34
49 18 11
49 19 26
49 20 23
49 21 40
49 25 28
49 28 32
49 29 5
49 31 25
49 32 15
49 33 27
49 35 23
49 37 9
49 39 38
49 41 19
49 43 18
49 45 18
50 1 4
50 8 36
50 9 24
50 10 18
50 11 10
50 12 31
50 14 39
50 17 38
50 18 5
50 19 21
50 20 25
50 21 6
50 25 17
50 26 3
50 27 30
50 29 13
50 33 16
50 36 16
50 37 16
50 38 18
50 39 9
50 41 16
50 42 19
50 44 31
50 45 36
50 48 2
50 49 39
51 0 24
51 3 37
51 4 25
51 6 22
51 7 35
51 8 10
51 9 12
51 10 25
51 11 26
51 12 8
51 13 28
51 14 7
51 15 4
51 16 17
51 17 9
51 18 1
51 19 14
51 21 22
51 22 8
51 23 27
51 25 40
51 27 6
51 29 13
51 30 22
51 31 5
51 32 15
51 33 21
51 34 24
51 35 16
51 37 38
51 39 28
51 42 32
51 43 29
51 45 25
51 46 30
51 49 4
51 50 26
52 2 12
52 3 13
52 4 2
52 5 30
52 6 20
52 7 40
52 9 29
52 10 23
52 13 37
52 16 40
52 17 21
52 19 34
52 21 40
52 22 30
52 23 40
52 24 40
52 26 22
52 28 1
52 29 11
52 30 31
52 32 5
52 33 9
52 36 32
52 37 31
52 40 18
52 42 10
52 44 15
52 45 40
52 46 30
52 47 26
52 49 15
52 50 23
52 51 29
53 0 2
53 2 37
53 3 29
53 4 17
53 6 9
53 8 37
53 10 12
53 11 11
53 12 34
53 15 24
53 16 31
53 17 7
53 19 36
53 20 4
53 23 24
53 26 4
53 27 16
53 29 21
53 30 8
53 32 18
53 33 19
53 34 2
53 35 39
53 39 36
53 40 18
53 48 18
53 49 25
54 2 13
54 8 16
54 10 17
54 11 34
54 13 35
54 15 1
54 17 25
54 20 35
54 21 21
54 22 33
54 23 16
54 27 22
54 28 11
54 30 33
54 31 30
54 33 29
54 40 15
54 41 7
54 42 16
54 43 38
54 44 26
54 50 40
54 51 32
54 52 8
54 53 35
55 0 37
55 2 13
55 5 9
55 6 29
55 7 28
55 9 34
55 10 10
55 11 5
55 13 17
55 14 31
55 15 19
55 16 37
55 17 38
55 18 29
55 20 19
55 22 37
55 23 40
55 24 1
55 25 3
55 26 35
55 27 19
55 28 4
55 29 5
55 30 37
55 33 17
55 35 28
55 37 19
55 39 10
55 41 26
55 42 6
55 44 22
55 51 36
56 1 25
56 2 14
56 3 19
56 5 12
56 6 8
56 7 39
56 9 14
56 10 19
56 14 22
56 16 34
56 17 39
56 19 34
56 22 11
56 23 11
56 24 22
56 25 26
56 26 18
56 29 33
56 30 17
56 31 24
56 32 3
56 33 31
56 34 21
56 35 31
56 37 5
56 39 36
56 40 10
56 41 12
56 43 9
56 48 11
56 50 18
56 52 27
56 53 8
56 54 34
56 55 17
57 1 13
57 2 3
57 3 1
57 4 8
57 5 14
57 6 5
57 7 18
57 9 20
57 11 34
57 13 3
57 14 7
57 16 34
57 20 13
57 21 32
57 22 5
57 25 32
57 26 39
57 29 25
57 30 34
57 31 14
57 32 8
57 33 31
57 35 23
57 36 19
57 37 9
57 38 34
57 39 12
57 40 39
57 43 2
57 45 23
57 46 6
57 51 17
57 52 20
57 53 17
57 54 10
57 56 25
58 0 18
58 4 22
58 6 13
58 9 32
58 10 34
58 13 30
58 14 18
58 15 14
58 16 22
58 19 15
58 21 39
58 22 2
58 23 31
58 25 8
58 28 30
58 29 38
58 31 39
58 32 1
58 33 2
58 34 13
58 35 17
58 37 12
58 40 37
58 46 12
58 48 37
58 50 1
58 51 17
58 53 34
58 55 13
58 56 27
59 0 14
59 2 23
59 3 10
59 4 5
59 5 12
59 6 40
59 7 34
59 9 22
59 10 28
59 13 4
59 17 28
59 18 36
59 20 13
59 21 33
59 23 24
59 24 23
59 26 15
59 27 4
59 28 24
59 29 29
59 30 5
59 31 33
59 32 9
59 33 34
59 34 17
59 39 19
59 40 33
59 42 25
59 44 4
59 45 38
59 46 14
59 48 3
59 49 28
59 50 2
59 51 33
59 55 40
59 56 13
59 57 20
60 0 20
60 1 22
60 2 17
60 3 35
60 4 2
60 5 34
60 6 1
60 7 13
60 9 19
60 12 38
60 13 28
60 14 18
60 15 5
60 16 4
60 17 24
60 18 27
60 19 40
60 20 24
60 22 21
60 23 36
60 24 21
60 25 7
60 26 9
60 29 25
60 31 10
60 34 35
60 35 11
60 36 23
60 39 2
60 40 40
60 41 1
60 42 10
60 44 32
60 46 34
60 48 39
60 49 4
60 50 34
60 52 40
60 54 30
60 55 36
60 56 8
60 57 1
60 59 26
61 1 25
61 2 11
61 3 33
61 4 6
61 5 3
61 6 8
61 7 14
61 12 18
61 14 29
61 15 25
61 16 17
61 18 10
61 19 40
61 20 19
61 24 8
61 26 20
61 27 14
61 29 11
61 30 38
61 31 39
61 33 6
61 34 17
61 35 19
61 36 30
61 37 12
61 39 20
61 44 13
61 46 5
61 49 4
61 50 29
61 51 37
61 53 3
61 59 7
62 1 35
62 2 21
62 4 29
62 6 34
62 7 6
62 8 8
62 10 15
62 11 24
62 13 11
62 18 36
62 19 17
62 20 10
62 21 35
62 23 13
62 25 10
62 28 40
62 29 4
62 33 1
62 35 4
62 37 40
62 38 10
62 40 16
62 41 3
62 42 19
62 43 36
62 44 35
62 45 28
62 48 25
62 50 31
62 52 14
62 53 17
62 55 32
62 56 21
62 57 4
62 60 17
62 61 14
63 0 11
63 1 25
63 2 39
63 3 1
63 5 9
63 6 13
63 7 25
63 10 36
63 12 35
63 14 2
63 15 29
63 16 31
63 18 32
63 19 5
63 21 37
63 22 31
63 23 38
63 24 1
63 25 32
63 27 37
63 28 4
63 29 8
63 32 11
63 33 22
63 34 36
63 35 30
63 37 24
63 38 13
63 39 34
63 40 27
63 43 19
63 44 30
63 45 26
63 46 37
63 48 22
63 49 16
63 50 10
63 51 38
63 53 32
63 56 13
63 57 12
63 58 13
63 61 30
63 62 23
64 2 34
64 3 20
64 5 7
64 6 23
64 8 8
64 9 4
64 10 6
64 11 13
64 12 40
64 14 27
64 15 40
64 18 21
64 19 30
64 20 27
64 21 10
64 22 33
64 23 31
64 25 24
64 26 20
64 28 34
64 29 23
64 31 28
64 32 12
64 33 40
64 36 4
64 37 30
64 38 18
64 39 18
64 41 39
64 42 25
64 43 21
64 45 15
64 46 20
64 47 16
64 54 20
64 55 9
64 56 17
64 57 29
64 59 25
64 60 19
64 61 30
64 62 35
64 63 10
65 0 37
65 3 25
65 4 36
65 7 31
65 9 25
65 10 26
65 11 31
65 12 24
65 13 3
65 14 27
65 17 24
65 18 34
65 19 36
65 20 22
65 22 18
65 23 9
65 24 36
65 25 7
65 27 37
65 28 4
65 29 1
65 30 30
65 31 11
65 33 15
65 34 17
65 35 19
65 36 12
65 41 27
65 42 32
65 43 30
65 45 2
65 46 10
65 48 27
65 50 27
65 52 16
65 53 18
65 56 20
65 57 9
65 58 2
65 60 21
65 61 18
65 63 29
65 64 5
66 0 7
66 3 40
66 5 5
66 6 29
66 9 4
66 11 36
66 12 6
66 14 39
66 15 2
66 18 2
66 21 26
66 22 39
66 23 26
66 24 23
66 25 17
66 26 15
66 29 27
66 30 26
66 31 9
66 32 33
66 34 23
66 38 33
66 39 21
66 40 5
66 42 24
66 43 17
66 44 16
66 45 24
66 46 12
66 48 2
66 49 3
66 50 39
66 51 31
66 52 5
66 54 10
66 58 1
66 59 29
66 63 13
66 64 20
66 65 34
67 2 18
67 3 26
67 5 22
67 6 40
67 7 24
67 9 2
67 11 39
67 12 20
67 20 29
67 21 40
67 22 27
67 23 24
67 24 28
67 25 33
67 26 10
67 27 18
67 30 16
67 31 28
67 33 4
67 35 34
67 36 30
67 37 13
67 39 9
67 41 33
67 42 23
67 44 15
67 45 11
67 46 16
67 47 23
67 49 27
67 52 40
67 53 3
67 54 26
67 55 26
67 56 35
67 58 36
67 59 33
67 60 30
67 63 27
67 64 16
67 65 21
67 66 11
68 1 34
68 2 5
68 4 6
68 5 24
68 7 26
68 8 21
68 11 3
68 12 20
68 13 6
68 14 4
68 15 5
68 16 38
68 20 25
68 22 40
68 23 34
68 24 9
68 25 35
68 27 19
68 34 24
68 35 40
68 36 12
68 37 39
68 38 18
68 39 32
68 41 20
68 43 26
68 44 28
68 45 32
68 46 33
68 47 13
68 48 19
68 49 23
68 51 11
68 54 10
68 55 31
68 56 11
68 58 32
68 61 26
68 65 33
69 0 22
69 3 5
69 6 37
69 7 29
69 8 3
69 9 34
69 10 20
69 12 17
69 13 13
69 16 1
69 17 19
69 20 22
69 22 8
69 23 3
69 24 40
69 27 17
69 28 5
69 29 7
69 30 36
69 31 20
69 32 23
69 33 10
69 34 37
69 35 11
69 36 16
69 37 25
69 40 22
69 44 8
69 46 40
69 47 12
69 49 5
69 50 7
69 51 6
69 54 24
69 56 26
69 57 16
69 58 9
69 62 1
69 63 19
69 64 24
69 65 1
69 66 37
69 67 20
