40
3 0 237
3 1 302
5 1 187
7 5 76
9 4 206
10 0 244
10 1 262
10 9 105
11 1 139
11 6 122
12 1 3
12 6 236
12 7 67
12 11 157
13 0 204
13 1 135
13 4 112
14 1 153
14 6 105
14 7 180
14 8 204
14 12 172
15 9 66
16 5 92
16 6 137
16 10 151
16 14 282
17 5 303
17 6 223
17 8 168
17 9 211
18 0 69
18 1 145
18 6 127
18 10 126
18 15 2
18 17 225
19 8 277
19 13 68
19 17 101
20 0 264
20 3 70
20 4 16
20 7 56
20 11 31
20 12 18
20 15 293
20 18 89
21 0 300
21 1 262
21 2 239
21 10 129
21 13 117
21 18 288
22 1 61
22 10 257
22 12 308
22 18 274
22 20 286
23 13 202
24 2 199
24 14 14
24 16 156
25 7 197
25 11 213
25 14 149
26 3 157
26 4 22
26 18 142
27 13 200
27 15 255
27 22 242
27 25 313
28 0 202
28 6 18
28 9 286
28 17 294
29 3 113
29 11 110
29 14 102
29 17 213
29 19 129
29 28 221
30 1 12
30 8 66
30 13 208
31 2 115
31 3 234
31 5 239
31 15 166
31 23 108
31 27 81
31 29 132
32 1 17
32 3 275
32 12 229
32 23 205
33 3 182
33 8 293
33 20 240
33 22 85
33 29 289
33 32 103
34 1 301
34 2 90
34 7 129
34 29 174
34 33 300
35 7 219
35 9 300
35 12 151
35 17 293
35 22 227
35 28 22
36 3 233
36 7 32
36 9 160
36 11 195
36 17 223
36 20 320
36 32 243
37 6 247
37 7 41
37 8 179
37 12 20
37 24 247
37 26 128
37 28 29
37 31 115
37 35 105
38 0 167
38 2 23
38 7 229
38 9 169
38 12 202
38 16 306
38 17 49
38 21 109
38 34 212
39 10 164
39 13 280
39 38 43
