20
2 1 2
3 0 2
3 1 1
3 2 3
4 0 9
4 1 1
4 2 1
4 3 8
5 0 7
5 1 9
5 2 3
5 3 7
6 0 1
6 1 6
6 2 10
6 3 10
6 4 6
6 5 6
7 0 8
7 1 6
7 2 4
7 3 3
7 4 3
7 5 6
8 1 8
8 3 7
8 4 7
8 5 7
8 6 2
8 7 2
9 1 1
9 2 6
9 3 8
9 4 1
9 5 4
9 6 6
10 0 6
10 1 1
10 2 1
10 4 5
10 5 10
10 6 2
10 7 7
10 9 8
11 0 5
11 1 6
11 2 6
11 3 3
11 4 5
11 5 7
11 6 5
11 7 10
11 8 9
11 9 2
11 10 1
12 0 9
12 2 6
12 3 3
12 5 2
12 6 9
12 8 8
12 9 9
12 10 9
12 11 4
13 1 9
13 2 3
13 3 3
13 5 9
13 6 2
13 7 9
13 8 6
13 9 8
13 11 3
14 0 10
14 1 3
14 2 5
14 3 2
14 4 8
14 6 8
14 8 10
14 9 2
14 11 5
15 0 2
15 1 3
15 2 6
15 3 7
15 5 5
15 6 3
15 7 9
15 9 10
15 10 4
15 13 2
16 0 7
16 1 4
16 2 4
16 3 6
16 4 7
16 5 5
16 7 6
16 8 4
16 9 3
16 10 9
16 11 1
16 12 2
16 13 6
16 14 1
16 15 7
17 0 3
17 2 1
17 3 9
17 6 3
17 7 10
17 8 5
17 9 6
17 10 6
17 12 3
17 13 6
17 14 3
17 15 7
17 16 7
18 0 6
18 1 7
18 2 2
18 3 10
18 5 8
18 6 8
18 7 10
18 8 10
18 10 2
18 11 1
18 12 4
18 13 7
18 14 6
18 15 2
18 17 2
19 0 1
19 1 4
19 2 6
19 3 2
19 4 5
19 5 3
19 6 10
19 10 3
19 11 2
19 14 6
19 15 6
19 16 7
19 17 8
19 18 7
