50
1 0 41
2 0 44
2 1 53
3 0 40
3 1 4
4 0 45
4 1 19
4 2 74
4 3 33
5 1 2
5 2 31
5 3 28
6 0 48
6 3 43
6 4 73
7 2 69
7 3 57
7 4 39
7 5 53
8 0 29
8 1 19
8 3 71
8 6 74
8 7 48
9 0 27
9 2 3
9 3 74
9 4 72
9 5 40
9 6 53
9 7 47
9 8 19
10 3 9
10 4 68
10 5 51
10 6 7
10 7 78
10 8 8
10 9 44
11 0 37
11 2 18
11 3 56
11 5 15
11 6 62
11 7 21
11 8 22
11 9 18
11 10 41
12 0 28
12 1 62
12 2 5
12 5 56
12 6 11
12 8 29
12 9 8
13 0 2
13 1 45
13 2 68
13 3 51
13 4 25
13 5 26
13 7 37
13 8 57
13 9 58
13 11 50
13 12 54
14 0 28
14 1 10
14 2 23
14 4 12
14 6 68
14 8 20
14 9 68
14 10 6
14 11 7
14 12 42
14 13 76
15 0 28
15 2 44
15 3 68
15 5 35
15 6 38
15 7 2
15 11 28
15 12 14
15 14 55
16 3 28
16 4 49
16 5 46
16 8 54
16 9 28
16 10 47
16 11 8
16 12 53
16 14 73
17 0 70
17 1 6
17 2 46
17 4 36
17 5 29
17 6 67
17 7 72
17 9 21
17 11 70
17 12 4
17 13 21
17 14 16
17 15 20
17 16 50
18 1 19
18 2 60
18 3 28
18 4 9
18 5 71
18 7 51
18 8 39
18 9 56
18 12 31
18 13 73
18 14 36
18 16 24
18 17 25
19 1 4
19 2 39
19 3 26
19 6 24
19 7 69
19 8 80
19 9 26
19 11 61
19 12 10
19 13 34
19 14 7
19 15 46
19 16 72
19 17 67
19 18 79
20 1 51
20 2 77
20 3 59
20 6 21
20 7 55
20 8 24
20 9 77
20 10 67
20 11 3
20 13 52
20 14 29
20 15 44
20 18 48
20 19 64
21 0 14
21 3 66
21 4 34
21 5 46
21 6 44
21 8 42
21 9 49
21 10 62
21 12 28
21 13 22
21 15 78
21 16 34
21 17 38
21 18 23
21 19 80
21 20 65
22 0 75
22 1 26
22 2 65
22 4 7
22 5 27
22 6 35
22 7 27
22 8 70
22 9 50
22 10 77
22 11 35
22 12 46
22 13 76
22 14 41
22 15 49
22 16 6
22 17 43
22 18 25
22 19 73
23 0 80
23 2 46
23 3 53
23 4 48
23 6 13
23 8 31
23 9 33
23 10 9
23 11 35
23 13 77
23 14 32
23 16 47
23 17 71
23 18 60
23 19 5
23 20 53
23 22 61
24 0 21
24 1 19
24 2 78
24 4 13
24 5 75
24 6 48
24 8 19
24 9 27
24 10 69
24 11 78
24 12 49
24 13 49
24 14 21
24 18 36
24 19 7
24 21 33
24 22 5
24 23 21
25 0 59
25 1 16
25 2 33
25 3 48
25 4 57
25 5 76
25 6 77
25 7 21
25 8 67
25 10 56
25 12 22
25 13 13
25 14 5
25 15 12
25 19 63
25 20 29
25 21 70
25 22 53
25 23 18
26 0 26
26 3 58
26 4 16
26 7 1
26 8 39
26 9 33
26 10 44
26 11 64
26 12 10
26 13 19
26 15 8
26 17 78
26 21 35
26 24 47
26 25 19
27 0 23
27 1 55
27 2 68
27 3 10
27 4 69
27 6 7
27 7 72
27 8 52
27 11 57
27 12 17
27 15 36
27 16 10
27 18 23
27 19 3
27 20 43
27 21 8
27 23 7
27 24 33
27 25 51
27 26 22
28 2 18
28 4 18
28 5 20
28 6 15
28 9 37
28 11 76
28 12 53
28 13 62
28 14 2
28 16 44
28 17 38
28 18 54
28 20 14
28 21 43
28 23 79
28 25 45
28 27 32
29 1 57
29 2 77
29 4 52
29 5 35
29 6 29
29 10 62
29 11 28
29 12 67
29 13 70
29 14 25
29 15 7
29 18 59
29 19 44
29 20 70
29 21 34
29 22 34
29 23 36
29 24 1
29 25 11
29 26 46
29 28 1
30 0 65
30 2 72
30 3 43
30 4 20
30 5 52
30 6 48
30 7 54
30 8 15
30 9 48
30 10 17
30 11 1
30 12 39
30 14 40
30 15 26
30 16 19
30 18 10
30 19 78
30 20 49
30 23 51
30 24 30
30 25 39
30 27 43
30 28 17
30 29 54
31 0 15
31 1 32
31 2 77
31 3 9
31 4 68
31 5 54
31 6 78
31 7 41
31 8 49
31 9 75
31 10 49
31 11 51
31 12 48
31 14 78
31 16 71
31 18 47
31 19 1
31 21 59
31 22 6
31 24 40
31 25 70
31 26 20
31 27 5
31 28 76
31 29 4
31 30 45
32 4 54
32 5 61
32 9 61
32 12 73
32 13 26
32 15 21
32 16 64
32 17 59
32 19 34
32 20 48
32 21 72
32 22 58
32 23 67
32 24 40
32 26 12
32 27 11
32 28 10
32 29 76
32 30 4
32 31 24
33 0 42
33 3 79
33 8 68
33 10 22
33 11 75
33 13 18
33 16 30
33 17 2
33 18 78
33 19 66
33 20 45
33 22 64
33 23 55
33 24 63
33 25 67
33 26 26
33 27 51
33 31 36
33 32 57
34 3 65
34 5 14
34 7 33
34 8 69
34 11 15
34 13 9
34 15 37
34 17 27
34 18 43
34 20 39
34 21 78
34 24 42
34 25 43
34 27 10
34 29 3
34 30 49
35 0 37
35 1 50
35 3 64
35 4 78
35 5 79
35 6 59
35 7 23
35 8 11
35 9 33
35 10 63
35 11 14
35 12 38
35 13 36
35 14 55
35 15 49
35 18 6
35 20 65
35 27 31
35 28 65
35 30 67
35 31 29
35 32 36
36 0 55
36 1 54
36 2 20
36 4 66
36 5 26
36 7 19
36 8 55
36 12 7
36 13 26
36 15 63
36 17 33
36 18 73
36 19 49
36 20 47
36 21 66
36 23 64
36 26 30
36 28 5
36 30 20
36 31 32
36 32 10
36 33 28
36 35 45
37 0 78
37 1 22
37 2 3
37 3 65
37 4 55
37 5 58
37 7 23
37 9 69
37 11 26
37 12 63
37 13 67
37 14 3
37 15 16
37 18 54
37 19 21
37 20 19
37 22 50
37 23 13
37 24 72
37 25 36
37 26 76
37 27 17
37 29 19
37 30 71
37 33 26
37 34 63
38 0 15
38 1 27
38 2 21
38 5 7
38 9 4
38 10 19
38 11 35
38 12 75
38 13 45
38 15 43
38 16 30
38 17 12
38 18 16
38 20 25
38 22 17
38 23 11
38 25 73
38 26 71
38 27 58
38 28 80
38 29 66
38 30 21
38 31 30
38 34 27
38 35 45
38 37 19
39 0 80
39 1 8
39 2 3
39 5 50
39 6 50
39 7 70
39 9 50
39 10 71
39 11 32
39 12 5
39 14 32
39 15 17
39 16 68
39 17 15
39 18 38
39 19 28
39 22 16
39 23 73
39 26 36
39 27 12
39 28 30
39 29 48
39 30 64
39 33 10
39 34 46
39 35 9
39 36 12
39 37 30
39 38 37
40 1 76
40 2 34
40 3 61
40 4 14
40 7 42
40 8 41
40 9 53
40 11 1
40 12 74
40 14 60
40 15 49
40 16 76
40 18 15
40 19 3
40 22 72
40 23 5
40 25 65
40 26 4
40 27 71
40 28 24
40 30 36
40 31 18
40 32 54
40 33 66
40 34 42
40 35 29
40 36 8
40 37 43
40 39 68
41 1 58
41 3 7
41 4 61
41 5 23
41 6 72
41 7 77
41 8 52
41 9 63
41 11 34
41 14 66
41 15 80
41 16 39
41 18 29
41 19 27
41 20 75
41 22 43
41 23 28
41 24 76
41 25 51
41 27 73
41 29 48
41 30 45
41 31 70
41 32 16
41 33 30
41 34 5
41 35 66
41 36 36
41 37 61
41 39 15
42 5 42
42 6 48
42 7 45
42 8 8
42 10 60
42 11 37
42 13 50
42 15 41
42 16 53
42 17 33
42 18 21
42 19 33
42 20 78
42 21 13
42 24 67
42 26 70
42 27 60
42 28 2
42 29 38
42 30 58
42 31 74
42 32 49
42 33 1
42 35 74
42 36 14
42 37 72
42 38 64
42 41 62
43 0 75
43 1 3
43 2 63
43 4 4
43 5 70
43 7 49
43 8 53
43 9 20
43 10 16
43 11 72
43 12 69
43 13 72
43 14 35
43 15 34
43 16 74
43 17 37
43 18 36
43 19 59
43 20 27
43 21 10
43 23 57
43 25 68
43 26 56
43 27 21
43 28 26
43 30 62
43 31 56
43 32 33
43 35 13
43 36 65
43 37 5
43 38 80
43 39 3
43 40 80
43 41 8
43 42 20
44 0 39
44 1 61
44 2 78
44 3 12
44 4 16
44 5 13
44 6 41
44 7 22
44 8 46
44 9 13
44 10 3
44 11 43
44 13 5
44 14 59
44 15 36
44 18 72
44 19 20
44 20 47
44 23 23
44 24 25
44 26 17
44 27 38
44 29 73
44 30 3
44 33 53
44 34 63
44 35 38
44 37 57
44 39 79
44 40 32
44 41 69
44 42 48
44 43 59
45 1 46
45 2 9
45 3 73
45 5 7
45 6 11
45 7 27
45 8 16
45 9 27
45 10 62
45 11 24
45 12 29
45 13 7
45 14 30
45 15 50
45 17 5
45 18 63
45 19 2
45 20 55
45 22 78
45 25 47
45 29 29
45 31 80
45 32 55
45 34 17
45 36 22
45 38 73
45 39 71
45 40 75
45 41 71
45 42 63
45 43 37
45 44 51
46 0 64
46 1 74
46 2 74
46 4 40
46 5 57
46 6 2
46 9 65
46 10 49
46 11 74
46 12 37
46 15 70
46 16 35
46 17 76
46 18 67
46 19 61
46 20 59
46 22 41
46 24 15
46 25 17
46 26 33
46 29 35
46 30 17
46 32 62
46 33 15
46 36 32
46 37 47
46 38 23
46 39 14
46 40 38
46 41 60
46 42 69
46 43 62
46 44 75
47 1 10
47 2 55
47 3 57
47 5 4
47 7 78
47 8 25
47 9 79
47 10 5
47 13 76
47 14 58
47 17 55
47 18 70
47 19 40
47 24 54
47 25 15
47 26 74
47 28 5
47 29 54
47 31 65
47 32 31
47 33 52
47 34 45
47 37 78
47 38 28
47 39 27
47 40 57
47 42 53
47 43 17
47 44 44
47 46 21
48 0 78
48 3 57
48 5 36
48 6 32
48 7 48
48 8 56
48 9 69
48 10 75
48 11 52
48 12 60
48 13 80
48 15 43
48 16 61
48 17 77
48 18 58
48 19 26
48 21 54
48 22 78
48 24 31
48 26 2
48 27 13
48 29 63
48 31 23
48 32 51
48 33 17
48 34 16
48 35 26
48 37 5
48 39 22
48 42 6
48 43 5
48 45 55
49 0 4
49 1 41
49 2 30
49 4 41
49 6 70
49 7 15
49 8 45
49 12 76
49 13 54
49 14 50
49 15 57
49 16 62
49 17 25
49 18 5
49 19 71
49 20 22
49 22 51
49 24 43
49 26 1
49 28 46
49 29 12
49 30 10
49 32 73
49 33 20
49 34 56
49 35 2
49 36 64
49 37 26
49 38 29
49 40 74
49 41 70
49 42 77
49 46 77
49 47 71
49 48 30
