70
2 0 4
3 0 40
4 0 26
5 2 19
6 0 10
6 1 1
6 3 11
6 4 39
6 5 39
7 3 8
7 5 7
8 4 22
8 6 35
9 1 14
9 4 31
10 0 9
10 2 24
10 3 1
10 5 3
10 6 35
11 2 14
11 3 39
11 4 37
11 7 35
12 0 38
12 1 21
12 5 7
12 6 34
12 8 34
12 11 9
13 0 39
13 2 34
13 6 37
13 12 11
14 0 14
14 1 36
14 4 35
14 6 29
14 7 30
15 5 23
15 6 1
15 9 24
15 10 31
15 11 33
16 0 40
16 1 32
16 3 7
16 7 40
16 10 18
16 12 19
17 1 15
17 2 18
17 3 13
17 4 29
17 7 4
17 13 35
17 16 3
18 0 2
18 8 35
18 11 17
18 14 12
18 16 4
18 17 12
19 0 11
19 1 11
19 4 28
19 5 28
19 6 14
19 9 35
19 11 13
19 13 3
19 14 3
19 18 38
20 2 36
20 3 34
20 7 7
20 8 6
20 9 12
20 12 30
20 16 18
21 0 14
21 3 40
21 6 28
21 8 21
21 11 1
21 12 16
21 15 22
21 17 15
21 18 19
21 20 33
22 7 3
22 10 10
22 18 28
23 0 34
23 1 36
23 7 4
23 8 10
23 9 20
23 14 37
23 18 16
23 21 29
24 1 38
24 2 33
24 5 27
24 13 18
24 14 39
24 18 38
24 20 4
24 21 25
24 22 13
25 2 24
25 3 23
25 5 29
25 6 35
25 7 20
25 10 34
25 13 29
25 17 30
25 19 37
25 20 29
25 22 2
25 24 21
26 4 16
26 7 22
26 10 23
26 12 11
26 13 7
26 15 31
26 16 4
26 19 38
26 23 4
26 24 5
27 2 13
27 4 17
27 5 39
27 10 18
27 11 23
27 14 38
27 17 22
27 18 12
27 19 17
27 20 25
27 22 3
27 23 16
28 0 1
28 1 23
28 3 5
28 5 1
28 8 25
28 9 21
28 15 40
28 19 29
28 20 20
28 27 1
29 2 7
29 3 39
29 4 27
29 5 36
29 9 25
29 12 2
29 14 23
29 16 33
29 18 15
30 0 24
30 1 5
30 4 34
30 5 37
30 6 28
30 10 17
30 12 15
30 13 7
30 14 15
30 15 16
30 16 22
30 20 12
30 21 10
30 22 19
30 23 34
30 25 22
30 26 12
30 28 23
30 29 11
31 2 2
31 3 26
31 5 23
31 7 29
31 10 32
31 12 21
31 13 8
31 14 38
31 19 37
31 24 11
31 27 11
31 29 31
32 5 1
32 6 22
32 7 11
32 10 33
32 13 5
32 16 16
32 17 19
32 19 16
32 20 37
32 21 32
32 23 28
32 26 12
32 27 15
32 28 19
32 30 16
32 31 8
33 2 3
33 4 5
33 5 2
33 7 12
33 9 19
33 10 29
33 13 12
33 15 13
33 18 29
33 19 17
33 21 27
33 22 3
33 23 3
33 26 14
33 30 21
34 1 37
34 9 30
34 11 2
34 15 4
34 22 13
34 30 16
34 32 14
35 0 16
35 2 26
35 3 28
35 4 24
35 6 12
35 7 2
35 9 20
35 12 37
35 18 32
35 19 28
35 21 35
35 27 23
35 29 5
35 31 20
35 32 35
35 33 10
36 0 1
36 2 12
36 4 37
36 6 17
36 7 24
36 8 13
36 9 36
36 10 38
36 11 33
36 14 15
36 15 17
36 17 19
36 19 6
36 23 18
36 24 28
36 25 39
36 27 32
36 28 2
36 30 23
36 34 22
37 0 27
37 2 29
37 4 28
37 5 38
37 6 9
37 7 32
37 10 4
37 16 36
37 19 27
37 25 10
37 30 26
37 35 39
37 36 21
38 1 28
38 3 31
38 5 24
38 7 14
38 8 15
38 11 20
38 13 19
38 14 10
38 20 32
38 21 2
38 24 9
38 25 30
38 26 17
38 28 22
38 29 18
38 30 23
38 31 30
38 35 4
38 36 16
38 37 37
39 2 21
39 4 1
39 5 30
39 7 30
39 8 26
39 11 4
39 13 6
39 14 2
39 18 15
39 19 18
39 21 38
39 22 14
39 23 17
39 24 24
39 28 32
39 29 22
39 30 27
39 32 34
39 33 1
39 34 32
39 35 23
39 36 19
40 0 29
40 1 40
40 2 29
40 4 4
40 5 2
40 6 10
40 11 34
40 12 23
40 15 19
40 16 32
40 17 19
40 20 21
40 22 14
40 23 7
40 27 4
40 30 8
40 33 18
40 34 20
40 35 13
40 37 35
41 0 8
41 6 31
41 8 31
41 11 25
41 12 24
41 14 21
41 18 8
41 24 16
41 27 30
41 29 7
41 31 19
41 36 21
41 38 29
41 39 11
41 40 32
42 4 21
42 6 39
42 9 8
42 12 4
42 16 27
42 17 33
42 18 26
42 22 13
42 25 15
42 27 31
42 30 39
42 31 16
42 32 1
42 34 29
42 38 20
42 41 8
43 1 22
43 3 16
43 4 6
43 6 33
43 7 33
43 8 31
43 10 4
43 11 31
43 16 4
43 17 34
43 21 12
43 23 28
43 24 37
43 26 34
43 28 35
43 37 15
43 38 7
43 40 38
43 41 22
44 4 33
44 5 19
44 7 22
44 9 25
44 10 9
44 13 9
44 17 31
44 18 21
44 21 40
44 22 16
44 25 36
44 28 1
44 29 19
44 30 40
44 34 9
44 35 20
44 37 34
44 38 30
44 40 11
44 41 32
44 42 7
44 43 22
45 0 31
45 4 31
45 5 39
45 7 33
45 10 23
45 13 29
45 14 2
45 15 34
45 16 2
45 17 5
45 25 3
45 26 23
45 35 13
45 38 25
45 40 11
45 41 5
45 43 23
46 1 25
46 4 21
46 5 5
46 7 6
46 10 4
46 11 27
46 12 2
46 14 20
46 15 38
46 17 30
46 19 39
46 23 6
46 24 40
46 26 5
46 33 25
46 37 39
46 39 21
46 40 20
46 42 30
46 44 39
47 1 22
47 2 26
47 3 13
47 5 7
47 8 26
47 14 9
47 16 1
47 17 9
47 18 7
47 19 37
47 22 36
47 23 34
47 25 23
47 28 11
47 29 40
47 33 29
47 34 29
47 35 34
47 39 22
47 40 31
47 43 7
48 3 9
48 5 36
48 6 31
48 7 28
48 14 40
48 15 5
48 17 34
48 21 27
48 22 34
48 26 31
48 27 12
48 28 17
48 34 21
48 39 33
48 41 28
48 42 10
48 44 1
48 46 10
48 47 39
49 3 3
49 4 38
49 8 28
49 9 6
49 10 23
49 15 14
49 16 36
49 23 22
49 25 39
49 26 10
49 27 3
49 32 32
49 38 33
49 42 29
49 46 36
49 47 14
50 0 19
50 3 10
50 6 8
50 7 12
50 12 8
50 15 15
50 16 23
50 19 23
50 21 28
50 22 34
50 23 38
50 24 11
50 25 5
50 26 38
50 27 15
50 28 22
50 30 33
50 37 36
50 39 38
50 41 17
50 45 32
50 46 26
51 2 12
51 4 29
51 7 26
51 9 30
51 12 12
51 13 36
51 16 11
51 17 25
51 18 26
51 19 17
51 31 29
51 33 30
51 35 12
51 38 10
51 41 4
51 43 33
51 48 12
51 49 23
52 0 19
52 3 23
52 8 22
52 9 22
52 10 3
52 13 8
52 18 34
52 20 12
52 21 17
52 24 10
52 25 35
52 27 33
52 35 33
52 39 28
52 40 32
52 42 4
52 43 17
52 44 9
52 46 38
52 48 12
52 49 39
53 0 26
53 1 36
53 2 2
53 4 23
53 9 14
53 10 23
53 11 37
53 18 31
53 20 15
53 21 10
53 22 13
53 24 2
53 28 20
53 30 30
53 38 12
53 40 31
53 41 19
53 42 34
53 48 35
53 49 25
53 50 12
53 51 31
54 1 26
54 2 39
54 10 5
54 16 19
54 17 17
54 18 14
54 20 14
54 23 17
54 24 8
54 26 31
54 28 20
54 29 22
54 35 30
54 36 33
54 37 22
54 39 20
54 41 28
54 48 36
54 50 1
54 52 37
54 53 10
55 0 21
55 7 11
55 9 29
55 11 39
55 14 13
55 15 28
55 18 39
55 19 23
55 21 1
55 29 30
55 34 12
55 35 22
55 38 5
55 40 33
55 41 7
55 42 28
55 43 4
55 46 12
55 48 36
55 49 26
55 50 17
55 51 32
55 53 22
56 2 14
56 6 23
56 7 5
56 13 28
56 14 35
56 16 12
56 17 36
56 19 16
56 20 4
56 21 28
56 23 9
56 24 8
56 27 36
56 28 11
56 30 37
56 35 11
56 36 32
56 37 40
56 39 21
56 42 9
56 43 9
56 45 30
56 46 31
56 50 17
56 51 27
56 52 10
56 53 7
56 54 14
56 55 6
57 7 26
57 9 16
57 11 23
57 13 36
57 14 31
57 15 35
57 17 9
57 18 34
57 26 37
57 30 2
57 31 17
57 35 19
57 36 36
57 38 35
57 39 18
57 42 29
57 43 32
58 1 35
58 3 39
58 4 13
58 5 29
58 8 1
58 9 31
58 10 10
58 13 24
58 15 8
58 17 24
58 19 40
58 22 37
58 23 1
58 25 27
58 29 2
58 30 10
58 32 14
58 35 40
58 36 7
58 37 19
58 39 7
58 41 26
58 44 37
58 45 2
58 51 13
58 52 14
58 54 21
59 0 17
59 1 36
59 2 15
59 4 24
59 6 24
59 7 38
59 9 24
59 10 6
59 11 11
59 13 23
59 14 40
59 18 30
59 25 17
59 27 2
59 29 11
59 32 10
59 36 10
59 43 22
59 45 37
59 46 14
59 48 21
59 52 36
59 57 24
60 1 2
60 2 21
60 3 25
60 4 2
60 5 39
60 8 6
60 9 28
60 11 33
60 12 29
60 13 29
60 14 18
60 15 28
60 16 3
60 18 31
60 19 13
60 22 10
60 23 24
60 27 9
60 30 36
60 35 39
60 37 3
60 38 14
60 40 31
60 43 35
60 47 40
60 48 38
60 52 37
60 53 32
60 54 11
60 56 18
60 59 13
61 4 27
61 5 8
61 9 4
61 10 29
61 11 16
61 16 6
61 20 6
61 22 26
61 24 27
61 27 4
61 28 5
61 29 9
61 33 38
61 34 20
61 39 23
61 44 4
61 45 10
61 46 33
61 47 21
61 52 37
61 53 26
61 54 35
61 55 37
61 56 37
61 57 37
61 58 6
62 6 38
62 8 4
62 10 3
62 12 38
62 13 7
62 14 36
62 15 8
62 19 30
62 26 4
62 27 35
62 28 36
62 29 21
62 34 20
62 35 32
62 36 15
62 40 18
62 41 8
62 42 19
62 43 39
62 51 3
62 53 2
62 59 21
63 2 12
63 11 9
63 12 21
63 15 32
63 16 4
63 17 33
63 18 11
63 19 10
63 23 5
63 24 5
63 25 26
63 28 34
63 29 9
63 31 25
63 32 2
63 33 27
63 36 3
63 37 37
63 39 5
63 40 19
63 41 18
63 42 19
63 46 35
63 51 10
63 56 2
63 59 9
63 60 35
63 62 35
64 1 9
64 4 24
64 5 37
64 10 17
64 13 4
64 15 24
64 19 39
64 21 15
64 23 23
64 24 8
64 26 11
64 38 40
64 40 30
64 45 19
64 47 22
64 49 20
64 56 34
64 57 39
64 58 17
64 62 8
64 63 38
65 1 33
65 3 24
65 4 39
65 5 35
65 6 21
65 9 30
65 10 11
65 11 10
65 12 12
65 13 19
65 14 35
65 16 21
65 19 7
65 20 5
65 22 25
65 24 32
65 29 35
65 30 28
65 34 12
65 35 3
65 36 34
65 37 14
65 43 31
65 45 6
65 47 8
65 49 22
65 51 37
65 54 27
65 59 2
65 62 1
65 63 27
66 0 25
66 1 16
66 8 39
66 9 10
66 11 24
66 14 29
66 18 19
66 23 30
66 24 38
66 25 32
66 27 32
66 28 27
66 33 34
66 35 35
66 36 4
66 41 31
66 44 4
66 46 16
66 49 8
66 52 34
66 53 21
66 54 26
66 55 22
66 56 24
66 58 5
66 60 15
66 62 34
66 63 15
66 65 26
67 1 28
67 2 24
67 3 8
67 5 31
67 7 36
67 8 18
67 9 38
67 12 34
67 13 2
67 15 23
67 16 27
67 18 20
67 20 28
67 27 3
67 36 17
67 43 9
67 46 20
67 48 22
67 50 23
67 51 34
67 52 25
67 56 27
67 60 12
67 64 3
67 66 14
68 2 6
68 3 8
68 4 40
68 5 1
68 8 35
68 9 16
68 11 10
68 16 32
68 17 40
68 21 7
68 22 9
68 24 10
68 32 8
68 33 3
68 34 30
68 35 18
68 38 40
68 42 11
68 43 24
68 49 15
68 50 17
68 51 35
68 52 12
68 53 24
68 55 38
68 59 30
68 66 27
68 67 28
69 0 30
69 2 38
69 6 5
69 9 32
69 16 25
69 17 15
69 21 20
69 22 39
69 23 37
69 25 8
69 30 10
69 32 38
69 33 37
69 35 17
69 37 23
69 38 1
69 40 12
69 41 27
69 42 14
69 43 20
69 49 24
69 51 26
69 52 4
69 55 3
69 56 10
69 58 15
69 59 3
69 60 32
69 64 17
69 66 13
