40
2 0 133
2 1 19
3 0 97
3 1 25
4 0 29
4 1 158
4 2 61
5 0 5
5 1 124
5 2 62
5 3 119
5 4 6
6 0 109
6 1 116
6 2 83
6 4 14
6 5 51
7 1 146
7 2 13
7 3 136
7 5 44
7 6 93
8 1 16
8 4 4
8 6 72
8 7 146
9 0 94
9 1 31
9 3 119
9 4 39
9 6 27
9 7 14
9 8 10
10 0 40
10 2 7
10 3 135
10 4 79
10 5 91
10 6 114
10 7 57
10 8 57
10 9 148
11 2 34
11 3 14
11 4 57
11 6 22
11 7 70
11 9 94
11 10 150
12 0 137
12 1 51
12 3 66
12 4 5
12 5 101
12 6 99
12 7 87
12 8 116
12 9 39
12 11 94
13 0 94
13 1 147
13 2 10
13 3 29
13 6 109
13 7 57
13 10 135
13 11 103
13 12 56
14 2 141
14 3 127
14 4 117
14 6 101
14 7 125
14 8 29
14 10 94
14 11 92
14 12 15
15 0 129
15 4 90
15 6 1
15 8 99
15 10 54
15 12 2
15 13 12
16 0 128
16 2 4
16 3 78
16 4 143
16 7 19
16 8 82
16 11 49
16 13 30
16 14 89
16 15 126
17 1 32
17 3 120
17 4 76
17 5 82
17 7 127
17 8 151
17 9 135
17 11 53
17 12 111
17 13 138
17 14 86
17 15 114
17 16 129
18 0 149
18 1 146
18 3 43
18 4 123
18 5 13
18 7 89
18 9 79
18 10 115
18 12 79
18 15 154
18 16 39
18 17 136
19 0 34
19 2 97
19 3 149
19 4 150
19 5 87
19 6 99
19 7 157
19 8 113
19 10 152
19 12 152
19 13 65
19 17 21
19 18 111
20 1 76
20 2 33
20 3 84
20 5 31
20 6 64
20 7 29
20 10 132
20 11 25
20 12 68
20 13 55
20 17 96
20 18 84
21 0 100
21 3 133
21 5 32
21 7 137
21 8 29
21 9 142
21 10 79
21 11 113
21 13 38
21 16 140
21 17 100
21 19 149
21 20 86
22 0 136
22 1 102
22 2 131
22 3 35
22 4 30
22 6 6
22 7 1
22 8 87
22 9 152
22 10 17
22 11 61
22 12 87
22 13 157
22 17 79
22 19 22
22 20 151
22 21 48
23 0 91
23 1 58
23 3 116
23 4 40
23 6 52
23 7 68
23 8 91
23 10 99
23 11 121
23 12 130
23 13 22
23 14 80
23 18 17
23 20 147
23 21 52
24 0 17
24 1 131
24 2 152
24 3 53
24 4 27
24 5 79
24 6 34
24 7 145
24 8 152
24 9 34
24 10 148
24 11 54
24 12 94
24 13 105
24 14 132
24 15 66
24 16 128
24 18 149
24 19 5
24 21 160
25 0 15
25 1 98
25 2 47
25 3 72
25 4 4
25 5 32
25 6 58
25 7 87
25 8 53
25 9 96
25 10 81
25 11 154
25 12 105
25 13 81
25 14 75
25 15 137
25 17 93
25 18 9
25 20 100
25 21 95
25 22 141
25 23 128
26 1 95
26 2 101
26 3 56
26 4 149
26 5 156
26 6 114
26 7 40
26 8 154
26 9 54
26 11 36
26 14 149
26 16 51
26 17 52
26 20 81
26 21 24
26 22 43
26 23 33
26 24 42
27 0 150
27 1 126
27 2 3
27 3 155
27 4 148
27 5 18
27 6 105
27 7 42
27 8 32
27 10 84
27 12 144
27 13 110
27 15 150
27 17 91
27 18 24
27 19 130
27 20 44
27 21 138
27 22 109
27 24 28
27 25 35
27 26 145
28 1 54
28 2 37
28 3 9
28 4 109
28 5 136
28 6 74
28 7 156
28 8 5
28 9 138
28 10 37
28 11 100
28 12 24
28 15 43
28 17 51
28 18 39
28 20 124
28 21 60
28 22 58
28 23 142
28 26 65
28 27 23
29 0 83
29 3 1
29 4 150
29 6 90
29 7 62
29 9 72
29 10 99
29 12 155
29 13 105
29 14 3
29 15 110
29 16 115
29 17 127
29 19 111
29 21 71
29 22 37
29 23 11
29 24 38
29 25 152
29 26 120
29 28 96
30 0 87
30 1 76
30 2 41
30 3 125
30 4 76
30 6 46
30 8 32
30 9 92
30 11 66
30 12 121
30 13 55
30 15 123
30 16 54
30 17 106
30 19 77
30 20 10
30 21 107
30 22 54
30 23 68
30 24 34
30 25 96
30 26 98
30 27 53
30 28 144
30 29 57
31 2 12
31 3 28
31 5 114
31 6 57
31 7 148
31 9 26
31 10 134
31 11 17
31 14 73
31 15 74
31 16 15
31 17 64
31 18 125
31 19 80
31 21 108
31 23 93
31 24 94
31 25 72
31 26 15
31 27 137
31 28 117
31 29 91
31 30 20
32 0 69
32 2 69
32 3 81
32 4 96
32 7 74
32 8 88
32 11 80
32 12 32
32 13 69
32 15 133
32 17 48
32 18 52
32 20 103
32 21 96
32 24 73
32 26 20
32 27 144
32 30 44
33 0 111
33 4 20
33 5 49
33 6 120
33 7 75
33 9 21
33 10 2
33 11 7
33 12 63
33 14 122
33 17 123
33 18 148
33 21 75
33 22 136
33 25 134
33 26 18
33 27 38
33 28 12
33 29 40
33 30 22
33 31 52
34 0 58
34 1 63
34 2 96
34 3 140
34 4 92
34 5 140
34 7 142
34 8 140
34 9 41
34 10 144
34 11 120
34 13 157
34 14 59
34 15 57
34 18 11
34 19 32
34 22 103
34 24 110
34 25 89
34 27 40
34 28 62
34 29 18
34 30 92
34 31 100
34 32 39
34 33 115
35 0 64
35 1 78
35 6 38
35 7 81
35 9 84
35 11 75
35 12 102
35 13 84
35 14 58
35 15 13
35 16 68
35 17 26
35 21 92
35 22 17
35 24 147
35 26 144
35 27 62
35 28 50
35 29 91
35 30 94
35 32 153
35 33 155
36 1 160
36 2 41
36 3 112
36 4 92
36 5 160
36 6 88
36 7 6
36 9 59
36 10 106
36 11 96
36 12 4
36 13 5
36 14 131
36 18 90
36 20 118
36 21 111
36 22 34
36 23 107
36 24 124
36 25 69
36 26 37
36 29 135
36 31 151
36 33 127
36 35 138
37 0 91
37 4 37
37 5 154
37 7 160
37 8 77
37 9 152
37 10 13
37 11 130
37 12 26
37 13 159
37 14 14
37 15 4
37 17 80
37 18 144
37 19 67
37 20 55
37 21 98
37 22 14
37 23 49
37 24 112
37 27 90
37 28 50
37 29 36
37 31 154
37 32 39
37 33 27
37 34 20
37 36 60
38 0 13
38 1 32
38 2 56
38 3 72
38 4 41
38 6 117
38 7 119
38 13 137
38 14 15
38 16 81
38 17 110
38 18 41
38 19 32
38 20 46
38 21 67
38 22 30
38 23 34
38 24 22
38 25 89
38 26 96
38 27 60
38 28 76
38 29 52
38 31 155
38 32 20
38 33 33
38 34 149
38 35 97
38 36 91
38 37 35
39 1 48
39 2 55
39 3 136
39 4 110
39 6 23
39 7 153
39 8 13
39 9 78
39 10 67
39 11 146
39 12 84
39 13 24
39 14 5
39 15 73
39 16 66
39 17 36
39 18 140
39 19 133
39 21 64
39 23 141
39 26 41
39 28 80
39 29 131
39 30 18
39 31 42
39 32 136
39 34 61
39 35 23
39 37 35
39 38 86
