40
3 0 15
5 1 142
5 2 41
5 4 14
6 1 105
6 2 79
6 4 128
6 5 69
7 5 67
8 1 57
8 3 81
8 4 136
8 7 118
9 1 100
9 3 30
10 1 15
10 3 40
10 5 131
10 6 120
10 8 47
11 1 100
11 5 116
11 6 100
11 8 36
11 10 77
12 2 63
12 3 114
12 4 99
13 8 94
13 10 148
14 4 159
14 8 114
14 10 92
14 11 83
15 5 146
15 6 110
15 9 132
15 10 71
15 11 55
15 12 90
15 14 6
16 1 56
16 4 88
16 5 34
16 9 129
16 10 117
16 11 119
16 12 39
16 13 154
17 0 106
17 2 81
17 3 89
17 5 120
17 6 107
17 8 4
17 9 39
17 13 140
17 15 112
18 6 87
18 7 87
18 8 11
18 15 8
18 17 21
19 0 11
19 2 127
19 3 121
19 5 4
19 7 40
19 11 28
19 12 107
19 13 85
19 16 41
19 18 141
20 5 108
20 10 76
20 18 147
20 19 17
21 0 155
21 10 58
21 12 40
21 13 66
21 15 108
21 17 72
21 19 39
22 2 90
22 3 66
22 4 121
22 9 121
22 14 60
22 16 73
23 1 21
23 5 133
23 6 20
23 7 18
23 8 154
23 11 17
23 13 15
23 14 132
23 18 26
23 19 47
23 21 65
24 1 61
24 2 125
24 5 57
24 6 34
24 7 103
24 13 2
24 20 137
24 21 51
24 22 45
25 2 129
25 3 158
25 15 23
25 17 36
25 21 15
25 23 5
26 0 77
26 2 111
26 5 147
26 10 105
26 13 12
26 16 77
26 19 73
26 20 88
26 21 111
26 22 62
26 25 137
27 1 76
27 4 13
27 5 16
27 7 41
27 9 88
27 13 88
27 16 131
27 21 36
27 24 98
27 25 90
27 26 140
28 1 64
28 4 153
28 5 94
28 6 108
28 8 127
28 11 76
28 13 63
28 16 39
28 21 6
28 22 105
28 26 70
28 27 10
29 3 127
29 4 145
29 5 32
29 9 147
29 13 125
29 24 73
30 1 71
30 3 160
30 4 113
30 10 38
30 12 154
30 15 147
30 17 90
30 18 49
30 19 35
30 20 62
30 22 13
30 23 47
31 1 14
31 3 37
31 7 50
31 8 15
31 20 12
31 29 140
31 30 26
32 0 9
32 3 86
32 6 153
32 7 153
32 12 93
32 17 25
32 18 90
32 19 37
32 20 58
32 21 70
32 29 37
33 3 11
33 6 30
33 7 137
33 12 138
33 13 45
33 14 79
33 15 5
33 16 38
33 18 125
33 22 52
33 23 128
33 25 91
33 29 69
33 31 10
33 32 90
34 5 136
34 7 54
34 9 114
34 12 25
34 15 15
34 17 41
34 19 3
34 20 119
34 22 147
34 24 88
34 27 60
34 28 41
34 31 86
35 1 108
35 2 127
35 3 17
35 4 154
35 6 155
35 8 158
35 12 92
35 17 135
35 20 131
35 21 16
35 22 5
35 30 146
35 32 64
36 0 106
36 6 106
36 8 116
36 9 22
36 17 102
36 18 148
36 21 148
36 24 14
36 25 116
36 27 21
36 30 51
36 32 126
36 33 12
37 2 91
37 7 116
37 11 158
37 14 135
37 15 160
37 18 109
37 20 153
37 23 153
37 24 35
37 25 152
37 29 131
37 30 45
37 31 56
37 36 143
38 0 146
38 2 151
38 3 121
38 5 55
38 6 2
38 11 86
38 12 24
38 17 12
38 20 57
38 21 129
38 22 147
38 24 118
38 28 109
38 35 75
38 36 40
39 1 16
39 2 36
39 6 87
39 8 21
39 10 9
39 12 14
39 19 154
39 20 72
39 21 103
39 23 140
39 26 160
39 28 115
39 30 112
39 34 81
39 36 154
39 38 102
