50
1 0 157
2 0 287
2 1 256
3 0 38
3 1 307
3 2 64
4 0 65
4 1 72
4 2 21
4 3 250
5 0 292
5 1 39
5 2 170
5 3 250
5 4 154
6 0 193
6 1 149
6 2 109
6 3 16
6 4 16
6 5 76
7 0 121
7 1 114
7 2 236
7 3 255
7 4 26
7 5 222
7 6 232
8 0 246
8 1 39
8 2 242
8 3 15
8 4 267
8 5 15
8 6 168
8 7 58
9 0 77
9 1 133
9 2 207
9 3 16
9 4 141
9 5 172
9 6 302
9 7 19
9 8 71
10 0 306
10 1 3
10 2 275
10 3 265
10 4 7
10 5 26
10 6 277
10 7 287
10 8 55
10 9 177
11 0 247
11 1 82
11 2 247
11 3 279
11 4 165
11 5 286
11 6 209
11 7 227
11 8 147
11 9 196
11 10 219
12 0 190
12 1 243
12 2 77
12 3 7
12 4 130
12 5 63
12 6 117
12 7 270
12 8 149
12 9 286
12 10 311
12 11 246
13 0 26
13 1 230
13 2 146
13 3 76
13 4 242
13 5 108
13 6 283
13 7 170
13 8 162
13 9 42
13 10 169
13 11 77
13 12 289
14 0 168
14 1 297
14 2 113
14 3 270
14 4 130
14 5 37
14 6 83
14 7 50
14 8 206
14 9 237
14 10 118
14 11 160
14 12 311
14 13 54
15 0 34
15 1 79
15 2 218
15 3 271
15 4 156
15 5 72
15 6 281
15 7 162
15 8 184
15 9 181
15 10 103
15 11 311
15 12 154
15 13 1
15 14 10
16 0 210
16 1 230
16 2 120
16 3 60
16 4 7
16 5 26
16 6 64
16 7 13
16 8 187
16 9 112
16 10 167
16 11 277
16 12 68
16 13 160
16 14 151
16 15 36
17 0 266
17 1 72
17 2 57
17 3 105
17 4 258
17 5 293
17 6 312
17 7 176
17 8 168
17 9 146
17 10 36
17 11 43
17 12 14
17 13 136
17 14 101
17 15 105
17 16 254
18 0 198
18 1 309
18 2 315
18 3 218
18 4 300
18 5 245
18 6 79
18 7 32
18 8 22
18 9 18
18 10 37
18 11 223
18 12 171
18 13 90
18 14 58
18 15 294
18 16 312
18 17 60
19 0 3
19 1 200
19 2 255
19 3 242
19 4 283
19 5 114
19 6 172
19 7 1
19 8 301
19 9 11
19 10 180
19 11 23
19 12 287
19 13 43
19 14 300
19 15 107
19 16 279
19 17 215
19 18 210
20 0 122
20 1 14
20 2 159
20 3 153
20 4 29
20 5 47
20 6 236
20 7 32
20 8 69
20 9 316
20 10 149
20 11 141
20 12 47
20 13 176
20 14 253
20 15 70
20 16 256
20 17 119
20 18 15
20 19 43
21 0 245
21 1 58
21 2 260
21 3 91
21 4 61
21 5 23
21 6 254
21 7 220
21 8 11
21 9 212
21 10 299
21 11 10
21 12 207
21 13 319
21 14 84
21 15 316
21 16 265
21 17 58
21 18 86
21 19 227
21 20 255
22 0 312
22 1 286
22 2 126
22 3 247
22 4 274
22 5 133
22 6 8
22 7 13
22 8 80
22 9 244
22 10 194
22 11 240
22 12 309
22 13 33
22 14 189
22 15 248
22 16 9
22 17 230
22 18 86
22 19 134
22 20 144
22 21 152
23 0 98
23 1 263
23 2 197
23 3 145
23 4 244
23 5 77
23 6 100
23 7 166
23 8 62
23 9 219
23 10 209
23 11 293
23 12 233
23 13 169
23 14 99
23 15 44
23 16 67
23 17 14
23 18 292
23 19 215
23 20 248
23 21 12
23 22 152
24 0 122
24 1 157
24 2 7
24 3 61
24 4 196
24 5 288
24 6 177
24 7 1
24 8 94
24 9 187
24 10 234
24 11 246
24 12 190
24 13 41
24 14 317
24 15 297
24 16 300
24 17 30
24 18 189
24 19 311
24 20 141
24 21 269
24 22 175
24 23 55
25 0 12
25 1 108
25 2 282
25 3 97
25 4 281
25 5 104
25 6 111
25 7 125
25 8 251
25 9 132
25 10 40
25 11 208
25 12 263
25 13 6
25 14 33
25 15 57
25 16 87
25 17 76
25 18 220
25 19 28
25 20 187
25 21 315
25 22 105
25 23 28
25 24 26
26 0 23
26 1 54
26 2 243
26 3 154
26 4 17
26 5 168
26 6 317
26 7 169
26 8 303
26 9 21
26 10 108
26 11 99
26 12 69
26 13 299
26 14 86
26 15 6
26 16 191
26 17 60
26 18 180
26 19 78
26 20 219
26 21 86
26 22 104
26 23 26
26 24 103
26 25 120
27 0 118
27 1 195
27 2 65
27 3 319
27 4 305
27 5 170
27 6 100
27 7 303
27 8 33
27 9 17
27 10 5
27 11 200
27 12 6
27 13 87
27 14 304
27 15 141
27 16 96
27 17 202
27 18 26
27 19 162
27 20 310
27 21 84
27 22 168
27 23 40
27 24 178
27 25 80
27 26 315
28 0 212
28 1 221
28 2 34
28 3 306
28 4 247
28 5 317
28 6 13
28 7 11
28 8 47
28 9 61
28 10 253
28 11 299
28 12 64
28 13 248
28 14 32
28 15 33
28 16 126
28 17 194
28 18 29
28 19 12
28 20 28
28 21 81
28 22 48
28 23 207
28 24 40
28 25 20
28 26 25
28 27 98
29 0 180
29 1 45
29 2 183
29 3 141
29 4 75
29 5 266
29 6 104
29 7 243
29 8 15
29 9 97
29 10 110
29 11 166
29 12 72
29 13 116
29 14 65
29 15 125
29 16 284
29 17 200
29 18 119
29 19 269
29 20 212
29 21 195
29 22 273
29 23 32
29 24 79
29 25 143
29 26 230
29 27 39
29 28 37
30 0 68
30 1 99
30 2 30
30 3 243
30 4 36
30 5 69
30 6 134
30 7 54
30 8 2
30 9 76
30 10 77
30 11 152
30 12 16
30 13 316
30 14 286
30 15 291
30 16 112
30 17 270
30 18 283
30 19 174
30 20 316
30 21 114
30 22 92
30 23 143
30 24 256
30 25 131
30 26 197
30 27 64
30 28 229
30 29 206
31 0 196
31 1 310
31 2 198
31 3 319
31 4 156
31 5 161
31 6 304
31 7 119
31 8 171
31 9 256
31 10 193
31 11 243
31 12 65
31 13 106
31 14 244
31 15 112
31 16 316
31 17 314
31 18 241
31 19 141
31 20 246
31 21 57
31 22 32
31 23 57
31 24 148
31 25 276
31 26 86
31 27 152
31 28 23
31 29 63
31 30 286
32 0 192
32 1 170
32 2 79
32 3 123
32 4 88
32 5 301
32 6 4
32 7 78
32 8 101
32 9 19
32 10 162
32 11 167
32 12 42
32 13 52
32 14 259
32 15 56
32 16 199
32 17 206
32 18 83
32 19 95
32 20 86
32 21 304
32 22 66
32 23 158
32 24 156
32 25 237
32 26 12
32 27 269
32 28 173
32 29 114
32 30 113
32 31 69
33 0 168
33 1 319
33 2 158
33 3 305
33 4 93
33 5 54
33 6 274
33 7 25
33 8 102
33 9 102
33 10 200
33 11 193
33 12 265
33 13 238
33 14 296
33 15 201
33 16 227
33 17 37
33 18 157
33 19 77
33 20 20
33 21 96
33 22 103
33 23 133
33 24 128
33 25 82
33 26 318
33 27 149
33 28 252
33 29 58
33 30 176
33 31 233
33 32 167
34 0 79
34 1 45
34 2 160
34 3 31
34 4 177
34 5 271
34 6 144
34 7 177
34 8 37
34 9 113
34 10 4
34 11 147
34 12 27
34 13 132
34 14 152
34 15 48
34 16 151
34 17 85
34 18 248
34 19 296
34 20 19
34 21 139
34 22 70
34 23 118
34 24 102
34 25 186
34 26 203
34 27 315
34 28 150
34 29 115
34 30 220
34 31 250
34 32 13
34 33 131
35 0 108
35 1 181
35 2 174
35 3 307
35 4 216
35 5 316
35 6 36
35 7 211
35 8 214
35 9 218
35 10 80
35 11 206
35 12 155
35 13 4
35 14 2
35 15 293
35 16 140
35 17 73
35 18 78
35 19 177
35 20 248
35 21 37
35 22 260
35 23 116
35 24 252
35 25 128
35 26 249
35 27 297
35 28 314
35 29 155
35 30 20
35 31 71
35 32 106
35 33 93
35 34 24
36 0 71
36 1 254
36 2 100
36 3 85
36 4 60
36 5 203
36 6 33
36 7 205
36 8 168
36 9 80
36 10 257
36 11 208
36 12 136
36 13 167
36 14 165
36 15 17
36 16 228
36 17 286
36 18 167
36 19 193
36 20 173
36 21 228
36 22 226
36 23 224
36 24 288
36 25 164
36 26 221
36 27 105
36 28 32
36 29 94
36 30 161
36 31 308
36 32 205
36 33 310
36 34 268
36 35 67
37 0 53
37 1 168
37 2 58
37 3 124
37 4 131
37 5 191
37 6 120
37 7 118
37 8 108
37 9 149
37 10 134
37 11 88
37 12 275
37 13 225
37 14 174
37 15 304
37 16 268
37 17 306
37 18 283
37 19 82
37 20 101
37 21 201
37 22 85
37 23 194
37 24 26
37 25 130
37 26 308
37 27 101
37 28 27
37 29 290
37 30 125
37 31 214
37 32 96
37 33 295
37 34 47
37 35 245
37 36 2
38 0 316
38 1 267
38 2 181
38 3 212
38 4 91
38 5 180
38 6 221
38 7 246
38 8 25
38 9 37
38 10 289
38 11 138
38 12 75
38 13 41
38 14 105
38 15 166
38 16 163
38 17 251
38 18 255
38 19 199
38 20 194
38 21 279
38 22 301
38 23 69
38 24 79
38 25 75
38 26 280
38 27 223
38 28 246
38 29 286
38 30 193
38 31 86
38 32 298
38 33 141
38 34 160
38 35 247
38 36 304
38 37 147
39 0 153
39 1 305
39 2 11
39 3 17
39 4 228
39 5 267
39 6 265
39 7 243
39 8 13
39 9 20
39 10 188
39 11 134
39 12 117
39 13 159
39 14 2
39 15 253
39 16 238
39 17 118
39 18 315
39 19 309
39 20 305
39 21 246
39 22 253
39 23 285
39 24 216
39 25 105
39 26 121
39 27 165
39 28 220
39 29 103
39 30 262
39 31 138
39 32 202
39 33 181
39 34 45
39 35 309
39 36 78
39 37 262
39 38 319
40 0 41
40 1 56
40 2 199
40 3 302
40 4 279
40 5 233
40 6 229
40 7 97
40 8 168
40 9 48
40 10 156
40 11 278
40 12 138
40 13 111
40 14 39
40 15 284
40 16 29
40 17 41
40 18 120
40 19 44
40 20 115
40 21 98
40 22 49
40 23 7
40 24 160
40 25 112
40 26 96
40 27 296
40 28 50
40 29 117
40 30 102
40 31 123
40 32 165
40 33 188
40 34 285
40 35 230
40 36 83
40 37 214
40 38 135
40 39 55
41 0 15
41 1 156
41 2 1
41 3 256
41 4 199
41 5 70
41 6 155
41 7 173
41 8 268
41 9 278
41 10 186
41 11 93
41 12 45
41 13 191
41 14 60
41 15 281
41 16 100
41 17 145
41 18 98
41 19 88
41 20 169
41 21 121
41 22 104
41 23 135
41 24 15
41 25 190
41 26 156
41 27 165
41 28 11
41 29 240
41 30 255
41 31 218
41 32 126
41 33 136
41 34 241
41 35 82
41 36 186
41 37 271
41 38 192
41 39 75
41 40 244
42 0 315
42 1 320
42 2 182
42 3 261
42 4 91
42 5 111
42 6 99
42 7 9
42 8 254
42 9 30
42 10 271
42 11 161
42 12 128
42 13 259
42 14 235
42 15 189
42 16 127
42 17 279
42 18 262
42 19 281
42 20 225
42 21 313
42 22 222
42 23 185
42 24 109
42 25 287
42 26 218
42 27 105
42 28 15
42 29 43
42 30 270
42 31 224
42 32 43
42 33 150
42 34 254
42 35 7
42 36 310
42 37 145
42 38 73
42 39 76
42 40 207
42 41 139
43 0 154
43 1 292
43 2 250
43 3 198
43 4 178
43 5 216
43 6 152
43 7 79
43 8 122
43 9 198
43 10 272
43 11 305
43 12 90
43 13 158
43 14 244
43 15 255
43 16 289
43 17 235
43 18 179
43 19 190
43 20 17
43 21 190
43 22 312
43 23 167
43 24 84
43 25 1
43 26 172
43 27 46
43 28 307
43 29 276
43 30 42
43 31 87
43 32 190
43 33 290
43 34 167
43 35 122
43 36 39
43 37 123
43 38 1
43 39 146
43 40 204
43 41 42
43 42 159
44 0 152
44 1 38
44 2 263
44 3 241
44 4 305
44 5 170
44 6 146
44 7 154
44 8 68
44 9 242
44 10 128
44 11 175
44 12 96
44 13 50
44 14 158
44 15 183
44 16 242
44 17 203
44 18 20
44 19 194
44 20 201
44 21 188
44 22 277
44 23 210
44 24 135
44 25 27
44 26 87
44 27 78
44 28 289
44 29 39
44 30 80
44 31 112
44 32 306
44 33 289
44 34 298
44 35 103
44 36 285
44 37 118
44 38 266
44 39 207
44 40 279
44 41 149
44 42 317
44 43 222
45 0 142
45 1 304
45 2 206
45 3 243
45 4 84
45 5 196
45 6 49
45 7 29
45 8 164
45 9 86
45 10 98
45 11 216
45 12 210
45 13 293
45 14 82
45 15 312
45 16 143
45 17 274
45 18 210
45 19 296
45 20 125
45 21 240
45 22 254
45 23 268
45 24 22
45 25 261
45 26 248
45 27 16
45 28 2
45 29 229
45 30 20
45 31 148
45 32 4
45 33 263
45 34 291
45 35 91
45 36 48
45 37 279
45 38 155
45 39 207
45 40 261
45 41 75
45 42 251
45 43 295
45 44 162
46 0 101
46 1 174
46 2 277
46 3 102
46 4 248
46 5 260
46 6 299
46 7 80
46 8 193
46 9 283
46 10 135
46 11 255
46 12 89
46 13 227
46 14 78
46 15 161
46 16 151
46 17 17
46 18 165
46 19 121
46 20 18
46 21 312
46 22 79
46 23 112
46 24 134
46 25 123
46 26 259
46 27 74
46 28 96
46 29 256
46 30 5
46 31 258
46 32 198
46 33 167
46 34 293
46 35 6
46 36 35
46 37 271
46 38 229
46 39 123
46 40 206
46 41 29
46 42 118
46 43 40
46 44 183
46 45 142
47 0 240
47 1 197
47 2 171
47 3 9
47 4 170
47 5 46
47 6 141
47 7 206
47 8 23
47 9 38
47 10 227
47 11 10
47 12 315
47 13 48
47 14 282
47 15 227
47 16 73
47 17 225
47 18 63
47 19 213
47 20 268
47 21 72
47 22 261
47 23 151
47 24 200
47 25 304
47 26 220
47 27 198
47 28 173
47 29 245
47 30 106
47 31 33
47 32 148
47 33 275
47 34 303
47 35 193
47 36 195
47 37 15
47 38 223
47 39 242
47 40 287
47 41 312
47 42 11
47 43 121
47 44 270
47 45 186
47 46 137
48 0 200
48 1 296
48 2 180
48 3 277
48 4 144
48 5 151
48 6 226
48 7 308
48 8 282
48 9 143
48 10 94
48 11 195
48 12 287
48 13 250
48 14 317
48 15 130
48 16 7
48 17 16
48 18 298
48 19 130
48 20 269
48 21 219
48 22 275
48 23 273
48 24 30
48 25 1
48 26 184
48 27 300
48 28 19
48 29 240
48 30 12
48 31 257
48 32 105
48 33 303
48 34 284
48 35 94
48 36 83
48 37 62
48 38 70
48 39 51
48 40 211
48 41 256
48 42 276
48 43 232
48 44 156
48 45 102
48 46 173
48 47 91
49 0 207
49 1 122
49 2 194
49 3 211
49 4 51
49 5 295
49 6 95
49 7 218
49 8 87
49 9 64
49 10 204
49 11 197
49 12 91
49 13 49
49 14 147
49 15 228
49 16 54
49 17 6
49 18 65
49 19 132
49 20 90
49 21 102
49 22 133
49 23 299
49 24 223
49 25 174
49 26 40
49 27 69
49 28 314
49 29 56
49 30 168
49 31 155
49 32 146
49 33 287
49 34 209
49 35 291
49 36 79
49 37 44
49 38 298
49 39 27
49 40 215
49 41 80
49 42 272
49 43 108
49 44 243
49 45 317
49 46 36
49 47 30
49 48 312
