70
2 0 27
3 1 3
3 2 67
4 1 56
5 0 63
5 1 10
5 2 11
5 4 70
6 1 56
6 2 41
6 5 36
7 1 58
7 4 74
7 6 43
8 4 42
8 6 41
9 0 53
9 1 30
9 5 27
10 3 1
10 4 64
10 6 63
10 8 50
11 4 64
11 6 52
12 0 42
12 4 49
12 5 40
12 8 80
12 11 18
13 1 14
13 5 62
13 7 68
13 9 24
13 10 1
13 11 8
14 2 49
14 3 3
14 6 17
14 8 9
14 12 10
15 0 1
15 2 50
15 6 16
15 8 57
15 9 66
15 14 22
16 5 31
16 9 80
16 10 11
16 11 5
16 12 2
16 15 59
17 3 48
17 5 1
17 6 25
17 10 1
17 13 18
17 15 31
18 0 6
18 2 60
18 5 48
18 9 33
18 12 65
18 13 45
19 5 5
19 7 38
19 8 35
19 10 79
19 12 6
19 14 25
19 15 31
19 18 49
20 0 63
20 2 7
20 11 3
20 18 24
20 19 35
21 0 53
21 9 52
21 10 65
21 14 59
21 15 12
21 17 6
21 18 44
22 5 55
22 9 55
22 10 28
22 13 56
22 17 57
22 20 11
23 2 12
23 7 3
23 8 19
23 12 40
23 13 76
23 18 13
23 19 55
23 21 78
24 0 77
24 8 17
24 9 5
24 12 79
24 17 68
24 19 6
24 20 24
25 1 39
25 4 10
25 6 5
25 12 50
25 15 14
25 16 40
25 17 60
25 19 30
25 20 53
25 24 33
26 1 42
26 2 61
26 7 37
26 12 43
26 19 58
26 21 20
27 0 31
27 1 7
27 3 28
27 5 64
27 8 53
27 10 50
27 11 30
27 12 16
27 14 50
27 15 22
27 21 19
28 0 79
28 2 19
28 9 69
28 10 16
28 14 42
28 15 30
28 16 29
28 20 3
28 24 51
28 25 38
29 1 31
29 2 67
29 5 46
29 7 66
29 17 45
29 18 42
29 19 47
29 22 16
29 23 59
29 27 23
29 28 20
30 7 33
30 9 22
30 11 74
30 16 67
30 19 45
30 21 60
30 22 15
30 23 49
30 26 71
31 0 19
31 2 40
31 4 34
31 7 46
31 8 75
31 9 38
31 10 72
31 11 10
31 12 25
31 15 43
31 16 76
31 22 7
31 23 23
31 26 63
31 27 67
32 1 28
32 5 35
32 7 9
32 9 20
32 11 66
32 14 62
32 16 57
32 18 36
32 20 71
32 21 43
32 23 58
32 24 43
32 30 59
32 31 5
33 3 46
33 5 66
33 6 77
33 10 12
33 14 55
33 15 79
33 16 36
33 21 28
33 27 54
34 3 42
34 5 75
34 7 47
34 10 77
34 12 17
34 13 80
34 18 60
34 26 4
34 28 56
34 32 43
34 33 42
35 0 36
35 7 7
35 9 31
35 14 32
35 17 38
35 20 12
35 26 80
35 28 5
35 29 2
35 30 33
35 32 27
36 1 55
36 2 80
36 7 11
36 8 40
36 10 11
36 13 33
36 14 19
36 16 36
36 18 61
36 20 76
36 21 65
36 28 10
36 29 28
36 30 75
36 32 53
36 35 28
37 1 24
37 6 44
37 11 47
37 12 32
37 16 76
37 17 51
37 19 2
37 21 69
37 27 49
37 35 5
37 36 53
38 1 24
38 3 46
38 4 17
38 12 66
38 14 41
38 16 70
38 18 32
38 22 18
38 26 4
38 27 7
38 28 54
38 31 75
38 32 14
38 33 3
38 35 53
38 37 10
39 1 40
39 4 50
39 5 26
39 9 50
39 10 20
39 11 60
39 16 64
39 22 20
39 23 70
39 24 20
39 28 5
39 30 47
39 36 24
39 38 18
40 0 11
40 1 34
40 2 49
40 4 19
40 6 80
40 7 9
40 8 78
40 11 58
40 13 68
40 14 54
40 15 63
40 16 63
40 17 10
40 18 41
40 21 53
40 22 62
40 26 14
40 27 70
40 29 30
40 31 45
40 32 10
40 35 61
40 36 33
41 2 9
41 4 43
41 8 53
41 9 43
41 11 24
41 12 4
41 13 76
41 16 2
41 23 79
41 26 77
41 27 32
41 33 80
42 0 34
42 4 56
42 6 49
42 7 60
42 8 32
42 10 48
42 11 47
42 12 71
42 13 4
42 14 80
42 16 10
42 19 19
42 20 42
42 22 73
42 31 59
42 33 16
42 35 22
42 39 12
42 41 19
43 1 44
43 3 57
43 4 63
43 6 41
43 7 60
43 8 39
43 9 7
43 10 80
43 14 64
43 15 80
43 23 33
43 24 63
43 26 5
43 28 10
43 29 21
43 30 34
43 31 32
43 35 23
43 37 27
43 41 46
44 0 42
44 8 27
44 11 45
44 12 48
44 13 4
44 15 36
44 16 56
44 21 19
44 22 49
44 27 40
44 30 5
44 32 67
44 36 54
44 37 75
44 41 75
44 42 76
44 43 12
45 0 46
45 6 17
45 8 65
45 9 63
45 12 72
45 18 4
45 19 62
45 27 31
45 29 34
45 31 57
45 32 73
45 33 41
45 34 14
45 35 27
45 36 29
45 37 4
45 42 63
45 44 58
46 8 23
46 11 61
46 15 76
46 21 15
46 22 4
46 29 9
46 30 46
46 31 46
46 35 1
46 36 60
46 37 9
46 38 4
46 39 5
46 40 36
46 41 73
46 43 33
46 45 57
47 0 44
47 4 20
47 5 4
47 8 57
47 9 58
47 12 17
47 15 20
47 19 45
47 20 79
47 24 25
47 26 78
47 27 46
47 31 72
47 35 13
47 38 21
47 39 22
47 40 33
47 41 43
47 43 7
48 3 39
48 9 47
48 10 20
48 14 31
48 22 60
48 25 78
48 27 43
48 29 52
48 31 26
48 32 17
48 36 47
48 39 61
48 41 30
48 42 15
48 43 13
48 44 2
48 46 42
49 4 45
49 5 40
49 8 35
49 12 1
49 15 16
49 16 18
49 17 10
49 18 12
49 21 3
49 22 9
49 25 74
49 26 16
49 34 11
49 36 19
49 38 70
49 39 57
50 0 35
50 1 57
50 10 71
50 14 60
50 16 60
50 19 15
50 21 13
50 22 58
50 24 2
50 27 17
50 28 66
50 31 76
50 34 80
50 35 14
50 37 19
50 38 49
50 39 37
50 40 46
50 41 46
51 1 19
51 2 27
51 3 65
51 4 57
51 5 11
51 6 71
51 8 25
51 9 75
51 10 46
51 12 22
51 13 27
51 15 18
51 16 67
51 18 13
51 21 22
51 23 21
51 27 59
51 30 62
51 31 64
51 32 58
51 34 28
51 36 48
51 40 68
51 47 54
51 48 9
51 49 25
51 50 11
52 1 47
52 2 50
52 5 10
52 10 74
52 11 78
52 16 58
52 19 7
52 24 72
52 27 13
52 36 31
52 41 68
52 42 25
52 43 61
52 45 38
52 46 22
52 50 6
52 51 55
53 1 70
53 9 73
53 15 59
53 18 45
53 19 42
53 21 80
53 23 15
53 24 17
53 25 47
53 29 54
53 30 65
53 33 31
53 34 40
53 37 59
53 38 21
53 40 45
53 41 71
53 43 44
53 44 32
53 51 3
54 0 68
54 1 67
54 2 51
54 6 61
54 7 25
54 9 64
54 12 27
54 17 66
54 20 60
54 21 66
54 25 77
54 28 31
54 32 15
54 33 3
54 34 65
54 35 44
54 37 66
54 38 19
54 48 75
54 49 67
54 50 29
54 51 75
54 52 53
55 0 8
55 2 1
55 3 28
55 5 28
55 6 60
55 7 68
55 10 59
55 13 75
55 14 74
55 17 65
55 19 59
55 24 47
55 25 39
55 29 18
55 32 71
55 33 12
55 34 70
55 35 21
55 39 30
55 40 48
55 42 15
55 44 76
55 46 59
55 47 79
55 48 8
55 49 21
55 50 63
55 52 38
56 0 2
56 4 53
56 10 42
56 12 49
56 13 66
56 14 62
56 15 45
56 17 67
56 18 46
56 19 66
56 20 33
56 23 9
56 24 13
56 25 49
56 29 51
56 33 38
56 35 68
56 36 33
56 38 55
56 39 77
56 40 32
56 42 73
56 44 51
56 48 51
56 51 78
57 0 51
57 2 38
57 9 44
57 10 40
57 13 50
57 15 25
57 16 52
57 17 25
57 19 11
57 22 63
57 25 54
57 26 43
57 36 57
57 38 41
57 40 25
57 42 48
57 43 19
57 53 8
58 0 59
58 4 8
58 5 12
58 8 66
58 9 27
58 11 37
58 14 23
58 21 25
58 22 35
58 24 35
58 26 59
58 27 1
58 30 19
58 31 57
58 34 73
58 36 74
58 37 42
58 40 21
58 41 55
58 42 56
58 46 55
58 47 49
58 49 73
58 55 13
58 57 17
59 2 67
59 5 18
59 10 23
59 12 35
59 13 78
59 14 68
59 16 37
59 18 8
59 19 38
59 27 6
59 32 69
59 33 73
59 34 79
59 35 78
59 37 62
59 38 53
59 41 16
59 51 54
59 52 8
59 54 51
59 55 35
59 57 30
60 0 50
60 5 32
60 7 68
60 13 66
60 14 58
60 16 1
60 17 38
60 23 51
60 24 50
60 27 19
60 28 26
60 31 61
60 39 65
60 44 61
60 45 14
60 47 77
60 53 40
60 58 19
61 0 9
61 1 22
61 2 75
61 10 51
61 15 78
61 16 27
61 18 67
61 22 32
61 25 39
61 26 3
61 29 57
61 30 63
61 32 14
61 33 18
61 36 19
61 37 79
61 40 56
61 43 68
61 44 80
61 50 58
61 52 67
61 54 5
61 56 33
61 58 8
61 59 65
62 3 12
62 5 29
62 8 77
62 10 71
62 11 1
62 12 57
62 16 53
62 20 2
62 23 53
62 27 35
62 28 71
62 29 51
62 34 52
62 37 51
62 39 31
62 45 25
62 58 23
63 0 23
63 2 29
63 3 26
63 4 59
63 6 58
63 7 41
63 9 17
63 10 59
63 11 43
63 14 53
63 15 9
63 19 36
63 21 10
63 22 26
63 23 3
63 24 27
63 26 19
63 27 13
63 31 40
63 32 63
63 33 11
63 34 62
63 35 28
63 42 48
63 43 22
63 46 14
63 47 65
63 48 77
63 49 57
63 50 38
63 51 10
63 52 36
63 57 1
63 58 60
63 59 62
63 62 9
64 2 53
64 7 73
64 11 51
64 12 50
64 14 60
64 15 19
64 16 51
64 18 75
64 23 34
64 24 41
64 25 38
64 26 6
64 31 40
64 38 61
64 40 32
64 41 37
64 44 49
64 45 26
64 46 59
64 50 38
64 51 60
64 55 46
64 57 79
64 63 15
65 1 6
65 2 13
65 3 54
65 4 66
65 10 4
65 12 40
65 13 47
65 15 50
65 17 15
65 18 12
65 19 22
65 20 33
65 22 3
65 24 61
65 27 65
65 28 13
65 29 67
65 37 52
65 49 9
65 51 7
65 55 53
65 58 65
65 59 78
65 60 73
65 61 53
65 62 62
65 64 59
66 3 45
66 6 5
66 9 38
66 10 14
66 20 40
66 22 61
66 24 35
66 25 76
66 28 18
66 29 79
66 30 74
66 36 46
66 39 24
66 47 77
66 48 21
66 53 27
66 54 9
66 56 65
66 60 28
66 61 78
66 63 73
66 65 27
67 0 52
67 2 70
67 4 69
67 5 57
67 7 54
67 11 67
67 12 30
67 13 49
67 14 52
67 17 17
67 19 36
67 23 64
67 25 74
67 26 35
67 34 1
67 35 45
67 36 43
67 40 69
67 42 80
67 43 25
67 44 52
67 48 23
67 55 71
67 62 8
68 5 78
68 6 23
68 7 49
68 15 10
68 17 23
68 19 24
68 23 7
68 25 69
68 30 70
68 31 51
68 33 29
68 35 59
68 37 41
68 38 20
68 39 61
68 40 3
68 42 50
68 44 61
68 47 13
68 48 74
68 49 78
68 50 25
68 52 13
68 54 20
68 56 64
68 61 47
68 66 78
69 3 9
69 4 3
69 8 29
69 10 51
69 13 25
69 15 67
69 24 23
69 25 31
69 26 40
69 31 13
69 35 28
69 37 38
69 38 3
69 39 49
69 45 6
69 50 14
69 52 31
69 57 58
69 58 77
69 61 11
69 62 45
69 63 33
69 64 57
69 66 60
