40
1 0 10
2 0 20
2 1 10
3 1 10
4 2 15
4 3 7
5 0 12
5 1 19
5 2 5
5 3 4
5 4 19
6 0 17
6 1 6
6 2 16
6 3 6
6 4 9
6 5 12
7 0 1
7 2 17
7 3 19
7 4 12
7 5 7
8 0 15
8 3 2
8 4 18
8 5 7
8 6 7
8 7 3
9 1 18
9 2 20
9 3 5
9 4 2
9 5 9
9 6 13
9 7 14
10 1 8
10 3 6
10 5 5
10 6 2
10 8 9
10 9 3
11 0 8
11 1 20
11 3 9
11 4 11
11 5 4
11 6 4
11 7 4
11 8 16
11 9 16
11 10 19
12 1 6
12 2 3
12 3 18
12 4 8
12 5 13
12 6 4
12 7 8
12 8 16
12 10 7
13 0 20
13 1 20
13 2 3
13 3 12
13 4 1
13 5 13
13 6 12
13 8 10
13 9 6
13 10 8
13 11 3
13 12 2
14 0 6
14 1 6
14 3 1
14 4 6
14 5 17
14 6 16
14 7 9
14 8 13
14 9 3
14 11 16
14 12 9
15 0 13
15 1 9
15 2 9
15 3 6
15 4 4
15 5 3
15 7 9
15 8 12
15 9 4
15 11 10
15 12 11
16 2 12
16 3 20
16 5 6
16 7 13
16 8 8
16 9 19
16 10 18
16 11 17
16 12 12
16 13 10
16 14 5
17 2 4
17 3 19
17 4 4
17 6 13
17 8 11
17 9 19
17 11 3
17 12 1
17 14 17
17 16 16
18 0 15
18 1 10
18 2 4
18 3 6
18 4 20
18 5 5
18 6 7
18 8 3
18 9 10
18 10 4
18 11 2
18 12 2
18 13 6
18 17 10
19 2 18
19 5 19
19 7 12
19 8 8
19 10 10
19 11 13
19 12 2
19 13 6
19 14 18
19 15 19
19 16 19
19 17 9
19 18 3
20 0 14
20 1 3
20 2 5
20 3 13
20 4 18
20 5 13
20 6 13
20 7 19
20 8 1
20 9 1
20 10 1
20 11 5
20 12 17
20 14 9
20 16 19
20 17 10
20 18 18
20 19 14
21 0 7
21 1 8
21 3 9
21 4 7
21 5 19
21 6 8
21 7 16
21 8 20
21 12 13
21 14 12
21 15 16
21 18 14
21 19 11
22 0 11
22 1 16
22 2 17
22 4 4
22 5 7
22 6 18
22 7 10
22 10 14
22 11 20
22 13 17
22 15 19
22 16 17
22 17 16
22 20 13
22 21 9
23 0 6
23 2 18
23 3 19
23 4 3
23 5 7
23 6 16
23 7 2
23 8 9
23 9 3
23 10 4
23 11 18
23 12 9
23 13 7
23 14 9
23 15 2
23 16 11
23 17 7
23 21 11
23 22 17
24 1 13
24 2 14
24 3 9
24 4 17
24 5 20
24 6 6
24 8 15
24 9 6
24 10 18
24 11 7
24 12 19
24 13 20
24 14 11
24 16 18
24 18 3
24 19 16
24 20 17
24 21 5
24 23 1
25 0 6
25 1 11
25 3 17
25 4 14
25 5 16
25 6 7
25 8 10
25 9 11
25 10 15
25 11 8
25 12 10
25 13 6
25 14 7
25 15 11
25 16 15
25 17 1
25 18 4
25 21 9
25 24 11
26 0 6
26 1 17
26 3 6
26 4 16
26 5 15
26 7 4
26 8 9
26 9 12
26 11 2
26 12 4
26 14 17
26 15 15
26 16 7
26 17 4
26 20 14
26 21 14
26 23 19
27 0 7
27 2 17
27 3 1
27 4 8
27 5 14
27 6 4
27 7 8
27 8 17
27 10 14
27 12 11
27 13 9
27 14 2
27 15 18
27 17 4
27 18 15
27 19 9
27 20 2
27 21 5
27 22 7
27 23 18
27 25 14
27 26 17
28 0 9
28 1 7
28 2 19
28 6 2
28 7 12
28 8 6
28 9 3
28 10 19
28 12 2
28 13 14
28 14 19
28 16 16
28 17 17
28 18 4
28 19 11
28 20 5
28 22 4
28 23 16
28 24 19
28 25 16
28 26 1
28 27 9
29 0 14
29 1 19
29 2 14
29 3 13
29 6 12
29 7 6
29 10 6
29 11 15
29 13 20
29 14 15
29 15 15
29 16 20
29 17 2
29 19 17
29 22 1
29 23 17
29 25 7
29 28 13
30 0 4
30 2 17
30 3 16
30 4 10
30 6 15
30 7 16
30 9 17
30 11 11
30 12 17
30 13 10
30 14 11
30 15 13
30 16 4
30 18 9
30 20 8
30 22 13
30 23 11
30 24 16
30 27 15
30 28 2
31 1 17
31 2 14
31 3 5
31 4 18
31 6 12
31 7 17
31 9 13
31 10 5
31 12 6
31 13 9
31 15 3
31 17 16
31 18 8
31 19 11
31 21 4
31 22 18
31 26 13
31 27 4
31 28 18
31 29 19
31 30 12
32 0 7
32 1 7
32 2 6
32 3 3
32 5 15
32 6 16
32 7 20
32 8 6
32 9 2
32 10 2
32 11 15
32 13 9
32 14 6
32 15 16
32 16 8
32 17 4
32 18 19
32 19 6
32 20 2
32 22 7
32 23 18
32 24 18
32 25 3
32 26 19
32 29 2
32 30 13
32 31 5
33 0 16
33 3 2
33 4 14
33 7 14
33 9 3
33 10 9
33 11 13
33 12 1
33 14 19
33 16 15
33 17 10
33 18 6
33 20 14
33 21 20
33 22 12
33 24 17
33 25 3
33 27 9
33 28 20
33 29 1
33 30 18
33 31 19
33 32 18
34 0 16
34 1 19
34 2 15
34 4 6
34 5 2
34 6 12
34 7 18
34 8 15
34 10 10
34 12 5
34 13 5
34 14 15
34 15 7
34 16 2
34 17 16
34 19 4
34 20 1
34 21 3
34 22 10
34 23 5
34 26 16
34 27 12
34 29 8
34 30 16
34 33 18
35 0 7
35 1 10
35 2 16
35 3 17
35 5 7
35 6 3
35 7 14
35 8 12
35 9 13
35 12 3
35 13 1
35 18 9
35 19 9
35 20 19
35 21 20
35 22 6
35 23 4
35 25 13
35 27 11
35 28 7
35 29 3
35 31 6
35 32 19
35 33 7
36 0 15
36 1 16
36 4 17
36 5 18
36 7 17
36 8 17
36 9 13
36 10 16
36 11 7
36 12 9
36 13 9
36 17 14
36 21 16
36 22 19
36 23 16
36 24 7
36 25 1
36 26 19
36 28 2
36 29 2
36 30 11
36 34 13
37 0 15
37 1 18
37 2 11
37 3 3
37 4 2
37 5 18
37 6 10
37 8 14
37 9 15
37 11 1
37 12 1
37 13 11
37 14 12
37 15 5
37 16 16
37 20 10
37 21 3
37 24 4
37 25 6
37 26 15
37 27 16
37 28 11
37 29 2
37 30 15
37 31 3
37 33 5
37 34 19
37 35 10
38 0 13
38 2 8
38 4 14
38 5 3
38 6 11
38 7 4
38 8 3
38 10 14
38 12 16
38 14 2
38 15 2
38 16 8
38 19 6
38 20 5
38 23 1
38 24 17
38 25 4
38 29 2
38 30 2
38 31 2
38 32 14
38 33 12
38 34 17
38 36 15
39 0 10
39 1 8
39 2 18
39 3 6
39 4 15
39 5 12
39 6 2
39 7 1
39 8 7
39 9 10
39 10 11
39 12 12
39 13 12
39 15 8
39 17 2
39 18 9
39 19 9
39 20 11
39 21 6
39 22 4
39 23 2
39 24 9
39 25 16
39 27 6
39 28 16
39 31 20
39 34 17
39 36 20
39 37 4
39 38 6
