40
1 0 135
2 1 4
3 0 23
3 1 36
4 0 84
4 1 119
4 3 143
5 0 131
5 2 10
5 3 65
5 4 12
6 0 31
6 1 125
6 2 8
6 3 141
6 4 34
6 5 111
7 0 108
7 1 122
7 3 20
7 4 41
7 5 84
7 6 90
8 0 5
8 1 16
8 3 149
8 4 121
8 5 34
8 6 7
8 7 128
9 0 157
9 1 104
9 3 53
9 4 145
9 5 1
9 6 132
9 7 110
10 0 147
10 1 43
10 3 73
10 4 40
10 6 146
10 7 99
10 8 120
10 9 93
11 0 131
11 1 19
11 2 29
11 3 79
11 4 141
11 5 54
11 6 29
11 9 14
11 10 6
12 0 63
12 1 116
12 2 144
12 3 126
12 4 2
12 5 10
12 6 106
12 7 152
12 9 153
12 11 52
13 0 98
13 1 153
13 2 131
13 3 45
13 4 153
13 5 8
13 6 104
13 7 22
13 9 99
13 10 105
13 12 109
14 0 153
14 1 120
14 5 155
14 7 65
14 8 8
14 10 100
14 11 153
14 12 2
14 13 12
15 0 31
15 1 104
15 2 153
15 4 78
15 5 24
15 6 74
15 9 70
15 10 20
15 11 99
15 12 122
15 13 50
16 0 106
16 1 64
16 2 35
16 4 73
16 5 159
16 6 84
16 7 16
16 11 93
16 12 9
16 13 107
16 14 33
17 0 139
17 1 92
17 3 62
17 4 47
17 5 118
17 6 147
17 7 125
17 8 52
17 9 132
17 10 75
17 12 109
17 13 41
17 14 133
17 15 142
17 16 11
18 0 139
18 1 33
18 3 111
18 4 2
18 5 110
18 6 155
18 9 112
18 10 144
18 11 98
18 12 119
18 13 83
18 14 125
18 15 38
18 16 141
18 17 74
19 3 160
19 4 69
19 5 82
19 6 88
19 7 112
19 8 131
19 9 103
19 10 109
19 11 17
19 12 67
19 13 54
19 15 61
19 17 96
20 0 126
20 1 30
20 2 34
20 3 154
20 4 14
20 6 87
20 7 6
20 8 1
20 9 131
20 10 108
20 11 88
20 12 87
20 14 116
20 15 69
20 16 82
20 17 3
20 18 135
21 0 51
21 1 77
21 2 154
21 3 54
21 4 84
21 5 140
21 6 64
21 7 149
21 8 1
21 9 85
21 10 29
21 11 30
21 12 78
21 13 56
21 15 39
21 16 41
21 17 103
21 18 25
21 19 79
21 20 75
22 2 120
22 3 132
22 4 31
22 5 31
22 6 143
22 7 67
22 8 88
22 9 87
22 10 10
22 11 1
22 12 112
22 13 151
22 14 71
22 15 39
22 17 114
22 18 66
22 20 105
22 21 154
23 0 49
23 1 25
23 2 136
23 3 67
23 5 83
23 10 136
23 11 20
23 13 122
23 14 146
23 15 144
23 16 45
23 18 51
23 19 56
23 20 42
23 21 100
23 22 69
24 0 17
24 2 92
24 3 149
24 4 156
24 6 150
24 9 123
24 10 128
24 12 111
24 14 15
24 16 114
24 17 63
24 18 63
24 19 59
24 20 71
24 21 160
24 22 48
24 23 32
25 0 109
25 1 38
25 2 66
25 3 125
25 4 149
25 5 114
25 6 134
25 7 72
25 8 90
25 9 2
25 10 120
25 12 150
25 14 91
25 15 74
25 16 76
25 18 14
25 19 71
25 21 41
25 22 19
25 23 50
26 0 85
26 1 14
26 2 38
26 3 15
26 4 37
26 5 106
26 6 102
26 7 64
26 8 155
26 9 146
26 10 144
26 11 14
26 12 138
26 14 153
26 15 34
26 16 140
26 17 123
26 18 145
26 19 83
26 21 152
26 24 56
26 25 122
27 0 35
27 1 18
27 2 47
27 3 79
27 4 54
27 5 12
27 6 100
27 7 148
27 8 104
27 9 148
27 10 158
27 11 51
27 12 156
27 13 152
27 14 40
27 15 98
27 16 110
27 17 100
27 18 94
27 22 78
27 25 123
28 0 98
28 1 115
28 2 39
28 3 104
28 4 118
28 5 118
28 6 123
28 7 52
28 8 29
28 9 77
28 10 3
28 11 152
28 12 21
28 13 90
28 14 17
28 16 141
28 17 57
28 19 158
28 20 119
28 21 27
28 23 104
28 24 21
28 25 82
28 26 19
29 0 43
29 1 53
29 2 107
29 3 50
29 4 48
29 6 1
29 8 5
29 10 153
29 11 138
29 12 120
29 13 50
29 14 109
29 15 131
29 16 140
29 17 148
29 18 30
29 19 86
29 20 90
29 21 57
29 22 30
29 24 130
29 25 24
29 26 22
29 27 26
29 28 92
30 0 154
30 1 128
30 2 6
30 3 128
30 4 80
30 5 48
30 6 8
30 7 58
30 8 121
30 9 135
30 10 85
30 11 119
30 12 111
30 13 12
30 14 97
30 15 25
30 16 110
30 17 81
30 18 86
30 20 67
30 21 155
30 22 16
30 23 17
30 24 12
30 26 85
30 27 36
30 29 146
31 0 147
31 1 112
31 2 32
31 3 126
31 4 56
31 5 129
31 6 157
31 7 147
31 8 38
31 9 133
31 10 58
31 13 90
31 14 113
31 15 29
31 17 96
31 18 26
31 19 120
31 20 15
31 21 153
31 22 23
31 23 36
31 24 124
31 25 43
31 26 151
31 27 44
31 28 30
31 29 113
31 30 151
32 0 125
32 1 129
32 3 139
32 4 35
32 7 59
32 8 79
32 9 51
32 10 28
32 11 133
32 12 4
32 13 116
32 14 3
32 16 118
32 17 55
32 18 1
32 19 124
32 20 54
32 21 141
32 23 14
32 24 91
32 25 97
32 28 64
32 29 111
32 30 160
33 2 62
33 3 50
33 5 44
33 7 121
33 8 131
33 9 75
33 10 65
33 11 143
33 12 67
33 13 152
33 14 53
33 15 4
33 16 91
33 18 117
33 19 109
33 20 29
33 22 80
33 24 14
33 25 86
33 26 19
33 27 34
33 28 8
33 30 139
33 31 47
33 32 135
34 0 38
34 2 112
34 3 21
34 4 75
34 5 106
34 6 59
34 8 109
34 11 151
34 13 149
34 15 89
34 16 133
34 17 140
34 19 49
34 20 159
34 21 73
34 22 127
34 23 39
34 24 153
34 25 89
34 26 15
34 27 55
34 28 111
34 29 82
34 31 150
34 33 15
35 0 118
35 2 62
35 3 25
35 4 1
35 5 134
35 7 74
35 8 54
35 9 46
35 11 40
35 12 65
35 13 13
35 14 154
35 15 148
35 16 19
35 17 49
35 19 81
35 20 69
35 21 89
35 22 47
35 24 107
35 25 135
35 26 5
35 27 15
35 28 87
35 29 85
35 30 127
35 31 147
35 32 150
35 33 37
36 0 62
36 1 69
36 2 140
36 3 151
36 4 59
36 5 42
36 7 60
36 8 129
36 9 5
36 10 54
36 11 28
36 12 22
36 13 38
36 14 20
36 15 151
36 16 85
36 17 140
36 18 20
36 19 65
36 20 86
36 21 80
36 22 64
36 23 158
36 24 142
36 25 34
36 26 158
36 27 136
36 29 103
36 30 13
36 31 154
36 33 60
36 34 93
37 1 8
37 2 85
37 3 143
37 4 53
37 5 132
37 7 21
37 8 81
37 10 122
37 11 124
37 13 89
37 14 13
37 15 3
37 17 12
37 18 131
37 19 157
37 22 146
37 23 90
37 24 122
37 25 134
37 26 17
37 27 100
37 28 137
37 29 97
37 30 20
37 31 19
37 32 140
37 33 115
37 34 135
37 35 52
37 36 142
38 0 51
38 1 73
38 2 131
38 3 54
38 5 61
38 6 139
38 9 131
38 10 9
38 11 28
38 12 160
38 13 13
38 14 82
38 15 137
38 17 3
38 18 96
38 19 69
38 20 31
38 21 153
38 22 10
38 23 143
38 26 107
38 27 93
38 29 118
38 30 158
38 31 142
38 32 159
38 33 17
38 34 3
38 35 1
38 37 4
39 0 141
39 1 56
39 2 76
39 4 78
39 5 10
39 6 31
39 7 108
39 9 19
39 11 135
39 12 105
39 13 83
39 14 133
39 17 110
39 18 30
39 19 75
39 20 156
39 21 89
39 23 147
39 25 120
39 27 64
39 28 18
39 29 87
39 31 12
39 32 76
39 33 90
39 34 136
39 35 20
39 36 68
