50
1 0 164
3 0 186
3 2 75
4 0 284
4 2 144
4 3 300
6 1 88
6 2 62
6 3 4
6 4 204
6 5 168
7 0 296
7 1 143
7 2 276
7 3 97
7 6 207
8 0 137
8 2 241
8 5 276
8 6 164
8 7 139
9 0 109
9 1 18
9 4 15
9 6 51
9 7 93
9 8 280
10 0 19
10 3 157
10 5 224
10 6 14
10 9 49
11 1 290
11 2 17
11 3 181
11 7 168
11 9 199
11 10 147
12 0 310
12 1 215
12 2 71
12 3 80
12 4 97
12 6 209
12 7 148
13 1 295
13 2 307
13 3 210
13 5 191
13 6 49
13 7 125
13 8 282
13 10 188
13 11 105
13 12 159
14 0 8
14 1 294
14 2 87
14 4 129
14 6 98
14 7 119
14 8 111
14 10 97
14 11 53
14 13 183
15 0 309
15 1 49
15 2 147
15 3 7
15 4 304
15 6 93
15 8 142
15 11 217
15 13 138
15 14 150
16 1 14
16 3 85
16 4 164
16 5 295
16 6 262
16 8 270
16 9 76
16 10 4
16 15 161
17 0 240
17 5 66
17 6 316
17 7 230
17 8 60
17 10 94
17 11 215
17 14 223
17 15 166
18 0 243
18 1 141
18 2 23
18 4 128
18 5 36
18 6 142
18 8 74
18 10 291
18 11 255
18 12 23
18 13 63
18 16 170
19 0 168
19 1 307
19 2 318
19 3 208
19 7 302
19 9 205
19 10 65
19 11 89
19 12 86
19 16 176
20 1 294
20 2 150
20 4 218
20 6 143
20 7 230
20 8 318
20 9 25
20 10 261
20 11 6
20 13 162
20 19 134
21 0 230
21 2 245
21 3 194
21 5 77
21 6 313
21 8 214
21 9 208
21 10 165
21 11 205
21 13 309
21 14 25
21 15 310
21 16 312
21 19 12
22 0 57
22 2 141
22 3 40
22 4 157
22 6 210
22 7 276
22 8 150
22 10 251
22 11 296
22 12 245
22 13 257
22 15 269
22 17 280
22 18 26
22 20 18
23 1 63
23 2 37
23 5 253
23 6 176
23 7 213
23 8 301
23 10 188
23 12 260
23 13 257
23 14 165
23 15 135
23 16 219
23 18 70
23 19 7
23 20 16
23 21 116
24 0 164
24 1 273
24 3 276
24 4 225
24 7 193
24 8 252
24 10 113
24 11 117
24 12 152
24 13 180
24 16 313
24 17 99
24 18 69
24 19 284
24 20 83
24 23 50
25 0 240
25 1 164
25 2 48
25 4 136
25 5 115
25 6 106
25 7 80
25 8 68
25 9 157
25 12 199
25 13 87
25 14 176
25 18 294
25 20 301
25 22 51
25 24 229
26 1 44
26 2 103
26 3 22
26 4 81
26 5 19
26 6 258
26 7 198
26 8 258
26 9 83
26 10 224
26 11 167
26 12 116
26 15 158
26 16 203
26 17 209
26 19 235
26 20 212
26 23 25
26 24 191
26 25 113
27 0 84
27 3 281
27 5 279
27 7 242
27 8 11
27 10 170
27 11 89
27 12 70
27 13 101
27 14 194
27 15 127
27 17 159
27 18 128
27 19 30
27 20 120
27 21 300
27 22 266
27 25 257
28 1 157
28 2 264
28 6 163
28 7 213
28 9 239
28 12 64
28 13 168
28 16 73
28 17 209
28 19 2
28 20 36
28 21 58
28 22 145
28 25 319
28 27 273
29 0 112
29 1 80
29 3 62
29 6 86
29 10 95
29 12 121
29 15 298
29 16 145
29 17 185
29 19 238
29 21 216
29 22 19
29 24 178
29 27 28
30 0 241
30 1 116
30 2 68
30 3 55
30 4 161
30 5 237
30 7 29
30 8 203
30 11 272
30 12 151
30 15 155
30 16 35
30 18 58
30 21 59
30 23 290
30 26 277
30 28 36
30 29 266
31 0 213
31 1 21
31 3 5
31 6 89
31 8 211
31 9 101
31 15 293
31 16 178
31 17 81
31 20 291
31 21 127
31 24 248
31 25 113
31 26 123
31 28 23
31 29 262
31 30 316
32 1 79
32 2 6
32 3 226
32 4 88
32 5 126
32 6 243
32 10 290
32 11 217
32 12 221
32 14 3
32 16 225
32 19 26
32 20 270
32 22 62
32 23 49
32 24 245
32 27 251
32 28 73
32 30 12
32 31 223
33 0 297
33 4 123
33 6 98
33 7 40
33 8 35
33 12 120
33 13 86
33 17 211
33 18 71
33 20 311
33 21 138
33 22 32
33 23 163
33 24 296
33 25 244
33 27 289
33 31 88
34 0 102
34 2 153
34 3 287
34 4 284
34 5 121
34 6 243
34 8 149
34 10 81
34 11 188
34 13 20
34 15 46
34 16 255
34 19 75
34 20 70
34 21 129
34 23 165
34 24 129
34 26 3
34 29 130
34 30 241
35 1 305
35 2 137
35 3 169
35 4 142
35 5 96
35 6 318
35 8 100
35 9 64
35 11 278
35 13 102
35 15 57
35 16 71
35 17 117
35 18 170
35 19 159
35 20 205
35 25 307
35 27 30
35 28 65
35 29 121
35 30 137
35 31 64
35 34 2
36 0 273
36 1 3
36 2 272
36 3 4
36 4 148
36 5 75
36 6 229
36 7 16
36 8 40
36 12 257
36 15 78
36 16 91
36 20 134
36 21 161
36 22 133
36 23 163
36 25 287
36 27 159
36 28 43
36 30 158
36 31 255
36 32 160
36 33 300
36 34 254
37 0 290
37 1 243
37 3 4
37 5 142
37 7 235
37 11 72
37 13 158
37 15 218
37 17 203
37 18 204
37 19 18
37 20 6
37 21 39
37 25 156
37 26 96
37 27 297
37 32 302
37 33 23
37 35 134
37 36 187
38 0 312
38 2 196
38 3 208
38 4 294
38 5 74
38 6 122
38 7 285
38 8 175
38 11 27
38 13 166
38 15 275
38 16 210
38 19 109
38 20 184
38 21 65
38 23 22
38 24 241
38 25 204
38 26 43
38 28 130
38 29 129
38 31 293
38 34 169
38 35 267
38 36 101
38 37 287
39 0 318
39 1 145
39 3 65
39 4 53
39 6 91
39 7 274
39 9 147
39 10 85
39 12 42
39 13 19
39 14 250
39 15 221
39 16 261
39 17 259
39 18 241
39 20 269
39 21 142
39 22 302
39 25 43
39 26 155
39 29 217
39 30 106
39 36 309
39 37 292
40 0 224
40 1 142
40 2 191
40 3 287
40 4 10
40 5 4
40 6 282
40 7 263
40 9 144
40 11 51
40 13 49
40 16 294
40 17 97
40 19 253
40 23 28
40 24 168
40 27 181
40 28 195
40 29 40
40 32 61
40 35 160
40 37 186
40 39 107
41 0 14
41 2 83
41 3 175
41 8 291
41 9 285
41 10 108
41 11 210
41 15 20
41 16 219
41 17 218
41 18 59
41 21 105
41 22 189
41 23 318
41 24 246
41 25 69
41 26 246
41 28 100
41 29 84
41 31 76
41 33 164
41 34 73
41 40 8
42 1 4
42 3 63
42 5 31
42 6 214
42 7 3
42 8 187
42 9 264
42 10 85
42 11 39
42 13 70
42 16 183
42 17 149
42 18 40
42 20 74
42 21 109
42 22 122
42 24 197
42 25 47
42 27 300
42 29 62
42 31 82
42 32 28
42 34 69
42 36 291
42 38 201
42 39 183
42 40 271
43 0 217
43 1 111
43 4 20
43 5 307
43 7 259
43 9 294
43 10 39
43 11 176
43 14 46
43 17 294
43 21 134
43 23 301
43 25 114
43 26 53
43 27 98
43 28 114
43 30 81
43 31 111
43 33 16
43 36 284
43 37 294
43 39 122
43 40 69
43 41 200
43 42 171
44 0 43
44 1 214
44 2 227
44 4 309
44 7 277
44 9 2
44 11 128
44 12 274
44 13 61
44 14 12
44 15 154
44 16 311
44 24 194
44 25 210
44 26 302
44 28 73
44 30 164
44 31 284
44 32 251
44 33 256
44 37 48
44 39 213
44 42 259
44 43 146
45 0 276
45 1 173
45 4 107
45 5 1
45 7 304
45 8 12
45 9 8
45 11 124
45 13 218
45 14 151
45 15 78
45 16 185
45 17 172
45 18 121
45 19 106
45 21 133
45 22 280
45 23 21
45 25 122
45 27 290
45 28 40
45 31 226
45 32 19
45 33 213
45 34 196
45 35 180
45 36 68
45 37 145
45 39 70
45 40 120
45 41 213
45 42 111
46 0 310
46 1 44
46 3 184
46 4 12
46 5 159
46 7 278
46 8 140
46 9 173
46 10 14
46 11 259
46 14 108
46 15 177
46 16 255
46 18 23
46 23 159
46 24 212
46 26 127
46 27 195
46 28 230
46 30 23
46 32 48
46 33 213
46 35 82
46 36 21
46 37 90
46 38 251
46 40 229
46 43 181
46 44 248
46 45 145
47 0 309
47 2 95
47 3 317
47 4 148
47 7 87
47 12 60
47 13 116
47 14 93
47 15 299
47 16 121
47 18 213
47 19 164
47 20 187
47 22 291
47 27 315
47 28 66
47 29 319
47 30 320
47 33 304
47 35 66
47 36 203
47 37 270
47 40 192
47 41 295
47 42 303
47 43 200
47 44 264
47 46 104
48 0 301
48 2 102
48 3 42
48 4 42
48 6 175
48 7 162
48 8 315
48 14 35
48 17 112
48 18 320
48 21 173
48 22 76
48 23 17
48 24 252
48 25 257
48 28 126
48 29 156
48 30 258
48 32 137
48 35 122
48 37 93
48 39 32
48 40 170
48 44 23
48 45 304
48 47 80
49 1 128
49 2 268
49 4 127
49 5 199
49 6 100
49 9 304
49 12 159
49 13 53
49 14 149
49 15 146
49 17 195
49 18 223
49 20 101
49 22 240
49 23 106
49 24 264
49 25 283
49 28 209
49 29 117
49 32 263
49 34 293
49 35 98
49 36 305
49 38 124
49 39 97
49 40 300
49 41 308
49 43 297
49 45 155
49 46 277
49 47 108
