40
4 3 116
6 1 96
6 2 95
7 0 111
8 3 145
8 6 66
8 7 131
9 1 137
10 5 40
10 6 128
11 6 41
11 10 8
12 2 1
12 3 125
12 6 19
12 7 7
12 10 19
13 0 87
13 11 132
14 0 91
15 4 105
16 1 148
16 5 91
16 7 78
16 10 89
17 6 49
17 8 122
17 15 79
18 3 2
18 16 135
19 1 69
19 6 139
19 9 13
19 13 89
19 17 111
19 18 39
20 6 29
20 10 143
20 12 76
20 17 22
21 2 159
21 3 120
21 8 160
21 9 6
22 2 124
22 3 38
22 10 33
22 17 107
22 19 9
23 0 148
23 7 121
24 1 126
24 2 55
24 6 56
24 8 36
24 12 138
24 22 86
25 0 131
25 1 101
25 10 128
25 13 51
25 19 20
25 24 84
26 2 103
26 20 131
26 21 97
26 22 20
26 25 123
27 5 109
27 7 105
27 11 134
27 17 124
27 19 118
28 0 154
28 2 112
28 6 26
28 13 149
28 17 97
28 22 92
29 5 34
29 8 145
29 10 153
29 23 75
29 26 70
29 27 60
30 6 96
30 22 42
30 23 71
30 29 155
31 2 44
31 3 156
31 12 79
31 14 133
31 15 73
31 20 74
31 26 101
32 0 13
32 4 75
32 5 98
32 14 160
32 20 36
32 22 33
32 26 22
32 30 126
33 2 50
33 4 151
33 19 2
33 21 159
33 26 16
33 27 15
34 2 77
34 4 72
34 8 59
34 10 18
34 16 107
34 17 21
34 20 13
34 21 66
34 28 50
35 1 41
35 7 54
35 13 22
35 16 160
35 17 149
35 20 146
36 1 51
36 9 152
36 10 9
36 13 57
36 16 26
36 17 17
36 19 117
36 20 28
36 22 15
36 32 27
37 0 152
37 2 121
37 4 139
37 7 86
37 9 2
37 15 63
37 21 119
37 32 10
37 33 134
38 9 68
38 13 7
38 17 36
38 21 123
39 1 84
39 5 104
39 6 46
39 9 149
39 12 151
39 16 40
39 21 86
39 23 50
39 27 103
39 30 57
