30
1 0 15
2 0 11
3 0 15
3 1 11
3 2 11
4 1 6
4 2 5
4 3 19
5 2 5
5 3 12
5 4 12
6 3 5
6 5 16
7 0 3
7 1 18
7 2 10
7 4 12
7 6 18
8 0 6
8 2 7
8 4 17
8 5 13
8 6 6
8 7 15
9 0 3
9 1 10
9 2 12
9 3 7
9 4 8
9 5 20
9 6 3
9 7 5
9 8 14
10 0 18
10 1 5
10 3 11
10 4 3
10 6 19
10 7 15
10 8 3
11 0 11
11 1 7
11 5 11
11 6 16
11 9 3
11 10 10
12 0 13
12 3 1
12 4 20
12 5 14
12 7 10
12 8 6
12 9 9
12 10 4
13 1 14
13 2 13
13 4 19
13 6 6
13 7 20
13 8 5
13 10 3
13 11 13
14 0 6
14 2 15
14 3 14
14 4 6
14 5 15
14 7 14
14 10 9
14 11 14
14 12 5
14 13 17
15 1 6
15 3 12
15 4 11
15 5 12
15 8 4
15 9 2
15 11 2
15 14 18
16 0 2
16 1 13
16 2 18
16 3 15
16 4 13
16 5 15
16 6 15
16 7 17
16 8 6
16 9 11
16 10 17
16 12 5
16 14 16
16 15 3
17 0 17
17 2 9
17 3 7
17 4 7
17 5 18
17 6 7
17 8 4
17 9 2
17 10 17
17 11 13
17 13 18
17 14 15
17 15 19
17 16 12
18 0 17
18 1 8
18 2 15
18 3 16
18 4 5
18 5 13
18 6 16
18 7 11
18 8 15
18 10 13
18 13 13
18 14 8
18 15 10
18 16 1
18 17 14
19 0 8
19 1 13
19 4 5
19 5 5
19 6 18
19 7 20
19 11 11
19 12 15
19 13 4
19 14 17
19 15 16
20 0 10
20 2 11
20 3 3
20 4 13
20 5 7
20 6 13
20 7 17
20 8 16
20 9 10
20 10 20
20 11 12
20 14 17
20 15 14
20 17 15
20 18 12
20 19 13
21 0 18
21 3 14
21 5 13
21 6 12
21 7 6
21 8 20
21 9 5
21 11 7
21 13 2
21 14 8
21 18 15
21 19 15
21 20 4
22 0 19
22 2 1
22 3 1
22 4 18
22 5 10
22 6 15
22 7 12
22 8 19
22 9 13
22 11 17
22 12 11
22 13 13
22 15 5
22 16 4
22 17 8
22 19 1
22 20 9
23 1 1
23 2 1
23 4 19
23 5 14
23 7 13
23 9 11
23 10 5
23 11 1
23 12 6
23 15 13
23 16 8
23 19 18
23 20 3
23 21 1
23 22 18
24 0 5
24 2 12
24 3 17
24 4 6
24 5 20
24 6 14
24 7 6
24 8 5
24 9 11
24 11 20
24 12 12
24 13 18
24 14 5
24 15 16
24 17 12
24 18 16
24 19 7
24 20 20
24 21 19
24 22 20
24 23 7
25 1 11
25 2 11
25 3 6
25 5 13
25 6 9
25 7 20
25 8 7
25 10 2
25 12 3
25 13 13
25 14 13
25 15 1
25 16 20
25 18 16
25 19 14
25 22 16
25 23 17
25 24 8
26 0 8
26 1 5
26 3 8
26 4 13
26 5 7
26 7 8
26 11 18
26 14 13
26 15 16
26 16 13
26 17 3
26 18 1
26 20 12
26 24 4
27 1 4
27 2 19
27 3 16
27 4 14
27 5 15
27 6 20
27 7 2
27 8 17
27 9 2
27 11 7
27 13 3
27 15 3
27 16 16
27 17 9
27 18 4
27 19 6
27 20 18
27 21 16
27 22 16
27 23 16
27 24 19
27 25 7
28 0 4
28 1 6
28 4 11
28 5 12
28 8 20
28 9 16
28 10 9
28 11 7
28 12 15
28 14 19
28 16 13
28 17 20
28 19 2
28 20 10
28 21 13
28 22 19
28 23 5
28 25 8
28 26 13
28 27 4
29 0 20
29 1 20
29 4 12
29 6 13
29 7 11
29 8 20
29 9 14
29 10 11
29 12 11
29 13 10
29 14 6
29 16 19
29 17 14
29 18 4
29 19 20
29 21 6
29 22 11
29 24 3
29 25 16
29 26 19
29 27 11
29 28 13
