60
4 0 18
6 0 7
6 5 25
8 0 32
8 1 21
8 2 30
8 3 1
10 0 11
10 6 33
11 3 27
11 4 21
11 6 8
11 7 28
11 8 19
11 9 29
12 2 3
12 3 22
12 8 40
13 0 4
13 3 19
13 5 20
13 8 8
13 11 37
14 5 6
14 6 17
14 10 39
14 12 5
15 1 30
15 6 7
15 8 26
16 0 25
16 2 38
16 3 2
16 4 37
16 6 20
16 9 12
16 11 3
17 8 31
17 12 38
17 15 8
18 6 13
18 9 36
18 10 2
18 13 7
18 17 36
19 1 29
19 2 9
19 3 10
19 6 25
19 9 26
19 13 22
19 15 20
19 18 26
20 0 14
20 3 34
20 7 40
20 17 33
20 19 39
21 3 17
21 6 27
21 8 11
21 9 7
21 13 13
21 15 26
22 1 2
22 2 26
22 3 5
22 6 31
22 7 36
22 14 29
22 15 33
22 16 2
22 17 21
22 20 34
23 1 28
23 2 10
23 9 31
23 15 4
23 17 6
23 18 32
23 20 18
24 0 11
24 5 16
24 18 16
24 19 3
25 3 27
25 7 9
25 8 14
25 10 19
25 11 20
25 12 36
25 16 25
25 20 12
25 21 39
26 2 20
26 6 31
26 8 11
26 11 11
26 18 29
27 1 10
27 2 19
27 11 20
27 13 8
27 17 4
27 20 11
27 22 26
28 0 12
28 2 39
28 5 11
28 7 28
28 12 8
28 14 7
28 15 15
28 17 27
28 19 40
28 21 8
28 24 23
28 27 26
29 2 21
29 5 3
29 6 27
29 10 1
29 13 12
29 15 25
29 18 24
29 20 6
29 24 39
29 25 27
29 26 40
30 0 5
30 5 8
30 8 16
30 12 1
30 16 6
30 18 31
30 23 16
30 25 34
30 26 3
30 28 8
31 0 33
31 2 12
31 7 28
31 15 39
31 18 39
31 20 24
31 27 13
31 28 16
32 0 29
32 2 5
32 4 29
32 7 8
32 10 17
32 11 29
32 19 11
32 20 2
32 21 35
32 22 20
32 26 40
33 1 38
33 3 18
33 6 40
33 7 29
33 11 27
33 13 2
33 18 3
33 31 34
34 2 33
34 5 13
34 7 9
34 11 7
34 17 26
34 24 37
34 27 30
34 29 38
34 32 22
35 1 7
35 7 20
35 19 36
35 22 2
35 23 28
35 24 2
35 26 21
35 27 32
35 29 21
36 1 12
36 3 26
36 11 34
36 13 12
36 14 32
36 18 10
36 19 27
36 22 36
37 9 37
37 10 18
37 17 24
37 20 6
37 21 34
37 22 13
37 24 38
37 30 10
37 31 8
37 33 27
37 35 25
37 36 33
38 0 3
38 1 19
38 9 28
38 17 24
38 18 2
38 23 34
38 26 27
38 28 21
38 29 31
38 30 5
38 34 22
38 37 20
39 0 18
39 2 29
39 10 10
39 15 12
39 19 33
39 21 22
39 25 21
39 26 37
39 27 19
39 33 40
40 8 3
40 11 11
40 18 35
40 26 7
40 28 27
40 32 3
40 39 14
41 2 14
41 4 7
41 8 39
41 15 37
41 22 28
41 23 24
41 29 1
41 35 25
41 37 16
42 0 10
42 7 40
42 8 7
42 9 7
42 10 32
42 15 6
42 16 38
42 17 16
42 21 4
42 23 35
42 26 22
42 31 24
42 34 16
42 36 30
42 37 23
43 4 3
43 9 23
43 12 9
43 15 10
43 22 30
43 24 7
43 30 22
43 32 40
43 35 18
43 36 17
43 40 32
43 41 23
44 8 14
44 13 20
44 15 38
44 23 23
44 25 31
44 29 20
44 32 8
44 34 24
44 35 39
44 40 23
45 4 11
45 7 19
45 8 32
45 10 26
45 11 34
45 14 35
45 16 7
45 17 13
45 19 2
45 20 19
45 23 17
45 24 40
45 25 40
45 30 31
45 33 17
45 34 37
45 35 22
45 36 10
45 37 6
45 40 15
46 5 2
46 7 9
46 9 28
46 10 27
46 15 31
46 16 40
46 18 31
46 19 7
46 20 35
46 21 34
46 23 38
46 24 7
46 28 26
46 29 20
46 31 30
46 33 31
46 35 15
46 37 6
46 40 14
46 44 6
46 45 31
47 1 32
47 4 28
47 6 4
47 18 14
47 20 32
47 21 23
47 31 22
47 32 19
47 34 21
47 39 9
47 40 27
47 41 3
47 43 26
47 44 31
48 17 35
48 23 38
48 26 24
48 27 19
48 28 6
48 29 7
48 31 16
48 41 16
48 43 31
49 1 23
49 2 21
49 3 29
49 4 14
49 12 11
49 13 38
49 16 16
49 17 3
49 18 5
49 19 17
49 24 9
49 27 39
49 29 34
49 32 35
49 33 23
49 37 20
49 47 33
50 0 18
50 1 39
50 3 31
50 6 21
50 10 37
50 13 27
50 17 32
50 18 25
50 19 4
50 22 8
50 30 36
50 34 17
50 36 38
50 37 34
50 38 11
50 46 35
50 49 5
51 4 31
51 7 14
51 8 16
51 13 20
51 15 28
51 16 32
51 28 8
51 29 28
51 30 26
51 34 36
51 35 7
51 37 23
51 38 35
51 40 19
51 41 23
51 46 35
52 1 29
52 5 24
52 7 16
52 8 14
52 10 21
52 11 1
52 15 23
52 17 14
52 22 24
52 26 2
52 28 36
52 33 29
52 36 33
52 37 15
52 39 28
52 43 5
52 46 40
52 50 37
52 51 9
53 0 1
53 5 8
53 6 1
53 9 18
53 10 32
53 12 25
53 14 13
53 21 4
53 23 31
53 30 30
53 31 39
53 32 30
53 33 23
53 34 7
53 43 32
53 47 33
53 52 25
54 2 38
54 12 14
54 16 24
54 20 24
54 21 5
54 25 30
54 26 22
54 28 1
54 32 33
54 36 10
54 37 24
54 40 2
54 43 3
54 50 30
54 51 11
55 5 14
55 14 2
55 15 30
55 20 21
55 21 15
55 25 26
55 27 11
55 28 6
55 29 14
55 30 20
55 36 9
55 37 24
55 44 10
55 45 15
55 47 7
55 49 36
55 51 2
56 2 20
56 6 2
56 13 21
56 15 32
56 18 23
56 21 12
56 26 29
56 29 36
56 30 37
56 42 20
56 51 39
56 52 11
56 53 33
57 6 19
57 8 31
57 11 7
57 17 38
57 23 13
57 25 20
57 26 7
57 28 27
57 30 35
57 34 23
57 38 14
57 47 39
57 52 38
57 54 1
58 1 20
58 7 38
58 9 8
58 11 23
58 13 22
58 16 23
58 24 16
58 26 35
58 27 17
58 30 7
58 35 19
58 37 14
58 38 35
58 44 17
58 45 4
58 53 26
58 54 40
58 55 15
59 1 33
59 5 10
59 7 35
59 10 3
59 14 30
59 16 1
59 20 16
59 24 33
59 32 31
59 40 39
59 41 21
59 42 5
59 45 29
59 50 15
59 51 20
59 54 25
59 55 6
