30
1 0 95
2 0 83
2 1 47
3 0 155
3 1 157
3 2 18
4 2 141
5 1 152
5 2 120
5 4 120
6 0 29
6 1 94
6 3 138
6 5 138
7 0 91
7 1 141
7 3 1
7 4 42
7 5 9
7 6 48
8 0 31
8 1 156
8 2 29
8 6 114
8 7 158
9 1 115
9 2 111
9 4 145
9 7 148
9 8 87
10 1 137
10 3 121
10 4 106
10 5 25
10 6 6
10 7 82
10 8 93
11 0 47
11 1 13
11 2 85
11 3 140
11 5 76
11 7 15
11 10 147
12 2 150
12 3 74
12 7 153
12 8 21
13 0 48
13 1 23
13 2 18
13 4 135
13 5 45
13 6 157
13 8 100
13 9 113
13 10 63
13 12 38
14 0 114
14 1 77
14 2 49
14 3 119
14 4 23
14 5 115
14 6 64
14 7 112
14 8 31
14 9 92
14 10 69
14 11 159
14 12 9
14 13 96
15 0 88
15 1 158
15 2 14
15 3 17
15 4 37
15 5 35
15 6 108
15 7 137
15 8 103
15 9 99
15 10 31
15 11 122
15 12 37
15 13 143
15 14 8
16 0 102
16 3 134
16 4 140
16 6 130
16 7 5
16 9 46
16 10 125
16 12 60
16 13 63
17 0 30
17 1 80
17 2 2
17 3 75
17 4 103
17 5 68
17 6 13
17 7 109
17 11 149
17 13 9
17 15 38
17 16 34
18 0 9
18 2 40
18 3 69
18 4 144
18 5 95
18 7 57
18 8 66
18 14 107
18 15 142
18 16 128
18 17 58
19 0 47
19 1 73
19 2 12
19 3 94
19 4 121
19 6 65
19 7 7
19 8 26
19 10 115
19 11 135
19 12 51
19 14 94
19 15 1
19 16 120
19 17 12
20 0 47
20 1 37
20 4 91
20 5 25
20 6 58
20 9 90
20 11 116
20 13 74
20 15 1
20 16 146
20 18 94
20 19 62
21 1 10
21 2 64
21 3 159
21 4 66
21 6 93
21 7 118
21 8 152
21 9 157
21 10 23
21 11 114
21 12 53
21 13 119
21 14 46
21 17 110
21 18 85
21 19 122
21 20 18
22 0 38
22 1 77
22 2 107
22 3 123
22 4 138
22 5 50
22 6 149
22 7 145
22 9 96
22 11 110
22 12 65
22 13 4
22 14 17
22 15 71
22 16 123
22 17 45
22 19 68
23 1 61
23 2 46
23 4 25
23 6 71
23 7 117
23 8 20
23 9 75
23 10 95
23 15 23
23 16 99
23 17 96
23 18 87
23 19 55
23 21 118
24 0 53
24 1 145
24 2 144
24 4 55
24 5 34
24 7 116
24 9 156
24 14 93
24 15 38
24 17 92
24 19 68
24 20 50
24 21 73
24 22 26
25 0 20
25 1 152
25 2 115
25 3 65
25 4 107
25 5 100
25 6 127
25 7 119
25 8 113
25 9 153
25 11 6
25 12 55
25 13 35
25 14 147
25 16 118
25 17 41
25 18 117
25 19 39
25 21 103
25 22 107
25 23 21
26 1 6
26 2 69
26 3 159
26 4 99
26 6 81
26 7 120
26 8 108
26 9 98
26 10 142
26 11 136
26 12 147
26 13 94
26 14 156
26 15 137
26 17 60
26 18 126
26 20 111
26 22 56
26 23 69
26 25 135
27 0 67
27 1 38
27 2 24
27 3 8
27 4 49
27 5 95
27 6 110
27 8 136
27 9 110
27 10 160
27 11 58
27 13 115
27 14 133
27 15 37
27 17 128
27 18 79
27 21 97
27 22 134
27 23 139
27 25 26
27 26 120
28 0 133
28 1 158
28 2 72
28 4 35
28 5 141
28 7 122
28 8 81
28 9 37
28 10 152
28 11 160
28 13 68
28 18 10
28 19 13
28 20 81
29 0 55
29 1 73
29 2 36
29 3 12
29 4 32
29 5 158
29 6 87
29 7 54
29 8 127
29 9 36
29 10 64
29 11 89
29 13 9
29 14 107
29 16 6
29 17 78
29 18 4
29 19 76
29 20 4
29 21 33
29 22 79
29 23 81
29 24 89
29 26 65
29 27 48
29 28 79
