60
2 1 69
3 0 6
3 1 63
3 2 34
4 1 108
4 2 30
4 3 39
5 0 126
5 1 1
5 2 59
5 3 117
5 4 36
6 0 119
6 1 128
6 2 86
6 4 47
6 5 155
7 0 7
7 1 39
7 2 127
7 3 67
7 4 92
7 6 108
8 0 91
8 1 83
8 2 2
8 3 111
8 5 13
8 6 61
8 7 46
9 1 100
9 2 73
9 3 63
9 4 62
9 7 101
9 8 143
10 0 63
10 1 23
10 4 27
10 6 3
10 7 67
10 9 42
11 1 111
11 2 6
11 3 91
11 4 66
11 6 47
11 7 147
11 8 154
11 9 104
11 10 158
12 0 11
12 1 133
12 3 90
12 4 133
12 6 88
12 8 113
12 9 64
12 10 73
13 0 131
13 2 27
13 3 34
13 4 28
13 5 56
13 6 99
13 7 7
13 8 9
13 9 12
13 10 44
13 12 8
14 0 81
14 1 133
14 2 29
14 5 85
14 8 135
14 10 160
14 11 98
14 12 73
14 13 150
15 0 36
15 1 24
15 3 69
15 5 44
15 7 134
15 8 120
15 9 149
15 10 156
15 11 50
15 14 160
16 1 109
16 2 49
16 4 42
16 5 119
16 7 22
16 9 81
16 12 25
17 0 34
17 1 31
17 2 159
17 5 96
17 6 71
17 7 13
17 9 74
17 10 72
17 11 70
17 12 27
17 13 149
17 15 55
17 16 60
18 0 137
18 1 47
18 5 58
18 6 9
18 7 148
18 10 58
18 13 60
18 14 112
18 15 43
18 17 82
19 1 31
19 2 61
19 4 41
19 5 2
19 6 153
19 7 2
19 10 129
19 11 48
19 12 136
19 13 133
19 15 125
19 16 142
19 17 125
19 18 8
20 0 88
20 1 11
20 2 157
20 3 15
20 4 142
20 7 77
20 8 98
20 9 87
20 10 107
20 11 145
20 13 29
20 15 84
20 16 40
20 17 64
20 18 131
21 0 135
21 1 137
21 2 1
21 3 54
21 5 30
21 6 131
21 7 141
21 8 55
21 9 110
21 10 89
21 12 93
21 13 77
21 15 93
21 17 109
21 18 122
21 19 129
21 20 85
22 0 124
22 1 49
22 4 144
22 6 53
22 7 119
22 8 137
22 10 9
22 11 153
22 13 131
22 14 113
22 15 119
22 16 1
22 17 137
22 19 145
22 20 112
23 1 126
23 2 59
23 3 30
23 4 77
23 5 41
23 7 79
23 9 10
23 10 30
23 11 132
23 12 43
23 13 132
23 14 7
23 16 69
23 17 62
23 18 122
23 19 56
23 21 71
24 2 12
24 3 18
24 4 134
24 5 137
24 7 139
24 9 137
24 10 139
24 11 78
24 12 28
24 13 31
24 14 111
24 15 4
24 16 101
24 17 46
24 18 32
24 19 30
24 20 3
24 21 52
24 22 60
24 23 158
25 1 52
25 3 87
25 4 18
25 5 108
25 6 104
25 7 87
25 9 28
25 13 134
25 15 86
25 16 40
25 17 82
25 20 22
25 23 141
25 24 53
26 2 85
26 5 5
26 6 79
26 7 159
26 9 37
26 10 11
26 11 98
26 12 153
26 13 128
26 15 29
26 16 32
26 18 86
26 19 135
26 21 21
26 22 60
26 23 2
26 24 100
26 25 33
27 1 30
27 3 21
27 5 15
27 6 145
27 7 28
27 8 102
27 9 24
27 10 65
27 11 129
27 12 78
27 13 51
27 14 82
27 16 21
27 20 94
27 21 63
27 22 71
27 24 102
27 25 14
27 26 12
28 0 106
28 2 30
28 5 18
28 7 57
28 9 74
28 10 147
28 12 121
28 13 118
28 15 97
28 17 95
28 19 147
28 20 125
28 21 39
28 22 73
28 23 76
28 24 123
28 25 100
29 0 48
29 1 93
29 2 97
29 3 16
29 6 86
29 7 42
29 8 93
29 9 13
29 10 68
29 11 41
29 12 39
29 13 36
29 14 44
29 15 11
29 16 99
29 17 152
29 19 98
29 21 130
29 22 117
29 23 91
29 24 53
29 25 48
29 26 90
29 27 51
29 28 93
30 0 30
30 2 40
30 5 44
30 6 66
30 7 59
30 8 51
30 9 132
30 10 141
30 13 5
30 15 90
30 18 34
30 21 145
30 22 137
30 23 52
30 24 71
30 25 65
30 27 140
31 2 32
31 3 132
31 4 67
31 5 72
31 8 130
31 9 140
31 10 8
31 11 111
31 12 71
31 13 63
31 14 152
31 15 101
31 16 76
31 17 85
31 18 133
31 19 151
31 20 135
31 21 122
31 22 22
31 23 96
31 24 21
31 26 110
31 27 38
31 29 156
31 30 12
32 0 98
32 2 73
32 3 15
32 4 123
32 5 54
32 6 146
32 7 109
32 8 56
32 9 139
32 10 7
32 11 155
32 14 6
32 16 92
32 17 76
32 18 28
32 19 82
32 20 24
32 21 75
32 22 64
32 24 141
32 25 56
32 26 26
32 27 142
32 29 143
32 31 22
33 0 86
33 2 76
33 3 154
33 4 37
33 5 107
33 8 88
33 13 37
33 14 156
33 16 130
33 17 132
33 18 106
33 19 148
33 20 141
33 21 67
33 22 57
33 23 23
33 25 64
33 27 33
33 28 143
33 29 66
33 30 122
33 31 76
33 32 99
34 1 124
34 3 90
34 4 11
34 5 125
34 7 77
34 9 135
34 11 160
34 12 28
34 14 27
34 15 104
34 16 46
34 17 24
34 19 141
34 20 142
34 21 96
34 23 20
34 24 105
34 27 47
34 28 146
34 29 145
34 30 107
34 33 82
35 0 151
35 1 147
35 2 48
35 3 32
35 6 94
35 9 10
35 10 3
35 12 15
35 13 17
35 14 82
35 15 52
35 20 157
35 21 118
35 24 26
35 27 150
35 28 86
35 29 17
35 30 105
35 31 40
35 34 88
36 0 46
36 1 42
36 5 81
36 6 90
36 7 40
36 8 98
36 9 50
36 10 6
36 11 23
36 14 71
36 15 124
36 16 107
36 17 93
36 18 17
36 20 44
36 22 134
36 23 41
36 26 70
36 27 160
36 28 65
36 29 26
36 30 88
36 31 103
36 32 96
36 34 159
36 35 138
37 0 77
37 1 62
37 2 104
37 3 76
37 5 23
37 7 85
37 9 145
37 10 63
37 11 30
37 12 18
37 16 39
37 17 132
37 18 98
37 19 121
37 20 4
37 23 84
37 24 113
37 26 141
37 27 89
37 28 62
37 29 80
37 31 66
37 32 25
37 33 9
37 34 22
37 36 80
38 1 127
38 2 73
38 4 103
38 5 40
38 7 118
38 9 7
38 10 127
38 13 22
38 14 48
38 15 37
38 16 144
38 19 149
38 20 123
38 21 52
38 22 18
38 23 127
38 24 41
38 25 147
38 26 70
38 27 4
38 28 67
38 29 79
38 32 69
38 33 131
38 34 156
38 36 160
39 0 107
39 2 124
39 3 136
39 4 73
39 6 48
39 7 83
39 8 157
39 9 67
39 10 146
39 13 85
39 14 128
39 15 89
39 16 5
39 17 157
39 18 52
39 19 74
39 20 47
39 23 13
39 24 22
39 28 30
39 29 146
39 30 91
39 32 13
39 33 123
39 34 77
39 35 92
39 36 27
39 37 49
39 38 107
40 0 93
40 2 11
40 3 109
40 6 53
40 11 92
40 12 73
40 13 113
40 16 111
40 19 72
40 21 100
40 22 120
40 24 82
40 25 65
40 27 151
40 32 75
40 33 114
40 34 21
40 36 64
40 37 49
40 38 90
40 39 128
41 3 131
41 5 139
41 6 54
41 7 74
41 8 4
41 11 121
41 12 121
41 13 21
41 15 63
41 17 93
41 18 139
41 19 116
41 20 83
41 21 37
41 23 16
41 24 102
41 26 28
41 28 135
41 29 37
41 30 131
41 31 113
41 34 52
41 35 97
41 36 120
41 37 63
41 40 140
42 0 87
42 1 47
42 2 82
42 3 84
42 4 44
42 6 92
42 7 153
42 8 70
42 9 23
42 11 27
42 12 114
42 13 130
42 14 93
42 15 69
42 16 156
42 17 18
42 18 124
42 20 101
42 22 50
42 23 90
42 24 81
42 25 94
42 26 138
42 27 132
42 28 11
42 30 153
42 32 78
42 33 33
42 34 62
42 36 148
42 39 33
42 40 102
42 41 137
43 0 38
43 1 117
43 2 128
43 5 85
43 6 115
43 7 38
43 8 158
43 9 38
43 12 6
43 13 126
43 14 40
43 16 130
43 18 111
43 19 76
43 20 126
43 21 136
43 22 123
43 23 136
43 24 113
43 25 75
43 27 3
43 28 98
43 29 16
43 32 50
43 33 137
43 34 99
43 35 27
43 36 149
43 38 120
43 40 131
43 41 131
43 42 91
44 0 83
44 1 19
44 2 61
44 3 158
44 4 34
44 8 156
44 11 149
44 12 13
44 13 4
44 14 151
44 15 122
44 16 133
44 17 19
44 18 133
44 19 94
44 20 93
44 22 42
44 23 83
44 25 28
44 26 88
44 28 34
44 30 131
44 31 149
44 32 95
44 33 97
44 35 33
44 36 138
44 37 26
44 38 126
44 39 103
44 40 64
44 41 79
44 42 40
45 1 68
45 2 54
45 4 72
45 6 151
45 7 106
45 8 31
45 10 5
45 13 153
45 14 28
45 15 13
45 19 126
45 20 40
45 21 64
45 22 26
45 24 105
45 26 68
45 27 47
45 28 156
45 29 120
45 30 108
45 31 49
45 32 127
45 33 140
45 35 100
45 36 94
45 38 79
45 39 10
45 42 81
45 43 135
45 44 23
46 0 109
46 1 9
46 2 54
46 3 72
46 4 115
46 5 128
46 9 118
46 11 90
46 12 51
46 13 87
46 14 65
46 16 18
46 17 58
46 18 99
46 19 157
46 20 110
46 22 156
46 23 61
46 24 116
46 25 44
46 26 86
46 27 6
46 28 36
46 30 49
46 31 121
46 32 51
46 33 44
46 34 63
46 35 98
46 37 109
46 38 51
46 39 125
46 40 86
46 41 100
46 42 151
46 44 136
46 45 62
47 1 116
47 2 10
47 3 88
47 4 112
47 6 141
47 7 74
47 8 146
47 9 131
47 10 143
47 12 70
47 13 81
47 14 68
47 15 132
47 17 88
47 18 46
47 19 53
47 20 28
47 21 111
47 22 90
47 23 98
47 25 97
47 28 156
47 29 152
47 32 65
47 33 73
47 35 28
47 36 69
47 38 138
47 39 122
47 40 117
47 42 69
47 43 44
47 44 123
47 45 136
48 0 36
48 2 124
48 3 80
48 6 152
48 7 23
48 8 101
48 9 112
48 10 159
48 12 51
48 13 107
48 15 55
48 16 87
48 19 138
48 20 131
48 21 115
48 22 70
48 23 140
48 25 107
48 26 24
48 27 63
48 28 62
48 29 140
48 30 94
48 31 18
48 33 40
48 34 87
48 40 101
48 42 25
48 43 121
48 45 66
48 47 98
49 0 151
49 1 9
49 3 29
49 4 52
49 5 24
49 7 130
49 8 104
49 9 3
49 10 143
49 11 146
49 13 12
49 14 136
49 16 144
49 17 29
49 18 32
49 19 60
49 20 80
49 21 4
49 22 1
49 23 138
49 25 137
49 26 123
49 27 119
49 28 44
49 30 78
49 31 99
49 32 133
49 33 75
49 34 125
49 35 86
49 36 112
49 37 77
49 41 131
49 42 84
49 44 43
49 46 48
49 47 79
50 1 147
50 2 150
50 3 60
50 6 85
50 7 144
50 8 151
50 10 21
50 12 53
50 13 98
50 14 52
50 16 108
50 17 130
50 18 37
50 19 81
50 21 59
50 22 86
50 24 151
50 25 50
50 26 106
50 29 53
50 30 30
50 31 106
50 34 109
50 35 103
50 38 15
50 39 34
50 40 68
50 41 1
50 42 14
50 43 14
50 44 40
50 45 146
50 46 124
50 47 160
50 49 53
51 1 94
51 2 64
51 3 136
51 4 97
51 5 110
51 6 39
51 7 104
51 12 90
51 14 120
51 15 94
51 16 109
51 17 6
51 18 96
51 20 125
51 21 79
51 22 120
51 25 117
51 26 141
51 28 110
51 29 67
51 30 31
51 31 29
51 32 152
51 33 78
51 34 1
51 35 110
51 37 54
51 39 118
51 44 79
51 45 28
51 47 115
51 50 90
52 2 28
52 3 26
52 4 42
52 5 47
52 6 50
52 7 34
52 9 135
52 10 105
52 12 160
52 13 45
52 14 135
52 17 105
52 18 156
52 19 64
52 22 133
52 23 60
52 24 151
52 25 58
52 26 37
52 27 80
52 29 139
52 31 92
52 32 51
52 34 120
52 36 106
52 37 137
52 38 62
52 39 58
52 40 57
52 42 96
52 43 8
52 44 136
52 45 85
52 48 35
52 50 42
52 51 118
53 0 142
53 1 51
53 2 20
53 3 44
53 6 98
53 7 152
53 9 25
53 10 104
53 12 93
53 13 25
53 14 124
53 15 135
53 16 114
53 19 137
53 20 99
53 21 74
53 23 73
53 24 160
53 25 58
53 26 8
53 29 30
53 30 1
53 32 35
53 33 50
53 34 7
53 36 94
53 37 50
53 38 17
53 39 89
53 40 100
53 42 140
53 45 49
53 46 24
53 47 109
53 49 159
53 51 6
53 52 19
54 0 148
54 1 39
54 2 91
54 6 22
54 8 41
54 10 68
54 11 141
54 12 120
54 15 100
54 17 129
54 19 122
54 20 72
54 21 39
54 22 48
54 23 73
54 24 136
54 25 33
54 26 86
54 27 45
54 28 11
54 30 99
54 31 119
54 32 35
54 33 151
54 35 111
54 36 128
54 37 11
54 38 97
54 40 11
54 41 107
54 42 41
54 43 62
54 45 18
54 47 29
54 48 70
54 49 130
54 50 43
54 51 157
54 52 112
54 53 46
55 1 91
55 2 142
55 4 2
55 5 156
55 6 127
55 7 69
55 8 155
55 11 84
55 13 34
55 14 51
55 16 31
55 17 70
55 18 79
55 19 106
55 21 96
55 22 7
55 23 106
55 25 11
55 26 56
55 27 28
55 29 84
55 30 13
55 31 112
55 32 138
55 33 31
55 34 99
55 35 76
55 36 44
55 37 62
55 38 138
55 39 94
55 41 11
55 43 128
55 45 90
55 47 46
55 49 74
55 50 32
55 53 70
56 0 31
56 1 134
56 2 134
56 3 146
56 5 151
56 6 107
56 7 119
56 8 51
56 9 49
56 10 144
56 11 97
56 12 122
56 15 43
56 16 102
56 17 132
56 18 153
56 19 81
56 21 142
56 22 140
56 23 135
56 26 117
56 27 50
56 31 151
56 32 64
56 33 62
56 36 46
56 37 131
56 40 133
56 41 121
56 43 33
56 44 150
56 45 117
56 46 69
56 47 92
56 48 66
56 49 27
56 51 100
56 52 13
56 53 13
57 0 72
57 1 100
57 2 15
57 3 114
57 4 112
57 5 25
57 6 21
57 10 140
57 12 8
57 13 22
57 15 35
57 16 137
57 17 25
57 18 65
57 19 151
57 20 86
57 21 88
57 23 92
57 24 114
57 25 14
57 26 138
57 27 80
57 30 113
57 31 15
57 32 14
57 33 66
57 35 124
57 36 131
57 37 113
57 38 25
57 39 112
57 42 99
57 43 101
57 47 50
57 49 18
57 50 113
57 51 73
57 52 99
57 53 31
57 54 15
58 1 111
58 2 67
58 3 80
58 7 69
58 9 52
58 10 13
58 11 74
58 13 13
58 14 114
58 15 31
58 16 67
58 17 139
58 18 114
58 20 117
58 21 55
58 22 21
58 24 130
58 25 114
58 26 121
58 27 49
58 28 123
58 29 147
58 30 38
58 31 79
58 32 136
58 34 6
58 35 148
58 37 114
58 38 29
58 39 99
58 41 68
58 43 39
58 44 11
58 45 33
58 48 141
58 51 49
58 53 52
58 54 74
58 56 152
58 57 132
59 0 33
59 1 16
59 4 13
59 6 24
59 8 154
59 9 99
59 11 135
59 12 81
59 13 108
59 14 60
59 16 118
59 17 96
59 18 16
59 19 75
59 20 49
59 22 108
59 23 67
59 24 93
59 25 134
59 26 29
59 28 1
59 31 6
59 32 2
59 33 96
59 34 102
59 35 49
59 37 83
59 38 115
59 39 33
59 40 83
59 41 69
59 43 99
59 44 47
59 45 139
59 46 136
59 47 17
59 48 37
59 49 52
59 52 111
59 54 21
59 55 107
59 56 42
59 57 48
