70
1 0 20
2 0 14
2 1 11
3 0 3
3 1 6
4 0 16
4 1 5
4 2 10
4 3 17
5 0 14
5 1 20
5 3 2
5 4 3
6 1 12
6 2 14
6 3 15
6 4 20
7 0 20
7 1 18
7 2 7
7 3 19
7 5 6
8 0 2
8 2 5
8 3 14
8 4 14
8 5 4
8 6 1
9 0 17
9 2 10
9 5 11
9 6 8
9 7 9
9 8 12
10 1 3
10 2 20
10 3 18
10 4 2
10 5 14
10 6 14
10 7 12
11 1 16
11 2 10
11 3 3
11 4 9
11 5 10
11 6 12
11 7 4
11 8 18
11 9 19
11 10 16
12 1 19
12 2 1
12 3 19
12 4 10
12 7 2
12 11 7
13 1 10
13 2 17
13 3 17
13 4 7
13 5 4
13 6 10
13 7 5
13 8 4
13 9 12
13 11 6
14 0 7
14 2 13
14 3 6
14 4 19
14 5 18
14 6 14
14 8 13
14 9 4
14 10 12
14 11 2
14 12 12
15 1 3
15 3 7
15 4 8
15 6 5
15 8 16
15 9 10
15 12 19
15 13 9
15 14 14
16 0 9
16 1 8
16 2 10
16 4 15
16 5 1
16 6 13
16 7 19
16 8 6
16 9 18
16 12 5
16 15 1
17 0 3
17 1 9
17 2 19
17 4 20
17 5 7
17 6 14
17 7 20
17 12 13
17 13 8
17 14 1
17 15 4
17 16 20
18 0 5
18 1 14
18 2 16
18 4 2
18 5 1
18 6 19
18 7 11
18 8 10
18 10 7
18 12 7
18 13 3
18 15 12
18 16 9
18 17 11
19 0 2
19 1 19
19 2 9
19 3 7
19 4 12
19 6 8
19 7 10
19 8 15
19 9 2
19 13 14
19 14 18
19 15 13
19 16 2
19 17 17
19 18 4
20 0 15
20 1 4
20 2 6
20 3 13
20 4 3
20 5 13
20 6 16
20 7 20
20 8 11
20 9 5
20 10 13
20 11 5
20 12 14
20 13 18
20 15 1
20 16 18
20 17 20
20 18 16
20 19 3
21 1 14
21 2 18
21 5 9
21 7 1
21 8 10
21 9 3
21 10 4
21 11 7
21 12 16
21 13 7
21 14 13
21 15 16
21 16 18
21 17 9
21 18 6
21 19 13
21 20 4
22 0 14
22 1 10
22 2 11
22 3 17
22 4 14
22 5 9
22 6 13
22 7 6
22 10 20
22 12 15
22 13 16
22 14 19
22 15 15
22 16 1
22 17 20
22 19 19
22 20 9
22 21 15
23 1 18
23 3 4
23 4 8
23 5 4
23 6 11
23 7 18
23 8 11
23 10 17
23 11 3
23 12 14
23 13 5
23 14 13
23 15 3
23 17 4
23 18 4
23 20 11
23 21 6
23 22 7
24 0 10
24 1 11
24 4 5
24 5 7
24 6 6
24 8 17
24 9 19
24 10 6
24 11 13
24 12 2
24 13 2
24 14 11
24 15 1
24 16 11
24 17 20
24 18 20
24 19 14
24 20 8
24 21 1
24 22 6
24 23 17
25 0 2
25 1 5
25 2 7
25 3 15
25 4 14
25 5 12
25 6 7
25 7 7
25 8 1
25 9 20
25 10 16
25 12 2
25 13 16
25 14 6
25 15 2
25 16 8
25 17 15
25 18 1
25 19 18
25 20 2
25 21 1
25 22 12
25 23 4
25 24 12
26 0 14
26 1 1
26 2 2
26 4 5
26 7 13
26 9 1
26 10 20
26 11 15
26 13 8
26 14 2
26 15 6
26 16 8
26 17 10
26 18 5
26 21 2
26 22 13
26 25 11
27 0 10
27 1 13
27 2 18
27 3 14
27 4 5
27 5 10
27 6 2
27 7 8
27 8 19
27 9 14
27 10 2
27 11 20
27 13 20
27 14 11
27 15 1
27 17 13
27 18 17
27 19 9
27 20 8
27 21 2
27 22 6
27 23 18
27 24 15
27 25 3
27 26 9
28 0 19
28 1 18
28 2 5
28 3 16
28 4 8
28 5 11
28 6 18
28 8 15
28 9 20
28 10 9
28 11 18
28 12 19
28 13 2
28 14 11
28 17 4
28 18 5
28 19 16
28 20 7
28 21 20
28 22 1
28 23 3
28 24 10
28 25 11
28 26 16
28 27 6
29 0 7
29 1 20
29 3 12
29 4 5
29 7 4
29 8 11
29 9 1
29 10 20
29 11 17
29 12 8
29 13 6
29 14 1
29 15 4
29 16 5
29 17 6
29 18 10
29 19 10
29 20 4
29 21 5
29 22 14
29 24 15
29 25 2
29 26 2
29 27 13
29 28 6
30 0 8
30 2 1
30 4 5
30 5 2
30 6 1
30 7 20
30 8 7
30 10 9
30 11 15
30 12 17
30 13 19
30 14 1
30 15 2
30 16 11
30 17 14
30 18 5
30 19 5
30 20 2
30 22 5
30 23 9
30 24 11
30 25 1
30 26 7
30 28 1
30 29 13
31 0 9
31 2 2
31 3 9
31 4 14
31 5 8
31 7 8
31 8 7
31 9 18
31 10 14
31 11 2
31 12 12
31 13 7
31 14 2
31 15 19
31 16 4
31 17 15
31 18 12
31 20 4
31 21 18
31 22 2
31 23 14
31 24 8
31 25 13
31 27 3
31 28 14
31 29 12
31 30 8
32 0 20
32 1 1
32 2 14
32 3 14
32 4 18
32 5 19
32 6 5
32 7 11
32 9 20
32 13 8
32 14 7
32 15 12
32 16 6
32 18 18
32 19 11
32 21 12
32 22 13
32 23 1
32 24 1
32 26 13
32 27 20
32 29 7
32 30 4
32 31 4
33 1 4
33 2 14
33 3 9
33 4 10
33 5 2
33 6 6
33 7 19
33 8 8
33 10 7
33 11 20
33 12 11
33 13 18
33 14 9
33 15 11
33 16 8
33 19 17
33 20 17
33 21 7
33 22 20
33 23 9
33 25 19
33 26 1
33 28 1
33 30 11
33 31 14
33 32 12
34 0 10
34 1 15
34 4 10
34 5 15
34 6 11
34 7 5
34 8 16
34 9 16
34 10 20
34 11 4
34 12 19
34 13 8
34 14 19
34 15 20
34 16 3
34 18 15
34 19 11
34 20 16
34 21 20
34 23 5
34 24 7
34 25 10
34 26 5
34 30 4
34 31 9
34 32 18
34 33 6
35 0 17
35 1 7
35 2 2
35 3 20
35 4 2
35 5 5
35 6 6
35 7 1
35 8 7
35 9 13
35 10 16
35 11 3
35 12 8
35 13 8
35 14 17
35 15 5
35 16 5
35 17 9
35 18 8
35 19 18
35 20 5
35 21 7
35 23 9
35 26 2
35 27 20
35 28 4
35 29 18
35 30 15
35 31 4
35 32 8
35 33 17
36 0 4
36 1 14
36 2 2
36 3 4
36 5 18
36 6 9
36 7 10
36 8 14
36 10 4
36 11 1
36 12 17
36 13 7
36 14 4
36 16 18
36 17 8
36 21 17
36 22 7
36 23 18
36 24 1
36 25 5
36 27 3
36 28 7
36 29 5
36 30 14
36 31 19
36 32 11
36 33 11
36 35 20
37 0 5
37 1 11
37 2 2
37 3 13
37 4 4
37 5 10
37 6 20
37 7 4
37 8 16
37 9 11
37 11 9
37 12 20
37 13 2
37 14 5
37 15 1
37 16 6
37 17 6
37 18 7
37 19 11
37 20 20
37 21 13
37 22 20
37 23 2
37 25 6
37 26 12
37 27 9
37 28 2
37 29 5
37 31 17
37 32 6
37 33 5
37 34 13
37 35 1
37 36 14
38 1 18
38 2 18
38 3 15
38 4 10
38 5 14
38 7 20
38 8 3
38 9 18
38 10 12
38 11 5
38 12 3
38 13 16
38 14 8
38 16 5
38 17 20
38 18 3
38 22 19
38 23 10
38 24 14
38 25 14
38 26 2
38 27 20
38 29 3
38 30 18
38 33 7
38 34 17
38 35 20
38 36 8
38 37 9
39 0 15
39 1 12
39 2 13
39 3 2
39 4 15
39 5 10
39 6 6
39 7 2
39 8 2
39 9 10
39 10 18
39 11 11
39 12 11
39 14 19
39 15 7
39 16 1
39 18 9
39 19 13
39 21 3
39 22 5
39 24 3
39 25 3
39 26 5
39 27 18
39 28 11
39 29 19
39 31 14
39 32 14
39 33 18
39 34 14
39 35 13
39 38 13
40 0 20
40 1 3
40 2 7
40 3 18
40 4 3
40 7 6
40 9 20
40 10 14
40 11 13
40 12 9
40 13 19
40 14 15
40 15 14
40 16 10
40 20 12
40 21 10
40 22 14
40 23 18
40 24 6
40 25 2
40 26 3
40 27 19
40 28 4
40 29 5
40 30 9
40 31 2
40 33 8
40 35 17
40 37 8
40 38 15
40 39 15
41 0 5
41 1 7
41 2 10
41 3 1
41 4 11
41 5 1
41 7 3
41 8 15
41 9 20
41 10 4
41 11 8
41 12 15
41 13 16
41 14 18
41 16 16
41 17 7
41 18 8
41 19 7
41 20 19
41 21 12
41 22 13
41 23 5
41 24 16
41 28 14
41 29 10
41 30 14
41 32 2
41 33 17
41 34 18
41 36 14
41 37 14
41 40 11
42 0 9
42 1 14
42 2 5
42 3 16
42 5 16
42 6 9
42 7 19
42 8 6
42 9 6
42 10 1
42 12 12
42 13 12
42 14 17
42 15 15
42 17 1
42 19 12
42 20 18
42 21 6
42 23 12
42 24 1
42 25 3
42 26 17
42 27 14
42 28 12
42 29 9
42 30 15
42 31 20
42 35 18
42 36 20
42 37 2
42 38 5
42 39 7
42 40 12
42 41 8
43 2 9
43 3 2
43 4 14
43 5 6
43 6 15
43 7 9
43 8 4
43 9 10
43 10 4
43 11 9
43 12 18
43 13 5
43 14 20
43 15 9
43 16 3
43 17 4
43 18 13
43 19 19
43 20 4
43 21 13
43 22 13
43 23 8
43 24 19
43 25 1
43 27 20
43 28 5
43 32 20
43 33 14
43 35 18
43 36 14
43 37 4
43 38 8
43 39 19
43 40 4
43 41 11
43 42 1
44 0 4
44 3 1
44 4 14
44 6 18
44 7 15
44 8 11
44 9 9
44 10 12
44 11 16
44 12 3
44 15 10
44 16 7
44 17 9
44 18 1
44 19 14
44 20 11
44 21 20
44 22 19
44 23 16
44 25 4
44 26 3
44 27 18
44 28 16
44 29 5
44 30 11
44 31 5
44 33 1
44 34 8
44 35 19
44 36 11
44 37 6
44 38 12
44 40 11
44 41 4
44 43 5
45 0 3
45 1 8
45 2 8
45 3 18
45 5 19
45 6 2
45 7 12
45 8 9
45 9 9
45 10 19
45 11 18
45 12 7
45 13 18
45 15 4
45 17 8
45 18 6
45 19 10
45 20 4
45 21 13
45 22 1
45 23 2
45 24 12
45 25 17
45 26 4
45 27 12
45 28 18
45 29 19
45 32 15
45 33 1
45 34 11
45 36 20
45 37 2
45 39 12
45 40 8
45 41 4
46 0 10
46 1 13
46 2 15
46 3 9
46 4 1
46 5 16
46 6 2
46 7 1
46 8 15
46 9 13
46 10 15
46 11 12
46 12 15
46 13 11
46 15 10
46 16 3
46 17 16
46 18 9
46 19 13
46 20 11
46 21 8
46 22 7
46 23 12
46 24 17
46 26 3
46 27 1
46 28 12
46 29 5
46 30 9
46 31 14
46 32 17
46 36 18
46 38 18
46 39 6
46 40 13
46 41 12
46 42 19
46 43 10
46 44 8
47 0 12
47 2 10
47 4 11
47 5 8
47 6 20
47 7 4
47 8 8
47 9 12
47 11 11
47 14 6
47 15 13
47 16 11
47 17 11
47 18 11
47 19 14
47 20 12
47 21 10
47 23 8
47 24 16
47 25 19
47 26 15
47 27 6
47 28 19
47 29 17
47 30 13
47 32 18
47 33 10
47 34 16
47 35 2
47 36 13
47 37 15
47 39 12
47 40 4
47 41 2
47 42 2
47 43 9
47 44 3
48 0 2
48 2 3
48 4 15
48 5 14
48 7 2
48 8 12
48 9 13
48 10 13
48 11 9
48 12 18
48 13 18
48 14 18
48 15 16
48 16 17
48 18 13
48 19 11
48 20 4
48 21 12
48 22 16
48 23 19
48 24 10
48 25 7
48 26 8
48 29 18
48 30 7
48 31 8
48 33 13
48 34 18
48 35 20
48 36 6
48 37 15
48 38 11
48 39 19
48 40 17
48 41 5
48 42 4
48 43 18
48 46 7
48 47 1
49 1 10
49 4 8
49 5 5
49 6 5
49 7 18
49 8 20
49 9 12
49 10 8
49 12 18
49 13 20
49 15 14
49 17 5
49 18 18
49 19 12
49 20 19
49 21 10
49 22 16
49 23 19
49 25 3
49 26 5
49 27 5
49 28 19
49 29 9
49 30 12
49 32 9
49 33 1
49 34 17
49 35 16
49 36 4
49 37 9
49 38 3
49 39 17
49 40 19
49 41 11
49 42 12
49 43 4
49 44 18
49 45 13
49 47 12
50 0 3
50 2 2
50 3 2
50 4 2
50 5 13
50 6 19
50 7 11
50 8 17
50 9 16
50 11 12
50 12 15
50 13 19
50 14 11
50 16 5
50 19 18
50 22 9
50 23 3
50 24 7
50 25 19
50 26 2
50 27 9
50 28 11
50 30 10
50 31 8
50 32 18
50 34 19
50 36 2
50 37 3
50 38 19
50 39 1
50 40 12
50 41 13
50 44 7
50 46 13
50 47 10
50 49 7
51 0 14
51 1 16
51 2 20
51 3 3
51 6 3
51 7 3
51 8 10
51 9 15
51 10 15
51 12 16
51 13 13
51 14 3
51 15 11
51 16 13
51 17 20
51 18 1
51 20 12
51 21 13
51 22 3
51 23 2
51 25 8
51 26 3
51 27 14
51 28 11
51 29 11
51 30 9
51 31 1
51 32 14
51 33 12
51 34 10
51 35 4
51 36 8
51 37 9
51 38 6
51 40 16
51 42 15
51 43 9
51 44 13
51 45 3
51 46 2
51 47 6
51 48 1
51 49 1
51 50 19
52 0 9
52 1 18
52 2 12
52 5 15
52 6 18
52 7 6
52 8 8
52 9 14
52 10 7
52 11 18
52 12 10
52 13 12
52 15 3
52 16 5
52 17 7
52 18 16
52 19 7
52 20 17
52 21 16
52 22 6
52 25 17
52 26 2
52 27 5
52 28 5
52 29 11
52 30 5
52 32 17
52 33 16
52 34 13
52 35 7
52 36 14
52 37 4
52 38 2
52 39 2
52 40 10
52 41 14
52 43 13
52 44 19
52 45 6
52 46 7
52 49 17
52 50 2
52 51 9
53 0 9
53 1 14
53 2 20
53 3 11
53 5 3
53 8 20
53 9 10
53 10 17
53 14 14
53 15 9
53 16 5
53 17 3
53 18 3
53 19 10
53 20 4
53 21 10
53 24 17
53 25 7
53 27 8
53 28 16
53 29 3
53 30 5
53 31 7
53 32 9
53 33 8
53 34 7
53 35 8
53 36 3
53 37 7
53 39 4
53 40 13
53 41 3
53 42 9
53 43 15
53 44 8
53 45 12
53 46 17
53 49 9
53 52 11
54 0 7
54 1 14
54 2 9
54 3 4
54 4 13
54 6 4
54 7 12
54 9 2
54 10 17
54 12 20
54 13 5
54 14 17
54 15 7
54 16 4
54 17 14
54 18 13
54 19 9
54 21 12
54 22 18
54 23 4
54 24 4
54 27 15
54 28 13
54 29 18
54 30 9
54 31 6
54 32 17
54 33 13
54 35 11
54 36 12
54 37 4
54 38 13
54 39 18
54 40 2
54 42 11
54 43 20
54 44 3
54 45 20
54 46 6
54 48 4
54 49 20
54 50 1
54 51 2
54 52 14
54 53 15
55 0 10
55 3 18
55 5 10
55 6 8
55 7 19
55 8 8
55 9 8
55 10 19
55 11 12
55 12 5
55 15 12
55 17 8
55 18 7
55 19 19
55 20 4
55 21 2
55 22 11
55 23 18
55 24 11
55 25 15
55 26 6
55 27 13
55 28 2
55 29 3
55 30 15
55 31 14
55 32 15
55 36 9
55 37 1
55 38 20
55 39 18
55 40 14
55 41 15
55 42 9
55 43 19
55 44 18
55 45 11
55 47 15
55 48 1
55 49 15
55 50 20
55 51 11
55 52 7
55 53 10
55 54 5
56 0 5
56 1 13
56 2 15
56 3 18
56 4 8
56 5 3
56 7 4
56 8 7
56 9 18
56 10 15
56 11 17
56 12 14
56 13 7
56 14 17
56 15 8
56 16 4
56 18 11
56 20 1
56 21 16
56 22 7
56 24 17
56 25 12
56 26 18
56 27 11
56 28 6
56 29 6
56 30 7
56 31 17
56 32 17
56 33 11
56 36 20
56 37 18
56 38 5
56 39 6
56 41 3
56 42 20
56 43 7
56 45 6
56 46 2
56 47 18
56 48 19
56 49 14
56 51 7
56 52 5
56 53 1
56 55 2
57 0 6
57 1 11
57 2 8
57 3 13
57 4 2
57 5 16
57 6 20
57 7 5
57 8 4
57 9 2
57 10 13
57 11 9
57 12 11
57 13 2
57 14 17
57 15 14
57 16 8
57 17 2
57 18 6
57 19 11
57 20 11
57 22 8
57 23 13
57 24 9
57 25 8
57 26 15
57 27 16
57 28 8
57 29 2
57 30 3
57 31 18
57 32 18
57 34 15
57 35 10
57 36 16
57 37 6
57 39 5
57 40 6
57 41 1
57 42 16
57 43 3
57 44 11
57 45 7
57 46 9
57 47 14
57 48 20
57 50 15
57 52 9
57 53 11
57 54 18
57 55 7
57 56 6
58 0 10
58 1 17
58 2 6
58 3 13
58 4 14
58 5 17
58 6 15
58 7 12
58 9 19
58 10 1
58 12 4
58 14 4
58 15 20
58 17 19
58 18 6
58 19 7
58 20 17
58 21 18
58 23 2
58 25 3
58 28 17
58 30 2
58 31 3
58 32 11
58 33 4
58 34 19
58 35 5
58 36 3
58 37 10
58 38 19
58 39 1
58 40 13
58 41 14
58 42 15
58 44 8
58 47 3
58 48 17
58 49 9
58 50 15
58 51 13
58 52 11
58 55 7
58 56 14
58 57 3
59 0 6
59 1 7
59 2 15
59 3 1
59 5 14
59 6 3
59 9 17
59 10 8
59 11 20
59 12 4
59 13 7
59 14 20
59 15 13
59 16 4
59 18 3
59 19 8
59 20 6
59 21 20
59 23 19
59 24 18
59 25 17
59 26 3
59 27 6
59 28 7
59 29 3
59 30 5
59 31 11
59 33 15
59 34 10
59 35 15
59 37 12
59 38 12
59 39 12
59 41 13
59 43 9
59 44 15
59 45 6
59 46 14
59 47 20
59 50 12
59 51 19
59 52 15
59 53 10
59 54 11
59 55 10
59 56 17
59 57 2
59 58 15
60 0 6
60 1 8
60 2 1
60 3 8
60 5 12
60 7 3
60 9 18
60 10 14
60 11 10
60 13 17
60 14 18
60 15 5
60 16 20
60 17 18
60 18 17
60 19 2
60 20 13
60 24 12
60 26 18
60 28 12
60 30 18
60 31 9
60 32 14
60 33 8
60 34 9
60 35 7
60 39 4
60 40 19
60 42 5
60 45 7
60 46 17
60 47 16
60 48 11
60 49 14
60 50 18
60 51 12
60 52 18
60 53 6
60 55 18
60 56 19
60 57 6
60 58 19
60 59 6
61 1 15
61 3 16
61 4 1
61 5 6
61 6 12
61 8 12
61 9 17
61 10 14
61 11 16
61 13 9
61 14 1
61 15 20
61 16 3
61 17 11
61 18 2
61 20 16
61 21 20
61 22 15
61 23 19
61 24 9
61 25 6
61 26 15
61 27 8
61 28 4
61 31 13
61 32 19
61 33 11
61 34 2
61 35 2
61 36 16
61 37 20
61 38 19
61 39 19
61 40 18
61 41 4
61 42 13
61 43 19
61 44 1
61 46 4
61 47 11
61 48 17
61 49 10
61 50 3
61 51 1
61 53 16
61 54 13
61 55 2
61 56 14
61 57 5
61 58 13
61 59 11
62 0 6
62 3 6
62 4 10
62 5 5
62 6 4
62 7 5
62 9 12
62 10 9
62 11 8
62 13 10
62 14 1
62 15 18
62 16 20
62 17 13
62 19 1
62 21 1
62 22 16
62 24 13
62 25 6
62 27 9
62 28 10
62 29 18
62 30 1
62 31 4
62 32 9
62 33 19
62 34 6
62 36 3
62 37 7
62 38 20
62 39 6
62 41 16
62 43 5
62 44 9
62 45 11
62 46 6
62 47 15
62 48 1
62 49 3
62 50 10
62 51 4
62 52 13
62 53 11
62 54 19
62 55 5
62 56 19
62 57 2
62 58 19
62 59 11
62 60 16
62 61 9
63 0 12
63 1 7
63 3 5
63 4 4
63 5 19
63 7 6
63 10 12
63 11 5
63 12 8
63 14 5
63 15 18
63 17 1
63 19 16
63 20 10
63 21 4
63 22 10
63 23 18
63 24 8
63 25 2
63 26 18
63 27 19
63 28 7
63 29 5
63 30 20
63 31 10
63 32 12
63 33 16
63 34 18
63 35 18
63 37 8
63 38 4
63 39 2
63 41 12
63 42 9
63 43 14
63 44 18
63 45 4
63 46 9
63 48 7
63 49 7
63 50 16
63 51 16
63 52 18
63 53 16
63 54 8
63 56 20
63 57 7
63 58 18
63 59 7
63 60 8
63 62 20
64 0 19
64 3 9
64 7 11
64 8 13
64 9 19
64 12 8
64 13 2
64 15 17
64 16 6
64 17 11
64 18 14
64 19 15
64 22 18
64 23 11
64 25 17
64 26 5
64 28 7
64 30 3
64 31 1
64 32 2
64 34 20
64 35 20
64 36 3
64 37 12
64 38 19
64 39 10
64 40 13
64 41 5
64 42 15
64 43 12
64 45 10
64 46 9
64 47 13
64 48 16
64 49 7
64 51 11
64 52 14
64 54 9
64 56 6
64 57 13
64 59 14
64 60 8
64 61 2
64 62 1
64 63 13
65 0 5
65 1 13
65 2 13
65 3 18
65 5 18
65 7 9
65 8 15
65 9 9
65 10 7
65 11 18
65 12 14
65 14 7
65 18 2
65 19 13
65 20 17
65 21 6
65 22 13
65 23 3
65 24 8
65 25 2
65 26 6
65 27 4
65 28 3
65 29 3
65 30 14
65 31 6
65 33 6
65 34 3
65 35 4
65 36 18
65 37 4
65 38 10
65 39 4
65 40 13
65 41 3
65 42 9
65 43 8
65 46 8
65 47 5
65 48 8
65 49 16
65 50 14
65 51 20
65 52 1
65 53 13
65 54 11
65 55 20
65 57 12
65 58 17
65 60 12
65 62 4
65 63 17
66 0 15
66 2 1
66 3 9
66 4 5
66 5 20
66 6 12
66 7 2
66 8 8
66 9 5
66 10 7
66 12 14
66 14 5
66 15 8
66 16 2
66 17 15
66 18 7
66 19 14
66 20 6
66 21 5
66 22 3
66 23 6
66 24 16
66 25 11
66 27 20
66 30 10
66 31 11
66 32 8
66 33 13
66 34 7
66 35 11
66 38 15
66 39 9
66 41 11
66 42 13
66 43 7
66 44 3
66 45 14
66 46 6
66 47 9
66 48 18
66 49 12
66 50 1
66 52 2
66 53 5
66 54 2
66 55 16
66 56 16
66 57 16
66 58 6
66 59 17
66 61 14
66 62 16
66 64 14
66 65 20
67 0 19
67 1 17
67 2 2
67 3 11
67 4 17
67 5 17
67 6 9
67 7 10
67 8 10
67 9 7
67 10 19
67 12 11
67 13 13
67 14 7
67 15 11
67 16 8
67 17 7
67 18 12
67 19 9
67 20 12
67 21 19
67 22 13
67 23 6
67 25 15
67 26 2
67 27 13
67 28 16
67 29 18
67 30 5
67 31 12
67 32 20
67 33 4
67 34 18
67 35 18
67 36 18
67 37 8
67 38 12
67 40 17
67 42 8
67 44 2
67 45 4
67 46 12
67 48 12
67 49 11
67 50 1
67 51 9
67 53 3
67 54 4
67 55 7
67 58 2
67 60 11
67 61 8
67 62 18
67 63 13
67 64 17
67 65 14
68 0 7
68 2 8
68 3 6
68 4 7
68 6 5
68 7 5
68 10 8
68 11 20
68 13 3
68 14 7
68 15 15
68 16 17
68 17 20
68 18 9
68 19 10
68 20 12
68 21 7
68 22 3
68 23 17
68 24 3
68 25 12
68 26 13
68 28 9
68 29 3
68 30 10
68 31 11
68 32 1
68 34 13
68 35 3
68 36 9
68 37 15
68 39 17
68 40 19
68 41 13
68 42 2
68 43 9
68 44 14
68 45 17
68 46 6
68 47 1
68 48 1
68 49 6
68 51 19
68 52 4
68 53 3
68 54 13
68 55 18
68 56 12
68 57 19
68 59 17
68 60 8
68 61 2
68 62 2
68 64 16
68 65 1
68 66 12
68 67 19
69 0 11
69 1 11
69 2 6
69 3 2
69 4 2
69 5 5
69 6 7
69 7 12
69 9 9
69 10 7
69 12 6
69 13 2
69 14 15
69 15 12
69 16 12
69 17 10
69 18 3
69 19 13
69 20 5
69 21 8
69 22 8
69 23 9
69 24 10
69 25 15
69 26 17
69 27 2
69 29 1
69 30 4
69 31 1
69 32 2
69 33 20
69 34 10
69 35 11
69 36 19
69 37 3
69 38 17
69 39 4
69 40 11
69 42 16
69 43 14
69 44 8
69 46 14
69 47 9
69 49 1
69 50 1
69 51 8
69 52 20
69 53 10
69 54 14
69 55 5
69 56 9
69 59 19
69 60 16
69 61 18
69 62 12
69 63 10
69 65 8
69 66 19
69 67 17
69 68 19
