70
1 0 10
2 1 5
3 0 5
3 1 5
3 2 3
4 0 3
4 1 5
4 2 5
4 3 1
5 0 2
5 1 8
5 3 5
5 4 1
6 0 7
6 1 8
6 3 2
6 4 3
6 5 10
7 0 2
7 1 9
7 2 8
7 3 1
7 4 5
7 6 10
8 0 2
8 1 10
8 3 9
8 4 1
8 5 7
8 6 2
8 7 9
9 0 3
9 1 3
9 4 4
9 7 9
9 8 4
10 0 4
10 1 7
10 6 1
10 7 8
10 8 1
10 9 8
11 0 4
11 2 10
11 3 8
11 4 10
11 5 4
11 7 10
11 8 4
11 9 2
11 10 3
12 0 3
12 1 2
12 2 2
12 3 10
12 4 7
12 6 2
12 9 2
12 10 6
12 11 8
13 0 1
13 2 7
13 3 6
13 4 7
13 6 5
13 7 1
13 8 5
13 9 9
13 10 5
13 12 8
14 0 7
14 1 1
14 2 1
14 4 1
14 6 5
14 7 8
14 8 3
14 9 10
14 10 2
14 11 10
14 12 5
14 13 4
15 0 1
15 1 7
15 2 2
15 4 1
15 6 9
15 11 6
15 12 5
15 13 2
15 14 9
16 0 9
16 1 7
16 2 10
16 3 10
16 4 2
16 5 6
16 8 10
16 9 3
16 10 4
16 11 1
16 12 1
16 13 1
16 14 7
16 15 9
17 1 1
17 2 10
17 4 8
17 5 3
17 6 10
17 7 3
17 8 5
17 9 5
17 10 2
17 11 5
17 12 2
17 13 2
17 14 2
17 16 6
18 0 4
18 2 5
18 3 3
18 4 3
18 5 9
18 6 3
18 7 3
18 8 10
18 9 3
18 10 7
18 11 3
18 12 8
18 13 1
18 15 9
18 16 3
18 17 8
19 0 3
19 2 3
19 3 10
19 4 2
19 5 9
19 7 1
19 8 1
19 10 1
19 11 6
19 12 8
19 13 7
19 14 5
19 16 7
19 17 5
19 18 5
20 0 8
20 2 2
20 3 4
20 6 4
20 9 10
20 10 10
20 11 7
20 12 5
20 15 2
20 16 1
20 18 6
20 19 1
21 0 9
21 2 6
21 3 3
21 4 2
21 5 10
21 6 10
21 8 4
21 9 3
21 10 5
21 11 10
21 12 6
21 13 3
21 14 6
21 15 4
21 17 7
21 18 9
21 19 2
22 0 7
22 1 10
22 3 3
22 4 4
22 5 3
22 6 9
22 7 9
22 8 8
22 9 6
22 14 1
22 17 6
22 19 9
22 20 3
22 21 3
23 0 5
23 1 7
23 2 7
23 3 9
23 5 9
23 6 2
23 7 6
23 8 6
23 9 1
23 10 5
23 11 1
23 14 5
23 15 10
23 16 2
23 17 9
23 18 6
23 19 3
23 21 4
23 22 1
24 1 3
24 2 2
24 3 6
24 4 2
24 6 6
24 7 1
24 8 6
24 9 8
24 10 10
24 11 6
24 12 10
24 14 5
24 16 10
24 17 8
24 18 2
24 19 9
24 20 10
24 21 9
24 22 8
24 23 8
25 0 3
25 1 7
25 2 2
25 3 7
25 5 9
25 6 2
25 7 5
25 8 5
25 9 1
25 10 4
25 12 4
25 13 7
25 15 8
25 16 9
25 17 7
25 18 4
25 20 5
25 21 8
25 22 8
25 24 6
26 0 4
26 1 4
26 4 8
26 5 2
26 7 9
26 9 7
26 10 2
26 11 2
26 12 1
26 13 10
26 14 7
26 15 10
26 16 5
26 17 3
26 18 9
26 19 4
26 21 5
26 22 2
26 23 4
26 24 8
26 25 5
27 0 4
27 1 3
27 2 1
27 3 8
27 4 9
27 5 6
27 6 8
27 7 2
27 9 4
27 10 8
27 11 5
27 14 10
27 15 2
27 17 9
27 19 1
27 20 4
27 21 10
27 22 3
27 23 6
27 24 3
27 25 9
27 26 10
28 0 8
28 1 8
28 2 3
28 3 2
28 4 7
28 5 4
28 7 4
28 9 6
28 10 3
28 11 10
28 12 9
28 13 2
28 14 10
28 15 8
28 16 8
28 17 7
28 18 10
28 19 10
28 20 3
28 21 1
28 22 1
28 23 7
28 24 5
28 25 9
28 27 7
29 1 10
29 2 5
29 3 9
29 5 7
29 7 6
29 8 6
29 12 2
29 13 3
29 14 10
29 15 6
29 16 1
29 17 1
29 18 2
29 19 10
29 21 9
29 22 3
29 23 4
29 25 7
29 26 9
29 28 3
30 0 5
30 1 1
30 2 10
30 3 3
30 4 4
30 6 8
30 7 1
30 8 9
30 9 9
30 11 8
30 13 8
30 14 6
30 15 9
30 17 8
30 18 6
30 20 1
30 22 3
30 24 10
30 27 9
30 28 2
30 29 8
31 0 1
31 1 10
31 2 3
31 3 7
31 4 6
31 5 4
31 6 1
31 7 7
31 8 9
31 9 1
31 10 5
31 11 9
31 12 6
31 13 10
31 14 3
31 15 1
31 16 7
31 17 5
31 18 5
31 20 4
31 22 7
31 23 6
31 24 7
31 25 5
31 26 4
31 27 6
31 28 2
31 29 8
31 30 6
32 0 3
32 1 1
32 2 3
32 3 1
32 4 10
32 5 5
32 7 8
32 8 1
32 10 4
32 11 1
32 12 7
32 14 1
32 15 4
32 17 10
32 18 9
32 19 10
32 20 6
32 21 6
32 22 8
32 23 1
32 24 3
32 25 3
32 26 10
32 27 2
32 28 8
32 29 6
32 30 3
33 0 5
33 1 7
33 2 8
33 3 5
33 4 2
33 5 6
33 6 6
33 7 3
33 8 7
33 9 8
33 11 10
33 12 9
33 13 10
33 14 3
33 15 6
33 16 5
33 17 10
33 18 7
33 19 1
33 21 6
33 22 6
33 23 6
33 24 6
33 25 6
33 26 10
33 27 9
33 28 10
33 29 4
33 30 8
33 31 4
34 0 6
34 2 9
34 3 6
34 4 8
34 5 7
34 6 8
34 7 10
34 8 6
34 9 2
34 10 9
34 11 9
34 12 10
34 13 9
34 14 4
34 15 8
34 16 1
34 18 5
34 19 7
34 21 6
34 22 5
34 23 7
34 24 7
34 25 5
34 26 7
34 27 7
34 28 6
34 29 5
34 30 10
34 31 10
34 32 4
34 33 1
35 2 2
35 3 8
35 4 5
35 5 8
35 6 6
35 8 4
35 9 10
35 10 7
35 11 6
35 12 6
35 13 7
35 14 8
35 15 2
35 16 7
35 17 2
35 18 5
35 19 2
35 20 5
35 21 7
35 22 10
35 24 10
35 25 4
35 26 3
35 27 4
35 28 9
35 29 2
35 31 5
35 32 5
35 34 7
36 0 6
36 1 6
36 2 7
36 3 2
36 5 2
36 6 7
36 7 7
36 8 5
36 9 2
36 11 9
36 12 9
36 13 2
36 15 10
36 16 1
36 17 8
36 18 3
36 19 2
36 20 9
36 21 1
36 22 7
36 25 1
36 27 1
36 28 2
36 29 10
36 30 7
36 31 5
36 33 9
36 34 2
36 35 2
37 0 2
37 1 4
37 2 10
37 3 6
37 4 2
37 5 10
37 7 8
37 8 1
37 9 5
37 10 4
37 11 7
37 13 6
37 14 7
37 15 9
37 16 5
37 17 5
37 18 3
37 22 8
37 23 5
37 24 10
37 25 8
37 26 6
37 27 5
37 29 9
37 30 7
37 31 8
37 33 6
37 34 1
37 35 2
38 1 6
38 2 8
38 3 10
38 5 1
38 6 10
38 7 9
38 8 2
38 9 5
38 10 9
38 11 2
38 12 3
38 13 10
38 15 2
38 16 3
38 17 3
38 18 1
38 20 7
38 21 2
38 22 9
38 23 1
38 25 8
38 26 3
38 27 8
38 28 10
38 29 4
38 31 8
38 32 7
38 34 8
39 0 10
39 1 6
39 2 3
39 3 3
39 4 4
39 5 9
39 6 7
39 7 5
39 8 7
39 11 9
39 12 5
39 14 2
39 15 8
39 16 4
39 17 7
39 18 6
39 19 6
39 20 2
39 21 3
39 24 1
39 25 10
39 26 8
39 27 6
39 28 9
39 29 6
39 30 2
39 31 3
39 32 7
39 33 4
39 34 6
39 35 6
39 36 9
39 37 1
39 38 9
40 1 1
40 2 10
40 3 4
40 4 10
40 5 10
40 6 1
40 7 1
40 8 3
40 9 8
40 10 6
40 12 5
40 13 3
40 15 8
40 16 4
40 17 7
40 18 9
40 19 1
40 20 4
40 21 8
40 22 10
40 24 4
40 25 2
40 26 7
40 28 7
40 29 8
40 30 3
40 31 6
40 36 4
40 37 8
40 38 7
40 39 5
41 2 3
41 3 8
41 4 9
41 6 5
41 7 10
41 8 3
41 9 6
41 10 9
41 11 10
41 13 10
41 14 10
41 15 1
41 17 9
41 18 8
41 19 3
41 20 7
41 21 8
41 22 8
41 23 7
41 25 5
41 26 7
41 28 10
41 29 1
41 30 1
41 31 3
41 32 10
41 33 4
41 34 8
41 35 6
41 36 10
41 39 8
42 0 5
42 1 1
42 2 2
42 3 8
42 5 1
42 6 3
42 8 3
42 9 10
42 10 10
42 12 9
42 13 5
42 14 5
42 15 10
42 16 4
42 17 1
42 18 10
42 19 7
42 20 4
42 21 8
42 22 9
42 25 8
42 26 4
42 27 2
42 28 3
42 29 10
42 31 5
42 32 7
42 33 7
42 34 10
42 35 10
42 37 5
42 38 3
42 40 2
42 41 9
43 0 9
43 1 4
43 2 5
43 3 6
43 4 9
43 6 7
43 7 3
43 8 2
43 9 6
43 10 10
43 11 7
43 12 8
43 13 6
43 14 3
43 15 8
43 16 8
43 17 4
43 19 8
43 21 7
43 23 3
43 24 2
43 26 6
43 28 3
43 30 9
43 31 9
43 33 1
43 34 5
43 36 5
43 37 5
43 38 8
43 39 8
43 40 6
43 42 10
44 1 6
44 2 3
44 3 5
44 5 2
44 7 1
44 8 9
44 9 3
44 10 5
44 11 2
44 12 1
44 14 1
44 16 1
44 17 1
44 18 8
44 20 5
44 21 6
44 22 9
44 23 10
44 25 4
44 26 7
44 27 8
44 28 7
44 29 6
44 30 5
44 31 10
44 32 8
44 33 6
44 34 5
44 35 6
44 36 9
44 37 4
44 38 2
44 39 8
44 40 10
44 41 7
44 42 3
45 1 1
45 2 8
45 3 9
45 5 8
45 6 6
45 7 2
45 8 9
45 9 10
45 10 8
45 11 10
45 12 3
45 14 10
45 15 2
45 16 3
45 17 6
45 19 8
45 20 7
45 21 8
45 22 10
45 23 8
45 24 5
45 25 6
45 27 5
45 28 4
45 29 7
45 30 7
45 31 1
45 32 7
45 33 6
45 34 3
45 35 10
45 36 7
45 39 4
45 40 8
45 41 9
45 42 10
45 43 6
45 44 6
46 0 2
46 1 6
46 3 3
46 4 3
46 5 5
46 7 7
46 8 9
46 9 2
46 10 6
46 11 10
46 12 4
46 14 8
46 15 1
46 17 7
46 18 8
46 19 4
46 21 7
46 22 10
46 24 3
46 26 4
46 27 2
46 28 6
46 29 10
46 32 3
46 34 2
46 35 6
46 36 9
46 37 10
46 38 6
46 39 7
46 40 8
46 41 6
46 42 2
46 43 9
46 45 10
47 1 8
47 2 2
47 3 4
47 5 9
47 6 6
47 7 8
47 9 2
47 10 10
47 11 3
47 13 5
47 15 9
47 16 3
47 17 1
47 18 9
47 19 3
47 20 8
47 21 2
47 22 10
47 23 7
47 24 9
47 25 10
47 26 1
47 27 7
47 28 6
47 30 1
47 31 5
47 32 1
47 33 1
47 34 9
47 35 2
47 36 7
47 37 4
47 38 9
47 39 4
47 40 1
47 41 8
47 42 9
47 44 1
47 46 8
48 1 9
48 3 5
48 6 9
48 7 7
48 8 1
48 9 9
48 10 5
48 11 10
48 12 6
48 13 7
48 17 6
48 19 1
48 21 10
48 22 6
48 23 7
48 24 7
48 25 4
48 26 4
48 27 4
48 28 4
48 29 5
48 30 5
48 31 10
48 32 7
48 33 7
48 34 4
48 36 7
48 37 6
48 40 6
48 41 6
48 42 7
48 43 2
48 44 4
48 45 9
49 0 9
49 1 1
49 3 8
49 4 8
49 5 3
49 7 3
49 8 5
49 9 2
49 10 8
49 11 10
49 12 7
49 13 4
49 14 4
49 15 2
49 16 6
49 17 10
49 18 3
49 19 1
49 20 2
49 21 1
49 23 6
49 24 10
49 26 4
49 27 5
49 28 3
49 29 9
49 30 9
49 31 7
49 32 4
49 33 7
49 34 5
49 35 8
49 36 1
49 37 2
49 40 10
49 41 9
49 42 1
49 43 10
49 45 8
49 47 4
49 48 1
50 0 8
50 1 3
50 2 5
50 3 6
50 5 2
50 9 2
50 10 5
50 11 4
50 12 1
50 13 7
50 14 7
50 15 6
50 16 10
50 17 2
50 19 4
50 20 8
50 22 8
50 23 7
50 24 5
50 25 3
50 26 4
50 27 8
50 28 9
50 29 2
50 30 8
50 32 4
50 33 8
50 34 9
50 35 5
50 36 5
50 37 2
50 38 8
50 39 10
50 41 6
50 42 4
50 44 9
50 45 5
50 47 3
50 48 4
50 49 10
51 0 10
51 2 9
51 3 8
51 4 5
51 5 2
51 7 8
51 8 10
51 9 5
51 10 10
51 11 2
51 12 6
51 14 9
51 15 10
51 16 6
51 17 2
51 19 3
51 20 7
51 21 7
51 23 2
51 24 5
51 25 4
51 26 9
51 27 9
51 28 6
51 29 7
51 30 7
51 32 7
51 33 10
51 34 8
51 36 8
51 38 3
51 40 8
51 43 7
51 45 6
51 46 6
51 47 8
51 50 7
52 0 7
52 2 5
52 3 6
52 6 4
52 7 2
52 8 6
52 9 10
52 10 2
52 11 10
52 12 5
52 13 6
52 14 1
52 15 3
52 16 3
52 17 2
52 18 10
52 19 6
52 20 8
52 21 5
52 23 10
52 24 2
52 25 2
52 26 2
52 27 4
52 28 3
52 29 3
52 30 4
52 31 1
52 32 3
52 33 10
52 36 8
52 38 1
52 39 5
52 40 6
52 41 1
52 42 10
52 44 4
52 45 5
52 47 10
52 48 3
52 49 4
52 51 7
53 0 6
53 1 8
53 2 10
53 3 2
53 4 10
53 5 3
53 6 9
53 7 6
53 8 2
53 10 6
53 11 4
53 12 7
53 14 9
53 15 10
53 16 1
53 17 10
53 18 10
53 19 9
53 20 6
53 21 7
53 22 4
53 23 3
53 24 1
53 26 1
53 27 8
53 28 5
53 29 3
53 31 2
53 33 8
53 37 6
53 38 5
53 39 7
53 40 3
53 41 2
53 42 7
53 43 4
53 44 2
53 45 1
53 46 7
53 47 2
53 49 10
53 50 3
53 51 10
53 52 6
54 0 7
54 1 4
54 2 8
54 3 5
54 4 7
54 5 10
54 6 4
54 7 7
54 8 7
54 9 9
54 10 7
54 11 10
54 13 7
54 14 5
54 16 6
54 17 9
54 19 5
54 21 5
54 22 8
54 23 6
54 24 9
54 25 3
54 26 4
54 27 2
54 28 4
54 30 7
54 31 8
54 33 2
54 34 10
54 35 2
54 36 1
54 37 10
54 38 1
54 39 9
54 40 2
54 41 3
54 42 6
54 43 2
54 45 9
54 47 9
54 48 6
54 49 1
54 50 4
54 53 10
55 0 10
55 1 3
55 3 10
55 4 5
55 5 1
55 6 10
55 7 7
55 8 5
55 11 10
55 12 2
55 13 4
55 14 2
55 15 4
55 16 7
55 17 4
55 18 5
55 19 5
55 20 3
55 21 4
55 22 1
55 23 6
55 24 4
55 25 7
55 26 6
55 27 9
55 28 5
55 31 7
55 32 9
55 33 8
55 36 7
55 37 8
55 38 7
55 39 2
55 40 8
55 41 10
55 42 4
55 43 8
55 44 4
55 47 3
55 48 9
55 49 9
55 53 4
55 54 7
56 0 10
56 2 9
56 3 4
56 4 2
56 5 9
56 6 9
56 7 7
56 8 2
56 9 8
56 10 9
56 11 5
56 12 2
56 14 9
56 15 6
56 17 7
56 18 6
56 21 8
56 22 5
56 23 1
56 24 2
56 25 3
56 26 4
56 27 2
56 28 10
56 29 1
56 30 2
56 31 9
56 33 8
56 35 10
56 36 8
56 37 7
56 39 4
56 40 2
56 41 3
56 42 6
56 43 9
56 44 8
56 46 8
56 48 2
56 49 4
56 50 5
56 52 2
56 53 8
56 54 9
56 55 9
57 0 7
57 1 7
57 2 10
57 3 10
57 4 9
57 5 10
57 6 3
57 7 5
57 8 5
57 9 7
57 10 3
57 11 3
57 12 3
57 13 2
57 16 10
57 17 5
57 18 2
57 19 10
57 22 7
57 23 9
57 24 9
57 25 9
57 27 1
57 28 5
57 29 1
57 30 9
57 31 10
57 33 10
57 35 10
57 36 1
57 37 1
57 38 7
57 39 6
57 40 7
57 41 3
57 42 9
57 45 3
57 46 3
57 47 6
57 48 9
57 49 7
57 50 2
57 51 1
57 52 3
57 53 8
57 54 9
57 55 5
57 56 2
58 0 7
58 1 3
58 2 2
58 3 8
58 5 7
58 7 9
58 8 1
58 9 3
58 10 7
58 11 1
58 12 8
58 13 8
58 14 1
58 15 5
58 16 2
58 17 10
58 19 8
58 20 3
58 21 1
58 23 4
58 24 7
58 26 6
58 27 1
58 28 7
58 29 6
58 30 1
58 31 9
58 32 1
58 34 10
58 35 2
58 36 3
58 37 3
58 38 7
58 39 5
58 41 3
58 42 2
58 43 5
58 44 5
58 45 6
58 47 6
58 48 9
58 49 10
58 50 2
58 51 9
58 52 4
58 53 9
58 54 1
59 0 4
59 1 1
59 2 8
59 4 1
59 6 1
59 7 3
59 8 3
59 9 4
59 10 2
59 11 9
59 12 8
59 14 4
59 16 4
59 17 9
59 18 7
59 19 3
59 21 9
59 22 5
59 23 3
59 25 10
59 26 5
59 27 9
59 30 1
59 31 10
59 32 3
59 33 3
59 34 6
59 37 8
59 38 5
59 39 6
59 40 5
59 42 7
59 43 4
59 45 6
59 47 4
59 48 8
59 49 7
59 50 8
59 52 5
59 53 1
59 54 5
59 55 2
59 56 4
59 57 10
59 58 1
60 0 8
60 1 6
60 2 2
60 3 2
60 4 1
60 5 8
60 6 4
60 7 4
60 8 3
60 10 5
60 12 8
60 13 5
60 14 8
60 15 10
60 16 10
60 17 4
60 18 9
60 19 9
60 20 10
60 21 8
60 22 2
60 23 2
60 24 8
60 25 7
60 26 3
60 27 6
60 30 4
60 32 8
60 33 2
60 34 2
60 35 1
60 36 3
60 37 2
60 38 10
60 39 1
60 40 10
60 41 10
60 42 4
60 44 8
60 46 9
60 49 5
60 50 7
60 52 1
60 56 5
60 57 6
60 58 6
60 59 9
61 0 2
61 1 6
61 2 10
61 3 4
61 4 8
61 5 8
61 7 8
61 8 1
61 9 1
61 10 6
61 11 7
61 12 5
61 15 9
61 16 1
61 17 7
61 18 6
61 19 10
61 20 8
61 21 8
61 22 9
61 23 9
61 24 8
61 25 7
61 26 9
61 27 2
61 28 3
61 30 1
61 31 4
61 33 5
61 34 3
61 35 2
61 36 5
61 38 1
61 39 4
61 40 2
61 41 8
61 42 5
61 43 5
61 44 2
61 46 9
61 47 7
61 49 4
61 50 5
61 51 3
61 52 6
61 53 1
61 54 4
61 55 4
61 56 4
61 57 3
61 58 7
61 59 5
61 60 6
62 0 7
62 2 1
62 3 9
62 4 8
62 5 1
62 6 6
62 7 8
62 8 9
62 9 10
62 10 2
62 11 3
62 12 8
62 14 4
62 15 10
62 16 5
62 17 9
62 18 6
62 19 2
62 20 9
62 21 1
62 22 2
62 25 6
62 26 1
62 27 1
62 28 2
62 29 10
62 30 7
62 31 7
62 32 4
62 33 3
62 34 4
62 35 5
62 36 6
62 37 3
62 39 8
62 40 5
62 41 1
62 42 7
62 43 4
62 44 4
62 45 8
62 46 4
62 47 7
62 49 1
62 51 1
62 52 10
62 53 1
62 54 1
62 55 10
62 57 1
62 59 8
62 60 8
62 61 3
63 0 2
63 1 6
63 2 5
63 3 2
63 4 4
63 5 8
63 6 4
63 7 9
63 8 10
63 11 4
63 13 3
63 14 4
63 15 10
63 16 4
63 17 10
63 18 8
63 19 4
63 21 8
63 25 1
63 26 10
63 27 1
63 28 6
63 29 1
63 30 9
63 31 3
63 32 9
63 33 9
63 34 2
63 35 7
63 36 10
63 37 7
63 38 4
63 39 9
63 41 3
63 42 8
63 43 1
63 44 2
63 45 8
63 46 1
63 47 6
63 48 8
63 49 8
63 50 4
63 51 5
63 54 3
63 55 10
63 57 1
63 58 3
63 59 3
63 60 9
63 62 10
64 0 6
64 1 6
64 2 4
64 3 4
64 5 10
64 6 3
64 8 8
64 9 4
64 10 6
64 11 5
64 12 3
64 13 6
64 14 7
64 15 10
64 16 3
64 19 8
64 20 9
64 22 5
64 24 1
64 27 7
64 28 1
64 29 5
64 32 5
64 33 3
64 35 3
64 36 3
64 37 7
64 38 2
64 39 8
64 40 5
64 41 2
64 43 4
64 44 7
64 45 8
64 46 2
64 47 6
64 48 1
64 49 5
64 50 3
64 51 1
64 52 4
64 54 8
64 55 9
64 56 5
64 57 9
64 58 3
64 59 9
64 60 4
64 61 6
64 62 7
65 0 10
65 1 3
65 2 9
65 3 6
65 4 9
65 6 8
65 7 4
65 8 4
65 10 6
65 11 8
65 12 5
65 13 7
65 14 4
65 15 1
65 16 1
65 17 4
65 18 6
65 20 7
65 21 7
65 22 5
65 23 4
65 24 6
65 26 8
65 27 8
65 28 8
65 29 3
65 30 3
65 32 7
65 33 1
65 34 4
65 38 6
65 39 2
65 40 4
65 41 6
65 42 5
65 43 4
65 44 7
65 45 8
65 46 1
65 50 7
65 51 3
65 52 9
65 53 4
65 54 1
65 55 6
65 56 1
65 57 5
65 58 6
65 59 1
65 60 8
65 61 7
66 0 7
66 1 5
66 2 2
66 3 3
66 4 10
66 5 8
66 6 5
66 7 6
66 8 1
66 9 6
66 10 2
66 11 3
66 12 1
66 13 8
66 14 4
66 15 7
66 16 3
66 17 4
66 18 6
66 19 5
66 21 2
66 22 1
66 23 4
66 25 4
66 26 5
66 27 10
66 29 8
66 30 5
66 31 2
66 34 2
66 36 4
66 38 2
66 39 2
66 40 7
66 41 8
66 42 4
66 43 2
66 45 6
66 46 6
66 47 1
66 48 6
66 49 7
66 50 2
66 51 7
66 52 7
66 53 9
66 54 2
66 55 9
66 56 9
66 57 9
66 58 3
66 59 8
66 60 10
66 61 7
66 62 7
66 64 6
66 65 9
67 0 7
67 2 1
67 3 10
67 5 1
67 7 1
67 11 3
67 12 7
67 13 3
67 15 8
67 16 10
67 18 7
67 19 2
67 20 10
67 21 4
67 23 4
67 25 5
67 26 7
67 27 8
67 28 7
67 30 3
67 31 10
67 33 7
67 34 7
67 35 3
67 36 6
67 37 7
67 41 2
67 43 6
67 44 3
67 47 7
67 49 1
67 50 10
67 51 3
67 53 3
67 54 2
67 55 2
67 56 1
67 57 1
67 58 5
67 59 5
67 60 2
67 61 5
67 63 6
67 64 8
67 66 1
68 1 8
68 2 10
68 3 6
68 4 9
68 5 7
68 6 4
68 7 3
68 8 8
68 9 8
68 11 10
68 13 1
68 17 9
68 18 5
68 19 5
68 20 8
68 21 3
68 23 8
68 24 1
68 25 8
68 27 7
68 29 5
68 30 9
68 32 5
68 33 10
68 34 9
68 35 10
68 36 9
68 37 1
68 38 1
68 39 10
68 40 8
68 41 4
68 42 1
68 43 8
68 44 1
68 45 6
68 46 3
68 47 5
68 48 7
68 49 1
68 50 5
68 51 1
68 53 2
68 54 1
68 55 2
68 56 8
68 57 5
68 58 1
68 64 4
68 65 6
68 66 8
68 67 4
69 0 9
69 1 2
69 3 2
69 5 4
69 6 3
69 7 5
69 9 5
69 10 10
69 11 2
69 13 4
69 17 9
69 18 2
69 19 10
69 20 6
69 21 6
69 22 3
69 23 8
69 24 6
69 25 10
69 26 1
69 27 8
69 29 1
69 30 9
69 31 2
69 32 3
69 33 2
69 34 5
69 35 8
69 36 9
69 37 4
69 38 6
69 39 7
69 40 3
69 41 6
69 42 6
69 43 2
69 44 7
69 45 9
69 46 7
69 47 6
69 48 2
69 49 1
69 50 8
69 51 7
69 52 2
69 53 7
69 54 10
69 55 2
69 56 2
69 57 6
69 58 4
69 59 6
69 60 1
69 61 10
69 63 7
69 66 6
69 67 5
69 68 3
