30
1 0 38
2 1 1
4 0 148
4 2 77
4 3 93
5 0 70
5 2 49
5 3 23
5 4 80
7 1 59
7 5 55
7 6 38
8 1 133
8 4 16
9 0 102
9 2 159
9 3 90
9 8 78
10 0 110
10 2 114
11 3 94
11 7 93
11 8 136
12 0 69
12 1 20
12 8 132
13 3 109
13 7 67
14 0 157
14 2 73
14 4 75
15 5 43
15 10 62
16 0 4
16 3 62
16 13 76
17 0 50
17 2 88
17 4 95
17 12 49
18 0 105
18 1 24
18 4 85
18 6 48
18 14 99
18 15 95
19 1 116
19 3 31
19 16 123
20 0 129
20 1 101
20 6 132
20 8 66
21 2 132
21 7 100
21 14 25
21 16 154
21 17 66
22 5 75
22 6 145
22 8 36
22 12 107
22 16 153
22 17 7
22 19 6
23 0 24
23 3 4
23 10 158
23 18 62
23 21 116
23 22 20
24 1 147
24 6 16
24 10 121
24 12 87
24 18 118
24 22 159
25 1 146
25 3 90
25 9 25
25 10 93
25 13 149
25 20 1
26 2 153
26 3 88
26 5 27
26 8 101
26 11 131
26 12 154
26 14 3
26 15 157
26 17 86
26 19 44
26 23 34
26 25 68
27 1 129
27 4 39
27 7 59
27 10 21
27 12 60
27 13 79
27 18 100
27 19 43
27 21 49
27 22 81
28 12 131
28 24 41
29 3 41
29 4 29
29 14 99
29 15 4
29 25 89
29 27 47
