70
3 2 17
4 1 20
7 4 25
8 0 15
8 2 4
10 2 24
12 1 22
12 3 29
12 4 37
14 6 5
15 6 9
17 0 30
17 5 14
18 1 17
18 2 6
18 3 4
18 5 11
20 1 35
22 0 23
22 3 6
22 8 38
22 11 1
24 0 37
24 21 14
25 1 35
25 7 38
25 14 2
26 11 5
26 16 11
27 2 25
28 18 15
29 3 31
29 6 24
30 2 26
30 11 3
30 14 1
30 15 31
30 22 20
30 23 38
30 27 16
31 0 21
31 6 34
31 25 17
31 30 22
32 0 29
32 29 34
33 2 17
33 9 23
33 12 27
33 14 31
34 19 38
34 28 5
35 9 6
35 13 6
35 17 13
35 25 25
35 26 39
36 11 32
36 17 4
36 22 35
36 26 33
37 19 8
37 24 26
37 33 2
37 34 39
39 12 14
39 17 3
39 19 17
39 22 3
39 26 1
39 36 40
39 37 11
40 3 22
40 37 28
40 38 36
41 5 15
41 13 6
41 21 31
41 30 19
41 34 15
41 35 10
41 40 37
42 12 37
42 23 40
42 31 36
42 32 39
42 40 16
42 41 28
43 5 14
44 37 22
45 6 7
45 33 1
45 38 30
46 5 31
46 9 26
46 29 22
46 38 21
47 0 27
47 18 19
47 36 39
47 37 18
47 40 30
48 6 37
48 7 30
48 10 36
48 16 34
48 18 32
48 43 38
49 1 2
49 2 26
49 7 20
49 22 10
49 25 32
49 27 26
49 33 28
50 5 12
50 12 39
50 17 25
50 27 3
50 39 39
50 40 3
50 45 15
51 3 15
51 13 24
51 43 36
52 1 20
52 2 32
52 9 10
52 16 34
52 18 25
52 27 15
52 32 11
53 11 11
53 19 2
53 25 2
53 26 10
53 35 12
53 40 28
54 8 39
54 11 13
54 17 15
54 21 5
54 22 33
54 28 26
54 35 9
54 43 19
54 48 17
55 2 31
55 8 7
55 13 29
55 21 10
55 44 11
55 48 29
56 4 31
56 7 11
56 13 12
56 21 31
56 23 36
56 24 25
56 32 31
56 51 37
57 3 32
57 25 28
57 26 36
57 35 15
57 40 24
57 45 27
57 49 9
58 2 1
58 5 4
58 20 1
58 21 4
58 22 22
58 34 11
58 41 17
59 11 16
59 23 38
59 37 25
59 43 24
59 48 24
59 49 19
59 50 9
59 51 12
60 6 26
60 7 17
60 8 36
60 11 32
60 19 32
60 23 31
60 25 28
60 26 32
60 32 3
60 36 19
60 39 30
60 43 4
60 56 24
61 10 20
61 16 18
61 50 18
61 59 28
62 2 5
62 20 38
62 43 15
62 61 31
63 45 33
63 50 5
63 58 20
63 59 26
64 6 21
64 13 37
64 19 37
64 20 24
64 31 23
64 51 31
64 59 25
65 24 11
65 29 12
65 39 11
65 56 21
66 5 19
66 43 4
66 51 22
66 52 28
67 25 40
67 26 3
67 49 16
67 50 17
67 53 40
67 62 5
67 64 27
68 2 15
68 31 20
68 38 1
68 64 11
68 66 8
69 12 18
69 17 4
69 25 22
69 31 7
69 33 4
69 43 5
69 55 13
69 59 6
69 60 32
