20
2 0 20
3 0 220
3 1 232
3 2 57
4 0 304
4 1 234
4 2 64
4 3 213
5 0 307
5 1 180
5 3 302
5 4 166
6 0 20
6 1 252
6 2 138
6 4 314
7 0 54
7 2 261
7 3 205
7 4 91
7 6 268
8 0 151
8 1 21
8 3 284
8 4 166
8 5 303
8 6 267
8 7 293
9 0 201
9 1 269
9 2 152
9 3 175
9 4 303
9 5 94
9 6 53
9 7 200
9 8 275
10 0 313
10 2 235
10 4 116
10 5 262
10 6 246
10 7 319
10 8 230
10 9 301
11 1 85
11 2 304
11 3 44
11 4 130
11 5 55
11 6 186
11 7 67
11 10 162
12 0 17
12 1 295
12 2 223
12 3 58
12 5 213
12 6 49
12 7 99
12 8 120
12 9 44
12 10 4
12 11 300
13 0 2
13 2 245
13 5 6
13 6 281
13 8 160
13 9 178
13 10 132
13 11 304
13 12 55
14 1 265
14 2 311
14 3 230
14 4 109
14 5 124
14 7 314
14 8 254
14 9 263
14 11 209
14 12 248
14 13 266
15 0 155
15 1 187
15 2 245
15 3 30
15 4 145
15 5 304
15 6 178
15 7 261
15 8 216
15 9 210
15 10 118
15 11 1
15 13 168
15 14 41
16 1 93
16 2 136
16 3 118
16 6 99
16 7 27
16 9 281
16 10 36
16 11 143
16 12 154
16 14 52
16 15 129
17 0 314
17 1 162
17 2 235
17 4 181
17 6 1
17 8 290
17 9 229
17 10 113
17 11 151
17 12 30
17 13 303
17 14 81
17 15 72
18 0 199
18 1 110
18 2 118
18 3 236
18 4 77
18 6 94
18 7 176
18 8 31
18 9 110
18 10 179
18 11 290
18 14 178
18 15 142
18 16 289
18 17 1
19 1 136
19 2 305
19 3 292
19 5 252
19 6 205
19 7 91
19 8 293
19 9 249
19 10 284
19 11 212
19 12 148
19 17 264
