50
1 0 30
3 1 1
4 1 46
4 2 54
5 0 43
5 4 65
6 1 73
6 3 60
6 4 26
7 0 17
7 1 50
7 2 24
7 3 48
7 6 30
8 0 23
8 2 46
8 4 12
8 5 26
8 6 70
9 1 76
9 8 8
10 2 60
10 3 14
10 5 3
10 6 74
10 7 78
10 8 62
11 0 2
11 2 19
11 5 52
11 6 23
11 7 76
11 8 28
11 9 67
11 10 43
12 1 29
12 2 28
12 3 40
12 4 39
12 6 76
12 7 41
12 8 11
12 9 18
12 10 27
12 11 63
13 2 18
13 3 76
13 4 37
13 5 29
13 7 29
13 8 29
13 10 4
13 11 50
13 12 34
14 0 39
14 1 52
14 2 76
14 4 30
14 5 66
14 6 65
14 7 55
14 8 47
14 10 69
14 11 79
14 13 35
15 0 27
15 1 56
15 2 40
15 3 32
15 4 40
15 5 76
15 6 35
15 7 20
15 8 57
15 9 79
15 11 60
15 12 25
15 14 33
16 1 39
16 3 46
16 4 3
16 5 69
16 7 32
16 8 67
16 9 46
16 11 69
16 13 80
16 15 35
17 0 16
17 2 1
17 4 67
17 5 33
17 6 22
17 7 5
17 8 1
17 9 59
17 14 46
18 4 56
18 8 78
18 11 2
18 12 31
18 14 8
18 16 14
19 0 45
19 2 24
19 3 78
19 6 36
19 7 64
19 8 70
19 10 41
19 13 23
19 14 73
19 18 28
20 0 75
20 2 13
20 3 27
20 4 25
20 5 9
20 8 54
20 9 1
20 10 24
20 12 44
20 13 49
20 16 13
20 18 40
21 0 40
21 1 38
21 2 51
21 4 35
21 6 44
21 7 40
21 8 30
21 9 15
21 10 57
21 14 77
21 16 13
21 20 55
22 0 44
22 3 11
22 5 18
22 9 59
22 10 59
22 11 8
22 12 4
22 13 1
22 15 54
22 16 64
22 17 4
22 18 29
22 19 73
22 20 33
22 21 64
23 2 65
23 3 69
23 4 18
23 8 7
23 9 52
23 10 13
23 13 25
23 14 13
23 15 26
23 16 41
23 18 78
23 19 69
23 21 4
24 1 55
24 3 2
24 5 72
24 7 22
24 9 10
24 10 23
24 13 26
24 14 50
24 15 29
24 16 64
24 17 45
24 18 24
24 20 65
24 22 58
24 23 50
25 3 10
25 4 57
25 6 58
25 7 50
25 9 43
25 10 56
25 11 51
25 12 58
25 14 70
25 15 26
25 16 73
25 20 12
25 22 36
26 0 6
26 1 54
26 4 9
26 5 35
26 8 72
26 9 7
26 10 25
26 13 70
26 14 10
26 15 38
26 16 61
26 20 21
26 21 17
26 22 65
26 23 59
26 24 68
27 0 29
27 1 9
27 2 70
27 3 23
27 4 76
27 5 25
27 6 13
27 7 62
27 8 74
27 9 73
27 13 5
27 15 52
27 17 32
27 18 79
27 19 66
27 20 68
27 22 49
27 23 32
27 24 16
27 26 3
28 0 13
28 1 75
28 2 67
28 3 43
28 4 37
28 5 69
28 10 56
28 13 55
28 15 42
28 17 43
28 18 15
28 19 69
28 20 64
28 21 73
28 23 3
29 1 10
29 2 46
29 3 36
29 4 54
29 5 42
29 6 51
29 7 22
29 11 64
29 12 46
29 13 35
29 14 41
29 15 23
29 19 2
29 21 49
29 25 38
29 26 37
30 0 8
30 2 40
30 3 3
30 4 46
30 5 19
30 6 54
30 7 6
30 8 49
30 9 15
30 10 33
30 11 31
30 13 18
30 14 15
30 17 36
30 19 1
30 20 9
30 21 69
30 22 22
30 23 6
30 29 57
31 0 50
31 1 4
31 3 17
31 4 14
31 6 46
31 7 80
31 10 16
31 11 36
31 12 56
31 14 19
31 17 15
31 18 50
31 20 29
31 21 28
31 22 74
31 25 72
31 26 12
31 28 1
31 29 3
32 1 8
32 2 23
32 3 9
32 4 1
32 5 53
32 6 56
32 7 37
32 8 68
32 9 16
32 10 22
32 11 77
32 12 74
32 13 61
32 14 65
32 16 62
32 18 39
32 19 64
32 20 41
32 22 22
32 23 21
32 24 72
32 25 11
32 28 14
32 29 79
32 30 54
33 1 18
33 2 37
33 3 50
33 10 37
33 11 21
33 12 79
33 14 34
33 15 50
33 16 9
33 20 79
33 21 75
33 22 62
33 23 25
33 24 66
33 26 14
33 27 12
33 28 50
33 29 63
33 32 22
34 0 73
34 1 44
34 2 34
34 3 44
34 4 51
34 6 52
34 10 2
34 11 29
34 14 51
34 15 30
34 16 77
34 17 38
34 18 32
34 19 33
34 20 41
34 21 70
34 22 24
34 24 16
34 25 52
34 27 35
34 28 56
34 31 59
34 32 21
35 0 29
35 1 1
35 2 10
35 3 49
35 4 53
35 5 5
35 7 68
35 8 49
35 9 77
35 10 15
35 13 60
35 14 53
35 15 43
35 16 51
35 17 5
35 18 2
35 22 62
35 27 41
35 28 68
35 29 79
35 30 36
35 32 6
35 33 7
35 34 41
36 3 19
36 5 71
36 6 4
36 7 54
36 8 5
36 9 63
36 10 71
36 11 56
36 12 23
36 14 60
36 15 58
36 16 12
36 17 2
36 18 30
36 19 60
36 20 80
36 21 66
36 22 4
36 23 52
36 24 3
36 25 23
36 26 47
36 27 41
36 28 65
36 30 64
36 31 1
36 33 43
37 0 10
37 2 66
37 3 63
37 4 45
37 5 77
37 6 30
37 7 75
37 8 19
37 12 26
37 15 80
37 16 72
37 18 2
37 19 9
37 21 14
37 23 78
37 24 51
37 26 49
37 28 66
37 29 69
37 30 19
37 31 31
37 32 37
37 34 69
37 35 49
37 36 77
38 0 16
38 1 70
38 3 58
38 5 42
38 8 75
38 10 70
38 12 29
38 15 63
38 16 21
38 17 43
38 19 62
38 20 63
38 21 25
38 22 77
38 23 62
38 26 46
38 28 13
38 29 9
38 30 17
38 31 65
38 32 45
38 34 32
38 36 60
39 0 57
39 2 32
39 4 62
39 5 44
39 7 44
39 8 55
39 9 57
39 11 8
39 15 69
39 18 42
39 19 24
39 20 21
39 21 53
39 22 37
39 26 74
39 28 41
39 29 67
39 30 32
39 31 71
39 33 4
39 34 47
39 35 15
39 36 26
39 37 7
39 38 41
40 0 75
40 1 48
40 3 26
40 4 76
40 5 69
40 8 76
40 12 71
40 13 51
40 16 72
40 17 68
40 18 53
40 19 44
40 20 66
40 22 1
40 23 61
40 24 40
40 27 61
40 28 64
40 29 69
40 30 8
40 31 23
40 32 2
40 33 42
40 35 26
40 36 30
40 38 32
40 39 3
41 1 38
41 2 27
41 4 71
41 6 11
41 7 78
41 8 31
41 9 14
41 10 47
41 11 11
41 12 32
41 16 38
41 17 76
41 18 28
41 19 31
41 22 65
41 24 10
41 26 71
41 28 23
41 32 17
41 36 34
41 37 24
41 39 39
41 40 60
42 0 35
42 2 26
42 4 39
42 5 40
42 6 44
42 7 76
42 9 22
42 11 75
42 13 18
42 16 58
42 17 45
42 20 78
42 21 42
42 23 53
42 25 2
42 26 31
42 27 74
42 29 37
42 30 43
42 35 69
42 36 70
42 37 55
42 38 64
42 41 42
43 0 80
43 1 16
43 2 18
43 6 13
43 8 26
43 9 17
43 10 26
43 13 21
43 14 8
43 16 67
43 17 80
43 19 26
43 20 39
43 23 52
43 24 66
43 27 43
43 30 53
43 36 71
43 37 52
43 39 34
43 40 14
43 41 41
43 42 18
44 2 77
44 3 1
44 4 80
44 5 56
44 7 68
44 8 41
44 9 40
44 10 49
44 11 20
44 12 65
44 14 21
44 15 27
44 16 7
44 18 6
44 19 14
44 20 3
44 22 48
44 23 43
44 24 42
44 25 54
44 26 5
44 27 75
44 29 12
44 32 80
44 33 8
44 34 3
44 35 76
44 36 76
44 37 47
44 38 34
44 42 35
44 43 79
45 0 13
45 2 43
45 3 23
45 5 60
45 6 45
45 7 13
45 8 15
45 9 69
45 10 70
45 13 35
45 15 9
45 16 19
45 19 50
45 20 3
45 23 43
45 24 47
45 26 35
45 29 49
45 30 50
45 31 56
45 34 20
45 35 9
45 36 23
45 39 3
45 40 72
45 41 30
45 42 69
45 44 80
46 3 38
46 4 69
46 5 50
46 6 38
46 7 15
46 9 17
46 10 72
46 13 76
46 14 30
46 15 54
46 18 76
46 22 75
46 24 68
46 25 59
46 26 38
46 27 63
46 28 43
46 29 63
46 30 35
46 31 23
46 32 30
46 33 9
46 34 69
46 36 34
46 37 1
46 39 44
46 41 48
46 42 51
46 44 72
47 3 63
47 4 80
47 6 18
47 8 21
47 9 67
47 10 71
47 11 70
47 13 23
47 15 27
47 16 69
47 18 31
47 19 60
47 21 36
47 22 63
47 23 64
47 24 30
47 25 48
47 26 79
47 28 5
47 29 74
47 31 13
47 32 2
47 33 63
47 35 68
47 38 41
47 39 6
47 41 11
47 42 40
47 44 5
47 45 47
48 0 16
48 2 19
48 4 9
48 6 1
48 7 32
48 9 45
48 10 21
48 11 48
48 12 45
48 13 22
48 17 23
48 18 72
48 20 43
48 21 3
48 22 69
48 24 61
48 27 12
48 28 19
48 29 77
48 31 52
48 34 33
48 36 76
48 39 1
48 40 23
48 41 60
48 43 62
48 44 49
48 46 65
49 1 42
49 3 21
49 4 78
49 7 34
49 15 80
49 16 64
49 17 56
49 19 75
49 22 18
49 23 78
49 24 28
49 26 79
49 27 71
49 29 79
49 30 4
49 31 24
49 32 56
49 34 17
49 35 43
49 39 78
49 40 55
49 41 2
49 42 76
49 43 68
49 48 35
