50
1 0 19
4 0 2
4 1 5
5 2 36
6 3 4
6 4 7
6 5 17
7 0 6
7 1 15
7 4 28
7 5 4
8 0 27
8 1 8
8 2 36
8 4 14
8 5 30
8 6 20
8 7 40
9 0 7
9 4 28
10 3 15
10 6 2
10 7 7
10 8 29
11 0 14
11 1 12
11 2 29
11 5 11
11 8 9
11 10 32
12 0 18
12 1 18
12 2 37
12 4 18
12 5 29
12 8 4
12 9 30
12 10 3
13 1 25
13 2 24
13 3 22
13 6 8
13 7 13
13 10 26
14 1 19
14 3 11
14 4 30
14 6 23
14 8 34
14 9 35
14 10 22
14 12 2
15 1 38
15 2 37
15 4 3
15 5 31
15 6 21
15 7 40
15 8 1
15 9 17
15 11 16
15 13 21
15 14 24
16 0 35
16 2 21
16 4 10
16 6 26
16 7 1
16 11 10
16 12 40
16 13 35
16 14 6
17 3 20
17 4 28
17 6 35
17 7 21
17 9 39
17 10 24
17 11 40
17 13 30
17 14 3
17 15 25
18 0 3
18 4 7
18 5 1
18 7 33
18 8 25
18 9 27
18 12 1
18 13 15
18 14 18
18 15 9
18 16 38
19 0 12
19 1 4
19 3 26
19 5 24
19 7 31
19 9 39
19 11 19
19 12 40
19 13 12
19 14 32
19 15 24
20 2 25
20 4 29
20 5 21
20 7 17
20 8 30
20 10 3
20 11 34
20 12 23
20 13 29
20 14 10
20 15 20
20 17 18
20 18 28
21 2 34
21 3 30
21 6 10
21 8 16
21 10 3
21 11 19
21 12 38
21 13 32
21 16 14
21 19 20
21 20 39
22 0 4
22 2 12
22 3 39
22 5 22
22 6 39
22 8 33
22 9 1
22 11 13
22 13 40
22 15 1
22 16 9
23 0 23
23 2 29
23 6 40
23 7 24
23 11 22
23 12 37
23 13 26
23 14 6
23 16 39
24 0 4
24 2 14
24 9 29
24 12 36
24 14 29
24 16 27
24 17 13
24 18 31
24 20 23
24 22 1
24 23 10
25 0 23
25 3 29
25 5 38
25 6 31
25 7 29
25 9 38
25 11 12
25 12 12
25 16 38
25 17 3
25 19 16
25 20 31
25 22 12
25 23 29
26 1 7
26 4 10
26 6 20
26 8 38
26 9 5
26 13 40
26 14 26
26 17 40
26 18 7
26 19 32
26 23 14
27 2 37
27 3 39
27 4 24
27 5 8
27 6 10
27 7 18
27 8 4
27 10 12
27 12 10
27 16 13
27 17 30
27 20 8
27 22 21
27 24 34
27 26 38
28 0 35
28 1 20
28 3 33
28 4 21
28 6 8
28 7 20
28 8 38
28 9 18
28 10 32
28 12 32
28 17 23
28 18 19
28 22 19
28 24 25
28 25 25
28 26 17
28 27 34
29 2 4
29 3 33
29 4 12
29 11 21
29 12 29
29 14 22
29 17 8
29 19 15
29 21 24
29 23 17
29 26 28
29 27 32
30 0 13
30 1 9
30 3 29
30 4 23
30 6 31
30 7 30
30 8 22
30 9 38
30 10 29
30 13 19
30 15 6
30 16 19
30 17 5
30 18 12
30 19 38
30 21 5
30 22 30
30 23 7
30 24 31
30 26 6
30 29 26
31 1 35
31 2 25
31 5 13
31 8 27
31 11 5
31 16 21
31 17 34
31 20 3
31 23 26
31 25 12
31 27 9
31 28 6
31 30 18
32 0 25
32 2 26
32 8 4
32 9 1
32 10 5
32 13 20
32 14 27
32 16 30
32 17 31
32 18 10
32 19 6
32 20 15
32 21 24
32 25 25
32 26 25
32 28 37
32 31 11
33 4 21
33 7 5
33 8 35
33 12 10
33 17 40
33 18 18
33 19 30
33 20 34
33 25 29
33 27 1
33 28 40
33 29 35
33 32 24
34 1 21
34 3 26
34 7 36
34 8 25
34 14 36
34 16 10
34 19 36
34 21 37
34 22 37
34 25 17
34 27 39
34 28 8
34 30 7
34 32 5
34 33 25
35 2 14
35 4 17
35 5 23
35 8 22
35 9 3
35 10 24
35 13 13
35 15 10
35 19 22
35 21 8
35 22 16
35 23 39
35 24 32
35 26 35
35 29 10
35 32 30
36 1 27
36 3 7
36 5 27
36 6 11
36 8 10
36 9 3
36 10 25
36 12 24
36 14 29
36 16 18
36 18 22
36 19 3
36 21 36
36 22 12
36 23 13
36 24 24
36 25 39
36 28 4
36 29 16
36 30 34
36 31 34
36 32 6
36 33 9
36 34 4
37 7 23
37 12 18
37 13 32
37 15 2
37 17 26
37 21 26
37 24 22
37 26 3
37 29 11
37 33 18
38 0 12
38 1 1
38 2 14
38 3 33
38 4 11
38 5 24
38 7 33
38 9 37
38 10 22
38 11 19
38 13 23
38 14 10
38 17 26
38 19 12
38 20 33
38 21 4
38 22 16
38 23 29
38 28 35
38 29 38
38 30 36
38 31 34
38 32 20
38 33 25
38 35 40
38 37 16
39 0 19
39 1 30
39 2 26
39 5 21
39 8 20
39 12 6
39 18 7
39 20 18
39 22 1
39 25 14
39 27 21
39 29 26
39 32 16
39 33 1
39 37 15
39 38 28
40 0 2
40 1 14
40 2 33
40 4 14
40 6 4
40 7 37
40 8 32
40 9 3
40 10 16
40 15 34
40 17 17
40 18 31
40 19 2
40 21 20
40 22 34
40 24 31
40 30 3
40 31 21
40 35 32
40 37 27
40 38 22
41 3 36
41 4 1
41 7 6
41 8 8
41 11 13
41 15 21
41 16 34
41 17 4
41 18 19
41 19 4
41 20 14
41 21 5
41 22 19
41 25 5
41 26 37
41 27 20
41 29 14
41 32 30
41 36 18
41 39 30
42 0 12
42 3 4
42 4 13
42 6 26
42 11 37
42 15 12
42 16 10
42 17 2
42 18 36
42 20 15
42 21 25
42 22 9
42 24 15
42 25 27
42 30 2
42 31 31
42 32 16
42 36 21
42 37 13
42 38 2
42 40 6
43 3 24
43 4 13
43 5 36
43 7 28
43 8 29
43 11 19
43 14 17
43 18 14
43 19 24
43 20 22
43 22 4
43 25 17
43 27 24
43 28 10
43 31 1
43 32 19
43 33 38
43 34 14
43 36 19
43 41 10
43 42 7
44 3 20
44 5 18
44 8 39
44 9 12
44 10 31
44 11 13
44 17 10
44 18 11
44 19 29
44 20 14
44 22 6
44 23 34
44 24 1
44 25 24
44 27 5
44 28 9
44 30 6
44 31 12
44 36 32
44 40 29
44 42 10
44 43 13
45 0 40
45 1 8
45 2 9
45 4 34
45 5 8
45 6 38
45 8 2
45 9 16
45 12 40
45 14 7
45 15 14
45 16 1
45 19 1
45 20 11
45 25 33
45 27 6
45 29 5
45 31 15
45 34 26
45 36 13
45 37 31
45 38 12
45 39 26
45 40 38
45 43 40
46 1 4
46 2 36
46 4 5
46 8 4
46 9 5
46 13 35
46 16 31
46 17 24
46 18 13
46 20 37
46 22 31
46 23 21
46 25 22
46 26 12
46 27 6
46 29 40
46 30 10
46 32 34
46 34 17
46 35 14
46 36 10
46 37 25
46 39 25
46 40 21
46 41 19
46 42 1
46 43 11
46 45 8
47 0 20
47 6 31
47 7 39
47 8 11
47 10 4
47 12 32
47 13 28
47 16 6
47 17 1
47 18 29
47 19 27
47 20 22
47 21 37
47 24 4
47 25 33
47 27 38
47 31 15
47 33 6
47 35 14
47 36 30
47 37 16
47 38 3
47 39 7
47 40 37
47 42 9
47 45 23
48 0 29
48 1 21
48 3 33
48 6 36
48 7 28
48 8 21
48 9 15
48 10 25
48 16 37
48 18 22
48 20 28
48 21 5
48 22 12
48 23 28
48 29 10
48 30 12
48 31 40
48 32 6
48 35 7
48 41 40
48 43 33
48 44 9
48 46 23
48 47 29
49 0 7
49 1 19
49 3 25
49 5 14
49 6 7
49 7 36
49 8 15
49 11 27
49 14 29
49 17 3
49 18 39
49 20 6
49 21 7
49 23 23
49 24 33
49 25 35
49 27 16
49 30 30
49 31 34
49 33 33
49 35 40
49 38 37
49 39 12
49 40 35
49 42 36
49 45 33
49 46 19
