40
1 0 194
2 0 21
2 1 210
3 0 183
3 1 139
3 2 127
4 0 123
4 1 162
4 2 203
4 3 208
5 0 319
5 1 40
5 2 112
5 3 89
5 4 260
6 0 10
6 1 205
6 2 103
6 3 175
6 4 161
6 5 10
7 0 191
7 1 104
7 2 242
7 3 248
7 4 181
7 5 272
7 6 132
8 0 149
8 1 276
8 2 305
8 3 280
8 4 292
8 5 217
8 6 20
8 7 112
9 0 132
9 1 147
9 2 119
9 3 207
9 4 257
9 5 206
9 6 229
9 7 26
9 8 312
10 0 115
10 1 133
10 2 10
10 3 224
10 4 104
10 5 203
10 6 13
10 7 298
10 8 128
10 9 316
11 0 155
11 1 318
11 2 147
11 3 144
11 4 55
11 5 89
11 6 198
11 7 260
11 8 145
11 9 106
11 10 299
12 0 70
12 1 215
12 2 172
12 3 37
12 4 177
12 5 6
12 6 227
12 7 284
12 8 216
12 9 54
12 10 95
12 11 319
13 0 257
13 1 73
13 2 23
13 3 28
13 4 181
13 5 271
13 6 148
13 7 268
13 8 140
13 9 194
13 10 284
13 11 45
13 12 207
14 0 306
14 1 253
14 2 72
14 3 258
14 4 108
14 5 70
14 6 311
14 7 236
14 8 91
14 9 41
14 10 266
14 11 107
14 12 199
14 13 250
15 0 38
15 1 136
15 2 14
15 3 288
15 4 176
15 5 302
15 6 228
15 7 153
15 8 105
15 9 281
15 10 213
15 11 110
15 12 53
15 13 274
15 14 39
16 0 303
16 1 306
16 2 82
16 3 16
16 4 306
16 5 32
16 6 84
16 7 164
16 8 183
16 9 207
16 10 79
16 11 230
16 12 230
16 13 223
16 14 112
16 15 241
17 0 158
17 1 271
17 2 69
17 3 132
17 4 166
17 5 172
17 6 61
17 7 212
17 8 34
17 9 189
17 10 150
17 11 189
17 12 111
17 13 110
17 14 319
17 15 293
17 16 177
18 0 35
18 1 37
18 2 122
18 3 222
18 4 292
18 5 76
18 6 204
18 7 220
18 8 229
18 9 22
18 10 138
18 11 233
18 12 187
18 13 41
18 14 53
18 15 13
18 16 163
18 17 204
19 0 68
19 1 216
19 2 259
19 3 309
19 4 159
19 5 89
19 6 122
19 7 77
19 8 75
19 9 306
19 10 66
19 11 265
19 12 285
19 13 201
19 14 261
19 15 235
19 16 217
19 17 176
19 18 231
20 0 56
20 1 57
20 2 263
20 3 313
20 4 276
20 5 308
20 6 39
20 7 101
20 8 240
20 9 68
20 10 317
20 11 202
20 12 91
20 13 241
20 14 111
20 15 221
20 16 126
20 17 9
20 18 31
20 19 107
21 0 246
21 1 277
21 2 5
21 3 190
21 4 65
21 5 46
21 6 94
21 7 143
21 8 309
21 9 199
21 10 111
21 11 52
21 12 177
21 13 186
21 14 268
21 15 140
21 16 90
21 17 33
21 18 15
21 19 257
21 20 157
22 0 4
22 1 299
22 2 312
22 3 133
22 4 280
22 5 198
22 6 46
22 7 311
22 8 198
22 9 33
22 10 115
22 11 307
22 12 186
22 13 129
22 14 170
22 15 158
22 16 35
22 17 168
22 18 225
22 19 203
22 20 2
22 21 270
23 0 182
23 1 176
23 2 136
23 3 279
23 4 146
23 5 205
23 6 15
23 7 162
23 8 68
23 9 158
23 10 194
23 11 45
23 12 227
23 13 195
23 14 36
23 15 109
23 16 296
23 17 72
23 18 111
23 19 299
23 20 258
23 21 222
23 22 144
24 0 212
24 1 118
24 2 85
24 3 229
24 4 256
24 5 240
24 6 73
24 7 285
24 8 126
24 9 49
24 10 221
24 11 181
24 12 315
24 13 292
24 14 177
24 15 170
24 16 4
24 17 40
24 18 132
24 19 34
24 20 70
24 21 177
24 22 132
24 23 269
25 0 250
25 1 238
25 2 111
25 3 48
25 4 317
25 5 200
25 6 156
25 7 218
25 8 218
25 9 305
25 10 299
25 11 177
25 12 249
25 13 127
25 14 168
25 15 243
25 16 191
25 17 49
25 18 165
25 19 101
25 20 260
25 21 114
25 22 195
25 23 6
25 24 75
26 0 220
26 1 26
26 2 275
26 3 250
26 4 298
26 5 2
26 6 142
26 7 92
26 8 130
26 9 282
26 10 317
26 11 21
26 12 162
26 13 50
26 14 247
26 15 107
26 16 246
26 17 132
26 18 5
26 19 298
26 20 75
26 21 85
26 22 216
26 23 308
26 24 317
26 25 72
27 0 185
27 1 75
27 2 52
27 3 3
27 4 268
27 5 214
27 6 244
27 7 49
27 8 194
27 9 26
27 10 45
27 11 272
27 12 145
27 13 302
27 14 315
27 15 115
27 16 2
27 17 9
27 18 15
27 19 149
27 20 213
27 21 45
27 22 32
27 23 245
27 24 151
27 25 69
27 26 257
28 0 258
28 1 142
28 2 179
28 3 138
28 4 110
28 5 3
28 6 6
28 7 223
28 8 78
28 9 108
28 10 89
28 11 31
28 12 248
28 13 199
28 14 220
28 15 162
28 16 113
28 17 231
28 18 68
28 19 311
28 20 306
28 21 214
28 22 150
28 23 293
28 24 250
28 25 293
28 26 297
28 27 62
29 0 280
29 1 129
29 2 229
29 3 237
29 4 245
29 5 240
29 6 215
29 7 233
29 8 119
29 9 61
29 10 155
29 11 147
29 12 233
29 13 17
29 14 52
29 15 151
29 16 75
29 17 286
29 18 40
29 19 167
29 20 166
29 21 185
29 22 197
29 23 137
29 24 50
29 25 302
29 26 113
29 27 316
29 28 236
30 0 265
30 1 154
30 2 130
30 3 31
30 4 185
30 5 102
30 6 304
30 7 222
30 8 108
30 9 146
30 10 253
30 11 143
30 12 241
30 13 52
30 14 80
30 15 152
30 16 274
30 17 68
30 18 276
30 19 195
30 20 81
30 21 173
30 22 8
30 23 196
30 24 308
30 25 118
30 26 48
30 27 133
30 28 139
30 29 216
31 0 168
31 1 284
31 2 200
31 3 66
31 4 116
31 5 290
31 6 62
31 7 112
31 8 235
31 9 234
31 10 50
31 11 194
31 12 109
31 13 316
31 14 183
31 15 139
31 16 102
31 17 236
31 18 35
31 19 241
31 20 187
31 21 140
31 22 178
31 23 117
31 24 110
31 25 256
31 26 196
31 27 15
31 28 262
31 29 253
31 30 178
32 0 42
32 1 99
32 2 113
32 3 193
32 4 247
32 5 36
32 6 180
32 7 15
32 8 79
32 9 314
32 10 78
32 11 162
32 12 319
32 13 17
32 14 117
32 15 284
32 16 68
32 17 169
32 18 216
32 19 266
32 20 70
32 21 147
32 22 118
32 23 264
32 24 304
32 25 144
32 26 262
32 27 64
32 28 77
32 29 49
32 30 200
32 31 218
33 0 242
33 1 261
33 2 159
33 3 93
33 4 250
33 5 94
33 6 245
33 7 216
33 8 65
33 9 95
33 10 160
33 11 70
33 12 110
33 13 237
33 14 178
33 15 154
33 16 184
33 17 161
33 18 3
33 19 270
33 20 255
33 21 312
33 22 260
33 23 131
33 24 79
33 25 40
33 26 202
33 27 156
33 28 67
33 29 26
33 30 59
33 31 92
33 32 188
34 0 116
34 1 179
34 2 188
34 3 136
34 4 89
34 5 98
34 6 168
34 7 265
34 8 55
34 9 103
34 10 252
34 11 278
34 12 153
34 13 252
34 14 267
34 15 138
34 16 254
34 17 216
34 18 298
34 19 28
34 20 136
34 21 194
34 22 43
34 23 141
34 24 35
34 25 26
34 26 159
34 27 174
34 28 281
34 29 106
34 30 43
34 31 104
34 32 86
34 33 105
35 0 305
35 1 42
35 2 105
35 3 233
35 4 32
35 5 258
35 6 43
35 7 235
35 8 174
35 9 301
35 10 249
35 11 66
35 12 86
35 13 58
35 14 8
35 15 152
35 16 319
35 17 243
35 18 28
35 19 213
35 20 151
35 21 200
35 22 84
35 23 174
35 24 209
35 25 260
35 26 107
35 27 52
35 28 131
35 29 314
35 30 2
35 31 255
35 32 169
35 33 71
35 34 244
36 0 314
36 1 39
36 2 177
36 3 291
36 4 201
36 5 256
36 6 238
36 7 240
36 8 170
36 9 38
36 10 118
36 11 18
36 12 239
36 13 70
36 14 68
36 15 115
36 16 204
36 17 219
36 18 144
36 19 227
36 20 188
36 21 303
36 22 72
36 23 290
36 24 217
36 25 280
36 26 173
36 27 116
36 28 258
36 29 100
36 30 185
36 31 33
36 32 26
36 33 220
36 34 277
36 35 184
37 0 133
37 1 4
37 2 298
37 3 77
37 4 226
37 5 280
37 6 108
37 7 45
37 8 4
37 9 67
37 10 71
37 11 297
37 12 182
37 13 315
37 14 249
37 15 6
37 16 202
37 17 29
37 18 93
37 19 280
37 20 137
37 21 14
37 22 198
37 23 189
37 24 229
37 25 103
37 26 92
37 27 76
37 28 243
37 29 133
37 30 187
37 31 228
37 32 219
37 33 300
37 34 89
37 35 320
37 36 179
38 0 112
38 1 282
38 2 23
38 3 200
38 4 53
38 5 191
38 6 293
38 7 173
38 8 224
38 9 110
38 10 105
38 11 191
38 12 216
38 13 149
38 14 160
38 15 58
38 16 101
38 17 35
38 18 182
38 19 16
38 20 232
38 21 99
38 22 183
38 23 40
38 24 197
38 25 81
38 26 183
38 27 274
38 28 250
38 29 108
38 30 269
38 31 146
38 32 265
38 33 291
38 34 114
38 35 143
38 36 10
38 37 274
39 0 17
39 1 114
39 2 131
39 3 129
39 4 170
39 5 182
39 6 101
39 7 262
39 8 59
39 9 184
39 10 48
39 11 273
39 12 307
39 13 52
39 14 7
39 15 37
39 16 60
39 17 102
39 18 141
39 19 243
39 20 70
39 21 269
39 22 119
39 23 32
39 24 251
39 25 309
39 26 73
39 27 33
39 28 111
39 29 155
39 30 206
39 31 272
39 32 260
39 33 51
39 34 38
39 35 129
39 36 131
39 37 142
39 38 264
