60
1 0 95
2 0 111
3 0 35
4 2 55
4 3 78
5 0 9
5 1 143
5 2 26
5 3 128
5 4 83
6 3 11
7 0 160
7 1 100
7 6 80
8 1 153
8 2 57
9 0 106
10 0 149
10 3 58
10 4 115
10 9 93
11 3 101
11 6 146
11 9 121
12 0 142
12 3 114
13 2 141
13 5 20
13 11 99
14 0 69
14 5 13
15 0 49
15 1 21
15 2 91
15 3 91
15 5 84
15 6 5
15 9 44
15 10 146
16 1 125
16 3 30
16 4 39
16 5 3
16 6 139
16 14 152
17 1 20
17 2 117
17 3 111
17 5 43
17 6 97
17 9 9
17 10 41
17 12 90
17 14 77
18 6 105
18 14 33
18 17 7
19 1 93
19 15 12
20 5 56
20 13 145
20 17 48
21 7 56
21 9 129
22 6 140
22 7 117
22 10 91
22 14 5
22 17 139
22 19 149
23 4 74
23 8 130
23 11 68
23 14 10
23 18 95
23 19 92
24 0 129
24 1 90
24 6 14
24 8 92
24 18 156
24 22 5
25 11 80
25 16 153
25 18 98
25 20 41
26 7 110
26 8 69
26 18 61
26 22 141
27 21 34
28 3 38
28 6 34
28 12 72
28 25 34
29 1 109
29 5 142
29 7 84
29 22 18
29 28 97
30 1 136
30 4 149
30 8 157
30 15 142
30 19 104
31 2 18
31 3 70
31 8 6
31 10 110
31 12 92
31 14 67
31 23 149
31 28 77
32 4 70
32 9 42
32 11 129
32 15 146
32 29 75
33 8 125
33 9 2
33 19 50
33 21 72
33 23 131
33 27 129
33 28 126
34 14 131
34 23 38
34 24 134
34 29 27
35 3 154
35 9 154
35 19 126
36 3 114
36 4 148
36 11 55
36 19 50
36 22 8
36 27 113
36 29 43
36 30 113
36 31 127
36 33 151
36 35 69
37 0 133
37 3 90
37 6 141
37 12 52
37 13 79
37 17 71
37 26 133
37 29 71
37 36 94
38 8 6
38 21 39
38 31 58
38 34 39
38 35 84
38 37 101
39 0 97
39 1 39
39 13 72
39 14 41
39 20 116
39 28 24
39 33 59
39 34 40
39 35 101
39 38 66
40 0 86
40 3 137
40 4 144
40 13 160
40 16 64
40 28 115
40 33 33
41 3 27
41 10 9
41 28 115
41 34 53
41 38 25
41 40 91
42 6 152
42 7 69
42 10 108
42 13 66
42 17 59
42 19 152
42 20 83
42 22 143
42 32 32
42 37 45
42 38 3
43 1 44
43 4 47
43 16 152
43 21 15
43 25 75
43 27 39
43 28 105
43 29 12
43 32 114
43 37 146
44 3 100
44 4 133
44 7 15
44 10 24
44 12 50
44 14 69
44 15 107
44 17 106
44 20 90
44 27 44
44 29 98
44 31 74
44 35 74
44 40 28
44 42 129
44 43 6
45 5 95
45 8 33
45 11 145
45 14 60
45 16 76
45 31 40
45 36 143
45 37 22
46 0 57
46 1 149
46 4 88
46 19 35
46 31 122
46 35 83
46 39 19
46 40 160
46 41 111
46 43 125
47 5 84
47 7 159
47 15 92
47 30 64
47 35 10
47 43 21
48 1 46
48 6 76
48 18 21
48 19 115
48 35 144
48 40 86
48 42 111
48 44 156
48 45 19
49 4 23
49 6 37
49 13 58
49 14 12
49 24 122
49 32 154
49 34 90
49 38 92
49 41 101
49 42 148
49 44 10
50 13 77
50 34 5
50 39 93
50 42 1
50 47 128
50 48 41
51 12 93
51 19 7
51 23 124
51 24 122
51 46 94
52 0 158
52 7 29
52 11 81
52 12 33
52 13 124
52 15 20
52 18 55
52 20 84
52 25 99
52 27 131
52 31 28
52 33 58
52 42 61
52 43 121
52 45 154
52 51 11
53 1 6
53 2 23
53 3 53
53 6 112
53 8 89
53 10 109
53 18 130
53 26 34
53 28 102
53 31 74
53 33 100
53 36 80
53 46 92
53 48 11
53 49 74
54 1 127
54 9 118
54 10 63
54 11 64
54 12 65
54 21 155
54 28 97
54 32 52
54 33 56
54 50 121
55 2 119
55 8 10
55 9 141
55 24 154
55 35 6
55 37 104
55 40 105
55 47 11
55 54 147
56 2 115
56 3 10
56 4 127
56 9 139
56 13 107
56 15 91
56 20 114
56 29 100
56 34 6
56 38 12
56 44 121
56 50 30
56 52 58
56 55 44
57 3 37
57 9 84
57 23 135
57 25 70
57 27 153
57 38 106
58 9 122
58 10 71
58 18 112
58 20 73
58 21 50
58 26 33
58 31 40
58 34 7
58 37 35
58 39 2
58 45 81
59 0 34
59 3 36
59 4 64
59 6 42
59 12 156
59 27 65
59 42 2
59 47 119
59 53 148
59 58 42
