70
1 0 57
2 0 4
2 1 39
3 0 4
3 1 21
3 2 68
4 0 49
4 1 14
4 3 15
5 0 42
5 1 41
5 2 61
5 3 3
5 4 79
6 0 10
6 1 66
6 2 66
6 3 26
6 5 75
7 0 14
7 1 36
7 2 31
7 3 6
7 4 29
7 6 33
8 0 29
8 1 8
8 2 13
8 3 53
8 4 15
8 5 37
8 6 58
8 7 27
9 0 31
9 1 62
9 2 63
9 3 56
9 4 19
9 5 48
9 6 59
9 7 11
9 8 72
10 0 45
10 1 44
10 3 76
10 4 57
10 5 17
10 6 35
10 7 61
10 8 72
10 9 33
11 0 70
11 1 35
11 2 53
11 3 34
11 4 79
11 5 3
11 6 1
11 7 77
11 8 7
11 9 59
11 10 23
12 0 15
12 1 79
12 2 52
12 3 79
12 4 55
12 5 12
12 6 17
12 7 5
12 9 20
12 10 70
12 11 6
13 0 32
13 1 73
13 2 52
13 3 43
13 4 63
13 5 10
13 6 71
13 7 74
13 8 11
13 9 33
13 10 73
13 11 41
13 12 30
14 0 80
14 1 65
14 2 78
14 3 54
14 4 76
14 5 59
14 6 35
14 8 26
14 9 64
14 10 78
14 11 72
14 12 76
14 13 73
15 0 66
15 1 80
15 2 74
15 3 22
15 4 69
15 5 20
15 7 49
15 8 30
15 9 22
15 10 15
15 11 67
15 12 63
15 13 59
16 0 5
16 1 53
16 2 19
16 3 55
16 4 20
16 5 20
16 6 48
16 7 24
16 8 5
16 9 12
16 10 45
16 12 21
16 13 22
16 14 9
16 15 50
17 0 4
17 1 24
17 4 18
17 5 13
17 6 2
17 7 23
17 8 57
17 10 12
17 11 53
17 12 76
17 13 14
17 14 33
17 15 68
17 16 35
18 0 9
18 1 16
18 2 29
18 3 19
18 4 25
18 6 43
18 7 11
18 8 64
18 9 70
18 10 8
18 11 35
18 12 33
18 13 15
18 14 35
18 15 22
18 16 80
18 17 30
19 0 15
19 1 65
19 2 66
19 3 69
19 4 56
19 5 71
19 6 80
19 7 52
19 8 14
19 9 49
19 10 2
19 11 51
19 12 6
19 13 31
19 14 66
19 15 71
19 16 23
19 17 51
19 18 79
20 0 21
20 1 51
20 2 64
20 4 40
20 5 61
20 6 38
20 7 49
20 8 59
20 9 77
20 10 78
20 11 75
20 12 29
20 13 54
20 14 17
20 16 24
20 17 42
20 18 40
20 19 60
21 0 5
21 1 14
21 2 64
21 4 35
21 5 76
21 6 57
21 7 46
21 8 26
21 10 60
21 11 69
21 12 66
21 13 62
21 14 40
21 15 57
21 16 13
21 17 63
21 18 29
21 19 70
21 20 6
22 0 3
22 1 26
22 3 1
22 4 28
22 5 80
22 6 24
22 7 4
22 8 30
22 9 9
22 10 40
22 11 3
22 12 68
22 13 78
22 14 42
22 15 14
22 16 62
22 17 69
22 18 63
22 19 18
22 20 24
22 21 14
23 1 40
23 2 79
23 3 33
23 4 11
23 5 74
23 7 39
23 8 36
23 9 53
23 10 64
23 12 2
23 13 38
23 15 72
23 16 48
23 17 72
23 18 76
23 19 3
23 21 27
23 22 12
24 0 15
24 1 33
24 2 74
24 3 60
24 4 52
24 5 24
24 6 62
24 7 73
24 8 45
24 9 9
24 10 50
24 12 70
24 13 4
24 14 54
24 15 39
24 16 75
24 17 44
24 18 67
24 19 6
24 20 20
24 21 68
24 22 8
25 0 67
25 1 17
25 2 25
25 3 72
25 4 60
25 5 13
25 6 58
25 7 75
25 9 72
25 11 78
25 12 31
25 13 34
25 15 70
25 16 48
25 17 39
25 18 28
25 19 47
25 21 29
25 22 47
25 23 26
25 24 47
26 0 56
26 1 63
26 2 56
26 3 31
26 4 18
26 5 33
26 6 61
26 7 24
26 8 59
26 9 12
26 10 10
26 11 13
26 12 68
26 13 31
26 14 37
26 15 53
26 16 58
26 18 8
26 19 33
26 20 3
26 21 39
26 22 48
26 24 56
26 25 60
27 0 65
27 1 34
27 2 69
27 3 46
27 4 67
27 5 22
27 6 77
27 7 12
27 8 7
27 10 45
27 11 25
27 12 77
27 14 42
27 15 30
27 16 32
27 17 64
27 18 74
27 19 40
27 20 72
27 21 62
27 23 53
27 25 54
28 1 15
28 2 77
28 3 37
28 4 20
28 5 33
28 6 74
28 7 43
28 9 34
28 10 68
28 12 18
28 13 39
28 14 6
28 15 39
28 16 29
28 17 52
28 18 67
28 19 57
28 20 66
28 21 54
28 22 67
28 23 23
28 26 45
28 27 58
29 0 42
29 1 24
29 2 24
29 3 48
29 4 39
29 5 50
29 6 60
29 8 42
29 9 71
29 10 64
29 11 3
29 12 65
29 13 10
29 15 57
29 16 71
29 17 47
29 18 53
29 19 25
29 20 30
29 21 29
29 22 45
29 23 21
29 24 76
29 25 23
29 26 41
29 27 33
29 28 17
30 0 42
30 1 43
30 2 14
30 3 28
30 4 2
30 5 28
30 6 38
30 7 59
30 8 31
30 9 35
30 10 36
30 11 45
30 13 67
30 14 1
30 16 4
30 17 29
30 18 23
30 19 43
30 20 71
30 21 17
30 22 69
30 23 75
30 24 78
30 25 33
30 26 41
30 27 76
30 28 41
30 29 33
31 0 37
31 1 63
31 2 73
31 3 29
31 4 70
31 5 3
31 6 39
31 7 11
31 8 36
31 9 41
31 10 37
31 11 67
31 12 9
31 13 8
31 14 74
31 16 15
31 17 8
31 18 4
31 19 57
31 20 62
31 21 31
31 22 79
31 24 65
31 25 41
31 26 46
31 28 65
31 29 24
31 30 32
32 0 58
32 1 35
32 2 33
32 4 73
32 5 7
32 6 47
32 7 8
32 8 68
32 9 67
32 10 72
32 11 29
32 12 2
32 13 52
32 14 54
32 15 2
32 16 32
32 17 61
32 18 80
32 19 14
32 21 35
32 22 74
32 23 24
32 24 71
32 25 13
32 26 52
32 27 48
32 28 55
32 29 32
32 30 62
32 31 22
33 0 51
33 1 59
33 2 33
33 3 26
33 4 49
33 5 65
33 6 60
33 7 11
33 8 1
33 9 43
33 10 18
33 12 23
33 13 54
33 14 59
33 15 1
33 16 3
33 17 38
33 19 7
33 20 34
33 21 59
33 22 54
33 23 79
33 24 64
33 25 7
33 27 69
33 29 38
33 30 73
33 31 40
33 32 8
34 0 10
34 1 18
34 3 17
34 4 43
34 5 28
34 6 12
34 7 55
34 8 60
34 9 46
34 10 52
34 11 8
34 12 16
34 13 6
34 14 64
34 15 75
34 16 75
34 17 51
34 18 37
34 19 29
34 20 20
34 21 71
34 22 9
34 23 26
34 24 67
34 25 46
34 26 66
34 27 51
34 28 25
34 29 29
34 30 71
34 31 69
34 32 25
34 33 55
35 0 62
35 2 4
35 3 39
35 4 2
35 5 79
35 6 58
35 7 14
35 8 5
35 9 65
35 11 36
35 12 27
35 13 10
35 14 24
35 15 13
35 16 11
35 17 15
35 18 76
35 19 67
35 20 46
35 21 63
35 22 37
35 23 9
35 24 5
35 25 15
35 26 65
35 27 77
35 28 72
35 29 69
35 30 42
35 31 9
35 32 27
35 33 24
36 0 67
36 1 65
36 2 63
36 3 18
36 4 16
36 5 56
36 6 49
36 7 16
36 8 6
36 9 51
36 10 15
36 11 37
36 13 53
36 14 63
36 16 23
36 18 24
36 19 24
36 20 10
36 21 78
36 22 53
36 23 77
36 24 32
36 25 29
36 27 37
36 28 64
36 29 65
36 32 77
36 33 41
36 34 34
36 35 73
37 0 56
37 1 41
37 2 32
37 3 57
37 4 59
37 5 63
37 6 20
37 7 66
37 8 65
37 9 80
37 11 15
37 12 28
37 13 78
37 14 46
37 15 15
37 16 42
37 17 69
37 18 35
37 19 52
37 20 74
37 22 7
37 23 75
37 24 61
37 25 22
37 26 54
37 27 14
37 28 22
37 29 69
37 30 4
37 31 56
37 32 63
37 33 4
37 34 67
37 35 12
37 36 57
38 0 77
38 1 14
38 2 63
38 3 69
38 4 47
38 5 20
38 6 11
38 7 43
38 8 7
38 9 26
38 10 2
38 11 60
38 13 48
38 15 79
38 16 57
38 17 74
38 18 49
38 19 56
38 20 55
38 21 12
38 22 34
38 23 62
38 24 67
38 25 7
38 27 80
38 28 2
38 29 16
38 30 2
38 31 64
38 32 36
38 33 21
38 34 47
38 36 26
38 37 9
39 0 67
39 1 10
39 2 25
39 3 44
39 4 49
39 6 1
39 7 4
39 8 18
39 9 43
39 10 14
39 11 11
39 12 56
39 13 71
39 14 51
39 15 45
39 16 80
39 18 58
39 19 59
39 20 63
39 21 70
39 22 63
39 23 41
39 24 2
39 25 51
39 26 15
39 27 25
39 28 49
39 29 10
39 30 12
39 31 72
39 32 56
39 33 57
39 34 46
39 35 50
39 36 4
39 37 9
39 38 45
40 1 60
40 2 65
40 3 47
40 4 6
40 5 46
40 6 37
40 7 11
40 8 60
40 9 54
40 10 15
40 11 71
40 12 75
40 13 36
40 14 38
40 15 68
40 16 63
40 17 14
40 18 63
40 19 18
40 20 31
40 21 6
40 22 52
40 23 16
40 24 29
40 25 53
40 26 52
40 27 71
40 28 2
40 29 9
40 30 39
40 31 23
40 32 75
40 33 80
40 34 56
40 35 51
40 36 20
40 37 57
40 38 59
40 39 51
41 0 61
41 1 42
41 3 32
41 4 25
41 7 72
41 8 52
41 9 24
41 10 41
41 11 24
41 12 60
41 13 43
41 14 77
41 15 58
41 17 24
41 18 32
41 19 8
41 22 43
41 23 59
41 24 76
41 25 22
41 26 58
41 27 72
41 28 5
41 29 6
41 31 74
41 32 77
41 33 16
41 34 17
41 35 41
41 36 37
41 37 68
41 38 56
41 39 73
42 0 44
42 1 76
42 2 28
42 3 6
42 4 74
42 5 17
42 6 76
42 8 9
42 9 57
42 11 65
42 12 9
42 13 64
42 14 29
42 15 46
42 16 3
42 17 14
42 18 80
42 19 9
42 20 67
42 22 46
42 24 27
42 25 21
42 26 80
42 27 68
42 28 80
42 29 43
42 30 70
42 31 64
42 32 69
42 33 13
42 35 60
42 37 66
42 38 41
42 39 17
42 40 56
42 41 67
43 0 32
43 1 76
43 2 38
43 3 51
43 4 9
43 5 74
43 6 26
43 7 57
43 8 30
43 9 72
43 10 37
43 11 80
43 12 27
43 13 65
43 14 57
43 15 19
43 16 43
43 17 73
43 20 76
43 21 31
43 22 20
43 23 15
43 24 39
43 25 63
43 26 50
43 27 16
43 28 52
43 29 53
43 30 11
43 31 30
43 32 62
43 33 59
43 35 75
43 36 69
43 37 40
43 38 63
43 39 23
43 40 17
43 42 14
44 0 51
44 1 51
44 2 26
44 4 3
44 5 24
44 6 59
44 8 17
44 9 32
44 10 28
44 11 49
44 12 48
44 13 37
44 14 35
44 15 2
44 16 62
44 17 11
44 18 26
44 19 29
44 20 68
44 21 51
44 22 14
44 23 60
44 24 60
44 25 57
44 26 2
44 27 67
44 28 9
44 29 49
44 30 14
44 31 79
44 32 30
44 33 43
44 34 28
44 35 41
44 36 19
44 38 78
44 39 53
44 40 9
44 41 17
44 42 7
44 43 73
45 0 29
45 1 66
45 2 4
45 3 22
45 5 42
45 6 31
45 7 3
45 8 48
45 9 10
45 10 77
45 11 10
45 12 12
45 13 34
45 14 70
45 15 27
45 16 40
45 17 7
45 18 34
45 19 11
45 20 70
45 21 15
45 23 45
45 25 55
45 26 53
45 27 49
45 28 39
45 29 80
45 30 32
45 31 11
45 33 30
45 34 53
45 35 48
45 36 5
45 37 19
45 39 38
45 40 18
45 41 71
45 42 21
45 43 77
45 44 70
46 0 6
46 1 70
46 3 9
46 4 65
46 5 62
46 6 68
46 7 44
46 8 24
46 9 4
46 10 35
46 11 47
46 12 68
46 13 42
46 14 80
46 15 31
46 17 31
46 18 72
46 19 21
46 20 26
46 21 52
46 22 36
46 23 25
46 24 13
46 25 11
46 27 58
46 28 49
46 29 25
46 31 50
46 32 68
46 33 60
46 34 22
46 35 39
46 36 20
46 37 10
46 38 55
46 40 46
46 41 16
46 42 78
46 43 12
46 44 60
46 45 2
47 0 47
47 1 70
47 2 80
47 3 9
47 4 57
47 5 67
47 6 27
47 7 26
47 8 59
47 9 71
47 10 72
47 11 1
47 12 18
47 13 51
47 14 68
47 16 10
47 17 21
47 18 48
47 20 20
47 21 11
47 22 24
47 23 2
47 24 69
47 25 3
47 26 25
47 27 19
47 28 55
47 29 78
47 31 12
47 32 51
47 33 22
47 34 73
47 35 65
47 36 60
47 37 44
47 38 65
47 39 49
47 40 66
47 42 61
47 43 21
47 45 31
47 46 9
48 0 65
48 1 66
48 2 47
48 3 37
48 4 71
48 6 34
48 7 65
48 8 49
48 9 31
48 10 33
48 11 16
48 12 33
48 13 26
48 14 42
48 15 7
48 16 58
48 17 1
48 18 68
48 19 64
48 20 66
48 21 77
48 22 29
48 23 29
48 24 60
48 25 31
48 26 38
48 27 16
48 28 12
48 29 31
48 30 68
48 31 13
48 32 39
48 33 5
48 34 59
48 36 21
48 37 16
48 38 46
48 39 35
48 40 1
48 41 22
48 42 78
48 43 30
48 44 31
48 45 39
48 46 4
48 47 67
49 0 71
49 1 25
49 2 64
49 4 50
49 5 54
49 6 21
49 7 62
49 9 73
49 10 32
49 11 55
49 12 57
49 14 33
49 15 40
49 16 69
49 17 53
49 18 41
49 19 56
49 20 28
49 21 18
49 22 70
49 23 46
49 24 72
49 25 53
49 27 58
49 28 3
49 29 28
49 30 27
49 31 58
49 32 44
49 33 37
49 34 33
49 36 40
49 38 8
49 39 60
49 40 62
49 41 1
49 42 44
49 43 75
49 44 19
49 46 28
49 47 5
49 48 48
50 0 22
50 1 15
50 2 50
50 3 7
50 4 3
50 5 78
50 6 40
50 7 79
50 8 64
50 9 14
50 12 36
50 13 29
50 14 8
50 16 27
50 17 50
50 18 62
50 19 48
50 20 73
50 21 7
50 22 2
50 23 23
50 24 76
50 25 9
50 26 17
50 27 53
50 28 51
50 30 66
50 31 65
50 32 26
50 34 23
50 35 12
50 36 75
50 37 76
50 39 9
50 40 13
50 41 23
50 42 55
50 43 31
50 44 9
50 45 60
50 46 78
50 47 21
50 48 24
50 49 7
51 0 7
51 1 14
51 2 42
51 3 66
51 4 10
51 5 62
51 6 77
51 7 68
51 8 76
51 9 25
51 10 30
51 11 12
51 12 43
51 13 60
51 14 74
51 15 13
51 16 2
51 17 22
51 18 80
51 19 57
51 20 44
51 21 17
51 22 1
51 23 44
51 24 37
51 25 65
51 26 11
51 27 13
51 28 48
51 30 51
51 31 4
51 32 74
51 33 68
51 36 4
51 37 9
51 38 15
51 39 23
51 40 52
51 41 25
51 42 41
51 43 10
51 44 47
51 45 25
51 46 43
51 47 12
51 48 3
51 49 38
51 50 79
52 0 2
52 2 33
52 3 75
52 4 64
52 5 50
52 6 69
52 7 11
52 8 74
52 9 53
52 10 68
52 11 70
52 12 23
52 13 27
52 14 71
52 15 9
52 16 9
52 17 63
52 19 2
52 20 12
52 21 2
52 22 21
52 23 29
52 24 14
52 25 46
52 26 30
52 27 8
52 28 80
52 29 10
52 30 34
52 31 47
52 32 3
52 33 59
52 34 15
52 35 20
52 36 27
52 37 40
52 38 16
52 39 69
52 40 21
52 42 47
52 43 69
52 44 65
52 45 79
52 48 40
52 49 25
52 50 67
52 51 11
53 0 67
53 1 33
53 2 7
53 3 37
53 4 13
53 5 53
53 6 1
53 7 6
53 8 54
53 9 11
53 10 64
53 11 57
53 13 6
53 14 77
53 15 64
53 16 52
53 17 67
53 18 12
53 19 15
53 20 64
53 21 70
53 22 63
53 23 17
53 24 13
53 25 42
53 26 47
53 27 76
53 28 23
53 29 45
53 30 15
53 31 15
53 32 17
53 33 33
53 34 3
53 35 53
53 36 37
53 37 23
53 38 26
53 39 6
53 40 32
53 41 25
53 42 15
53 43 34
53 44 72
53 45 38
53 46 22
53 47 76
53 48 75
53 49 50
53 50 36
53 51 73
53 52 42
54 0 70
54 1 79
54 2 64
54 3 5
54 4 32
54 5 66
54 6 67
54 7 12
54 8 10
54 9 47
54 10 68
54 11 24
54 12 8
54 13 30
54 14 66
54 15 14
54 16 32
54 17 52
54 18 56
54 19 22
54 20 63
54 22 31
54 23 44
54 24 78
54 25 3
54 26 46
54 27 53
54 28 11
54 30 41
54 31 54
54 32 29
54 33 68
54 34 64
54 35 61
54 36 66
54 37 60
54 38 15
54 39 46
54 40 43
54 42 10
54 43 57
54 44 41
54 45 78
54 46 20
54 47 14
54 48 62
54 49 14
54 50 3
54 51 63
54 52 68
54 53 15
55 0 42
55 1 70
55 2 2
55 3 9
55 5 73
55 6 21
55 7 5
55 8 58
55 9 72
55 10 74
55 11 39
55 12 62
55 13 16
55 14 78
55 15 25
55 16 42
55 17 24
55 18 65
55 19 76
55 20 34
55 21 78
55 22 67
55 23 43
55 24 29
55 25 53
55 27 33
55 28 31
55 30 5
55 31 74
55 32 2
55 33 59
55 34 69
55 35 15
55 36 33
55 37 33
55 38 71
55 40 8
55 42 55
55 43 13
55 44 52
55 45 1
55 47 25
55 48 9
55 50 51
55 51 38
55 52 33
55 54 2
56 0 38
56 1 7
56 2 26
56 3 12
56 4 1
56 6 67
56 8 9
56 9 32
56 10 32
56 11 67
56 12 48
56 13 72
56 14 51
56 15 51
56 16 51
56 17 2
56 18 1
56 19 61
56 20 19
56 21 53
56 22 60
56 23 6
56 24 24
56 25 3
56 26 33
56 27 51
56 28 54
56 29 12
56 30 10
56 31 5
56 34 14
56 35 4
56 36 15
56 37 61
56 38 80
56 39 39
56 40 18
56 41 36
56 42 61
56 43 76
56 44 49
56 45 4
56 47 73
56 48 24
56 49 50
56 50 43
56 51 64
56 52 77
56 53 31
56 54 66
56 55 78
57 1 66
57 2 35
57 3 12
57 5 25
57 6 68
57 7 24
57 8 2
57 9 53
57 10 12
57 11 77
57 12 73
57 13 27
57 14 57
57 15 2
57 16 73
57 17 34
57 18 20
57 19 19
57 20 27
57 21 56
57 22 62
57 23 41
57 24 32
57 25 66
57 26 75
57 27 37
57 28 30
57 29 51
57 31 16
57 32 46
57 33 47
57 34 11
57 35 35
57 36 27
57 37 63
57 38 59
57 39 2
57 41 56
57 42 25
57 44 58
57 45 36
57 46 13
57 47 50
57 49 16
57 51 46
57 52 10
57 53 18
57 54 64
57 55 28
57 56 60
58 0 40
58 1 45
58 2 28
58 3 8
58 4 64
58 5 64
58 6 69
58 7 34
58 8 55
58 9 64
58 10 48
58 11 76
58 12 47
58 13 26
58 14 2
58 15 28
58 16 70
58 17 23
58 19 24
58 20 18
58 21 17
58 22 20
58 23 63
58 24 30
58 25 63
58 26 55
58 27 71
58 29 4
58 30 29
58 31 55
58 32 28
58 33 9
58 34 41
58 35 17
58 36 7
58 37 30
58 38 46
58 39 39
58 40 57
58 41 64
58 42 45
58 43 13
58 44 30
58 45 47
58 46 31
58 47 57
58 48 4
58 50 50
58 51 15
58 52 65
58 54 34
58 55 55
58 56 64
58 57 18
59 0 67
59 1 3
59 2 17
59 3 4
59 5 41
59 6 40
59 7 64
59 8 63
59 9 25
59 10 17
59 11 40
59 12 1
59 13 42
59 14 79
59 15 18
59 16 6
59 17 1
59 18 80
59 19 53
59 20 21
59 21 29
59 22 70
59 23 18
59 24 48
59 25 8
59 26 20
59 27 50
59 28 60
59 29 56
59 30 12
59 32 63
59 33 43
59 34 12
59 35 75
59 36 1
59 37 47
59 38 6
59 39 32
59 40 37
59 41 39
59 42 53
59 43 39
59 44 72
59 46 66
59 47 10
59 48 65
59 49 60
59 50 21
59 51 60
59 52 8
59 53 18
59 54 54
59 55 19
59 56 13
59 57 16
59 58 72
60 0 11
60 1 56
60 2 60
60 3 41
60 4 19
60 5 64
60 6 43
60 7 66
60 8 6
60 9 22
60 10 25
60 11 64
60 12 53
60 13 41
60 14 31
60 15 6
60 16 37
60 17 53
60 18 46
60 19 11
60 20 24
60 21 48
60 22 8
60 23 73
60 24 54
60 25 71
60 26 31
60 27 49
60 28 43
60 29 74
60 30 54
60 31 53
60 32 68
60 33 71
60 34 2
60 35 58
60 36 11
60 38 2
60 41 80
60 43 7
60 44 64
60 45 50
60 46 13
60 47 78
60 48 10
60 49 64
60 50 7
60 51 68
60 52 51
60 53 12
60 54 28
60 55 56
60 56 11
60 57 27
60 58 49
60 59 55
61 0 1
61 1 77
61 2 52
61 3 51
61 4 76
61 5 12
61 6 52
61 8 13
61 10 46
61 11 21
61 13 18
61 14 50
61 15 19
61 16 14
61 17 21
61 18 65
61 19 46
61 20 14
61 21 73
61 22 72
61 23 50
61 24 8
61 26 69
61 27 7
61 29 60
61 30 11
61 31 72
61 32 19
61 33 45
61 34 4
61 35 36
61 37 15
61 38 54
61 39 5
61 40 75
61 41 12
61 42 25
61 43 23
61 44 55
61 45 25
61 47 63
61 48 71
61 49 70
61 50 74
61 51 4
61 52 41
61 54 58
61 55 25
61 56 69
61 57 11
61 58 69
61 59 77
61 60 77
62 0 32
62 1 42
62 2 23
62 3 44
62 4 57
62 5 73
62 6 28
62 7 45
62 8 3
62 9 53
62 10 22
62 11 32
62 12 4
62 14 62
62 15 46
62 16 16
62 17 41
62 18 35
62 19 59
62 20 70
62 21 22
62 22 75
62 23 18
62 24 60
62 25 79
62 26 5
62 27 22
62 29 58
62 30 73
62 31 70
62 32 64
62 33 30
62 34 78
62 35 75
62 36 39
62 39 30
62 40 64
62 41 28
62 42 23
62 44 19
62 45 4
62 46 21
62 47 33
62 48 18
62 49 23
62 50 48
62 51 27
62 52 14
62 54 16
62 55 67
62 56 2
62 57 44
62 58 30
62 59 39
62 60 58
63 0 9
63 1 33
63 2 42
63 3 53
63 4 25
63 5 48
63 6 28
63 7 34
63 8 73
63 9 24
63 10 13
63 11 32
63 12 56
63 13 41
63 14 33
63 15 43
63 16 36
63 17 72
63 18 22
63 19 66
63 21 69
63 22 36
63 23 36
63 24 72
63 25 52
63 26 2
63 27 60
63 28 19
63 29 60
63 31 73
63 32 47
63 33 43
63 34 54
63 35 49
63 36 12
63 37 55
63 39 71
63 40 56
63 42 75
63 43 11
63 44 7
63 45 71
63 46 11
63 48 71
63 49 45
63 50 74
63 51 58
63 52 19
63 53 33
63 54 14
63 55 14
63 56 44
63 57 23
63 58 61
63 60 64
63 61 35
63 62 77
64 1 16
64 2 7
64 3 73
64 4 6
64 5 20
64 6 56
64 7 43
64 8 11
64 9 24
64 10 21
64 11 65
64 12 5
64 13 29
64 15 55
64 16 15
64 17 64
64 18 5
64 19 3
64 20 24
64 21 23
64 22 19
64 23 65
64 24 65
64 26 73
64 27 61
64 28 20
64 29 5
64 30 51
64 32 67
64 33 25
64 34 39
64 35 3
64 36 61
64 37 31
64 38 33
64 39 65
64 40 31
64 41 55
64 42 10
64 43 64
64 44 4
64 45 54
64 46 4
64 47 18
64 48 28
64 49 53
64 50 4
64 51 56
64 52 2
64 53 14
64 54 36
64 55 71
64 56 45
64 57 13
64 58 57
64 59 33
64 60 54
64 61 19
64 62 53
64 63 44
65 0 17
65 1 69
65 2 14
65 3 61
65 4 78
65 5 31
65 7 39
65 9 44
65 10 21
65 11 79
65 12 3
65 13 16
65 14 57
65 15 39
65 16 14
65 17 27
65 18 77
65 19 23
65 20 73
65 21 16
65 22 43
65 23 5
65 24 68
65 25 50
65 26 33
65 27 73
65 28 57
65 29 17
65 30 74
65 31 10
65 32 78
65 33 16
65 35 2
65 36 37
65 37 49
65 38 24
65 39 59
65 40 9
65 41 51
65 42 58
65 43 11
65 44 52
65 45 25
65 46 16
65 47 78
65 48 67
65 49 65
65 50 48
65 51 66
65 52 66
65 53 51
65 54 47
65 55 40
65 56 46
65 57 10
65 58 52
65 59 68
65 60 18
65 61 52
65 62 72
65 63 44
65 64 54
66 0 5
66 1 15
66 2 3
66 3 49
66 4 75
66 5 56
66 6 62
66 7 45
66 8 37
66 9 1
66 10 30
66 11 72
66 12 20
66 13 16
66 14 30
66 15 58
66 16 26
66 17 55
66 18 55
66 19 11
66 20 8
66 21 59
66 22 80
66 23 27
66 24 5
66 25 74
66 26 42
66 27 37
66 28 30
66 29 68
66 30 9
66 31 15
66 32 69
66 33 76
66 34 40
66 35 40
66 36 76
66 37 31
66 38 9
66 39 10
66 40 34
66 42 38
66 43 2
66 44 3
66 45 49
66 46 4
66 48 61
66 49 60
66 50 65
66 51 64
66 52 44
66 53 69
66 54 64
66 55 24
66 56 71
66 57 28
66 58 9
66 60 61
66 61 28
66 62 49
66 63 29
66 64 46
67 0 45
67 1 25
67 2 55
67 3 7
67 4 25
67 5 58
67 6 70
67 7 30
67 8 19
67 9 13
67 10 66
67 11 9
67 12 77
67 13 63
67 14 63
67 15 65
67 16 34
67 17 29
67 18 32
67 19 29
67 20 52
67 22 4
67 23 73
67 24 43
67 25 12
67 26 65
67 27 49
67 28 13
67 29 14
67 30 26
67 31 66
67 32 61
67 33 43
67 34 7
67 36 61
67 37 15
67 38 52
67 39 76
67 40 27
67 42 1
67 43 14
67 44 54
67 45 80
67 46 32
67 47 78
67 48 75
67 50 76
67 51 77
67 52 8
67 53 69
67 54 40
67 55 63
67 56 8
67 58 61
67 59 15
67 60 1
67 61 68
67 62 46
67 63 41
67 65 47
67 66 26
68 0 64
68 1 3
68 2 31
68 3 43
68 4 75
68 5 61
68 6 52
68 7 52
68 8 8
68 9 50
68 10 54
68 11 8
68 12 68
68 13 66
68 14 52
68 15 51
68 16 66
68 17 48
68 18 49
68 19 43
68 20 38
68 21 79
68 24 14
68 25 16
68 26 6
68 27 68
68 28 5
68 29 2
68 30 17
68 31 78
68 32 13
68 33 21
68 34 75
68 35 35
68 36 11
68 37 58
68 39 9
68 40 37
68 41 63
68 42 5
68 43 2
68 44 47
68 45 48
68 46 2
68 47 20
68 48 16
68 50 10
68 52 39
68 53 14
68 54 52
68 55 80
68 57 39
68 58 49
68 59 59
68 60 62
68 61 20
68 62 76
68 63 57
68 65 72
68 67 7
69 0 65
69 1 66
69 2 48
69 3 18
69 4 17
69 5 37
69 6 29
69 7 80
69 8 41
69 9 26
69 10 23
69 11 31
69 12 28
69 13 61
69 14 2
69 15 47
69 16 14
69 17 69
69 20 7
69 21 74
69 22 20
69 23 24
69 24 44
69 25 27
69 26 67
69 27 38
69 28 33
69 29 14
69 30 56
69 31 61
69 32 10
69 33 59
69 34 4
69 36 13
69 37 9
69 38 5
69 39 50
69 40 77
69 41 60
69 42 22
69 43 59
69 44 74
69 45 43
69 46 70
69 47 1
69 48 35
69 49 76
69 50 48
69 51 17
69 52 50
69 53 49
69 54 78
69 55 30
69 56 10
69 58 49
69 59 30
69 60 24
69 61 35
69 62 32
69 63 11
69 64 58
69 65 63
69 66 4
69 67 77
69 68 27
