70
1 0 30
2 0 29
2 1 10
3 1 39
3 2 10
4 0 27
5 0 15
5 1 13
6 0 3
6 4 61
6 5 20
7 0 36
7 1 64
7 3 73
7 4 3
8 0 32
8 1 16
8 2 36
8 5 29
9 0 79
9 1 9
9 2 24
9 6 56
10 0 44
10 1 49
10 3 24
10 4 45
10 5 69
10 6 63
10 8 38
10 9 47
11 0 1
11 3 62
11 4 65
11 6 69
11 8 2
12 0 71
12 2 67
12 6 22
12 8 79
12 9 75
12 11 65
13 0 34
13 1 52
13 4 35
13 7 22
13 10 56
13 11 29
14 0 35
14 1 4
14 4 13
14 7 79
14 8 23
14 10 51
14 11 14
14 12 18
15 1 80
15 2 64
15 4 33
15 5 38
15 6 23
15 7 63
15 8 67
15 9 77
15 12 67
16 0 76
16 1 77
16 2 31
16 3 2
16 4 31
16 5 61
16 7 2
16 9 29
16 11 15
16 13 49
17 1 44
17 2 62
17 5 15
17 7 55
17 9 54
17 13 46
18 0 15
18 1 74
18 2 49
18 3 76
18 4 69
18 5 71
18 7 26
18 8 2
18 9 37
18 11 32
18 12 55
18 13 17
18 14 13
19 0 71
19 1 35
19 2 20
19 3 58
19 4 56
19 7 67
19 8 59
19 9 74
19 10 65
19 11 34
19 13 37
19 15 7
19 16 35
20 0 7
20 1 23
20 5 76
20 6 3
20 7 37
20 8 46
20 9 25
20 12 48
20 13 30
20 16 45
20 19 76
21 3 61
21 4 15
21 5 10
21 8 18
21 9 34
21 13 43
21 15 62
21 16 65
21 20 53
22 2 69
22 5 68
22 8 51
22 10 19
22 12 62
22 14 79
22 16 63
22 19 51
22 20 14
22 21 74
23 0 52
23 2 16
23 5 66
23 6 50
23 8 21
23 10 52
23 11 55
23 12 29
23 15 23
23 16 43
23 17 31
23 22 66
24 0 10
24 1 66
24 2 64
24 3 70
24 4 36
24 5 70
24 6 15
24 7 32
24 8 55
24 9 70
24 11 10
24 12 61
24 13 69
24 15 32
24 16 61
24 19 32
24 21 5
24 22 33
24 23 20
25 0 61
25 1 72
25 2 62
25 3 48
25 4 45
25 5 28
25 7 66
25 8 34
25 9 69
25 13 44
25 14 28
25 15 30
25 16 51
25 24 1
26 1 30
26 2 80
26 7 76
26 11 38
26 12 55
26 13 23
26 15 14
26 19 52
26 20 27
26 22 65
26 23 72
26 24 1
26 25 18
27 0 14
27 2 36
27 3 43
27 4 77
27 7 6
27 8 45
27 9 49
27 10 30
27 12 3
27 13 12
27 14 33
27 15 41
27 17 79
27 18 22
27 20 39
27 21 12
27 24 72
27 26 25
28 0 56
28 1 69
28 2 60
28 3 60
28 5 55
28 7 18
28 8 42
28 9 66
28 12 73
28 13 73
28 14 80
28 15 19
28 16 61
28 18 64
28 19 71
28 20 75
28 22 38
28 23 12
28 24 19
28 25 8
28 26 12
28 27 12
29 1 48
29 3 34
29 4 26
29 5 21
29 9 3
29 10 63
29 12 60
29 13 75
29 14 64
29 15 31
29 16 35
29 17 7
29 18 51
29 20 31
29 22 17
29 23 24
29 24 64
29 25 33
29 27 13
30 2 42
30 3 32
30 4 36
30 5 57
30 7 63
30 9 18
30 11 24
30 12 50
30 13 39
30 14 35
30 16 43
30 17 24
30 18 80
30 21 53
30 22 32
30 24 78
30 25 33
30 27 31
30 29 32
31 1 47
31 5 6
31 8 51
31 9 20
31 13 63
31 14 54
31 16 77
31 18 35
31 19 47
31 21 60
31 23 77
31 24 31
31 25 39
31 29 25
31 30 51
32 1 16
32 2 74
32 3 33
32 4 9
32 5 3
32 8 49
32 9 22
32 10 25
32 11 11
32 16 60
32 17 42
32 18 30
32 20 67
32 23 69
32 25 35
32 26 40
32 27 31
32 29 33
32 30 3
33 1 59
33 3 37
33 4 3
33 5 50
33 6 53
33 8 44
33 9 44
33 10 62
33 11 76
33 14 23
33 15 26
33 18 53
33 22 55
33 23 22
33 25 52
33 26 25
33 28 48
33 30 4
33 31 21
33 32 32
34 0 6
34 2 9
34 3 22
34 4 79
34 5 35
34 6 39
34 8 61
34 10 45
34 12 41
34 14 17
34 15 58
34 16 68
34 17 66
34 19 62
34 22 31
34 23 69
34 24 80
34 25 16
34 26 74
34 28 11
34 29 58
34 30 24
34 31 71
34 32 78
35 1 10
35 2 30
35 3 49
35 4 74
35 5 36
35 6 43
35 7 16
35 8 19
35 9 75
35 11 80
35 12 21
35 13 31
35 16 63
35 21 75
35 22 33
35 24 8
35 25 33
35 26 49
35 29 54
35 31 8
35 32 67
35 33 76
36 1 27
36 2 55
36 3 26
36 4 69
36 5 68
36 6 49
36 8 13
36 10 59
36 13 73
36 14 26
36 15 71
36 20 74
36 21 79
36 22 61
36 24 42
36 25 80
36 28 75
36 30 76
36 31 16
36 32 30
36 33 70
36 34 9
36 35 5
37 0 52
37 1 61
37 2 46
37 3 29
37 5 4
37 6 51
37 7 71
37 8 2
37 9 26
37 10 76
37 13 58
37 15 3
37 17 77
37 18 45
37 19 4
37 21 23
37 22 74
37 24 74
37 26 25
37 27 21
37 29 69
37 30 52
37 31 24
37 32 4
37 36 68
38 0 4
38 1 50
38 3 3
38 4 22
38 6 71
38 7 67
38 8 13
38 9 18
38 10 40
38 11 6
38 12 7
38 13 23
38 15 19
38 16 20
38 18 61
38 19 35
38 20 58
38 24 18
38 25 32
38 26 13
38 27 73
38 28 49
38 29 5
38 30 57
38 32 53
38 34 4
38 35 54
38 36 7
39 1 19
39 9 34
39 10 5
39 12 25
39 13 9
39 15 75
39 16 73
39 17 38
39 19 53
39 20 45
39 22 1
39 23 24
39 26 25
39 27 55
39 30 49
39 33 26
39 35 75
39 37 73
40 3 59
40 4 36
40 6 70
40 9 20
40 10 16
40 11 48
40 12 32
40 13 1
40 14 62
40 16 24
40 19 47
40 20 5
40 21 47
40 22 39
40 25 62
40 26 60
40 27 12
40 28 24
40 29 80
40 31 49
40 32 5
40 33 51
40 34 20
41 0 67
41 2 2
41 6 61
41 7 66
41 8 56
41 9 31
41 10 73
41 11 70
41 12 7
41 13 31
41 18 75
41 19 27
41 20 61
41 23 64
41 25 54
41 27 44
41 28 8
41 29 22
41 30 33
41 31 40
41 32 62
41 34 46
41 35 76
41 37 3
41 40 7
42 0 36
42 2 75
42 4 32
42 6 46
42 8 48
42 9 67
42 10 19
42 11 41
42 12 63
42 13 16
42 14 60
42 15 76
42 16 29
42 18 8
42 19 23
42 21 11
42 22 74
42 23 7
42 25 29
42 26 66
42 27 52
42 28 24
42 31 74
42 33 34
42 38 51
42 39 37
42 40 36
42 41 47
43 1 5
43 2 24
43 4 36
43 5 52
43 6 61
43 7 54
43 8 68
43 10 61
43 11 47
43 12 6
43 13 36
43 14 40
43 16 72
43 17 53
43 19 31
43 20 45
43 22 30
43 24 49
43 26 59
43 28 26
43 29 45
43 30 65
43 31 59
43 32 6
43 34 34
43 35 48
43 37 23
43 39 11
43 42 25
44 0 19
44 3 70
44 6 56
44 7 72
44 8 9
44 10 34
44 11 67
44 13 6
44 14 24
44 15 14
44 16 32
44 20 10
44 22 58
44 23 54
44 24 35
44 25 10
44 26 71
44 27 35
44 28 28
44 29 68
44 31 40
44 34 26
44 35 8
44 41 9
44 43 15
45 5 57
45 6 65
45 7 34
45 8 71
45 9 76
45 13 31
45 15 32
45 16 26
45 18 13
45 19 70
45 20 22
45 21 30
45 22 34
45 25 64
45 26 74
45 27 37
45 28 77
45 30 44
45 31 71
45 33 25
45 35 6
45 37 79
45 39 69
45 40 25
45 41 47
45 43 34
45 44 21
46 1 62
46 4 6
46 7 44
46 8 11
46 9 73
46 11 17
46 12 2
46 13 2
46 15 70
46 16 59
46 22 78
46 23 4
46 24 7
46 25 22
46 26 13
46 28 55
46 31 15
46 32 65
46 33 24
46 34 27
46 35 34
46 36 57
46 37 6
46 39 77
46 42 12
46 43 48
46 45 2
47 1 68
47 2 71
47 5 75
47 6 62
47 7 13
47 11 20
47 13 44
47 14 26
47 15 64
47 19 35
47 20 18
47 21 23
47 23 78
47 24 44
47 25 79
47 27 40
47 28 55
47 29 50
47 30 68
47 31 56
47 36 23
47 37 70
47 39 33
47 40 49
47 42 61
47 43 32
47 44 58
47 45 43
47 46 68
48 0 25
48 1 58
48 4 10
48 5 67
48 6 17
48 7 26
48 9 64
48 10 23
48 11 74
48 12 46
48 13 51
48 16 21
48 17 68
48 18 78
48 19 78
48 20 67
48 22 48
48 23 52
48 24 41
48 25 52
48 26 1
48 27 26
48 29 47
48 31 56
48 32 10
48 34 38
48 35 13
48 36 23
48 37 59
48 38 7
48 39 17
48 40 65
48 43 4
48 45 5
48 47 62
49 0 80
49 1 8
49 4 10
49 5 21
49 6 80
49 7 57
49 8 29
49 11 18
49 12 78
49 14 51
49 16 67
49 17 28
49 19 57
49 20 74
49 22 24
49 23 73
49 24 15
49 25 52
49 27 12
49 28 69
49 30 17
49 31 50
49 33 48
49 36 35
49 37 30
49 39 52
49 40 4
49 41 48
49 43 25
49 44 31
49 45 29
49 46 11
50 0 1
50 2 53
50 4 26
50 5 32
50 7 37
50 8 63
50 9 44
50 10 74
50 11 4
50 16 40
50 17 51
50 24 16
50 29 27
50 30 12
50 31 43
50 32 3
50 33 40
50 34 17
50 38 67
50 39 49
50 40 25
50 42 67
50 43 65
50 48 23
50 49 10
51 0 25
51 2 51
51 7 6
51 8 75
51 10 72
51 14 21
51 16 4
51 18 58
51 19 52
51 21 68
51 22 76
51 27 75
51 29 14
51 37 75
51 38 37
51 39 58
51 40 2
51 41 38
51 42 74
51 43 80
51 44 6
51 45 65
51 47 46
51 49 73
51 50 75
52 1 64
52 2 74
52 3 8
52 5 11
52 7 15
52 10 34
52 11 8
52 13 66
52 16 65
52 17 14
52 18 9
52 20 7
52 21 31
52 22 46
52 25 60
52 26 32
52 28 76
52 29 11
52 33 53
52 34 21
52 36 18
52 37 41
52 38 21
52 39 35
52 40 21
52 41 67
52 42 23
52 43 60
52 44 21
52 45 7
52 46 37
52 48 10
52 49 35
52 50 59
53 0 37
53 1 73
53 3 74
53 4 72
53 5 76
53 6 74
53 9 74
53 14 73
53 15 40
53 17 23
53 18 79
53 19 73
53 20 36
53 21 5
53 22 34
53 24 74
53 27 32
53 28 23
53 30 73
53 31 73
53 32 24
53 33 49
53 34 66
53 35 54
53 37 33
53 38 29
53 40 78
53 41 16
53 42 12
53 43 75
53 44 77
53 45 49
53 46 38
53 48 62
53 49 46
53 52 7
54 0 60
54 1 50
54 3 33
54 4 30
54 5 58
54 7 18
54 9 79
54 11 36
54 12 68
54 13 52
54 14 21
54 15 30
54 16 67
54 18 25
54 19 43
54 22 15
54 23 36
54 24 80
54 25 25
54 27 40
54 29 30
54 30 24
54 31 45
54 32 18
54 33 29
54 34 17
54 37 24
54 38 41
54 39 47
54 40 41
54 41 49
54 42 25
54 44 38
54 47 63
54 48 72
54 49 62
54 50 27
54 51 27
54 53 79
55 0 66
55 1 3
55 2 49
55 4 6
55 5 29
55 8 50
55 10 8
55 11 72
55 12 43
55 13 79
55 14 10
55 15 67
55 16 31
55 18 51
55 20 77
55 21 46
55 22 11
55 26 61
55 27 15
55 29 24
55 30 2
55 32 50
55 33 18
55 34 22
55 36 53
55 38 53
55 39 53
55 41 10
55 42 30
55 43 78
55 44 38
55 45 10
55 46 8
55 47 80
55 48 58
55 50 36
55 51 50
55 52 9
55 53 9
56 0 60
56 2 77
56 3 65
56 5 39
56 6 30
56 8 64
56 9 34
56 10 4
56 12 5
56 14 38
56 15 64
56 16 60
56 17 72
56 18 61
56 19 72
56 20 24
56 21 2
56 22 43
56 23 69
56 24 55
56 25 17
56 27 34
56 28 58
56 30 55
56 33 52
56 34 13
56 35 22
56 37 20
56 38 77
56 40 76
56 41 1
56 42 10
56 43 9
56 46 27
56 47 47
56 48 17
56 49 7
56 52 58
56 53 27
56 54 49
56 55 39
57 1 47
57 2 29
57 3 57
57 4 18
57 5 80
57 6 20
57 8 78
57 10 13
57 13 31
57 14 50
57 16 11
57 19 27
57 20 13
57 21 19
57 22 45
57 23 46
57 24 34
57 28 43
57 29 57
57 30 41
57 32 58
57 33 42
57 34 77
57 36 32
57 37 66
57 39 60
57 40 29
57 41 55
57 43 80
57 44 60
57 45 75
57 46 25
57 47 44
57 48 71
57 49 7
57 50 31
57 53 11
57 54 78
57 55 73
58 1 54
58 5 56
58 6 9
58 7 17
58 10 71
58 11 41
58 14 73
58 15 4
58 16 32
58 17 50
58 18 50
58 19 28
58 21 44
58 22 34
58 23 74
58 28 44
58 30 4
58 32 47
58 33 73
58 34 35
58 35 27
58 36 72
58 40 27
58 41 34
58 42 40
58 43 77
58 46 67
58 48 65
58 50 34
58 52 40
58 53 49
58 54 12
58 56 80
59 1 23
59 2 11
59 3 11
59 4 64
59 6 33
59 8 74
59 9 30
59 10 15
59 11 38
59 14 48
59 16 54
59 17 44
59 18 80
59 21 52
59 23 55
59 24 38
59 25 40
59 26 12
59 27 16
59 31 43
59 34 15
59 40 75
59 41 65
59 43 31
59 44 25
59 45 58
59 46 5
59 47 14
59 50 37
59 51 14
59 52 38
59 53 33
59 54 43
59 56 74
59 57 3
60 0 76
60 1 41
60 2 54
60 3 47
60 5 19
60 6 26
60 7 64
60 8 69
60 9 57
60 10 57
60 13 2
60 14 4
60 17 49
60 18 63
60 19 21
60 22 59
60 23 1
60 24 39
60 25 13
60 26 39
60 27 55
60 28 18
60 30 47
60 31 28
60 32 23
60 33 3
60 34 11
60 35 64
60 39 29
60 41 6
60 42 10
60 45 15
60 47 61
60 48 38
60 50 13
60 51 45
60 52 21
60 53 23
60 54 26
60 55 10
60 57 34
60 58 31
60 59 63
61 1 51
61 2 39
61 3 59
61 4 80
61 5 6
61 6 2
61 7 48
61 8 1
61 9 65
61 10 70
61 11 60
61 12 6
61 13 69
61 15 5
61 17 30
61 18 13
61 19 25
61 22 41
61 23 67
61 25 13
61 26 55
61 27 42
61 28 75
61 29 68
61 31 44
61 32 60
61 33 66
61 34 8
61 38 76
61 39 20
61 40 6
61 41 45
61 42 31
61 43 67
61 44 66
61 46 29
61 49 10
61 50 11
61 51 45
61 52 5
61 53 30
61 54 37
61 55 53
62 0 15
62 1 32
62 2 42
62 3 76
62 4 51
62 5 28
62 6 61
62 7 27
62 9 47
62 11 58
62 12 80
62 13 75
62 16 74
62 18 49
62 20 27
62 23 80
62 25 58
62 27 3
62 29 61
62 30 27
62 31 77
62 32 55
62 33 40
62 34 80
62 35 57
62 36 17
62 37 62
62 38 64
62 39 28
62 40 68
62 41 12
62 42 55
62 43 17
62 44 74
62 45 46
62 47 44
62 48 63
62 49 63
62 50 25
62 52 67
62 54 57
62 55 19
62 56 44
62 58 5
63 1 77
63 2 78
63 4 45
63 6 49
63 7 26
63 8 50
63 9 30
63 10 13
63 14 71
63 15 60
63 16 5
63 17 5
63 22 60
63 23 74
63 24 28
63 25 21
63 26 74
63 27 53
63 29 23
63 32 72
63 33 41
63 34 30
63 35 7
63 36 49
63 37 67
63 39 43
63 40 52
63 41 56
63 42 22
63 43 72
63 44 6
63 45 80
63 48 35
63 50 39
63 52 55
63 53 69
63 55 54
63 57 5
63 59 46
63 60 56
63 62 72
64 1 29
64 2 12
64 3 27
64 10 66
64 11 44
64 12 65
64 14 54
64 15 33
64 16 21
64 18 73
64 21 22
64 24 72
64 25 34
64 26 27
64 27 57
64 29 56
64 30 26
64 31 77
64 36 43
64 39 57
64 41 78
64 42 16
64 44 4
64 47 46
64 48 36
64 49 75
64 50 69
64 51 2
64 52 10
64 53 69
64 54 36
64 56 43
64 57 55
64 59 37
64 60 15
64 61 10
64 63 9
65 0 62
65 3 48
65 4 23
65 6 72
65 7 25
65 8 27
65 11 35
65 13 37
65 15 76
65 16 55
65 17 23
65 19 73
65 22 64
65 23 38
65 25 45
65 29 41
65 30 58
65 35 71
65 37 42
65 38 59
65 39 39
65 41 79
65 42 30
65 43 19
65 44 35
65 47 66
65 53 45
65 54 47
65 55 6
65 59 15
65 60 73
65 61 51
65 62 8
66 0 67
66 1 40
66 4 70
66 5 55
66 6 63
66 8 63
66 10 61
66 11 49
66 13 79
66 17 79
66 19 61
66 20 53
66 22 8
66 24 40
66 25 60
66 27 51
66 28 36
66 29 47
66 30 16
66 31 8
66 34 46
66 37 10
66 38 78
66 39 75
66 40 72
66 42 46
66 43 4
66 48 57
66 49 58
66 50 56
66 51 65
66 52 3
66 54 56
66 55 9
66 57 34
66 58 57
66 59 71
66 60 19
66 61 36
66 65 9
67 0 73
67 1 50
67 2 3
67 3 46
67 4 62
67 5 43
67 6 18
67 8 68
67 9 68
67 11 36
67 13 74
67 14 79
67 15 7
67 16 78
67 17 67
67 18 15
67 19 11
67 20 5
67 21 13
67 22 3
67 23 42
67 24 35
67 25 57
67 27 75
67 29 68
67 32 19
67 33 65
67 34 51
67 36 26
67 37 53
67 40 7
67 41 66
67 42 34
67 43 67
67 44 17
67 45 18
67 46 24
67 47 4
67 52 3
67 53 71
67 54 71
67 55 77
67 61 19
67 65 18
68 1 16
68 2 75
68 4 72
68 5 37
68 8 75
68 11 74
68 13 25
68 14 51
68 15 20
68 16 21
68 17 65
68 18 10
68 22 16
68 23 21
68 24 43
68 25 58
68 26 16
68 29 3
68 30 79
68 37 28
68 38 13
68 40 54
68 43 34
68 47 72
68 48 38
68 50 64
68 51 44
68 52 40
68 53 36
68 54 34
68 60 67
68 62 55
68 63 27
68 64 34
68 65 29
68 66 32
68 67 64
69 1 70
69 4 37
69 5 50
69 6 5
69 7 73
69 12 67
69 14 26
69 15 48
69 16 66
69 18 44
69 19 30
69 22 30
69 23 28
69 25 58
69 27 65
69 28 48
69 29 78
69 30 38
69 31 42
69 32 22
69 34 11
69 38 29
69 41 16
69 43 36
69 45 14
69 47 3
69 48 4
69 49 43
69 51 52
69 54 19
69 55 9
69 56 1
69 59 65
69 60 53
69 61 63
69 62 45
69 64 7
69 66 40
69 67 21
69 68 51
