30
2 1 25
3 0 15
3 1 1
4 3 35
5 1 37
5 2 29
6 0 1
6 1 32
6 2 23
6 4 32
7 1 8
7 3 10
7 5 26
8 2 2
8 3 40
8 4 2
8 5 25
8 6 35
9 0 5
9 3 13
9 6 25
9 7 11
9 8 40
10 0 17
10 7 40
11 0 39
11 1 9
11 4 40
11 8 21
11 9 31
11 10 1
12 1 40
12 2 17
12 3 19
12 11 17
13 1 36
13 2 33
13 4 19
13 6 3
13 7 3
14 0 23
14 2 33
14 3 14
14 7 28
14 9 35
14 11 27
14 12 19
14 13 23
15 0 1
15 1 11
15 3 3
15 5 3
15 7 16
15 8 34
15 10 30
16 1 37
16 2 26
16 4 22
16 5 32
16 8 26
16 9 15
16 10 20
16 11 37
16 13 23
16 15 38
17 0 17
17 1 38
17 4 5
17 5 8
17 6 12
17 8 22
17 9 31
17 10 14
17 11 34
17 13 32
17 14 29
17 15 6
17 16 35
18 0 21
18 2 23
18 3 32
18 5 16
18 12 27
18 13 33
18 15 37
18 16 21
18 17 18
19 2 16
19 3 24
19 4 18
19 5 39
19 7 8
19 8 4
19 9 39
19 11 22
19 15 32
19 16 34
19 17 31
19 18 21
20 0 31
20 2 28
20 4 38
20 6 29
20 7 6
20 9 10
20 10 22
20 11 3
20 13 13
20 17 25
20 18 16
20 19 33
21 0 23
21 1 26
21 8 38
21 10 26
21 14 25
21 18 4
21 19 11
21 20 34
22 1 27
22 5 11
22 8 15
22 11 14
22 16 24
22 18 38
22 19 14
23 0 40
23 3 38
23 4 1
23 6 9
23 7 23
23 8 15
23 11 35
23 15 36
23 18 24
23 19 33
23 20 28
24 2 1
24 5 27
24 7 1
24 8 4
24 10 4
24 14 13
24 15 12
24 16 3
24 19 38
24 21 20
24 22 10
24 23 8
25 0 18
25 1 4
25 4 35
25 6 3
25 7 17
25 11 33
25 14 23
25 17 26
25 18 5
25 20 17
25 21 15
25 22 25
25 23 36
25 24 38
26 1 25
26 3 24
26 6 21
26 8 15
26 14 15
26 16 19
26 19 7
26 21 19
26 22 2
26 23 13
26 24 32
27 0 34
27 2 19
27 4 5
27 5 18
27 9 25
27 10 35
27 17 10
27 20 40
27 21 16
27 24 22
27 25 19
28 0 29
28 1 31
28 2 29
28 6 14
28 8 17
28 9 31
28 13 32
28 14 2
28 15 25
28 19 40
28 20 29
28 21 36
28 23 22
28 25 22
29 3 39
29 8 18
29 11 33
29 14 14
29 15 6
29 16 3
29 20 2
29 22 38
29 24 20
29 25 2
29 26 17
29 27 24
