20
2 0 64
3 0 1
3 1 3
3 2 24
4 1 61
5 0 21
5 1 23
5 2 65
5 3 45
6 2 79
6 3 63
7 1 66
7 2 38
7 4 31
7 6 14
8 3 33
8 5 11
9 0 71
9 1 6
9 6 42
9 7 9
9 8 7
10 1 15
10 2 61
10 4 44
10 5 67
10 6 9
10 7 10
10 9 18
11 1 23
11 2 11
11 3 53
11 4 73
11 7 76
11 9 48
12 4 61
12 8 52
12 9 40
12 10 62
12 11 63
13 3 69
13 7 11
13 8 14
13 9 44
13 10 26
13 12 69
14 0 25
14 1 52
14 2 42
14 3 54
14 6 62
14 8 79
14 12 56
15 1 72
15 4 60
15 6 43
15 10 43
15 11 3
15 13 30
16 1 50
16 3 25
16 5 29
16 6 37
16 8 6
16 9 28
16 10 24
16 11 9
16 12 39
16 15 32
17 0 41
17 3 80
17 5 14
17 6 45
17 7 59
17 10 12
17 11 38
17 13 61
17 14 10
17 15 51
18 0 63
18 3 49
18 5 47
18 9 21
18 10 40
18 12 49
18 17 64
19 1 14
19 4 54
19 7 19
19 9 45
19 10 4
19 13 70
19 15 26
19 16 41
19 18 61
