30
1 0 63
2 1 71
3 2 37
5 0 77
5 3 15
5 4 40
6 0 35
6 4 43
7 1 28
7 3 59
7 4 2
8 1 23
8 5 31
8 6 2
9 6 70
10 6 34
10 9 67
11 2 66
11 5 51
11 9 16
12 4 23
12 7 38
12 9 76
12 10 28
12 11 72
13 0 65
14 0 56
14 3 13
14 4 55
14 10 18
14 11 24
15 2 61
15 5 71
15 6 49
15 7 78
15 10 45
15 11 16
16 7 43
16 10 7
16 12 10
16 14 79
17 1 56
17 6 58
17 7 76
17 8 36
17 9 68
17 12 1
17 14 31
17 16 3
18 1 10
18 6 43
18 7 35
18 11 30
18 15 6
18 17 48
19 0 3
19 1 72
19 2 79
19 3 59
19 4 23
19 8 10
19 13 76
19 15 61
19 16 34
20 0 26
20 3 34
20 4 77
20 12 32
20 15 39
20 17 75
21 1 40
21 4 24
21 7 74
21 10 29
21 11 56
21 16 5
21 17 2
21 18 58
21 20 34
22 0 46
22 2 58
22 6 1
22 7 25
22 8 8
22 10 37
22 14 65
22 15 43
22 16 79
22 17 27
23 1 68
23 2 12
23 6 60
23 8 65
23 9 32
23 10 34
23 15 61
23 16 43
23 21 26
24 1 48
24 3 34
24 7 75
24 19 72
24 20 44
24 22 29
24 23 22
25 1 71
25 3 64
25 8 77
25 9 18
25 11 71
25 16 60
25 17 17
25 19 76
25 24 42
26 0 46
26 4 57
26 6 48
26 9 77
26 10 22
26 14 80
26 16 70
26 21 36
26 22 44
26 23 8
27 3 35
27 6 24
27 7 45
27 10 56
27 15 48
27 17 31
27 18 27
27 20 48
27 21 61
28 0 1
28 6 53
28 10 72
28 14 65
28 19 14
28 27 22
29 0 11
29 8 71
29 11 76
29 13 9
29 17 3
29 19 7
29 21 27
29 24 46
