50
2 0 33
2 1 7
3 0 13
3 2 18
4 1 39
4 2 7
4 3 11
5 0 29
5 1 5
5 2 28
5 3 38
5 4 7
6 0 28
6 3 23
6 5 32
7 0 1
7 1 5
7 2 1
7 3 6
7 5 32
7 6 24
8 0 11
8 3 18
8 4 16
8 5 21
8 6 4
8 7 8
9 0 37
9 1 21
9 2 21
9 5 32
9 6 27
9 7 22
10 0 4
10 2 33
10 3 2
10 4 6
10 6 39
10 7 22
10 8 31
10 9 21
11 1 9
11 2 7
11 3 19
11 4 37
11 5 13
11 6 34
11 7 8
11 8 8
11 9 6
11 10 10
12 0 16
12 4 2
12 5 18
12 6 39
12 7 7
12 8 33
12 9 5
13 0 2
13 1 35
13 2 28
13 3 40
13 4 32
13 5 24
13 9 18
13 11 15
13 12 23
14 0 34
14 1 26
14 2 24
14 3 31
14 4 9
14 5 29
14 6 11
14 7 30
14 8 28
14 10 1
14 11 20
15 0 25
15 1 31
15 3 9
15 5 31
15 6 5
15 7 9
15 9 24
15 11 12
15 13 21
15 14 20
16 0 26
16 2 5
16 3 8
16 4 27
16 6 16
16 7 37
16 8 31
16 10 14
16 13 1
17 0 11
17 1 21
17 2 33
17 3 3
17 4 8
17 6 27
17 7 33
17 8 33
17 9 30
17 10 27
17 12 5
17 13 32
17 14 6
17 15 34
18 0 3
18 1 8
18 2 17
18 5 38
18 7 27
18 10 4
18 11 27
18 13 6
18 14 22
18 15 26
18 16 2
19 0 24
19 1 36
19 3 12
19 5 8
19 7 29
19 9 5
19 10 19
19 12 1
19 14 36
19 15 30
19 16 12
19 17 5
20 0 36
20 2 37
20 3 19
20 4 8
20 5 3
20 7 27
20 8 37
20 11 17
20 12 8
20 13 12
20 14 24
20 16 11
20 17 3
20 19 21
21 0 27
21 1 30
21 2 38
21 7 34
21 8 17
21 9 8
21 10 39
21 11 19
21 12 40
21 13 39
21 15 3
21 17 8
21 18 23
22 2 27
22 4 5
22 5 1
22 6 10
22 8 8
22 9 17
22 10 40
22 11 9
22 12 4
22 15 33
22 16 6
22 18 9
22 19 3
23 0 21
23 1 28
23 3 32
23 4 26
23 5 3
23 6 38
23 8 21
23 10 13
23 11 11
23 12 19
23 13 26
23 14 32
23 16 26
23 17 27
23 18 7
23 19 26
23 20 37
23 22 3
24 4 34
24 5 11
24 6 14
24 7 34
24 8 27
24 9 14
24 10 36
24 11 24
24 13 40
24 14 37
24 15 23
24 16 9
24 17 32
24 18 7
24 19 26
24 21 7
24 22 12
24 23 6
25 1 29
25 2 2
25 3 40
25 4 15
25 5 40
25 6 10
25 7 39
25 10 6
25 12 13
25 14 19
25 16 19
25 17 1
25 18 10
25 19 20
25 21 6
25 24 8
26 1 5
26 5 10
26 6 13
26 7 28
26 8 4
26 9 19
26 11 10
26 12 11
26 14 15
26 15 37
26 16 5
26 17 11
26 20 6
26 21 5
26 25 38
27 0 16
27 1 31
27 3 7
27 4 10
27 5 10
27 7 18
27 9 27
27 12 5
27 13 1
27 15 34
27 16 21
27 17 10
27 18 16
27 20 29
27 22 10
27 25 8
27 26 39
28 0 35
28 1 24
28 2 36
28 4 5
28 5 18
28 6 27
28 7 14
28 8 34
28 10 2
28 12 10
28 13 29
28 14 14
28 15 2
28 17 8
28 18 24
28 19 35
28 20 14
28 21 1
28 22 17
28 23 25
28 24 21
28 25 39
28 26 3
29 1 33
29 2 6
29 3 22
29 5 32
29 6 19
29 8 2
29 9 27
29 10 26
29 11 22
29 12 32
29 13 26
29 14 10
29 16 8
29 19 21
29 22 26
29 26 27
29 27 27
30 1 24
30 2 35
30 4 22
30 5 3
30 6 6
30 7 5
30 10 33
30 13 16
30 14 1
30 15 3
30 16 12
30 18 12
30 21 3
30 23 22
30 25 5
30 28 31
31 0 37
31 1 3
31 2 27
31 3 32
31 5 9
31 6 2
31 9 30
31 10 14
31 11 34
31 12 13
31 13 22
31 14 10
31 15 4
31 16 14
31 19 17
31 20 39
31 21 16
31 22 16
31 24 15
31 25 29
31 26 12
31 29 30
31 30 28
32 0 5
32 1 10
32 2 7
32 3 14
32 5 14
32 6 14
32 10 25
32 11 40
32 12 10
32 14 19
32 15 15
32 16 15
32 17 27
32 18 5
32 19 21
32 20 25
32 22 24
32 23 25
32 24 34
32 27 16
32 28 6
32 29 29
32 31 34
33 0 33
33 1 17
33 4 5
33 6 19
33 9 11
33 10 10
33 11 11
33 12 32
33 13 6
33 14 9
33 16 24
33 18 26
33 19 22
33 20 7
33 22 40
33 23 37
33 24 31
33 25 9
33 27 40
33 28 5
33 29 21
33 30 8
33 31 5
33 32 20
34 0 7
34 1 34
34 2 30
34 3 7
34 5 34
34 6 40
34 7 2
34 11 7
34 12 22
34 13 39
34 14 35
34 16 14
34 17 37
34 19 5
34 20 20
34 21 33
34 22 18
34 24 28
34 25 15
34 26 12
34 28 28
34 31 33
34 32 4
34 33 19
35 0 4
35 1 25
35 2 6
35 3 23
35 4 32
35 6 27
35 8 28
35 9 27
35 10 21
35 11 11
35 13 26
35 14 31
35 17 10
35 18 36
35 19 4
35 21 16
35 22 36
35 23 34
35 25 33
35 27 33
35 29 8
35 30 3
35 31 12
35 32 33
35 34 29
36 0 6
36 1 30
36 3 15
36 5 32
36 6 12
36 9 28
36 10 18
36 11 33
36 13 30
36 14 12
36 15 10
36 17 29
36 19 18
36 20 11
36 21 12
36 22 30
36 23 26
36 24 31
36 25 13
36 27 13
36 28 30
36 29 7
36 32 16
36 33 5
36 34 6
36 35 11
37 0 26
37 1 8
37 2 35
37 3 21
37 4 30
37 5 9
37 7 24
37 8 35
37 10 9
37 11 5
37 12 32
37 13 30
37 15 27
37 16 13
37 18 8
37 19 9
37 22 32
37 23 40
37 27 16
37 28 5
37 29 38
37 30 21
37 31 37
37 32 34
37 33 35
37 34 29
37 35 4
38 2 26
38 4 14
38 5 13
38 6 22
38 7 1
38 8 23
38 9 30
38 12 15
38 13 14
38 14 19
38 15 26
38 16 16
38 17 35
38 19 4
38 20 7
38 21 10
38 22 32
38 23 27
38 24 36
38 26 8
38 27 5
38 28 6
38 29 8
38 32 11
38 33 38
38 36 33
38 37 19
39 0 37
39 1 30
39 2 22
39 5 23
39 6 25
39 7 2
39 10 12
39 11 6
39 12 20
39 14 36
39 15 17
39 16 14
39 20 32
39 22 33
39 23 34
39 24 22
39 27 22
39 28 13
39 29 17
39 30 5
39 31 15
39 33 4
39 35 7
39 37 29
40 0 12
40 1 35
40 2 22
40 3 26
40 5 18
40 6 2
40 7 24
40 8 35
40 10 24
40 12 37
40 14 34
40 15 6
40 16 11
40 17 33
40 18 20
40 20 16
40 21 13
40 22 12
40 23 39
40 24 5
40 25 2
40 29 8
40 30 4
40 33 37
40 34 3
40 35 12
40 36 15
41 0 22
41 1 32
41 2 28
41 4 37
41 5 35
41 7 7
41 8 9
41 10 23
41 11 22
41 12 24
41 13 18
41 15 13
41 16 40
41 18 14
41 19 38
41 20 16
41 21 36
41 24 28
41 25 11
41 26 3
41 30 25
41 31 12
41 32 15
41 35 14
41 38 13
41 40 25
42 0 29
42 1 38
42 2 1
42 3 31
42 4 2
42 5 33
42 8 23
42 10 10
42 11 18
42 13 7
42 14 10
42 15 29
42 16 27
42 17 21
42 18 6
42 20 14
42 21 29
42 22 34
42 23 25
42 25 34
42 26 2
42 27 37
42 28 4
42 29 31
42 31 10
42 32 16
42 33 3
42 34 8
42 35 1
42 37 18
42 38 29
42 39 11
42 41 27
43 0 19
43 1 24
43 2 36
43 4 6
43 5 9
43 6 27
43 7 11
43 8 12
43 11 25
43 12 31
43 13 36
43 14 33
43 15 22
43 16 3
43 17 6
43 18 35
43 20 31
43 21 40
43 22 38
43 23 38
43 24 23
43 25 25
43 26 40
43 27 25
43 28 39
43 29 36
43 30 6
43 33 39
43 34 11
43 35 6
43 36 34
43 37 20
43 38 25
43 39 16
43 40 31
43 41 40
43 42 22
44 0 28
44 1 20
44 2 20
44 3 36
44 4 29
44 5 7
44 6 15
44 7 28
44 8 9
44 9 27
44 10 21
44 12 12
44 15 37
44 16 14
44 17 11
44 18 35
44 19 3
44 20 12
44 23 7
44 24 10
44 25 19
44 27 33
44 31 3
44 32 26
44 33 34
44 35 9
44 36 34
44 38 12
44 39 17
44 41 37
44 42 17
44 43 33
45 0 17
45 1 3
45 3 32
45 4 16
45 5 31
45 7 37
45 8 9
45 9 38
45 11 10
45 12 21
45 13 30
45 16 2
45 17 33
45 18 39
45 20 23
45 22 15
45 23 12
45 25 29
45 26 15
45 28 4
45 30 1
45 32 7
45 33 18
45 35 29
45 37 7
45 39 13
45 40 3
45 41 22
45 43 28
45 44 7
46 1 22
46 7 39
46 8 39
46 9 2
46 10 35
46 11 40
46 12 10
46 13 1
46 14 14
46 15 39
46 16 21
46 17 1
46 18 27
46 21 25
46 22 10
46 24 22
46 25 34
46 27 2
46 28 5
46 29 21
46 30 20
46 31 37
46 34 26
46 37 8
46 40 1
46 41 1
46 42 9
46 43 28
46 44 37
47 0 27
47 1 28
47 2 37
47 3 25
47 6 15
47 7 17
47 8 25
47 9 26
47 10 24
47 11 34
47 12 3
47 14 40
47 15 26
47 16 25
47 17 22
47 20 23
47 22 33
47 23 20
47 24 5
47 25 29
47 27 21
47 28 37
47 31 30
47 32 17
47 33 19
47 35 8
47 36 16
47 40 27
47 41 3
47 42 21
47 43 1
48 1 10
48 2 14
48 3 38
48 5 26
48 8 30
48 9 40
48 10 35
48 11 3
48 12 12
48 13 7
48 14 5
48 15 23
48 16 27
48 17 24
48 19 30
48 22 28
48 23 35
48 25 20
48 26 10
48 27 8
48 28 9
48 29 40
48 30 30
48 31 38
48 33 32
48 34 22
48 35 12
48 36 16
48 37 15
48 38 8
48 39 30
48 41 2
48 42 3
48 44 37
48 45 8
48 47 30
49 0 37
49 2 37
49 3 28
49 4 22
49 5 3
49 6 34
49 8 28
49 10 33
49 11 9
49 13 6
49 14 3
49 15 37
49 18 24
49 19 27
49 21 8
49 22 2
49 23 37
49 26 11
49 28 6
49 29 15
49 30 39
49 31 24
49 32 30
49 33 19
49 34 27
49 35 1
49 36 13
49 39 31
49 41 18
49 42 34
49 44 7
49 45 40
49 46 35
