30
3 0 158
3 2 158
4 0 13
4 1 125
4 3 2
5 0 37
5 1 160
5 2 56
5 4 82
6 0 48
6 2 151
6 5 121
7 0 120
7 1 32
7 2 54
7 5 132
7 6 66
8 0 104
8 1 37
8 2 7
8 3 15
8 4 48
8 7 132
9 0 89
9 1 37
9 2 51
9 4 91
9 5 139
9 7 35
9 8 140
10 1 64
10 4 111
10 5 128
10 6 20
10 7 29
10 8 85
10 9 126
11 0 39
11 2 89
11 3 40
11 4 146
11 5 91
11 6 61
11 7 24
11 9 116
11 10 82
12 0 125
12 1 1
12 2 97
12 4 87
12 6 125
12 7 138
12 8 6
12 10 138
12 11 155
13 0 44
13 1 137
13 2 137
13 4 71
13 6 121
13 7 83
13 8 45
13 9 141
13 10 153
13 12 146
14 0 82
14 1 22
14 3 8
14 6 6
14 7 159
14 9 63
14 10 3
14 12 135
14 13 56
15 0 108
15 1 20
15 3 124
15 5 81
15 6 24
15 8 3
15 9 120
15 11 13
15 13 135
15 14 72
16 0 121
16 2 16
16 3 95
16 4 6
16 5 87
16 6 12
16 7 21
16 10 43
16 13 41
16 14 74
16 15 146
17 1 61
17 2 155
17 3 133
17 4 17
17 5 65
17 6 19
17 7 128
17 9 134
17 11 97
17 12 59
17 13 46
17 14 126
17 15 98
17 16 22
18 1 24
18 2 128
18 3 1
18 4 60
18 7 11
18 8 99
18 9 29
18 10 82
18 11 9
18 12 123
18 13 111
18 14 151
18 16 42
18 17 6
19 0 4
19 1 11
19 3 56
19 4 44
19 6 116
19 7 44
19 8 121
19 9 49
19 14 107
19 16 91
20 0 64
20 1 27
20 2 92
20 3 79
20 4 13
20 5 52
20 6 155
20 7 110
20 9 95
20 13 134
20 15 38
20 16 26
20 18 76
20 19 102
21 0 145
21 1 26
21 2 43
21 4 25
21 5 138
21 6 109
21 8 13
21 9 91
21 13 62
21 14 121
21 17 160
21 18 98
21 19 22
22 1 125
22 2 141
22 5 11
22 6 145
22 9 153
22 10 34
22 11 159
22 12 1
22 14 142
22 15 25
22 16 55
22 17 92
22 19 74
23 1 148
23 2 2
23 5 82
23 7 60
23 8 134
23 9 134
23 10 29
23 13 45
23 16 71
23 19 154
23 20 27
23 21 122
23 22 134
24 1 71
24 2 149
24 4 121
24 5 141
24 8 46
24 9 9
24 11 98
24 12 102
24 14 127
24 15 53
24 17 150
24 18 126
24 21 108
24 23 11
25 1 125
25 4 113
25 5 111
25 6 31
25 7 10
25 8 24
25 12 75
25 14 127
25 16 114
25 17 111
25 18 18
25 19 1
25 21 109
25 23 93
25 24 139
26 1 150
26 2 95
26 4 154
26 5 137
26 7 102
26 8 136
26 9 15
26 11 39
26 12 33
26 13 93
26 14 55
26 15 125
26 16 14
26 17 13
26 18 93
26 19 124
26 20 117
26 21 58
26 23 123
26 24 148
27 0 68
27 1 17
27 2 119
27 3 12
27 5 111
27 6 52
27 7 129
27 8 112
27 9 46
27 10 151
27 12 71
27 13 63
27 14 32
27 15 69
27 16 72
27 17 119
27 18 150
27 21 107
27 23 63
27 25 126
27 26 92
28 1 32
28 2 122
28 4 113
28 7 36
28 8 43
28 10 39
28 11 13
28 12 138
28 13 130
28 15 111
28 16 84
28 17 72
28 18 2
28 19 65
28 21 61
28 22 59
28 25 5
28 26 117
28 27 49
29 1 29
29 2 151
29 6 51
29 7 89
29 9 85
29 10 44
29 11 94
29 13 132
29 16 137
29 19 97
29 21 119
29 23 5
29 24 26
29 27 66
