20
1 0 35
2 0 16
2 1 10
3 0 25
3 2 31
4 0 30
4 1 35
4 2 15
5 0 35
5 2 15
5 3 7
5 4 28
6 1 20
6 2 30
6 3 25
6 4 11
6 5 39
7 0 14
7 1 24
7 2 4
7 3 8
7 4 35
7 5 37
8 0 37
8 1 21
8 2 18
8 3 37
8 4 4
8 5 36
8 6 17
8 7 27
9 0 4
9 1 2
9 3 28
9 4 34
9 5 37
9 6 9
9 7 15
10 0 22
10 1 5
10 2 4
10 3 31
10 4 19
10 6 25
10 7 17
11 0 5
11 1 4
11 2 9
11 4 7
11 6 2
11 7 11
11 8 5
11 9 1
11 10 11
12 0 4
12 1 4
12 2 39
12 3 12
12 4 13
12 5 21
12 6 20
12 7 11
12 8 11
12 9 14
12 10 6
12 11 21
13 0 20
13 1 5
13 2 22
13 3 32
13 4 11
13 5 8
13 6 17
13 7 22
13 8 2
13 9 32
13 10 2
13 12 20
14 0 29
14 1 20
14 2 10
14 3 31
14 4 35
14 5 11
14 6 18
14 7 37
14 8 25
14 9 40
14 10 16
14 11 6
14 12 11
14 13 23
15 0 5
15 1 18
15 2 12
15 4 29
15 5 2
15 6 20
15 7 5
15 9 17
15 10 1
15 11 4
15 12 3
15 13 28
15 14 5
16 0 20
16 1 4
16 2 5
16 4 31
16 6 35
16 8 17
16 9 1
16 10 21
16 11 15
16 12 7
16 13 38
16 14 6
16 15 24
17 0 20
17 1 6
17 2 1
17 3 17
17 4 19
17 5 32
17 6 3
17 7 28
17 8 34
17 9 15
17 10 37
17 11 11
17 13 1
17 14 7
17 16 17
18 1 25
18 2 14
18 3 27
18 4 26
18 5 38
18 6 24
18 7 1
18 8 34
18 9 21
18 10 36
18 11 8
18 12 14
18 13 37
18 14 16
18 15 25
18 16 33
18 17 6
19 0 20
19 1 28
19 2 37
19 3 5
19 4 24
19 5 28
19 6 11
19 7 33
19 8 32
19 9 19
19 10 15
19 11 14
19 12 18
19 13 30
19 14 32
19 15 6
19 18 17
