50
3 0 2
3 2 8
4 1 1
4 2 10
5 3 6
5 4 1
6 5 10
7 2 7
7 3 1
8 1 8
9 3 10
9 8 7
10 0 4
10 1 4
10 8 3
10 9 7
11 3 3
11 8 3
11 10 4
12 0 6
12 3 7
12 6 8
12 9 9
12 10 8
12 11 10
13 2 10
13 9 9
13 11 6
13 12 8
14 4 4
14 5 4
14 7 1
15 1 5
15 6 10
15 14 10
16 7 4
16 12 5
17 4 5
17 6 5
17 9 3
17 12 4
18 5 5
18 12 4
19 0 1
19 11 2
19 12 7
19 13 1
19 15 4
19 16 10
19 18 10
20 14 5
20 18 4
21 5 5
21 7 4
21 11 10
22 3 2
22 5 8
22 6 1
22 8 8
22 15 9
23 11 1
23 13 2
23 18 6
24 1 3
24 3 3
24 7 3
24 11 1
25 0 2
25 4 2
25 17 7
25 19 5
26 0 1
26 1 1
26 12 4
26 13 5
26 16 1
26 20 1
26 24 7
27 1 2
27 6 7
27 8 5
27 16 10
27 25 6
28 4 1
28 7 6
28 8 2
28 15 10
28 16 8
28 17 10
28 19 3
28 27 3
29 8 3
29 15 1
29 21 5
30 5 10
30 6 4
30 8 3
30 10 7
30 11 1
30 12 6
30 25 7
30 27 4
30 28 2
31 2 5
31 4 1
31 5 2
31 9 10
31 18 1
31 22 3
31 28 1
32 1 2
32 4 5
32 9 10
32 14 8
32 16 3
32 18 3
32 22 4
32 23 3
32 24 5
32 27 4
32 30 6
33 0 1
33 9 5
33 12 8
33 14 10
33 19 2
33 20 9
33 21 7
33 29 2
33 32 5
34 10 2
34 13 3
34 16 9
34 19 3
34 29 2
35 5 5
35 7 8
35 24 1
35 28 10
35 32 4
36 6 8
36 9 6
36 11 5
36 27 7
36 30 1
36 31 9
36 32 3
36 33 1
37 3 3
37 8 4
37 15 7
37 16 8
37 17 7
37 25 4
37 31 9
37 33 3
37 34 8
38 1 6
38 4 6
38 6 3
38 13 7
38 17 9
38 23 6
38 32 1
39 3 4
39 7 7
39 8 6
39 12 6
39 15 8
39 16 3
39 33 8
40 16 8
40 26 7
40 33 10
40 34 10
40 36 9
41 0 8
41 1 9
41 2 1
41 4 4
41 7 4
41 9 4
41 10 4
41 27 1
41 30 4
41 31 7
41 33 4
42 0 1
42 2 4
42 7 10
42 8 7
42 20 3
42 24 2
42 34 1
42 37 2
42 39 8
43 4 10
43 8 10
43 12 3
43 17 9
43 22 1
43 29 9
43 31 2
43 40 10
44 3 7
44 8 4
44 15 3
44 30 4
44 31 2
44 33 5
44 34 6
44 38 6
44 39 2
44 43 9
45 12 5
45 33 4
45 35 4
46 4 6
46 6 2
46 17 2
46 25 10
46 26 5
46 27 3
46 29 10
46 34 4
46 42 6
47 0 6
47 28 3
47 30 2
47 39 5
47 43 7
48 6 9
48 15 7
48 21 7
48 29 1
48 43 4
49 0 6
49 3 6
49 4 9
49 6 5
49 10 5
49 13 7
49 17 1
49 23 5
49 33 3
49 45 5
49 46 1
