20
1 0 44
2 0 34
2 1 5
3 2 53
4 1 58
4 3 43
5 1 29
5 2 19
5 3 53
5 4 72
6 0 59
6 1 23
6 2 54
6 3 44
6 4 80
7 1 34
7 2 40
7 3 33
7 4 11
7 5 66
8 0 21
8 2 9
8 4 38
8 5 11
8 6 26
8 7 69
9 0 35
9 1 57
9 2 64
9 3 77
9 4 64
9 5 18
9 6 25
9 7 67
10 1 36
10 2 18
10 3 44
10 4 2
10 5 63
10 7 45
10 8 8
10 9 9
11 1 2
11 2 53
11 3 15
11 5 65
11 6 68
11 7 29
11 8 43
11 10 70
12 0 11
12 2 56
12 4 29
12 5 61
12 6 19
12 8 28
12 9 8
12 10 52
12 11 41
13 0 32
13 1 7
13 2 76
13 3 41
13 5 30
13 6 19
13 7 33
13 8 80
13 9 33
13 10 62
13 11 67
13 12 69
14 1 4
14 2 73
14 3 6
14 4 37
14 6 19
14 7 46
14 8 43
14 9 69
14 10 75
14 11 3
14 12 41
15 2 43
15 3 71
15 4 2
15 5 53
15 6 78
15 9 73
15 10 3
15 11 13
15 14 32
16 0 30
16 1 59
16 2 73
16 3 43
16 4 38
16 6 77
16 7 12
16 9 20
16 10 61
16 11 4
16 12 47
16 13 25
17 0 36
17 1 13
17 2 8
17 3 54
17 4 47
17 5 45
17 7 73
17 8 5
17 9 78
17 12 9
17 13 1
17 14 34
17 15 24
17 16 13
18 0 69
18 3 28
18 4 78
18 5 72
18 6 26
18 7 19
18 8 35
18 9 52
18 10 50
18 11 63
18 12 16
18 15 19
18 16 75
19 1 19
19 2 30
19 3 7
19 5 34
19 7 7
19 8 34
19 9 74
19 10 22
19 12 18
19 13 1
19 14 35
19 15 5
19 16 16
19 17 51
19 18 16
