60
1 0 155
2 0 67
2 1 122
3 0 160
3 1 107
3 2 52
5 0 99
5 1 84
5 4 151
6 0 4
6 4 7
6 5 24
7 0 7
7 2 32
7 3 69
7 5 59
7 6 85
8 2 57
8 4 71
8 6 48
8 7 54
9 0 151
9 6 126
10 0 47
10 2 81
10 3 18
11 2 88
11 5 83
11 8 123
11 9 12
12 2 51
12 6 153
12 7 147
12 8 32
12 9 84
12 10 126
13 3 112
13 5 7
13 6 45
13 9 121
13 12 48
14 0 36
14 2 130
14 5 40
14 10 155
14 12 76
15 0 36
15 3 86
15 4 67
15 6 127
15 9 112
15 11 53
16 0 49
16 1 2
16 6 145
16 8 76
16 9 100
16 12 128
17 2 24
17 5 129
17 6 128
17 10 110
17 11 88
17 13 129
17 14 16
17 16 52
18 1 122
18 5 30
18 7 113
18 10 113
18 11 1
18 13 51
18 14 50
18 16 106
19 1 140
19 4 124
19 5 5
19 11 152
19 12 130
19 13 126
19 14 77
19 15 87
19 16 49
19 17 20
19 18 132
20 0 49
20 4 1
20 5 80
20 6 14
20 7 88
20 8 106
20 10 104
20 16 134
20 17 101
20 19 41
21 1 25
21 2 75
21 3 144
21 4 2
21 9 80
21 12 43
21 15 57
21 19 35
22 0 84
22 12 29
22 17 16
22 19 150
23 0 68
23 1 146
23 2 13
23 3 21
23 6 22
23 7 105
23 8 148
23 10 17
23 11 20
23 13 42
23 14 158
23 17 79
23 19 116
23 21 125
24 0 133
24 1 111
24 5 4
24 6 19
24 9 77
24 13 155
24 14 38
24 23 6
25 1 3
25 3 119
25 6 74
25 9 127
25 10 103
25 12 79
25 13 156
25 14 62
25 15 95
25 18 123
25 19 140
25 20 14
25 24 109
26 1 123
26 12 138
26 13 84
26 14 22
26 16 91
26 17 86
26 19 121
26 20 22
26 22 70
26 23 96
26 25 106
27 1 152
27 2 62
27 8 58
27 10 116
27 16 12
27 18 79
27 20 159
27 22 53
27 25 18
28 0 104
28 3 99
28 4 144
28 7 106
28 9 111
28 13 158
28 14 8
28 15 61
28 16 34
28 18 24
28 20 29
28 21 11
28 22 92
28 23 40
29 0 50
29 1 152
29 4 97
29 5 50
29 9 98
29 11 35
29 14 21
29 17 87
29 18 132
29 25 2
30 1 125
30 2 63
30 5 14
30 8 49
30 11 124
30 12 54
30 14 37
30 15 19
30 16 65
30 17 113
30 20 137
30 22 62
30 23 3
30 25 57
30 27 148
31 4 8
31 6 43
31 9 27
31 11 10
31 12 50
31 18 76
31 20 15
31 22 100
31 25 23
31 26 10
31 27 139
31 29 95
32 0 100
32 4 92
32 5 17
32 6 43
32 7 104
32 9 86
32 11 117
32 16 21
32 17 150
32 21 155
32 25 97
32 26 148
32 30 72
32 31 141
33 1 28
33 5 114
33 7 8
33 10 57
33 12 134
33 14 83
33 16 152
33 20 15
33 22 62
33 24 129
33 25 64
33 29 157
33 32 44
34 0 55
34 2 85
34 6 13
34 7 43
34 10 121
34 11 35
34 12 109
34 13 65
34 15 143
34 16 155
34 19 49
34 22 34
34 24 123
34 25 120
34 27 160
34 29 19
34 31 29
34 33 40
35 1 21
35 6 3
35 12 36
35 19 106
35 22 146
35 26 130
35 32 94
35 34 80
36 3 102
36 4 95
36 6 73
36 13 129
36 16 32
36 17 152
36 18 18
36 20 94
36 25 23
36 27 143
36 30 54
36 31 127
36 32 56
36 33 72
37 0 64
37 3 126
37 7 105
37 8 106
37 10 152
37 11 42
37 12 132
37 14 100
37 16 147
37 18 78
37 21 35
37 22 125
37 25 11
37 29 110
37 31 42
37 35 139
38 0 145
38 1 29
38 3 146
38 4 80
38 7 65
38 9 95
38 11 59
38 13 51
38 16 49
38 17 50
38 18 87
38 19 43
38 24 81
38 25 142
38 29 95
38 35 37
38 36 29
38 37 112
39 1 14
39 3 87
39 6 113
39 10 109
39 11 12
39 13 20
39 14 82
39 20 142
39 22 37
39 24 4
39 25 97
39 29 141
39 31 113
39 33 86
39 38 115
40 3 156
40 4 100
40 7 133
40 9 37
40 11 140
40 15 43
40 17 49
40 20 65
40 22 4
40 25 40
40 29 85
40 34 91
40 35 42
41 1 45
41 5 19
41 8 154
41 10 10
41 12 31
41 14 125
41 21 1
41 24 129
41 29 117
41 33 91
41 35 145
41 40 151
42 2 141
42 4 121
42 6 61
42 7 89
42 8 84
42 15 38
42 16 158
42 19 92
42 20 123
42 21 108
42 22 146
42 23 152
42 27 21
42 29 61
42 30 61
42 32 103
42 38 23
42 40 155
42 41 65
43 0 105
43 7 14
43 8 7
43 10 98
43 11 50
43 13 144
43 14 53
43 15 88
43 21 131
43 23 31
43 25 47
43 30 112
43 31 55
43 35 132
43 36 78
43 37 69
44 5 55
44 6 21
44 7 43
44 11 99
44 13 21
44 14 119
44 15 119
44 16 125
44 20 13
44 21 110
44 22 65
44 23 62
44 24 147
44 25 79
44 26 83
44 30 59
44 33 78
44 36 56
44 37 53
44 38 102
44 41 31
45 2 34
45 3 34
45 5 130
45 7 127
45 10 57
45 13 158
45 17 8
45 21 76
45 23 89
45 25 43
45 27 154
45 28 136
45 32 156
45 34 153
45 35 156
45 36 118
45 38 100
45 39 65
45 43 51
46 4 60
46 5 30
46 6 66
46 12 21
46 13 108
46 14 33
46 15 59
46 16 86
46 21 61
46 23 47
46 24 65
46 26 157
46 30 87
46 32 60
46 35 47
46 36 140
46 37 146
46 38 141
46 45 115
47 4 2
47 5 143
47 7 54
47 10 109
47 11 67
47 13 127
47 15 125
47 23 32
47 25 105
47 26 76
47 27 28
47 29 62
47 31 119
47 32 60
47 33 17
47 38 129
47 42 25
47 43 111
48 1 63
48 6 20
48 10 70
48 14 62
48 20 90
48 23 7
48 24 48
48 25 15
48 27 73
48 28 90
48 29 99
48 31 58
48 32 65
48 33 63
48 35 34
48 36 159
48 37 39
48 42 48
48 43 114
48 45 77
48 46 23
49 0 39
49 4 88
49 7 138
49 9 157
49 10 93
49 14 100
49 15 101
49 16 4
49 19 60
49 20 33
49 21 125
49 23 50
49 26 148
49 29 137
49 30 8
49 31 101
49 39 50
49 46 144
50 1 135
50 6 53
50 7 62
50 8 130
50 9 35
50 14 87
50 15 51
50 18 103
50 19 15
50 20 99
50 23 151
50 25 48
50 26 63
50 27 97
50 28 78
50 29 93
50 30 109
50 31 113
50 33 15
50 37 128
50 39 91
50 40 79
50 44 56
50 45 12
50 48 58
51 3 85
51 4 110
51 5 14
51 6 106
51 8 147
51 11 76
51 12 93
51 14 135
51 15 59
51 20 133
51 22 57
51 24 80
51 29 148
51 31 86
51 33 155
51 38 49
51 39 121
51 42 79
51 43 125
51 45 5
51 46 83
51 47 15
51 48 123
52 0 83
52 3 112
52 4 142
52 8 10
52 10 117
52 11 128
52 12 57
52 13 55
52 14 1
52 15 109
52 17 44
52 19 107
52 20 155
52 21 140
52 22 51
52 23 122
52 28 87
52 31 89
52 34 135
52 36 124
52 37 63
52 39 25
52 41 82
52 43 89
52 44 60
52 45 97
52 46 100
52 47 125
52 48 62
52 51 104
53 0 72
53 1 62
53 6 79
53 9 68
53 11 86
53 13 8
53 17 81
53 19 125
53 21 36
53 23 63
53 24 31
53 26 132
53 28 58
53 29 90
53 30 47
53 31 36
53 33 120
53 34 139
53 36 114
53 38 17
53 43 52
53 44 142
53 45 160
53 46 95
53 48 138
53 49 123
53 51 73
53 52 135
54 3 158
54 8 38
54 9 6
54 10 140
54 12 2
54 15 74
54 22 75
54 23 66
54 28 156
54 33 131
54 34 62
54 35 155
54 36 138
54 37 29
54 40 77
54 48 148
54 49 94
54 51 69
54 52 100
54 53 47
55 3 152
55 5 72
55 6 10
55 11 97
55 12 36
55 14 104
55 15 56
55 16 72
55 17 32
55 21 26
55 22 91
55 25 59
55 27 124
55 32 114
55 33 155
55 34 28
55 39 147
55 42 53
55 48 11
55 54 69
56 2 25
56 5 108
56 10 38
56 12 152
56 14 153
56 16 110
56 20 114
56 21 129
56 22 40
56 28 95
56 29 26
56 31 159
56 33 109
56 36 64
56 38 67
56 41 62
56 42 109
56 47 125
56 50 93
56 51 150
57 1 93
57 3 134
57 10 105
57 13 64
57 14 12
57 18 80
57 19 83
57 20 61
57 21 7
57 23 139
57 24 55
57 26 108
57 27 119
57 31 19
57 41 92
57 43 144
57 46 31
57 47 15
57 50 109
57 52 26
57 53 160
57 54 72
57 56 59
58 3 118
58 4 42
58 5 30
58 6 130
58 8 147
58 13 57
58 14 96
58 16 130
58 27 120
58 28 27
58 35 133
58 36 68
58 37 91
58 38 154
58 40 132
58 41 132
58 43 5
58 44 53
58 46 111
58 47 109
58 50 105
58 56 86
58 57 117
59 1 16
59 2 129
59 5 73
59 6 16
59 16 22
59 17 69
59 20 13
59 21 72
59 23 24
59 25 109
59 26 15
59 28 82
59 30 53
59 32 87
59 33 87
59 34 113
59 38 70
59 40 109
59 41 2
59 43 154
59 45 80
59 47 102
59 48 44
59 57 15
59 58 86
