60
1 0 18
2 0 1
2 1 13
3 0 13
3 1 10
3 2 18
4 0 2
4 1 17
4 2 18
4 3 2
5 0 18
5 1 13
5 2 20
5 3 18
5 4 7
6 0 9
6 1 20
6 2 1
6 3 2
6 4 1
6 5 10
7 0 8
7 1 13
7 2 5
7 3 18
7 4 17
7 5 10
7 6 13
8 0 20
8 1 18
8 2 20
8 3 1
8 4 4
8 5 16
8 6 2
8 7 5
9 0 18
9 1 1
9 2 19
9 3 17
9 4 8
9 5 14
9 6 17
9 7 12
9 8 9
10 0 3
10 1 11
10 2 4
10 3 19
10 4 7
10 5 20
10 6 17
10 7 20
10 8 7
10 9 1
11 0 17
11 1 12
11 2 13
11 3 12
11 4 9
11 5 2
11 6 4
11 7 12
11 8 7
11 9 11
11 10 2
12 0 7
12 1 14
12 2 10
12 3 13
12 4 4
12 5 7
12 6 3
12 7 18
12 8 18
12 9 1
12 10 1
12 11 18
13 0 13
13 1 5
13 2 13
13 3 2
13 4 3
13 5 15
13 6 11
13 7 15
13 8 19
13 9 17
13 10 16
13 11 14
13 12 16
14 0 4
14 1 7
14 2 17
14 3 15
14 4 11
14 5 18
14 6 1
14 7 13
14 8 16
14 9 5
14 10 9
14 11 18
14 12 20
14 13 19
15 0 8
15 1 10
15 2 12
15 3 9
15 4 6
15 5 8
15 6 16
15 7 18
15 8 6
15 9 15
15 10 3
15 11 9
15 12 11
15 13 7
15 14 16
16 0 19
16 1 9
16 2 3
16 3 8
16 4 2
16 5 20
16 6 2
16 7 11
16 8 3
16 9 10
16 10 17
16 11 14
16 12 14
16 13 16
16 14 18
16 15 20
17 0 4
17 1 2
17 2 14
17 3 16
17 4 5
17 5 16
17 6 2
17 7 18
17 8 18
17 9 13
17 10 15
17 11 3
17 12 6
17 13 14
17 14 3
17 15 6
17 16 13
18 0 1
18 1 3
18 2 17
18 3 17
18 4 16
18 5 12
18 6 3
18 7 3
18 8 12
18 9 6
18 10 9
18 11 20
18 12 15
18 13 1
18 14 13
18 15 16
18 16 10
18 17 20
19 0 16
19 1 16
19 2 12
19 3 10
19 4 15
19 5 3
19 6 13
19 7 10
19 8 17
19 9 12
19 10 15
19 11 3
19 12 20
19 13 9
19 14 4
19 15 18
19 16 3
19 17 9
19 18 16
20 0 12
20 1 11
20 2 4
20 3 5
20 4 16
20 5 10
20 6 16
20 7 13
20 8 2
20 9 15
20 10 4
20 11 3
20 12 10
20 13 12
20 14 3
20 15 17
20 16 11
20 17 3
20 18 7
20 19 6
21 0 15
21 1 1
21 2 14
21 3 3
21 4 15
21 5 7
21 6 17
21 7 4
21 8 15
21 9 17
21 10 20
21 11 3
21 12 13
21 13 13
21 14 11
21 15 7
21 16 11
21 17 19
21 18 20
21 19 8
21 20 6
22 0 19
22 1 5
22 2 2
22 3 8
22 4 12
22 5 19
22 6 5
22 7 7
22 8 16
22 9 5
22 10 7
22 11 11
22 12 6
22 13 19
22 14 14
22 15 6
22 16 16
22 17 4
22 18 12
22 19 9
22 20 3
22 21 8
23 0 9
23 1 10
23 2 14
23 3 16
23 4 7
23 5 1
23 6 18
23 7 20
23 8 20
23 9 14
23 10 5
23 11 19
23 12 2
23 13 6
23 14 16
23 15 9
23 16 9
23 17 5
23 18 17
23 19 13
23 20 15
23 21 4
23 22 10
24 0 6
24 1 19
24 2 9
24 3 9
24 4 10
24 5 7
24 6 17
24 7 1
24 8 16
24 9 14
24 10 19
24 11 8
24 12 2
24 13 11
24 14 16
24 15 3
24 16 3
24 17 18
24 18 17
24 19 4
24 20 11
24 21 6
24 22 18
24 23 7
25 0 3
25 1 6
25 2 10
25 3 6
25 4 3
25 5 20
25 6 3
25 7 5
25 8 9
25 9 11
25 10 11
25 11 1
25 12 9
25 13 9
25 14 19
25 15 18
25 16 2
25 17 19
25 18 14
25 19 8
25 20 18
25 21 11
25 22 12
25 23 6
25 24 1
26 0 7
26 1 14
26 2 11
26 3 8
26 4 7
26 5 20
26 6 19
26 7 20
26 8 9
26 9 5
26 10 4
26 11 7
26 12 15
26 13 17
26 14 7
26 15 13
26 16 16
26 17 5
26 18 18
26 19 4
26 20 5
26 21 15
26 22 17
26 23 18
26 24 16
26 25 7
27 0 19
27 1 19
27 2 15
27 3 20
27 4 7
27 5 7
27 6 20
27 7 11
27 8 12
27 9 17
27 10 2
27 11 4
27 12 3
27 13 4
27 14 11
27 15 10
27 16 7
27 17 9
27 18 18
27 19 11
27 20 1
27 21 9
27 22 17
27 23 8
27 24 16
27 25 11
27 26 17
28 0 3
28 1 2
28 2 11
28 3 8
28 4 7
28 5 19
28 6 3
28 7 11
28 8 13
28 9 19
28 10 9
28 11 20
28 12 19
28 13 9
28 14 1
28 15 16
28 16 3
28 17 20
28 18 1
28 19 17
28 20 1
28 21 9
28 22 5
28 23 4
28 24 12
28 25 11
28 26 20
28 27 6
29 0 5
29 1 16
29 2 7
29 3 10
29 4 17
29 5 8
29 6 2
29 7 7
29 8 15
29 9 11
29 10 10
29 11 18
29 12 16
29 13 20
29 14 14
29 15 13
29 16 13
29 17 11
29 18 3
29 19 11
29 20 3
29 21 2
29 22 16
29 23 11
29 24 4
29 25 14
29 26 3
29 27 15
29 28 17
30 0 10
30 1 11
30 2 11
30 3 1
30 4 9
30 5 20
30 6 1
30 7 5
30 8 10
30 9 19
30 10 16
30 11 2
30 12 11
30 13 20
30 14 15
30 15 11
30 16 16
30 17 2
30 18 14
30 19 9
30 20 2
30 21 15
30 22 17
30 23 5
30 24 7
30 25 16
30 26 1
30 27 18
30 28 2
30 29 19
31 0 2
31 1 18
31 2 3
31 3 11
31 4 2
31 5 20
31 6 4
31 7 18
31 8 7
31 9 10
31 10 9
31 11 19
31 12 17
31 13 13
31 14 15
31 15 10
31 16 7
31 17 11
31 18 16
31 19 6
31 20 17
31 21 20
31 22 9
31 23 7
31 24 14
31 25 1
31 26 2
31 27 4
31 28 13
31 29 10
31 30 18
32 0 17
32 1 20
32 2 20
32 3 19
32 4 12
32 5 1
32 6 7
32 7 15
32 8 11
32 9 13
32 10 3
32 11 2
32 12 4
32 13 4
32 14 17
32 15 8
32 16 14
32 17 12
32 18 18
32 19 12
32 20 11
32 21 20
32 22 20
32 23 9
32 24 15
32 25 7
32 26 11
32 27 14
32 28 18
32 29 13
32 30 13
32 31 18
33 0 4
33 1 11
33 2 14
33 3 19
33 4 5
33 5 11
33 6 2
33 7 15
33 8 9
33 9 18
33 10 5
33 11 7
33 12 4
33 13 6
33 14 12
33 15 12
33 16 19
33 17 13
33 18 5
33 19 15
33 20 9
33 21 17
33 22 17
33 23 17
33 24 6
33 25 9
33 26 6
33 27 18
33 28 9
33 29 20
33 30 6
33 31 1
33 32 12
34 0 14
34 1 1
34 2 4
34 3 19
34 4 2
34 5 1
34 6 15
34 7 20
34 8 7
34 9 4
34 10 17
34 11 8
34 12 16
34 13 18
34 14 13
34 15 5
34 16 4
34 17 9
34 18 17
34 19 19
34 20 1
34 21 12
34 22 16
34 23 13
34 24 12
34 25 20
34 26 4
34 27 20
34 28 11
34 29 12
34 30 14
34 31 13
34 32 14
34 33 6
35 0 1
35 1 19
35 2 1
35 3 10
35 4 1
35 5 6
35 6 16
35 7 12
35 8 2
35 9 6
35 10 3
35 11 20
35 12 10
35 13 3
35 14 17
35 15 12
35 16 3
35 17 8
35 18 20
35 19 19
35 20 5
35 21 14
35 22 15
35 23 15
35 24 5
35 25 5
35 26 11
35 27 15
35 28 20
35 29 1
35 30 8
35 31 17
35 32 12
35 33 4
35 34 19
36 0 10
36 1 16
36 2 6
36 3 2
36 4 5
36 5 1
36 6 7
36 7 14
36 8 19
36 9 6
36 10 9
36 11 13
36 12 1
36 13 16
36 14 1
36 15 15
36 16 1
36 17 4
36 18 10
36 19 10
36 20 11
36 21 7
36 22 3
36 23 20
36 24 19
36 25 11
36 26 3
36 27 16
36 28 7
36 29 6
36 30 6
36 31 19
36 32 7
36 33 10
36 34 7
36 35 10
37 0 1
37 1 7
37 2 19
37 3 9
37 4 20
37 5 9
37 6 11
37 7 6
37 8 20
37 9 8
37 10 10
37 11 17
37 12 10
37 13 5
37 14 3
37 15 11
37 16 11
37 17 14
37 18 1
37 19 1
37 20 3
37 21 8
37 22 6
37 23 6
37 24 5
37 25 20
37 26 6
37 27 4
37 28 18
37 29 10
37 30 10
37 31 2
37 32 17
37 33 19
37 34 1
37 35 4
37 36 20
38 0 7
38 1 17
38 2 15
38 3 15
38 4 8
38 5 3
38 6 10
38 7 4
38 8 2
38 9 14
38 10 4
38 11 15
38 12 20
38 13 9
38 14 10
38 15 4
38 16 15
38 17 8
38 18 6
38 19 1
38 20 14
38 21 14
38 22 7
38 23 2
38 24 6
38 25 3
38 26 4
38 27 6
38 28 6
38 29 9
38 30 18
38 31 15
38 32 14
38 33 20
38 34 12
38 35 9
38 36 6
38 37 6
39 0 1
39 1 6
39 2 13
39 3 3
39 4 14
39 5 2
39 6 14
39 7 20
39 8 20
39 9 14
39 10 7
39 11 20
39 12 5
39 13 19
39 14 14
39 15 9
39 16 16
39 17 2
39 18 19
39 19 20
39 20 16
39 21 20
39 22 19
39 23 7
39 24 8
39 25 10
39 26 16
39 27 14
39 28 7
39 29 18
39 30 8
39 31 2
39 32 10
39 33 20
39 34 14
39 35 3
39 36 12
39 37 2
39 38 9
40 0 6
40 1 15
40 2 15
40 3 16
40 4 3
40 5 12
40 6 20
40 7 4
40 8 11
40 9 7
40 10 6
40 11 10
40 12 18
40 13 17
40 14 20
40 15 17
40 16 10
40 17 11
40 18 3
40 19 2
40 20 11
40 21 17
40 22 13
40 23 17
40 24 6
40 25 12
40 26 11
40 27 3
40 28 2
40 29 3
40 30 2
40 31 11
40 32 19
40 33 13
40 34 19
40 35 18
40 36 7
40 37 13
40 38 14
40 39 12
41 0 6
41 1 6
41 2 16
41 3 9
41 4 1
41 5 16
41 6 5
41 7 15
41 8 20
41 9 14
41 10 2
41 11 10
41 12 2
41 13 18
41 14 17
41 15 7
41 16 7
41 17 11
41 18 4
41 19 12
41 20 20
41 21 16
41 22 17
41 23 6
41 24 6
41 25 17
41 26 8
41 27 6
41 28 6
41 29 6
41 30 4
41 31 17
41 32 20
41 33 20
41 34 17
41 35 19
41 36 10
41 37 20
41 38 18
41 39 11
41 40 4
42 0 1
42 1 1
42 2 18
42 3 12
42 4 8
42 5 1
42 6 6
42 7 3
42 8 8
42 9 19
42 10 12
42 11 6
42 12 12
42 13 12
42 14 9
42 15 10
42 16 2
42 17 9
42 18 13
42 19 1
42 20 8
42 21 20
42 22 20
42 23 17
42 24 9
42 25 6
42 26 11
42 27 6
42 28 1
42 29 15
42 30 19
42 31 15
42 32 6
42 33 1
42 34 7
42 35 19
42 36 19
42 37 5
42 38 9
42 39 20
42 40 3
42 41 13
43 0 2
43 1 17
43 2 11
43 3 20
43 4 12
43 5 5
43 6 4
43 7 14
43 8 2
43 9 13
43 10 2
43 11 1
43 12 11
43 13 19
43 14 5
43 15 17
43 16 6
43 17 7
43 18 2
43 19 15
43 20 11
43 21 6
43 22 14
43 23 4
43 24 14
43 25 14
43 26 20
43 27 14
43 28 3
43 29 12
43 30 13
43 31 15
43 32 17
43 33 18
43 34 20
43 35 18
43 36 11
43 37 17
43 38 5
43 39 17
43 40 17
43 41 5
43 42 5
44 0 9
44 1 16
44 2 5
44 3 10
44 4 15
44 5 5
44 6 8
44 7 10
44 8 4
44 9 8
44 10 9
44 11 13
44 12 15
44 13 20
44 14 16
44 15 13
44 16 18
44 17 16
44 18 14
44 19 9
44 20 5
44 21 18
44 22 16
44 23 1
44 24 8
44 25 14
44 26 1
44 27 7
44 28 14
44 29 6
44 30 20
44 31 15
44 32 10
44 33 7
44 34 6
44 35 18
44 36 14
44 37 19
44 38 14
44 39 2
44 40 8
44 41 11
44 42 16
44 43 2
45 0 20
45 1 15
45 2 15
45 3 15
45 4 7
45 5 4
45 6 8
45 7 14
45 8 12
45 9 18
45 10 1
45 11 1
45 12 13
45 13 14
45 14 20
45 15 15
45 16 20
45 17 12
45 18 15
45 19 5
45 20 9
45 21 7
45 22 4
45 23 4
45 24 19
45 25 16
45 26 4
45 27 11
45 28 16
45 29 2
45 30 13
45 31 1
45 32 2
45 33 6
45 34 3
45 35 5
45 36 15
45 37 2
45 38 13
45 39 5
45 40 15
45 41 10
45 42 3
45 43 18
45 44 15
46 0 9
46 1 20
46 2 6
46 3 4
46 4 2
46 5 5
46 6 3
46 7 15
46 8 3
46 9 12
46 10 14
46 11 20
46 12 7
46 13 5
46 14 17
46 15 14
46 16 20
46 17 4
46 18 13
46 19 20
46 20 10
46 21 18
46 22 20
46 23 9
46 24 9
46 25 9
46 26 2
46 27 15
46 28 16
46 29 13
46 30 11
46 31 15
46 32 17
46 33 13
46 34 20
46 35 14
46 36 12
46 37 16
46 38 6
46 39 9
46 40 10
46 41 12
46 42 11
46 43 11
46 44 16
46 45 13
47 0 14
47 1 7
47 2 3
47 3 2
47 4 19
47 5 6
47 6 16
47 7 2
47 8 14
47 9 18
47 10 18
47 11 12
47 12 19
47 13 19
47 14 16
47 15 16
47 16 5
47 17 9
47 18 19
47 19 10
47 20 5
47 21 10
47 22 18
47 23 6
47 24 5
47 25 11
47 26 1
47 27 9
47 28 6
47 29 10
47 30 10
47 31 9
47 32 18
47 33 13
47 34 19
47 35 12
47 36 1
47 37 7
47 38 20
47 39 13
47 40 12
47 41 2
47 42 3
47 43 15
47 44 9
47 45 15
47 46 13
48 0 13
48 1 4
48 2 9
48 3 13
48 4 3
48 5 5
48 6 2
48 7 3
48 8 3
48 9 15
48 10 13
48 11 13
48 12 14
48 13 1
48 14 16
48 15 3
48 16 18
48 17 15
48 18 4
48 19 15
48 20 7
48 21 16
48 22 19
48 23 4
48 24 11
48 25 15
48 26 15
48 27 9
48 28 20
48 29 14
48 30 13
48 31 5
48 32 17
48 33 14
48 34 17
48 35 15
48 36 3
48 37 12
48 38 11
48 39 7
48 40 1
48 41 2
48 42 1
48 43 19
48 44 1
48 45 5
48 46 7
48 47 7
49 0 8
49 1 9
49 2 3
49 3 1
49 4 7
49 5 15
49 6 6
49 7 13
49 8 12
49 9 12
49 10 1
49 11 17
49 12 6
49 13 12
49 14 18
49 15 12
49 16 15
49 17 14
49 18 5
49 19 15
49 20 14
49 21 10
49 22 5
49 23 9
49 24 2
49 25 11
49 26 7
49 27 13
49 28 3
49 29 13
49 30 17
49 31 20
49 32 6
49 33 12
49 34 4
49 35 4
49 36 19
49 37 1
49 38 20
49 39 19
49 40 6
49 41 4
49 42 15
49 43 16
49 44 17
49 45 6
49 46 13
49 47 20
49 48 19
50 0 6
50 1 17
50 2 16
50 3 15
50 4 5
50 5 19
50 6 5
50 7 9
50 8 17
50 9 16
50 10 19
50 11 12
50 12 1
50 13 16
50 14 14
50 15 16
50 16 10
50 17 6
50 18 12
50 19 9
50 20 11
50 21 16
50 22 9
50 23 15
50 24 11
50 25 16
50 26 8
50 27 5
50 28 12
50 29 15
50 30 17
50 31 13
50 32 16
50 33 1
50 34 12
50 35 20
50 36 12
50 37 9
50 38 5
50 39 9
50 40 8
50 41 14
50 42 18
50 43 17
50 44 12
50 45 8
50 46 20
50 47 3
50 48 11
50 49 16
51 0 2
51 1 8
51 2 6
51 3 14
51 4 12
51 5 15
51 6 9
51 7 11
51 8 16
51 9 12
51 10 4
51 11 14
51 12 13
51 13 2
51 14 11
51 15 9
51 16 7
51 17 9
51 18 4
51 19 16
51 20 12
51 21 9
51 22 17
51 23 16
51 24 20
51 25 2
51 26 3
51 27 9
51 28 1
51 29 1
51 30 15
51 31 4
51 32 10
51 33 5
51 34 19
51 35 15
51 36 12
51 37 7
51 38 5
51 39 9
51 40 15
51 41 18
51 42 10
51 43 10
51 44 15
51 45 18
51 46 2
51 47 18
51 48 11
51 49 12
51 50 1
52 0 1
52 1 20
52 2 12
52 3 8
52 4 16
52 5 6
52 6 2
52 7 13
52 8 2
52 9 17
52 10 1
52 11 20
52 12 20
52 13 19
52 14 5
52 15 2
52 16 17
52 17 11
52 18 3
52 19 18
52 20 1
52 21 18
52 22 8
52 23 10
52 24 11
52 25 9
52 26 13
52 27 12
52 28 5
52 29 2
52 30 7
52 31 16
52 32 20
52 33 12
52 34 19
52 35 7
52 36 10
52 37 2
52 38 6
52 39 15
52 40 1
52 41 16
52 42 3
52 43 12
52 44 18
52 45 7
52 46 10
52 47 16
52 48 17
52 49 20
52 50 18
52 51 17
53 0 16
53 1 5
53 2 8
53 3 13
53 4 15
53 5 13
53 6 20
53 7 5
53 8 6
53 9 18
53 10 15
53 11 5
53 12 10
53 13 18
53 14 6
53 15 8
53 16 13
53 17 4
53 18 9
53 19 19
53 20 4
53 21 17
53 22 15
53 23 11
53 24 7
53 25 12
53 26 17
53 27 20
53 28 7
53 29 4
53 30 11
53 31 16
53 32 4
53 33 9
53 34 1
53 35 20
53 36 20
53 37 2
53 38 8
53 39 16
53 40 14
53 41 3
53 42 20
53 43 14
53 44 19
53 45 12
53 46 1
53 47 19
53 48 15
53 49 6
53 50 17
53 51 3
53 52 13
54 0 4
54 1 14
54 2 3
54 3 14
54 4 5
54 5 12
54 6 14
54 7 13
54 8 15
54 9 4
54 10 18
54 11 8
54 12 8
54 13 5
54 14 11
54 15 12
54 16 19
54 17 4
54 18 16
54 19 19
54 20 15
54 21 7
54 22 7
54 23 9
54 24 16
54 25 1
54 26 14
54 27 3
54 28 11
54 29 18
54 30 20
54 31 14
54 32 9
54 33 2
54 34 3
54 35 19
54 36 16
54 37 13
54 38 13
54 39 14
54 40 17
54 41 15
54 42 4
54 43 6
54 44 10
54 45 15
54 46 1
54 47 15
54 48 1
54 49 10
54 50 3
54 51 2
54 52 17
54 53 1
55 0 17
55 1 12
55 2 5
55 3 13
55 4 1
55 5 16
55 6 13
55 7 6
55 8 8
55 9 10
55 10 4
55 11 2
55 12 6
55 13 15
55 14 2
55 15 5
55 16 12
55 17 15
55 18 12
55 19 5
55 20 4
55 21 8
55 22 2
55 23 18
55 24 17
55 25 14
55 26 5
55 27 17
55 28 8
55 29 17
55 30 1
55 31 2
55 32 7
55 33 11
55 34 4
55 35 13
55 36 8
55 37 5
55 38 13
55 39 14
55 40 16
55 41 7
55 42 8
55 43 1
55 44 17
55 45 8
55 46 14
55 47 19
55 48 15
55 49 12
55 50 15
55 51 6
55 52 1
55 53 13
55 54 17
56 0 9
56 1 15
56 2 10
56 3 2
56 4 10
56 5 3
56 6 9
56 7 1
56 8 7
56 9 8
56 10 13
56 11 6
56 12 18
56 13 9
56 14 8
56 15 3
56 16 17
56 17 12
56 18 3
56 19 14
56 20 5
56 21 13
56 22 9
56 23 6
56 24 13
56 25 2
56 26 7
56 27 13
56 28 8
56 29 1
56 30 11
56 31 6
56 32 17
56 33 5
56 34 2
56 35 1
56 36 1
56 37 11
56 38 9
56 39 16
56 40 6
56 41 19
56 42 13
56 43 8
56 44 11
56 45 20
56 46 13
56 47 11
56 48 8
56 49 13
56 50 14
56 51 17
56 52 16
56 53 19
56 54 18
56 55 6
57 0 2
57 1 19
57 2 4
57 3 1
57 4 10
57 5 1
57 6 17
57 7 2
57 8 12
57 9 18
57 10 1
57 11 17
57 12 9
57 13 13
57 14 14
57 15 20
57 16 19
57 17 18
57 18 7
57 19 14
57 20 15
57 21 17
57 22 13
57 23 16
57 24 15
57 25 13
57 26 6
57 27 6
57 28 14
57 29 10
57 30 1
57 31 19
57 32 8
57 33 5
57 34 13
57 35 7
57 36 4
57 37 19
57 38 10
57 39 8
57 40 15
57 41 16
57 42 9
57 43 20
57 44 17
57 45 15
57 46 6
57 47 12
57 48 19
57 49 12
57 50 14
57 51 7
57 52 14
57 53 14
57 54 3
57 55 11
57 56 20
58 0 8
58 1 18
58 2 5
58 3 12
58 4 2
58 5 6
58 6 19
58 7 8
58 8 1
58 9 1
58 10 19
58 11 10
58 12 18
58 13 12
58 14 10
58 15 5
58 16 18
58 17 20
58 18 5
58 19 12
58 20 1
58 21 9
58 22 4
58 23 4
58 24 2
58 25 11
58 26 12
58 27 7
58 28 2
58 29 1
58 30 13
58 31 18
58 32 9
58 33 19
58 34 10
58 35 16
58 36 18
58 37 1
58 38 15
58 39 15
58 40 16
58 41 16
58 42 16
58 43 12
58 44 17
58 45 7
58 46 19
58 47 7
58 48 11
58 49 16
58 50 16
58 51 3
58 52 12
58 53 8
58 54 5
58 55 19
58 56 14
58 57 15
59 0 12
59 1 11
59 2 5
59 3 6
59 4 12
59 5 15
59 6 4
59 7 1
59 8 7
59 9 19
59 10 19
59 11 15
59 12 20
59 13 19
59 14 16
59 15 20
59 16 11
59 17 2
59 18 20
59 19 17
59 20 3
59 21 1
59 22 16
59 23 3
59 24 19
59 25 16
59 26 3
59 27 4
59 28 13
59 29 12
59 30 3
59 31 15
59 32 8
59 33 15
59 34 4
59 35 14
59 36 16
59 37 3
59 38 14
59 39 6
59 40 11
59 41 7
59 42 11
59 43 16
59 44 20
59 45 3
59 46 16
59 47 12
59 48 7
59 49 13
59 50 20
59 51 1
59 52 15
59 53 8
59 54 17
59 55 14
59 56 5
59 57 16
59 58 9
