30
3 0 3
3 1 17
3 2 6
4 0 14
4 1 20
4 2 19
4 3 12
5 0 16
5 1 14
5 3 4
5 4 5
6 0 20
6 1 5
6 2 10
6 3 9
6 4 18
6 5 20
7 0 12
7 1 20
7 2 20
7 3 15
7 4 19
7 6 14
8 1 17
8 2 9
8 3 18
8 4 5
8 5 15
8 6 12
8 7 7
9 0 6
9 1 20
9 2 1
9 3 11
9 4 3
9 5 11
9 6 19
9 7 16
9 8 13
10 1 10
10 2 19
10 3 9
10 4 1
10 5 6
10 6 6
10 8 17
10 9 7
11 0 7
11 1 12
11 2 3
11 3 20
11 6 14
11 7 14
11 8 2
11 9 7
12 0 19
12 1 3
12 2 20
12 3 19
12 4 9
12 5 6
12 6 6
12 7 13
12 8 15
12 9 5
12 10 11
12 11 1
13 0 16
13 4 14
13 5 18
13 6 20
13 7 4
13 8 17
13 9 14
13 10 13
13 11 1
13 12 19
14 0 3
14 1 1
14 2 2
14 3 5
14 4 16
14 5 17
14 7 15
14 8 7
14 9 12
14 10 5
14 11 9
14 12 2
14 13 8
15 0 13
15 1 4
15 2 3
15 3 4
15 4 12
15 5 7
15 6 2
15 8 9
15 9 12
15 10 8
15 11 14
15 12 5
15 13 17
15 14 19
16 0 17
16 1 16
16 2 12
16 3 18
16 4 7
16 5 15
16 6 4
16 7 19
16 8 18
16 9 13
16 10 15
16 12 15
16 13 7
16 14 1
16 15 9
17 0 10
17 1 18
17 2 18
17 3 11
17 4 4
17 5 19
17 6 19
17 7 18
17 8 15
17 9 11
17 10 14
17 11 12
17 12 17
17 13 14
17 14 15
17 15 10
17 16 16
18 0 18
18 1 12
18 2 17
18 3 19
18 5 8
18 6 6
18 7 6
18 8 19
18 9 3
18 10 20
18 11 12
18 12 5
18 14 7
18 15 7
18 16 2
18 17 15
19 0 16
19 3 5
19 4 4
19 5 20
19 6 7
19 7 11
19 8 8
19 9 6
19 10 11
19 11 16
19 12 17
19 13 11
19 14 16
19 16 14
19 17 11
20 0 7
20 1 8
20 2 14
20 3 20
20 4 3
20 5 11
20 6 4
20 7 11
20 8 7
20 9 20
20 10 9
20 11 14
20 12 12
20 13 12
20 14 19
20 15 14
20 16 17
20 17 4
20 18 11
20 19 3
21 0 12
21 1 5
21 2 13
21 3 17
21 4 17
21 5 5
21 6 2
21 7 15
21 8 20
21 9 5
21 10 4
21 11 9
21 12 20
21 13 1
21 14 11
21 15 17
21 16 7
21 17 19
21 18 10
21 19 15
21 20 15
22 0 13
22 2 9
22 3 8
22 4 16
22 5 18
22 6 14
22 7 6
22 8 6
22 9 17
22 10 8
22 11 20
22 12 18
22 13 9
22 14 10
22 15 19
22 16 7
22 17 19
22 18 12
22 19 1
22 20 9
22 21 16
23 0 20
23 1 1
23 2 5
23 3 16
23 4 9
23 5 2
23 6 19
23 7 13
23 8 16
23 9 9
23 10 14
23 11 11
23 12 8
23 14 18
23 15 10
23 16 10
23 17 4
23 18 11
23 19 20
23 20 16
23 21 6
23 22 7
24 0 4
24 1 16
24 2 12
24 4 18
24 5 12
24 6 1
24 7 13
24 8 20
24 9 16
24 10 5
24 11 8
24 12 7
24 13 16
24 14 9
24 16 20
24 18 8
24 19 7
24 20 19
24 21 6
24 22 11
24 23 18
25 0 6
25 1 10
25 3 18
25 4 17
25 5 12
25 6 14
25 7 12
25 8 2
25 9 14
25 10 10
25 11 1
25 12 8
25 13 3
25 14 2
25 15 13
25 16 4
25 17 7
25 18 14
25 19 15
25 20 13
25 21 9
25 23 12
26 0 18
26 1 8
26 2 15
26 3 11
26 4 10
26 5 18
26 6 20
26 7 17
26 8 11
26 9 8
26 10 11
26 11 14
26 12 8
26 14 4
26 15 8
26 16 1
26 17 4
26 18 6
26 19 2
26 20 20
26 21 14
26 22 9
26 23 14
26 24 17
26 25 7
27 0 2
27 1 19
27 3 10
27 5 3
27 6 12
27 7 12
27 8 11
27 9 11
27 10 9
27 13 3
27 15 2
27 16 8
27 18 18
27 20 19
27 21 7
27 22 1
27 23 19
27 24 20
27 25 20
27 26 14
28 0 12
28 1 19
28 2 1
28 3 10
28 4 20
28 5 10
28 6 14
28 7 13
28 9 16
28 10 2
28 11 6
28 12 3
28 13 4
28 14 6
28 15 5
28 16 2
28 17 16
28 18 18
28 19 3
28 20 3
28 21 16
28 22 8
28 24 20
28 25 5
28 26 6
28 27 1
29 0 19
29 1 19
29 3 11
29 4 9
29 5 2
29 6 19
29 7 19
29 8 3
29 9 13
29 10 11
29 11 2
29 12 15
29 13 17
29 14 1
29 15 15
29 16 3
29 18 12
29 19 5
29 20 19
29 22 9
29 23 12
29 24 13
29 26 14
29 27 1
29 28 6
