70
5 0 39
5 4 5
6 4 72
7 0 27
8 0 45
8 2 13
8 5 75
8 7 18
9 0 13
9 3 39
9 5 25
9 7 41
10 2 29
10 5 15
10 9 35
11 0 34
11 4 13
11 5 1
12 8 57
12 9 78
12 10 4
13 1 69
13 12 43
14 0 30
14 12 7
15 2 75
15 4 49
15 8 42
15 13 51
16 3 46
16 5 27
17 1 46
17 9 31
18 6 42
18 15 1
18 16 74
19 0 58
19 2 59
19 3 65
19 5 26
19 12 64
20 1 22
20 3 76
20 6 68
20 13 70
20 17 65
20 19 16
21 8 14
22 2 52
22 9 61
23 0 45
23 3 37
23 4 33
23 17 1
24 11 5
24 20 6
24 23 78
25 0 43
25 3 32
25 5 30
25 6 69
25 7 31
25 9 5
25 17 47
25 18 67
25 20 9
25 21 14
26 6 17
26 7 79
26 10 43
26 11 61
26 13 36
26 21 64
27 0 6
27 1 57
27 8 7
27 15 1
27 18 25
27 26 4
28 0 24
28 2 74
28 7 50
28 8 39
28 26 73
29 10 47
29 11 26
29 14 5
29 15 18
29 28 28
30 2 7
30 5 69
30 13 73
30 14 9
30 27 75
31 1 61
31 2 15
31 4 6
31 14 31
31 18 18
31 20 25
32 2 59
32 4 23
32 10 19
32 11 33
32 12 52
32 13 77
32 15 12
32 25 11
33 24 70
34 1 61
34 4 80
34 11 68
34 21 35
34 24 52
34 28 50
35 3 19
35 5 76
35 8 55
35 10 45
35 15 69
35 17 42
35 18 1
35 19 5
35 22 18
35 24 11
35 28 59
36 23 42
36 25 56
36 29 3
36 30 32
36 31 37
36 32 47
37 0 30
37 4 66
37 11 15
37 17 48
37 19 12
37 24 32
37 27 70
37 28 11
37 35 25
38 2 61
38 3 52
38 10 26
38 11 28
38 16 11
38 17 25
38 23 54
38 28 19
38 32 13
38 36 29
39 0 52
39 4 31
39 10 74
39 24 78
39 27 24
39 36 20
39 38 16
40 19 76
40 25 53
40 34 44
40 37 76
41 3 51
41 10 8
41 11 35
41 13 40
41 14 64
41 21 34
41 22 19
41 23 73
41 25 10
41 31 70
41 34 55
42 2 61
42 11 9
42 13 33
42 16 8
42 22 64
42 29 61
42 31 67
43 0 45
43 15 39
43 17 33
43 19 48
43 24 8
43 29 39
44 0 18
44 4 1
44 6 65
44 8 49
44 10 39
44 21 67
44 25 6
44 31 76
44 34 78
44 35 23
45 9 50
45 11 40
45 22 32
45 35 47
45 38 10
45 40 23
46 1 56
46 7 33
46 16 34
46 17 71
46 19 31
46 23 30
46 33 76
46 36 18
46 43 9
46 45 23
47 2 43
47 3 3
47 12 35
47 18 5
47 36 59
47 40 30
47 42 37
47 45 55
47 46 54
48 3 38
48 8 27
48 22 58
48 37 55
48 42 20
48 47 52
49 4 25
49 5 23
49 6 10
49 8 7
49 10 21
49 15 80
49 20 44
49 22 14
49 23 40
49 26 20
49 31 48
49 37 11
49 40 73
49 45 39
49 48 68
50 4 61
50 6 15
50 7 10
50 12 72
50 13 37
50 17 36
50 21 55
50 25 14
50 38 3
50 41 43
50 42 68
50 45 56
50 49 22
51 17 75
51 20 80
51 22 46
51 31 38
51 32 25
51 40 77
51 41 56
51 47 65
52 9 37
52 17 58
52 20 23
52 21 39
52 33 44
52 41 44
52 44 57
52 49 71
53 6 58
53 8 17
53 9 73
53 10 58
53 14 80
53 18 8
53 24 25
53 40 14
53 45 33
54 14 49
54 19 30
54 20 65
54 24 4
54 27 46
54 29 2
54 30 31
54 31 50
54 34 32
54 37 62
54 38 5
54 39 9
54 48 20
54 49 29
54 51 79
55 0 66
55 4 65
55 8 49
55 11 13
55 13 13
55 16 15
55 18 67
55 20 41
55 37 80
56 1 49
56 11 61
56 13 49
56 28 70
56 36 74
56 42 30
56 43 55
56 47 44
56 50 30
57 0 5
57 5 70
57 8 59
57 11 64
57 12 11
57 14 16
57 16 9
57 17 76
57 22 19
57 34 10
57 35 17
57 40 63
57 44 44
57 47 47
57 50 40
57 53 50
58 4 62
58 10 75
58 19 26
58 22 36
58 24 19
58 27 66
58 29 60
58 41 67
58 44 46
58 45 73
58 49 57
58 51 36
58 53 1
58 54 56
59 0 2
59 10 30
59 11 67
59 12 22
59 16 7
59 17 65
59 46 57
59 54 53
60 3 80
60 24 67
60 26 57
60 43 53
60 46 13
60 48 42
60 56 27
61 3 52
61 4 80
61 6 6
61 17 50
61 18 47
61 21 3
61 31 10
61 59 67
61 60 66
62 3 44
62 4 21
62 15 32
62 16 60
62 28 26
62 29 77
62 33 16
62 38 33
62 44 5
62 46 7
62 47 36
62 53 19
62 55 32
62 57 78
62 60 59
63 13 11
63 18 28
63 22 8
63 23 57
63 24 9
63 26 43
63 27 13
63 38 76
63 41 17
63 49 61
63 53 45
63 55 42
64 0 55
64 8 51
64 20 45
64 26 67
64 29 57
64 34 28
64 39 9
64 42 74
64 48 64
64 53 53
64 54 20
64 60 5
64 62 21
65 6 17
65 8 7
65 11 11
65 16 19
65 17 28
65 27 21
65 30 59
65 46 26
65 47 54
65 50 72
66 9 29
66 10 63
66 21 17
66 23 74
66 24 42
66 28 64
66 34 75
66 35 55
66 37 60
66 44 30
66 45 48
66 48 27
66 62 45
66 63 43
66 65 56
67 5 68
67 8 57
67 9 58
67 19 38
67 24 79
67 25 15
67 27 47
67 30 16
67 32 16
67 34 38
67 35 49
67 51 59
67 56 59
67 59 22
68 2 53
68 11 44
68 13 6
68 16 70
68 22 28
68 24 29
68 27 45
68 28 33
68 30 76
68 34 2
68 36 1
68 39 47
68 41 3
68 47 45
68 65 28
69 3 79
69 4 19
69 12 76
69 13 50
69 14 5
69 16 78
69 20 47
69 27 43
69 34 56
69 46 77
69 48 6
69 49 20
69 52 75
69 54 54
69 62 39
69 63 44
69 64 19
69 67 50
