30
2 1 2
3 0 72
3 2 72
4 0 72
4 2 66
4 3 41
5 0 53
5 1 54
5 2 36
5 3 72
6 0 79
6 1 3
6 3 4
7 0 13
7 2 57
7 3 79
7 4 63
7 5 13
7 6 46
8 2 78
8 3 59
8 5 26
8 6 34
8 7 17
9 1 17
9 2 62
9 3 53
9 4 35
9 5 5
9 6 32
9 7 46
9 8 33
10 1 76
10 2 21
10 5 11
10 7 17
10 9 70
11 0 1
11 1 11
11 4 28
11 5 59
11 9 78
12 0 24
12 3 1
12 5 32
12 8 16
12 9 65
12 10 74
12 11 53
13 1 56
13 2 42
13 5 80
13 6 53
13 7 27
13 9 9
13 10 68
13 12 56
14 0 74
14 1 57
14 2 3
14 6 80
14 9 7
14 11 61
14 12 63
15 3 57
15 5 38
15 7 24
15 8 67
15 10 63
15 11 4
15 12 5
16 0 26
16 1 1
16 2 61
16 6 61
16 11 73
16 13 77
16 14 42
17 0 44
17 1 16
17 2 32
17 3 72
17 6 54
17 8 31
17 9 30
17 10 11
17 11 44
17 15 31
17 16 31
18 2 70
18 3 32
18 5 15
18 6 17
18 9 56
18 10 80
18 12 58
18 13 52
18 14 36
18 16 71
18 17 79
19 1 51
19 2 72
19 3 30
19 4 67
19 5 26
19 7 66
19 8 15
19 9 4
19 10 29
19 12 67
19 13 2
19 14 5
19 17 76
19 18 52
20 1 39
20 3 67
20 5 71
20 6 15
20 7 74
20 8 58
20 9 45
20 10 16
20 11 71
20 12 64
20 13 39
20 14 48
20 15 16
20 16 2
20 17 65
20 18 51
20 19 71
21 2 60
21 3 14
21 4 75
21 5 34
21 6 3
21 7 22
21 8 21
21 11 80
21 12 64
21 13 18
21 14 10
21 16 61
21 19 30
21 20 77
22 0 44
22 1 73
22 3 50
22 7 2
22 8 19
22 10 8
22 11 57
22 13 12
22 16 62
22 18 57
22 20 79
22 21 76
23 1 79
23 3 40
23 4 15
23 5 3
23 6 5
23 7 8
23 12 16
23 13 37
23 14 72
23 16 16
23 18 2
23 20 57
23 21 66
23 22 77
24 2 15
24 7 65
24 11 27
24 15 14
24 16 20
24 18 45
24 22 71
24 23 67
25 0 39
25 1 49
25 3 26
25 4 36
25 6 71
25 8 27
25 9 17
25 11 62
25 14 21
25 16 51
25 18 70
25 23 4
26 1 44
26 2 48
26 4 80
26 5 21
26 6 39
26 7 56
26 8 63
26 9 11
26 10 23
26 12 13
26 13 45
26 16 13
26 19 14
26 21 13
26 23 44
27 4 78
27 5 3
27 6 49
27 7 25
27 9 78
27 10 39
27 11 53
27 12 3
27 13 71
27 14 66
27 15 1
27 19 53
27 20 23
27 21 17
27 22 76
27 23 7
28 0 72
28 1 80
28 2 40
28 5 49
28 6 20
28 7 75
28 8 56
28 9 79
28 10 35
28 12 77
28 13 63
28 15 58
28 16 19
28 17 17
28 18 30
28 19 11
28 20 53
28 21 7
28 23 23
28 24 65
28 25 30
28 26 18
28 27 23
29 0 57
29 1 31
29 4 78
29 5 72
29 6 48
29 7 69
29 9 29
29 12 15
29 15 41
29 18 31
29 19 16
29 20 10
29 21 69
29 23 38
29 24 68
29 26 40
29 27 65
