60
1 0 58
2 1 36
3 2 50
4 0 21
4 1 100
4 2 102
4 3 69
5 0 69
5 1 118
5 3 92
5 4 20
6 0 2
6 4 103
6 5 117
7 0 44
7 3 36
7 4 151
7 6 129
8 1 44
8 2 13
8 4 89
8 5 126
9 1 145
9 5 138
9 8 104
10 0 61
10 4 88
10 5 60
10 9 88
11 1 5
11 2 23
11 5 145
11 6 47
11 9 57
11 10 62
12 0 59
12 2 147
12 6 110
12 7 126
12 9 98
12 10 2
12 11 141
13 0 81
13 4 74
13 5 74
13 8 131
13 10 103
13 11 98
13 12 40
14 2 4
14 4 133
14 5 51
14 6 98
15 1 78
15 2 18
15 3 109
15 7 158
15 10 101
15 12 96
15 14 128
16 0 102
16 2 74
16 4 4
16 8 52
16 9 69
16 12 119
16 14 89
17 0 85
17 4 141
17 6 103
17 7 77
17 9 62
17 10 135
17 13 54
17 14 140
17 15 71
17 16 94
18 0 141
18 2 123
18 5 47
18 6 73
18 8 56
18 9 133
18 10 142
18 13 13
18 15 125
18 17 25
19 0 5
19 1 51
19 3 142
19 5 95
19 8 14
19 9 146
19 11 160
19 15 76
19 18 4
20 2 31
20 4 112
20 7 39
20 8 144
20 10 103
20 11 32
20 13 24
20 16 18
20 18 24
20 19 100
21 1 64
21 2 30
21 7 7
21 9 82
21 11 118
21 14 71
21 15 50
21 16 74
21 19 155
22 1 11
22 4 93
22 5 126
22 6 101
22 10 151
22 11 51
22 13 38
22 18 126
22 21 149
23 0 58
23 1 10
23 2 35
23 3 103
23 5 58
23 6 29
23 7 140
23 8 159
23 9 41
23 10 55
23 11 103
23 12 75
23 13 117
23 14 24
23 15 109
23 16 60
23 18 92
24 0 143
24 1 74
24 3 11
24 6 122
24 7 145
24 13 52
24 15 96
24 17 152
24 18 4
24 21 137
25 1 156
25 2 11
25 4 153
25 9 72
25 11 94
25 14 41
25 15 123
25 16 94
25 20 16
25 22 40
26 2 122
26 3 147
26 4 113
26 6 41
26 8 66
26 9 48
26 14 31
26 18 37
26 19 8
26 23 4
26 25 47
27 0 144
27 1 82
27 2 44
27 3 2
27 4 115
27 5 58
27 6 15
27 7 102
27 9 54
27 10 59
27 11 35
27 12 116
27 20 30
27 21 45
27 26 90
28 2 44
28 5 68
28 8 1
28 10 48
28 13 49
28 16 72
28 17 154
28 18 145
28 19 24
28 23 148
28 24 79
28 25 23
29 2 131
29 3 5
29 6 129
29 7 43
29 9 59
29 11 36
29 12 87
29 17 30
29 18 121
29 19 34
29 21 88
29 25 100
29 28 95
30 2 128
30 5 56
30 6 59
30 7 130
30 9 133
30 11 33
30 13 128
30 17 148
30 19 159
30 20 145
30 24 140
30 26 117
31 0 52
31 1 45
31 5 68
31 9 72
31 14 66
31 15 133
31 18 5
31 20 71
31 26 70
31 27 17
31 28 13
31 29 83
31 30 127
32 1 73
32 6 35
32 7 57
32 8 53
32 9 71
32 12 99
32 13 27
32 19 105
32 20 92
32 21 47
32 23 89
32 25 3
32 26 74
32 28 26
32 29 18
33 1 69
33 2 28
33 12 51
33 15 95
33 16 149
33 20 95
33 21 43
33 22 117
33 27 47
33 30 55
33 32 137
34 1 124
34 2 127
34 3 93
34 5 140
34 13 75
34 15 56
34 19 113
34 21 64
34 22 4
34 26 149
34 30 26
35 0 64
35 2 11
35 5 149
35 6 80
35 9 88
35 11 159
35 12 137
35 13 102
35 15 104
35 16 11
35 17 47
35 18 16
35 19 17
35 23 73
35 25 16
35 27 125
35 29 89
35 30 20
35 32 44
35 33 158
35 34 98
36 2 29
36 4 142
36 5 115
36 6 116
36 7 4
36 8 79
36 9 134
36 10 30
36 11 149
36 13 115
36 16 40
36 17 33
36 21 101
36 24 127
36 26 52
36 27 57
36 28 135
36 31 36
36 32 1
36 33 128
36 34 67
37 4 58
37 5 103
37 7 89
37 12 146
37 13 26
37 14 147
37 16 49
37 19 144
37 20 152
37 22 122
37 23 50
37 26 82
37 27 74
37 29 31
37 30 48
37 35 16
38 4 159
38 6 139
38 8 15
38 9 7
38 16 7
38 17 138
38 18 133
38 19 15
38 20 10
38 21 12
38 22 148
38 23 33
38 28 78
38 29 124
38 31 24
38 32 84
38 33 98
38 34 15
38 35 9
38 36 98
39 0 145
39 3 76
39 4 147
39 6 53
39 8 73
39 11 69
39 12 150
39 14 54
39 16 75
39 17 93
39 18 2
39 20 44
39 21 132
39 23 22
39 27 30
39 29 66
39 31 47
39 32 141
39 35 156
39 36 14
39 37 152
39 38 49
40 0 86
40 2 139
40 4 108
40 5 73
40 7 21
40 8 50
40 9 105
40 10 102
40 12 14
40 14 20
40 15 137
40 16 68
40 17 33
40 19 107
40 21 60
40 22 136
40 24 74
40 25 129
40 28 99
40 29 81
40 31 129
40 32 100
40 33 90
40 34 71
40 36 121
40 38 144
40 39 17
41 0 6
41 1 79
41 2 81
41 5 47
41 6 137
41 7 25
41 8 70
41 10 139
41 13 79
41 16 145
41 18 81
41 21 53
41 22 114
41 23 18
41 24 40
41 31 63
41 32 27
41 33 93
41 34 89
41 35 71
41 37 147
41 38 63
41 39 31
41 40 157
42 0 3
42 7 133
42 9 17
42 10 135
42 11 24
42 14 62
42 17 87
42 18 30
42 20 42
42 26 71
42 29 27
42 30 136
42 31 151
42 33 11
42 34 119
42 36 1
42 40 59
42 41 10
43 1 59
43 3 38
43 4 102
43 6 113
43 7 109
43 8 47
43 11 86
43 14 83
43 17 67
43 18 62
43 23 134
43 24 149
43 26 3
43 31 145
43 34 128
43 37 130
43 38 65
43 40 13
43 42 148
44 0 96
44 1 23
44 3 140
44 4 94
44 5 27
44 6 136
44 8 88
44 10 91
44 11 149
44 14 81
44 15 85
44 17 55
44 18 139
44 20 100
44 22 79
44 24 11
44 25 6
44 26 63
44 27 67
44 28 13
44 29 71
44 30 82
44 31 15
44 33 10
44 37 103
44 40 102
44 41 53
44 43 68
45 1 96
45 4 57
45 5 134
45 7 40
45 12 1
45 13 130
45 14 88
45 16 28
45 17 149
45 18 147
45 20 87
45 21 64
45 22 24
45 24 3
45 26 23
45 27 98
45 28 75
45 29 66
45 30 134
45 31 2
45 32 25
45 36 140
45 42 130
46 3 63
46 4 128
46 6 122
46 9 19
46 10 56
46 13 145
46 14 23
46 16 35
46 23 40
46 25 13
46 27 94
46 28 120
46 29 65
46 33 30
46 34 2
46 37 18
46 38 13
46 39 50
46 40 12
46 43 110
46 44 67
47 1 155
47 4 85
47 7 48
47 8 35
47 9 18
47 11 22
47 12 156
47 14 89
47 15 5
47 16 8
47 20 23
47 21 38
47 24 105
47 26 68
47 31 46
47 33 39
47 38 43
47 41 15
47 42 146
47 43 88
47 45 145
47 46 139
48 1 139
48 2 135
48 3 85
48 4 43
48 5 11
48 6 9
48 7 32
48 8 112
48 9 124
48 10 7
48 11 84
48 12 75
48 14 9
48 15 148
48 18 15
48 21 115
48 23 129
48 24 77
48 25 15
48 28 96
48 31 2
48 33 56
48 35 106
48 36 119
48 37 111
48 41 31
48 45 9
48 46 132
49 0 45
49 1 128
49 10 69
49 11 134
49 13 160
49 14 154
49 16 126
49 17 16
49 18 49
49 20 98
49 21 147
49 22 46
49 23 13
49 26 46
49 27 107
49 30 10
49 36 20
49 39 135
49 41 74
49 42 24
49 43 152
49 44 57
49 46 32
49 48 106
50 1 122
50 2 117
50 4 149
50 6 87
50 7 127
50 8 77
50 11 53
50 12 111
50 17 3
50 20 108
50 26 17
50 27 58
50 29 24
50 30 10
50 32 91
50 34 37
50 35 160
50 37 22
50 38 143
50 39 68
50 42 17
50 45 42
50 46 56
50 47 155
50 49 112
51 0 151
51 2 14
51 3 59
51 5 125
51 6 34
51 7 96
51 11 56
51 13 82
51 14 153
51 21 85
51 22 152
51 30 26
51 32 136
51 33 86
51 41 23
51 42 149
51 44 80
51 45 77
51 48 94
52 0 140
52 2 125
52 3 42
52 4 74
52 5 102
52 13 142
52 14 6
52 16 62
52 22 48
52 23 89
52 24 46
52 28 89
52 30 79
52 32 84
52 33 35
52 34 62
52 35 46
52 38 55
52 41 20
52 42 13
52 43 87
52 46 149
52 50 92
52 51 159
53 2 22
53 3 129
53 4 33
53 8 55
53 11 60
53 13 7
53 14 48
53 15 21
53 16 141
53 17 61
53 18 104
53 19 110
53 21 156
53 25 1
53 26 87
53 28 27
53 29 25
53 31 63
53 33 62
53 36 58
53 37 39
53 40 48
53 42 105
53 45 154
53 46 12
53 47 139
53 48 79
53 49 136
53 50 94
53 51 55
54 2 33
54 3 40
54 4 8
54 8 123
54 11 53
54 12 142
54 14 44
54 16 105
54 17 131
54 22 55
54 24 44
54 25 130
54 27 146
54 28 147
54 29 23
54 30 32
54 31 66
54 33 154
54 36 115
54 37 93
54 39 112
54 40 18
54 41 108
54 44 75
54 45 97
54 46 111
54 47 152
54 48 131
54 49 8
54 50 100
55 3 138
55 6 154
55 7 54
55 9 138
55 10 116
55 15 44
55 19 12
55 20 113
55 23 96
55 28 80
55 31 13
55 37 86
55 38 160
55 39 16
55 43 18
55 44 114
55 45 83
55 46 159
55 47 104
55 48 48
56 1 151
56 4 59
56 8 137
56 10 49
56 12 99
56 14 107
56 17 5
56 30 18
56 31 78
56 32 153
56 33 63
56 34 134
56 36 29
56 37 137
56 39 46
56 40 68
56 41 138
56 44 145
56 45 118
56 50 8
56 51 121
56 55 152
57 0 113
57 3 128
57 5 104
57 7 32
57 8 66
57 9 61
57 10 146
57 11 155
57 14 139
57 15 76
57 16 58
57 17 150
57 18 18
57 19 151
57 22 59
57 23 51
57 24 155
57 27 59
57 28 91
57 32 96
57 33 96
57 35 129
57 38 8
57 42 87
57 43 144
57 48 153
57 49 64
57 51 99
57 52 64
57 54 5
57 55 21
57 56 46
58 0 101
58 3 17
58 4 117
58 7 150
58 8 21
58 10 64
58 11 49
58 13 81
58 14 126
58 16 33
58 17 45
58 18 57
58 21 114
58 23 66
58 24 138
58 25 77
58 26 86
58 27 94
58 30 28
58 31 43
58 32 48
58 33 39
58 34 90
58 35 130
58 36 21
58 39 23
58 40 126
58 43 158
58 46 99
58 48 9
58 49 28
58 50 153
58 52 8
58 54 11
58 55 9
58 56 25
59 0 55
59 3 67
59 9 3
59 10 121
59 11 128
59 16 89
59 20 65
59 21 126
59 23 105
59 24 96
59 26 76
59 27 80
59 28 34
59 29 9
59 30 139
59 31 153
59 32 156
59 33 58
59 34 118
59 39 65
59 40 92
59 41 64
59 45 130
59 46 44
59 47 99
59 48 95
59 49 126
59 50 75
59 52 47
59 53 139
59 54 160
59 56 92
59 57 99
59 58 142
