60
4 0 9
4 1 9
4 3 9
5 0 8
5 1 9
5 2 5
6 0 8
6 1 10
6 2 6
6 4 6
7 0 1
7 1 5
7 3 1
7 4 4
7 6 8
8 0 10
8 1 5
8 2 6
8 3 3
8 4 5
9 1 1
9 2 6
9 3 10
9 5 7
9 6 5
9 7 3
9 8 9
10 2 9
10 3 2
10 5 8
11 0 3
11 1 8
11 2 8
11 3 2
11 5 7
11 7 8
11 8 10
11 9 7
12 1 7
12 2 7
12 8 2
12 10 8
13 0 10
13 2 8
13 3 7
13 4 8
13 6 8
13 7 10
13 8 2
13 9 10
13 10 9
13 12 3
14 1 3
14 2 3
14 3 9
14 4 6
14 7 4
15 0 2
15 1 6
15 2 8
15 3 1
15 4 6
15 7 9
15 8 2
15 9 7
15 12 3
15 14 3
16 0 10
16 2 9
16 3 9
16 4 9
16 5 1
16 6 8
16 8 1
16 9 6
16 10 10
16 12 5
16 14 10
16 15 2
17 0 7
17 1 2
17 2 7
17 3 9
17 4 9
17 5 5
17 6 6
17 7 7
17 8 10
17 9 7
17 11 8
17 12 3
17 14 3
18 2 4
18 3 5
18 7 2
18 8 5
18 12 10
18 13 4
18 15 1
19 1 10
19 2 7
19 3 2
19 5 5
19 6 6
19 9 3
19 10 9
19 11 4
19 12 8
19 13 3
19 14 1
19 15 6
20 0 4
20 2 1
20 3 6
20 5 1
20 6 1
20 7 5
20 8 4
20 9 5
20 11 5
20 13 8
20 15 1
20 16 1
20 17 6
20 19 1
21 0 10
21 1 10
21 3 3
21 6 6
21 7 5
21 11 1
21 16 7
21 17 2
21 19 8
21 20 1
22 2 1
22 3 7
22 5 2
22 6 7
22 8 2
22 9 2
22 10 7
22 11 8
22 14 9
22 16 7
22 18 7
22 20 1
23 1 3
23 4 10
23 5 1
23 8 1
23 9 9
23 10 6
23 12 8
23 13 2
23 15 6
23 16 5
23 17 5
23 19 9
23 20 6
24 0 8
24 1 7
24 2 2
24 3 1
24 4 3
24 8 6
24 9 10
24 10 5
24 11 9
24 13 7
24 14 8
24 15 2
24 16 2
24 20 4
24 22 9
24 23 10
25 2 5
25 3 4
25 4 9
25 6 6
25 7 9
25 8 5
25 9 6
25 10 5
25 11 5
25 13 10
25 14 6
25 15 6
25 17 10
25 18 10
25 20 1
25 21 5
25 22 6
26 1 4
26 2 9
26 3 9
26 4 6
26 6 8
26 8 7
26 9 5
26 10 9
26 11 6
26 12 9
26 13 1
26 14 1
26 18 7
26 21 7
26 22 6
26 23 6
27 1 5
27 3 4
27 4 8
27 6 3
27 7 10
27 8 7
27 9 3
27 14 1
27 15 3
27 17 9
27 18 8
27 19 2
27 21 7
27 22 7
27 23 10
27 24 8
27 25 10
28 0 10
28 3 5
28 4 1
28 5 7
28 6 7
28 7 6
28 9 2
28 10 6
28 12 4
28 17 3
28 18 4
28 19 6
28 20 8
28 21 5
28 22 7
28 23 1
28 24 10
28 25 9
28 26 5
28 27 10
29 0 5
29 1 5
29 2 10
29 3 2
29 4 3
29 7 5
29 8 5
29 9 10
29 10 5
29 11 7
29 12 2
29 13 2
29 14 2
29 16 10
29 17 6
29 19 5
29 21 1
29 23 1
29 27 3
30 0 10
30 1 9
30 3 3
30 4 7
30 5 8
30 6 1
30 7 5
30 8 6
30 9 7
30 14 2
30 16 5
30 17 8
30 19 7
30 21 5
30 22 6
30 23 10
30 24 6
30 25 8
30 26 8
30 29 4
31 3 5
31 4 9
31 5 9
31 8 2
31 9 5
31 10 4
31 13 6
31 14 6
31 15 6
31 18 1
31 19 2
31 20 10
31 21 4
31 25 7
31 28 8
31 29 1
31 30 2
32 0 10
32 2 8
32 4 6
32 5 7
32 10 6
32 12 10
32 14 3
32 15 8
32 17 10
32 18 3
32 19 9
32 20 9
32 22 8
32 25 2
32 26 6
32 27 3
32 30 9
32 31 2
33 1 5
33 3 1
33 5 3
33 6 4
33 7 7
33 11 7
33 13 6
33 14 3
33 15 5
33 18 9
33 20 8
33 21 1
33 22 3
33 23 7
33 26 10
33 27 3
33 28 6
33 29 3
34 0 2
34 1 1
34 2 8
34 5 1
34 6 9
34 7 5
34 10 3
34 11 5
34 12 7
34 15 4
34 16 9
34 18 10
34 20 3
34 21 6
34 22 4
34 23 3
34 25 1
34 26 8
34 28 9
34 30 3
34 32 1
34 33 5
35 0 4
35 2 2
35 3 1
35 4 4
35 7 7
35 9 9
35 13 9
35 14 6
35 18 2
35 19 9
35 21 4
35 22 8
35 24 10
35 27 10
35 28 5
35 30 2
35 31 5
35 32 4
35 33 10
36 0 2
36 2 3
36 3 2
36 5 10
36 8 3
36 9 5
36 10 3
36 14 10
36 15 2
36 16 4
36 17 8
36 18 7
36 19 7
36 20 6
36 22 10
36 23 5
36 24 3
36 25 5
36 26 1
36 27 2
36 28 1
36 29 4
36 31 10
36 32 9
36 33 6
36 34 4
36 35 2
37 0 9
37 2 7
37 3 2
37 5 6
37 6 3
37 8 7
37 10 7
37 11 1
37 12 3
37 13 9
37 16 5
37 17 1
37 19 3
37 21 4
37 22 1
37 24 6
37 27 8
37 29 5
37 32 1
37 33 7
37 35 1
38 0 8
38 2 1
38 3 2
38 4 2
38 5 4
38 6 8
38 9 1
38 10 2
38 13 2
38 14 5
38 18 4
38 19 10
38 20 7
38 22 10
38 23 6
38 24 10
38 25 3
38 27 4
38 29 9
38 30 8
38 31 4
38 34 5
38 36 7
39 0 3
39 1 10
39 2 10
39 3 1
39 4 7
39 5 1
39 6 2
39 7 4
39 8 1
39 9 10
39 10 1
39 11 5
39 12 4
39 14 4
39 15 2
39 16 3
39 19 8
39 22 10
39 24 10
39 25 5
39 26 2
39 29 5
39 31 4
39 32 10
39 34 6
39 36 3
40 2 1
40 3 2
40 5 5
40 6 9
40 7 6
40 8 9
40 9 5
40 10 5
40 11 10
40 12 7
40 13 5
40 17 5
40 21 5
40 23 4
40 27 3
40 29 5
40 30 10
40 31 3
40 32 10
40 33 3
40 35 4
41 0 8
41 4 8
41 5 10
41 8 3
41 10 4
41 12 3
41 14 7
41 15 3
41 17 10
41 19 3
41 20 1
41 22 5
41 25 10
41 26 9
41 27 7
41 29 8
41 32 6
41 33 4
41 34 3
41 35 5
41 38 8
41 40 2
42 0 5
42 1 3
42 2 6
42 4 1
42 5 3
42 6 8
42 7 9
42 8 8
42 9 10
42 11 5
42 12 4
42 15 5
42 17 6
42 18 8
42 19 9
42 21 1
42 23 4
42 24 8
42 26 10
42 27 1
42 28 3
42 29 2
42 30 10
42 31 8
42 33 4
42 35 1
42 36 8
42 37 3
43 0 4
43 2 9
43 3 1
43 5 3
43 7 10
43 9 5
43 10 8
43 11 2
43 12 5
43 13 2
43 14 7
43 15 2
43 18 3
43 20 6
43 24 8
43 26 9
43 27 9
43 28 1
43 29 2
43 30 9
43 34 7
43 37 9
43 40 2
43 41 3
44 2 2
44 6 7
44 8 2
44 9 5
44 10 7
44 11 8
44 12 2
44 13 5
44 14 10
44 16 3
44 18 7
44 19 7
44 21 9
44 22 1
44 25 3
44 26 9
44 27 4
44 28 5
44 29 6
44 33 2
44 34 3
44 39 7
44 40 10
44 41 8
44 42 5
45 0 7
45 1 4
45 2 2
45 3 2
45 4 1
45 6 4
45 7 8
45 8 4
45 9 6
45 11 9
45 12 8
45 13 7
45 14 2
45 15 6
45 16 6
45 17 1
45 18 9
45 21 3
45 22 3
45 23 9
45 26 2
45 27 8
45 29 4
45 30 5
45 33 6
45 35 2
45 36 1
45 37 5
45 38 3
45 39 7
45 40 4
45 43 8
45 44 4
46 3 6
46 4 6
46 5 9
46 6 4
46 7 3
46 11 2
46 12 8
46 14 9
46 16 2
46 17 7
46 18 2
46 21 5
46 23 5
46 24 4
46 25 8
46 27 5
46 28 9
46 29 8
46 30 2
46 31 10
46 33 6
46 35 4
46 37 6
46 38 5
46 39 6
46 42 5
46 45 7
47 0 8
47 1 9
47 2 7
47 3 7
47 5 7
47 6 8
47 7 3
47 8 10
47 9 5
47 11 5
47 12 2
47 14 3
47 15 1
47 17 3
47 18 3
47 19 2
47 21 1
47 22 1
47 25 1
47 26 1
47 27 4
47 31 3
47 33 7
47 36 7
47 37 2
47 39 10
47 40 10
47 43 10
47 44 3
47 45 9
47 46 2
48 1 3
48 4 7
48 5 6
48 6 7
48 7 1
48 8 4
48 9 8
48 12 10
48 13 3
48 14 10
48 15 6
48 17 5
48 18 5
48 20 7
48 22 6
48 23 8
48 24 7
48 25 1
48 26 7
48 28 2
48 33 2
48 34 7
48 35 1
48 36 1
48 37 10
48 39 5
48 41 10
48 43 5
48 44 6
48 46 4
49 0 10
49 1 2
49 3 2
49 5 9
49 6 3
49 7 3
49 8 9
49 10 6
49 11 3
49 12 8
49 13 8
49 16 9
49 17 1
49 19 1
49 21 3
49 23 9
49 24 7
49 27 2
49 28 10
49 29 10
49 30 10
49 31 4
49 32 4
49 33 9
49 34 10
49 35 5
49 36 9
49 38 8
49 39 9
49 40 7
49 43 8
49 45 5
49 46 2
49 47 6
50 1 4
50 2 9
50 3 4
50 4 1
50 5 10
50 7 10
50 8 1
50 10 6
50 14 3
50 15 3
50 16 3
50 18 7
50 19 4
50 20 1
50 22 10
50 23 1
50 24 7
50 25 10
50 26 9
50 28 4
50 32 9
50 34 1
50 35 2
50 37 1
50 38 7
50 42 3
50 44 10
50 45 6
50 46 7
50 48 9
51 0 5
51 1 5
51 3 3
51 4 6
51 5 6
51 7 7
51 8 8
51 9 5
51 10 9
51 11 3
51 12 6
51 18 4
51 20 1
51 22 6
51 24 4
51 27 5
51 28 8
51 29 5
51 30 8
51 32 1
51 34 5
51 36 10
51 38 7
51 39 1
51 40 5
51 43 4
51 44 2
51 46 10
51 48 2
51 49 10
51 50 9
52 0 1
52 2 7
52 3 9
52 6 8
52 10 3
52 12 10
52 13 7
52 16 1
52 17 7
52 18 5
52 19 9
52 20 10
52 21 1
52 23 10
52 24 5
52 25 3
52 26 2
52 32 10
52 34 7
52 35 5
52 36 6
52 37 2
52 41 3
52 43 4
52 44 3
52 45 2
52 46 10
52 47 10
52 48 8
52 49 2
52 50 4
52 51 10
53 1 5
53 3 6
53 4 2
53 6 4
53 9 10
53 10 10
53 11 5
53 12 2
53 13 10
53 14 4
53 15 9
53 16 10
53 19 9
53 20 10
53 21 6
53 22 6
53 25 6
53 28 3
53 30 7
53 32 7
53 33 7
53 34 3
53 36 2
53 38 3
53 39 2
53 41 4
53 45 5
53 46 7
53 48 9
53 49 7
53 50 6
53 51 8
54 1 6
54 2 5
54 3 10
54 4 5
54 5 9
54 6 8
54 7 4
54 8 1
54 9 9
54 12 3
54 13 4
54 16 10
54 21 4
54 22 6
54 23 6
54 24 5
54 25 10
54 29 6
54 31 2
54 32 2
54 33 1
54 35 1
54 36 4
54 37 10
54 38 10
54 39 9
54 40 4
54 43 6
54 44 2
55 1 2
55 2 10
55 3 7
55 4 1
55 6 8
55 7 2
55 8 6
55 11 4
55 14 8
55 16 1
55 19 1
55 21 6
55 22 1
55 23 10
55 24 2
55 27 3
55 30 7
55 32 1
55 33 9
55 34 7
55 35 9
55 36 8
55 37 5
55 40 4
55 41 9
55 43 4
55 44 7
55 47 1
55 49 3
55 50 10
55 51 9
55 52 6
55 53 2
56 2 4
56 3 6
56 4 5
56 6 5
56 7 7
56 8 8
56 9 9
56 10 7
56 11 3
56 12 5
56 13 10
56 14 4
56 15 4
56 16 7
56 17 3
56 18 5
56 22 7
56 23 2
56 24 10
56 26 8
56 28 4
56 29 2
56 30 5
56 32 2
56 34 2
56 37 3
56 38 9
56 40 8
56 42 1
56 44 2
56 45 8
56 46 7
56 49 4
56 50 4
56 55 10
57 1 10
57 2 4
57 3 2
57 4 9
57 5 6
57 9 9
57 12 7
57 13 2
57 14 8
57 16 2
57 17 8
57 18 5
57 19 7
57 20 6
57 23 10
57 29 3
57 30 9
57 31 10
57 32 4
57 33 9
57 37 10
57 38 9
57 39 5
57 40 9
57 41 9
57 43 3
57 48 2
57 49 10
57 50 10
57 51 3
57 53 1
57 54 4
57 56 8
58 1 2
58 3 4
58 5 1
58 7 4
58 8 5
58 10 8
58 13 10
58 14 6
58 15 1
58 16 4
58 17 8
58 18 1
58 19 2
58 21 5
58 22 6
58 25 10
58 28 3
58 29 6
58 30 4
58 31 2
58 33 6
58 35 4
58 36 4
58 37 10
58 39 5
58 40 3
58 41 4
58 42 4
58 43 1
58 45 1
58 46 5
58 47 3
58 48 1
58 49 3
58 50 3
58 51 5
58 53 7
58 54 3
58 55 1
59 3 5
59 4 3
59 5 4
59 6 8
59 10 5
59 11 5
59 12 2
59 13 2
59 14 4
59 16 6
59 20 6
59 22 9
59 26 9
59 27 8
59 28 6
59 32 3
59 34 6
59 35 2
59 42 1
59 43 10
59 45 3
59 47 7
59 51 1
59 52 4
59 53 9
59 54 6
59 55 3
