50
1 0 62
2 0 64
2 1 36
3 0 9
3 1 41
3 2 1
4 0 8
4 1 52
4 2 11
4 3 25
5 0 38
5 2 54
5 4 70
6 0 39
6 1 12
6 2 18
6 4 4
6 5 28
7 0 32
7 1 23
7 2 69
7 3 18
7 4 41
7 5 70
7 6 1
8 0 64
8 1 5
8 2 73
8 3 34
8 4 17
8 5 10
8 6 18
8 7 67
9 0 18
9 1 19
9 2 28
9 3 77
9 4 34
9 5 59
9 6 46
9 8 21
10 0 13
10 1 68
10 2 47
10 3 7
10 4 6
10 5 32
10 6 71
10 7 21
10 8 40
10 9 67
11 0 27
11 1 65
11 2 67
11 3 28
11 4 2
11 5 71
11 6 42
11 7 53
11 8 64
11 9 74
11 10 49
12 0 71
12 1 62
12 3 9
12 4 42
12 5 41
12 6 2
12 7 21
12 8 77
12 9 77
12 10 75
12 11 79
13 2 7
13 3 49
13 4 7
13 5 45
13 6 78
13 7 56
13 9 46
13 10 75
13 11 58
13 12 1
14 0 79
14 1 56
14 2 6
14 3 28
14 4 19
14 5 61
14 8 25
14 10 58
14 11 13
14 12 37
14 13 34
15 0 25
15 1 35
15 2 36
15 4 64
15 5 4
15 6 69
15 7 15
15 8 52
15 10 4
15 11 9
15 12 24
15 13 68
15 14 45
16 0 16
16 1 41
16 3 7
16 4 59
16 5 4
16 6 79
16 7 31
16 10 72
16 11 28
16 12 29
16 13 73
16 14 27
16 15 10
17 0 76
17 1 51
17 2 52
17 3 76
17 4 57
17 5 48
17 6 61
17 7 46
17 8 41
17 9 28
17 10 26
17 12 79
17 13 26
17 14 14
17 15 69
17 16 60
18 0 28
18 1 48
18 2 23
18 3 28
18 4 22
18 5 35
18 6 45
18 7 19
18 8 63
18 9 80
18 10 44
18 11 71
18 12 26
18 13 44
18 14 35
18 15 8
18 16 61
18 17 60
19 0 67
19 1 20
19 2 36
19 4 30
19 6 46
19 7 10
19 8 22
19 9 56
19 10 34
19 11 75
19 12 22
19 13 13
19 14 21
19 15 49
19 16 71
19 17 24
20 0 65
20 1 25
20 2 57
20 3 51
20 4 28
20 5 4
20 6 13
20 7 36
20 8 49
20 9 22
20 10 54
20 11 71
20 12 48
20 13 75
20 14 14
20 15 70
20 16 58
20 17 35
20 18 43
21 1 26
21 2 29
21 3 53
21 4 33
21 5 7
21 6 22
21 7 44
21 8 68
21 9 50
21 10 24
21 11 38
21 12 30
21 13 51
21 14 7
21 15 9
21 16 65
21 17 32
21 18 33
21 19 6
21 20 77
22 0 40
22 1 26
22 3 16
22 5 5
22 6 63
22 7 71
22 8 74
22 9 69
22 10 16
22 11 14
22 12 24
22 13 6
22 15 18
22 16 78
22 17 70
22 18 46
22 19 68
22 20 20
22 21 78
23 0 23
23 1 70
23 2 1
23 3 24
23 4 43
23 5 19
23 6 67
23 7 11
23 8 76
23 9 13
23 10 50
23 11 65
23 12 48
23 14 75
23 15 72
23 16 77
23 17 35
23 18 30
23 19 17
23 20 34
23 21 75
23 22 45
24 0 78
24 1 60
24 2 37
24 3 75
24 4 19
24 5 73
24 6 14
24 7 26
24 8 55
24 9 12
24 10 64
24 11 44
24 13 59
24 14 56
24 15 30
24 16 33
24 17 9
24 18 13
24 19 58
24 20 1
24 21 9
25 0 80
25 4 65
25 5 78
25 6 35
25 8 72
25 9 27
25 10 11
25 11 44
25 12 59
25 14 19
25 15 76
25 16 33
25 17 35
25 18 6
25 20 70
25 21 12
25 22 70
25 23 19
25 24 37
26 0 13
26 1 25
26 2 77
26 3 68
26 4 10
26 5 41
26 6 12
26 7 50
26 8 49
26 9 44
26 10 41
26 12 19
26 13 56
26 14 8
26 15 1
26 16 78
26 17 72
26 18 55
26 19 31
26 20 71
26 22 42
26 23 19
26 24 64
26 25 78
27 0 40
27 1 48
27 2 47
27 3 15
27 5 58
27 6 11
27 7 3
27 8 33
27 9 77
27 11 43
27 12 18
27 13 44
27 15 56
27 16 34
27 17 66
27 18 61
27 19 42
27 20 6
27 21 38
27 22 65
27 23 24
27 24 58
27 25 56
27 26 53
28 0 39
28 1 1
28 2 36
28 3 3
28 4 11
28 5 78
28 6 59
28 9 46
28 11 67
28 12 8
28 13 27
28 14 63
28 15 37
28 16 77
28 17 42
28 18 16
28 19 66
28 20 28
28 21 23
28 22 80
28 23 2
28 24 5
28 25 45
28 26 30
29 0 73
29 1 6
29 2 78
29 4 58
29 5 10
29 6 29
29 7 75
29 8 27
29 9 24
29 10 45
29 11 2
29 13 60
29 14 63
29 15 67
29 16 36
29 17 31
29 18 5
29 19 35
29 20 22
29 21 73
29 23 50
29 24 24
29 26 10
29 28 29
30 0 19
30 1 62
30 2 71
30 3 10
30 4 59
30 5 75
30 6 67
30 7 16
30 8 78
30 10 36
30 11 30
30 12 23
30 13 29
30 15 51
30 16 58
30 17 45
30 18 67
30 20 51
30 21 20
30 22 22
30 24 10
30 25 62
30 26 38
30 27 4
30 28 6
31 0 52
31 1 64
31 2 77
31 4 69
31 5 36
31 6 20
31 7 32
31 8 26
31 9 57
31 10 26
31 11 18
31 12 71
31 13 21
31 14 7
31 15 17
31 17 74
31 19 24
31 20 12
31 21 16
31 22 7
31 23 18
31 24 78
31 25 56
31 26 48
31 27 7
31 28 17
31 29 46
31 30 11
32 0 3
32 1 40
32 2 2
32 3 54
32 4 15
32 5 34
32 6 49
32 7 73
32 9 67
32 10 41
32 11 9
32 12 76
32 13 48
32 14 56
32 17 45
32 19 32
32 20 47
32 22 49
32 23 43
32 24 70
32 25 17
32 26 49
32 27 17
32 28 39
32 29 51
32 30 38
32 31 4
33 0 27
33 1 22
33 2 59
33 3 10
33 4 25
33 5 12
33 6 61
33 7 28
33 8 21
33 9 49
33 10 49
33 11 16
33 12 22
33 13 44
33 14 32
33 15 66
33 16 51
33 18 62
33 19 16
33 21 23
33 22 6
33 23 42
33 24 27
33 25 54
33 26 12
33 27 31
33 28 66
33 29 34
33 30 75
33 31 32
33 32 71
34 0 18
34 2 55
34 3 62
34 4 41
34 5 36
34 6 24
34 7 30
34 8 27
34 9 33
34 10 69
34 11 57
34 12 4
34 13 46
34 14 31
34 15 30
34 16 15
34 17 66
34 18 59
34 19 34
34 20 16
34 21 26
34 22 39
34 23 80
34 24 34
34 25 36
34 27 31
34 28 65
34 29 42
34 30 23
34 31 34
34 32 18
34 33 26
35 0 55
35 1 66
35 3 12
35 4 47
35 5 23
35 6 8
35 7 65
35 8 9
35 10 6
35 11 77
35 13 32
35 14 37
35 15 49
35 16 30
35 17 44
35 18 20
35 20 42
35 21 34
35 22 69
35 23 75
35 24 78
35 27 13
35 28 66
35 29 64
35 30 49
35 31 21
35 32 48
35 33 21
35 34 21
36 0 77
36 1 42
36 2 17
36 3 16
36 4 12
36 5 16
36 6 68
36 7 53
36 8 40
36 9 61
36 10 50
36 11 1
36 12 5
36 13 6
36 15 33
36 17 43
36 18 5
36 19 52
36 20 53
36 21 15
36 22 39
36 23 52
36 24 11
36 25 79
36 26 5
36 27 67
36 28 31
36 29 23
36 30 34
36 31 25
36 32 44
36 33 6
36 35 22
37 0 42
37 1 18
37 2 62
37 3 2
37 4 35
37 6 1
37 7 41
37 8 5
37 9 38
37 10 51
37 11 65
37 12 55
37 13 34
37 14 39
37 15 37
37 16 35
37 17 44
37 18 13
37 19 7
37 20 27
37 21 16
37 22 60
37 24 17
37 25 54
37 26 37
37 27 19
37 28 17
37 29 74
37 30 30
37 31 21
37 32 76
37 35 33
37 36 9
38 0 30
38 1 26
38 2 58
38 4 5
38 5 62
38 6 67
38 7 71
38 8 23
38 9 79
38 10 6
38 11 58
38 12 64
38 13 56
38 14 34
38 15 57
38 16 31
38 17 42
38 18 77
38 19 70
38 20 15
38 21 27
38 22 28
38 23 29
38 24 46
38 25 66
38 27 56
38 28 8
38 29 11
38 30 11
38 31 76
38 32 62
38 33 23
38 34 43
38 35 24
38 36 13
38 37 50
39 0 76
39 1 44
39 3 59
39 5 48
39 6 53
39 8 74
39 9 48
39 10 28
39 11 26
39 12 10
39 13 17
39 14 36
39 15 6
39 16 41
39 17 37
39 18 36
39 19 72
39 20 22
39 21 54
39 22 21
39 23 62
39 24 29
39 25 48
39 26 44
39 27 23
39 28 21
39 29 15
39 30 14
39 31 59
39 32 40
39 33 19
39 34 77
39 35 59
39 36 56
39 37 75
39 38 16
40 0 8
40 1 43
40 3 5
40 4 33
40 5 79
40 6 23
40 7 32
40 8 66
40 9 52
40 10 30
40 11 70
40 12 23
40 13 13
40 14 39
40 15 70
40 16 43
40 17 24
40 18 57
40 19 66
40 21 28
40 22 78
40 23 33
40 25 14
40 26 50
40 28 57
40 29 20
40 30 31
40 32 70
40 33 79
40 35 30
40 36 69
40 37 63
40 38 2
41 0 52
41 2 39
41 3 47
41 4 7
41 5 7
41 6 28
41 7 14
41 8 4
41 9 62
41 10 40
41 11 12
41 12 50
41 13 67
41 14 17
41 15 35
41 16 24
41 18 60
41 19 15
41 20 35
41 21 54
41 22 75
41 23 60
41 24 58
41 25 33
41 26 33
41 27 9
41 28 9
41 29 11
41 30 64
41 31 13
41 32 20
41 33 70
41 34 67
41 35 55
41 36 24
41 37 24
41 38 2
41 39 16
42 1 40
42 2 28
42 3 70
42 4 6
42 5 13
42 6 75
42 7 54
42 8 46
42 9 63
42 10 26
42 11 49
42 12 15
42 13 66
42 17 5
42 19 68
42 20 54
42 21 21
42 22 54
42 23 9
42 24 58
42 25 79
42 26 37
42 27 8
42 28 19
42 29 19
42 30 69
42 31 75
42 32 23
42 33 54
42 34 21
42 35 67
42 36 21
42 37 3
42 39 2
42 40 10
42 41 65
43 0 31
43 1 19
43 2 31
43 3 69
43 4 59
43 5 80
43 6 56
43 7 52
43 8 18
43 9 74
43 10 59
43 11 1
43 12 33
43 13 17
43 14 3
43 15 69
43 16 17
43 17 20
43 18 7
43 19 74
43 20 1
43 21 34
43 22 5
43 23 10
43 24 20
43 25 72
43 26 52
43 27 78
43 28 4
43 29 14
43 30 47
43 31 22
43 32 38
43 33 37
43 35 45
43 37 54
43 39 23
43 40 62
43 41 18
43 42 1
44 1 76
44 2 1
44 3 68
44 4 6
44 5 74
44 6 18
44 7 27
44 8 27
44 9 44
44 10 40
44 12 69
44 13 1
44 14 14
44 15 40
44 17 66
44 18 29
44 19 76
44 20 33
44 21 34
44 22 4
44 23 40
44 24 21
44 25 22
44 26 77
44 27 1
44 28 73
44 29 32
44 30 1
44 31 7
44 32 31
44 33 26
44 34 42
44 35 48
44 37 67
44 38 40
44 39 48
44 40 79
44 41 12
44 42 14
44 43 4
45 0 36
45 1 12
45 2 61
45 3 13
45 4 37
45 5 23
45 6 73
45 7 52
45 8 47
45 9 50
45 10 1
45 11 29
45 12 40
45 13 3
45 14 63
45 15 5
45 16 47
45 17 68
45 18 41
45 19 10
45 20 79
45 23 64
45 24 72
45 25 65
45 27 61
45 28 68
45 29 3
45 30 75
45 31 52
45 32 31
45 33 52
45 34 22
45 36 64
45 37 76
45 38 36
45 41 77
45 42 62
45 43 49
45 44 76
46 0 61
46 1 50
46 2 44
46 3 25
46 4 15
46 7 50
46 8 58
46 10 43
46 11 64
46 12 71
46 13 71
46 14 67
46 15 42
46 16 53
46 17 71
46 19 60
46 20 27
46 21 77
46 22 6
46 23 17
46 24 69
46 25 19
46 26 67
46 27 31
46 29 17
46 31 72
46 32 47
46 33 10
46 34 35
46 35 72
46 36 63
46 37 74
46 38 30
46 39 32
46 41 58
46 42 38
46 43 72
46 45 77
47 0 39
47 1 11
47 4 45
47 5 77
47 6 78
47 7 65
47 8 61
47 10 25
47 11 41
47 12 6
47 13 3
47 14 5
47 15 79
47 16 40
47 17 34
47 19 21
47 20 45
47 21 74
47 22 59
47 23 57
47 26 57
47 27 19
47 28 6
47 29 60
47 30 79
47 31 64
47 32 33
47 33 7
47 34 5
47 35 7
47 36 20
47 37 11
47 38 37
47 39 4
47 40 43
47 42 73
47 43 32
47 44 38
47 45 30
47 46 67
48 0 14
48 1 71
48 3 72
48 4 79
48 5 33
48 6 47
48 7 20
48 8 39
48 9 34
48 10 51
48 11 25
48 12 23
48 13 34
48 14 19
48 15 67
48 16 13
48 17 10
48 18 53
48 19 6
48 20 42
48 21 60
48 22 42
48 23 9
48 24 48
48 25 61
48 26 67
48 28 9
48 29 59
48 30 20
48 31 5
48 32 63
48 33 14
48 34 34
48 35 59
48 36 4
48 38 46
48 40 18
48 41 66
48 42 65
48 43 57
48 44 7
48 45 14
48 46 77
48 47 60
49 0 76
49 2 16
49 3 26
49 4 57
49 5 29
49 7 47
49 8 17
49 9 26
49 10 26
49 11 23
49 12 20
49 13 45
49 14 57
49 15 5
49 16 60
49 17 12
49 20 68
49 21 58
49 22 32
49 23 29
49 25 77
49 26 29
49 27 23
49 29 51
49 30 78
49 31 21
49 32 36
49 33 52
49 34 19
49 35 10
49 36 22
49 37 28
49 39 79
49 40 20
49 41 29
49 42 59
49 43 72
49 44 27
49 45 34
49 46 72
49 47 9
49 48 56
