60
1 0 70
2 1 67
3 0 51
3 1 44
4 0 54
6 3 9
6 4 38
6 5 25
7 1 57
8 0 27
8 1 3
9 0 72
9 7 28
10 0 46
10 1 56
10 8 61
10 9 66
11 5 26
11 6 61
12 0 67
12 2 69
12 11 9
13 1 57
13 2 2
13 10 35
13 11 72
13 12 77
14 2 50
14 7 8
14 8 2
14 10 53
15 3 74
15 6 50
15 8 80
15 10 70
15 12 17
15 14 51
16 2 3
16 8 16
16 9 42
16 10 39
16 11 6
16 15 11
17 0 69
17 1 31
17 3 72
17 4 64
17 5 74
17 8 57
17 9 54
18 0 41
18 2 37
18 3 34
18 5 1
18 14 35
18 16 58
19 0 19
19 4 66
19 6 18
19 8 48
19 10 52
19 14 9
20 1 61
20 3 25
20 4 58
20 7 72
20 8 61
20 10 36
21 2 80
21 6 3
21 9 18
21 10 2
21 11 70
21 12 51
21 13 32
21 14 12
21 15 39
21 16 49
21 19 41
22 0 35
22 3 79
22 5 33
22 6 22
22 10 33
22 14 10
22 16 26
22 21 75
23 3 40
23 4 49
23 6 4
23 8 56
23 9 29
23 12 10
23 16 22
23 20 58
23 21 45
24 0 31
24 1 59
24 6 31
24 8 29
24 10 69
24 13 63
24 14 32
24 15 53
24 20 16
24 22 38
25 0 9
25 2 45
25 4 79
25 5 19
25 9 54
25 11 61
25 14 73
25 18 23
25 23 51
25 24 55
26 1 73
26 6 51
26 7 5
26 9 26
26 11 18
26 12 9
26 15 57
26 21 25
26 23 38
27 0 25
27 1 52
27 3 20
27 9 43
27 22 52
28 1 14
28 4 48
28 5 67
28 6 37
28 9 42
28 10 53
28 13 58
28 16 65
28 18 2
28 19 32
28 20 8
28 21 21
28 22 43
29 2 60
29 8 32
29 10 41
29 13 21
29 14 36
29 18 67
29 19 33
29 20 39
29 22 69
29 23 46
29 24 64
29 28 35
30 5 46
30 8 23
30 11 29
30 15 44
30 17 63
30 19 72
31 2 50
31 3 50
31 4 72
31 11 63
31 16 32
31 20 6
31 25 28
31 27 44
31 29 37
32 1 9
32 3 79
32 5 31
32 6 44
32 8 15
32 14 12
32 15 58
32 17 74
32 18 23
32 19 24
32 21 20
32 23 57
32 25 45
32 31 34
33 0 46
33 1 17
33 4 4
33 5 15
33 9 49
33 11 4
33 15 79
33 16 11
33 19 24
33 23 1
33 24 24
33 25 71
33 27 73
34 2 42
34 3 44
34 4 69
34 9 16
34 12 66
34 13 48
34 16 18
34 17 73
34 18 71
34 20 31
34 22 49
34 24 5
34 25 53
34 26 20
34 28 40
34 29 16
34 31 9
34 32 10
35 1 54
35 3 51
35 6 35
35 9 79
35 17 31
35 20 34
35 21 11
35 22 53
35 25 76
35 30 24
35 34 32
36 0 76
36 3 23
36 5 13
36 11 17
36 12 29
36 13 12
36 14 80
36 15 61
36 18 4
36 19 6
36 21 31
36 26 7
36 27 27
36 28 29
36 30 29
36 31 23
36 32 65
37 2 18
37 6 5
37 9 18
37 10 55
37 11 71
37 12 49
37 15 20
37 23 78
37 24 76
37 27 8
37 28 64
37 31 8
37 32 41
37 33 25
37 35 45
38 1 30
38 3 26
38 4 4
38 5 60
38 7 32
38 8 59
38 15 51
38 17 9
38 18 55
38 20 22
38 24 19
38 29 32
38 31 21
38 34 68
38 36 29
39 5 26
39 6 75
39 9 59
39 12 32
39 13 49
39 14 8
39 15 54
39 18 49
39 19 64
39 20 41
39 25 32
39 27 63
39 35 34
39 37 3
40 0 53
40 1 49
40 6 50
40 10 31
40 13 17
40 15 38
40 17 24
40 18 67
40 19 28
40 23 68
40 24 16
40 25 43
40 26 79
40 27 73
40 31 29
40 33 28
40 34 76
41 0 21
41 1 19
41 2 75
41 5 64
41 9 76
41 16 71
41 17 50
41 20 41
41 22 36
41 24 19
41 30 67
41 31 62
41 32 1
41 33 29
41 37 50
41 38 3
41 39 38
41 40 75
42 0 58
42 1 48
42 2 31
42 5 22
42 6 44
42 7 23
42 10 77
42 14 67
42 15 67
42 21 72
42 24 50
42 25 10
42 29 26
42 30 60
42 31 43
42 32 62
42 33 4
42 34 41
42 41 61
43 2 65
43 8 29
43 12 1
43 13 53
43 16 35
43 17 4
43 19 33
43 20 63
43 22 76
43 23 74
43 24 42
43 28 47
43 35 25
43 40 1
44 1 18
44 2 27
44 11 63
44 12 17
44 14 67
44 15 75
44 18 37
44 20 15
44 21 11
44 22 43
44 23 57
44 24 46
44 26 8
44 28 9
44 30 58
44 32 68
44 34 17
44 37 71
44 39 71
44 42 21
44 43 51
45 3 47
45 10 66
45 11 22
45 14 78
45 17 25
45 21 28
45 24 28
45 25 17
45 26 75
45 29 61
45 31 77
45 32 3
45 34 23
45 35 23
45 36 56
45 37 18
45 42 24
46 1 50
46 2 56
46 3 10
46 9 76
46 11 74
46 12 6
46 13 24
46 14 38
46 16 30
46 17 22
46 22 64
46 24 37
46 30 73
46 33 58
46 34 7
46 35 56
46 37 74
46 39 54
46 40 70
46 43 24
47 1 69
47 4 2
47 6 66
47 8 45
47 12 45
47 15 10
47 16 45
47 17 38
47 20 4
47 21 79
47 22 1
47 25 12
47 28 1
47 31 46
47 35 49
47 36 31
47 38 71
47 39 47
47 41 36
47 42 6
47 45 54
47 46 63
48 0 14
48 1 3
48 2 67
48 3 72
48 13 75
48 20 18
48 22 71
48 27 27
48 29 38
48 30 26
48 31 9
48 37 26
48 46 27
49 3 54
49 4 4
49 5 48
49 7 15
49 12 22
49 20 37
49 23 52
49 24 9
49 25 63
49 26 54
49 28 24
49 33 41
49 35 78
49 36 15
49 37 75
49 43 36
49 44 19
49 45 58
49 47 10
49 48 47
50 1 68
50 2 56
50 4 65
50 7 39
50 8 57
50 11 75
50 17 17
50 24 6
50 27 54
50 32 26
50 34 6
50 35 35
50 36 16
50 38 2
50 39 70
50 41 62
50 44 53
50 45 39
50 46 47
51 0 4
51 1 45
51 2 59
51 5 4
51 9 54
51 12 30
51 13 68
51 16 28
51 17 40
51 18 68
51 19 40
51 20 4
51 25 17
51 28 36
51 31 12
51 33 22
51 37 29
51 38 35
51 39 32
51 40 40
51 41 14
51 42 52
51 44 20
51 45 47
51 46 12
51 48 47
51 49 4
52 0 36
52 1 79
52 2 76
52 8 65
52 9 28
52 10 63
52 11 58
52 12 53
52 15 55
52 16 75
52 17 57
52 18 13
52 19 49
52 20 28
52 23 65
52 24 6
52 26 23
52 30 14
52 32 47
52 34 22
52 36 75
52 37 3
52 39 35
52 44 63
52 45 21
52 49 36
53 2 74
53 5 37
53 6 58
53 7 70
53 15 36
53 18 49
53 19 41
53 20 73
53 21 64
53 23 45
53 25 51
53 26 12
53 27 27
53 29 40
53 31 65
53 35 63
53 36 80
53 38 45
53 44 3
53 45 27
54 3 32
54 5 45
54 7 66
54 9 19
54 12 7
54 13 73
54 16 65
54 26 78
54 29 74
54 31 11
54 32 36
54 33 26
54 39 4
54 40 70
54 48 2
54 51 19
55 1 7
55 3 36
55 5 35
55 6 73
55 12 34
55 13 53
55 14 41
55 15 24
55 19 3
55 21 6
55 22 4
55 23 62
55 25 70
55 26 22
55 27 38
55 28 67
55 29 31
55 31 38
55 33 14
55 39 7
55 40 31
55 45 23
55 46 39
55 47 78
55 51 52
56 2 54
56 4 21
56 5 11
56 9 40
56 10 36
56 11 75
56 17 33
56 20 46
56 21 30
56 23 15
56 24 62
56 25 4
56 26 4
56 27 7
56 29 40
56 32 34
56 35 68
56 37 50
56 40 64
56 41 35
56 44 3
56 46 33
56 49 47
56 51 7
56 52 45
56 55 23
57 0 31
57 1 35
57 2 72
57 3 68
57 4 14
57 6 6
57 7 19
57 8 2
57 10 77
57 11 68
57 12 74
57 13 53
57 14 57
57 19 6
57 20 34
57 21 13
57 23 19
57 24 4
57 25 73
57 26 28
57 29 6
57 30 35
57 31 37
57 35 58
57 41 1
57 42 29
57 43 46
57 44 74
57 45 47
57 48 27
57 49 41
57 50 80
57 52 33
57 56 20
58 0 14
58 3 72
58 5 37
58 7 17
58 8 51
58 9 47
58 10 11
58 15 35
58 24 4
58 31 7
58 33 69
58 37 52
58 39 34
58 53 15
58 54 68
58 55 32
58 57 57
59 2 65
59 3 24
59 6 76
59 8 40
59 9 27
59 10 1
59 11 66
59 13 26
59 15 18
59 19 80
59 21 39
59 23 8
59 25 34
59 27 36
59 29 29
59 31 31
59 37 18
59 39 20
59 42 45
59 52 46
59 54 72
59 58 4
