60
1 0 4
2 0 7
4 0 4
4 1 1
4 3 7
5 0 2
5 1 10
5 2 1
5 3 9
5 4 8
6 1 3
6 4 9
7 3 4
7 6 2
8 1 7
8 2 2
8 4 5
8 5 10
8 7 10
9 0 7
9 1 9
9 3 9
9 5 8
9 7 6
10 1 5
10 3 9
10 5 3
10 7 9
10 8 9
11 1 9
11 4 9
12 2 4
12 4 6
12 7 5
12 11 5
13 1 6
13 2 10
13 4 8
13 5 4
13 6 7
13 10 8
14 2 7
14 4 3
14 9 1
14 10 3
14 12 9
14 13 4
15 3 1
15 4 5
15 8 4
15 9 9
15 12 2
16 0 2
16 3 5
16 5 8
16 7 10
16 8 2
16 9 1
16 11 7
16 13 2
17 4 9
17 5 8
17 6 5
17 7 6
17 9 7
17 11 9
17 12 1
17 15 1
17 16 7
18 4 7
18 11 2
18 15 10
18 16 5
19 0 5
19 4 7
19 6 5
19 11 6
19 13 9
20 1 7
20 3 1
20 4 9
20 6 9
20 9 9
20 13 5
20 14 2
20 15 8
20 16 5
20 17 3
20 19 10
21 1 6
21 3 7
21 5 2
21 6 5
21 8 3
21 10 4
21 12 2
21 14 2
21 15 4
21 16 10
21 19 7
21 20 10
22 1 3
22 7 5
22 10 9
22 12 2
22 15 8
22 16 4
22 17 4
22 20 9
23 1 9
23 3 9
23 7 3
23 11 10
23 15 4
23 16 1
23 17 5
23 19 4
23 22 9
24 1 6
24 4 10
24 6 3
24 16 6
24 18 3
24 19 7
25 0 9
25 2 4
25 3 3
25 4 1
25 8 10
25 9 6
25 12 10
25 17 1
25 20 10
25 21 2
26 1 9
26 5 8
26 11 10
26 15 8
26 16 4
26 18 1
26 19 3
26 20 6
26 21 5
26 22 2
26 23 1
26 24 8
27 2 4
27 4 9
27 5 1
27 6 8
27 9 10
27 12 1
27 13 7
27 16 9
27 17 10
27 19 9
27 22 10
27 24 2
27 25 2
28 1 8
28 2 5
28 3 8
28 6 8
28 8 5
28 11 1
28 16 3
28 18 1
28 22 5
28 24 2
28 26 3
29 1 9
29 3 2
29 6 9
29 7 7
29 19 4
29 20 4
29 22 5
29 25 6
29 27 2
30 0 4
30 4 3
30 5 10
30 16 10
30 17 9
30 18 3
30 20 2
30 21 6
30 22 7
30 24 2
30 25 10
30 27 2
30 28 6
30 29 10
31 0 6
31 3 8
31 4 9
31 5 8
31 9 10
31 10 4
31 11 10
31 12 3
31 17 8
31 18 8
31 20 2
31 21 5
31 22 4
31 25 2
31 26 3
31 28 9
31 29 8
32 0 4
32 2 9
32 4 6
32 7 10
32 9 2
32 12 4
32 13 7
32 14 10
32 15 7
32 16 9
32 17 5
32 21 1
32 22 1
32 24 5
32 25 4
32 31 7
33 0 9
33 2 3
33 10 9
33 11 1
33 14 2
33 20 7
33 21 3
33 32 9
34 2 10
34 3 2
34 6 10
34 7 2
34 11 1
34 12 3
34 13 1
34 16 3
34 19 6
34 21 3
34 26 3
34 29 9
34 31 4
34 33 5
35 0 6
35 1 8
35 3 4
35 8 5
35 10 5
35 11 4
35 17 10
35 20 7
35 23 5
35 27 6
35 28 1
35 30 6
35 31 7
35 32 10
36 0 7
36 1 4
36 2 4
36 7 9
36 8 1
36 11 6
36 13 6
36 14 3
36 17 5
36 20 4
36 21 3
36 22 5
36 26 5
36 27 9
36 31 2
36 32 1
36 33 7
36 34 10
37 0 6
37 4 4
37 9 4
37 10 7
37 16 3
37 17 2
37 18 2
37 21 4
37 24 9
37 26 1
37 28 6
37 30 2
37 35 8
37 36 7
38 4 7
38 7 6
38 8 6
38 11 9
38 12 1
38 13 8
38 14 5
38 17 10
38 20 10
38 21 7
38 22 3
38 24 1
38 27 2
38 30 10
38 31 10
38 35 5
39 1 4
39 3 9
39 4 4
39 7 2
39 9 4
39 11 7
39 12 6
39 15 8
39 23 4
39 24 6
39 25 10
39 26 9
39 28 1
39 30 9
39 32 5
39 33 4
39 34 3
39 37 9
39 38 8
40 0 2
40 1 4
40 2 3
40 5 3
40 6 1
40 11 10
40 12 10
40 13 4
40 21 6
40 22 10
40 27 9
40 29 9
40 31 8
40 35 8
40 39 6
41 8 3
41 11 1
41 13 7
41 14 2
41 16 1
41 17 4
41 18 4
41 20 1
41 22 6
41 23 1
41 27 1
41 28 5
41 31 9
41 33 4
41 37 10
41 38 5
41 39 9
41 40 8
42 0 8
42 4 10
42 6 4
42 10 1
42 14 3
42 18 1
42 21 10
42 24 3
42 26 3
42 27 4
42 32 7
42 36 8
42 37 10
42 38 7
42 41 5
43 2 7
43 3 1
43 7 8
43 11 5
43 12 4
43 13 4
43 14 9
43 15 3
43 18 2
43 21 6
43 24 5
43 31 10
43 34 3
43 35 10
43 36 8
43 37 4
43 38 4
43 41 5
44 0 1
44 2 1
44 3 1
44 10 1
44 11 1
44 12 2
44 13 8
44 14 10
44 15 3
44 17 2
44 21 1
44 28 6
44 30 2
44 31 10
44 32 6
44 34 6
44 35 8
44 37 3
44 38 1
44 41 1
44 42 6
45 0 10
45 1 7
45 5 7
45 6 8
45 7 1
45 9 1
45 10 3
45 11 8
45 12 7
45 13 6
45 14 2
45 17 10
45 19 4
45 30 4
45 34 8
45 39 8
45 43 8
45 44 9
46 3 10
46 4 6
46 6 8
46 11 2
46 14 10
46 15 8
46 19 5
46 23 6
46 25 6
46 26 7
46 27 7
46 28 4
46 30 10
46 31 6
46 32 9
46 34 9
46 35 1
46 38 2
46 41 7
47 1 5
47 2 1
47 4 3
47 5 3
47 7 1
47 9 7
47 14 5
47 16 9
47 18 8
47 20 3
47 21 2
47 23 3
47 24 7
47 25 7
47 30 6
47 31 3
47 34 7
47 36 3
47 38 3
47 40 7
47 43 9
48 2 1
48 3 10
48 4 3
48 7 9
48 8 3
48 9 6
48 11 8
48 13 10
48 14 3
48 18 8
48 21 4
48 22 5
48 23 1
48 25 9
48 28 4
48 31 9
48 33 5
48 37 4
48 38 9
48 39 2
48 42 6
49 1 5
49 2 10
49 4 2
49 7 4
49 8 5
49 12 3
49 13 1
49 16 5
49 17 8
49 21 5
49 24 3
49 25 2
49 27 7
49 28 10
49 29 9
49 30 4
49 31 1
49 32 2
49 33 5
49 35 10
49 36 3
49 39 2
49 40 6
49 45 3
49 46 8
49 47 5
50 7 10
50 8 9
50 12 5
50 16 7
50 17 1
50 20 8
50 21 1
50 22 8
50 25 6
50 27 4
50 28 1
50 34 3
50 37 7
50 40 5
50 41 5
50 45 10
50 48 6
51 2 8
51 3 5
51 4 5
51 5 9
51 6 10
51 7 8
51 8 7
51 10 10
51 11 5
51 12 1
51 14 2
51 15 1
51 21 7
51 22 10
51 23 1
51 26 4
51 30 4
51 31 5
51 33 4
51 43 8
51 44 2
51 47 5
51 50 2
52 0 8
52 2 7
52 4 6
52 5 6
52 6 9
52 8 5
52 9 7
52 12 8
52 14 5
52 15 3
52 16 5
52 20 8
52 23 6
52 24 1
52 26 4
52 27 7
52 29 10
52 30 5
52 32 1
52 34 3
52 35 6
52 36 8
52 38 3
52 39 9
52 42 4
52 44 7
52 45 4
52 46 6
52 47 9
52 50 3
52 51 10
53 1 2
53 5 7
53 8 3
53 12 8
53 13 2
53 14 5
53 15 10
53 25 3
53 27 6
53 28 4
53 29 8
53 35 9
53 37 3
53 39 3
53 42 8
53 43 4
53 47 5
53 50 6
54 0 4
54 4 6
54 5 10
54 11 7
54 12 1
54 14 7
54 19 7
54 20 1
54 23 3
54 25 3
54 31 1
54 33 6
54 35 8
54 36 10
54 38 1
54 39 9
54 40 5
54 41 8
54 44 3
54 45 8
54 46 10
54 49 10
54 50 4
55 0 8
55 3 3
55 4 7
55 5 3
55 11 7
55 15 7
55 17 2
55 20 5
55 21 3
55 23 9
55 28 10
55 29 5
55 30 8
55 33 10
55 35 6
55 37 7
55 41 5
55 42 4
55 43 5
55 44 4
55 46 4
55 48 3
55 53 9
55 54 2
56 7 6
56 13 6
56 14 1
56 17 1
56 18 2
56 23 9
56 28 6
56 29 7
56 31 8
56 32 1
56 37 3
56 38 8
56 43 4
56 45 1
56 48 6
56 49 7
56 51 10
56 53 7
56 54 9
57 0 9
57 2 9
57 3 5
57 6 3
57 8 7
57 9 1
57 10 2
57 16 5
57 17 9
57 18 2
57 21 8
57 22 6
57 25 4
57 26 7
57 28 5
57 29 6
57 30 10
57 31 6
57 32 5
57 33 10
57 34 6
57 35 7
57 39 5
57 41 10
57 49 10
57 55 2
57 56 10
58 1 5
58 2 9
58 3 4
58 4 9
58 6 2
58 11 1
58 12 8
58 13 7
58 20 9
58 21 9
58 23 6
58 27 10
58 28 10
58 36 2
58 43 10
58 46 3
58 47 9
58 48 7
58 50 8
58 52 10
58 53 8
58 55 8
58 56 1
58 57 2
59 0 4
59 2 4
59 6 10
59 7 4
59 16 5
59 18 6
59 22 7
59 23 2
59 25 2
59 27 3
59 45 6
59 48 2
59 53 2
59 55 7
