40
3 0 3
3 1 78
4 2 66
6 1 43
9 0 30
9 7 45
9 8 80
11 2 37
11 10 76
12 4 12
12 9 10
13 1 39
13 4 70
14 1 34
14 7 49
14 8 28
15 1 70
15 3 8
15 6 39
16 0 1
16 1 4
16 9 2
17 2 70
17 8 38
18 6 80
18 9 7
18 10 63
18 12 6
18 14 4
18 15 54
18 16 43
19 5 19
19 17 49
20 3 5
20 6 68
20 12 31
20 14 43
20 17 10
20 19 67
21 6 48
21 14 2
21 16 3
21 19 35
22 9 7
22 17 79
23 8 64
23 12 69
23 18 27
23 20 80
24 3 76
24 11 16
24 17 34
25 1 56
25 5 23
25 6 31
25 12 67
25 19 24
26 4 22
26 6 56
26 7 9
26 8 65
26 10 65
26 16 33
26 20 8
26 22 58
27 6 79
27 9 21
27 10 34
27 16 61
27 25 55
28 18 59
28 27 44
29 1 21
29 12 77
29 14 71
29 17 14
29 21 1
29 22 49
30 1 22
30 5 36
30 10 37
30 11 11
30 14 46
30 16 57
31 3 59
31 16 72
31 19 27
31 23 22
31 26 24
31 30 63
32 5 13
32 13 18
32 14 21
32 20 17
32 24 57
32 27 76
32 28 29
32 30 5
33 4 64
33 5 27
33 6 29
33 13 24
33 25 30
33 27 4
34 0 1
34 4 9
34 5 32
34 7 24
34 12 71
34 15 61
34 25 75
34 26 77
34 27 4
35 13 27
35 16 64
35 31 30
35 32 43
36 1 20
36 3 58
36 5 25
36 6 54
36 7 6
36 13 79
36 15 58
36 27 55
36 28 31
37 0 7
37 1 26
37 3 32
37 4 45
37 5 29
37 9 78
37 14 47
37 15 59
37 19 49
37 21 8
37 22 35
37 24 63
38 4 10
38 8 9
38 9 19
38 17 51
38 27 19
38 30 48
38 33 41
38 36 46
39 3 51
39 5 55
39 6 51
39 14 64
39 16 30
39 21 47
39 22 14
39 28 40
39 31 68
