70
3 0 7
4 1 6
5 0 5
6 0 6
6 1 8
7 0 8
7 1 2
7 2 10
7 4 3
9 7 10
9 8 2
10 5 7
10 9 2
11 5 7
11 7 4
12 3 1
13 4 3
13 8 4
14 13 5
15 3 10
16 5 2
16 9 1
17 2 7
17 3 4
17 4 5
17 7 5
17 9 10
18 7 2
18 9 3
18 12 8
18 16 9
18 17 5
19 2 1
19 4 8
19 18 7
20 0 8
20 1 4
20 8 5
20 10 7
20 11 4
20 15 2
20 18 4
21 1 2
21 3 5
21 8 2
21 19 4
21 20 9
22 1 10
22 3 8
22 9 8
22 10 6
22 14 5
22 21 1
23 1 9
23 7 1
23 14 10
23 15 5
23 17 4
23 21 2
24 3 6
24 11 10
24 14 3
24 20 6
25 3 1
25 5 8
25 17 9
25 20 10
26 11 5
26 13 8
26 14 6
26 16 1
26 22 7
27 17 1
27 23 3
27 26 6
28 1 10
28 6 8
28 7 9
28 8 8
28 12 3
28 21 8
29 1 10
29 4 2
29 10 10
29 13 9
29 15 3
29 16 10
29 20 2
29 23 1
29 24 8
30 6 1
30 14 1
30 27 7
31 0 4
31 4 4
31 6 6
31 15 3
31 20 8
31 22 5
31 25 9
31 27 5
32 8 3
32 9 9
32 10 9
32 16 5
32 22 2
32 27 7
33 2 7
33 4 8
33 11 6
33 14 6
33 15 8
33 16 10
33 18 6
33 30 3
34 6 9
34 9 3
34 16 8
34 26 6
35 0 7
35 13 8
35 21 7
35 23 6
36 5 8
36 11 7
36 13 9
36 18 8
36 20 9
36 26 6
36 27 3
36 32 1
36 34 2
37 0 6
37 11 2
37 15 10
37 16 4
37 20 6
37 32 9
37 34 2
37 36 9
38 7 4
38 11 1
38 15 7
38 16 7
38 21 5
38 33 1
39 1 6
39 4 3
39 11 3
39 14 10
39 16 1
39 23 8
39 30 9
39 31 4
40 1 9
40 6 1
40 8 8
40 10 10
40 15 7
40 35 9
41 3 9
41 9 3
41 11 6
41 12 9
41 21 10
41 24 4
41 27 6
41 29 5
41 31 1
41 33 7
41 40 8
42 2 1
42 7 9
42 9 5
42 19 4
42 22 7
42 29 8
42 31 9
42 33 2
42 38 7
43 2 4
43 6 5
43 10 2
43 15 3
43 19 8
43 25 7
43 30 9
43 31 4
43 34 8
44 1 2
44 2 1
44 3 7
44 4 6
44 7 10
44 8 2
44 12 7
44 14 3
44 22 5
44 23 1
44 26 2
44 27 2
44 29 2
44 31 7
44 33 2
44 43 2
45 10 8
45 11 4
45 14 5
45 22 1
45 29 6
45 31 4
46 3 10
46 7 10
46 9 4
46 11 1
46 12 7
46 16 5
46 23 4
46 38 10
47 7 3
47 8 10
47 14 1
47 15 9
47 18 9
47 22 5
47 23 8
47 31 2
47 32 2
47 38 5
47 41 1
48 7 4
48 8 10
48 12 2
48 29 3
48 44 4
48 45 4
49 0 8
49 3 1
49 15 7
49 18 2
49 19 2
49 21 4
49 24 6
49 27 2
49 34 6
49 47 6
50 0 10
50 2 4
50 11 3
50 13 8
50 19 1
50 28 1
50 30 1
50 36 7
50 37 10
51 2 6
51 8 2
51 9 5
51 13 4
51 23 1
51 26 1
51 30 2
51 37 10
51 42 7
51 45 4
51 46 9
52 3 4
52 9 6
52 19 8
52 27 5
52 28 5
52 34 10
52 42 8
52 45 7
52 47 2
53 10 5
53 18 7
53 19 7
53 21 1
53 22 10
53 23 4
53 24 5
53 25 5
53 29 5
53 31 2
53 33 6
53 38 10
53 41 2
53 42 10
53 46 6
53 49 1
54 0 4
54 2 2
54 11 5
54 18 4
54 22 5
54 25 7
54 28 6
54 29 8
54 34 4
54 39 7
54 44 10
54 47 6
54 50 7
55 0 4
55 4 2
55 10 7
55 11 10
55 15 7
55 20 2
55 22 5
55 28 1
55 40 4
55 50 7
55 51 1
56 1 10
56 9 8
56 12 6
56 13 3
56 14 5
56 16 1
56 18 9
56 30 4
56 35 7
56 37 5
56 48 4
56 51 4
56 54 1
57 2 9
57 3 1
57 5 7
57 16 3
57 19 8
57 21 8
57 26 5
57 31 5
57 37 6
57 42 10
57 50 5
57 51 4
58 1 5
58 2 6
58 24 1
58 25 10
58 30 6
58 43 3
58 50 6
58 55 10
58 56 2
59 1 7
59 11 4
59 14 2
59 28 10
59 30 9
59 31 3
59 34 3
59 48 7
59 52 4
59 55 2
59 56 9
60 14 9
60 16 8
60 17 6
60 21 8
60 28 9
60 38 10
60 47 9
60 52 8
60 53 5
61 6 7
61 11 4
61 13 10
61 24 2
61 26 6
61 27 4
61 33 8
61 41 7
61 48 7
61 57 3
61 59 4
62 0 5
62 3 4
62 6 3
62 7 5
62 21 5
62 25 8
62 31 9
62 37 7
62 39 5
62 44 4
62 48 7
62 49 7
62 51 10
62 57 6
62 59 9
63 5 9
63 7 5
63 8 2
63 20 3
63 26 5
63 34 7
63 48 3
63 51 5
63 62 4
64 4 9
64 8 7
64 13 2
64 14 3
64 23 5
64 27 9
64 31 10
64 36 5
64 39 6
64 42 2
64 46 3
64 57 4
64 61 7
64 63 10
65 1 8
65 4 4
65 5 3
65 6 7
65 10 6
65 16 1
65 27 4
65 33 4
65 34 10
65 41 1
65 48 4
65 52 10
65 53 2
65 59 9
66 6 10
66 20 1
66 24 6
66 25 9
66 26 3
66 41 9
66 44 8
66 52 7
66 54 6
66 62 1
66 63 4
67 3 4
67 10 2
67 12 7
67 18 3
67 24 2
67 25 2
67 27 9
67 28 8
67 36 6
67 38 8
67 59 6
68 0 3
68 2 1
68 4 6
68 5 6
68 12 8
68 14 6
68 19 6
68 21 3
68 24 3
68 28 1
68 30 2
68 35 4
68 45 3
68 47 8
68 53 8
68 62 1
68 65 6
69 3 7
69 5 8
69 10 6
69 11 6
69 13 3
69 18 3
69 19 5
69 20 2
69 21 2
69 23 3
69 33 8
69 41 4
69 47 1
69 49 1
69 53 4
69 58 7
69 68 6
