30
2 0 7
3 2 1
4 0 5
4 1 1
4 2 8
4 3 6
5 2 6
5 4 2
6 1 8
6 2 7
7 1 3
7 2 7
7 3 1
7 4 7
7 5 8
7 6 4
8 0 3
8 1 2
8 2 8
8 3 10
8 4 4
8 7 4
9 2 2
9 4 3
9 7 3
9 8 6
10 1 10
10 4 6
10 5 10
10 7 9
10 8 10
11 1 4
11 2 8
11 3 9
11 4 2
11 5 8
11 6 10
11 9 1
11 10 4
12 1 9
12 4 2
12 5 6
12 6 8
12 8 9
12 10 5
12 11 10
13 0 9
13 2 7
13 4 8
13 5 7
13 6 2
13 10 8
13 11 4
13 12 7
14 0 8
14 2 9
14 3 10
14 4 2
14 5 5
14 7 7
14 8 9
14 9 5
14 10 8
14 11 3
14 13 7
15 1 10
15 2 2
15 3 3
15 4 2
15 6 3
15 7 3
15 8 8
15 9 3
15 12 8
15 13 2
16 0 1
16 1 4
16 2 8
16 3 2
16 5 6
16 6 6
16 7 8
16 8 4
16 9 6
16 10 4
16 11 7
16 12 1
16 13 1
16 14 6
17 0 10
17 1 8
17 3 4
17 6 5
17 7 4
17 8 8
17 11 4
17 13 2
17 14 9
17 15 2
18 2 1
18 3 1
18 4 4
18 7 1
18 8 8
18 9 9
18 10 8
18 11 7
18 12 10
18 14 3
18 17 2
19 3 9
19 5 9
19 7 5
19 9 7
19 10 8
19 12 4
19 13 7
19 14 4
19 15 5
19 17 10
20 0 1
20 1 4
20 2 9
20 3 6
20 5 9
20 7 10
20 8 6
20 9 3
20 10 10
20 11 1
20 12 4
20 13 8
20 15 1
20 18 1
21 0 8
21 4 7
21 5 4
21 8 7
21 10 8
21 11 2
21 12 3
21 13 7
21 14 9
21 15 10
21 16 4
21 17 10
21 19 8
22 0 5
22 5 8
22 6 1
22 8 10
22 11 5
22 13 2
22 15 4
22 19 4
22 20 4
22 21 3
23 0 6
23 2 7
23 4 1
23 5 4
23 7 6
23 9 3
23 10 4
23 12 6
23 14 1
23 17 3
23 18 4
23 19 1
23 20 9
24 0 9
24 1 4
24 2 7
24 4 2
24 5 8
24 6 8
24 7 7
24 8 2
24 9 3
24 10 1
24 14 5
24 15 8
24 17 2
24 18 1
24 19 6
24 20 1
24 22 10
24 23 8
25 5 4
25 6 5
25 8 6
25 9 10
25 10 8
25 11 7
25 12 3
25 15 2
25 17 10
25 18 9
25 19 10
25 20 7
25 21 4
25 22 6
25 24 8
26 0 3
26 3 8
26 6 6
26 7 5
26 8 8
26 10 6
26 12 8
26 13 6
26 14 4
26 15 10
26 16 10
26 18 1
26 19 4
26 20 8
26 21 6
26 23 8
26 24 3
27 2 10
27 3 7
27 6 7
27 8 7
27 9 1
27 11 6
27 13 7
27 14 4
27 15 8
27 17 5
27 18 7
27 19 2
27 20 7
27 22 8
27 23 2
27 24 5
27 25 7
27 26 7
28 3 6
28 4 8
28 5 9
28 6 1
28 7 4
28 8 9
28 9 6
28 11 9
28 12 5
28 15 3
28 16 4
28 17 4
28 18 6
28 20 4
28 21 9
28 22 1
28 24 5
28 26 2
28 27 3
29 1 2
29 4 1
29 6 5
29 7 9
29 8 5
29 9 5
29 12 1
29 13 7
29 15 4
29 18 9
29 20 3
29 22 3
29 24 10
29 25 10
29 26 4
29 28 1
