20
1 0 20
2 0 1
2 1 2
3 0 16
3 1 20
3 2 20
4 0 20
4 1 9
4 2 2
5 0 20
5 1 7
5 2 7
5 4 4
6 0 5
6 1 16
6 2 8
6 3 18
6 4 7
6 5 10
7 0 16
7 1 7
7 3 2
7 4 19
7 5 7
7 6 16
8 0 11
8 1 10
8 2 9
8 3 5
8 4 9
8 5 10
8 6 4
9 0 13
9 1 20
9 2 20
9 3 8
9 4 2
9 5 13
9 6 4
9 7 9
9 8 14
10 0 17
10 1 20
10 2 19
10 3 15
10 4 4
10 5 19
10 6 5
10 7 12
10 8 5
10 9 3
11 0 14
11 1 5
11 2 1
11 4 20
11 5 5
11 8 12
11 9 6
11 10 18
12 0 1
12 1 8
12 2 15
12 3 10
12 4 14
12 5 16
12 6 17
12 7 14
12 9 10
12 10 7
12 11 1
13 0 6
13 1 13
13 2 15
13 4 15
13 5 16
13 6 15
13 7 6
13 8 17
13 9 7
13 10 5
13 11 2
14 0 8
14 1 7
14 2 13
14 3 20
14 4 9
14 5 3
14 6 19
14 7 3
14 9 19
14 10 13
14 11 12
14 12 3
14 13 2
15 0 9
15 1 14
15 2 10
15 3 18
15 4 7
15 5 20
15 7 19
15 8 14
15 9 11
15 10 20
15 11 8
15 12 1
15 13 1
15 14 2
16 0 9
16 1 17
16 2 1
16 3 20
16 4 7
16 6 15
16 7 15
16 9 1
16 10 9
16 11 3
16 12 20
16 13 7
16 14 7
16 15 6
17 0 10
17 1 3
17 2 16
17 3 5
17 4 7
17 5 14
17 6 9
17 7 9
17 8 7
17 9 2
17 11 9
17 12 20
17 13 13
17 14 20
17 15 2
17 16 11
18 1 9
18 2 9
18 3 20
18 4 9
18 5 8
18 6 2
18 8 12
18 9 9
18 11 16
18 13 9
18 14 20
18 15 12
18 16 2
18 17 11
19 0 12
19 1 1
19 3 19
19 4 7
19 6 11
19 7 17
19 8 4
19 10 4
19 11 15
19 13 2
19 14 1
19 16 18
19 18 6
