60
1 0 10
4 0 1
4 1 5
4 2 7
4 3 2
5 0 9
5 2 3
5 3 8
6 3 8
6 4 5
7 2 6
7 3 7
7 4 9
7 6 2
8 0 2
8 1 5
8 4 10
9 0 1
9 2 6
9 5 1
9 6 10
9 8 10
10 0 10
10 1 1
10 4 8
10 8 6
10 9 3
11 0 9
11 1 7
11 2 7
11 5 4
13 2 3
13 6 9
13 10 9
13 11 6
13 12 2
14 0 6
14 4 8
14 6 10
14 7 3
14 12 1
14 13 3
15 1 2
15 3 1
15 6 7
15 8 8
15 10 5
15 11 9
15 12 3
15 14 2
16 3 8
16 4 2
16 7 6
16 11 9
16 13 6
16 14 9
16 15 9
17 1 10
17 2 2
17 5 3
17 7 1
17 9 1
17 11 2
18 1 1
18 3 6
18 4 4
18 6 3
18 7 6
18 8 9
18 9 10
18 11 8
18 12 3
18 13 5
18 16 8
18 17 5
19 1 8
19 2 1
19 6 4
19 8 5
19 14 4
19 17 2
20 3 4
20 4 9
20 7 5
20 11 7
20 13 6
20 15 7
20 17 7
21 1 6
21 2 8
21 4 8
21 5 7
21 12 3
21 15 4
21 18 10
21 20 5
22 1 5
22 3 1
22 7 5
22 9 9
22 11 5
22 12 8
22 14 8
22 15 10
22 20 3
23 0 7
23 1 10
23 4 4
23 8 8
23 9 1
23 10 8
23 14 8
23 16 5
23 20 4
23 21 3
23 22 8
24 0 7
24 3 2
24 4 5
24 10 1
24 13 6
24 14 5
24 15 7
24 16 4
24 21 7
24 22 3
25 0 3
25 3 10
25 6 5
25 7 7
25 19 6
25 21 6
25 24 1
26 4 10
26 8 7
26 10 7
26 12 4
26 13 1
26 15 7
26 18 8
26 21 8
26 22 6
26 25 7
27 1 4
27 3 6
27 4 5
27 5 8
27 6 10
27 8 7
27 9 8
27 16 3
27 17 6
27 18 4
27 21 1
27 22 1
27 23 2
27 24 1
27 26 1
28 0 3
28 2 7
28 3 2
28 7 8
28 15 5
28 17 5
28 19 10
28 20 2
28 22 5
29 4 10
29 6 2
29 9 4
29 13 4
29 15 1
29 17 9
29 19 3
29 22 6
29 23 7
29 28 6
30 1 4
30 3 7
30 5 4
30 6 8
30 8 6
30 9 9
30 10 4
30 11 9
30 12 2
30 16 9
30 18 1
30 25 2
30 26 10
31 3 7
31 4 5
31 8 5
31 9 1
31 10 4
31 14 7
31 15 4
31 16 1
31 18 5
31 20 5
31 23 5
31 27 1
31 28 10
31 29 5
32 0 3
32 3 3
32 6 7
32 7 1
32 11 4
32 12 1
32 13 3
32 14 10
32 18 8
32 19 2
32 22 5
32 23 1
32 24 1
32 27 6
32 28 10
33 1 5
33 3 3
33 6 8
33 9 5
33 10 5
33 11 6
33 14 5
33 15 3
33 17 9
33 18 3
33 22 4
33 24 8
34 0 6
34 1 4
34 4 9
34 6 6
34 13 4
34 16 5
34 19 7
34 20 3
34 21 2
34 23 4
34 24 8
34 31 8
34 32 1
34 33 7
35 2 3
35 3 8
35 4 8
35 7 2
35 8 6
35 9 10
35 11 3
35 12 7
35 13 8
35 17 3
35 20 3
35 21 9
35 27 4
35 28 10
35 30 6
35 31 2
35 32 5
36 0 1
36 2 5
36 3 8
36 7 9
36 8 7
36 10 1
36 11 8
36 12 4
36 16 8
36 23 2
36 24 3
36 25 5
36 27 10
36 28 2
36 30 3
37 0 1
37 1 1
37 11 9
37 12 9
37 15 4
37 19 3
37 20 1
37 22 9
37 25 1
37 27 10
37 29 9
37 31 9
37 34 6
37 35 10
38 2 2
38 6 7
38 7 7
38 12 3
38 13 5
38 14 9
38 15 9
38 16 1
38 19 8
38 20 8
38 23 6
38 24 7
38 25 7
38 26 1
38 27 5
38 29 4
38 32 1
38 36 3
39 7 9
39 11 6
39 13 7
39 15 5
39 16 5
39 17 1
39 19 1
39 21 3
39 22 3
39 25 7
39 30 9
39 31 5
39 33 1
39 35 6
39 36 10
39 38 1
40 0 1
40 1 2
40 2 10
40 4 6
40 11 3
40 16 1
40 17 1
40 18 3
40 20 2
40 21 1
40 23 1
40 32 10
40 33 1
40 34 3
41 1 8
41 3 4
41 4 8
41 5 9
41 7 6
41 11 2
41 12 3
41 14 1
41 15 7
41 16 7
41 20 9
41 22 2
41 23 8
41 25 4
41 26 5
41 33 9
41 35 6
41 37 3
41 39 2
42 1 3
42 3 8
42 4 9
42 8 3
42 11 9
42 14 7
42 23 8
42 29 10
42 32 2
42 35 8
42 37 6
42 39 1
43 1 3
43 2 10
43 3 4
43 4 2
43 5 6
43 7 9
43 8 5
43 11 4
43 12 5
43 14 6
43 15 4
43 16 7
43 18 6
43 19 5
43 23 5
43 25 4
43 26 2
43 27 8
43 33 8
43 35 5
43 36 1
43 37 7
43 39 6
43 40 1
44 0 10
44 1 7
44 8 10
44 9 6
44 12 1
44 18 8
44 22 9
44 26 9
44 30 4
44 31 6
44 33 7
44 34 3
44 35 10
44 36 4
44 38 6
44 42 8
45 2 6
45 3 10
45 5 6
45 6 7
45 9 5
45 14 2
45 16 2
45 19 1
45 23 8
45 29 3
45 30 6
45 33 2
45 37 10
45 38 7
45 39 5
45 41 9
45 42 3
45 43 10
45 44 10
46 2 7
46 5 3
46 6 7
46 8 5
46 9 5
46 10 4
46 11 10
46 12 4
46 13 9
46 14 5
46 17 3
46 20 9
46 21 5
46 24 4
46 32 7
46 36 10
46 39 7
46 40 2
46 42 1
46 43 4
46 45 8
47 1 5
47 3 2
47 5 9
47 10 5
47 13 2
47 14 1
47 16 9
47 17 9
47 23 6
47 24 2
47 25 5
47 26 8
47 30 9
47 31 10
47 35 8
47 37 9
47 42 6
48 5 10
48 7 6
48 8 10
48 12 8
48 13 10
48 15 9
48 16 5
48 17 5
48 23 3
48 25 4
48 27 5
48 28 9
48 29 5
48 34 2
48 35 6
48 39 5
48 40 5
48 41 9
48 44 4
48 46 9
48 47 4
49 1 7
49 2 9
49 4 3
49 5 6
49 9 8
49 12 6
49 18 7
49 20 10
49 21 1
49 25 8
49 28 2
49 30 9
49 34 7
49 36 8
49 37 2
49 38 5
49 39 2
49 40 1
49 41 9
49 42 10
49 45 4
49 46 6
49 48 2
50 0 9
50 1 6
50 3 2
50 5 4
50 8 3
50 14 10
50 16 6
50 18 8
50 20 10
50 21 4
50 22 3
50 27 1
50 28 10
50 37 8
50 42 4
50 46 7
50 47 8
51 4 1
51 5 9
51 10 2
51 12 6
51 13 2
51 19 2
51 21 2
51 22 2
51 23 10
51 25 4
51 27 7
51 31 8
51 34 2
51 39 9
51 40 2
51 42 5
51 48 9
52 0 7
52 2 4
52 3 9
52 4 1
52 7 6
52 8 2
52 11 4
52 12 9
52 13 3
52 18 10
52 20 5
52 21 8
52 22 1
52 24 7
52 25 7
52 27 8
52 28 4
52 30 7
52 32 3
52 33 2
52 43 4
52 45 10
52 46 10
53 0 4
53 2 8
53 4 7
53 9 3
53 10 2
53 15 3
53 18 3
53 19 4
53 20 9
53 21 7
53 22 3
53 23 3
53 25 7
53 27 3
53 28 9
53 30 10
53 35 10
53 36 1
53 37 7
53 39 5
53 42 7
53 46 8
53 48 6
53 50 2
53 51 9
54 2 2
54 3 10
54 4 9
54 5 2
54 6 6
54 9 10
54 10 5
54 14 9
54 15 9
54 19 8
54 21 6
54 22 10
54 27 3
54 29 9
54 32 3
54 34 8
54 38 8
54 42 8
54 49 2
54 50 4
55 1 10
55 3 8
55 10 4
55 18 9
55 20 7
55 22 8
55 23 5
55 24 5
55 25 5
55 28 2
55 36 8
55 37 2
55 40 8
55 41 2
55 42 6
55 46 3
55 47 3
55 49 10
55 53 6
56 0 2
56 2 1
56 5 7
56 6 3
56 11 3
56 12 4
56 14 2
56 17 8
56 24 7
56 25 5
56 27 5
56 30 10
56 31 1
56 32 8
56 35 2
56 37 7
56 38 10
56 42 7
56 44 3
56 46 2
56 49 3
56 50 1
56 51 8
56 52 9
57 1 6
57 6 6
57 7 1
57 9 6
57 10 4
57 11 6
57 12 6
57 19 9
57 24 7
57 31 2
57 32 6
57 37 3
57 40 6
57 43 10
57 45 4
57 48 4
57 49 5
57 52 10
58 3 9
58 4 6
58 5 8
58 7 5
58 10 4
58 13 2
58 16 4
58 18 8
58 19 7
58 20 2
58 24 10
58 27 2
58 28 1
58 29 8
58 32 1
58 39 4
58 40 4
58 42 8
58 45 2
58 49 5
58 50 6
58 51 9
58 52 5
59 0 7
59 3 2
59 4 8
59 7 6
59 10 6
59 12 6
59 19 4
59 21 8
59 22 10
59 23 6
59 24 4
59 33 6
59 35 1
59 36 10
59 37 9
59 38 10
59 40 7
59 43 6
59 44 10
59 46 8
59 48 2
59 53 8
59 54 1
59 56 10
59 57 3
