50
4 0 3
5 2 10
5 3 13
6 0 3
6 2 6
6 4 28
6 5 11
7 5 15
8 3 31
8 6 38
9 5 18
10 1 4
10 9 7
11 3 1
11 7 2
11 9 22
12 1 29
12 4 26
12 8 7
12 10 24
12 11 27
13 9 21
14 1 4
14 3 8
14 6 18
14 7 40
14 9 34
15 2 30
15 3 2
15 8 14
15 9 25
16 3 1
16 10 7
17 8 35
17 10 31
17 12 27
17 14 24
17 15 40
18 0 40
18 7 31
18 10 5
18 11 9
19 3 11
19 7 34
19 12 20
20 0 14
20 1 30
20 8 37
20 9 5
20 12 29
20 16 25
20 19 2
21 0 7
21 1 11
21 2 40
21 5 1
21 6 2
21 9 19
21 11 23
21 13 31
21 19 15
21 20 38
22 2 35
22 6 38
22 10 14
22 14 31
22 18 29
22 20 20
23 0 17
23 12 14
23 15 39
24 0 6
24 2 37
24 10 17
24 21 37
24 22 34
25 5 21
25 7 25
25 17 40
25 21 35
25 22 29
25 23 10
26 2 24
26 3 33
26 5 35
26 24 25
27 13 28
27 17 5
27 22 6
28 16 30
28 19 15
28 27 7
29 2 23
29 7 40
29 8 11
29 9 9
29 10 24
29 15 17
29 22 29
29 27 11
29 28 3
30 2 30
30 4 13
30 5 5
30 10 9
30 13 32
30 18 28
30 27 38
30 28 33
31 1 28
31 11 24
31 22 26
31 23 18
31 25 2
31 26 14
31 27 32
31 28 28
31 30 28
32 3 9
32 8 13
32 18 36
32 23 22
33 0 40
33 17 34
33 29 40
33 31 19
34 1 36
34 3 5
34 15 19
34 17 1
34 25 19
35 1 12
35 32 9
36 0 6
36 9 36
36 16 26
36 24 31
36 34 40
37 8 18
37 10 14
37 27 1
37 29 32
37 31 37
38 10 27
38 13 37
38 18 27
38 19 26
38 25 2
38 31 34
38 37 5
39 5 21
39 18 11
39 24 4
39 26 10
39 31 27
39 33 1
39 34 15
39 37 11
40 3 16
40 8 24
40 12 26
40 15 29
40 17 33
40 36 18
40 38 7
40 39 29
41 6 2
41 13 28
41 16 8
41 20 8
41 21 11
41 36 29
41 40 17
42 1 22
42 2 23
42 12 7
42 13 32
42 14 23
42 20 30
42 22 18
42 24 3
42 33 40
43 8 40
43 11 36
43 17 18
43 20 17
43 28 26
43 33 11
43 37 17
44 0 31
44 9 22
44 23 8
44 27 10
44 28 6
44 33 11
45 1 16
45 4 13
45 5 12
45 7 5
45 15 30
45 16 37
45 23 6
45 31 35
45 33 24
45 35 23
45 42 3
45 44 31
46 10 15
46 11 2
46 19 26
46 23 20
46 34 1
46 43 38
46 44 5
47 2 16
47 12 27
47 19 12
47 22 31
47 24 27
47 26 19
47 40 26
48 2 18
48 9 31
48 10 33
48 11 28
48 12 37
48 19 28
48 21 4
48 42 3
48 46 24
49 5 13
49 12 35
49 18 8
49 26 3
49 29 33
49 34 4
49 35 3
49 38 35
49 39 19
49 41 24
