70
2 0 31
2 1 18
3 1 1
3 2 14
4 3 16
5 0 37
5 1 20
6 2 9
6 3 7
7 2 11
8 7 24
9 5 2
9 8 6
10 7 17
11 0 1
11 1 10
11 3 34
11 6 10
11 10 6
12 0 21
12 6 25
12 7 21
12 8 16
12 9 29
13 1 6
13 2 21
13 5 9
13 6 6
14 3 26
14 7 13
14 8 36
14 11 5
15 1 34
15 3 31
15 12 38
15 14 2
16 1 40
16 2 38
16 4 24
16 5 37
16 6 31
16 9 13
16 11 40
17 3 10
17 5 40
17 6 8
17 8 2
17 13 24
18 0 37
18 8 30
18 9 40
18 15 13
18 16 31
19 0 21
19 2 23
19 5 34
19 11 26
19 16 14
20 6 18
20 8 12
20 9 5
20 10 28
20 11 34
20 14 17
20 15 24
20 17 3
21 7 40
21 8 35
21 16 10
21 18 14
21 20 30
22 1 17
22 5 1
22 9 8
22 12 27
22 13 24
22 15 23
22 18 31
22 20 32
22 21 30
23 4 9
23 5 14
23 7 4
23 8 3
23 19 31
23 20 34
24 2 3
24 9 3
24 10 23
24 11 10
24 15 25
24 19 27
24 22 39
25 0 18
25 3 33
25 6 12
25 13 20
25 15 38
25 21 19
26 2 14
26 6 23
26 7 20
26 14 28
26 17 28
26 21 18
26 23 18
26 24 18
27 2 3
27 4 39
27 5 11
27 7 38
27 16 25
27 21 38
27 25 8
28 5 7
28 6 26
28 8 18
28 13 25
28 15 31
28 17 35
28 20 32
28 21 21
28 24 20
28 27 6
29 1 7
29 2 37
29 6 16
29 9 14
29 10 16
29 12 8
29 14 11
29 16 22
29 17 14
29 25 14
29 27 1
29 28 8
30 3 28
30 4 12
30 9 19
30 11 32
30 12 13
30 21 3
30 22 35
30 27 10
31 1 40
31 3 32
31 14 28
31 16 25
31 18 31
31 23 10
31 25 18
31 26 16
31 27 29
31 29 6
32 5 36
32 6 13
32 15 28
32 18 23
32 21 4
32 28 31
33 0 17
33 5 19
33 7 37
33 16 31
33 19 32
33 21 10
33 22 5
33 23 11
34 2 16
34 3 30
34 6 11
34 7 11
34 8 7
34 13 20
34 15 10
34 17 17
34 22 13
34 23 12
34 33 16
35 1 15
35 2 7
35 3 3
35 4 20
35 7 10
35 9 2
35 10 28
35 11 28
35 12 23
35 13 8
35 17 32
35 18 26
35 19 6
35 26 37
35 27 32
35 29 21
35 32 4
35 34 20
36 1 11
36 3 36
36 6 8
36 10 34
36 11 2
36 13 37
36 20 10
36 24 5
36 32 5
36 33 3
36 34 39
37 1 28
37 8 33
37 9 34
37 10 31
37 15 39
37 18 10
37 29 13
37 32 8
37 33 12
38 3 26
38 4 23
38 5 30
38 9 14
38 13 18
38 14 13
38 16 29
38 18 11
38 20 16
38 23 22
38 26 30
38 27 32
38 32 18
38 34 34
38 35 29
38 36 22
39 3 4
39 5 11
39 6 36
39 9 39
39 10 16
39 11 3
39 13 6
39 18 3
39 24 9
39 25 27
39 26 28
39 29 28
39 33 11
40 3 17
40 4 8
40 7 19
40 8 17
40 9 2
40 13 11
40 14 27
40 15 32
40 17 4
40 18 1
40 23 15
40 26 3
40 29 26
40 31 17
40 35 37
40 38 36
40 39 38
41 1 15
41 9 38
41 18 26
41 20 21
41 22 31
41 24 2
41 25 19
41 28 25
41 30 1
41 31 14
41 37 13
41 39 26
42 3 1
42 9 29
42 13 35
42 14 31
42 17 7
42 23 15
42 26 37
42 33 34
42 34 37
42 35 33
42 37 17
43 1 1
43 3 31
43 5 8
43 8 40
43 12 9
43 16 14
43 23 15
43 30 25
43 34 7
43 41 32
44 3 39
44 5 9
44 6 3
44 11 1
44 14 22
44 20 25
44 21 2
44 23 7
44 31 22
44 33 2
44 35 16
44 39 19
44 40 39
44 43 18
45 1 9
45 5 17
45 6 4
45 8 35
45 13 1
45 19 24
45 20 23
45 24 25
45 26 1
45 30 31
45 34 20
45 38 19
45 40 28
45 43 39
46 2 33
46 6 36
46 7 1
46 9 32
46 19 34
46 21 16
46 22 9
46 23 24
46 25 29
46 31 1
46 33 1
46 37 19
46 41 17
46 42 21
46 45 6
47 1 27
47 5 11
47 10 16
47 12 40
47 13 20
47 14 32
47 15 20
47 18 17
47 20 25
47 24 4
47 25 25
47 27 36
47 33 11
47 35 27
47 36 24
47 45 23
48 4 40
48 9 30
48 19 28
48 20 36
48 21 39
48 23 37
48 24 18
48 27 8
48 29 16
48 30 30
48 31 39
48 36 29
48 38 30
48 39 16
48 41 27
48 42 34
48 46 2
49 3 22
49 5 19
49 7 16
49 8 39
49 11 17
49 12 3
49 15 13
49 17 12
49 23 17
49 27 23
49 29 17
49 31 32
49 34 35
49 35 39
49 36 17
49 37 25
49 42 27
50 0 38
50 3 38
50 4 33
50 7 38
50 12 38
50 13 1
50 14 28
50 24 24
50 34 27
50 36 39
50 39 24
50 45 26
50 49 36
51 2 20
51 6 18
51 7 15
51 8 17
51 11 29
51 19 22
51 23 39
51 25 4
51 27 30
51 30 5
51 33 34
51 35 5
51 43 33
51 46 25
51 47 6
52 0 28
52 1 27
52 6 14
52 9 1
52 16 40
52 22 25
52 26 38
52 31 9
52 39 33
52 44 27
52 47 2
52 50 2
53 2 32
53 4 31
53 5 17
53 6 22
53 7 20
53 14 29
53 15 27
53 16 20
53 20 40
53 32 8
53 34 32
53 43 17
53 49 6
54 0 19
54 1 6
54 2 4
54 3 28
54 8 22
54 10 40
54 11 17
54 12 10
54 14 30
54 22 12
54 24 10
54 27 37
54 30 40
54 41 21
54 42 35
54 46 22
55 0 28
55 11 27
55 12 23
55 14 7
55 15 27
55 18 15
55 20 24
55 21 24
55 26 19
55 29 1
55 32 10
55 34 16
55 35 33
55 36 29
55 39 6
55 41 32
55 44 27
55 45 9
55 48 18
55 52 27
55 53 15
56 1 9
56 2 3
56 3 39
56 10 15
56 11 12
56 16 9
56 17 6
56 27 26
56 29 13
56 34 34
56 35 31
56 45 14
56 46 9
56 50 15
56 53 18
56 54 23
57 2 8
57 6 21
57 8 23
57 10 33
57 14 1
57 15 27
57 17 34
57 23 35
57 24 6
57 27 28
57 28 28
57 37 35
57 41 6
57 42 4
57 43 7
57 45 17
57 48 18
57 49 10
57 51 21
57 53 16
57 55 30
58 3 5
58 4 18
58 6 37
58 9 3
58 11 4
58 13 35
58 15 35
58 18 21
58 20 37
58 22 33
58 24 30
58 31 38
58 32 1
58 36 12
58 40 33
58 42 3
58 43 14
58 48 1
58 49 37
58 50 37
58 52 26
58 53 36
58 55 1
58 56 25
59 0 29
59 2 29
59 4 32
59 5 11
59 7 30
59 10 26
59 11 35
59 14 8
59 18 16
59 22 25
59 26 16
59 28 20
59 32 27
59 38 5
59 39 16
59 43 3
59 44 4
59 45 24
59 50 30
59 51 32
59 54 6
59 55 1
59 56 29
60 12 8
60 16 21
60 17 33
60 18 16
60 19 18
60 22 36
60 23 9
60 31 4
60 37 30
60 40 20
60 42 18
60 43 12
60 44 33
60 45 25
60 47 27
60 53 21
60 54 17
60 55 22
60 57 37
60 58 12
61 1 16
61 3 28
61 4 39
61 12 13
61 13 37
61 17 12
61 20 23
61 21 25
61 23 34
61 28 20
61 30 40
61 32 3
61 34 38
61 37 26
61 40 24
61 42 38
61 44 28
61 47 23
61 51 33
61 53 17
61 60 10
62 1 26
62 4 9
62 8 16
62 9 2
62 10 19
62 12 21
62 13 38
62 18 22
62 20 21
62 22 39
62 23 25
62 24 38
62 25 27
62 30 27
62 31 18
62 33 10
62 52 3
62 57 36
63 7 17
63 13 28
63 21 28
63 27 29
63 28 15
63 31 1
63 32 31
63 37 7
63 41 6
63 44 10
63 49 24
63 50 28
63 53 35
63 55 39
63 58 16
63 61 36
63 62 7
64 7 39
64 9 22
64 10 22
64 11 12
64 12 39
64 13 32
64 14 5
64 15 13
64 16 11
64 18 31
64 19 23
64 22 20
64 24 11
64 26 38
64 27 10
64 30 26
64 31 31
64 34 20
64 36 32
64 41 33
64 47 1
64 52 26
64 54 27
64 56 20
64 57 7
65 10 26
65 11 8
65 12 27
65 15 25
65 19 15
65 22 32
65 23 1
65 26 5
65 28 6
65 31 34
65 36 30
65 37 26
65 39 19
65 42 25
65 44 39
65 50 31
66 1 21
66 2 11
66 3 14
66 6 18
66 8 2
66 10 27
66 11 16
66 16 13
66 18 5
66 24 1
66 27 34
66 30 17
66 32 33
66 36 40
66 43 39
66 46 17
66 59 26
66 61 29
66 65 20
67 5 20
67 18 31
67 22 13
67 28 14
67 32 8
67 34 26
67 35 2
67 41 18
67 42 11
67 49 38
67 51 20
67 53 4
67 54 30
67 59 15
67 60 35
68 3 1
68 7 8
68 11 25
68 13 20
68 21 18
68 24 36
68 25 7
68 26 4
68 27 13
68 28 29
68 29 33
68 34 10
68 35 11
68 38 38
68 40 31
68 49 26
68 50 32
68 59 8
68 62 29
68 65 35
69 0 35
69 2 39
69 12 39
69 13 6
69 14 4
69 17 29
69 21 24
69 23 7
69 27 19
69 29 24
69 32 8
69 35 16
69 36 39
69 41 25
69 43 18
69 48 34
69 51 28
69 52 24
69 54 36
69 60 15
69 61 37
69 63 33
69 68 39
