60
2 0 117
5 1 136
5 3 117
6 1 139
7 1 72
8 0 16
9 0 54
10 4 128
10 5 131
10 8 49
11 0 119
11 9 103
11 10 33
12 2 113
12 5 61
12 7 150
12 8 113
12 10 60
13 3 77
13 4 68
13 5 52
13 7 77
14 0 109
14 7 19
15 2 26
15 4 36
16 4 131
16 8 150
16 11 89
16 14 27
16 15 72
17 1 29
17 3 1
17 4 110
17 8 3
17 12 111
17 13 144
18 14 149
18 15 12
19 9 129
20 2 134
20 8 16
20 15 27
20 16 24
20 18 48
21 0 108
21 1 64
21 5 60
21 13 106
21 14 89
21 16 141
21 20 99
22 4 13
22 7 66
22 9 35
22 11 95
22 12 119
22 13 12
22 16 40
22 18 106
23 13 45
23 16 100
23 19 139
23 20 7
24 7 71
24 9 31
24 16 77
24 18 74
24 21 91
25 4 88
25 13 42
25 15 18
25 17 92
25 24 157
26 3 30
26 17 7
27 1 46
27 3 107
27 5 140
27 8 113
27 12 16
27 24 123
28 5 49
28 7 65
28 11 56
28 17 141
28 19 156
28 24 41
29 2 137
29 17 22
29 23 56
29 28 109
30 0 139
30 10 70
30 23 96
30 27 136
30 28 110
30 29 14
31 12 93
31 16 147
31 22 60
31 29 89
31 30 95
32 2 28
32 3 85
32 4 37
32 7 115
32 16 78
32 17 20
32 18 156
32 19 54
33 15 154
33 20 78
33 26 26
33 32 51
34 4 69
34 13 78
34 15 123
34 17 30
34 21 141
34 24 144
34 31 106
35 3 135
35 13 38
35 15 112
35 21 90
35 26 96
35 28 1
36 5 131
36 7 104
36 14 36
36 19 84
36 24 150
36 25 17
36 26 39
36 31 158
36 34 129
37 1 158
37 8 43
37 19 145
37 23 136
37 24 155
37 31 156
37 34 2
38 5 125
38 6 136
38 12 100
38 14 80
38 17 90
38 18 30
38 21 52
38 23 92
38 27 144
38 31 142
39 8 158
39 13 77
39 15 103
39 16 23
39 23 157
39 25 14
39 31 107
39 32 19
40 9 160
40 14 12
40 22 154
40 26 26
40 30 4
40 31 23
40 32 91
40 33 15
40 35 130
41 1 9
41 3 30
41 8 49
41 14 9
41 22 10
41 24 17
41 26 98
41 37 11
42 11 9
42 15 149
42 16 144
42 18 62
42 19 13
42 21 114
43 0 48
43 11 82
43 21 123
43 27 82
43 30 89
43 33 29
43 34 150
43 36 10
43 37 31
43 42 108
44 0 110
44 13 65
44 14 121
44 15 83
44 31 61
44 42 58
45 11 100
45 16 41
45 17 87
45 23 53
45 26 18
45 27 134
45 31 18
45 39 102
46 0 125
46 4 18
46 7 59
46 8 72
46 15 76
46 18 12
46 21 74
46 26 96
46 28 141
46 30 114
46 32 73
46 33 24
46 36 107
46 37 105
46 42 90
46 44 23
47 10 71
47 17 160
47 18 16
47 19 131
47 24 74
47 38 160
47 39 98
47 41 47
48 2 117
48 5 120
48 10 44
48 14 116
48 22 159
48 29 87
48 34 57
48 37 3
48 38 71
48 42 50
48 43 128
49 0 121
49 5 139
49 6 131
49 9 1
49 12 141
49 14 22
49 16 104
49 17 120
49 18 64
49 20 110
49 35 88
49 36 96
49 38 39
49 39 89
49 40 138
50 7 77
50 14 36
50 16 134
50 17 157
50 23 50
50 25 137
50 28 55
50 30 142
50 32 34
50 39 45
50 45 101
50 49 136
51 6 119
51 8 91
51 12 22
51 17 146
51 19 26
51 21 141
51 22 57
51 24 65
51 31 125
51 39 52
51 43 122
51 50 136
52 14 35
52 21 104
52 32 62
52 47 115
52 48 11
53 5 58
53 7 51
53 16 60
53 18 107
53 19 107
53 26 26
53 37 60
53 39 122
53 42 111
53 48 47
54 15 134
54 17 53
54 21 109
54 26 108
54 31 1
54 36 72
54 40 3
54 43 58
54 49 108
54 50 2
55 0 23
55 7 102
55 13 112
55 15 152
55 30 68
55 31 4
55 44 24
55 47 110
56 2 152
56 10 113
56 12 77
56 16 113
56 18 153
56 19 47
56 21 154
56 27 50
56 29 52
56 32 141
56 35 41
56 43 110
56 53 96
57 0 143
57 5 3
57 7 76
57 12 25
57 19 74
57 21 57
57 27 39
57 29 157
57 30 89
57 32 143
57 34 115
57 38 26
57 54 102
58 1 80
58 10 134
58 17 86
58 19 94
58 20 35
58 21 83
58 24 17
58 28 19
58 30 35
58 38 57
58 39 97
58 49 17
58 54 115
58 57 151
59 2 150
59 3 119
59 6 8
59 26 158
59 35 112
59 40 33
59 41 68
59 43 89
59 44 64
