50
1 0 60
2 0 68
2 1 20
5 3 67
6 4 33
7 3 64
7 4 65
8 2 68
8 5 59
9 6 22
9 7 33
10 0 43
10 4 57
10 6 70
10 7 71
11 6 54
12 0 18
12 5 59
12 6 40
12 11 73
13 0 67
13 7 4
14 1 62
14 9 4
14 12 68
15 0 13
15 1 36
15 4 22
15 8 33
15 11 80
15 12 71
15 13 44
15 14 67
16 1 51
17 0 12
17 2 29
17 6 52
17 10 73
17 12 26
18 3 19
18 14 60
19 0 26
19 3 62
19 4 36
19 5 63
19 6 18
19 7 42
19 9 54
19 11 52
19 17 52
19 18 65
20 1 18
20 8 64
20 10 70
20 11 24
20 14 11
20 17 42
20 18 52
21 2 62
21 5 11
21 7 67
21 8 79
21 9 13
21 16 61
21 19 61
22 3 66
22 5 34
22 8 33
22 9 55
22 21 51
23 5 10
23 6 46
23 8 27
23 10 48
23 14 23
23 19 57
23 22 70
24 6 24
24 21 68
25 2 43
25 3 76
25 12 76
25 13 58
25 14 36
25 16 2
25 17 26
25 18 73
25 22 43
25 24 35
26 3 20
26 4 10
26 5 65
26 6 50
26 7 10
26 8 22
26 10 25
26 14 43
26 18 14
26 25 4
27 2 35
27 7 63
27 17 75
27 19 58
27 21 46
27 25 37
27 26 60
28 4 67
28 5 1
28 8 4
28 10 48
28 19 57
28 25 16
29 6 4
29 7 2
29 8 36
29 13 22
29 14 18
29 18 47
29 19 10
29 21 66
29 25 47
30 2 76
30 4 52
30 5 1
30 6 62
30 8 1
30 14 53
30 15 47
30 18 27
30 19 15
30 21 35
30 26 42
30 28 15
31 5 57
31 6 64
31 8 5
31 14 21
31 15 70
31 17 26
31 18 59
31 23 63
32 1 13
32 9 36
32 12 48
32 17 62
32 18 2
32 20 70
32 23 4
32 25 4
32 27 22
32 29 12
32 31 64
33 2 47
33 3 11
33 7 68
33 8 7
33 9 53
33 14 61
33 19 2
33 20 8
33 24 37
33 31 30
34 0 35
34 3 45
34 11 37
34 14 67
34 22 46
34 23 18
34 28 2
35 3 5
35 5 8
35 6 27
35 7 40
35 9 64
35 11 65
35 12 71
35 14 45
35 15 26
35 22 44
35 23 41
35 28 31
35 30 68
36 0 19
36 3 18
36 6 43
36 7 72
36 12 34
36 13 50
36 19 54
36 21 52
36 30 16
36 32 57
37 0 8
37 2 44
37 9 30
37 10 69
37 12 39
37 13 72
37 14 20
37 18 15
37 21 15
37 30 24
37 31 8
37 34 65
37 35 41
38 0 22
38 2 26
38 3 80
38 5 3
38 7 7
38 10 68
38 14 61
38 15 48
38 23 8
38 24 69
38 25 57
38 29 54
38 37 10
39 1 45
39 8 17
39 9 78
39 11 75
39 16 66
39 18 37
39 20 45
39 22 40
39 24 72
39 25 77
39 34 27
39 36 8
39 38 57
40 0 71
40 2 45
40 5 31
40 11 35
40 12 6
40 13 18
40 15 54
40 19 72
40 23 72
40 24 78
40 26 49
40 31 42
40 32 5
41 2 54
41 6 53
41 7 38
41 9 11
41 10 4
41 13 19
41 20 80
41 22 35
41 33 44
41 34 49
41 37 59
41 40 27
42 1 65
42 2 17
42 4 3
42 5 47
42 6 9
42 8 55
42 10 77
42 13 71
42 20 62
42 23 3
42 26 29
42 30 33
42 34 5
42 35 11
42 36 16
42 38 57
43 0 25
43 5 73
43 8 50
43 9 64
43 10 69
43 14 48
43 19 23
43 21 61
43 24 62
43 25 32
43 30 64
43 32 67
43 35 19
43 36 57
43 37 25
43 38 7
43 41 72
43 42 26
44 11 47
44 12 58
44 15 65
44 18 47
44 25 39
44 27 78
44 29 76
44 30 11
44 31 12
44 33 47
44 38 75
45 6 9
45 12 3
45 20 28
45 23 28
45 24 43
45 26 62
45 28 16
45 34 64
45 35 18
45 40 67
45 42 79
45 44 14
46 1 34
46 5 58
46 6 27
46 8 37
46 20 58
46 21 68
46 34 30
46 35 72
46 37 40
46 38 63
46 42 34
46 44 53
47 0 73
47 3 61
47 6 46
47 7 3
47 15 24
47 16 14
47 20 64
47 23 68
47 30 37
47 33 34
47 37 62
47 39 33
47 44 49
48 0 73
48 8 63
48 9 57
48 11 27
48 14 13
48 15 76
48 19 13
48 20 68
48 21 33
48 40 56
48 44 20
49 0 14
49 10 50
49 13 3
49 16 40
49 17 4
49 20 29
49 21 52
49 23 30
49 26 62
49 30 17
49 31 80
49 35 28
49 36 17
49 42 41
49 44 4
49 46 41
