30
3 0 3
4 1 5
5 0 8
6 0 8
6 2 1
6 5 3
7 0 4
7 5 1
8 2 1
8 4 1
8 5 5
9 2 4
9 6 10
10 2 1
10 5 6
10 8 10
11 0 6
11 4 4
11 6 9
11 7 4
11 10 7
12 2 10
12 3 3
12 5 7
12 6 5
12 7 8
13 1 8
13 6 7
13 12 2
14 2 6
14 3 2
14 5 3
14 11 9
14 13 2
15 0 3
15 2 2
15 3 8
15 4 9
15 9 9
15 12 1
15 14 7
16 2 6
16 4 8
16 9 8
16 10 4
16 11 8
16 13 10
17 1 5
17 4 9
17 5 4
17 6 8
17 13 1
17 14 9
18 1 6
18 10 6
18 12 6
18 17 4
19 4 8
19 9 9
19 14 4
19 15 7
19 17 8
20 1 3
20 8 3
20 12 2
20 16 9
20 18 10
21 1 4
21 2 1
21 5 4
21 7 1
21 8 4
21 9 6
21 10 1
21 18 4
21 19 7
21 20 3
22 0 4
22 1 6
22 8 1
22 13 8
23 0 4
23 1 2
23 6 4
23 15 8
23 19 10
23 22 1
24 0 4
24 4 3
24 5 10
24 7 5
24 9 3
24 13 9
24 16 6
24 21 7
25 9 7
25 11 5
25 14 5
25 17 6
25 18 4
26 2 3
26 3 6
26 5 8
26 6 10
26 7 4
26 15 5
26 17 2
26 18 6
27 2 4
27 5 10
27 6 7
27 10 2
27 12 8
27 14 3
27 19 6
27 21 10
27 22 3
27 25 8
28 2 1
28 12 4
28 16 2
28 18 6
28 22 9
28 23 6
28 24 8
29 3 5
29 15 5
29 23 10
