30
1 0 9
2 1 63
3 0 54
3 1 5
3 2 12
4 1 69
4 3 50
5 0 77
5 1 70
5 3 59
5 4 61
6 0 2
6 1 61
6 2 70
6 3 26
6 5 11
7 0 2
7 1 35
7 2 3
7 4 9
7 6 43
8 0 11
8 2 21
8 3 2
8 4 35
8 5 4
8 6 72
9 0 18
9 1 53
9 4 1
9 5 5
9 6 28
9 7 2
10 2 51
10 3 63
10 5 17
10 6 9
10 7 29
10 9 55
11 1 73
11 5 39
11 6 77
11 7 70
11 8 2
11 9 23
11 10 68
12 0 8
12 4 72
12 5 62
12 6 14
12 7 50
12 8 60
12 9 5
12 11 6
13 0 37
13 1 58
13 2 15
13 4 58
13 6 31
13 8 37
13 10 30
13 12 20
14 1 76
14 3 79
14 6 1
14 7 20
14 9 13
14 10 14
14 11 31
15 0 49
15 1 53
15 3 80
15 4 78
15 5 10
15 6 25
15 7 35
15 8 35
15 9 71
15 10 14
15 11 34
15 12 39
15 13 55
16 0 40
16 1 40
16 4 32
16 5 57
16 6 62
16 8 30
16 9 41
16 10 43
16 12 32
16 13 25
16 14 7
16 15 72
17 0 47
17 1 62
17 2 1
17 4 27
17 5 36
17 7 60
17 8 33
17 9 38
17 11 75
17 14 20
17 16 53
18 2 22
18 3 63
18 4 80
18 6 10
18 8 66
18 9 79
18 10 43
18 11 14
18 14 30
18 15 72
18 16 52
18 17 40
19 0 54
19 1 14
19 4 70
19 5 40
19 6 46
19 7 25
19 8 41
19 9 39
19 10 41
19 13 40
19 14 8
19 15 43
19 16 75
19 17 9
19 18 63
20 0 55
20 1 63
20 2 8
20 3 21
20 4 31
20 5 58
20 6 12
20 7 80
20 8 1
20 9 18
20 11 20
20 12 71
20 15 25
20 16 17
20 17 19
20 18 28
21 2 77
21 3 51
21 4 60
21 6 30
21 7 30
21 9 78
21 11 51
21 12 56
21 13 72
21 14 39
21 16 28
21 17 7
21 18 27
21 19 16
21 20 6
22 0 18
22 1 13
22 2 15
22 4 23
22 6 8
22 7 19
22 9 56
22 10 5
22 12 20
22 13 10
22 15 31
22 16 73
22 18 19
22 21 47
23 0 67
23 1 51
23 2 10
23 5 46
23 10 52
23 11 4
23 14 80
23 15 66
23 16 41
23 17 61
23 18 9
23 19 40
23 20 65
23 21 65
23 22 24
24 0 12
24 1 12
24 2 78
24 3 59
24 4 67
24 5 42
24 7 51
24 8 75
24 9 10
24 10 9
24 11 58
24 12 46
24 13 59
24 14 72
24 15 36
24 16 36
24 17 57
24 18 48
24 20 2
24 21 1
24 22 39
24 23 18
25 0 41
25 1 6
25 2 5
25 4 24
25 8 53
25 9 46
25 12 46
25 13 56
25 14 80
25 15 37
25 16 26
25 17 80
25 18 68
25 20 5
25 21 36
25 22 52
25 24 18
26 0 68
26 1 14
26 2 32
26 5 71
26 7 49
26 10 26
26 12 32
26 16 8
26 17 20
26 18 65
26 20 71
26 22 69
26 23 49
26 24 39
27 1 72
27 2 60
27 3 7
27 6 6
27 7 10
27 8 47
27 9 37
27 11 72
27 12 28
27 13 16
27 15 31
27 16 33
27 18 48
27 19 50
27 21 78
27 22 21
27 24 46
28 0 26
28 1 66
28 2 64
28 3 63
28 4 37
28 5 10
28 6 13
28 7 1
28 10 61
28 11 37
28 12 6
28 14 78
28 15 70
28 16 37
28 18 9
28 20 68
28 21 16
28 22 78
28 24 53
28 27 80
29 0 48
29 1 29
29 2 22
29 4 14
29 7 23
29 9 9
29 10 57
29 11 30
29 12 38
29 13 25
29 15 56
29 16 77
29 17 2
29 19 55
29 20 26
29 22 14
29 24 35
29 25 3
29 26 68
29 27 15
29 28 75
