60
2 0 4
2 1 2
3 1 6
3 2 2
4 0 9
4 1 8
4 2 9
5 2 8
5 3 10
5 4 6
6 4 8
6 5 9
7 3 10
7 4 3
7 6 1
8 2 4
8 4 4
8 6 7
8 7 10
9 1 1
9 3 4
9 4 4
9 5 7
9 6 6
10 1 8
10 3 6
10 4 6
10 5 7
10 7 1
11 0 7
11 4 8
11 6 7
11 7 6
11 8 2
11 9 9
11 10 8
12 0 6
12 2 8
12 3 5
12 5 5
12 8 10
12 10 7
12 11 8
13 0 7
13 1 3
13 2 2
13 4 7
13 5 5
13 6 3
13 7 4
13 9 2
13 10 1
13 12 1
14 1 4
14 2 4
14 3 4
14 4 2
14 5 3
14 6 10
14 7 2
14 13 2
15 0 8
15 1 4
15 2 5
15 5 1
15 7 9
15 8 2
15 9 3
15 11 4
15 12 10
15 14 10
16 1 2
16 3 8
16 6 3
16 9 4
16 10 6
16 11 9
16 13 3
16 14 6
16 15 6
17 2 1
17 4 2
17 5 5
17 6 7
17 8 8
17 12 8
17 15 3
17 16 10
18 0 1
18 1 5
18 2 9
18 3 2
18 4 10
18 5 5
18 8 9
18 11 7
18 12 2
18 13 3
18 14 3
19 0 2
19 2 1
19 3 4
19 6 4
19 7 10
19 8 4
19 9 1
19 11 7
19 12 5
19 13 5
19 17 7
20 0 7
20 1 4
20 2 8
20 4 10
20 5 2
20 6 7
20 8 7
20 10 8
20 12 2
20 13 10
20 16 6
20 19 5
21 0 6
21 1 1
21 2 9
21 3 10
21 5 9
21 6 1
21 8 6
21 10 4
21 13 6
21 14 5
21 15 1
21 16 2
21 19 8
21 20 8
22 0 6
22 1 2
22 2 2
22 6 1
22 7 9
22 8 4
22 9 4
22 10 10
22 11 7
22 13 8
22 14 9
22 15 10
22 18 2
22 19 10
22 20 7
23 0 1
23 1 4
23 3 1
23 7 1
23 8 3
23 9 8
23 10 3
23 13 1
23 14 10
23 15 2
23 16 6
23 17 4
23 18 5
23 19 9
23 21 10
23 22 6
24 0 10
24 1 8
24 3 7
24 4 7
24 6 9
24 8 1
24 9 8
24 10 3
24 13 5
24 14 3
24 16 3
24 18 3
24 21 4
25 0 8
25 3 3
25 11 4
25 12 10
25 14 7
25 15 10
25 18 8
25 19 10
25 20 1
25 21 1
25 22 5
25 23 1
25 24 4
26 0 3
26 1 5
26 3 7
26 4 6
26 6 3
26 8 1
26 9 2
26 11 8
26 12 4
26 15 7
26 16 7
26 17 3
26 18 4
26 19 10
26 21 4
26 22 10
26 23 10
27 2 2
27 3 7
27 5 2
27 8 5
27 10 5
27 11 2
27 12 8
27 18 4
27 21 9
27 22 2
27 24 8
27 25 8
27 26 9
28 0 9
28 1 8
28 2 2
28 6 10
28 9 1
28 10 1
28 11 3
28 12 3
28 14 7
28 15 9
28 16 9
28 18 2
28 19 9
28 21 3
28 22 1
28 23 4
28 25 2
28 26 9
29 1 3
29 3 7
29 4 5
29 5 8
29 6 5
29 8 8
29 11 10
29 12 1
29 14 2
29 15 5
29 16 8
29 17 6
29 18 7
29 20 2
29 21 10
29 24 4
29 25 4
29 27 2
29 28 8
30 0 1
30 2 8
30 3 10
30 4 4
30 5 6
30 6 4
30 7 4
30 8 4
30 9 3
30 10 1
30 11 2
30 13 6
30 14 3
30 16 7
30 17 10
30 18 2
30 19 4
30 20 9
30 21 6
30 22 8
30 25 9
30 27 5
30 28 8
30 29 6
31 0 3
31 3 10
31 4 9
31 7 2
31 9 1
31 10 2
31 11 8
31 12 4
31 13 2
31 14 7
31 16 5
31 17 4
31 18 6
31 20 2
31 21 9
31 22 5
31 23 4
31 24 5
31 25 9
31 26 8
31 28 1
31 29 7
31 30 9
32 0 3
32 1 6
32 2 3
32 3 5
32 4 7
32 6 8
32 7 3
32 14 10
32 15 7
32 16 3
32 17 6
32 18 5
32 19 5
32 22 1
32 27 10
32 30 3
32 31 2
33 0 3
33 1 8
33 4 8
33 5 8
33 6 4
33 10 3
33 13 1
33 14 5
33 15 9
33 17 4
33 18 9
33 19 3
33 20 10
33 25 10
33 26 2
33 27 9
33 28 5
33 29 3
33 31 3
34 0 9
34 3 6
34 4 3
34 5 2
34 6 9
34 7 1
34 8 1
34 9 5
34 15 9
34 16 5
34 17 8
34 19 6
34 20 5
34 22 9
34 23 4
34 25 2
34 26 2
34 27 1
34 28 5
34 31 4
35 0 6
35 1 9
35 2 10
35 3 3
35 4 10
35 5 5
35 6 8
35 8 10
35 9 7
35 12 5
35 13 6
35 14 6
35 15 7
35 17 8
35 18 6
35 20 2
35 23 6
35 24 6
35 26 6
35 27 3
35 29 6
35 32 2
35 34 9
36 2 4
36 3 8
36 5 5
36 6 9
36 7 8
36 9 2
36 10 8
36 11 2
36 13 6
36 14 8
36 15 5
36 17 5
36 19 2
36 20 9
36 21 2
36 23 6
36 24 1
36 25 5
36 26 3
36 28 2
36 31 3
36 32 2
36 33 7
36 35 7
37 0 8
37 2 1
37 7 10
37 11 4
37 13 6
37 14 3
37 19 6
37 22 1
37 23 5
37 24 9
37 26 1
37 27 9
37 28 5
37 30 7
37 31 8
37 33 1
37 34 10
37 35 5
37 36 4
38 0 1
38 4 1
38 6 6
38 9 2
38 11 2
38 14 3
38 17 8
38 21 1
38 24 2
38 26 1
38 27 4
38 28 4
38 29 8
38 30 1
38 31 10
38 32 10
38 33 10
38 34 5
38 35 9
39 0 9
39 3 5
39 5 6
39 6 7
39 7 9
39 9 10
39 10 2
39 12 8
39 13 1
39 14 4
39 15 2
39 18 6
39 19 10
39 20 3
39 21 3
39 23 3
39 28 5
39 29 1
39 31 5
39 32 2
39 33 10
39 36 6
39 37 3
40 2 6
40 3 3
40 13 7
40 14 3
40 15 9
40 21 1
40 22 5
40 24 3
40 26 4
40 27 5
40 29 9
40 31 5
40 32 3
40 33 4
40 34 6
40 35 10
40 36 6
40 37 7
40 39 7
41 1 7
41 2 8
41 7 10
41 9 7
41 10 10
41 12 2
41 13 6
41 14 5
41 15 6
41 17 6
41 18 8
41 19 10
41 20 7
41 21 4
41 22 8
41 23 1
41 24 4
41 25 2
41 30 4
41 32 5
41 33 6
41 34 4
41 35 9
41 36 2
41 37 4
41 38 9
41 39 9
42 0 3
42 1 4
42 2 8
42 3 2
42 8 4
42 9 4
42 13 5
42 14 5
42 17 10
42 18 3
42 19 1
42 21 4
42 22 5
42 23 8
42 25 8
42 28 5
42 29 5
42 31 9
42 32 8
42 34 8
42 35 8
42 36 7
42 37 9
42 38 10
42 39 4
42 40 3
42 41 6
43 0 6
43 1 6
43 2 10
43 3 7
43 4 3
43 6 3
43 7 4
43 8 9
43 9 5
43 10 8
43 11 5
43 12 5
43 16 9
43 17 6
43 18 4
43 20 4
43 22 10
43 23 4
43 24 5
43 27 4
43 28 8
43 29 7
43 30 6
43 31 5
43 32 5
43 33 9
43 34 4
43 37 1
43 38 9
43 39 1
43 40 9
43 41 9
44 2 6
44 3 5
44 4 8
44 6 9
44 8 7
44 9 2
44 10 5
44 12 1
44 13 5
44 14 3
44 15 7
44 17 1
44 21 6
44 22 4
44 24 10
44 27 8
44 28 2
44 29 2
44 31 5
44 32 3
44 33 4
44 36 9
44 38 4
44 39 4
44 40 9
44 41 1
44 43 3
45 1 7
45 3 7
45 4 3
45 6 7
45 7 8
45 8 5
45 9 7
45 11 10
45 12 3
45 13 7
45 14 7
45 15 1
45 20 3
45 23 9
45 25 5
45 26 1
45 29 5
45 31 2
45 32 1
45 34 9
45 35 4
45 36 10
45 38 10
45 40 2
45 41 4
45 42 4
45 43 4
46 1 2
46 3 6
46 6 1
46 9 9
46 10 10
46 11 10
46 13 6
46 14 4
46 16 4
46 18 6
46 19 3
46 20 8
46 22 10
46 23 9
46 24 5
46 25 4
46 26 1
46 29 9
46 31 4
46 33 6
46 34 2
46 35 6
46 36 5
46 38 6
46 39 1
46 40 8
46 42 8
46 43 6
46 44 3
46 45 5
47 0 6
47 1 5
47 2 9
47 5 1
47 8 3
47 9 10
47 10 5
47 12 7
47 14 7
47 17 10
47 18 1
47 22 3
47 26 7
47 27 1
47 28 2
47 31 3
47 32 7
47 34 4
47 35 8
47 37 3
47 39 5
47 41 9
47 42 8
47 45 9
47 46 1
48 0 2
48 1 9
48 4 1
48 5 3
48 6 6
48 8 10
48 9 7
48 10 9
48 11 2
48 13 8
48 15 5
48 16 2
48 17 1
48 21 1
48 23 7
48 24 2
48 25 4
48 26 1
48 27 8
48 28 8
48 29 10
48 30 10
48 32 7
48 34 3
48 38 5
48 40 5
48 42 2
48 43 4
48 46 4
48 47 8
49 2 10
49 4 2
49 5 5
49 7 3
49 8 9
49 9 4
49 12 5
49 13 1
49 14 3
49 15 6
49 16 7
49 18 5
49 19 5
49 22 6
49 23 4
49 24 2
49 26 10
49 27 6
49 28 7
49 29 1
49 31 3
49 33 1
49 35 9
49 39 2
49 41 9
49 45 9
50 0 8
50 5 5
50 6 8
50 8 9
50 9 7
50 10 6
50 11 3
50 12 2
50 15 8
50 16 5
50 17 4
50 18 1
50 19 9
50 20 4
50 21 7
50 22 4
50 23 9
50 24 1
50 25 7
50 26 9
50 27 2
50 30 7
50 33 3
50 34 6
50 35 10
50 36 3
50 38 9
50 41 7
50 42 9
50 43 2
50 44 9
50 45 2
50 47 5
50 49 3
51 2 2
51 4 3
51 5 9
51 8 4
51 9 2
51 10 6
51 11 5
51 12 3
51 14 7
51 18 7
51 19 3
51 20 8
51 22 10
51 28 3
51 29 9
51 31 4
51 32 9
51 34 8
51 37 4
51 38 6
51 39 10
51 41 5
51 42 7
51 45 6
51 47 4
51 49 5
51 50 1
52 1 1
52 2 5
52 3 3
52 5 4
52 6 10
52 7 10
52 8 10
52 9 5
52 14 8
52 15 5
52 16 6
52 18 5
52 19 1
52 21 2
52 22 3
52 24 9
52 25 8
52 26 6
52 28 3
52 30 9
52 32 3
52 33 6
52 34 9
52 35 10
52 36 8
52 37 2
52 40 7
52 41 3
52 43 10
52 44 6
52 45 1
52 46 6
52 47 4
52 50 2
52 51 2
53 0 4
53 1 10
53 3 3
53 4 9
53 5 2
53 7 8
53 8 7
53 9 1
53 10 6
53 11 7
53 12 5
53 15 9
53 17 10
53 18 1
53 19 4
53 20 3
53 21 10
53 22 5
53 24 10
53 27 1
53 30 1
53 31 10
53 32 8
53 36 10
53 40 7
53 41 4
53 42 6
53 44 7
53 48 9
53 49 2
53 50 4
53 51 4
53 52 1
54 0 7
54 1 10
54 2 9
54 3 10
54 6 10
54 7 4
54 9 5
54 10 9
54 13 9
54 14 7
54 15 5
54 16 7
54 19 4
54 20 10
54 23 7
54 24 5
54 25 10
54 27 6
54 28 6
54 29 8
54 30 1
54 33 7
54 34 10
54 35 6
54 36 10
54 37 9
54 38 3
54 39 10
54 40 3
54 42 10
54 43 4
54 44 2
54 45 3
54 46 3
54 47 2
54 49 3
54 50 3
54 51 7
54 52 3
55 1 2
55 2 4
55 4 5
55 5 1
55 7 8
55 8 9
55 10 7
55 11 7
55 13 1
55 15 5
55 16 3
55 17 4
55 19 8
55 20 10
55 21 8
55 23 1
55 24 6
55 26 5
55 27 10
55 28 2
55 29 7
55 30 3
55 31 3
55 33 6
55 35 5
55 36 7
55 37 4
55 38 5
55 39 4
55 40 4
55 41 6
55 42 10
55 43 4
55 45 3
55 49 1
56 0 5
56 1 4
56 3 7
56 4 5
56 5 6
56 6 7
56 9 2
56 10 2
56 11 10
56 14 8
56 15 9
56 16 4
56 17 6
56 18 10
56 19 5
56 20 1
56 22 9
56 28 7
56 29 10
56 30 1
56 33 7
56 34 6
56 36 9
56 38 5
56 40 2
56 41 9
56 42 1
56 45 6
56 47 7
56 50 3
56 51 7
56 53 7
56 54 4
57 1 2
57 2 6
57 4 2
57 5 2
57 7 3
57 9 1
57 11 10
57 12 8
57 15 4
57 16 9
57 17 8
57 19 1
57 20 8
57 21 10
57 22 8
57 23 2
57 25 9
57 26 1
57 27 9
57 28 8
57 29 1
57 33 7
57 34 6
57 36 2
57 37 7
57 40 3
57 41 10
57 42 10
57 43 1
57 47 2
57 53 3
57 55 3
58 0 6
58 1 1
58 4 9
58 5 1
58 6 9
58 10 9
58 11 8
58 12 3
58 13 1
58 16 1
58 17 5
58 20 7
58 21 7
58 23 5
58 24 7
58 26 8
58 27 5
58 28 5
58 29 2
58 32 7
58 36 2
58 37 6
58 40 7
58 41 8
58 47 9
58 48 3
58 49 5
58 51 9
58 52 8
58 54 9
58 55 6
58 56 2
58 57 4
59 1 3
59 2 5
59 5 8
59 7 6
59 12 7
59 15 10
59 16 8
59 17 4
59 19 3
59 20 7
59 21 10
59 27 5
59 31 8
59 32 2
59 35 3
59 39 6
59 42 4
59 46 7
59 47 7
59 48 9
59 49 7
59 50 9
59 52 5
59 55 10
59 56 10
59 58 2
