40
1 0 143
2 1 103
3 1 193
3 2 62
4 0 251
5 2 231
5 3 209
5 4 190
6 0 296
6 1 120
6 2 55
7 1 233
7 3 253
7 5 170
7 6 5
8 0 217
8 2 15
8 3 306
8 4 209
8 6 166
9 0 149
9 1 116
9 3 102
9 5 310
9 7 250
9 8 39
10 0 299
10 1 205
10 2 141
10 5 44
10 6 293
10 7 139
10 8 255
10 9 288
11 0 305
11 2 134
11 3 206
11 4 287
11 6 188
11 8 23
11 9 223
12 0 188
12 1 317
12 2 240
12 3 205
12 4 271
12 10 185
12 11 67
13 1 5
13 3 252
13 4 58
13 5 248
13 6 143
13 7 314
13 8 126
13 9 315
13 11 282
13 12 265
14 0 246
14 1 137
14 3 184
14 4 121
14 7 145
14 8 171
14 12 195
15 0 226
15 3 66
15 4 288
15 6 16
15 7 105
15 8 127
15 9 178
15 10 205
15 11 272
15 12 242
15 13 52
15 14 26
16 0 65
16 1 67
16 2 300
16 5 105
16 6 168
16 8 233
16 9 110
16 12 273
16 14 262
17 0 224
17 1 157
17 2 26
17 3 84
17 5 179
17 6 141
17 7 51
17 12 119
17 14 310
17 15 143
17 16 76
18 1 253
18 2 317
18 3 280
18 4 43
18 5 87
18 6 191
18 7 300
18 9 295
18 10 54
18 12 171
18 13 81
18 15 95
18 17 43
19 0 34
19 2 130
19 4 224
19 5 145
19 7 5
19 9 45
19 11 151
19 13 133
19 14 12
19 15 133
19 16 316
20 0 256
20 1 122
20 2 188
20 3 223
20 4 225
20 7 32
20 8 303
20 9 141
20 11 80
20 13 286
20 14 59
20 15 117
20 16 120
20 18 86
20 19 79
21 1 160
21 2 2
21 3 288
21 5 242
21 6 82
21 7 73
21 9 45
21 11 191
21 13 26
21 14 283
21 17 244
22 0 50
22 1 191
22 2 76
22 3 234
22 4 289
22 5 88
22 6 136
22 7 300
22 8 236
22 10 305
22 13 151
22 14 178
22 18 194
22 20 209
22 21 93
23 0 275
23 1 207
23 2 266
23 4 173
23 5 124
23 6 210
23 8 296
23 9 72
23 11 132
23 12 206
23 13 87
23 14 301
23 16 212
23 17 108
23 18 301
23 21 144
24 0 216
24 1 225
24 2 283
24 3 211
24 4 281
24 5 313
24 7 110
24 8 295
24 9 95
24 10 97
24 11 229
24 13 193
24 14 97
24 15 78
24 18 237
24 22 119
25 1 245
25 2 276
25 5 227
25 6 118
25 8 30
25 9 136
25 10 195
25 12 144
25 13 87
25 14 127
25 16 39
25 17 144
25 18 269
25 19 90
25 21 272
25 22 4
25 24 68
26 0 196
26 1 235
26 2 47
26 4 230
26 5 69
26 7 159
26 8 272
26 9 207
26 10 89
26 11 36
26 12 316
26 13 262
26 14 274
26 15 3
26 16 317
26 17 114
26 18 130
26 19 56
26 21 93
26 23 161
26 24 57
26 25 298
27 2 24
27 5 306
27 7 296
27 8 246
27 9 72
27 10 187
27 11 216
27 13 276
27 15 280
27 16 114
27 19 27
27 20 115
27 21 213
27 24 73
27 26 166
28 0 9
28 4 315
28 6 23
28 8 63
28 9 278
28 10 199
28 11 222
28 12 125
28 13 237
28 14 299
28 16 14
28 17 153
28 18 134
28 19 304
28 20 10
28 21 26
28 22 297
28 24 234
28 25 257
28 26 39
28 27 135
29 0 149
29 1 283
29 3 262
29 4 160
29 5 27
29 8 116
29 9 128
29 10 1
29 11 1
29 13 193
29 14 97
29 15 66
29 16 182
29 17 250
29 18 187
29 19 168
29 21 184
29 22 174
29 23 28
29 27 229
29 28 166
30 1 195
30 2 12
30 6 294
30 7 30
30 8 43
30 10 263
30 11 264
30 12 106
30 13 158
30 14 49
30 15 190
30 17 41
30 18 176
30 21 316
30 22 107
30 23 3
30 25 312
30 26 141
30 27 185
30 28 317
30 29 103
31 1 151
31 2 268
31 3 196
31 4 293
31 5 268
31 6 250
31 7 170
31 14 172
31 15 210
31 16 271
31 17 122
31 19 318
31 20 133
31 21 201
31 23 304
31 24 202
31 26 138
31 29 199
31 30 43
32 0 87
32 2 223
32 3 184
32 4 268
32 6 176
32 7 313
32 9 208
32 10 270
32 11 254
32 12 219
32 13 220
32 14 155
32 15 253
32 17 61
32 22 13
32 26 237
32 28 104
32 29 68
32 31 188
33 0 305
33 2 296
33 4 141
33 6 248
33 7 144
33 9 209
33 10 242
33 11 281
33 12 50
33 13 85
33 14 114
33 15 142
33 16 250
33 17 123
33 18 278
33 19 259
33 20 175
33 21 39
33 22 267
33 24 12
33 25 169
33 27 140
33 28 208
33 29 124
33 30 48
33 32 155
34 0 123
34 2 235
34 3 58
34 5 136
34 6 249
34 7 188
34 13 208
34 15 182
34 16 3
34 17 251
34 18 272
34 19 73
34 20 227
34 22 20
34 23 160
34 24 141
34 25 146
34 26 183
34 27 31
34 28 311
34 29 135
34 30 208
34 31 157
34 32 46
34 33 261
35 1 165
35 2 175
35 4 105
35 6 206
35 7 299
35 8 184
35 9 174
35 10 18
35 11 165
35 12 51
35 13 307
35 15 308
35 16 226
35 17 252
35 18 20
35 19 245
35 20 106
35 21 149
35 23 188
35 24 38
35 25 38
35 26 24
35 30 1
35 31 266
35 34 128
36 1 272
36 2 228
36 3 126
36 4 209
36 5 35
36 7 146
36 10 275
36 11 109
36 14 60
36 17 12
36 18 171
36 19 128
36 22 225
36 23 120
36 24 224
36 25 218
36 26 300
36 28 121
36 30 214
36 31 266
36 35 234
37 0 164
37 2 121
37 3 23
37 5 156
37 6 251
37 7 21
37 8 211
37 9 12
37 13 232
37 14 59
37 15 125
37 20 245
37 23 196
37 24 229
37 27 90
37 28 144
37 30 276
37 31 16
37 32 115
37 33 20
37 35 34
37 36 271
38 1 137
38 2 12
38 4 254
38 5 208
38 6 237
38 7 4
38 10 157
38 12 253
38 14 192
38 15 214
38 16 277
38 17 64
38 18 79
38 20 269
38 21 100
38 22 38
38 23 91
38 24 86
38 28 74
38 29 246
38 31 18
38 33 35
38 34 26
38 35 269
38 36 176
38 37 262
39 0 277
39 2 61
39 4 37
39 5 4
39 7 24
39 8 203
39 9 149
39 10 94
39 11 99
39 12 278
39 15 49
39 16 215
39 17 241
39 18 258
39 20 313
39 22 77
39 24 89
39 25 53
39 26 83
39 27 302
39 28 318
39 32 278
39 34 13
39 35 297
39 36 41
39 37 221
39 38 25
