30
2 1 7
3 0 8
3 1 2
3 2 8
4 0 2
4 1 5
4 2 5
5 0 2
5 1 6
5 2 10
5 3 1
5 4 2
6 0 10
6 2 10
6 3 1
6 5 3
7 1 6
7 2 8
7 3 8
7 4 3
7 5 7
8 1 4
8 3 5
8 4 10
8 6 8
8 7 10
9 0 8
9 1 4
9 3 10
9 5 5
9 6 9
9 7 5
9 8 10
10 0 6
10 2 1
10 4 9
10 5 8
10 6 5
10 8 1
10 9 9
11 0 7
11 1 9
11 2 2
11 3 4
11 4 1
11 5 4
11 6 10
11 7 1
11 8 1
11 10 3
12 1 1
12 2 5
12 5 4
12 7 10
12 8 4
12 9 8
12 10 3
13 0 10
13 1 6
13 2 9
13 4 8
13 5 6
13 6 10
13 8 5
13 10 5
13 11 3
13 12 4
14 0 8
14 2 5
14 3 5
14 4 1
14 5 7
14 7 8
14 9 6
14 10 2
14 11 1
14 12 4
14 13 10
15 0 10
15 1 9
15 2 9
15 3 4
15 4 6
15 5 7
15 7 3
15 8 6
15 9 4
15 10 4
15 11 9
15 12 3
15 13 3
16 0 8
16 2 4
16 3 4
16 4 8
16 5 8
16 8 6
16 9 6
16 10 1
16 11 5
16 12 4
16 14 8
16 15 2
17 0 10
17 1 6
17 2 6
17 4 6
17 5 2
17 6 2
17 7 5
17 10 9
17 12 3
17 13 3
17 14 2
17 15 6
17 16 7
18 1 10
18 2 5
18 3 7
18 4 2
18 5 2
18 6 5
18 7 5
18 8 10
18 9 1
18 10 7
18 11 9
18 12 9
18 13 6
18 14 4
18 15 6
18 16 6
18 17 3
19 0 2
19 1 10
19 2 4
19 3 3
19 4 5
19 6 7
19 7 8
19 8 7
19 11 8
19 13 10
19 14 4
19 15 6
19 16 10
20 0 7
20 3 10
20 4 7
20 5 4
20 6 8
20 7 5
20 8 5
20 9 7
20 10 10
20 11 8
20 16 9
20 17 6
20 18 3
20 19 10
21 0 10
21 1 4
21 2 6
21 3 9
21 4 9
21 5 8
21 7 8
21 11 4
21 13 7
21 14 1
21 15 6
21 17 7
21 18 2
22 1 7
22 2 3
22 3 10
22 4 10
22 5 7
22 6 5
22 10 2
22 12 8
22 14 10
22 16 10
22 17 2
22 19 6
22 20 4
23 0 4
23 1 4
23 2 5
23 3 1
23 4 10
23 5 9
23 6 5
23 7 6
23 8 9
23 9 3
23 11 7
23 12 9
23 14 1
23 16 3
23 17 4
23 18 8
23 19 6
23 20 3
23 21 9
23 22 1
24 0 4
24 1 4
24 5 5
24 6 3
24 7 10
24 9 7
24 10 2
24 11 3
24 12 8
24 13 7
24 14 2
24 15 8
24 17 6
24 18 10
24 19 3
24 21 1
24 22 9
24 23 4
25 0 6
25 4 6
25 5 8
25 6 2
25 7 7
25 8 5
25 9 5
25 10 4
25 11 3
25 12 3
25 13 2
25 14 8
25 16 1
25 17 5
25 20 10
25 21 7
25 22 9
25 23 8
25 24 6
26 1 3
26 3 2
26 4 3
26 5 2
26 6 2
26 8 1
26 9 8
26 10 2
26 11 10
26 12 5
26 13 4
26 15 6
26 16 2
26 17 1
26 18 7
26 19 7
26 20 8
26 22 1
26 23 8
26 24 10
27 0 6
27 1 2
27 3 10
27 4 7
27 6 10
27 7 1
27 8 3
27 9 1
27 10 4
27 11 4
27 13 10
27 14 3
27 15 7
27 16 9
27 18 1
27 19 9
27 20 8
27 21 5
27 23 2
27 24 6
27 25 5
27 26 7
28 0 2
28 2 9
28 3 10
28 4 8
28 5 10
28 8 1
28 11 3
28 13 3
28 14 1
28 16 1
28 17 2
28 18 2
28 19 6
28 20 6
28 21 1
28 22 5
28 23 8
28 24 4
28 25 8
28 27 1
29 1 7
29 2 5
29 3 10
29 6 5
29 7 9
29 8 3
29 9 2
29 10 5
29 11 1
29 12 1
29 13 1
29 14 6
29 16 4
29 17 7
29 19 10
29 20 3
29 21 7
29 22 4
29 26 1
29 27 2
29 28 10
