70
2 0 13
2 1 10
4 0 13
4 1 3
5 0 20
5 2 3
6 0 8
6 2 20
7 4 2
7 5 5
8 3 11
8 7 5
9 0 20
9 2 8
9 6 3
10 2 9
10 4 4
10 5 7
10 6 2
10 9 19
11 1 14
11 5 20
11 7 15
12 1 8
12 2 5
12 5 4
12 6 4
12 8 18
13 0 6
13 1 7
13 2 1
13 4 11
13 10 15
13 12 12
14 1 19
14 2 18
14 8 2
14 11 14
15 1 20
15 4 2
15 6 9
15 7 15
15 10 20
15 11 16
16 2 11
16 3 10
16 4 12
16 8 9
16 9 8
16 10 14
16 14 1
17 4 9
17 12 3
17 14 2
18 1 3
18 6 2
18 9 8
18 10 12
18 13 1
18 14 15
18 15 11
19 2 2
19 9 12
19 11 9
19 12 3
19 13 8
19 15 5
19 17 14
20 1 11
20 5 5
20 6 15
20 7 8
20 10 14
20 13 6
20 14 3
20 15 18
20 16 13
20 17 3
20 19 10
21 0 16
21 3 7
21 5 10
21 6 8
21 7 12
21 10 17
21 14 1
21 16 1
21 19 18
21 20 11
22 0 1
22 1 5
22 4 2
22 7 13
22 11 6
22 13 17
22 19 4
23 1 9
23 2 15
23 3 7
23 6 13
23 9 18
23 10 16
23 11 4
23 12 5
23 14 3
23 15 4
23 20 1
23 22 16
24 2 2
24 10 9
24 15 18
24 16 8
24 17 8
25 0 15
25 1 13
25 3 7
25 4 14
25 5 6
25 7 4
25 8 10
25 11 6
25 12 6
25 13 4
25 14 15
25 15 19
25 16 16
25 19 5
25 20 17
25 21 5
25 22 15
25 23 3
26 4 1
26 5 14
26 6 10
26 7 2
26 9 6
26 11 14
26 12 11
26 13 17
26 14 5
26 15 2
26 19 1
26 20 1
27 0 19
27 2 11
27 3 7
27 4 7
27 5 13
27 8 4
27 9 4
27 11 18
27 12 17
27 13 6
27 15 18
27 19 16
27 20 3
27 24 15
27 25 7
28 1 6
28 3 11
28 6 13
28 8 10
28 9 16
28 12 17
28 13 19
28 14 11
28 15 15
28 16 11
28 18 8
28 20 20
28 21 20
28 23 20
28 24 1
29 3 11
29 5 17
29 11 4
29 13 7
29 15 16
29 16 5
29 17 13
29 19 2
29 21 3
29 22 13
29 24 5
30 0 1
30 1 2
30 2 13
30 3 9
30 7 15
30 8 5
30 9 13
30 12 11
30 17 4
30 18 4
30 20 15
30 22 6
30 23 13
30 26 5
31 0 14
31 2 3
31 5 5
31 8 12
31 9 5
31 14 15
31 16 6
31 18 19
31 19 14
31 22 18
31 23 13
31 25 16
31 26 11
31 30 6
32 0 1
32 1 17
32 7 5
32 11 1
32 12 16
32 15 14
32 17 17
32 23 19
32 26 7
32 27 4
32 30 6
33 0 4
33 1 6
33 2 12
33 7 6
33 8 16
33 9 10
33 11 12
33 13 19
33 16 1
33 17 15
33 23 20
33 26 19
34 0 14
34 1 12
34 2 10
34 4 12
34 5 5
34 6 13
34 8 14
34 9 9
34 10 7
34 13 7
34 14 10
34 17 2
34 20 4
34 21 2
34 24 9
34 26 13
34 27 17
34 28 20
34 29 13
34 31 4
34 32 12
35 3 7
35 4 14
35 7 14
35 11 18
35 15 3
35 19 10
35 20 3
35 21 15
35 23 3
35 27 6
35 32 2
35 33 7
36 1 17
36 3 17
36 5 4
36 7 13
36 8 1
36 9 13
36 10 15
36 11 1
36 12 20
36 15 7
36 18 1
36 22 9
36 24 11
36 27 11
36 28 17
36 34 16
36 35 18
37 0 1
37 2 15
37 6 8
37 7 5
37 11 18
37 13 10
37 18 18
37 20 11
37 21 18
37 23 16
37 26 19
37 27 1
37 30 14
37 31 10
37 32 9
37 33 2
37 36 8
38 0 18
38 1 18
38 7 16
38 10 9
38 12 15
38 16 19
38 29 20
38 30 19
38 33 9
39 0 10
39 2 3
39 3 4
39 4 20
39 10 17
39 12 6
39 13 10
39 14 10
39 17 9
39 23 4
39 24 12
39 27 15
39 35 20
39 36 14
40 0 16
40 2 1
40 3 2
40 5 18
40 7 10
40 8 4
40 10 5
40 11 1
40 15 20
40 22 20
40 25 19
40 26 13
40 27 19
40 29 7
40 30 16
40 31 20
40 37 6
40 39 6
41 2 6
41 3 2
41 5 8
41 6 18
41 7 1
41 8 16
41 9 20
41 14 12
41 15 9
41 21 13
41 24 20
41 25 17
41 26 6
41 27 19
41 28 13
41 33 9
41 34 10
41 35 14
41 37 16
42 0 16
42 3 15
42 5 13
42 7 6
42 17 9
42 18 16
42 19 6
42 24 12
42 29 16
42 32 7
42 34 3
42 36 4
43 2 2
43 5 12
43 6 14
43 7 11
43 10 9
43 16 8
43 17 9
43 18 15
43 19 5
43 20 9
43 24 19
43 25 6
43 26 19
43 27 2
43 35 3
43 37 10
43 40 1
43 41 18
43 42 17
44 2 5
44 3 12
44 6 14
44 7 4
44 10 5
44 12 10
44 13 3
44 14 5
44 16 16
44 17 15
44 19 9
44 21 17
44 22 4
44 27 6
44 29 17
44 31 9
44 32 6
44 36 14
44 38 20
44 40 17
44 42 12
45 0 6
45 1 13
45 2 9
45 5 18
45 9 6
45 10 10
45 11 15
45 15 20
45 20 3
45 21 12
45 22 7
45 28 9
45 31 16
45 35 10
45 36 3
45 37 1
45 40 11
45 43 2
46 0 1
46 1 13
46 5 18
46 6 3
46 8 14
46 12 1
46 14 9
46 15 16
46 18 1
46 20 3
46 23 11
46 24 19
46 25 16
46 27 5
46 29 13
46 37 1
46 38 9
46 39 8
46 43 8
47 2 20
47 6 18
47 8 14
47 10 1
47 15 17
47 18 18
47 22 7
47 23 18
47 24 1
47 27 12
47 28 20
47 31 11
47 32 18
47 36 8
47 37 20
47 39 17
47 42 1
48 0 1
48 1 4
48 2 7
48 5 7
48 6 3
48 10 16
48 12 6
48 13 10
48 15 9
48 17 5
48 21 1
48 23 16
48 26 10
48 29 11
48 30 5
48 34 3
48 37 18
48 38 18
48 40 14
48 41 17
48 43 1
48 44 9
48 46 5
49 0 5
49 1 1
49 2 10
49 3 14
49 4 7
49 5 18
49 7 17
49 8 11
49 12 16
49 13 13
49 14 18
49 17 14
49 20 1
49 27 3
49 29 19
49 34 10
49 35 17
49 36 10
49 37 4
49 38 4
49 40 11
49 44 6
50 3 16
50 6 2
50 7 14
50 9 17
50 12 2
50 13 3
50 14 12
50 16 2
50 20 9
50 21 15
50 25 14
50 26 2
50 27 11
50 29 10
50 32 17
50 39 11
50 43 9
50 45 2
50 48 15
51 0 6
51 10 3
51 12 10
51 20 16
51 21 2
51 22 16
51 27 16
51 29 2
51 33 20
51 34 18
51 35 13
51 36 11
51 38 14
51 39 13
51 40 10
51 41 18
51 48 13
51 50 2
52 0 2
52 4 17
52 5 19
52 8 10
52 10 17
52 14 5
52 18 6
52 23 15
52 30 11
52 34 18
52 36 8
52 39 2
52 43 3
52 44 11
52 45 10
52 48 16
52 49 13
52 50 1
53 1 9
53 4 13
53 6 14
53 7 12
53 11 4
53 13 1
53 16 14
53 18 11
53 19 16
53 20 18
53 23 17
53 25 4
53 26 13
53 28 9
53 32 19
53 37 7
53 38 3
53 41 9
53 43 18
53 46 15
53 47 15
54 1 7
54 3 11
54 5 18
54 7 13
54 10 17
54 11 20
54 12 14
54 13 8
54 14 19
54 16 20
54 19 15
54 20 19
54 21 8
54 22 4
54 26 14
54 28 10
54 30 12
54 31 13
54 32 18
54 33 2
54 35 16
54 37 2
54 38 10
54 39 5
54 41 20
54 42 12
54 43 12
54 44 17
54 46 8
54 47 15
54 48 6
54 51 16
54 52 5
54 53 11
55 3 10
55 4 2
55 5 13
55 6 15
55 13 6
55 14 14
55 15 3
55 18 5
55 19 17
55 22 2
55 24 12
55 25 20
55 26 10
55 33 14
55 35 1
55 37 11
55 38 2
55 39 6
55 42 5
55 44 20
55 49 14
56 1 7
56 4 1
56 6 6
56 7 9
56 9 4
56 11 7
56 12 12
56 16 20
56 18 18
56 20 3
56 24 2
56 25 5
56 28 15
56 30 2
56 32 11
56 33 16
56 36 10
56 40 15
56 41 7
56 44 20
56 46 20
56 47 15
56 48 3
56 49 17
56 50 17
56 52 11
56 54 5
57 1 8
57 7 19
57 9 19
57 12 2
57 15 13
57 16 9
57 23 4
57 27 5
57 29 11
57 31 5
57 32 13
57 33 4
57 38 4
57 42 12
57 47 18
57 51 7
57 52 12
57 53 18
58 1 7
58 3 12
58 6 3
58 12 18
58 16 10
58 18 11
58 27 12
58 29 9
58 30 18
58 31 14
58 32 5
58 33 2
58 34 20
58 41 9
58 44 15
58 45 20
58 46 12
58 47 13
58 49 10
58 50 11
58 52 13
58 55 8
59 0 12
59 1 5
59 4 17
59 7 19
59 8 20
59 9 13
59 10 6
59 14 7
59 16 5
59 17 7
59 21 3
59 22 14
59 24 6
59 25 6
59 30 16
59 31 17
59 32 8
59 33 5
59 34 18
59 35 15
59 36 9
59 37 20
59 40 1
59 41 13
59 42 11
59 44 16
59 47 14
59 48 8
59 49 14
59 50 18
59 51 16
59 52 7
59 53 1
60 4 15
60 6 6
60 8 10
60 10 11
60 11 15
60 13 20
60 14 5
60 15 17
60 16 18
60 17 15
60 22 13
60 24 16
60 28 16
60 30 19
60 33 9
60 38 1
60 41 11
60 42 5
60 45 1
60 47 11
60 48 1
60 50 3
60 54 6
60 56 13
60 57 5
60 58 15
60 59 10
61 2 4
61 4 14
61 6 18
61 7 17
61 9 6
61 10 9
61 11 3
61 14 13
61 18 6
61 22 9
61 27 8
61 28 5
61 29 2
61 30 12
61 33 15
61 34 15
61 37 14
61 40 2
61 42 8
61 43 2
61 45 14
61 48 20
61 49 15
61 50 13
61 52 13
61 53 15
61 55 20
61 57 15
61 58 7
62 4 5
62 7 16
62 8 2
62 9 17
62 12 2
62 14 4
62 15 11
62 16 1
62 17 2
62 19 2
62 21 9
62 23 8
62 26 6
62 27 6
62 30 2
62 37 18
62 40 12
62 41 15
62 46 8
62 47 1
62 48 14
62 49 19
62 54 13
62 57 12
62 58 9
62 59 16
63 0 13
63 3 1
63 5 9
63 7 15
63 12 17
63 15 11
63 18 7
63 21 4
63 22 8
63 24 19
63 25 5
63 28 4
63 30 10
63 32 10
63 39 15
63 44 17
63 49 17
63 54 9
63 55 20
63 60 18
64 5 15
64 6 7
64 8 3
64 11 13
64 14 17
64 15 18
64 19 14
64 21 10
64 31 13
64 32 6
64 38 12
64 39 10
64 42 12
64 45 19
64 47 18
64 52 13
64 53 14
64 54 13
64 56 18
65 1 16
65 5 3
65 9 12
65 10 7
65 14 4
65 15 20
65 16 12
65 17 18
65 19 5
65 20 5
65 21 16
65 23 17
65 24 2
65 25 9
65 27 4
65 29 9
65 31 8
65 32 15
65 34 19
65 35 1
65 38 16
65 39 2
65 41 15
65 47 17
65 50 20
65 51 1
65 55 4
65 57 3
65 58 5
65 59 12
65 61 9
66 0 13
66 1 7
66 3 4
66 6 11
66 9 1
66 10 7
66 21 2
66 23 11
66 25 3
66 28 9
66 29 15
66 32 14
66 35 16
66 37 2
66 38 20
66 39 13
66 40 20
66 42 16
66 43 8
66 48 5
66 61 11
66 63 6
66 64 8
67 0 9
67 2 7
67 4 12
67 8 16
67 10 8
67 15 1
67 16 20
67 17 20
67 22 17
67 23 12
67 24 3
67 25 12
67 26 2
67 28 9
67 30 6
67 31 19
67 35 7
67 37 18
67 38 20
67 39 15
67 40 9
67 41 13
67 43 7
67 44 15
67 46 12
67 47 5
67 50 5
67 51 17
67 52 2
67 53 17
67 56 2
67 59 11
67 66 4
68 0 3
68 1 10
68 3 12
68 5 1
68 6 12
68 11 20
68 13 16
68 17 14
68 19 8
68 23 13
68 29 11
68 31 4
68 34 5
68 37 3
68 38 7
68 40 12
68 41 6
68 42 16
68 46 12
68 57 10
68 59 4
68 64 6
69 0 14
69 3 13
69 5 7
69 6 4
69 10 3
69 12 20
69 14 11
69 16 18
69 18 2
69 19 19
69 21 8
69 22 18
69 28 7
69 33 19
69 34 6
69 35 18
69 40 20
69 41 16
69 43 8
69 44 3
69 45 2
69 49 20
69 50 13
69 52 13
69 54 3
69 55 4
69 57 9
69 62 4
69 64 6
69 66 3
