70
3 1 20
3 2 16
4 3 7
5 0 18
5 3 15
6 4 10
7 1 3
7 2 2
7 4 13
7 5 16
8 0 16
8 1 15
8 2 9
9 1 9
9 2 18
9 7 17
9 8 8
10 0 13
10 2 20
10 5 17
10 8 8
11 0 12
11 3 10
11 4 13
11 7 6
11 9 16
12 1 19
12 7 10
12 8 7
12 9 14
13 1 2
13 3 2
13 7 13
13 8 4
13 12 3
14 5 20
14 6 13
14 7 4
14 8 19
14 10 13
14 13 4
15 1 2
15 3 20
15 5 14
15 8 5
15 11 8
15 12 19
15 13 11
16 0 6
16 2 15
16 3 15
16 4 19
16 5 15
16 6 3
16 7 3
16 9 12
16 10 3
16 11 11
16 14 20
16 15 18
17 5 18
17 7 15
17 9 12
17 15 17
18 0 19
18 1 3
18 2 8
18 6 5
18 16 17
19 0 1
19 1 9
19 6 1
19 7 18
19 8 1
19 9 4
19 14 1
19 15 15
19 16 16
20 2 12
20 4 9
20 9 17
20 11 20
20 13 16
20 14 4
20 17 19
21 0 1
21 3 4
21 4 9
21 6 7
21 8 13
21 9 20
21 11 20
21 12 6
21 14 13
21 16 6
21 18 17
21 20 4
22 2 13
22 3 6
22 4 9
22 5 17
22 7 16
22 11 1
22 12 11
22 19 5
22 20 7
22 21 20
23 2 1
23 4 14
23 6 4
23 9 15
23 12 13
23 14 15
23 15 6
23 17 14
23 19 19
23 21 7
24 0 14
24 1 17
24 5 17
24 7 19
24 11 5
24 15 1
24 16 18
24 17 16
24 18 9
25 0 18
25 2 18
25 5 15
25 9 13
25 10 7
25 12 11
25 15 12
25 20 7
25 21 5
26 0 3
26 1 20
26 7 20
26 9 10
26 10 14
26 12 1
26 13 19
26 16 1
26 17 13
26 18 3
26 19 13
26 20 1
26 25 1
27 3 10
27 4 7
27 5 17
27 8 17
27 16 17
27 19 10
27 20 5
27 21 5
27 22 8
27 23 16
28 0 7
28 3 10
28 5 5
28 7 2
28 9 18
28 12 18
28 13 8
28 14 13
28 26 9
28 27 9
29 0 19
29 2 9
29 3 17
29 8 18
29 13 7
29 21 19
29 22 13
29 23 5
29 24 10
29 25 6
29 27 14
30 0 4
30 2 15
30 3 20
30 5 7
30 7 7
30 14 13
30 15 10
30 16 16
30 19 19
30 20 14
30 21 12
30 23 2
30 25 7
30 26 6
30 27 5
31 0 5
31 6 11
31 8 3
31 9 6
31 10 3
31 11 20
31 13 6
31 14 19
31 16 3
31 17 16
31 20 12
31 23 13
31 24 12
32 8 8
32 11 8
32 12 15
32 13 6
32 17 9
32 19 12
32 22 18
32 23 15
32 27 16
32 28 16
32 29 13
32 30 2
33 0 2
33 3 10
33 5 14
33 8 14
33 13 15
33 14 5
33 16 10
33 17 15
33 26 11
33 27 14
33 28 3
33 31 13
33 32 7
34 0 12
34 2 10
34 3 15
34 6 3
34 13 18
34 14 1
34 16 9
34 17 16
34 20 19
34 21 1
34 22 12
34 26 4
34 27 15
34 29 18
34 30 2
35 1 16
35 2 6
35 4 16
35 6 12
35 11 9
35 12 2
35 14 18
35 15 2
35 18 19
35 25 16
35 27 19
35 28 19
35 30 12
35 31 20
35 32 6
35 34 20
36 4 17
36 6 11
36 7 10
36 10 6
36 12 17
36 13 1
36 14 7
36 15 10
36 17 19
36 18 18
36 20 14
36 21 9
36 22 6
36 23 18
36 24 11
36 25 6
36 26 1
36 30 3
36 32 15
36 35 14
37 0 11
37 1 7
37 3 2
37 4 15
37 7 20
37 10 15
37 13 7
37 14 18
37 19 14
37 20 4
37 22 20
37 24 1
37 25 7
37 26 14
37 31 6
37 32 11
37 33 10
37 36 11
38 1 3
38 12 11
38 14 15
38 17 7
38 20 12
38 21 17
38 28 1
38 32 2
38 34 16
38 37 2
39 1 1
39 4 6
39 6 1
39 7 4
39 9 5
39 10 3
39 12 8
39 16 11
39 18 18
39 19 2
39 20 10
39 22 14
39 23 9
39 25 10
39 30 16
39 33 19
39 34 11
39 37 15
40 0 3
40 3 8
40 4 7
40 10 8
40 13 6
40 14 20
40 16 1
40 17 8
40 21 11
40 25 13
40 26 15
40 27 9
40 28 20
40 36 5
40 37 17
40 38 2
40 39 12
41 1 2
41 2 16
41 9 4
41 10 4
41 13 12
41 15 15
41 20 11
41 25 15
41 27 13
41 29 12
41 33 15
41 35 17
41 36 19
41 37 1
41 38 17
41 40 15
42 3 1
42 6 6
42 9 17
42 11 6
42 12 8
42 13 2
42 14 13
42 15 1
42 21 1
42 23 7
42 29 5
42 35 9
42 36 17
42 38 16
42 40 2
43 2 1
43 3 8
43 5 14
43 9 13
43 12 8
43 13 3
43 18 18
43 19 18
43 21 16
43 23 2
43 26 18
43 29 10
43 30 1
43 31 7
43 33 1
43 38 1
43 39 5
43 41 12
43 42 6
44 0 16
44 3 9
44 4 15
44 5 5
44 6 15
44 11 7
44 14 12
44 16 10
44 23 13
44 24 18
44 28 12
44 30 7
44 31 8
44 35 6
44 39 11
44 43 2
45 10 12
45 11 3
45 14 11
45 15 16
45 16 8
45 17 10
45 19 14
45 22 20
45 24 6
45 26 6
45 27 6
45 28 3
45 29 17
45 35 7
45 40 6
46 2 16
46 8 7
46 9 11
46 11 13
46 12 16
46 17 1
46 18 18
46 20 10
46 25 8
46 26 7
46 29 16
46 32 13
46 33 20
46 35 18
46 37 5
46 38 11
46 39 4
46 42 9
46 43 1
46 45 14
47 0 17
47 1 3
47 3 16
47 5 3
47 6 10
47 7 4
47 12 12
47 13 1
47 17 16
47 20 6
47 21 1
47 23 13
47 24 19
47 26 2
47 29 6
47 34 9
47 36 8
47 39 16
47 43 3
48 6 9
48 9 3
48 10 8
48 12 7
48 14 9
48 16 12
48 18 20
48 21 1
48 22 19
48 23 17
48 24 20
48 25 2
48 28 17
48 29 18
48 30 7
48 31 4
48 32 17
48 37 13
48 38 9
48 40 20
48 42 6
48 44 6
48 45 6
49 1 8
49 2 13
49 4 10
49 6 2
49 11 10
49 12 5
49 13 2
49 15 11
49 17 12
49 19 8
49 20 11
49 21 18
49 22 19
49 27 3
49 28 12
49 29 14
49 32 15
49 36 1
49 38 19
49 39 3
49 40 16
49 42 14
49 43 16
49 45 6
49 47 17
49 48 13
50 0 16
50 3 18
50 4 5
50 8 3
50 9 6
50 11 9
50 12 10
50 13 2
50 14 1
50 20 20
50 21 10
50 23 9
50 24 16
50 25 15
50 27 14
50 30 18
50 32 4
50 35 17
50 38 19
50 39 14
50 40 8
50 41 9
50 42 15
50 43 10
50 48 16
51 0 18
51 4 4
51 5 19
51 6 6
51 7 20
51 10 7
51 11 5
51 12 3
51 18 20
51 19 5
51 20 5
51 21 8
51 23 18
51 27 14
51 32 17
51 33 15
51 35 2
51 42 11
51 48 16
51 49 14
52 0 3
52 4 9
52 5 6
52 7 1
52 9 6
52 12 20
52 13 2
52 17 19
52 24 1
52 28 7
52 30 15
52 38 6
52 40 14
52 41 1
52 47 13
53 2 15
53 3 4
53 6 18
53 7 17
53 9 6
53 15 4
53 20 19
53 21 18
53 22 4
53 23 6
53 26 4
53 27 16
53 36 10
53 37 9
53 39 5
53 43 7
53 50 1
53 51 15
53 52 10
54 2 20
54 4 19
54 6 6
54 9 9
54 13 10
54 16 11
54 19 4
54 21 18
54 22 11
54 23 4
54 25 4
54 26 8
54 27 8
54 32 12
54 35 1
54 38 4
54 39 4
54 40 11
54 42 11
54 46 4
54 48 10
54 50 9
55 0 19
55 4 14
55 6 14
55 7 17
55 12 6
55 14 19
55 15 3
55 19 3
55 20 11
55 22 9
55 29 7
55 30 1
55 32 15
55 33 7
55 35 6
55 36 14
55 38 4
55 40 13
55 41 6
55 49 5
55 51 8
56 5 17
56 6 1
56 9 10
56 10 17
56 11 12
56 12 17
56 13 9
56 14 3
56 15 12
56 16 6
56 20 9
56 22 2
56 24 3
56 29 19
56 31 8
56 32 16
56 35 8
56 37 18
56 44 9
56 46 18
56 48 7
56 50 19
56 51 14
56 52 12
57 2 8
57 6 3
57 8 12
57 11 5
57 13 11
57 16 11
57 20 20
57 22 2
57 29 2
57 31 15
57 34 5
57 38 5
57 40 3
57 43 8
57 45 12
57 46 13
57 50 4
57 54 8
58 0 6
58 1 18
58 3 10
58 8 11
58 21 16
58 23 18
58 25 8
58 26 15
58 32 3
58 33 5
58 34 12
58 35 4
58 37 7
58 38 16
58 39 8
58 43 19
58 46 15
58 48 20
58 55 6
58 56 17
59 1 20
59 5 6
59 7 11
59 10 6
59 13 7
59 15 9
59 18 4
59 19 4
59 20 18
59 25 12
59 29 2
59 32 2
59 37 12
59 39 6
59 42 15
59 45 19
59 53 18
59 54 17
59 58 13
60 4 20
60 12 9
60 13 20
60 15 6
60 20 14
60 25 4
60 34 7
60 36 7
60 38 1
60 41 19
60 42 9
60 44 8
60 46 20
60 48 6
60 54 7
61 2 18
61 3 19
61 5 6
61 7 5
61 8 6
61 11 5
61 12 5
61 14 8
61 15 1
61 16 15
61 17 15
61 18 1
61 19 6
61 21 10
61 22 3
61 26 17
61 28 10
61 31 8
61 32 7
61 35 7
61 36 15
61 37 20
61 38 6
61 46 12
61 48 3
61 50 12
61 54 9
62 6 1
62 8 16
62 10 6
62 14 7
62 17 5
62 18 13
62 19 17
62 24 3
62 26 2
62 29 4
62 34 17
62 36 13
62 42 9
62 44 13
62 46 18
62 47 11
62 50 5
62 51 16
62 54 2
62 57 2
63 2 4
63 6 18
63 8 19
63 13 18
63 16 7
63 20 17
63 21 4
63 23 4
63 29 18
63 30 11
63 32 2
63 33 15
63 37 1
63 43 18
63 47 8
63 48 12
63 54 3
63 55 8
63 57 15
63 60 3
64 1 19
64 2 18
64 3 5
64 5 16
64 12 14
64 14 17
64 17 17
64 19 15
64 20 17
64 25 17
64 26 3
64 27 10
64 31 10
64 33 12
64 34 13
64 39 16
64 40 6
64 41 7
64 42 14
64 45 3
64 47 6
64 49 18
64 50 20
64 52 15
64 56 11
64 60 18
65 0 4
65 8 16
65 12 9
65 15 10
65 17 8
65 20 14
65 28 5
65 29 6
65 30 17
65 35 12
65 38 3
65 39 17
65 44 16
65 49 15
65 50 8
65 51 10
65 52 8
65 54 3
65 57 18
65 59 18
65 61 11
65 63 11
65 64 4
66 0 12
66 1 7
66 2 9
66 3 3
66 7 7
66 8 15
66 10 16
66 11 3
66 14 3
66 15 9
66 17 9
66 23 4
66 25 13
66 27 8
66 30 8
66 32 2
66 34 5
66 37 14
66 38 1
66 41 8
66 43 10
66 44 9
66 47 11
66 48 10
66 50 14
66 51 4
66 55 6
66 56 3
67 0 17
67 4 5
67 5 17
67 6 20
67 12 19
67 15 4
67 17 9
67 25 17
67 31 11
67 36 1
67 41 3
67 45 3
67 47 3
67 48 1
67 51 11
67 52 1
67 55 20
67 60 6
67 61 13
67 65 5
68 4 5
68 6 5
68 9 16
68 13 10
68 15 9
68 16 3
68 20 1
68 25 3
68 28 19
68 31 14
68 32 1
68 34 17
68 35 8
68 37 13
68 40 11
68 41 10
68 43 7
68 46 3
68 48 4
68 49 17
68 51 5
68 55 4
68 60 3
68 61 16
68 63 20
68 64 4
69 3 18
69 4 3
69 9 12
69 11 13
69 14 12
69 20 20
69 26 13
69 27 12
69 29 19
69 30 5
69 33 17
69 35 1
69 37 2
69 38 9
69 42 4
69 46 4
69 48 12
69 49 20
69 56 6
69 58 11
69 61 6
69 62 11
69 66 16
69 68 13
