30
1 0 2
2 0 32
3 0 68
3 1 145
4 0 128
4 1 53
4 3 113
5 0 53
5 1 7
5 3 18
5 4 150
6 0 135
6 1 100
6 2 60
6 3 36
6 4 21
6 5 52
7 0 54
7 1 121
7 3 17
7 4 62
7 5 110
7 6 6
8 1 130
8 3 45
8 4 21
8 6 15
8 7 103
9 0 99
9 1 12
9 2 145
9 3 138
9 5 21
9 6 131
9 7 1
9 8 45
10 0 95
10 1 118
10 2 97
10 3 48
10 5 57
10 6 55
10 8 40
11 0 124
11 2 156
11 3 117
11 5 2
11 6 49
11 7 101
11 8 100
11 9 93
11 10 18
12 0 127
12 1 150
12 3 86
12 5 20
12 6 160
12 7 9
12 10 50
12 11 123
13 0 70
13 1 6
13 2 158
13 3 83
13 4 129
13 5 140
13 6 23
13 9 101
13 10 100
13 11 125
13 12 35
14 0 94
14 1 59
14 2 135
14 3 60
14 8 6
14 9 156
14 10 3
14 11 69
14 12 20
14 13 147
15 0 127
15 1 156
15 8 38
15 11 8
15 12 68
15 14 77
16 0 149
16 1 81
16 3 80
16 4 91
16 6 112
16 7 24
16 8 118
16 10 109
16 11 137
16 13 89
16 15 110
17 0 126
17 1 52
17 2 27
17 3 150
17 4 94
17 5 158
17 6 29
17 7 99
17 8 6
17 9 116
17 11 150
17 12 30
17 14 70
17 16 58
18 0 41
18 2 84
18 3 25
18 5 155
18 7 74
18 9 111
18 10 153
18 11 40
18 12 86
18 13 141
18 14 49
18 16 96
18 17 117
19 0 65
19 1 40
19 2 25
19 3 66
19 5 91
19 6 107
19 8 131
19 9 139
19 10 126
19 12 41
19 13 125
19 14 87
19 15 100
19 16 81
19 17 106
19 18 111
20 0 79
20 1 151
20 2 28
20 3 159
20 4 20
20 6 85
20 8 33
20 9 54
20 10 145
20 12 18
20 14 18
20 15 1
20 16 64
20 17 98
20 18 105
20 19 26
21 0 13
21 1 51
21 2 148
21 4 26
21 5 114
21 6 78
21 7 139
21 8 86
21 10 61
21 12 84
21 13 36
21 14 6
21 16 78
21 17 89
21 18 23
21 19 57
22 0 89
22 1 138
22 2 111
22 3 66
22 4 17
22 6 48
22 7 152
22 10 25
22 11 94
22 12 48
22 14 141
22 15 102
22 16 141
22 17 87
22 20 125
23 0 43
23 1 38
23 3 9
23 5 84
23 6 74
23 7 19
23 9 98
23 11 27
23 12 103
23 13 103
23 14 70
23 16 61
23 17 112
23 18 134
23 19 151
23 21 38
23 22 81
24 2 1
24 3 152
24 4 68
24 5 144
24 6 125
24 7 35
24 8 79
24 10 109
24 11 57
24 14 35
24 16 115
24 19 32
24 20 10
24 21 13
24 22 24
24 23 122
25 0 60
25 1 87
25 3 125
25 4 14
25 5 78
25 6 40
25 7 127
25 8 31
25 10 123
25 11 22
25 12 32
25 13 57
25 14 13
25 15 32
25 17 12
25 18 94
25 19 12
25 20 40
25 22 107
25 23 136
26 0 22
26 1 132
26 2 35
26 6 84
26 7 40
26 8 76
26 9 49
26 10 158
26 11 75
26 12 155
26 13 115
26 15 4
26 16 153
26 18 115
26 19 98
26 20 68
26 21 19
26 23 119
26 24 70
27 1 137
27 2 148
27 3 21
27 4 142
27 6 39
27 8 17
27 9 143
27 10 154
27 12 143
27 13 93
27 14 51
27 15 138
27 16 41
27 18 86
27 19 98
27 20 105
27 21 10
27 22 156
27 23 96
27 24 67
27 25 56
27 26 73
28 2 156
28 4 134
28 6 122
28 7 4
28 9 47
28 10 52
28 11 111
28 12 125
28 14 87
28 17 58
28 18 101
28 19 109
28 20 121
28 21 140
28 23 127
28 24 154
28 26 10
28 27 16
29 1 28
29 2 137
29 4 151
29 6 91
29 8 139
29 9 52
29 10 56
29 11 12
29 12 45
29 13 100
29 15 91
29 16 32
29 17 150
29 18 16
29 19 152
29 23 10
29 25 27
29 27 157
29 28 24
