20
1 0 10
2 0 7
2 1 26
3 0 40
3 2 21
4 1 28
6 0 37
6 4 40
7 3 34
7 4 28
7 5 9
8 1 32
8 6 9
8 7 20
9 0 17
9 1 2
9 3 7
9 7 26
9 8 18
10 1 6
10 4 29
10 5 3
10 7 21
10 9 13
11 0 25
11 1 35
11 2 20
11 4 9
11 6 11
11 8 35
11 9 7
11 10 17
12 0 32
12 2 31
12 5 36
12 9 37
12 11 35
13 1 3
13 2 25
13 6 19
13 8 2
13 9 17
13 11 9
14 0 12
14 2 18
14 3 25
14 7 7
14 10 23
14 12 19
14 13 14
15 0 2
15 1 39
15 3 38
15 6 28
15 11 1
15 13 24
15 14 20
16 0 35
16 3 33
16 4 3
16 5 7
16 8 15
16 10 19
16 11 10
16 14 37
16 15 13
17 1 2
17 2 10
17 4 21
17 5 16
17 6 11
17 7 23
17 10 20
17 11 35
17 12 32
17 15 38
18 1 24
18 2 27
18 3 23
18 4 7
18 6 31
18 7 29
18 8 10
18 9 32
18 12 35
18 17 35
19 0 17
19 5 12
19 6 40
19 7 25
19 8 14
19 9 29
19 14 6
19 15 14
19 16 37
