60
1 0 22
2 0 9
2 1 19
3 0 6
3 1 8
3 2 64
4 1 73
4 2 34
4 3 38
5 0 24
5 1 73
5 2 2
5 3 67
5 4 32
6 0 12
6 1 5
6 2 30
6 3 20
6 4 36
6 5 48
7 0 4
7 1 18
7 2 2
7 3 24
7 4 8
7 5 11
8 0 17
8 1 41
8 2 13
8 5 37
8 6 5
9 0 51
9 2 26
9 3 38
9 4 45
9 5 46
9 7 46
9 8 25
10 0 55
10 1 28
10 2 15
10 3 16
10 5 13
10 6 24
10 7 5
10 8 27
11 0 52
11 1 33
11 2 12
11 3 34
11 4 7
11 5 63
11 6 38
11 7 47
11 8 20
11 9 9
11 10 69
12 0 52
12 1 43
12 3 75
12 4 26
12 5 80
12 6 71
12 7 59
12 8 54
12 9 63
12 10 51
12 11 42
13 0 57
13 1 10
13 2 54
13 3 73
13 4 25
13 5 69
13 6 17
13 7 26
13 8 57
13 9 39
13 10 14
13 11 20
13 12 65
14 0 45
14 1 51
14 2 51
14 3 29
14 4 37
14 5 55
14 7 2
14 8 38
14 10 61
14 12 49
14 13 63
15 0 53
15 1 55
15 2 29
15 4 58
15 5 1
15 6 44
15 7 42
15 8 43
15 9 7
15 10 14
15 11 77
15 12 80
15 13 10
15 14 29
16 0 16
16 1 59
16 2 49
16 3 35
16 4 37
16 5 44
16 6 22
16 7 13
16 8 36
16 9 49
16 10 38
16 11 61
16 13 2
16 14 63
16 15 41
17 0 70
17 1 16
17 2 4
17 3 25
17 4 7
17 5 56
17 6 7
17 7 13
17 8 49
17 9 1
17 10 3
17 11 31
17 12 31
17 13 35
17 14 67
17 15 6
17 16 45
18 0 9
18 1 29
18 2 17
18 3 65
18 4 70
18 5 18
18 6 23
18 7 57
18 8 7
18 9 43
18 10 11
18 11 66
18 12 57
18 13 26
18 14 79
18 15 3
18 16 28
18 17 28
19 0 67
19 2 80
19 3 11
19 4 79
19 5 65
19 6 53
19 7 41
19 8 68
19 9 46
19 10 18
19 11 12
19 12 24
19 13 17
19 14 48
19 15 57
19 16 17
19 17 48
19 18 74
20 0 68
20 1 36
20 2 44
20 3 51
20 4 14
20 5 2
20 6 74
20 7 48
20 8 60
20 9 80
20 10 36
20 12 61
20 13 32
20 14 13
20 16 44
20 17 37
20 18 60
20 19 70
21 0 73
21 1 11
21 2 66
21 4 69
21 5 62
21 7 50
21 9 37
21 10 32
21 11 24
21 12 50
21 14 9
21 15 30
21 16 13
21 17 77
21 18 32
21 19 5
21 20 23
22 0 25
22 1 80
22 2 80
22 3 76
22 4 78
22 5 80
22 6 28
22 7 39
22 10 64
22 11 2
22 12 51
22 13 44
22 14 43
22 15 7
22 16 28
22 17 12
22 18 64
22 19 57
22 20 74
22 21 1
23 0 63
23 1 79
23 2 3
23 3 67
23 4 31
23 5 58
23 6 11
23 7 80
23 8 13
23 9 1
23 10 42
23 11 68
23 12 14
23 13 27
23 14 56
23 15 35
23 18 28
23 19 9
23 20 40
23 21 12
23 22 60
24 1 80
24 2 54
24 3 57
24 4 77
24 5 56
24 6 53
24 7 38
24 8 5
24 9 46
24 10 76
24 12 65
24 13 22
24 14 63
24 16 72
24 17 28
24 18 80
24 19 15
24 20 46
24 21 43
24 22 8
24 23 63
25 0 62
25 1 80
25 2 8
25 3 8
25 4 48
25 5 19
25 6 24
25 7 12
25 8 31
25 9 62
25 10 62
25 11 70
25 12 37
25 13 71
25 14 61
25 15 50
25 16 49
25 18 55
25 19 29
25 22 12
25 24 74
26 0 30
26 2 55
26 3 11
26 4 21
26 5 11
26 6 41
26 7 62
26 8 6
26 9 3
26 10 53
26 11 29
26 12 77
26 13 59
26 14 34
26 15 31
26 16 26
26 17 78
26 18 25
26 19 27
26 20 63
26 21 33
26 22 42
26 23 63
26 24 17
26 25 32
27 0 59
27 1 60
27 2 26
27 3 26
27 5 7
27 6 18
27 7 43
27 8 29
27 9 41
27 10 9
27 11 66
27 12 20
27 13 69
27 14 13
27 15 15
27 16 53
27 17 21
27 18 18
27 20 24
27 21 47
27 22 21
27 23 71
27 24 5
27 25 19
27 26 75
28 0 24
28 1 62
28 2 35
28 3 59
28 4 65
28 5 57
28 6 44
28 7 63
28 8 75
28 9 26
28 10 66
28 11 49
28 12 45
28 13 39
28 14 8
28 15 30
28 16 67
28 17 22
28 18 55
28 19 47
28 20 58
28 22 72
28 23 15
28 24 23
28 25 77
28 26 72
29 0 21
29 1 30
29 2 29
29 3 21
29 4 26
29 5 31
29 6 63
29 7 37
29 8 55
29 9 4
29 10 20
29 13 52
29 14 5
29 15 79
29 16 9
29 17 19
29 18 36
29 19 29
29 20 72
29 21 77
29 22 80
29 23 70
29 24 37
29 25 13
29 26 14
29 28 30
30 1 66
30 2 3
30 3 55
30 4 44
30 5 46
30 6 78
30 7 39
30 8 80
30 9 32
30 10 1
30 11 53
30 12 34
30 13 1
30 14 19
30 15 67
30 16 11
30 17 80
30 18 47
30 19 77
30 20 52
30 22 64
30 23 31
30 24 29
30 25 72
30 27 80
30 29 33
31 0 31
31 1 7
31 2 10
31 3 45
31 4 2
31 6 4
31 8 68
31 9 60
31 10 13
31 11 63
31 12 53
31 13 14
31 14 16
31 15 45
31 17 37
31 18 17
31 20 45
31 21 78
31 22 40
31 23 73
31 24 70
31 25 18
31 26 80
31 27 76
31 28 50
31 29 41
31 30 2
32 0 18
32 1 53
32 2 25
32 3 19
32 4 59
32 5 63
32 6 21
32 7 8
32 8 48
32 9 42
32 10 18
32 11 54
32 12 22
32 13 25
32 14 44
32 15 46
32 16 18
32 17 53
32 18 57
32 19 44
32 20 51
32 21 23
32 22 53
32 23 24
32 24 17
32 25 48
32 27 26
32 28 40
32 29 79
32 30 73
32 31 76
33 0 24
33 1 59
33 2 61
33 3 43
33 4 1
33 5 44
33 6 19
33 7 22
33 9 60
33 10 5
33 11 26
33 12 2
33 13 20
33 14 10
33 15 63
33 16 39
33 17 46
33 18 60
33 19 8
33 20 57
33 21 58
33 22 69
33 24 64
33 25 55
33 26 18
33 27 47
33 28 55
33 29 16
33 31 17
33 32 49
34 0 55
34 2 18
34 4 70
34 5 44
34 6 61
34 7 54
34 8 17
34 9 65
34 10 80
34 11 67
34 12 42
34 13 60
34 14 66
34 15 36
34 16 29
34 18 31
34 19 53
34 20 60
34 21 49
34 22 24
34 23 32
34 24 40
34 25 51
34 27 64
34 28 5
34 29 71
34 30 34
34 31 63
34 32 20
34 33 31
35 0 37
35 1 18
35 2 72
35 3 26
35 4 21
35 5 25
35 6 80
35 7 18
35 8 3
35 9 56
35 10 15
35 12 46
35 13 69
35 14 42
35 15 60
35 16 74
35 17 56
35 18 39
35 19 39
35 21 46
35 22 80
35 23 18
35 24 56
35 25 56
35 26 65
35 27 14
35 28 77
35 29 2
35 30 22
35 31 68
35 32 16
35 34 74
36 0 32
36 1 14
36 2 13
36 3 31
36 4 63
36 5 70
36 6 56
36 7 54
36 8 67
36 9 34
36 10 56
36 12 64
36 13 71
36 14 25
36 15 12
36 16 37
36 17 62
36 18 2
36 19 12
36 20 65
36 21 73
36 22 65
36 23 14
36 24 48
36 25 19
36 26 75
36 27 79
36 28 46
36 29 60
36 30 21
36 31 23
36 32 63
36 33 61
36 35 5
37 0 77
37 1 42
37 2 54
37 3 68
37 4 31
37 5 69
37 6 24
37 7 34
37 9 14
37 10 52
37 11 67
37 12 48
37 13 78
37 14 70
37 16 29
37 17 23
37 18 70
37 19 37
37 20 30
37 21 64
37 23 9
37 24 55
37 25 40
37 26 68
37 28 4
37 29 62
37 30 61
37 31 45
37 32 39
37 33 55
37 34 2
37 35 69
37 36 47
38 0 9
38 1 23
38 3 24
38 4 58
38 5 3
38 6 31
38 7 46
38 8 29
38 9 20
38 10 18
38 11 39
38 12 22
38 13 77
38 14 73
38 16 39
38 17 9
38 18 48
38 19 76
38 20 45
38 22 67
38 23 29
38 24 70
38 25 78
38 27 75
38 28 78
38 29 65
38 30 25
38 31 11
38 32 60
38 33 64
38 34 57
38 36 53
38 37 40
39 0 1
39 1 52
39 2 46
39 3 1
39 4 78
39 5 9
39 7 4
39 8 37
39 9 58
39 10 20
39 11 73
39 12 69
39 13 17
39 14 58
39 15 46
39 16 53
39 17 9
39 18 16
39 19 26
39 21 48
39 22 23
39 23 57
39 24 19
39 25 31
39 26 36
39 27 12
39 28 75
39 29 8
39 30 37
39 31 61
39 32 21
39 33 60
39 34 77
39 35 16
39 36 56
39 37 53
39 38 19
40 0 48
40 1 72
40 3 49
40 4 69
40 5 77
40 6 6
40 7 21
40 8 14
40 9 72
40 10 9
40 11 37
40 12 80
40 13 67
40 14 64
40 15 12
40 16 40
40 18 23
40 19 8
40 20 24
40 21 7
40 24 65
40 25 16
40 26 29
40 27 51
40 29 57
40 30 37
40 31 9
40 32 76
40 33 22
40 34 68
40 35 11
40 36 79
40 38 21
40 39 51
41 0 42
41 1 24
41 3 62
41 4 35
41 5 20
41 6 29
41 7 65
41 8 27
41 9 65
41 10 47
41 11 80
41 13 1
41 14 78
41 15 34
41 16 61
41 17 9
41 18 51
41 21 48
41 22 31
41 23 43
41 24 49
41 25 33
41 26 48
41 27 39
41 28 3
41 29 20
41 30 4
41 31 31
41 33 2
41 35 8
41 36 31
41 37 71
41 38 38
41 39 28
41 40 55
42 1 70
42 3 31
42 4 10
42 5 73
42 7 51
42 8 20
42 9 63
42 10 45
42 11 16
42 12 15
42 13 18
42 14 72
42 15 60
42 16 29
42 17 15
42 18 6
42 19 7
42 20 74
42 21 11
42 22 43
42 24 42
42 25 47
42 26 42
42 27 61
42 28 49
42 29 20
42 30 58
42 31 38
42 32 68
42 33 44
42 34 77
42 36 29
42 37 68
42 38 33
42 39 1
42 40 46
42 41 4
43 0 60
43 1 17
43 3 55
43 4 44
43 6 78
43 7 18
43 8 15
43 9 32
43 12 25
43 13 9
43 14 38
43 16 51
43 17 44
43 18 1
43 19 23
43 20 32
43 21 62
43 22 27
43 25 43
43 26 29
43 27 53
43 28 70
43 29 6
43 30 50
43 31 14
43 33 43
43 34 38
43 35 76
43 38 20
43 39 13
43 40 13
43 41 59
43 42 1
44 0 60
44 1 69
44 2 56
44 3 8
44 4 76
44 5 2
44 6 61
44 7 53
44 8 53
44 9 74
44 10 18
44 11 10
44 12 9
44 13 31
44 14 43
44 15 20
44 16 11
44 17 78
44 18 64
44 20 75
44 21 64
44 22 36
44 23 40
44 24 36
44 25 9
44 27 13
44 28 54
44 29 28
44 30 24
44 31 62
44 32 46
44 33 61
44 34 25
44 35 75
44 36 11
44 37 11
44 38 8
44 39 33
44 40 12
44 41 72
44 42 57
44 43 29
45 0 52
45 1 69
45 2 58
45 3 28
45 4 64
45 5 34
45 6 10
45 9 63
45 11 11
45 12 24
45 13 74
45 14 44
45 15 77
45 16 48
45 18 15
45 19 4
45 20 9
45 22 37
45 23 61
45 24 59
45 25 74
45 27 61
45 28 35
45 29 64
45 30 12
45 32 11
45 33 36
45 34 32
45 35 47
45 36 32
45 37 11
45 38 47
45 39 74
45 40 73
45 44 8
46 0 58
46 1 25
46 2 23
46 3 14
46 4 76
46 5 17
46 6 66
46 8 42
46 9 64
46 10 80
46 11 20
46 12 73
46 14 29
46 15 3
46 16 3
46 18 15
46 19 48
46 20 21
46 21 2
46 22 41
46 23 35
46 24 65
46 26 67
46 27 20
46 28 27
46 29 62
46 30 46
46 31 30
46 32 18
46 33 41
46 34 35
46 37 43
46 38 16
46 40 50
46 41 17
46 42 12
46 43 35
46 44 32
46 45 23
47 0 18
47 3 38
47 4 61
47 5 10
47 6 70
47 8 33
47 9 64
47 10 33
47 11 9
47 12 39
47 13 40
47 14 4
47 16 20
47 17 79
47 18 16
47 19 29
47 20 71
47 21 75
47 22 20
47 23 29
47 24 66
47 25 13
47 26 14
47 27 52
47 28 53
47 29 20
47 30 3
47 31 17
47 32 70
47 33 50
47 34 57
47 35 71
47 36 61
47 37 19
47 38 5
47 39 59
47 40 23
47 41 19
47 42 10
47 43 47
47 46 46
48 0 43
48 1 71
48 2 62
48 3 30
48 4 30
48 5 53
48 6 72
48 7 40
48 8 8
48 9 42
48 10 46
48 11 52
48 12 32
48 13 54
48 14 36
48 17 79
48 18 44
48 19 14
48 20 10
48 21 61
48 22 38
48 23 20
48 25 56
48 26 20
48 27 4
48 28 77
48 29 49
48 30 57
48 31 77
48 32 75
48 33 35
48 34 7
48 35 23
48 36 79
48 37 26
48 38 74
48 39 68
48 40 57
48 41 8
48 42 20
48 43 37
48 44 13
48 45 56
48 46 37
48 47 70
49 0 9
49 1 31
49 2 18
49 3 22
49 4 56
49 5 62
49 7 37
49 8 60
49 9 59
49 11 68
49 12 47
49 14 37
49 15 19
49 16 1
49 17 8
49 18 40
49 19 24
49 20 38
49 21 13
49 22 64
49 23 56
49 25 29
49 26 2
49 27 67
49 28 45
49 29 26
49 30 25
49 31 61
49 32 4
49 33 39
49 34 31
49 35 18
49 36 2
49 37 29
49 38 71
49 39 26
49 40 6
49 41 78
49 42 26
49 43 27
49 45 16
49 46 60
49 47 63
49 48 37
50 0 21
50 1 80
50 2 19
50 3 44
50 4 48
50 6 6
50 7 13
50 9 80
50 10 73
50 11 15
50 12 73
50 13 47
50 15 59
50 16 78
50 18 11
50 19 44
50 20 52
50 21 32
50 22 14
50 23 44
50 24 33
50 25 5
50 26 73
50 27 5
50 28 35
50 29 74
50 31 15
50 32 71
50 33 15
50 34 16
50 35 28
50 36 80
50 37 12
50 38 52
50 39 52
50 40 43
50 41 24
50 42 29
50 43 48
50 44 30
50 45 52
50 46 19
50 47 29
50 48 50
50 49 58
51 0 27
51 1 61
51 2 34
51 4 57
51 5 60
51 6 75
51 8 50
51 9 70
51 10 48
51 11 1
51 12 78
51 13 44
51 14 11
51 16 70
51 17 20
51 18 32
51 19 3
51 20 48
51 21 71
51 23 53
51 24 78
51 25 67
51 26 38
51 27 48
51 28 46
51 29 73
51 30 14
51 31 64
51 32 80
51 33 7
51 34 52
51 35 25
51 36 60
51 37 29
51 38 25
51 40 69
51 41 74
51 42 63
51 43 17
51 44 72
51 46 34
51 47 44
51 48 3
52 0 29
52 1 18
52 2 31
52 3 5
52 4 57
52 5 1
52 6 39
52 7 7
52 8 57
52 9 13
52 10 11
52 11 30
52 12 47
52 13 66
52 14 73
52 15 20
52 16 71
52 17 19
52 18 10
52 19 8
52 20 31
52 21 46
52 22 37
52 23 42
52 24 8
52 25 30
52 26 73
52 27 65
52 28 18
52 29 57
52 30 8
52 31 66
52 32 79
52 33 24
52 34 77
52 35 70
52 36 74
52 38 31
52 39 49
52 40 67
52 41 77
52 42 65
52 43 26
52 44 72
52 45 11
52 46 38
52 47 59
52 48 75
52 49 10
52 50 42
52 51 5
53 0 61
53 1 38
53 2 18
53 3 6
53 4 2
53 5 28
53 6 8
53 7 50
53 8 8
53 10 17
53 11 52
53 13 21
53 16 76
53 17 57
53 18 4
53 19 44
53 20 67
53 21 73
53 22 48
53 23 13
53 24 46
53 25 12
53 26 35
53 27 18
53 28 48
53 29 9
53 30 8
53 31 24
53 32 32
53 33 70
53 34 40
53 35 30
53 36 27
53 37 53
53 38 67
53 39 67
53 40 7
53 41 8
53 43 70
53 44 3
53 45 3
53 46 31
53 47 19
53 48 55
53 49 24
53 50 55
53 51 22
53 52 4
54 0 21
54 1 74
54 3 30
54 4 21
54 5 64
54 6 46
54 7 60
54 8 2
54 9 32
54 11 64
54 12 54
54 14 23
54 15 35
54 16 2
54 17 28
54 18 58
54 19 28
54 20 38
54 21 1
54 22 65
54 23 50
54 24 28
54 25 43
54 26 4
54 27 36
54 28 51
54 29 11
54 30 60
54 32 66
54 33 56
54 34 33
54 35 74
54 36 37
54 37 57
54 38 50
54 39 5
54 40 78
54 41 33
54 42 11
54 43 57
54 44 27
54 45 11
54 46 58
54 48 19
54 49 66
54 51 38
54 52 16
54 53 17
55 0 73
55 1 80
55 2 79
55 3 77
55 5 37
55 6 47
55 7 32
55 8 9
55 9 58
55 11 6
55 13 4
55 14 32
55 15 56
55 16 44
55 17 17
55 18 23
55 19 63
55 20 64
55 21 18
55 22 46
55 23 17
55 25 4
55 26 36
55 27 73
55 28 5
55 29 49
55 30 65
55 31 74
55 32 49
55 33 31
55 34 51
55 35 30
55 36 35
55 37 62
55 38 38
55 39 51
55 40 47
55 41 16
55 42 21
55 43 61
55 44 48
55 45 43
55 47 15
55 48 36
55 49 36
55 50 25
55 52 17
55 53 35
55 54 29
56 0 66
56 1 41
56 2 45
56 3 65
56 4 68
56 5 54
56 6 79
56 7 15
56 8 45
56 9 31
56 10 21
56 11 56
56 12 26
56 13 41
56 14 72
56 15 56
56 17 52
56 18 52
56 19 9
56 20 23
56 21 38
56 22 52
56 23 75
56 24 78
56 25 35
56 26 25
56 27 57
56 28 55
56 29 33
56 30 17
56 31 10
56 32 35
56 33 64
56 34 15
56 35 13
56 36 6
56 37 64
56 38 67
56 39 62
56 40 18
56 41 32
56 42 64
56 43 77
56 44 7
56 45 34
56 46 59
56 47 48
56 48 57
56 49 61
56 50 22
56 51 45
56 52 41
56 54 49
56 55 40
57 0 28
57 1 49
57 2 61
57 3 42
57 4 43
57 5 39
57 6 30
57 7 67
57 8 63
57 9 1
57 11 38
57 12 52
57 13 79
57 14 63
57 15 28
57 16 36
57 17 35
57 18 12
57 19 36
57 20 16
57 21 47
57 22 58
57 23 24
57 24 15
57 25 28
57 26 45
57 27 2
57 28 7
57 29 58
57 31 56
57 32 67
57 33 25
57 34 26
57 35 13
57 36 67
57 38 22
57 39 51
57 40 73
57 41 61
57 42 71
57 43 13
57 44 46
57 45 34
57 46 29
57 47 73
57 48 39
57 49 74
57 50 78
57 51 79
57 52 52
57 53 28
57 54 56
57 55 38
57 56 43
58 0 75
58 1 34
58 3 32
58 4 24
58 5 38
58 6 26
58 7 37
58 8 25
58 9 54
58 10 2
58 11 74
58 12 37
58 13 31
58 14 12
58 15 66
58 16 34
58 17 49
58 18 20
58 19 60
58 20 44
58 21 79
58 22 80
58 24 68
58 25 75
58 26 14
58 27 60
58 28 80
58 29 67
58 30 63
58 31 71
58 32 51
58 33 38
58 34 28
58 35 47
58 36 36
58 37 3
58 38 42
58 39 50
58 40 68
58 41 49
58 42 78
58 43 57
58 44 77
58 45 1
58 46 58
58 47 34
58 48 55
58 49 42
58 50 51
58 51 76
58 52 73
58 53 63
58 54 5
58 55 37
58 56 43
58 57 67
59 0 46
59 1 62
59 2 62
59 3 13
59 4 13
59 5 56
59 7 38
59 8 4
59 9 65
59 10 11
59 11 3
59 12 68
59 13 63
59 14 22
59 15 21
59 16 21
59 17 62
59 18 50
59 19 67
59 20 3
59 23 64
59 24 41
59 25 14
59 26 72
59 27 40
59 28 28
59 29 40
59 30 20
59 31 24
59 32 54
59 33 5
59 34 54
59 35 78
59 36 68
59 37 10
59 38 42
59 39 8
59 40 30
59 41 19
59 42 75
59 43 60
59 44 11
59 45 75
59 46 71
59 47 48
59 48 55
59 49 65
59 50 60
59 52 63
59 53 7
59 55 21
59 56 66
59 57 70
59 58 29
