50
1 0 9
2 0 6
2 1 5
3 0 10
3 2 8
4 1 6
4 2 1
4 3 6
5 1 7
5 2 3
5 3 3
6 0 6
6 2 4
6 4 7
7 0 4
7 2 2
7 3 6
7 4 10
7 5 6
8 0 7
8 1 9
8 2 2
8 3 1
8 4 9
8 5 7
8 6 9
8 7 10
9 0 10
9 1 7
9 3 2
9 4 6
9 5 10
9 6 2
9 7 8
9 8 4
10 0 1
10 1 10
10 2 2
10 3 9
10 4 7
10 5 8
10 8 9
10 9 6
11 1 1
11 2 2
11 4 4
11 5 3
11 6 4
11 7 3
11 8 8
11 9 6
12 0 1
12 2 3
12 4 7
12 5 7
12 9 7
12 10 3
12 11 6
13 0 10
13 1 1
13 2 8
13 3 9
13 4 1
13 6 1
13 7 9
13 8 1
13 9 1
13 11 10
13 12 4
14 0 2
14 1 3
14 2 4
14 3 4
14 4 8
14 6 4
14 8 5
14 10 2
14 11 7
14 12 4
14 13 2
15 1 1
15 3 2
15 4 2
15 6 6
15 7 5
15 8 1
15 9 9
15 12 4
15 13 4
15 14 1
16 0 5
16 1 8
16 7 5
16 8 9
16 9 5
16 10 4
16 12 6
16 13 4
16 14 7
16 15 2
17 1 1
17 2 1
17 3 6
17 5 8
17 6 9
17 7 5
17 8 3
17 9 3
17 10 9
17 11 4
17 12 8
17 13 9
17 14 10
17 15 9
18 1 9
18 2 3
18 4 1
18 5 6
18 6 10
18 8 6
18 9 1
18 10 7
18 11 10
18 12 10
18 16 5
18 17 10
19 1 3
19 2 9
19 3 7
19 4 3
19 5 8
19 7 9
19 8 7
19 10 2
19 11 4
19 12 5
19 13 5
19 14 3
19 15 6
19 16 5
19 17 10
19 18 1
20 0 8
20 1 5
20 2 7
20 3 10
20 4 10
20 5 10
20 7 5
20 8 3
20 9 10
20 10 6
20 13 6
20 14 8
20 17 2
20 18 8
21 0 2
21 1 2
21 2 4
21 3 1
21 4 2
21 5 4
21 6 3
21 7 5
21 9 1
21 10 5
21 11 1
21 12 1
21 13 9
21 14 6
21 15 5
21 17 5
21 18 1
21 19 8
21 20 9
22 0 7
22 1 2
22 2 1
22 4 4
22 6 3
22 7 2
22 9 10
22 10 9
22 11 6
22 12 3
22 14 6
22 17 10
22 18 7
22 20 6
23 0 6
23 1 2
23 2 9
23 4 7
23 5 9
23 6 4
23 7 10
23 9 3
23 11 3
23 12 4
23 13 6
23 14 4
23 18 2
23 19 5
23 20 4
23 21 10
23 22 4
24 1 6
24 5 4
24 6 1
24 12 10
24 13 6
24 14 4
24 15 3
24 16 7
24 17 5
24 19 3
24 20 1
24 21 3
24 22 5
24 23 2
25 0 10
25 1 9
25 4 5
25 5 1
25 7 6
25 8 9
25 11 10
25 12 9
25 13 1
25 14 9
25 16 1
25 17 8
25 18 10
25 20 1
25 22 9
25 23 4
25 24 5
26 0 5
26 2 8
26 3 5
26 4 10
26 8 4
26 9 6
26 10 9
26 11 2
26 12 8
26 14 6
26 16 3
26 17 5
26 20 4
26 21 1
26 22 6
26 24 8
26 25 9
27 0 4
27 4 3
27 5 6
27 7 1
27 12 7
27 14 3
27 16 9
27 18 10
27 19 4
27 20 1
27 21 1
27 23 7
27 24 6
27 25 8
28 0 5
28 4 7
28 6 5
28 7 4
28 8 9
28 11 10
28 14 6
28 15 6
28 16 1
28 20 2
28 21 8
28 22 8
28 23 8
28 25 7
28 27 1
29 0 4
29 1 7
29 3 2
29 5 1
29 8 10
29 11 9
29 12 10
29 13 2
29 14 8
29 15 9
29 17 9
29 18 7
29 19 1
29 21 6
29 22 9
29 24 2
29 25 1
29 26 7
29 27 7
30 0 4
30 1 6
30 3 4
30 4 3
30 5 7
30 6 3
30 9 5
30 10 7
30 11 5
30 13 8
30 14 10
30 16 1
30 17 3
30 18 9
30 19 5
30 21 3
30 22 8
30 23 3
30 25 3
30 27 6
30 29 5
31 0 3
31 3 7
31 4 6
31 5 10
31 6 2
31 8 7
31 9 8
31 10 10
31 11 3
31 12 3
31 13 3
31 14 9
31 15 2
31 16 7
31 17 3
31 19 5
31 20 1
31 21 1
31 22 8
31 23 4
31 26 10
31 27 9
31 28 1
31 29 4
31 30 10
32 0 1
32 1 8
32 3 4
32 4 6
32 5 6
32 7 4
32 9 4
32 11 10
32 13 5
32 14 3
32 15 4
32 17 7
32 18 2
32 19 4
32 21 6
32 22 6
32 23 4
32 24 5
32 25 5
32 28 9
32 31 2
33 0 5
33 1 10
33 2 8
33 3 9
33 4 1
33 6 6
33 7 1
33 13 6
33 14 10
33 15 7
33 16 7
33 17 3
33 18 1
33 19 8
33 20 9
33 21 8
33 22 5
33 24 5
33 25 2
33 26 8
33 27 9
33 28 7
33 30 3
33 31 2
33 32 5
34 0 3
34 1 6
34 2 1
34 3 7
34 6 10
34 7 9
34 8 8
34 9 4
34 10 4
34 11 10
34 13 10
34 14 10
34 15 9
34 16 7
34 17 6
34 18 9
34 19 10
34 20 10
34 21 9
34 23 5
34 25 1
34 26 8
34 27 10
34 28 10
34 29 6
34 32 3
34 33 3
35 1 4
35 3 1
35 4 1
35 6 10
35 7 7
35 8 6
35 9 7
35 11 6
35 14 6
35 15 2
35 16 4
35 17 3
35 18 7
35 19 2
35 20 3
35 21 7
35 22 3
35 24 7
35 25 2
35 27 8
35 29 9
35 31 9
35 32 7
35 33 3
36 0 9
36 3 1
36 4 3
36 6 4
36 7 10
36 8 8
36 10 2
36 11 9
36 12 10
36 13 10
36 14 8
36 17 6
36 18 5
36 19 8
36 20 3
36 22 2
36 24 6
36 26 2
36 27 6
36 29 8
36 30 6
36 31 1
36 32 6
36 33 9
36 34 2
36 35 7
37 0 8
37 1 5
37 2 9
37 4 4
37 5 9
37 6 3
37 7 10
37 8 7
37 9 9
37 11 4
37 12 10
37 13 2
37 18 10
37 19 8
37 20 2
37 21 6
37 22 2
37 24 9
37 25 9
37 27 10
37 28 10
37 29 9
37 30 3
37 34 2
37 35 1
37 36 10
38 4 8
38 5 6
38 6 10
38 9 9
38 10 9
38 12 4
38 13 6
38 16 4
38 18 9
38 21 5
38 22 9
38 24 1
38 27 3
38 28 3
38 29 6
38 31 10
38 32 4
38 36 10
38 37 3
39 0 3
39 1 5
39 2 1
39 4 9
39 5 4
39 6 4
39 7 3
39 8 5
39 9 5
39 10 5
39 11 1
39 12 8
39 13 6
39 14 5
39 16 2
39 17 3
39 20 7
39 21 8
39 22 10
39 23 2
39 24 4
39 25 5
39 26 1
39 27 9
39 28 4
39 29 9
39 30 2
39 31 3
39 32 2
39 34 5
39 35 6
39 37 6
39 38 3
40 1 1
40 2 8
40 3 2
40 4 1
40 6 2
40 8 1
40 11 8
40 14 9
40 15 8
40 16 10
40 17 3
40 19 4
40 20 8
40 22 6
40 27 5
40 28 3
40 29 10
40 30 9
40 32 5
40 33 5
40 34 10
40 35 9
40 36 6
41 1 8
41 2 6
41 3 4
41 6 6
41 7 10
41 8 7
41 11 9
41 12 8
41 13 2
41 14 1
41 15 6
41 16 5
41 17 3
41 18 4
41 19 3
41 20 10
41 21 7
41 22 5
41 23 4
41 24 10
41 25 2
41 27 3
41 30 2
41 31 4
41 32 7
41 37 9
41 38 5
41 39 8
41 40 8
42 0 10
42 2 5
42 3 10
42 5 3
42 6 3
42 9 3
42 10 2
42 11 3
42 12 5
42 13 9
42 16 1
42 18 10
42 20 8
42 24 1
42 26 8
42 27 8
42 28 4
42 30 3
42 31 9
42 32 3
42 33 2
42 36 1
42 40 3
42 41 4
43 0 5
43 1 1
43 2 9
43 3 9
43 4 3
43 6 5
43 7 10
43 8 10
43 10 5
43 11 4
43 15 5
43 16 6
43 17 2
43 18 4
43 20 8
43 21 5
43 22 10
43 23 2
43 24 7
43 25 7
43 27 5
43 28 4
43 29 10
43 31 7
43 32 1
43 34 8
43 35 1
43 36 2
43 37 5
43 39 3
43 40 4
43 42 1
44 0 3
44 2 5
44 3 10
44 5 2
44 8 1
44 9 10
44 10 9
44 11 9
44 13 6
44 14 2
44 16 8
44 17 5
44 18 5
44 19 10
44 20 9
44 21 3
44 22 8
44 23 8
44 24 9
44 26 7
44 27 4
44 29 3
44 30 7
44 31 5
44 32 4
44 33 2
44 34 7
44 35 1
44 36 5
44 39 5
44 40 8
44 42 7
44 43 10
45 2 9
45 4 2
45 6 4
45 7 9
45 8 6
45 9 6
45 10 7
45 12 10
45 14 3
45 15 8
45 17 8
45 18 3
45 19 9
45 20 9
45 21 8
45 22 9
45 23 7
45 24 7
45 26 9
45 29 3
45 30 3
45 32 2
45 33 9
45 34 4
45 37 8
45 38 9
45 39 5
45 41 8
45 42 9
45 43 6
45 44 8
46 0 2
46 1 9
46 4 7
46 6 3
46 8 1
46 10 10
46 11 7
46 13 7
46 14 1
46 15 4
46 17 4
46 18 6
46 19 5
46 20 4
46 21 9
46 22 9
46 23 6
46 24 9
46 25 8
46 26 7
46 27 7
46 28 3
46 29 6
46 30 8
46 31 9
46 33 2
46 34 7
46 35 5
46 36 8
46 37 8
46 38 8
46 39 1
46 40 9
46 41 5
46 42 6
46 43 1
47 0 5
47 1 6
47 2 6
47 3 4
47 5 2
47 6 6
47 8 9
47 9 10
47 11 3
47 12 10
47 13 7
47 14 8
47 15 2
47 16 10
47 17 1
47 18 7
47 19 3
47 20 1
47 22 4
47 23 5
47 24 4
47 25 4
47 26 8
47 27 5
47 28 4
47 30 8
47 31 8
47 32 2
47 33 4
47 36 2
47 38 6
47 41 6
47 44 8
47 46 3
48 1 2
48 2 2
48 3 1
48 4 5
48 5 9
48 6 2
48 8 7
48 9 3
48 10 2
48 11 9
48 12 7
48 14 2
48 17 1
48 19 4
48 21 6
48 22 7
48 23 9
48 24 7
48 26 4
48 27 1
48 29 4
48 31 4
48 32 1
48 33 9
48 35 4
48 36 7
48 38 3
48 39 10
48 40 8
48 41 7
48 43 1
48 45 2
49 0 9
49 1 2
49 2 7
49 3 9
49 4 10
49 5 6
49 6 10
49 8 9
49 9 9
49 10 9
49 11 7
49 14 6
49 16 7
49 20 5
49 22 4
49 24 5
49 25 8
49 27 9
49 28 5
49 29 10
49 30 9
49 31 2
49 33 5
49 34 6
49 38 3
49 40 10
49 41 1
49 42 2
49 43 7
49 44 4
49 46 2
49 47 3
49 48 1
