70
2 0 23
2 1 4
3 0 58
3 1 12
4 0 35
4 1 50
4 3 18
5 0 57
5 1 9
5 3 21
6 0 25
6 1 60
6 2 43
6 4 60
6 5 23
7 1 36
7 2 25
7 4 35
7 6 16
8 0 14
8 1 15
8 2 73
8 3 80
8 4 69
8 6 68
8 7 68
9 0 51
9 1 46
9 2 20
9 3 74
9 4 14
10 0 43
10 1 13
10 2 15
10 4 11
10 6 18
10 8 32
10 9 16
11 0 35
11 1 12
11 2 17
11 3 42
11 5 30
11 6 56
11 8 17
11 9 17
11 10 29
12 1 72
12 2 41
12 3 36
12 4 66
12 5 64
12 7 33
12 9 68
12 11 13
13 0 60
13 1 29
13 2 71
13 3 63
13 4 30
13 6 14
13 7 71
13 12 66
14 0 27
14 1 39
14 2 64
14 3 70
14 4 62
14 6 64
14 7 55
14 8 2
14 9 33
14 10 57
15 0 43
15 1 56
15 2 19
15 3 4
15 4 74
15 5 25
15 6 60
15 8 18
15 13 34
16 0 37
16 3 3
16 4 69
16 8 23
16 9 7
16 11 43
16 12 38
16 13 52
16 14 72
17 0 74
17 1 22
17 2 34
17 3 32
17 4 57
17 5 36
17 7 20
17 8 14
17 9 23
17 10 2
17 11 31
17 12 43
17 13 56
17 14 79
17 16 46
18 0 48
18 1 42
18 2 78
18 3 76
18 5 3
18 6 32
18 8 56
18 9 3
18 10 80
18 15 68
18 16 13
19 1 75
19 2 12
19 3 40
19 4 57
19 6 14
19 7 74
19 9 29
19 10 14
19 12 42
19 13 31
19 15 48
19 16 46
19 18 50
20 0 9
20 2 19
20 3 62
20 6 69
20 7 21
20 8 29
20 9 71
20 10 72
20 11 80
20 12 11
20 13 20
20 14 38
20 15 47
20 16 19
20 17 4
20 18 73
20 19 61
21 0 43
21 1 44
21 2 22
21 6 10
21 7 40
21 11 47
21 12 7
21 13 13
21 14 32
21 16 13
21 17 24
21 19 63
21 20 63
22 0 56
22 1 1
22 2 3
22 4 15
22 6 5
22 7 78
22 8 68
22 9 53
22 10 29
22 11 62
22 12 16
22 13 38
22 14 51
22 15 71
22 16 67
22 17 61
22 19 5
22 20 6
22 21 60
23 0 59
23 1 80
23 2 65
23 3 21
23 5 80
23 6 2
23 7 69
23 8 1
23 9 24
23 11 60
23 12 62
23 14 54
23 15 43
23 16 62
23 17 57
23 19 13
23 20 39
23 22 36
24 0 66
24 1 34
24 3 5
24 4 9
24 5 23
24 6 36
24 7 72
24 9 80
24 11 72
24 12 27
24 13 61
24 14 27
24 16 56
24 17 24
24 18 9
24 19 74
24 20 6
24 21 4
24 22 25
25 0 20
25 1 63
25 5 7
25 7 23
25 8 65
25 9 53
25 10 29
25 11 43
25 12 80
25 13 5
25 14 20
25 16 35
25 17 57
25 18 53
25 20 40
25 23 73
25 24 72
26 0 5
26 1 46
26 3 2
26 5 41
26 6 29
26 7 46
26 8 48
26 9 4
26 10 18
26 11 10
26 12 48
26 14 62
26 15 26
26 16 32
26 17 17
26 20 29
26 22 54
26 23 27
26 24 46
26 25 55
27 0 77
27 1 1
27 3 64
27 6 52
27 9 68
27 10 30
27 11 7
27 12 39
27 13 58
27 14 9
27 15 11
27 16 31
27 17 78
27 18 70
27 19 47
27 20 40
27 21 58
27 22 59
27 24 49
27 25 49
28 1 78
28 2 14
28 3 23
28 5 48
28 6 41
28 7 74
28 8 42
28 10 26
28 11 71
28 12 8
28 15 9
28 17 34
28 18 37
28 19 33
28 20 48
28 21 4
28 23 8
28 24 8
28 25 50
28 26 2
29 0 6
29 1 3
29 2 31
29 3 38
29 4 65
29 6 75
29 7 34
29 9 15
29 10 59
29 11 68
29 12 28
29 13 60
29 14 77
29 16 65
29 17 10
29 20 73
29 21 79
29 22 73
29 23 11
29 24 31
29 25 4
29 28 46
30 1 22
30 2 72
30 4 18
30 5 69
30 6 62
30 9 44
30 10 24
30 11 57
30 12 8
30 13 4
30 15 69
30 16 64
30 20 50
30 21 47
30 22 14
30 23 55
30 25 35
30 26 29
30 27 40
30 28 59
30 29 35
31 0 45
31 1 63
31 6 5
31 7 44
31 8 7
31 10 7
31 11 60
31 12 70
31 13 79
31 14 47
31 15 12
31 16 75
31 17 21
31 22 57
31 25 32
31 26 18
31 27 75
31 29 71
32 0 2
32 1 21
32 2 32
32 3 55
32 4 23
32 5 41
32 8 68
32 10 77
32 12 33
32 13 50
32 14 72
32 15 35
32 18 10
32 19 47
32 20 68
32 21 69
32 22 54
32 23 18
32 25 24
32 26 51
32 27 52
32 28 13
32 29 39
32 30 10
32 31 9
33 0 43
33 1 69
33 3 76
33 5 75
33 6 80
33 7 67
33 8 33
33 9 76
33 10 62
33 11 67
33 12 43
33 13 28
33 14 8
33 15 57
33 16 31
33 17 44
33 20 39
33 21 45
33 22 38
33 23 26
33 25 26
33 26 46
33 27 44
33 28 22
33 29 64
33 30 3
33 31 23
33 32 60
34 1 3
34 2 15
34 3 77
34 4 39
34 5 68
34 6 32
34 7 30
34 8 61
34 9 6
34 10 76
34 11 51
34 12 75
34 13 34
34 15 47
34 16 39
34 17 40
34 18 19
34 19 75
34 20 20
34 21 30
34 22 37
34 23 59
34 24 14
34 25 5
34 26 28
34 27 70
34 29 80
34 31 52
34 32 23
34 33 80
35 0 4
35 1 25
35 2 80
35 3 65
35 4 31
35 5 53
35 7 25
35 9 68
35 10 42
35 13 32
35 14 17
35 15 13
35 16 24
35 17 52
35 18 41
35 19 28
35 20 61
35 21 48
35 22 34
35 23 10
35 25 18
35 26 77
35 28 75
35 30 39
35 31 67
35 32 59
35 33 47
35 34 44
36 1 11
36 4 61
36 5 58
36 6 42
36 8 45
36 10 48
36 11 25
36 12 46
36 13 47
36 14 55
36 15 53
36 16 70
36 17 55
36 21 65
36 22 74
36 24 80
36 25 48
36 26 32
36 27 49
36 28 15
36 29 80
36 30 52
36 31 62
36 32 22
36 33 16
36 34 35
36 35 48
37 1 31
37 2 49
37 3 37
37 4 55
37 5 30
37 6 56
37 8 72
37 9 79
37 10 40
37 12 12
37 13 63
37 16 65
37 17 39
37 18 43
37 19 39
37 20 40
37 21 72
37 22 47
37 25 53
37 26 78
37 27 73
37 29 68
37 30 29
37 31 24
37 32 22
37 33 47
37 34 60
37 35 34
37 36 43
38 3 30
38 5 26
38 6 42
38 8 39
38 10 49
38 11 78
38 12 23
38 13 17
38 14 67
38 15 59
38 16 75
38 18 7
38 20 55
38 21 48
38 22 54
38 24 8
38 26 32
38 27 29
38 29 26
38 30 46
38 31 22
38 32 16
38 33 1
38 34 70
38 35 40
38 36 7
39 1 1
39 3 6
39 4 74
39 5 10
39 6 27
39 7 54
39 8 62
39 10 23
39 13 49
39 14 57
39 18 59
39 19 73
39 20 77
39 22 49
39 23 61
39 24 54
39 25 12
39 26 47
39 27 18
39 29 55
39 30 80
39 31 62
39 33 11
39 34 61
39 35 55
39 37 26
39 38 63
40 1 70
40 3 73
40 4 41
40 5 52
40 7 11
40 9 4
40 13 77
40 15 8
40 17 14
40 18 58
40 20 18
40 22 2
40 24 15
40 25 57
40 26 52
40 27 1
40 28 46
40 32 78
40 33 76
40 36 50
40 37 55
40 38 30
40 39 16
41 1 35
41 2 47
41 3 10
41 4 12
41 5 19
41 9 75
41 10 34
41 11 10
41 12 54
41 13 57
41 14 14
41 15 19
41 16 23
41 17 35
41 18 17
41 19 76
41 20 25
41 22 16
41 25 26
41 26 69
41 29 2
41 31 67
41 33 53
41 34 38
41 36 1
41 37 28
41 38 41
41 39 73
42 0 23
42 7 71
42 8 72
42 9 23
42 10 24
42 11 49
42 12 40
42 13 75
42 15 45
42 16 9
42 17 16
42 19 73
42 20 48
42 21 20
42 23 2
42 26 21
42 27 63
42 28 48
42 29 40
42 30 80
42 32 67
42 34 45
42 36 1
42 37 61
42 38 6
42 41 52
43 1 1
43 2 71
43 3 43
43 4 14
43 5 19
43 6 43
43 7 37
43 8 69
43 10 6
43 14 56
43 16 51
43 17 60
43 18 10
43 19 57
43 21 43
43 22 36
43 24 49
43 25 9
43 26 68
43 27 55
43 28 80
43 29 6
43 31 13
43 32 36
43 33 5
43 34 11
43 36 50
43 38 49
43 39 73
43 40 79
43 41 34
44 0 22
44 1 8
44 2 44
44 3 52
44 4 8
44 5 79
44 7 43
44 10 40
44 11 24
44 12 10
44 13 9
44 16 12
44 17 26
44 21 14
44 22 14
44 24 58
44 25 46
44 26 56
44 27 72
44 28 28
44 30 43
44 31 29
44 32 3
44 33 80
44 34 55
44 35 21
44 36 17
44 37 7
44 38 79
44 39 78
44 40 75
44 41 9
44 43 5
45 0 78
45 1 43
45 3 68
45 4 17
45 5 31
45 6 72
45 7 16
45 9 31
45 11 8
45 12 54
45 13 72
45 15 10
45 16 51
45 18 19
45 19 45
45 20 33
45 21 29
45 22 36
45 23 30
45 24 68
45 25 74
45 27 77
45 28 14
45 29 17
45 30 67
45 32 79
45 33 8
45 34 35
45 35 78
45 36 53
45 37 19
45 40 11
45 43 73
45 44 64
46 0 74
46 1 45
46 5 19
46 6 31
46 7 36
46 8 47
46 9 79
46 10 51
46 12 42
46 13 55
46 17 56
46 21 53
46 22 70
46 24 26
46 26 77
46 27 23
46 28 53
46 29 58
46 30 28
46 31 70
46 34 2
46 35 52
46 36 23
46 38 62
46 39 47
46 40 17
46 41 32
46 42 23
46 44 36
47 0 58
47 1 1
47 2 50
47 4 5
47 5 69
47 7 68
47 8 4
47 11 63
47 12 54
47 16 78
47 17 45
47 18 29
47 19 22
47 21 64
47 22 33
47 25 68
47 26 69
47 27 31
47 28 69
47 29 8
47 30 69
47 32 36
47 34 49
47 35 44
47 36 20
47 37 24
47 38 10
47 39 79
47 40 72
47 41 56
47 42 76
47 43 33
47 44 54
47 45 5
47 46 10
48 0 46
48 3 26
48 4 36
48 7 24
48 8 9
48 10 78
48 11 61
48 14 31
48 16 54
48 18 49
48 19 29
48 21 10
48 22 24
48 23 42
48 24 61
48 25 51
48 26 13
48 27 51
48 30 30
48 31 15
48 32 50
48 33 28
48 35 46
48 36 56
48 37 80
48 38 64
48 39 77
48 40 45
48 41 27
48 42 42
48 43 71
48 44 57
48 45 32
48 46 37
49 0 52
49 3 75
49 4 79
49 6 2
49 7 53
49 8 36
49 10 22
49 12 15
49 13 11
49 15 63
49 18 4
49 19 31
49 20 23
49 22 76
49 24 64
49 25 42
49 26 12
49 28 66
49 29 52
49 30 6
49 31 20
49 32 71
49 34 8
49 36 67
49 37 25
49 38 57
49 40 49
49 41 5
49 42 12
49 43 45
49 44 38
49 45 49
49 46 13
49 47 16
49 48 3
50 0 7
50 1 77
50 2 68
50 3 60
50 6 66
50 7 25
50 9 59
50 10 3
50 12 72
50 13 31
50 14 54
50 16 67
50 17 5
50 18 24
50 20 43
50 21 33
50 23 68
50 24 48
50 25 51
50 26 67
50 28 45
50 29 77
50 30 75
50 31 68
50 34 9
50 35 24
50 36 57
50 38 71
50 39 60
50 40 43
50 43 69
50 44 67
50 45 67
50 47 52
50 49 74
51 0 77
51 1 38
51 2 70
51 4 53
51 5 49
51 7 34
51 8 15
51 9 15
51 11 50
51 15 16
51 18 71
51 19 77
51 20 69
51 21 39
51 22 10
51 23 67
51 25 39
51 30 13
51 31 33
51 32 24
51 34 62
51 35 11
51 36 58
51 37 35
51 39 18
51 40 43
51 42 39
51 46 1
51 47 70
51 48 69
51 49 26
52 0 54
52 1 62
52 2 69
52 3 69
52 5 35
52 6 17
52 7 52
52 8 53
52 9 19
52 10 14
52 11 42
52 12 12
52 13 62
52 14 32
52 15 45
52 16 22
52 17 47
52 18 61
52 23 46
52 24 70
52 25 62
52 27 67
52 28 34
52 29 6
52 30 43
52 31 47
52 34 50
52 35 3
52 37 30
52 38 4
52 39 6
52 40 79
52 41 37
52 44 35
52 45 61
52 47 28
52 48 71
52 49 80
52 50 29
53 0 59
53 1 38
53 2 53
53 3 3
53 4 77
53 6 46
53 7 32
53 10 41
53 11 28
53 13 57
53 14 80
53 15 3
53 16 36
53 17 18
53 18 47
53 19 18
53 20 50
53 21 56
53 23 61
53 25 79
53 26 79
53 29 66
53 30 32
53 31 27
53 32 58
53 33 8
53 35 77
53 37 50
53 40 32
53 42 56
53 43 32
53 44 38
53 45 47
53 46 43
53 48 60
53 51 38
53 52 71
54 0 61
54 1 22
54 2 25
54 3 1
54 4 8
54 5 14
54 6 73
54 7 6
54 8 50
54 9 43
54 10 59
54 13 70
54 14 77
54 15 6
54 17 64
54 18 78
54 19 70
54 20 36
54 21 18
54 22 58
54 23 26
54 24 33
54 25 4
54 26 40
54 27 61
54 28 47
54 29 72
54 30 34
54 31 30
54 32 23
54 33 42
54 34 68
54 37 63
54 38 5
54 39 7
54 40 41
54 41 51
54 43 80
54 45 36
54 46 21
54 47 14
54 48 52
54 49 10
55 0 35
55 2 55
55 3 2
55 4 24
55 5 72
55 7 30
55 8 44
55 9 5
55 10 18
55 11 34
55 12 3
55 15 9
55 16 59
55 18 20
55 19 13
55 20 45
55 22 6
55 23 21
55 26 20
55 27 23
55 28 34
55 30 40
55 31 16
55 32 4
55 34 54
55 35 70
55 36 73
55 37 43
55 41 21
55 42 47
55 43 17
55 45 25
55 47 75
55 48 57
55 49 57
55 50 9
55 51 79
55 52 76
55 54 64
56 0 45
56 1 48
56 3 77
56 5 49
56 6 66
56 8 28
56 9 33
56 11 62
56 12 53
56 13 53
56 14 38
56 16 74
56 18 76
56 19 19
56 20 65
56 21 8
56 22 50
56 23 21
56 24 40
56 26 6
56 27 41
56 28 74
56 30 55
56 31 63
56 34 7
56 36 36
56 38 45
56 41 66
56 42 60
56 43 26
56 44 4
56 47 57
56 48 41
56 49 26
56 52 47
56 53 73
56 54 50
56 55 42
57 0 44
57 1 36
57 2 22
57 3 39
57 4 17
57 5 66
57 6 41
57 7 6
57 8 36
57 9 5
57 10 75
57 11 57
57 12 23
57 14 10
57 15 33
57 16 55
57 17 52
57 18 74
57 19 29
57 20 3
57 21 11
57 22 51
57 24 68
57 26 47
57 27 51
57 28 70
57 29 62
57 31 68
57 32 14
57 33 20
57 34 22
57 37 46
57 39 33
57 40 32
57 41 45
57 43 54
57 46 65
57 47 37
57 48 33
57 49 66
57 50 48
57 51 44
57 52 19
57 54 18
57 56 3
58 1 40
58 2 45
58 4 16
58 5 23
58 6 33
58 7 43
58 8 8
58 9 28
58 11 72
58 12 37
58 13 65
58 15 14
58 17 4
58 18 69
58 19 8
58 20 55
58 21 58
58 22 8
58 23 21
58 24 73
58 25 19
58 27 38
58 28 69
58 30 27
58 31 64
58 32 35
58 33 75
58 34 68
58 35 53
58 36 67
58 37 19
58 38 54
58 39 4
58 40 54
58 43 47
58 44 3
58 46 9
58 47 24
58 48 6
58 53 53
58 55 43
58 56 79
59 2 36
59 5 1
59 6 78
59 7 67
59 8 1
59 9 62
59 10 5
59 11 44
59 12 68
59 14 17
59 17 56
59 18 30
59 21 64
59 22 34
59 23 54
59 25 12
59 26 10
59 27 36
59 28 23
59 29 78
59 30 69
59 31 53
59 33 69
59 35 15
59 36 17
59 37 12
59 38 35
59 39 14
59 40 5
59 41 48
59 42 5
59 43 77
59 44 21
59 45 77
59 46 34
59 47 28
59 48 17
59 50 14
59 51 35
59 52 52
59 53 35
59 54 34
59 55 58
59 56 68
59 58 55
60 0 29
60 1 42
60 5 60
60 8 26
60 9 6
60 10 61
60 11 43
60 13 4
60 15 52
60 16 59
60 17 62
60 19 58
60 22 35
60 23 18
60 24 2
60 25 23
60 26 3
60 27 69
60 30 55
60 31 12
60 33 21
60 35 64
60 36 37
60 37 33
60 38 31
60 39 31
60 40 38
60 43 4
60 45 50
60 46 7
60 48 16
60 49 38
60 51 52
60 57 10
60 58 75
61 0 1
61 1 39
61 2 74
61 3 26
61 5 62
61 11 51
61 14 52
61 15 75
61 16 74
61 17 52
61 19 76
61 22 27
61 23 12
61 25 30
61 27 40
61 29 75
61 30 5
61 32 75
61 34 42
61 35 30
61 36 76
61 37 18
61 38 80
61 39 64
61 40 72
61 41 63
61 42 23
61 44 80
61 45 53
61 46 55
61 47 9
61 48 45
61 49 62
61 50 51
61 51 36
61 52 71
61 54 23
61 56 41
61 57 54
61 58 38
61 59 72
61 60 76
62 0 78
62 1 62
62 2 32
62 3 26
62 4 16
62 7 46
62 8 52
62 9 67
62 10 10
62 11 25
62 12 56
62 13 1
62 14 80
62 15 7
62 16 28
62 17 38
62 18 80
62 19 35
62 21 51
62 24 25
62 25 15
62 27 5
62 28 79
62 30 67
62 31 1
62 32 68
62 34 34
62 35 68
62 36 34
62 37 35
62 38 21
62 39 19
62 40 58
62 43 21
62 44 41
62 46 39
62 48 21
62 49 52
62 50 1
62 51 38
62 53 37
62 54 25
62 55 50
62 57 76
62 58 69
62 59 61
62 60 46
62 61 40
63 0 46
63 3 77
63 4 52
63 5 57
63 7 65
63 9 70
63 11 16
63 12 3
63 13 21
63 14 26
63 17 68
63 18 32
63 20 59
63 21 76
63 24 27
63 25 15
63 26 2
63 28 35
63 32 17
63 33 60
63 34 26
63 36 54
63 37 80
63 38 7
63 40 16
63 41 44
63 42 34
63 43 61
63 44 79
63 46 80
63 47 41
63 48 5
63 49 6
63 54 49
63 56 72
63 57 8
63 58 47
63 59 28
63 60 18
63 61 7
63 62 66
64 0 4
64 1 2
64 2 13
64 3 35
64 6 32
64 8 3
64 9 40
64 11 53
64 12 78
64 13 51
64 14 50
64 15 75
64 18 47
64 19 72
64 21 2
64 22 60
64 23 5
64 24 16
64 25 2
64 26 70
64 27 59
64 28 44
64 29 47
64 32 58
64 33 64
64 34 79
64 35 23
64 36 60
64 37 29
64 38 69
64 39 45
64 42 1
64 43 41
64 44 69
64 46 12
64 47 12
64 48 2
64 49 71
64 50 12
64 51 12
64 53 57
64 54 31
64 56 37
64 58 17
64 60 36
64 61 49
65 0 28
65 1 59
65 2 74
65 8 21
65 10 22
65 11 53
65 12 43
65 13 42
65 15 67
65 19 15
65 20 46
65 21 63
65 23 19
65 25 41
65 26 1
65 27 21
65 29 34
65 30 59
65 31 48
65 32 28
65 33 11
65 35 50
65 36 15
65 37 72
65 38 80
65 41 69
65 42 43
65 44 4
65 45 31
65 46 66
65 47 9
65 50 23
65 51 41
65 53 48
65 54 26
65 56 79
65 58 43
65 64 14
66 1 19
66 2 20
66 4 13
66 6 6
66 7 55
66 8 36
66 9 67
66 12 26
66 13 40
66 14 46
66 16 55
66 17 12
66 18 79
66 22 40
66 24 66
66 25 78
66 26 39
66 27 1
66 28 55
66 30 34
66 31 76
66 33 30
66 37 61
66 38 64
66 39 24
66 41 51
66 43 73
66 45 67
66 46 26
66 47 77
66 48 62
66 49 60
66 51 13
66 52 28
66 53 68
66 55 54
66 57 30
66 58 18
66 59 80
66 60 76
66 61 10
66 63 79
66 64 70
66 65 28
67 0 23
67 1 72
67 2 65
67 3 25
67 5 72
67 7 27
67 9 9
67 12 24
67 14 56
67 15 17
67 16 7
67 17 70
67 18 34
67 20 37
67 21 18
67 22 28
67 23 68
67 24 44
67 25 57
67 26 52
67 29 67
67 30 80
67 31 68
67 32 11
67 33 80
67 34 42
67 35 63
67 36 33
67 41 5
67 45 67
67 47 30
67 48 54
67 49 7
67 51 26
67 54 49
67 56 71
67 57 30
67 58 9
67 61 77
67 63 4
67 64 54
67 65 12
67 66 48
68 2 36
68 3 77
68 6 1
68 7 57
68 10 29
68 11 13
68 12 45
68 13 44
68 14 31
68 15 64
68 16 72
68 17 46
68 18 17
68 19 17
68 20 69
68 22 5
68 23 68
68 24 67
68 25 74
68 28 28
68 29 74
68 30 23
68 32 29
68 34 73
68 35 80
68 40 68
68 44 27
68 45 43
68 46 30
68 47 29
68 48 34
68 49 33
68 50 63
68 51 18
68 52 63
68 56 69
68 57 75
68 58 54
68 59 40
68 60 16
68 61 76
68 65 70
68 66 10
68 67 75
69 1 20
69 2 42
69 3 19
69 4 51
69 5 13
69 7 44
69 8 59
69 9 14
69 10 52
69 11 35
69 12 32
69 15 77
69 16 73
69 18 60
69 20 21
69 21 74
69 22 76
69 24 40
69 25 64
69 28 5
69 29 1
69 30 48
69 31 4
69 32 39
69 34 60
69 35 32
69 36 61
69 38 4
69 40 59
69 41 45
69 42 24
69 45 8
69 46 9
69 48 60
69 50 11
69 51 18
69 52 27
69 53 19
69 55 65
69 56 59
69 57 25
69 58 47
69 59 74
69 61 46
69 62 50
69 64 67
69 65 51
69 66 47
69 68 29
