40
1 0 34
2 0 11
3 2 2
4 1 39
4 2 25
5 2 26
5 3 34
5 4 24
6 0 33
6 1 27
6 2 32
6 3 31
6 5 9
7 0 21
7 1 30
7 2 12
7 3 32
7 5 3
8 0 3
8 1 18
8 2 7
8 3 24
8 4 18
8 5 11
8 6 18
8 7 28
9 1 6
9 3 37
9 4 11
9 5 21
9 7 10
10 0 1
10 1 2
10 2 16
10 3 10
10 4 22
10 5 36
10 6 34
10 7 25
10 8 34
10 9 28
11 0 19
11 1 8
11 2 27
11 4 14
11 5 23
11 8 6
11 10 20
12 0 27
12 2 14
12 3 38
12 4 33
12 5 10
12 6 7
12 7 39
12 8 40
12 9 8
12 10 12
12 11 27
13 0 20
13 1 34
13 3 18
13 4 13
13 5 5
13 8 2
13 9 3
13 10 39
13 11 21
14 0 17
14 1 7
14 2 2
14 3 32
14 4 40
14 5 5
14 6 38
14 7 7
14 9 1
14 10 4
14 11 7
14 12 3
14 13 14
15 0 17
15 1 8
15 3 3
15 4 29
15 5 8
15 6 3
15 7 7
15 8 6
15 9 19
15 10 3
15 11 26
15 14 27
16 0 12
16 1 33
16 2 8
16 4 5
16 6 2
16 7 22
16 8 16
16 9 36
16 10 1
16 11 18
16 12 33
16 13 30
16 14 1
17 0 4
17 1 16
17 2 35
17 3 12
17 4 23
17 5 34
17 6 5
17 9 3
17 10 21
17 11 37
17 12 20
17 14 33
17 15 26
17 16 29
18 0 10
18 1 17
18 2 21
18 3 24
18 4 2
18 5 33
18 6 12
18 7 13
18 8 32
18 10 3
18 12 15
18 13 38
18 14 19
18 15 18
18 16 25
18 17 11
19 0 25
19 1 11
19 2 2
19 3 27
19 4 34
19 5 39
19 6 27
19 9 13
19 10 7
19 11 5
19 12 23
19 13 22
19 14 30
19 15 33
19 16 38
19 17 16
19 18 31
20 0 36
20 1 4
20 2 40
20 3 18
20 4 34
20 5 27
20 6 1
20 7 10
20 8 4
20 9 4
20 10 33
20 11 1
20 12 22
20 13 6
20 14 5
20 16 6
20 17 18
20 18 6
20 19 40
21 0 3
21 1 17
21 2 35
21 3 38
21 4 36
21 6 13
21 7 16
21 9 37
21 10 6
21 11 15
21 12 38
21 13 12
21 14 8
21 15 18
21 16 18
21 17 33
21 18 34
21 20 19
22 0 5
22 1 20
22 2 11
22 3 5
22 4 10
22 6 35
22 8 37
22 9 9
22 11 13
22 12 34
22 14 6
22 16 17
22 17 25
22 18 24
22 19 25
22 20 20
22 21 28
23 0 7
23 1 8
23 2 16
23 4 11
23 5 36
23 7 28
23 8 10
23 9 25
23 10 40
23 11 16
23 12 19
23 13 13
23 14 26
23 15 28
23 16 22
23 19 9
23 20 20
23 21 14
23 22 30
24 0 16
24 1 3
24 2 15
24 3 35
24 4 7
24 5 3
24 6 18
24 7 20
24 9 17
24 10 17
24 11 25
24 12 7
24 14 23
24 16 10
24 17 26
24 18 18
24 19 10
24 20 31
24 21 7
24 22 16
24 23 31
25 0 1
25 1 26
25 2 37
25 3 28
25 4 19
25 6 2
25 7 37
25 8 14
25 9 23
25 10 6
25 11 18
25 13 21
25 14 13
25 15 15
25 16 23
25 18 20
25 19 28
25 20 30
25 21 14
25 24 26
26 0 7
26 2 37
26 4 26
26 5 17
26 6 22
26 7 26
26 8 8
26 9 8
26 10 10
26 11 2
26 12 11
26 13 38
26 14 36
26 15 19
26 16 15
26 17 2
26 20 7
26 21 15
26 23 22
26 24 14
26 25 39
27 0 17
27 1 12
27 2 39
27 3 4
27 4 16
27 5 1
27 6 18
27 7 30
27 9 11
27 10 17
27 11 27
27 12 24
27 13 15
27 14 30
27 15 20
27 17 20
27 18 17
27 19 21
27 20 2
27 21 32
27 22 21
27 23 11
27 24 8
27 25 21
28 0 9
28 1 28
28 2 13
28 3 8
28 5 4
28 6 31
28 7 11
28 8 39
28 12 5
28 13 25
28 16 29
28 22 28
28 23 24
28 24 20
29 0 5
29 1 6
29 2 36
29 3 16
29 4 3
29 5 31
29 6 27
29 8 6
29 9 36
29 12 2
29 13 32
29 14 25
29 15 17
29 16 21
29 17 26
29 18 27
29 19 35
29 21 29
29 22 29
29 23 11
29 24 17
29 25 16
29 26 12
29 27 16
29 28 17
30 0 6
30 1 40
30 2 16
30 3 13
30 4 34
30 6 3
30 7 20
30 8 3
30 9 11
30 11 4
30 12 7
30 13 40
30 14 32
30 15 9
30 16 15
30 17 8
30 18 14
30 19 34
30 20 11
30 21 32
30 22 37
30 23 10
30 24 15
30 25 21
30 26 22
30 27 3
30 28 24
31 0 3
31 1 20
31 4 22
31 5 25
31 8 3
31 9 33
31 10 32
31 13 32
31 14 39
31 16 12
31 17 23
31 18 3
31 19 12
31 20 21
31 21 16
31 23 24
31 25 21
31 27 32
31 28 34
31 29 10
31 30 3
32 0 25
32 1 39
32 2 1
32 3 31
32 6 14
32 7 7
32 8 11
32 9 14
32 10 31
32 11 10
32 12 36
32 13 26
32 14 16
32 15 25
32 16 39
32 17 29
32 18 9
32 19 15
32 20 12
32 21 18
32 22 26
32 23 23
32 24 33
32 25 6
32 27 23
32 29 12
33 0 20
33 1 38
33 2 32
33 3 29
33 4 40
33 5 36
33 6 24
33 7 22
33 9 23
33 10 8
33 11 11
33 12 28
33 13 3
33 14 32
33 15 18
33 16 33
33 17 9
33 18 3
33 19 6
33 20 21
33 21 8
33 22 21
33 23 38
33 24 10
33 25 20
33 26 21
33 27 16
33 28 10
33 30 19
33 31 30
33 32 3
34 0 34
34 1 4
34 2 18
34 4 29
34 5 3
34 6 7
34 7 36
34 9 37
34 10 14
34 14 25
34 15 25
34 16 28
34 17 9
34 18 38
34 19 18
34 20 28
34 22 27
34 25 31
34 28 28
34 29 34
34 30 5
34 32 3
34 33 16
35 0 11
35 1 30
35 2 40
35 4 2
35 5 15
35 6 7
35 8 14
35 9 24
35 10 8
35 11 24
35 12 8
35 13 20
35 14 34
35 15 26
35 17 32
35 18 16
35 20 13
35 23 20
35 24 37
35 25 8
35 26 2
35 27 3
35 28 24
35 29 38
35 31 33
35 32 38
35 33 13
36 0 28
36 1 38
36 3 28
36 4 32
36 5 24
36 6 17
36 7 40
36 8 40
36 10 32
36 11 8
36 12 23
36 13 30
36 14 1
36 15 19
36 16 37
36 17 35
36 18 30
36 19 15
36 20 21
36 21 2
36 22 4
36 23 31
36 24 5
36 25 8
36 26 26
36 27 14
36 28 5
36 29 31
36 30 28
36 31 1
36 32 3
36 33 40
36 34 30
36 35 20
37 1 31
37 2 6
37 3 5
37 5 14
37 6 37
37 7 34
37 9 22
37 10 37
37 11 24
37 13 29
37 14 30
37 15 31
37 16 22
37 17 31
37 18 22
37 19 26
37 20 16
37 25 22
37 26 31
37 28 24
37 29 5
37 31 25
37 32 17
37 34 38
37 35 16
37 36 22
38 0 34
38 2 10
38 3 1
38 4 30
38 6 11
38 8 21
38 12 11
38 13 25
38 14 21
38 15 8
38 16 38
38 17 33
38 18 30
38 19 34
38 21 36
38 22 37
38 23 20
38 24 33
38 25 8
38 27 3
38 28 5
38 29 34
38 30 7
38 31 37
38 33 37
38 34 2
38 35 38
38 36 36
38 37 20
39 0 14
39 2 25
39 3 37
39 5 14
39 8 22
39 9 35
39 10 30
39 12 13
39 13 12
39 16 17
39 17 3
39 19 22
39 20 40
39 21 23
39 22 34
39 25 24
39 26 40
39 27 33
39 28 15
39 29 9
39 30 5
39 31 27
39 34 29
39 35 23
39 36 38
39 38 35
