50
1 0 40
2 0 36
2 1 12
3 0 18
3 1 11
3 2 6
4 0 37
4 1 2
4 2 30
4 3 19
5 0 9
5 1 16
5 2 13
5 3 19
5 4 5
6 0 5
6 1 38
6 2 38
6 3 24
7 0 35
7 1 3
7 2 40
7 3 17
7 4 35
7 5 14
7 6 33
8 0 14
8 1 14
8 2 18
8 3 34
8 4 23
8 5 8
8 6 26
8 7 10
9 0 25
9 1 16
9 2 8
9 3 1
9 4 10
9 5 24
9 6 8
9 7 27
9 8 32
10 0 38
10 1 29
10 2 15
10 3 8
10 4 6
10 5 13
10 6 17
10 7 24
10 8 19
10 9 33
11 0 19
11 2 29
11 3 17
11 4 6
11 5 10
11 6 39
11 7 23
11 8 8
11 10 9
12 0 9
12 1 20
12 2 27
12 4 5
12 5 2
12 6 39
12 7 26
12 8 9
12 10 26
12 11 13
13 0 19
13 1 22
13 2 40
13 3 28
13 4 38
13 5 26
13 6 22
13 7 25
13 8 6
13 9 19
13 10 32
13 11 33
13 12 10
14 0 33
14 1 29
14 2 15
14 3 12
14 5 6
14 6 30
14 7 32
14 8 21
14 9 23
14 10 14
14 12 34
14 13 24
15 0 17
15 1 26
15 2 4
15 3 38
15 4 20
15 5 4
15 6 18
15 7 40
15 8 8
15 9 36
15 10 9
15 12 20
15 13 26
15 14 4
16 0 19
16 1 28
16 2 24
16 3 27
16 4 22
16 5 31
16 6 4
16 7 3
16 8 29
16 9 39
16 10 40
16 11 24
16 12 37
16 13 6
16 15 14
17 0 32
17 1 20
17 2 3
17 3 16
17 4 31
17 5 6
17 6 4
17 7 9
17 8 25
17 9 15
17 10 4
17 11 21
17 12 21
17 13 28
17 14 35
17 15 17
17 16 27
18 0 35
18 1 34
18 2 30
18 3 35
18 4 26
18 5 13
18 6 13
18 7 23
18 8 19
18 9 3
18 10 24
18 11 29
18 12 10
18 13 15
18 14 21
18 15 13
18 16 1
19 0 6
19 1 33
19 2 8
19 3 21
19 5 18
19 6 12
19 7 1
19 8 34
19 9 8
19 10 25
19 11 11
19 12 21
19 13 1
19 14 34
19 15 17
19 16 12
19 17 13
19 18 13
20 0 7
20 1 37
20 3 14
20 4 31
20 5 1
20 6 16
20 8 27
20 9 25
20 10 27
20 11 17
20 12 21
20 14 35
20 15 32
20 16 31
20 17 13
20 18 30
20 19 16
21 0 14
21 1 10
21 2 9
21 3 6
21 4 8
21 5 25
21 6 13
21 7 5
21 8 24
21 9 18
21 10 33
21 13 7
21 14 2
21 15 11
21 16 37
21 17 39
21 18 10
21 19 19
21 20 13
22 0 15
22 1 11
22 2 21
22 3 11
22 4 27
22 5 33
22 6 4
22 7 38
22 8 23
22 9 16
22 10 12
22 11 34
22 12 33
22 13 32
22 14 28
22 15 6
22 16 19
22 17 26
22 18 9
22 19 29
22 20 9
22 21 4
23 1 16
23 2 11
23 3 29
23 4 37
23 5 3
23 6 6
23 7 4
23 8 8
23 9 32
23 10 33
23 11 33
23 12 11
23 13 31
23 14 30
23 15 13
23 16 9
23 17 4
23 18 26
23 19 37
23 20 27
23 21 39
24 1 32
24 2 1
24 3 2
24 4 3
24 5 17
24 6 6
24 7 9
24 8 33
24 9 37
24 11 23
24 12 21
24 13 33
24 14 19
24 15 30
24 16 2
24 17 16
24 18 34
24 19 13
24 20 32
24 21 25
24 22 8
24 23 32
25 0 11
25 1 2
25 3 13
25 4 15
25 5 1
25 7 16
25 8 7
25 9 8
25 10 24
25 11 40
25 12 19
25 13 25
25 14 21
25 16 37
25 17 26
25 18 4
25 20 32
25 21 1
25 22 13
25 23 16
25 24 1
26 0 1
26 1 7
26 2 11
26 3 19
26 4 15
26 6 12
26 7 5
26 8 6
26 9 10
26 10 2
26 11 25
26 12 33
26 13 13
26 14 38
26 15 38
26 16 13
26 17 4
26 18 26
26 19 23
26 20 4
26 21 15
26 22 8
26 23 13
26 24 29
26 25 5
27 0 26
27 1 37
27 2 3
27 3 25
27 4 3
27 5 5
27 6 36
27 7 10
27 8 10
27 9 36
27 11 3
27 12 26
27 13 7
27 14 27
27 15 17
27 16 29
27 17 24
27 18 27
27 19 28
27 20 2
27 22 19
27 23 11
27 24 17
27 25 23
27 26 8
28 0 29
28 1 29
28 2 14
28 3 26
28 4 20
28 5 4
28 7 26
28 8 13
28 9 37
28 11 35
28 12 20
28 14 1
28 15 6
28 16 16
28 17 32
28 18 23
28 20 40
28 22 38
28 23 5
28 25 29
28 27 7
29 0 32
29 1 13
29 2 14
29 3 24
29 4 25
29 5 26
29 6 39
29 7 1
29 8 13
29 9 38
29 10 14
29 11 25
29 12 25
29 13 10
29 14 37
29 15 31
29 16 28
29 17 35
29 18 35
29 19 23
29 20 23
29 22 30
29 23 10
29 24 18
29 25 17
29 26 25
29 27 36
29 28 18
30 0 38
30 1 36
30 2 8
30 3 6
30 4 1
30 5 37
30 6 8
30 7 40
30 8 23
30 9 23
30 10 21
30 11 15
30 13 5
30 14 9
30 15 13
30 16 11
30 17 8
30 18 16
30 19 16
30 20 18
30 21 37
30 22 12
30 23 31
30 24 13
30 25 13
30 26 38
30 27 31
30 28 9
30 29 34
31 0 37
31 1 37
31 2 1
31 3 40
31 4 25
31 5 6
31 6 37
31 7 34
31 8 28
31 9 22
31 10 9
31 11 39
31 12 28
31 13 26
31 14 19
31 15 26
31 16 14
31 17 3
31 18 35
31 19 16
31 20 19
31 21 30
31 22 28
31 24 33
31 25 33
31 27 11
31 28 37
31 29 7
31 30 18
32 0 25
32 1 11
32 2 12
32 3 9
32 4 3
32 5 7
32 6 17
32 7 10
32 8 5
32 9 11
32 10 23
32 11 15
32 12 14
32 13 40
32 15 35
32 16 27
32 17 8
32 18 29
32 19 19
32 20 20
32 21 25
32 22 31
32 23 9
32 24 14
32 25 5
32 26 1
32 27 5
32 28 1
32 29 15
32 30 13
32 31 8
33 0 12
33 1 4
33 2 38
33 3 30
33 5 24
33 6 16
33 7 7
33 10 18
33 11 27
33 12 30
33 13 40
33 14 17
33 15 2
33 16 37
33 17 37
33 18 17
33 19 4
33 20 29
33 21 13
33 22 1
33 23 32
33 24 10
33 25 13
33 27 18
33 29 4
33 30 9
33 31 27
33 32 7
34 0 12
34 1 17
34 2 3
34 3 21
34 4 33
34 5 36
34 6 35
34 8 2
34 9 24
34 10 16
34 11 23
34 12 11
34 13 11
34 14 21
34 15 34
34 16 7
34 17 40
34 18 36
34 20 12
34 21 21
34 22 21
34 24 15
34 25 30
34 26 13
34 27 2
34 28 1
34 29 23
34 30 30
34 31 22
34 32 25
34 33 5
35 0 12
35 1 11
35 2 28
35 4 27
35 5 34
35 6 17
35 7 33
35 8 40
35 9 9
35 10 3
35 11 8
35 12 14
35 13 29
35 14 4
35 15 18
35 16 26
35 17 8
35 19 25
35 20 11
35 21 36
35 23 18
35 24 37
35 25 26
35 26 17
35 27 39
35 28 21
35 29 3
35 30 25
35 31 39
35 32 33
35 33 25
35 34 39
36 0 33
36 1 6
36 2 17
36 3 12
36 4 19
36 5 16
36 6 39
36 7 38
36 8 36
36 9 8
36 10 11
36 12 26
36 15 19
36 16 26
36 17 32
36 18 28
36 20 38
36 21 23
36 22 7
36 23 40
36 24 25
36 26 15
36 28 26
36 29 33
36 30 28
36 31 37
36 32 36
36 33 22
36 34 24
36 35 26
37 0 8
37 2 24
37 3 31
37 4 2
37 5 17
37 6 31
37 7 37
37 8 36
37 9 39
37 10 20
37 11 13
37 12 40
37 13 37
37 14 23
37 16 40
37 17 7
37 18 29
37 19 28
37 21 14
37 22 25
37 23 29
37 24 21
37 25 6
37 26 9
37 27 40
37 28 2
37 29 35
37 30 15
37 31 25
37 32 3
37 33 27
37 34 27
37 35 2
37 36 13
38 0 31
38 1 40
38 2 11
38 3 35
38 4 12
38 5 21
38 6 20
38 7 14
38 8 1
38 9 3
38 10 31
38 11 30
38 12 11
38 13 10
38 14 14
38 15 6
38 16 12
38 17 36
38 18 37
38 19 4
38 20 12
38 21 12
38 22 3
38 23 34
38 24 31
38 25 17
38 26 28
38 27 34
38 28 21
38 29 19
38 31 34
38 32 22
38 34 37
38 35 37
38 36 8
38 37 15
39 0 40
39 1 38
39 2 11
39 3 10
39 4 1
39 6 37
39 7 26
39 8 6
39 9 24
39 10 2
39 11 27
39 12 1
39 13 17
39 14 28
39 15 9
39 16 36
39 17 29
39 18 30
39 19 33
39 21 4
39 22 14
39 23 3
39 24 34
39 25 14
39 26 30
39 27 15
39 28 39
39 29 5
39 30 15
39 31 7
39 32 36
39 33 2
39 34 25
39 35 36
39 36 35
39 37 4
39 38 13
40 0 26
40 2 23
40 3 31
40 4 18
40 5 33
40 6 33
40 8 36
40 9 8
40 10 18
40 11 1
40 12 17
40 13 36
40 14 31
40 15 22
40 16 32
40 17 31
40 18 13
40 19 30
40 20 33
40 21 6
40 22 12
40 23 32
40 24 12
40 25 35
40 26 16
40 27 20
40 28 22
40 29 20
40 30 32
40 31 5
40 32 26
40 34 6
40 35 26
40 36 13
40 37 25
40 38 7
41 0 33
41 2 28
41 3 26
41 4 5
41 5 5
41 6 14
41 7 26
41 8 13
41 9 19
41 10 18
41 11 5
41 13 25
41 14 20
41 16 15
41 17 38
41 18 28
41 19 15
41 20 32
41 21 1
41 22 31
41 23 8
41 24 34
41 25 34
41 26 15
41 27 26
41 29 15
41 31 26
41 32 29
41 33 20
41 34 34
41 35 23
41 36 36
41 37 12
41 38 28
41 39 16
41 40 21
42 0 17
42 1 32
42 3 24
42 4 28
42 5 25
42 6 26
42 10 11
42 11 19
42 13 12
42 14 26
42 15 7
42 16 31
42 17 39
42 18 20
42 19 32
42 20 23
42 21 1
42 22 33
42 23 32
42 24 32
42 25 37
42 26 4
42 27 2
42 28 5
42 29 28
42 30 40
42 31 30
42 32 16
42 33 17
42 35 36
42 36 32
42 37 29
42 38 36
42 39 19
42 40 34
42 41 3
43 0 24
43 1 21
43 2 38
43 3 13
43 4 26
43 5 5
43 6 1
43 7 39
43 8 24
43 10 7
43 11 14
43 12 16
43 14 1
43 15 5
43 16 3
43 17 27
43 18 7
43 20 24
43 21 2
43 22 6
43 23 31
43 24 21
43 25 25
43 26 25
43 27 16
43 28 33
43 29 35
43 30 14
43 31 40
43 32 22
43 33 36
43 34 2
43 35 23
43 37 31
43 38 28
43 39 18
43 40 15
43 41 9
43 42 36
44 0 1
44 1 19
44 2 4
44 3 21
44 5 17
44 6 29
44 7 24
44 8 4
44 9 33
44 10 5
44 11 36
44 13 40
44 14 9
44 15 13
44 16 40
44 17 28
44 18 34
44 20 13
44 21 27
44 22 36
44 23 32
44 24 34
44 25 1
44 26 21
44 27 18
44 28 22
44 29 19
44 30 34
44 31 25
44 32 31
44 33 9
44 34 6
44 35 12
44 36 18
44 37 17
44 38 15
44 39 7
44 40 22
44 41 13
44 42 23
44 43 10
45 0 4
45 1 34
45 2 4
45 3 37
45 4 17
45 5 23
45 6 11
45 7 19
45 8 30
45 9 8
45 10 20
45 11 10
45 12 29
45 13 15
45 14 7
45 15 24
45 16 8
45 17 23
45 18 20
45 19 9
45 20 24
45 21 32
45 22 2
45 23 34
45 24 26
45 25 31
45 26 10
45 27 12
45 28 37
45 29 2
45 30 21
45 32 13
45 33 33
45 34 25
45 35 28
45 37 22
45 38 33
45 39 2
45 40 38
45 41 15
45 42 40
45 43 3
45 44 23
46 0 26
46 1 38
46 2 28
46 3 13
46 4 5
46 5 36
46 7 27
46 8 23
46 9 7
46 11 36
46 13 15
46 14 20
46 15 24
46 16 14
46 17 14
46 18 33
46 19 12
46 20 1
46 21 30
46 23 23
46 24 1
46 26 24
46 27 5
46 28 13
46 29 40
46 30 18
46 31 18
46 32 27
46 33 7
46 34 25
46 36 11
46 37 23
46 38 30
46 39 26
46 40 13
46 41 9
46 42 18
46 43 27
46 44 36
46 45 38
47 0 14
47 2 8
47 4 9
47 5 38
47 7 30
47 8 36
47 9 20
47 10 22
47 11 37
47 12 39
47 13 10
47 14 22
47 15 22
47 16 14
47 17 15
47 18 17
47 19 29
47 20 20
47 21 31
47 22 26
47 24 24
47 25 8
47 26 26
47 27 39
47 28 40
47 29 15
47 30 27
47 31 32
47 32 28
47 33 3
47 34 20
47 36 7
47 37 31
47 38 19
47 41 15
47 42 31
47 43 3
47 44 38
47 46 7
48 1 33
48 2 16
48 3 7
48 5 38
48 6 7
48 7 29
48 8 26
48 9 33
48 10 26
48 11 4
48 12 6
48 13 25
48 14 20
48 15 32
48 16 15
48 17 37
48 18 20
48 19 13
48 20 16
48 22 22
48 23 9
48 24 30
48 25 26
48 26 12
48 27 26
48 28 40
48 29 33
48 30 20
48 31 30
48 33 26
48 34 21
48 35 35
48 36 7
48 37 24
48 38 12
48 39 17
48 40 2
48 41 40
48 42 23
48 43 1
48 45 39
48 46 24
48 47 6
49 0 28
49 1 32
49 2 9
49 3 21
49 4 30
49 5 28
49 6 32
49 7 14
49 8 38
49 9 5
49 10 1
49 12 12
49 13 28
49 14 13
49 15 32
49 16 35
49 17 40
49 19 17
49 20 4
49 21 13
49 22 38
49 23 17
49 24 36
49 25 11
49 26 21
49 27 27
49 28 32
49 29 21
49 31 23
49 32 5
49 33 27
49 34 34
49 36 8
49 37 30
49 38 26
49 39 5
49 40 22
49 41 29
49 43 12
49 44 36
49 46 12
49 47 30
49 48 33
