40
5 4 50
6 2 103
7 6 112
9 7 61
11 10 269
13 7 301
14 0 137
14 4 144
14 8 56
17 3 297
17 14 312
17 15 257
18 8 280
18 12 5
18 14 317
18 16 310
19 2 124
19 7 26
19 8 143
19 11 94
19 12 83
20 6 271
20 19 40
21 11 92
21 15 203
21 18 194
22 3 210
23 5 294
23 8 103
24 2 151
24 4 132
24 8 59
24 15 213
24 17 161
24 18 14
24 20 54
25 7 119
25 8 172
25 10 157
25 14 75
25 21 139
26 8 248
26 21 85
26 24 39
27 3 23
27 12 79
28 2 203
28 10 160
28 26 12
29 17 295
30 12 315
30 16 215
30 21 268
31 1 209
31 17 120
31 20 47
32 0 135
32 4 237
32 5 12
32 23 97
32 31 301
33 0 31
33 1 32
33 30 158
34 27 162
35 5 105
35 9 34
35 10 266
35 11 121
35 15 313
35 17 46
36 15 310
36 18 117
36 35 285
37 2 3
37 28 177
37 35 314
38 3 249
38 5 144
38 6 138
38 18 298
39 33 256
39 36 213
