60
1 0 33
2 0 19
2 1 31
3 0 38
3 1 35
3 2 34
4 2 21
4 3 38
5 0 3
5 1 31
6 2 34
6 4 4
6 5 30
7 1 37
7 2 16
7 4 24
7 5 2
7 6 36
8 1 16
8 2 34
8 3 2
8 4 34
8 6 37
9 1 37
9 3 20
9 4 6
9 5 22
10 3 27
10 5 38
10 6 22
10 8 13
10 9 13
11 0 14
11 1 1
11 2 30
11 3 11
11 4 40
11 8 20
11 10 28
12 3 20
12 4 7
12 9 15
12 11 11
13 0 14
13 3 39
13 6 14
13 8 32
13 10 10
14 1 1
14 2 30
14 3 4
14 4 26
14 5 1
14 6 15
14 7 20
14 8 10
14 9 14
14 10 40
14 12 6
14 13 30
15 0 3
15 1 30
15 2 4
15 4 38
15 6 28
15 10 30
15 11 25
15 12 2
15 13 11
16 1 14
16 2 39
16 3 17
16 4 13
16 6 33
16 7 26
16 9 8
16 10 11
16 11 30
16 12 4
16 13 40
16 15 31
17 3 25
17 5 34
17 8 2
17 9 19
17 11 17
17 12 21
17 13 26
18 3 12
18 4 11
18 5 36
18 8 6
18 9 14
18 10 18
18 11 25
18 12 31
18 14 30
18 15 21
18 16 35
18 17 7
19 1 15
19 3 13
19 4 13
19 9 14
19 10 36
19 13 24
19 14 32
19 17 17
19 18 34
20 0 26
20 1 30
20 2 22
20 3 9
20 4 37
20 5 24
20 7 8
20 11 21
20 12 28
20 14 9
20 16 34
20 18 37
21 0 27
21 1 32
21 2 14
21 4 36
21 8 29
21 9 1
21 10 26
21 12 28
21 15 24
21 17 38
22 0 8
22 1 25
22 2 13
22 4 25
22 6 35
22 7 29
22 8 33
22 9 19
22 10 9
22 11 22
22 12 33
22 13 5
22 15 40
22 16 37
22 17 30
22 21 22
23 0 32
23 1 31
23 2 13
23 3 35
23 4 21
23 5 18
23 6 26
23 7 19
23 10 16
23 12 23
23 13 37
23 14 14
23 15 13
23 17 24
23 18 29
23 19 7
23 21 21
23 22 17
24 0 27
24 1 19
24 2 20
24 3 37
24 4 17
24 8 20
24 9 35
24 10 24
24 11 16
24 12 2
24 13 28
24 14 29
24 15 40
24 16 6
24 18 32
24 19 34
24 20 2
24 21 17
25 0 3
25 1 26
25 7 35
25 8 39
25 10 26
25 11 15
25 12 6
25 13 29
25 14 40
25 15 22
25 20 40
25 21 6
25 23 24
26 0 25
26 4 21
26 5 24
26 6 11
26 7 18
26 8 27
26 9 3
26 10 10
26 11 2
26 12 40
26 13 12
26 16 2
26 17 38
26 18 20
26 19 11
26 24 28
26 25 36
27 0 22
27 1 2
27 3 10
27 4 36
27 5 17
27 7 21
27 8 9
27 9 9
27 11 10
27 13 27
27 14 22
27 16 4
27 17 17
27 18 26
27 19 21
27 20 18
27 21 40
27 23 32
27 24 6
27 25 33
28 0 16
28 2 35
28 3 23
28 4 2
28 6 25
28 7 24
28 8 24
28 9 10
28 10 21
28 14 3
28 18 2
28 19 24
28 20 16
28 23 10
28 24 16
28 25 35
28 26 14
28 27 40
29 0 27
29 2 12
29 4 12
29 5 28
29 6 32
29 7 36
29 9 12
29 13 35
29 16 25
29 17 33
29 19 12
29 22 21
29 25 32
29 27 3
30 1 36
30 5 9
30 7 40
30 8 18
30 9 12
30 10 32
30 11 28
30 12 12
30 17 28
30 20 29
30 21 28
30 22 37
30 23 19
30 24 15
30 26 40
30 27 19
30 28 16
30 29 1
31 0 22
31 1 26
31 2 19
31 3 1
31 4 25
31 7 21
31 8 1
31 9 25
31 10 2
31 11 13
31 12 28
31 15 1
31 16 33
31 17 15
31 19 18
31 21 13
31 22 28
31 23 39
31 24 36
31 25 34
31 26 24
31 28 4
31 30 25
32 1 17
32 3 3
32 4 11
32 5 40
32 6 18
32 7 10
32 8 21
32 11 5
32 12 6
32 15 29
32 16 14
32 17 10
32 18 4
32 20 5
32 22 3
32 23 12
32 26 10
32 27 8
32 28 24
32 29 22
32 30 6
32 31 4
33 0 7
33 1 23
33 4 9
33 8 6
33 9 16
33 11 24
33 12 26
33 14 35
33 16 32
33 17 26
33 21 27
33 22 9
33 26 35
33 27 4
33 28 3
33 29 26
33 30 26
33 31 6
33 32 30
34 1 12
34 5 12
34 6 4
34 8 6
34 9 32
34 10 31
34 13 17
34 15 29
34 17 24
34 18 40
34 21 7
34 23 37
34 24 12
34 26 40
34 27 23
34 28 23
34 29 12
34 32 33
34 33 33
35 1 19
35 2 7
35 6 24
35 7 28
35 8 8
35 10 22
35 11 27
35 12 7
35 15 30
35 19 3
35 22 33
35 24 2
35 29 34
35 31 17
35 33 13
36 0 20
36 1 19
36 2 1
36 3 12
36 4 17
36 5 40
36 6 15
36 7 20
36 8 38
36 10 16
36 12 5
36 14 27
36 15 30
36 16 22
36 18 7
36 19 2
36 21 3
36 23 38
36 27 11
36 30 3
36 31 38
36 33 28
36 34 37
36 35 33
37 0 1
37 1 21
37 2 28
37 3 36
37 5 19
37 6 21
37 7 29
37 8 7
37 9 16
37 10 20
37 11 3
37 12 26
37 14 24
37 15 3
37 16 38
37 18 34
37 19 33
37 20 23
37 23 40
37 24 14
37 26 31
37 28 16
37 29 8
37 30 6
37 33 11
37 34 34
37 35 5
37 36 30
38 0 32
38 2 31
38 3 37
38 6 30
38 8 20
38 10 9
38 11 38
38 12 39
38 13 17
38 14 26
38 20 38
38 22 14
38 23 9
38 25 19
38 26 10
38 29 6
38 30 18
38 31 7
38 32 27
38 33 29
38 34 31
38 36 8
39 0 34
39 2 36
39 3 30
39 5 35
39 6 11
39 8 11
39 10 15
39 11 14
39 12 7
39 13 23
39 15 7
39 16 5
39 17 23
39 19 10
39 20 39
39 22 22
39 24 16
39 25 37
39 26 19
39 29 11
39 30 21
39 31 27
39 32 26
39 35 6
39 36 8
39 38 4
40 0 4
40 1 4
40 3 33
40 7 28
40 9 30
40 10 7
40 11 26
40 14 20
40 16 15
40 17 21
40 18 23
40 19 37
40 23 26
40 26 23
40 28 2
40 29 8
40 30 1
40 31 40
40 32 13
40 33 36
40 35 24
40 36 29
40 37 1
40 39 28
41 0 31
41 1 30
41 2 5
41 6 29
41 7 37
41 9 35
41 16 37
41 17 8
41 18 40
41 19 31
41 21 30
41 23 9
41 24 38
41 25 30
41 27 5
41 29 7
41 30 8
41 31 16
41 33 39
41 35 8
41 37 9
41 38 17
41 39 1
41 40 22
42 0 34
42 1 18
42 2 19
42 3 19
42 5 21
42 7 12
42 8 39
42 10 27
42 11 29
42 12 4
42 13 9
42 15 4
42 17 32
42 18 16
42 20 4
42 21 30
42 24 1
42 25 34
42 26 18
42 28 32
42 29 32
42 30 8
42 31 19
42 32 17
42 33 24
42 34 27
42 35 6
42 37 40
42 39 32
42 40 22
43 0 34
43 3 14
43 4 9
43 6 14
43 9 5
43 13 39
43 15 1
43 17 8
43 19 26
43 20 6
43 21 26
43 23 3
43 24 39
43 25 4
43 26 7
43 27 20
43 29 28
43 30 31
43 38 31
43 39 36
43 41 15
44 0 6
44 1 6
44 2 21
44 3 33
44 5 19
44 6 37
44 7 38
44 10 12
44 12 31
44 13 6
44 14 31
44 16 36
44 17 10
44 18 29
44 20 29
44 21 22
44 23 32
44 24 12
44 25 3
44 26 10
44 27 22
44 28 28
44 31 17
44 32 20
44 33 2
44 34 21
44 35 16
44 36 36
44 38 6
44 40 2
44 41 29
44 43 25
45 0 40
45 1 13
45 2 3
45 3 39
45 4 28
45 5 33
45 7 37
45 9 12
45 10 17
45 12 23
45 16 5
45 18 33
45 20 19
45 21 22
45 23 7
45 24 9
45 25 26
45 26 33
45 27 25
45 29 33
45 30 12
45 34 25
45 35 20
45 39 4
45 40 7
45 41 5
46 0 40
46 1 6
46 2 1
46 3 32
46 4 17
46 5 7
46 6 14
46 10 11
46 11 20
46 12 31
46 13 31
46 14 15
46 15 21
46 16 13
46 18 18
46 20 18
46 22 1
46 24 36
46 25 22
46 26 6
46 27 32
46 28 8
46 30 10
46 32 20
46 33 37
46 34 21
46 35 31
46 38 21
46 39 11
46 44 1
46 45 16
47 1 40
47 2 12
47 6 34
47 7 17
47 8 2
47 9 31
47 11 25
47 12 28
47 15 34
47 17 39
47 18 35
47 19 1
47 20 36
47 23 19
47 25 29
47 27 11
47 29 7
47 30 21
47 32 25
47 33 33
47 34 28
47 35 28
47 37 10
47 39 29
47 41 24
47 43 17
48 0 6
48 1 17
48 2 18
48 3 33
48 6 25
48 10 37
48 12 35
48 15 36
48 17 19
48 20 2
48 21 15
48 22 4
48 23 40
48 24 32
48 25 7
48 27 9
48 28 17
48 30 1
48 31 28
48 32 1
48 33 3
48 34 2
48 35 38
48 36 18
48 38 15
48 39 17
48 41 21
48 45 1
48 46 10
49 0 22
49 1 17
49 4 18
49 5 4
49 6 2
49 10 22
49 13 9
49 15 35
49 18 7
49 19 19
49 20 23
49 23 12
49 24 10
49 25 30
49 27 23
49 28 8
49 30 32
49 32 25
49 33 19
49 34 30
49 35 39
49 38 3
49 39 9
49 40 36
49 42 16
49 46 28
49 47 7
49 48 36
50 0 38
50 1 5
50 2 23
50 4 15
50 5 13
50 6 37
50 7 17
50 8 28
50 9 21
50 10 35
50 11 5
50 12 34
50 14 17
50 15 13
50 17 1
50 18 38
50 19 29
50 23 18
50 24 33
50 27 1
50 30 36
50 31 1
50 32 20
50 33 16
50 34 22
50 35 11
50 39 39
50 40 36
50 42 21
50 44 4
50 46 4
50 47 22
51 0 39
51 1 30
51 2 3
51 3 26
51 6 7
51 8 8
51 10 4
51 12 7
51 14 14
51 15 17
51 16 15
51 19 22
51 20 24
51 22 10
51 23 13
51 25 12
51 28 6
51 31 2
51 33 16
51 35 38
51 36 35
51 37 33
51 39 29
51 40 26
51 41 28
51 42 4
51 43 6
51 44 29
51 48 10
52 0 37
52 1 23
52 2 40
52 3 27
52 4 26
52 5 11
52 6 5
52 8 12
52 9 18
52 10 33
52 12 26
52 13 26
52 14 12
52 16 32
52 17 4
52 18 14
52 19 28
52 20 5
52 24 1
52 25 3
52 26 21
52 29 12
52 30 12
52 32 4
52 33 12
52 34 6
52 36 38
52 37 35
52 39 28
52 40 13
52 41 35
52 46 21
52 47 10
52 48 34
52 49 40
52 51 13
53 0 9
53 1 31
53 3 3
53 4 1
53 6 35
53 9 40
53 12 21
53 14 6
53 15 4
53 16 18
53 17 33
53 18 40
53 20 11
53 21 29
53 23 13
53 25 22
53 26 18
53 29 29
53 30 10
53 31 3
53 32 25
53 34 29
53 37 33
53 38 19
53 40 7
53 41 8
53 42 23
53 44 1
53 45 8
53 47 10
53 48 8
53 50 34
53 52 33
54 1 10
54 2 19
54 3 6
54 6 11
54 12 17
54 13 13
54 14 29
54 15 6
54 16 26
54 17 8
54 18 19
54 19 29
54 20 36
54 21 9
54 23 26
54 24 27
54 25 2
54 28 17
54 29 23
54 30 2
54 34 11
54 35 33
54 36 26
54 37 10
54 38 30
54 40 11
54 43 3
54 44 21
54 46 31
54 48 27
54 49 22
54 50 26
54 51 14
54 52 11
55 2 8
55 3 23
55 4 27
55 6 5
55 10 7
55 14 28
55 15 24
55 20 25
55 22 23
55 24 31
55 26 38
55 28 27
55 29 10
55 31 7
55 32 3
55 35 13
55 36 37
55 39 37
55 42 16
55 43 14
55 46 37
55 47 36
55 48 1
55 49 36
55 51 2
55 52 39
55 53 18
55 54 27
56 1 21
56 2 9
56 3 3
56 6 2
56 9 39
56 11 21
56 12 17
56 14 5
56 15 32
56 16 40
56 17 26
56 18 40
56 19 12
56 21 39
56 22 14
56 27 33
56 28 35
56 29 34
56 32 1
56 33 36
56 34 6
56 35 34
56 36 33
56 37 9
56 39 37
56 41 13
56 42 31
56 43 5
56 44 39
56 45 25
56 46 3
56 47 19
56 50 29
56 53 18
56 55 1
57 1 1
57 3 17
57 4 32
57 6 35
57 8 40
57 9 36
57 14 19
57 16 2
57 17 33
57 18 18
57 19 32
57 21 39
57 23 17
57 25 17
57 26 40
57 28 31
57 29 32
57 30 13
57 32 8
57 33 38
57 34 5
57 35 32
57 37 12
57 40 22
57 44 39
57 45 35
57 46 36
57 47 30
57 48 25
57 50 22
58 0 17
58 1 36
58 5 8
58 7 21
58 9 4
58 10 22
58 13 38
58 18 1
58 19 19
58 20 6
58 22 23
58 24 38
58 25 38
58 26 11
58 28 15
58 29 29
58 31 40
58 32 19
58 33 22
58 34 12
58 35 7
58 36 21
58 37 17
58 38 18
58 39 6
58 40 33
58 41 18
58 43 23
58 45 30
58 46 33
58 47 18
58 49 33
58 50 16
58 52 40
58 53 2
58 54 25
58 56 20
59 0 29
59 1 39
59 2 36
59 5 17
59 8 29
59 9 36
59 11 21
59 13 36
59 14 15
59 15 38
59 17 32
59 18 17
59 19 19
59 21 34
59 22 12
59 24 12
59 25 30
59 26 29
59 28 23
59 29 6
59 32 14
59 33 17
59 35 25
59 36 27
59 37 12
59 38 6
59 41 25
59 44 10
59 47 35
59 48 18
59 50 39
59 52 30
59 53 12
59 54 26
59 55 23
59 57 39
