30
1 0 30
3 0 138
3 2 14
4 0 35
4 2 106
5 2 66
5 3 115
5 4 44
6 2 11
6 3 77
6 4 74
6 5 6
7 1 129
7 2 101
7 5 71
8 0 123
8 2 93
8 3 120
8 4 83
8 7 91
9 1 53
9 8 75
10 0 46
10 3 90
10 4 62
10 5 27
10 7 59
11 2 67
11 3 43
11 5 156
11 6 2
11 9 136
12 0 149
12 3 30
12 7 145
12 8 13
12 10 124
13 3 110
13 5 1
13 6 139
13 7 105
13 8 88
13 9 134
14 1 103
14 4 63
14 6 5
14 7 106
14 8 83
14 9 65
14 11 104
15 0 119
15 1 111
15 2 11
15 3 103
15 4 147
15 5 130
15 7 65
15 11 144
15 12 10
15 14 19
16 0 133
16 1 93
16 2 73
16 4 89
16 8 146
16 9 65
16 10 8
16 11 95
16 13 68
16 14 114
16 15 40
17 0 160
17 1 31
17 2 134
17 5 134
17 6 30
17 7 55
17 10 146
17 12 34
17 13 141
18 0 89
18 3 69
18 4 99
18 8 31
18 11 144
18 14 49
18 16 110
18 17 72
19 0 123
19 1 106
19 11 107
19 12 85
19 13 77
19 14 60
19 18 36
20 0 5
20 3 88
20 4 82
20 6 56
20 8 66
20 9 132
20 10 103
20 11 18
20 13 105
20 15 47
20 16 90
20 17 63
21 0 103
21 2 10
21 3 83
21 4 58
21 6 93
21 8 155
21 11 73
21 18 113
21 20 19
22 4 31
22 5 128
22 7 121
22 11 29
22 12 65
22 13 135
22 14 131
22 15 4
22 19 126
23 2 108
23 3 54
23 5 111
23 7 85
23 9 148
23 10 3
23 11 125
23 12 24
23 14 88
23 15 31
23 21 46
24 0 40
24 3 73
24 6 55
24 7 28
24 11 154
24 12 95
24 13 72
24 15 85
24 17 69
24 19 14
25 1 62
25 2 58
25 5 61
25 9 57
25 13 76
25 14 105
25 18 56
25 21 63
25 24 19
26 0 44
26 3 110
26 4 138
26 6 95
26 7 18
26 8 99
26 9 89
26 10 50
26 12 31
26 17 139
26 18 140
26 19 52
26 21 26
26 22 147
26 24 98
26 25 24
27 3 121
27 4 82
27 5 53
27 8 17
27 10 143
27 12 103
27 13 38
27 16 147
27 18 22
27 20 153
27 21 139
27 22 148
28 2 102
28 4 64
28 5 17
28 7 155
28 9 55
28 11 42
28 15 43
28 16 51
28 17 154
28 18 11
28 19 35
28 21 101
28 22 66
28 23 124
29 0 112
29 2 7
29 3 90
29 4 153
29 5 116
29 6 114
29 7 134
29 8 7
29 9 115
29 11 24
29 12 143
29 13 153
29 15 110
29 16 103
29 18 18
29 19 105
29 22 158
29 25 44
