70
1 0 32
6 3 121
10 4 115
11 5 106
11 8 45
14 9 32
14 12 39
15 7 42
15 11 132
17 4 53
17 14 92
17 15 58
18 14 108
19 15 14
19 17 53
20 11 11
20 13 142
21 6 82
21 8 80
21 11 146
23 2 89
23 5 159
23 6 145
23 7 65
24 14 17
24 20 133
25 5 150
25 20 105
25 21 56
26 4 156
26 17 97
26 25 85
27 0 11
27 7 122
27 24 150
28 10 151
29 7 14
29 8 145
29 15 39
29 20 73
30 2 113
30 7 1
31 1 136
31 2 33
31 7 128
31 8 16
31 11 117
32 23 149
33 5 65
34 4 93
34 23 129
34 32 114
35 0 41
35 8 120
35 23 17
36 2 123
36 4 87
36 13 137
36 29 35
36 35 113
37 0 74
37 4 37
37 8 68
37 11 33
37 16 88
37 28 118
38 6 69
38 27 127
39 7 136
39 9 13
39 14 103
39 28 49
40 4 139
40 9 127
40 10 148
40 18 19
40 30 107
40 39 150
41 3 30
41 6 70
41 20 115
41 22 14
41 32 50
41 40 115
42 16 32
42 24 2
42 34 34
43 1 89
43 13 4
43 26 27
43 27 97
43 31 101
44 12 103
44 18 82
44 23 102
44 27 68
44 29 96
44 30 106
44 38 64
45 8 104
45 19 129
45 21 140
45 32 122
45 37 120
46 8 31
46 11 117
46 30 116
46 37 109
46 38 149
46 40 119
46 41 154
46 43 114
47 5 33
47 8 45
47 9 142
47 14 64
47 19 142
47 23 93
47 26 82
47 43 128
47 46 13
48 19 32
48 26 79
48 29 117
48 32 19
48 37 151
49 0 46
49 10 152
49 26 64
49 43 78
50 6 125
50 7 149
50 23 65
50 48 102
51 29 153
51 35 153
51 45 21
51 50 58
52 1 108
52 18 42
52 30 62
52 39 135
53 10 90
53 17 154
53 22 140
53 30 135
53 34 62
53 38 136
53 44 139
53 51 143
54 20 122
54 42 36
54 47 27
55 4 35
55 30 156
55 31 148
55 32 1
55 37 147
55 49 23
56 3 131
56 24 94
56 28 148
56 40 136
57 17 75
57 19 110
57 22 80
57 35 149
57 46 134
58 3 55
58 15 47
58 17 79
58 40 65
58 42 60
58 57 144
59 0 45
59 8 103
59 17 136
59 24 149
59 25 40
59 44 97
59 45 135
60 4 153
60 31 17
60 33 141
60 59 23
61 5 72
61 9 95
61 34 3
61 47 154
61 52 69
62 6 83
62 14 53
62 18 89
62 19 112
62 36 18
62 47 90
62 52 90
62 54 138
63 18 1
63 19 3
63 22 70
63 27 133
63 37 58
63 48 121
63 51 28
63 58 108
63 62 105
64 7 146
64 13 80
64 17 94
64 27 30
64 28 4
64 40 143
64 43 100
64 49 111
64 53 53
65 11 73
65 13 149
65 14 157
65 20 94
65 22 41
65 40 38
65 54 68
65 55 82
65 56 155
65 62 136
66 3 30
66 14 113
66 26 8
66 41 84
66 50 138
66 55 21
66 60 41
66 61 139
67 8 23
67 20 141
67 49 78
67 54 56
67 56 141
67 64 158
68 15 11
68 23 147
68 26 51
68 47 146
68 49 109
68 64 58
69 39 122
69 42 26
69 54 39
69 56 117
69 61 21
69 68 113
