70
1 0 2
2 0 11
3 1 7
4 0 33
5 0 21
5 4 10
6 0 25
6 2 4
6 3 35
6 4 25
6 5 33
7 5 35
8 2 14
8 5 2
8 6 28
9 5 28
9 6 17
10 2 30
10 3 13
10 7 28
11 1 5
11 2 32
11 7 3
11 9 36
12 2 20
12 7 16
12 8 33
12 9 5
13 1 1
13 2 39
13 5 9
13 6 19
13 9 39
13 12 11
14 0 21
14 3 32
14 6 26
14 7 4
14 8 27
14 10 14
14 12 1
14 13 12
15 2 19
15 8 6
15 9 10
15 11 1
16 0 38
16 3 28
16 4 23
16 6 5
16 8 29
16 10 6
16 11 31
16 12 17
16 14 6
16 15 21
17 0 15
17 3 19
17 4 12
17 7 15
17 11 13
17 12 13
17 15 25
18 3 21
18 4 9
18 5 22
18 10 5
18 14 24
18 15 8
18 16 14
18 17 17
19 0 27
19 4 24
19 6 25
19 10 37
19 11 39
19 16 9
19 17 26
20 1 12
20 4 7
20 6 26
20 10 3
20 14 4
20 16 5
20 18 13
21 1 5
21 7 19
21 9 21
21 10 27
21 12 25
21 14 28
21 15 14
21 16 34
21 18 17
21 19 17
22 3 8
22 4 19
22 6 12
22 9 13
22 11 18
22 12 19
22 16 11
23 2 14
23 6 9
23 9 11
23 10 21
23 11 8
23 13 6
23 15 13
23 21 26
24 0 17
24 3 33
24 5 39
24 6 17
24 7 5
24 9 10
24 10 8
24 11 7
24 12 37
24 19 24
24 20 35
25 1 10
25 3 10
25 4 19
25 6 38
25 8 30
25 10 12
25 14 17
25 15 32
25 16 3
25 17 35
25 18 26
25 19 33
25 21 18
25 24 36
26 0 33
26 8 27
26 10 38
26 12 9
26 13 22
26 15 5
26 18 1
26 19 33
26 21 9
26 23 11
27 1 7
27 2 19
27 7 37
27 10 24
27 14 10
27 18 16
27 19 10
27 24 6
27 25 38
27 26 7
28 2 33
28 4 12
28 6 12
28 7 24
28 8 34
28 11 24
28 20 9
28 23 12
28 25 32
29 0 5
29 4 8
29 5 6
29 6 30
29 7 33
29 16 37
29 17 31
29 20 9
29 21 5
29 22 15
29 26 40
29 27 26
30 7 19
30 8 12
30 9 16
30 11 11
30 12 10
30 13 9
30 14 20
30 17 19
30 22 16
30 24 1
30 25 18
30 26 22
31 1 23
31 3 34
31 4 38
31 5 20
31 6 25
31 9 2
31 12 40
31 17 13
31 20 21
31 23 7
31 30 19
32 2 38
32 4 35
32 6 22
32 9 22
32 10 16
32 15 34
32 17 17
32 19 34
32 20 26
32 21 23
32 24 27
32 25 6
32 26 32
32 27 26
32 29 25
32 30 8
33 0 27
33 2 2
33 3 1
33 7 18
33 12 36
33 14 18
33 15 22
33 22 31
33 24 17
33 29 38
33 31 35
33 32 4
34 1 36
34 2 32
34 4 7
34 5 10
34 15 13
34 16 31
34 21 32
34 23 19
34 24 26
34 29 37
34 31 20
34 32 2
35 0 29
35 1 21
35 2 1
35 3 12
35 6 2
35 7 25
35 8 7
35 12 34
35 14 20
35 15 24
35 16 18
35 18 31
35 21 28
35 32 19
36 0 16
36 2 4
36 6 19
36 10 31
36 11 31
36 14 12
36 17 13
36 19 19
36 23 37
36 24 22
36 25 22
36 27 7
36 28 24
36 32 29
36 34 10
36 35 31
37 3 37
37 4 21
37 10 24
37 11 9
37 12 18
37 13 28
37 14 2
37 15 30
37 17 30
37 18 30
37 19 40
37 22 4
37 23 23
37 25 12
37 26 5
37 29 23
37 35 4
37 36 27
38 3 11
38 4 5
38 9 3
38 11 13
38 18 32
38 19 1
38 20 24
38 21 10
38 22 7
38 25 37
38 27 35
38 28 7
38 30 32
38 33 6
38 34 13
39 1 16
39 2 5
39 3 18
39 10 13
39 12 28
39 17 21
39 18 15
39 19 14
39 25 18
39 26 22
39 33 5
39 38 7
40 0 23
40 1 25
40 2 6
40 6 2
40 7 30
40 9 40
40 12 17
40 16 24
40 18 18
40 23 30
40 27 13
40 30 27
40 31 18
40 35 37
40 38 40
40 39 27
41 1 36
41 3 17
41 4 15
41 6 4
41 9 28
41 13 34
41 16 4
41 17 34
41 18 30
41 21 20
41 22 27
41 23 20
41 28 25
41 29 3
41 30 13
41 31 38
41 33 9
41 34 27
41 36 14
41 37 23
41 38 25
42 1 1
42 3 15
42 5 36
42 6 14
42 13 1
42 15 5
42 21 36
42 24 35
42 33 13
42 36 19
43 0 13
43 7 16
43 8 26
43 9 32
43 10 15
43 13 3
43 15 33
43 18 15
43 19 15
43 21 20
44 1 1
44 5 18
44 7 16
44 9 33
44 10 7
44 11 12
44 14 29
44 16 20
44 18 6
44 21 15
44 22 34
44 23 34
44 24 19
44 30 40
44 31 17
44 33 25
44 34 11
44 36 1
44 37 35
44 42 10
45 3 3
45 7 22
45 8 4
45 9 1
45 11 8
45 12 18
45 13 24
45 14 9
45 17 20
45 23 20
45 24 8
45 25 24
45 26 40
45 29 37
45 30 31
45 32 18
45 35 38
45 36 21
45 39 28
45 40 33
45 42 21
45 44 24
46 2 26
46 3 33
46 5 12
46 6 2
46 11 39
46 13 10
46 14 18
46 19 39
46 20 2
46 22 16
46 23 5
46 27 25
46 30 20
46 31 35
46 32 4
46 36 5
46 37 15
46 38 5
46 41 26
46 44 38
46 45 17
47 3 29
47 5 40
47 6 7
47 9 3
47 10 5
47 17 32
47 18 29
47 19 14
47 23 24
47 27 9
47 29 29
47 30 36
47 35 22
47 37 8
47 39 6
47 43 27
47 46 29
48 4 35
48 8 10
48 10 20
48 12 29
48 14 20
48 22 4
48 24 5
48 25 1
48 28 20
48 34 4
48 35 27
48 36 23
48 45 32
49 2 9
49 4 16
49 6 34
49 10 2
49 11 12
49 12 19
49 15 12
49 20 6
49 24 26
49 25 18
49 29 34
49 30 28
49 34 8
49 35 20
49 37 25
49 40 17
49 41 20
49 43 18
49 46 22
49 47 36
50 0 14
50 1 31
50 3 30
50 5 17
50 6 27
50 12 35
50 13 6
50 15 29
50 18 31
50 19 1
50 23 27
50 24 40
50 26 36
50 30 23
50 37 5
50 39 19
50 43 37
51 2 20
51 4 1
51 7 28
51 12 23
51 14 4
51 16 5
51 17 36
51 21 40
51 27 15
51 29 2
51 30 38
51 31 16
51 35 2
51 40 25
51 41 30
51 42 6
51 43 2
51 44 40
51 46 5
51 47 13
52 0 31
52 3 33
52 5 19
52 6 40
52 7 30
52 8 36
52 9 21
52 12 32
52 16 39
52 19 22
52 20 10
52 23 5
52 24 10
52 25 34
52 26 11
52 27 2
52 28 38
52 29 10
52 35 10
52 38 16
52 41 24
52 48 40
52 50 15
53 3 2
53 9 11
53 12 29
53 16 33
53 18 14
53 20 28
53 21 31
53 34 24
53 35 23
53 37 40
53 39 5
53 40 7
53 41 33
53 42 12
53 47 15
53 49 10
53 51 14
54 2 13
54 5 8
54 8 3
54 10 38
54 11 18
54 14 36
54 22 4
54 24 35
54 25 7
54 26 13
54 29 17
54 33 8
54 35 32
54 37 9
54 41 40
54 42 10
54 45 5
54 47 12
54 49 33
54 51 33
54 53 19
55 0 15
55 1 13
55 6 22
55 12 11
55 15 28
55 20 35
55 22 10
55 23 29
55 29 20
55 30 6
55 32 26
55 33 1
55 35 22
55 36 8
55 38 10
55 40 5
55 45 1
55 46 19
55 47 3
55 49 24
55 50 8
55 51 14
56 1 9
56 4 13
56 7 24
56 10 25
56 12 17
56 13 35
56 14 1
56 22 7
56 23 3
56 24 29
56 25 23
56 29 30
56 30 2
56 38 8
56 39 37
56 42 20
56 43 38
56 45 8
56 46 17
56 47 15
56 48 20
56 49 14
56 51 19
56 52 13
56 55 27
57 0 35
57 2 21
57 10 37
57 13 4
57 14 25
57 20 25
57 21 1
57 22 39
57 26 14
57 28 8
57 29 28
57 30 22
57 33 13
57 36 25
57 38 21
57 40 28
57 41 32
57 43 40
57 44 20
57 49 25
57 51 38
57 52 31
57 54 19
57 56 35
58 2 8
58 6 11
58 11 7
58 15 25
58 16 22
58 17 11
58 20 13
58 27 4
58 28 1
58 34 38
58 36 32
58 37 5
58 38 38
58 41 25
58 45 34
58 46 34
58 48 21
58 49 37
58 52 18
58 54 5
58 56 2
59 0 20
59 1 19
59 5 32
59 8 32
59 13 13
59 17 31
59 21 35
59 22 10
59 23 15
59 24 34
59 30 3
59 31 6
59 35 33
59 38 25
59 39 17
59 40 6
59 42 27
59 45 26
59 48 1
59 50 11
59 51 5
59 55 7
59 57 3
59 58 5
60 1 11
60 2 24
60 4 34
60 6 3
60 11 4
60 13 4
60 15 21
60 20 21
60 23 7
60 25 31
60 27 25
60 35 19
60 41 23
60 43 32
60 44 9
60 46 15
60 48 15
60 51 5
60 53 9
60 55 13
60 59 30
61 2 3
61 3 32
61 5 19
61 7 17
61 8 10
61 10 13
61 11 1
61 17 5
61 27 31
61 30 1
61 34 5
61 35 17
61 36 7
61 37 8
61 38 27
61 40 38
61 42 37
61 43 20
61 45 30
61 46 23
61 48 25
61 49 11
61 52 21
61 55 32
61 59 38
62 0 33
62 3 4
62 4 31
62 5 19
62 8 32
62 10 29
62 13 32
62 16 16
62 20 1
62 21 38
62 22 31
62 25 21
62 30 32
62 31 19
62 33 39
62 35 23
62 40 32
62 42 26
62 45 25
62 46 25
62 48 21
62 49 26
62 53 5
62 56 12
62 58 33
62 60 3
63 0 15
63 2 22
63 3 1
63 4 20
63 7 30
63 10 9
63 11 13
63 12 40
63 13 35
63 15 10
63 16 28
63 18 25
63 22 34
63 26 27
63 28 27
63 29 1
63 30 37
63 32 38
63 36 40
63 38 28
63 40 31
63 44 12
63 46 13
63 48 5
63 53 20
63 54 10
63 55 8
63 58 19
63 60 21
63 61 19
63 62 10
64 0 28
64 8 27
64 10 6
64 12 35
64 14 19
64 16 34
64 17 6
64 22 24
64 24 35
64 25 31
64 28 13
64 43 25
64 45 5
64 48 36
64 50 18
64 55 11
64 56 16
64 58 5
64 60 9
65 0 12
65 1 21
65 3 37
65 10 11
65 11 36
65 12 16
65 13 10
65 15 28
65 16 11
65 17 36
65 18 29
65 19 12
65 20 7
65 23 19
65 24 16
65 28 1
65 29 5
65 33 39
65 36 32
65 42 1
65 44 4
65 48 9
65 49 37
65 58 9
65 60 3
65 61 38
65 64 9
66 0 31
66 1 5
66 2 27
66 6 27
66 8 18
66 14 40
66 17 9
66 18 21
66 19 6
66 21 36
66 27 10
66 28 5
66 31 14
66 39 29
66 46 21
66 48 14
66 52 31
66 56 13
66 59 28
66 60 17
66 62 9
66 63 33
66 64 34
67 0 1
67 2 1
67 4 3
67 5 37
67 6 34
67 8 10
67 9 22
67 14 17
67 16 26
67 17 12
67 18 4
67 19 13
67 21 29
67 22 30
67 26 27
67 29 22
67 31 3
67 33 16
67 35 7
67 36 21
67 37 18
67 40 33
67 45 2
67 53 23
67 55 32
67 56 30
67 60 18
67 62 27
67 63 37
67 65 4
68 0 22
68 2 14
68 6 26
68 8 31
68 9 15
68 11 25
68 12 37
68 14 2
68 18 9
68 24 11
68 28 7
68 31 17
68 32 27
68 33 7
68 39 37
68 41 29
68 42 6
68 43 33
68 45 24
68 47 10
68 49 7
68 50 12
68 51 15
68 53 7
68 54 23
68 56 5
68 57 31
68 60 32
68 65 8
68 66 31
68 67 3
69 0 9
69 1 37
69 3 7
69 8 33
69 9 11
69 13 11
69 19 39
69 22 11
69 23 37
69 29 29
69 31 31
69 34 27
69 35 23
69 37 17
69 38 32
69 40 17
69 48 31
69 50 31
69 53 23
69 57 38
69 65 36
