70
1 0 17
2 0 33
2 1 46
3 0 20
3 1 71
3 2 23
4 0 66
4 1 61
4 2 42
4 3 40
5 0 9
5 1 26
5 2 4
5 3 78
5 4 72
6 0 29
6 1 47
6 2 23
6 3 67
6 4 17
6 5 19
7 0 49
7 1 37
7 2 19
7 3 77
7 4 36
7 5 3
7 6 38
8 0 32
8 1 19
8 2 68
8 3 26
8 4 50
8 5 10
8 6 50
8 7 11
9 0 71
9 1 19
9 2 64
9 3 4
9 4 75
9 5 47
9 6 64
9 7 18
9 8 48
10 0 10
10 1 53
10 2 27
10 3 43
10 4 61
10 5 36
10 6 79
10 7 33
10 8 33
10 9 44
11 0 36
11 1 73
11 2 9
11 3 51
11 4 74
11 5 30
11 6 10
11 7 71
11 8 1
11 9 73
11 10 28
12 0 68
12 1 34
12 2 22
12 3 35
12 4 73
12 5 64
12 6 71
12 7 47
12 8 31
12 9 30
12 10 70
12 11 67
13 0 46
13 1 61
13 2 66
13 3 21
13 4 32
13 5 14
13 6 53
13 7 42
13 8 31
13 9 61
13 10 8
13 11 42
13 12 13
14 0 69
14 1 14
14 2 25
14 3 56
14 4 46
14 5 15
14 6 29
14 7 78
14 8 51
14 9 62
14 10 60
14 11 69
14 12 54
14 13 4
15 0 17
15 1 21
15 2 31
15 3 13
15 4 60
15 5 72
15 6 9
15 7 34
15 8 30
15 9 27
15 10 61
15 11 15
15 12 30
15 13 80
15 14 24
16 0 64
16 1 64
16 2 28
16 3 10
16 4 43
16 5 26
16 6 41
16 7 76
16 8 27
16 9 56
16 10 73
16 11 12
16 12 48
16 13 26
16 14 65
16 15 58
17 0 34
17 1 50
17 2 68
17 3 16
17 4 16
17 5 31
17 6 55
17 7 16
17 8 17
17 9 23
17 10 60
17 11 35
17 12 57
17 13 78
17 14 41
17 15 40
17 16 62
18 0 65
18 1 46
18 2 52
18 3 62
18 4 70
18 5 77
18 6 20
18 7 19
18 8 69
18 9 76
18 10 70
18 11 41
18 12 14
18 13 48
18 14 11
18 15 41
18 16 7
18 17 57
19 0 54
19 1 34
19 2 70
19 3 73
19 4 69
19 5 8
19 6 35
19 7 5
19 8 18
19 9 51
19 10 43
19 11 19
19 12 57
19 13 27
19 14 70
19 15 74
19 16 10
19 17 74
19 18 50
20 0 14
20 1 35
20 2 70
20 3 75
20 4 77
20 5 70
20 6 7
20 7 73
20 8 67
20 9 68
20 10 39
20 11 51
20 12 62
20 13 20
20 14 2
20 15 44
20 16 51
20 17 49
20 18 14
20 19 18
21 0 65
21 1 14
21 2 16
21 3 15
21 4 72
21 5 69
21 6 43
21 7 33
21 8 32
21 9 52
21 10 74
21 11 60
21 12 76
21 13 80
21 14 40
21 15 22
21 16 36
21 17 6
21 18 65
21 19 25
21 20 10
22 0 16
22 1 27
22 2 58
22 3 33
22 4 48
22 5 14
22 6 48
22 7 16
22 8 22
22 9 72
22 10 51
22 11 66
22 12 78
22 13 54
22 14 46
22 15 61
22 16 10
22 17 26
22 18 47
22 19 5
22 20 33
22 21 58
23 0 53
23 1 75
23 2 42
23 3 66
23 4 12
23 5 66
23 6 69
23 7 19
23 8 6
23 9 14
23 10 49
23 11 80
23 12 71
23 13 53
23 14 25
23 15 15
23 16 64
23 17 27
23 18 55
23 19 21
23 20 72
23 21 26
23 22 51
24 0 37
24 1 45
24 2 61
24 3 46
24 4 56
24 5 77
24 6 17
24 7 26
24 8 39
24 9 49
24 10 60
24 11 36
24 12 10
24 13 32
24 14 37
24 15 62
24 16 12
24 17 32
24 18 79
24 19 19
24 20 46
24 21 32
24 22 27
24 23 44
25 0 49
25 1 5
25 2 28
25 3 22
25 4 71
25 5 9
25 6 13
25 7 11
25 8 23
25 9 70
25 10 59
25 11 67
25 12 70
25 13 14
25 14 38
25 15 54
25 16 58
25 17 31
25 18 13
25 19 55
25 20 36
25 21 7
25 22 73
25 23 12
25 24 60
26 0 55
26 1 76
26 2 46
26 3 34
26 4 74
26 5 17
26 6 53
26 7 35
26 8 16
26 9 20
26 10 66
26 11 21
26 12 77
26 13 70
26 14 7
26 15 25
26 16 59
26 17 38
26 18 59
26 19 33
26 20 47
26 21 3
26 22 64
26 23 36
26 24 76
26 25 18
27 0 20
27 1 57
27 2 12
27 3 5
27 4 62
27 5 61
27 6 12
27 7 8
27 8 16
27 9 28
27 10 14
27 11 14
27 12 70
27 13 21
27 14 40
27 15 75
27 16 1
27 17 64
27 18 27
27 19 76
27 20 31
27 21 31
27 22 43
27 23 79
27 24 80
27 25 32
27 26 73
28 0 63
28 1 59
28 2 27
28 3 7
28 4 38
28 5 74
28 6 75
28 7 8
28 8 19
28 9 46
28 10 50
28 11 41
28 12 15
28 13 29
28 14 63
28 15 45
28 16 29
28 17 76
28 18 31
28 19 33
28 20 28
28 21 13
28 22 9
28 23 78
28 24 71
28 25 69
28 26 6
28 27 40
29 0 45
29 1 66
29 2 49
29 3 75
29 4 33
29 5 70
29 6 72
29 7 7
29 8 2
29 9 78
29 10 24
29 11 49
29 12 33
29 13 17
29 14 50
29 15 55
29 16 67
29 17 54
29 18 69
29 19 68
29 20 28
29 21 66
29 22 3
29 23 17
29 24 48
29 25 68
29 26 5
29 27 15
29 28 34
30 0 75
30 1 74
30 2 27
30 3 79
30 4 50
30 5 51
30 6 8
30 7 51
30 8 49
30 9 50
30 10 29
30 11 62
30 12 58
30 13 32
30 14 17
30 15 30
30 16 62
30 17 5
30 18 26
30 19 62
30 20 59
30 21 54
30 22 68
30 23 20
30 24 21
30 25 40
30 26 52
30 27 11
30 28 46
30 29 77
31 0 33
31 1 51
31 2 24
31 3 44
31 4 71
31 5 55
31 6 50
31 7 6
31 8 15
31 9 24
31 10 2
31 11 8
31 12 12
31 13 45
31 14 19
31 15 27
31 16 77
31 17 64
31 18 37
31 19 35
31 20 49
31 21 74
31 22 67
31 23 28
31 24 80
31 25 77
31 26 44
31 27 20
31 28 47
31 29 77
31 30 33
32 0 60
32 1 76
32 2 11
32 3 43
32 4 67
32 5 62
32 6 69
32 7 46
32 8 51
32 9 1
32 10 48
32 11 39
32 12 18
32 13 11
32 14 21
32 15 80
32 16 73
32 17 5
32 18 40
32 19 15
32 20 44
32 21 65
32 22 45
32 23 46
32 24 20
32 25 9
32 26 18
32 27 9
32 28 10
32 29 55
32 30 53
32 31 53
33 0 10
33 1 47
33 2 18
33 3 66
33 4 4
33 5 8
33 6 54
33 7 26
33 8 29
33 9 1
33 10 12
33 11 31
33 12 29
33 13 10
33 14 3
33 15 46
33 16 59
33 17 45
33 18 43
33 19 20
33 20 55
33 21 79
33 22 41
33 23 40
33 24 9
33 25 77
33 26 69
33 27 13
33 28 43
33 29 5
33 30 56
33 31 43
33 32 55
34 0 21
34 1 1
34 2 41
34 3 4
34 4 4
34 5 32
34 6 46
34 7 59
34 8 76
34 9 18
34 10 57
34 11 36
34 12 55
34 13 32
34 14 17
34 15 36
34 16 76
34 17 32
34 18 1
34 19 62
34 20 50
34 21 21
34 22 66
34 23 17
34 24 77
34 25 69
34 26 33
34 27 40
34 28 73
34 29 39
34 30 61
34 31 9
34 32 59
34 33 49
35 0 70
35 1 32
35 2 45
35 3 43
35 4 36
35 5 69
35 6 46
35 7 68
35 8 61
35 9 15
35 10 64
35 11 34
35 12 45
35 13 65
35 14 70
35 15 8
35 16 44
35 17 45
35 18 24
35 19 13
35 20 3
35 21 41
35 22 66
35 23 48
35 24 52
35 25 75
35 26 15
35 27 43
35 28 23
35 29 26
35 30 15
35 31 23
35 32 56
35 33 41
35 34 3
36 0 2
36 1 16
36 2 49
36 3 20
36 4 2
36 5 64
36 6 15
36 7 45
36 8 73
36 9 21
36 10 75
36 11 62
36 12 34
36 13 23
36 14 58
36 15 28
36 16 41
36 17 45
36 18 66
36 19 19
36 20 76
36 21 40
36 22 57
36 23 20
36 24 55
36 25 75
36 26 49
36 27 77
36 28 48
36 29 77
36 30 70
36 31 72
36 32 30
36 33 70
36 34 61
36 35 49
37 0 64
37 1 52
37 2 12
37 3 63
37 4 40
37 5 56
37 6 28
37 7 42
37 8 1
37 9 53
37 10 4
37 11 40
37 12 65
37 13 36
37 14 78
37 15 37
37 16 37
37 17 76
37 18 69
37 19 44
37 20 16
37 21 80
37 22 66
37 23 12
37 24 44
37 25 39
37 26 12
37 27 27
37 28 66
37 29 72
37 30 17
37 31 19
37 32 39
37 33 34
37 34 79
37 35 55
37 36 67
38 0 44
38 1 19
38 2 9
38 3 43
38 4 64
38 5 48
38 6 43
38 7 67
38 8 79
38 9 74
38 10 5
38 11 40
38 12 11
38 13 58
38 14 18
38 15 72
38 16 78
38 17 39
38 18 23
38 19 63
38 20 49
38 21 25
38 22 73
38 23 40
38 24 67
38 25 5
38 26 25
38 27 65
38 28 14
38 29 78
38 30 42
38 31 62
38 32 41
38 33 43
38 34 22
38 35 71
38 36 13
38 37 68
39 0 78
39 1 67
39 2 29
39 3 79
39 4 39
39 5 34
39 6 72
39 7 8
39 8 67
39 9 34
39 10 14
39 11 2
39 12 78
39 13 58
39 14 65
39 15 70
39 16 19
39 17 44
39 18 77
39 19 66
39 20 21
39 21 5
39 22 38
39 23 78
39 24 23
39 25 37
39 26 76
39 27 12
39 28 13
39 29 23
39 30 14
39 31 68
39 32 55
39 33 53
39 34 30
39 35 73
39 36 65
39 37 57
39 38 41
40 0 30
40 1 75
40 2 22
40 3 33
40 4 65
40 5 46
40 6 55
40 7 33
40 8 79
40 9 49
40 10 27
40 11 75
40 12 45
40 13 33
40 14 18
40 15 13
40 16 40
40 17 23
40 18 45
40 19 40
40 20 2
40 21 1
40 22 37
40 23 74
40 24 32
40 25 47
40 26 79
40 27 79
40 28 7
40 29 23
40 30 15
40 31 22
40 32 62
40 33 65
40 34 3
40 35 48
40 36 36
40 37 68
40 38 7
40 39 13
41 0 49
41 1 58
41 2 47
41 3 41
41 4 3
41 5 54
41 6 13
41 7 76
41 8 75
41 9 73
41 10 30
41 11 65
41 12 31
41 13 61
41 14 64
41 15 63
41 16 15
41 17 20
41 18 28
41 19 9
41 20 56
41 21 10
41 22 4
41 23 17
41 24 31
41 25 5
41 26 39
41 27 40
41 28 66
41 29 49
41 30 47
41 31 79
41 32 56
41 33 19
41 34 40
41 35 11
41 36 71
41 37 12
41 38 62
41 39 7
41 40 55
42 0 14
42 1 78
42 2 10
42 3 69
42 4 60
42 5 41
42 6 9
42 7 74
42 8 50
42 9 34
42 10 12
42 11 70
42 12 1
42 13 14
42 14 59
42 15 34
42 16 24
42 17 66
42 18 22
42 19 26
42 20 31
42 21 19
42 22 45
42 23 23
42 24 40
42 25 78
42 26 47
42 27 60
42 28 67
42 29 12
42 30 3
42 31 22
42 32 36
42 33 33
42 34 78
42 35 51
42 36 29
42 37 64
42 38 68
42 39 44
42 40 50
42 41 10
43 0 57
43 1 66
43 2 73
43 3 12
43 4 21
43 5 26
43 6 65
43 7 59
43 8 19
43 9 77
43 10 6
43 11 52
43 12 1
43 13 59
43 14 15
43 15 58
43 16 58
43 17 37
43 18 22
43 19 58
43 20 9
43 21 48
43 22 8
43 23 69
43 24 67
43 25 47
43 26 54
43 27 77
43 28 17
43 29 29
43 30 67
43 31 59
43 32 21
43 33 2
43 34 46
43 35 41
43 36 72
43 37 75
43 38 16
43 39 51
43 40 34
43 41 43
43 42 46
44 0 11
44 1 45
44 2 66
44 3 77
44 4 35
44 5 3
44 6 13
44 7 12
44 8 32
44 9 10
44 10 80
44 11 9
44 12 59
44 13 62
44 14 38
44 15 9
44 16 48
44 17 27
44 18 12
44 19 13
44 20 10
44 21 62
44 22 27
44 23 27
44 24 70
44 25 8
44 26 52
44 27 2
44 28 62
44 29 27
44 30 65
44 31 40
44 32 70
44 33 16
44 34 73
44 35 7
44 36 74
44 37 30
44 38 42
44 39 4
44 40 61
44 41 4
44 42 37
44 43 64
45 0 70
45 1 7
45 2 8
45 3 7
45 4 62
45 5 76
45 6 32
45 7 35
45 8 70
45 9 30
45 10 19
45 11 52
45 12 5
45 13 23
45 14 46
45 15 40
45 16 29
45 17 42
45 18 53
45 19 62
45 20 5
45 21 24
45 22 10
45 23 14
45 24 24
45 25 46
45 26 65
45 27 1
45 28 15
45 29 57
45 30 61
45 31 33
45 32 58
45 33 80
45 34 36
45 35 58
45 36 10
45 37 1
45 38 34
45 39 12
45 40 33
45 41 1
45 42 70
45 43 66
45 44 25
46 0 46
46 1 56
46 2 8
46 3 67
46 4 21
46 5 16
46 6 26
46 7 7
46 8 25
46 9 39
46 10 61
46 11 11
46 12 9
46 13 10
46 14 20
46 15 4
46 16 32
46 17 48
46 18 68
46 19 36
46 20 23
46 21 65
46 22 34
46 23 4
46 24 32
46 25 40
46 26 4
46 27 18
46 28 10
46 29 24
46 30 53
46 31 31
46 32 27
46 33 80
46 34 21
46 35 72
46 36 20
46 37 77
46 38 59
46 39 53
46 40 32
46 41 8
46 42 77
46 43 47
46 44 63
46 45 40
47 0 64
47 1 66
47 2 43
47 3 64
47 4 18
47 5 8
47 6 75
47 7 1
47 8 48
47 9 70
47 10 39
47 11 5
47 12 67
47 13 75
47 14 21
47 15 49
47 16 7
47 17 61
47 18 76
47 19 52
47 20 80
47 21 59
47 22 16
47 23 7
47 24 71
47 25 79
47 26 11
47 27 21
47 28 16
47 29 47
47 30 26
47 31 9
47 32 14
47 33 20
47 34 26
47 35 36
47 36 51
47 37 62
47 38 66
47 39 41
47 40 22
47 41 76
47 42 71
47 43 67
47 44 63
47 45 44
47 46 61
48 0 5
48 1 66
48 2 62
48 3 32
48 4 15
48 5 49
48 6 13
48 7 43
48 8 32
48 9 50
48 10 72
48 11 8
48 12 53
48 13 64
48 14 77
48 15 7
48 16 30
48 17 78
48 18 42
48 19 35
48 20 2
48 21 58
48 22 65
48 23 27
48 24 46
48 25 61
48 26 73
48 27 7
48 28 1
48 29 35
48 30 44
48 31 34
48 32 24
48 33 5
48 34 60
48 35 75
48 36 48
48 37 22
48 38 63
48 39 4
48 40 52
48 41 32
48 42 5
48 43 43
48 44 41
48 45 52
48 46 50
48 47 57
49 0 13
49 1 49
49 2 35
49 3 51
49 4 47
49 5 31
49 6 68
49 7 7
49 8 36
49 9 28
49 10 59
49 11 6
49 12 29
49 13 16
49 14 5
49 15 11
49 16 34
49 17 7
49 18 16
49 19 60
49 20 43
49 21 60
49 22 11
49 23 43
49 24 48
49 25 77
49 26 8
49 27 8
49 28 58
49 29 71
49 30 57
49 31 62
49 32 71
49 33 75
49 34 40
49 35 37
49 36 74
49 37 33
49 38 8
49 39 38
49 40 38
49 41 71
49 42 75
49 43 80
49 44 36
49 45 6
49 46 1
49 47 44
49 48 19
50 0 78
50 1 79
50 2 51
50 3 38
50 4 2
50 5 67
50 6 38
50 7 19
50 8 77
50 9 56
50 10 32
50 11 2
50 12 41
50 13 62
50 14 32
50 15 60
50 16 71
50 17 14
50 18 68
50 19 57
50 20 12
50 21 34
50 22 35
50 23 24
50 24 40
50 25 60
50 26 70
50 27 59
50 28 22
50 29 25
50 30 57
50 31 27
50 32 15
50 33 33
50 34 48
50 35 65
50 36 77
50 37 62
50 38 52
50 39 71
50 40 54
50 41 72
50 42 58
50 43 13
50 44 8
50 45 67
50 46 79
50 47 63
50 48 13
50 49 76
51 0 65
51 1 51
51 2 11
51 3 41
51 4 4
51 5 78
51 6 20
51 7 18
51 8 14
51 9 64
51 10 70
51 11 79
51 12 61
51 13 23
51 14 24
51 15 34
51 16 46
51 17 7
51 18 77
51 19 20
51 20 67
51 21 31
51 22 46
51 23 7
51 24 53
51 25 5
51 26 33
51 27 56
51 28 65
51 29 12
51 30 67
51 31 41
51 32 10
51 33 50
51 34 63
51 35 4
51 36 17
51 37 14
51 38 59
51 39 35
51 40 42
51 41 34
51 42 38
51 43 25
51 44 44
51 45 65
51 46 48
51 47 64
51 48 4
51 49 9
51 50 49
52 0 10
52 1 38
52 2 20
52 3 5
52 4 24
52 5 63
52 6 73
52 7 5
52 8 76
52 9 58
52 10 12
52 11 7
52 12 78
52 13 71
52 14 73
52 15 3
52 16 67
52 17 23
52 18 23
52 19 64
52 20 50
52 21 28
52 22 61
52 23 70
52 24 3
52 25 26
52 26 71
52 27 63
52 28 19
52 29 58
52 30 11
52 31 28
52 32 76
52 33 21
52 34 65
52 35 8
52 36 22
52 37 24
52 38 32
52 39 13
52 40 18
52 41 61
52 42 37
52 43 63
52 44 76
52 45 23
52 46 21
52 47 79
52 48 2
52 49 60
52 50 50
52 51 14
53 0 27
53 1 43
53 2 46
53 3 56
53 4 36
53 5 27
53 6 76
53 7 47
53 8 44
53 9 12
53 10 77
53 11 10
53 12 16
53 13 71
53 14 32
53 15 67
53 16 52
53 17 53
53 18 67
53 19 3
53 20 24
53 21 68
53 22 26
53 23 15
53 24 57
53 25 16
53 26 9
53 27 48
53 28 13
53 29 70
53 30 44
53 31 9
53 32 47
53 33 6
53 34 21
53 35 6
53 36 50
53 37 46
53 38 1
53 39 35
53 40 64
53 41 34
53 42 13
53 43 3
53 44 29
53 45 48
53 46 35
53 47 24
53 48 10
53 49 26
53 50 25
53 51 63
53 52 25
54 0 33
54 1 48
54 2 47
54 3 34
54 4 69
54 5 56
54 6 23
54 7 37
54 8 28
54 9 51
54 10 7
54 11 5
54 12 59
54 13 9
54 14 23
54 15 41
54 16 28
54 17 69
54 18 12
54 19 39
54 20 67
54 21 17
54 22 1
54 23 8
54 24 76
54 25 54
54 26 5
54 27 49
54 28 22
54 29 68
54 30 3
54 31 68
54 32 6
54 33 1
54 34 76
54 35 18
54 36 39
54 37 19
54 38 51
54 39 68
54 40 78
54 41 67
54 42 32
54 43 14
54 44 55
54 45 36
54 46 34
54 47 10
54 48 78
54 49 16
54 50 42
54 51 55
54 52 39
54 53 50
55 0 36
55 1 35
55 2 32
55 3 26
55 4 68
55 5 30
55 6 65
55 7 45
55 8 41
55 9 9
55 10 22
55 11 22
55 12 49
55 13 32
55 14 80
55 15 8
55 16 2
55 17 18
55 18 24
55 19 50
55 20 71
55 21 26
55 22 18
55 23 59
55 24 3
55 25 55
55 26 37
55 27 62
55 28 5
55 29 17
55 30 79
55 31 10
55 32 69
55 33 73
55 34 79
55 35 13
55 36 18
55 37 17
55 38 8
55 39 67
55 40 60
55 41 12
55 42 77
55 43 17
55 44 71
55 45 43
55 46 50
55 47 73
55 48 23
55 49 42
55 50 21
55 51 13
55 52 41
55 53 1
55 54 26
56 0 61
56 1 66
56 2 65
56 3 8
56 4 45
56 5 46
56 6 59
56 7 8
56 8 64
56 9 45
56 10 54
56 11 78
56 12 61
56 13 22
56 14 47
56 15 70
56 16 34
56 17 59
56 18 72
56 19 18
56 20 79
56 21 59
56 22 59
56 23 45
56 24 62
56 25 29
56 26 77
56 27 69
56 28 35
56 29 9
56 30 76
56 31 32
56 32 67
56 33 18
56 34 49
56 35 14
56 36 73
56 37 70
56 38 80
56 39 31
56 40 23
56 41 26
56 42 60
56 43 43
56 44 47
56 45 15
56 46 64
56 47 9
56 48 54
56 49 45
56 50 36
56 51 76
56 52 17
56 53 38
56 54 54
56 55 53
57 0 30
57 1 79
57 2 10
57 3 67
57 4 36
57 5 75
57 6 25
57 7 72
57 8 70
57 9 10
57 10 70
57 11 49
57 12 60
57 13 32
57 14 76
57 15 71
57 16 71
57 17 77
57 18 8
57 19 30
57 20 17
57 21 80
57 22 13
57 23 53
57 24 52
57 25 7
57 26 9
57 27 39
57 28 8
57 29 29
57 30 65
57 31 4
57 32 12
57 33 24
57 34 10
57 35 24
57 36 29
57 37 35
57 38 65
57 39 78
57 40 48
57 41 41
57 42 20
57 43 48
57 44 50
57 45 70
57 46 70
57 47 61
57 48 57
57 49 10
57 50 64
57 51 31
57 52 31
57 53 15
57 54 7
57 55 72
57 56 21
58 0 46
58 1 50
58 2 25
58 3 51
58 4 22
58 5 46
58 6 65
58 7 37
58 8 43
58 9 66
58 10 28
58 11 49
58 12 64
58 13 72
58 14 11
58 15 56
58 16 10
58 17 30
58 18 23
58 19 79
58 20 2
58 21 47
58 22 73
58 23 73
58 24 64
58 25 19
58 26 28
58 27 24
58 28 29
58 29 27
58 30 30
58 31 39
58 32 31
58 33 26
58 34 52
58 35 60
58 36 31
58 37 37
58 38 52
58 39 61
58 40 53
58 41 73
58 42 66
58 43 9
58 44 56
58 45 73
58 46 74
58 47 75
58 48 6
58 49 3
58 50 34
58 51 21
58 52 12
58 53 45
58 54 58
58 55 60
58 56 7
58 57 19
59 0 43
59 1 53
59 2 70
59 3 9
59 4 42
59 5 38
59 6 47
59 7 18
59 8 15
59 9 33
59 10 64
59 11 16
59 12 39
59 13 55
59 14 4
59 15 9
59 16 70
59 17 34
59 18 70
59 19 16
59 20 43
59 21 30
59 22 46
59 23 26
59 24 1
59 25 5
59 26 64
59 27 8
59 28 50
59 29 65
59 30 62
59 31 15
59 32 33
59 33 70
59 34 43
59 35 17
59 36 21
59 37 57
59 38 53
59 39 23
59 40 53
59 41 70
59 42 17
59 43 77
59 44 16
59 45 23
59 46 8
59 47 24
59 48 54
59 49 68
59 50 67
59 51 25
59 52 43
59 53 40
59 54 41
59 55 62
59 56 78
59 57 23
59 58 39
60 0 39
60 1 66
60 2 10
60 3 6
60 4 21
60 5 19
60 6 17
60 7 20
60 8 20
60 9 52
60 10 15
60 11 8
60 12 36
60 13 45
60 14 61
60 15 47
60 16 36
60 17 18
60 18 12
60 19 75
60 20 58
60 21 1
60 22 53
60 23 43
60 24 14
60 25 34
60 26 28
60 27 14
60 28 46
60 29 62
60 30 25
60 31 23
60 32 12
60 33 73
60 34 29
60 35 16
60 36 42
60 37 62
60 38 75
60 39 52
60 40 57
60 41 48
60 42 45
60 43 9
60 44 71
60 45 64
60 46 20
60 47 63
60 48 6
60 49 18
60 50 42
60 51 6
60 52 6
60 53 2
60 54 14
60 55 77
60 56 16
60 57 31
60 58 56
60 59 69
61 0 54
61 1 12
61 2 13
61 3 41
61 4 65
61 5 43
61 6 76
61 7 6
61 8 10
61 9 75
61 10 41
61 11 60
61 12 18
61 13 36
61 14 23
61 15 22
61 16 11
61 17 25
61 18 18
61 19 18
61 20 13
61 21 61
61 22 45
61 23 79
61 24 56
61 25 64
61 26 79
61 27 68
61 28 35
61 29 72
61 30 20
61 31 47
61 32 76
61 33 55
61 34 51
61 35 28
61 36 51
61 37 6
61 38 19
61 39 76
61 40 32
61 41 34
61 42 55
61 43 52
61 44 48
61 45 57
61 46 64
61 47 14
61 48 16
61 49 60
61 50 35
61 51 44
61 52 3
61 53 73
61 54 30
61 55 70
61 56 61
61 57 4
61 58 7
61 59 24
61 60 65
62 0 29
62 1 56
62 2 52
62 3 29
62 4 40
62 5 37
62 6 44
62 7 33
62 8 20
62 9 55
62 10 8
62 11 7
62 12 30
62 13 58
62 14 12
62 15 8
62 16 52
62 17 51
62 18 3
62 19 62
62 20 10
62 21 52
62 22 22
62 23 16
62 24 79
62 25 22
62 26 21
62 27 29
62 28 63
62 29 2
62 30 38
62 31 14
62 32 67
62 33 79
62 34 31
62 35 11
62 36 75
62 37 40
62 38 6
62 39 53
62 40 66
62 41 78
62 42 36
62 43 37
62 44 3
62 45 40
62 46 34
62 47 39
62 48 79
62 49 52
62 50 37
62 51 32
62 52 40
62 53 66
62 54 36
62 55 42
62 56 10
62 57 70
62 58 51
62 59 56
62 60 75
62 61 5
63 0 18
63 1 41
63 2 49
63 3 31
63 4 64
63 5 69
63 6 12
63 7 65
63 8 59
63 9 70
63 10 20
63 11 15
63 12 21
63 13 38
63 14 36
63 15 56
63 16 52
63 17 22
63 18 42
63 19 9
63 20 78
63 21 43
63 22 47
63 23 17
63 24 25
63 25 28
63 26 79
63 27 21
63 28 14
63 29 22
63 30 1
63 31 27
63 32 59
63 33 10
63 34 75
63 35 57
63 36 12
63 37 58
63 38 67
63 39 72
63 40 68
63 41 45
63 42 25
63 43 78
63 44 60
63 45 73
63 46 3
63 47 76
63 48 57
63 49 65
63 50 67
63 51 71
63 52 64
63 53 67
63 54 34
63 55 48
63 56 76
63 57 56
63 58 30
63 59 15
63 60 25
63 61 78
63 62 63
64 0 80
64 1 18
64 2 59
64 3 49
64 4 33
64 5 58
64 6 47
64 7 66
64 8 69
64 9 75
64 10 40
64 11 62
64 12 54
64 13 60
64 14 47
64 15 27
64 16 79
64 17 65
64 18 40
64 19 71
64 20 46
64 21 31
64 22 18
64 23 7
64 24 30
64 25 76
64 26 30
64 27 77
64 28 11
64 29 37
64 30 25
64 31 76
64 32 31
64 33 46
64 34 54
64 35 55
64 36 65
64 37 30
64 38 17
64 39 64
64 40 36
64 41 24
64 42 68
64 43 7
64 44 41
64 45 34
64 46 36
64 47 48
64 48 63
64 49 13
64 50 70
64 51 58
64 52 58
64 53 16
64 54 4
64 55 21
64 56 61
64 57 4
64 58 14
64 59 70
64 60 46
64 61 52
64 62 38
64 63 60
65 0 16
65 1 78
65 2 2
65 3 8
65 4 15
65 5 22
65 6 30
65 7 71
65 8 28
65 9 63
65 10 24
65 11 77
65 12 59
65 13 66
65 14 62
65 15 36
65 16 62
65 17 49
65 18 68
65 19 8
65 20 72
65 21 21
65 22 24
65 23 74
65 24 73
65 25 64
65 26 80
65 27 28
65 28 7
65 29 15
65 30 49
65 31 49
65 32 49
65 33 48
65 34 62
65 35 28
65 36 77
65 37 41
65 38 1
65 39 29
65 40 21
65 41 26
65 42 22
65 43 10
65 44 60
65 45 52
65 46 26
65 47 47
65 48 75
65 49 25
65 50 65
65 51 12
65 52 72
65 53 71
65 54 54
65 55 5
65 56 10
65 57 18
65 58 4
65 59 37
65 60 37
65 61 22
65 62 69
65 63 72
65 64 36
66 0 19
66 1 79
66 2 11
66 3 68
66 4 60
66 5 36
66 6 22
66 7 7
66 8 55
66 9 2
66 10 70
66 11 27
66 12 66
66 13 36
66 14 32
66 15 79
66 16 31
66 17 62
66 18 5
66 19 74
66 20 23
66 21 69
66 22 19
66 23 74
66 24 38
66 25 74
66 26 56
66 27 77
66 28 58
66 29 48
66 30 37
66 31 29
66 32 1
66 33 76
66 34 80
66 35 2
66 36 76
66 37 35
66 38 11
66 39 4
66 40 7
66 41 66
66 42 66
66 43 57
66 44 14
66 45 25
66 46 50
66 47 42
66 48 46
66 49 46
66 50 54
66 51 54
66 52 22
66 53 44
66 54 23
66 55 24
66 56 38
66 57 69
66 58 55
66 59 29
66 60 47
66 61 45
66 62 28
66 63 76
66 64 76
66 65 27
67 0 4
67 1 22
67 2 73
67 3 36
67 4 44
67 5 73
67 6 66
67 7 10
67 8 40
67 9 65
67 10 11
67 11 80
67 12 4
67 13 17
67 14 71
67 15 2
67 16 17
67 17 43
67 18 70
67 19 55
67 20 80
67 21 64
67 22 49
67 23 65
67 24 61
67 25 17
67 26 63
67 27 78
67 28 36
67 29 74
67 30 56
67 31 28
67 32 41
67 33 12
67 34 4
67 35 56
67 36 70
67 37 5
67 38 79
67 39 55
67 40 1
67 41 24
67 42 27
67 43 57
67 44 7
67 45 69
67 46 21
67 47 80
67 48 71
67 49 60
67 50 80
67 51 49
67 52 58
67 53 58
67 54 27
67 55 52
67 56 59
67 57 73
67 58 67
67 59 63
67 60 12
67 61 25
67 62 13
67 63 71
67 64 39
67 65 9
67 66 77
68 0 32
68 1 70
68 2 59
68 3 8
68 4 60
68 5 58
68 6 69
68 7 22
68 8 70
68 9 40
68 10 56
68 11 18
68 12 56
68 13 45
68 14 45
68 15 9
68 16 16
68 17 6
68 18 20
68 19 70
68 20 23
68 21 36
68 22 74
68 23 34
68 24 58
68 25 79
68 26 42
68 27 12
68 28 55
68 29 43
68 30 57
68 31 9
68 32 72
68 33 33
68 34 9
68 35 59
68 36 19
68 37 72
68 38 21
68 39 1
68 40 28
68 41 2
68 42 34
68 43 44
68 44 58
68 45 33
68 46 30
68 47 70
68 48 1
68 49 42
68 50 50
68 51 67
68 52 71
68 53 40
68 54 72
68 55 9
68 56 43
68 57 27
68 58 48
68 59 5
68 60 42
68 61 30
68 62 59
68 63 43
68 64 62
68 65 2
68 66 43
68 67 17
69 0 64
69 1 29
69 2 46
69 3 63
69 4 44
69 5 5
69 6 34
69 7 73
69 8 21
69 9 50
69 10 70
69 11 64
69 12 38
69 13 12
69 14 24
69 15 73
69 16 76
69 17 67
69 18 65
69 19 78
69 20 8
69 21 1
69 22 26
69 23 41
69 24 24
69 25 42
69 26 29
69 27 32
69 28 5
69 29 55
69 30 47
69 31 21
69 32 8
69 33 13
69 34 21
69 35 55
69 36 47
69 37 21
69 38 72
69 39 43
69 40 19
69 41 76
69 42 21
69 43 73
69 44 1
69 45 16
69 46 5
69 47 41
69 48 42
69 49 40
69 50 15
69 51 24
69 52 47
69 53 76
69 54 27
69 55 80
69 56 19
69 57 75
69 58 24
69 59 60
69 60 31
69 61 30
69 62 27
69 63 50
69 64 70
69 65 14
69 66 32
69 67 24
69 68 40
