70
1 0 6
2 0 12
3 1 12
4 1 9
5 2 5
6 0 18
6 2 7
6 4 19
7 0 1
7 4 19
7 5 5
7 6 15
8 1 5
8 2 13
8 5 8
9 0 13
9 4 6
9 7 19
10 0 16
10 2 10
10 6 18
10 9 7
11 2 5
11 6 7
11 7 15
11 9 14
12 1 18
12 2 8
12 3 2
12 4 15
12 7 20
12 8 13
13 0 17
13 6 2
13 8 12
13 10 17
14 2 6
14 4 13
14 7 2
14 9 13
14 11 18
14 13 16
15 0 13
15 1 18
15 4 20
15 5 17
16 1 9
16 3 4
16 5 12
16 6 7
16 10 2
16 11 12
16 12 3
16 14 6
17 1 10
17 3 11
17 8 17
17 10 20
17 11 10
17 12 18
17 14 7
17 16 1
18 0 11
18 3 2
18 5 17
18 6 14
18 8 11
18 9 20
18 10 12
18 12 19
18 13 5
18 15 9
18 17 10
19 1 10
19 2 15
19 3 14
19 5 16
19 6 16
19 10 18
19 13 10
19 14 19
19 15 14
19 16 4
19 18 20
20 0 6
20 1 6
20 3 17
20 11 9
20 12 20
20 14 4
21 1 17
21 3 12
21 4 6
21 5 16
21 6 6
21 11 3
21 12 13
21 13 14
21 15 11
21 17 4
21 18 9
22 0 2
22 4 11
22 5 12
22 13 2
22 19 10
22 20 12
23 1 19
23 5 6
23 9 17
23 14 16
23 15 10
23 21 16
24 0 12
24 2 13
24 3 10
24 7 2
24 8 14
24 12 20
24 14 2
24 17 5
24 21 18
24 22 14
25 1 7
25 7 6
25 12 16
25 14 11
25 17 10
25 18 15
25 24 12
26 0 18
26 5 20
26 6 8
26 7 6
26 8 1
26 13 15
26 17 5
26 21 17
26 23 13
26 24 7
26 25 18
27 1 17
27 2 12
27 4 14
27 5 8
27 7 13
27 11 5
27 13 16
27 14 2
27 15 17
27 17 17
27 24 4
28 1 15
28 2 5
28 3 6
28 9 5
28 10 1
28 17 10
28 20 8
28 23 10
28 24 19
28 25 12
28 27 4
29 0 4
29 2 20
29 6 4
29 8 6
29 9 13
29 11 14
29 15 10
29 16 13
29 17 18
29 21 17
29 23 13
29 27 2
29 28 5
30 0 16
30 1 17
30 5 11
30 9 6
30 12 1
30 14 15
30 16 16
30 17 16
30 21 12
30 22 15
30 23 3
30 29 1
31 2 16
31 4 12
31 5 2
31 6 9
31 11 14
31 13 15
31 14 3
31 16 7
31 18 7
31 20 11
31 28 8
32 2 20
32 6 13
32 8 7
32 14 19
32 15 20
32 17 6
32 20 5
32 21 19
32 23 6
32 24 2
33 1 11
33 2 13
33 3 19
33 6 14
33 8 1
33 10 5
33 12 8
33 14 1
33 15 11
33 17 20
33 18 14
33 20 11
33 22 9
33 24 6
33 25 1
33 27 20
33 29 20
33 30 19
33 31 18
33 32 17
34 1 7
34 4 13
34 6 19
34 11 8
34 12 16
34 15 6
34 16 1
34 18 5
34 20 8
34 21 19
34 22 17
34 24 5
34 25 1
34 33 20
35 0 7
35 5 8
35 7 1
35 11 9
35 13 15
35 17 2
35 18 2
35 20 6
35 22 12
35 24 8
35 26 15
35 30 8
36 4 11
36 6 6
36 7 6
36 9 20
36 10 20
36 12 2
36 16 17
36 17 5
36 25 9
36 31 20
36 33 4
36 34 11
36 35 11
37 3 2
37 6 9
37 7 10
37 10 8
37 13 19
37 14 8
37 17 8
37 21 6
37 22 20
37 23 6
37 27 11
37 28 18
37 31 3
37 35 17
38 5 15
38 9 15
38 10 10
38 12 19
38 13 7
38 14 7
38 16 3
38 22 15
38 24 13
38 25 8
38 26 14
38 35 9
38 36 2
38 37 4
39 2 2
39 5 3
39 17 20
39 18 9
39 20 13
39 22 4
39 24 16
39 25 4
39 31 19
39 36 19
40 1 5
40 9 3
40 10 9
40 13 2
40 15 12
40 17 13
40 20 11
40 22 11
40 23 18
40 24 19
40 26 1
40 27 7
40 29 14
40 31 10
40 33 18
40 34 9
40 35 1
40 37 12
40 39 18
41 0 16
41 1 15
41 2 2
41 3 20
41 5 20
41 9 14
41 11 5
41 12 19
41 13 6
41 15 6
41 16 3
41 17 5
41 25 11
41 30 11
41 33 16
41 35 5
41 36 19
42 3 8
42 6 11
42 7 20
42 9 14
42 11 16
42 12 4
42 16 1
42 17 2
42 20 1
42 23 20
42 27 16
42 29 20
42 30 11
42 37 16
42 38 2
43 0 11
43 3 8
43 6 14
43 10 2
43 12 13
43 14 2
43 17 20
43 19 3
43 23 7
43 25 1
43 30 18
43 31 14
43 34 2
43 36 10
43 38 17
44 0 19
44 5 12
44 7 20
44 8 15
44 9 19
44 21 7
44 22 14
44 25 6
44 27 15
44 30 8
44 33 19
44 34 3
44 37 9
44 41 7
44 42 16
44 43 16
45 4 7
45 7 19
45 11 13
45 12 2
45 14 5
45 17 11
45 21 10
45 23 5
45 28 13
45 29 13
45 30 20
45 34 18
45 38 3
45 42 7
45 43 20
46 2 18
46 4 1
46 6 12
46 7 3
46 9 1
46 11 18
46 12 2
46 13 2
46 21 10
46 23 13
46 27 6
46 32 2
46 35 12
46 39 12
46 40 10
46 41 5
46 43 10
47 0 3
47 4 7
47 5 17
47 7 5
47 11 13
47 12 6
47 18 14
47 19 3
47 21 4
47 28 5
47 29 1
47 33 13
47 35 20
47 37 3
47 40 18
47 42 1
47 43 17
47 44 3
47 45 14
47 46 11
48 3 13
48 4 13
48 11 2
48 12 13
48 13 16
48 18 17
48 22 12
48 23 13
48 25 8
48 31 14
48 32 10
48 34 20
48 46 13
49 1 15
49 2 3
49 4 11
49 6 9
49 9 20
49 11 16
49 12 12
49 13 14
49 15 13
49 17 9
49 19 19
49 21 7
49 24 12
49 25 7
49 26 19
49 27 17
49 29 6
49 30 4
49 40 9
49 41 15
49 43 20
50 1 20
50 2 1
50 4 16
50 7 11
50 12 14
50 14 12
50 16 5
50 18 2
50 22 8
50 26 9
50 27 5
50 28 11
50 32 6
50 34 1
50 35 17
50 37 11
50 38 20
50 42 10
50 44 19
50 47 17
51 1 7
51 5 10
51 6 14
51 8 6
51 13 1
51 15 15
51 19 9
51 20 17
51 21 9
51 22 11
51 23 10
51 25 4
51 26 10
51 29 1
51 31 19
51 32 14
51 34 7
51 36 4
51 39 12
51 43 10
51 46 20
51 47 4
51 48 12
52 0 19
52 2 5
52 8 20
52 9 6
52 10 4
52 11 10
52 14 4
52 15 18
52 17 17
52 18 17
52 21 14
52 25 14
52 26 18
52 27 4
52 29 14
52 31 14
52 34 13
52 35 12
52 37 10
52 38 14
52 39 19
52 40 8
52 41 19
52 44 14
52 49 19
53 0 7
53 6 19
53 7 6
53 9 11
53 10 7
53 13 5
53 16 8
53 17 4
53 18 4
53 19 11
53 26 7
53 28 4
53 29 6
53 33 15
53 34 16
53 35 1
53 37 14
53 38 16
53 39 20
53 40 4
53 43 1
53 45 10
53 46 11
53 47 7
53 49 20
53 50 1
54 3 8
54 5 2
54 7 17
54 11 12
54 14 16
54 15 3
54 21 11
54 24 9
54 25 6
54 28 1
54 29 8
54 33 7
54 34 4
54 37 18
54 39 3
54 40 19
54 45 13
54 47 10
54 48 13
54 49 15
54 52 14
55 0 6
55 1 15
55 4 19
55 7 5
55 8 3
55 9 9
55 10 11
55 16 4
55 17 18
55 18 14
55 19 16
55 22 11
55 30 10
55 36 10
55 38 15
55 44 13
55 45 4
55 48 6
55 50 12
55 54 6
56 7 4
56 9 11
56 11 6
56 12 2
56 16 4
56 17 15
56 27 8
56 30 17
56 34 8
56 38 11
56 40 1
56 41 18
56 42 15
56 43 8
56 45 2
56 46 18
56 48 20
56 50 3
56 52 12
56 53 11
56 54 3
57 0 6
57 3 11
57 4 14
57 5 6
57 6 18
57 7 10
57 9 7
57 13 3
57 18 16
57 22 10
57 23 2
57 25 19
57 26 9
57 29 14
57 30 12
57 32 11
57 35 5
57 38 13
57 39 8
57 40 9
57 42 13
57 44 18
57 45 15
57 46 12
57 47 8
57 48 13
57 55 19
57 56 14
58 0 20
58 1 13
58 5 20
58 6 1
58 7 13
58 9 11
58 12 1
58 13 19
58 14 20
58 15 16
58 18 1
58 19 10
58 21 10
58 22 19
58 25 13
58 27 8
58 29 3
58 30 10
58 33 1
58 35 3
58 38 3
58 45 13
58 46 7
58 50 1
58 51 15
58 56 19
59 0 12
59 1 16
59 3 8
59 4 7
59 5 19
59 8 9
59 9 17
59 12 15
59 13 20
59 14 5
59 18 18
59 22 7
59 23 7
59 25 11
59 26 18
59 27 14
59 28 20
59 29 1
59 36 13
59 38 10
59 40 11
59 41 9
59 44 17
59 47 16
59 48 19
59 50 6
59 52 8
59 55 15
59 57 14
60 0 13
60 2 3
60 3 18
60 4 9
60 7 20
60 9 20
60 11 5
60 12 12
60 19 4
60 20 15
60 23 8
60 29 10
60 31 12
60 32 18
60 39 11
60 43 4
60 44 16
60 45 16
60 47 20
60 54 12
60 55 14
60 58 11
61 0 11
61 1 5
61 3 2
61 7 14
61 12 1
61 18 12
61 24 9
61 27 13
61 28 10
61 30 20
61 32 4
61 35 4
61 37 12
61 39 14
61 43 12
61 45 3
61 46 7
61 48 4
61 50 11
61 55 19
61 57 18
62 0 12
62 3 16
62 4 4
62 5 9
62 6 11
62 9 2
62 12 3
62 14 9
62 15 8
62 16 18
62 17 4
62 18 10
62 20 12
62 22 11
62 24 3
62 26 4
62 27 2
62 29 3
62 30 7
62 34 14
62 38 18
62 41 17
62 44 1
62 45 9
62 46 16
62 49 11
62 53 1
62 54 2
62 58 12
63 1 19
63 2 18
63 3 7
63 4 11
63 7 6
63 8 8
63 11 8
63 12 9
63 15 19
63 16 4
63 18 20
63 22 8
63 26 4
63 30 18
63 31 16
63 36 18
63 41 10
63 44 11
63 45 10
63 51 3
63 52 12
63 54 10
63 56 16
63 58 8
64 2 15
64 5 13
64 10 20
64 11 17
64 12 2
64 13 1
64 15 8
64 16 17
64 17 19
64 18 7
64 19 12
64 21 11
64 22 5
64 23 17
64 28 17
64 29 8
64 31 17
64 32 10
64 33 10
64 34 2
64 40 17
64 42 9
64 47 13
64 48 13
64 50 18
64 53 14
64 55 11
64 56 15
64 61 12
64 62 9
65 1 5
65 2 17
65 5 16
65 6 3
65 7 7
65 8 6
65 10 1
65 11 15
65 17 6
65 18 6
65 21 4
65 27 12
65 28 13
65 33 14
65 37 13
65 38 2
65 42 18
65 43 12
65 46 2
65 47 2
65 49 13
65 50 18
65 56 5
65 57 13
65 58 10
65 61 19
65 63 6
65 64 3
66 1 6
66 4 14
66 8 11
66 9 7
66 14 14
66 15 16
66 18 8
66 21 19
66 23 7
66 27 16
66 29 17
66 31 20
66 33 5
66 34 10
66 35 18
66 37 11
66 38 7
66 39 4
66 41 18
66 49 12
66 58 13
66 64 10
66 65 4
67 0 10
67 1 7
67 3 14
67 5 10
67 6 16
67 7 15
67 9 13
67 11 10
67 12 2
67 13 20
67 16 10
67 18 20
67 20 4
67 22 16
67 23 10
67 26 5
67 27 2
67 31 4
67 33 20
67 36 19
67 37 10
67 39 17
67 42 6
67 44 8
67 47 12
67 49 2
67 51 19
67 55 3
67 57 15
67 58 9
67 62 6
68 1 9
68 2 11
68 5 2
68 6 18
68 9 20
68 12 2
68 14 12
68 18 6
68 20 1
68 22 4
68 29 4
68 30 13
68 33 15
68 34 15
68 37 5
68 38 10
68 39 4
68 40 17
68 42 14
68 44 7
68 53 4
68 57 11
68 59 20
68 61 2
68 62 16
68 66 11
69 0 4
69 1 12
69 3 2
69 6 5
69 10 11
69 11 19
69 13 13
69 15 7
69 17 4
69 18 18
69 21 14
69 22 10
69 23 20
69 24 5
69 26 2
69 37 18
69 38 5
69 39 5
69 41 1
69 42 8
69 43 17
69 44 7
69 47 18
69 50 19
69 52 6
69 53 5
69 55 7
69 58 17
69 59 7
69 60 12
69 63 11
69 67 19
69 68 7
