50
3 0 68
4 2 66
4 3 22
5 0 6
5 1 18
5 3 65
6 0 124
6 1 152
6 3 137
6 4 32
7 0 59
7 2 32
7 6 104
8 0 103
8 2 19
8 3 138
8 4 45
8 5 25
8 6 139
9 0 54
9 1 52
9 2 10
9 3 15
9 5 65
9 6 70
9 8 41
10 0 130
10 2 18
10 5 29
10 6 48
10 7 152
11 0 26
11 3 113
11 5 63
11 8 12
11 9 108
11 10 140
12 0 125
12 1 43
12 3 80
12 4 71
12 5 106
12 6 83
12 7 42
12 8 151
12 10 4
12 11 63
13 0 118
13 3 135
13 4 114
13 5 120
13 6 49
13 8 130
13 9 45
13 10 23
13 11 90
14 2 17
14 4 42
14 5 154
14 6 144
14 7 21
14 9 130
14 11 128
14 12 55
14 13 124
15 1 157
15 2 25
15 4 112
15 5 103
15 6 130
15 7 100
15 8 149
15 9 112
15 11 7
15 12 46
16 0 44
16 1 57
16 3 139
16 4 13
16 5 2
16 6 120
16 9 114
16 11 82
16 12 108
16 15 1
17 0 152
17 3 25
17 4 73
17 6 44
17 7 100
17 9 134
17 13 2
17 16 58
18 0 12
18 3 139
18 4 88
18 5 6
18 6 4
18 11 72
18 12 11
18 14 97
18 17 10
19 4 96
19 7 109
19 8 2
19 10 118
19 11 87
19 12 138
19 13 69
19 15 53
19 17 19
19 18 157
20 2 80
20 4 101
20 5 50
20 6 74
20 7 17
20 10 24
20 11 28
20 12 125
20 13 63
20 14 65
20 16 68
20 17 26
20 18 49
21 0 39
21 1 7
21 3 16
21 4 143
21 5 24
21 6 145
21 7 35
21 9 1
21 10 92
21 11 53
21 12 142
21 15 36
21 17 58
21 18 27
21 19 113
22 1 74
22 3 12
22 4 68
22 6 43
22 7 26
22 8 33
22 9 27
22 10 137
22 13 50
22 14 106
22 16 71
22 19 72
22 20 100
23 2 130
23 5 123
23 6 62
23 7 158
23 9 36
23 10 140
23 13 6
23 18 150
23 19 46
23 20 29
23 21 135
23 22 151
24 0 68
24 2 44
24 3 139
24 4 114
24 8 89
24 10 19
24 11 150
24 13 135
24 14 87
24 17 19
24 18 74
24 20 22
24 21 135
24 22 92
24 23 56
25 0 62
25 1 132
25 2 19
25 3 158
25 6 144
25 7 99
25 9 46
25 10 113
25 11 77
25 12 155
25 14 77
25 16 122
25 19 152
25 20 67
25 23 49
25 24 34
26 0 19
26 2 122
26 4 72
26 5 134
26 7 2
26 11 24
26 12 156
26 13 6
26 14 86
26 15 133
26 16 47
26 17 30
26 21 74
26 24 56
26 25 140
27 0 109
27 1 15
27 3 152
27 4 30
27 5 136
27 6 118
27 7 42
27 9 125
27 10 46
27 12 154
27 13 8
27 15 65
27 16 148
27 17 80
27 18 110
27 19 6
27 20 16
27 22 43
27 23 32
27 25 46
27 26 146
28 1 96
28 2 90
28 3 156
28 4 10
28 6 143
28 7 80
28 8 32
28 9 65
28 10 74
28 11 79
28 15 83
28 18 158
28 19 66
28 20 23
28 21 42
28 22 93
28 24 35
28 26 123
28 27 13
29 3 51
29 4 110
29 5 102
29 9 96
29 10 55
29 11 117
29 12 30
29 13 11
29 15 61
29 20 153
29 21 52
29 22 33
29 23 44
29 24 22
29 25 109
29 26 125
29 27 118
30 0 80
30 3 96
30 4 101
30 5 57
30 7 145
30 9 125
30 11 75
30 12 153
30 13 58
30 14 151
30 15 3
30 19 33
30 20 62
30 21 147
30 24 23
30 25 96
30 26 153
30 29 124
31 0 102
31 1 126
31 3 133
31 4 105
31 7 76
31 9 97
31 10 40
31 11 149
31 14 100
31 15 26
31 16 122
31 18 118
31 22 97
31 23 124
31 24 125
31 25 84
31 26 10
31 29 120
31 30 83
32 1 137
32 2 154
32 3 65
32 5 81
32 7 40
32 8 52
32 9 145
32 10 138
32 12 133
32 13 126
32 14 45
32 15 79
32 16 39
32 17 143
32 18 147
32 19 131
32 22 98
32 23 27
32 24 160
32 25 159
32 29 144
32 30 85
32 31 63
33 2 123
33 3 85
33 5 110
33 6 1
33 8 17
33 9 148
33 10 30
33 11 132
33 12 136
33 14 9
33 15 24
33 16 127
33 17 156
33 19 5
33 20 47
33 22 160
33 24 64
33 27 23
33 28 37
33 29 104
33 30 4
33 32 113
34 0 20
34 2 3
34 6 60
34 7 30
34 9 155
34 10 41
34 12 77
34 13 128
34 14 34
34 19 29
34 24 16
34 25 18
34 26 142
34 30 26
34 32 147
35 0 152
35 1 49
35 3 17
35 5 97
35 6 77
35 7 108
35 8 91
35 9 69
35 11 145
35 12 31
35 13 126
35 14 70
35 15 143
35 16 17
35 17 126
35 20 64
35 21 101
35 23 71
35 25 73
35 26 77
35 29 103
35 30 98
35 32 106
35 33 92
35 34 100
36 0 71
36 1 110
36 2 103
36 5 48
36 8 142
36 9 104
36 10 118
36 11 68
36 13 159
36 17 10
36 20 114
36 21 92
36 22 87
36 27 143
36 28 42
36 30 55
36 34 107
37 3 73
37 4 30
37 5 19
37 8 37
37 9 10
37 12 157
37 17 159
37 19 8
37 20 90
37 23 44
37 26 19
37 31 145
37 32 119
37 33 160
37 34 152
37 35 59
37 36 146
38 1 140
38 3 81
38 4 13
38 5 12
38 7 82
38 8 74
38 9 51
38 10 66
38 12 91
38 13 79
38 14 147
38 15 90
38 16 160
38 18 9
38 19 140
38 20 73
38 22 142
38 24 52
38 26 73
38 27 22
38 29 132
38 30 159
38 31 70
38 34 60
39 2 143
39 3 59
39 5 11
39 7 109
39 8 146
39 10 116
39 11 123
39 12 88
39 13 6
39 15 158
39 16 38
39 17 116
39 19 71
39 21 47
39 22 118
39 24 106
39 26 63
39 27 110
39 29 55
39 30 60
39 36 37
39 37 45
40 0 6
40 3 88
40 4 46
40 6 119
40 8 102
40 9 130
40 11 33
40 14 18
40 15 145
40 16 65
40 18 12
40 19 82
40 21 72
40 22 18
40 24 71
40 25 137
40 27 75
40 28 119
40 29 97
40 30 126
40 31 57
40 32 2
40 33 43
40 34 87
40 36 127
40 37 96
40 39 97
41 0 50
41 1 72
41 2 151
41 4 152
41 5 71
41 6 139
41 7 19
41 8 14
41 9 53
41 11 143
41 12 158
41 13 76
41 14 82
41 18 57
41 19 65
41 20 147
41 21 46
41 22 44
41 23 133
41 25 71
41 27 5
41 29 70
41 30 32
41 31 149
41 32 117
41 34 27
41 36 151
41 38 104
41 40 70
42 0 29
42 1 110
42 3 38
42 4 75
42 5 73
42 7 84
42 8 56
42 9 139
42 10 131
42 11 8
42 16 127
42 17 152
42 18 43
42 20 124
42 21 99
42 22 19
42 23 131
42 25 104
42 27 78
42 28 50
42 29 62
42 30 83
42 31 52
42 32 30
42 33 25
42 34 102
42 36 119
42 37 123
42 39 104
42 40 6
43 0 112
43 1 69
43 2 126
43 5 12
43 6 66
43 8 70
43 9 11
43 12 44
43 15 99
43 16 96
43 18 28
43 19 29
43 20 23
43 21 9
43 22 105
43 23 106
43 24 86
43 25 17
43 27 77
43 30 115
43 31 147
43 32 146
43 33 30
43 34 57
43 35 146
43 36 58
43 41 62
44 0 38
44 2 32
44 6 138
44 8 153
44 9 7
44 10 66
44 11 68
44 12 151
44 13 15
44 15 115
44 16 147
44 17 109
44 18 160
44 19 133
44 20 22
44 22 5
44 24 34
44 27 160
44 28 50
44 29 23
44 30 148
44 33 155
44 37 125
44 40 48
44 41 3
44 42 91
45 1 134
45 3 134
45 4 78
45 6 37
45 7 75
45 8 89
45 9 28
45 11 124
45 14 4
45 16 114
45 17 86
45 19 148
45 23 27
45 24 68
45 27 49
45 29 145
45 30 132
45 31 136
45 32 81
45 34 37
45 36 37
45 37 102
45 38 33
45 41 148
45 42 107
45 43 86
46 3 154
46 6 89
46 10 137
46 11 26
46 14 5
46 15 45
46 16 91
46 17 160
46 20 63
46 21 141
46 23 61
46 25 124
46 26 67
46 27 5
46 28 102
46 29 71
46 30 44
46 32 132
46 33 125
46 34 21
46 35 123
46 38 130
46 39 146
46 40 38
46 44 53
46 45 103
47 3 53
47 4 143
47 6 115
47 7 33
47 8 119
47 11 44
47 12 141
47 13 85
47 14 155
47 15 9
47 17 32
47 18 56
47 19 90
47 20 99
47 22 62
47 23 14
47 24 99
47 25 35
47 26 54
47 28 138
47 31 141
47 32 13
47 33 97
47 34 103
47 37 24
47 39 40
47 40 112
47 41 123
47 42 5
47 46 62
48 0 63
48 1 18
48 3 87
48 4 157
48 5 156
48 6 84
48 7 76
48 8 154
48 12 39
48 14 157
48 15 33
48 16 141
48 17 47
48 20 8
48 22 10
48 24 152
48 27 132
48 29 61
48 33 6
48 34 43
48 35 98
48 37 84
48 39 139
48 40 52
48 41 30
48 43 27
48 45 38
48 47 7
49 0 4
49 1 55
49 2 53
49 3 134
49 4 11
49 5 99
49 6 7
49 8 26
49 10 33
49 11 29
49 12 48
49 13 14
49 14 14
49 15 41
49 16 44
49 18 20
49 21 20
49 22 71
49 23 145
49 25 58
49 28 85
49 29 147
49 30 140
49 35 86
49 37 47
49 38 103
49 40 82
49 42 9
49 43 32
49 47 124
