40
3 0 133
3 1 54
4 1 2
4 2 2
5 3 96
5 4 33
6 1 14
6 2 45
6 4 84
6 5 49
7 1 54
7 4 57
8 0 44
8 4 100
9 0 56
9 7 146
10 1 148
10 2 154
10 3 8
10 7 51
11 0 45
11 1 66
11 2 125
11 7 61
11 8 120
12 1 117
12 5 31
12 10 82
13 0 27
13 3 153
13 4 28
13 5 125
13 7 35
13 8 99
13 10 10
13 11 37
13 12 129
14 0 45
14 1 52
14 2 24
14 3 69
14 4 51
14 5 16
14 7 34
14 8 117
14 9 19
14 13 34
15 1 70
15 3 64
15 6 1
15 7 42
15 10 53
16 0 146
16 4 112
16 9 127
16 13 134
16 14 41
16 15 158
17 0 140
17 4 42
17 6 10
17 8 115
17 11 109
17 13 20
17 15 115
17 16 62
18 1 62
18 2 140
18 4 49
18 7 136
18 15 120
18 17 26
19 3 22
19 6 119
19 9 113
19 10 159
19 13 90
19 17 111
19 18 152
20 1 6
20 5 127
20 7 60
20 8 103
20 10 81
20 12 145
20 16 94
20 17 139
20 19 117
21 0 40
21 3 6
21 9 67
21 10 121
21 11 128
21 12 37
21 13 86
21 14 146
21 16 55
21 17 62
21 18 148
21 19 123
22 2 57
22 3 158
22 4 16
22 5 31
22 7 44
22 10 42
22 16 49
23 0 107
23 1 27
23 3 15
23 5 51
23 12 96
23 16 95
23 17 134
23 18 136
23 21 20
24 1 45
24 3 43
24 11 52
24 12 31
24 13 145
24 19 44
24 22 94
25 2 120
25 3 111
25 4 106
25 6 24
25 7 128
25 8 93
25 9 106
25 19 155
25 20 59
25 24 5
26 1 37
26 2 115
26 3 19
26 4 94
26 6 131
26 10 128
26 12 154
26 15 106
26 17 2
26 18 55
26 21 32
26 22 131
26 25 1
27 1 67
27 3 72
27 5 132
27 14 67
27 15 102
27 16 134
27 20 107
27 26 46
28 3 127
28 6 114
28 10 26
28 15 92
28 17 16
28 19 135
28 24 34
28 25 10
28 26 42
28 27 31
29 2 46
29 3 54
29 5 122
29 7 71
29 14 157
29 19 13
29 21 106
30 4 34
30 6 120
30 12 60
30 13 135
30 14 100
30 15 40
30 22 111
30 24 16
30 26 98
30 27 148
31 1 64
31 7 49
31 9 119
31 12 49
31 14 110
31 17 25
31 21 77
31 22 93
31 25 49
31 26 15
32 1 70
32 4 123
32 7 65
32 8 136
32 13 81
32 18 39
32 20 6
32 23 94
32 25 86
32 28 14
33 1 15
33 7 116
33 8 49
33 9 6
33 11 7
33 14 85
33 15 106
33 19 70
33 21 128
33 25 75
33 28 36
33 29 135
33 30 65
33 31 149
33 32 157
34 0 152
34 1 20
34 2 64
34 5 56
34 8 86
34 9 129
34 12 120
34 13 104
34 14 147
34 15 1
34 17 50
34 19 63
34 20 100
34 21 63
34 23 145
34 24 97
34 26 7
34 27 70
34 30 32
34 32 107
35 0 91
35 1 68
35 3 158
35 5 70
35 6 40
35 7 29
35 9 94
35 10 81
35 11 25
35 13 139
35 14 81
35 15 147
35 18 121
35 19 118
35 24 67
35 25 92
35 32 149
35 33 108
36 2 24
36 3 128
36 6 149
36 7 39
36 8 26
36 9 53
36 10 47
36 12 62
36 14 136
36 15 126
36 16 111
36 17 13
36 21 42
36 22 141
36 25 75
36 32 7
36 33 54
36 34 79
36 35 98
37 2 81
37 3 142
37 4 101
37 5 146
37 6 51
37 8 121
37 13 110
37 19 17
37 20 124
37 21 44
37 22 30
37 23 6
37 24 135
37 25 24
37 28 16
37 33 74
37 34 42
37 35 117
37 36 50
38 3 24
38 5 76
38 9 121
38 11 7
38 14 116
38 17 151
38 21 42
38 22 107
38 27 78
38 30 94
38 32 28
38 37 127
39 1 41
39 2 125
39 4 130
39 7 60
39 8 28
39 10 20
39 12 44
39 13 2
39 17 89
39 21 72
39 22 50
39 23 121
39 24 4
39 26 45
39 28 81
39 29 4
39 34 152
39 35 93
39 36 50
