70
3 1 58
5 2 47
6 2 67
7 1 50
7 3 40
7 4 45
8 3 13
8 4 53
8 6 75
8 7 73
10 1 47
10 7 42
11 10 35
12 4 17
12 9 41
13 6 44
13 7 63
13 10 54
14 3 61
14 6 25
14 7 74
14 9 36
14 10 38
15 5 10
15 10 50
16 12 35
16 13 68
17 4 27
17 8 22
17 15 2
17 16 38
18 2 12
18 3 2
18 9 78
18 10 2
18 11 34
18 16 73
19 3 50
19 18 3
20 2 50
20 3 47
20 5 28
20 9 12
20 14 52
21 1 3
21 4 33
21 7 57
21 13 11
21 19 26
22 1 23
22 4 79
22 13 22
23 10 56
23 18 55
23 22 51
24 6 9
24 14 70
24 22 5
25 6 52
25 19 25
26 2 38
26 6 38
26 7 54
26 9 58
26 12 7
26 17 6
26 21 11
26 25 19
27 0 21
27 10 51
27 11 17
27 23 18
27 25 3
28 4 39
28 10 63
28 12 54
28 15 48
28 20 55
28 26 50
29 0 25
29 2 14
29 16 33
29 27 34
29 28 67
30 5 10
30 7 10
30 9 43
30 18 5
30 25 12
30 26 53
31 0 3
31 2 20
31 6 33
31 10 80
31 25 39
32 6 11
32 9 28
32 11 4
32 29 62
32 30 47
33 0 35
33 9 58
33 26 59
34 0 50
34 5 26
34 7 9
34 9 34
34 12 63
34 15 45
34 16 11
34 22 75
34 24 39
34 27 62
34 29 39
34 33 68
35 7 62
35 8 77
35 10 23
35 19 23
35 20 18
35 32 3
35 34 64
36 2 76
36 4 3
36 7 4
36 9 59
36 10 6
36 12 68
36 21 74
36 22 69
36 24 15
36 33 78
36 35 31
37 10 9
37 12 10
37 13 48
37 15 75
37 19 79
37 23 57
37 35 74
37 36 79
38 0 13
38 1 72
38 5 55
38 16 31
38 21 14
38 31 43
38 33 20
38 36 45
38 37 7
39 8 58
39 17 51
39 22 8
39 24 32
40 0 4
40 2 73
40 4 25
40 9 18
40 13 31
40 24 62
40 30 1
40 33 6
40 35 70
40 36 37
41 15 37
41 16 74
41 22 47
41 29 3
41 31 22
41 38 60
41 39 75
42 0 19
42 1 4
42 2 20
42 3 65
42 18 10
42 21 30
42 32 71
42 34 6
42 39 1
43 0 18
43 7 47
43 9 53
43 10 65
43 14 33
43 20 72
43 23 79
43 24 31
43 30 12
43 31 26
43 36 25
43 38 37
43 39 52
44 7 9
44 9 58
44 17 76
44 19 67
44 20 17
44 21 55
44 25 77
45 0 17
45 3 65
45 16 16
45 21 2
45 23 66
45 24 15
45 26 74
45 31 25
45 32 4
45 33 32
45 42 40
45 43 28
46 1 8
46 5 77
46 8 3
46 13 31
46 17 75
46 25 29
46 26 12
46 33 30
47 1 28
47 4 79
47 5 75
47 9 57
47 14 40
47 17 16
47 30 8
47 34 31
47 42 20
48 3 20
48 8 7
48 15 79
48 22 42
48 23 77
48 29 3
48 30 34
48 33 44
48 37 44
49 2 71
49 3 41
49 7 72
49 15 68
49 18 73
49 21 10
49 25 45
49 26 19
49 27 23
49 28 33
49 29 63
49 35 19
49 37 47
49 42 63
49 47 5
50 7 37
50 9 6
50 15 28
50 18 56
50 20 33
50 22 19
50 28 68
50 29 61
50 30 74
50 31 23
51 3 37
51 21 53
51 28 42
51 30 74
51 33 14
51 41 17
51 45 29
51 50 54
52 19 58
52 20 62
52 33 70
52 36 78
52 40 38
52 45 44
53 0 47
53 1 16
53 2 48
53 4 54
53 7 38
53 8 43
53 10 37
53 13 63
53 24 10
53 29 3
53 43 79
53 45 38
54 10 68
54 12 72
54 17 18
54 31 26
54 36 57
54 39 69
54 40 17
54 41 23
54 43 11
54 49 16
54 50 26
55 9 2
55 10 1
55 14 60
55 16 47
55 23 33
55 24 9
55 28 52
55 32 56
55 34 33
55 40 48
55 42 73
55 46 23
56 6 48
56 18 76
56 24 56
56 25 22
56 29 32
56 31 39
56 39 3
56 41 34
56 42 11
56 46 77
56 49 50
56 55 46
57 1 3
57 12 24
57 25 25
57 33 25
57 37 21
57 38 46
57 41 41
57 42 39
57 45 41
57 46 43
57 54 36
57 55 79
58 13 39
58 14 73
58 19 59
58 21 60
58 30 69
58 46 12
58 52 61
59 4 12
59 15 27
59 26 78
59 32 78
59 34 35
59 54 59
60 1 54
60 5 24
60 7 36
60 10 7
60 11 31
60 19 12
60 27 5
60 28 3
60 35 46
60 54 64
60 55 42
61 0 25
61 1 31
61 3 8
61 4 67
61 6 38
61 7 58
61 13 6
61 15 5
61 16 26
61 21 77
61 29 34
61 31 70
61 34 65
61 39 9
61 42 25
61 43 37
61 52 51
61 53 35
61 56 64
61 57 42
61 60 69
62 1 19
62 3 13
62 8 58
62 9 12
62 15 41
62 21 72
62 27 44
62 28 23
62 29 26
62 36 45
62 59 30
62 61 66
63 0 47
63 5 59
63 10 23
63 12 75
63 14 67
63 17 64
63 27 42
63 38 3
63 45 73
63 46 6
63 53 49
63 55 30
63 61 64
63 62 71
64 9 51
64 11 21
64 24 58
64 30 34
64 37 50
64 62 36
65 2 21
65 14 1
65 24 74
65 29 1
65 32 77
65 35 40
65 38 33
65 56 69
65 57 9
66 1 47
66 15 54
66 19 69
66 24 36
66 33 24
66 34 78
66 35 2
66 41 33
66 45 17
66 55 29
67 2 36
67 4 73
67 5 9
67 12 75
67 22 31
67 25 50
67 29 8
67 30 13
67 32 57
67 33 78
67 35 79
67 36 37
67 37 76
67 42 24
67 51 69
67 55 76
68 2 66
68 7 32
68 12 28
68 39 76
68 45 21
68 50 36
68 58 46
68 67 41
69 6 61
69 8 58
69 11 20
69 15 30
69 17 4
69 18 71
69 27 30
69 28 36
69 31 67
69 33 49
69 35 24
69 48 18
69 50 6
69 62 56
69 63 68
69 66 30
69 67 15
