70
1 0 288
2 1 157
3 0 282
3 1 185
3 2 255
4 0 90
4 1 174
4 2 238
4 3 68
5 0 210
5 1 49
5 2 207
5 3 27
5 4 270
6 0 203
6 2 199
6 5 197
7 0 281
7 1 258
7 2 125
7 3 191
7 5 303
7 6 97
8 1 24
8 3 39
8 6 103
9 2 238
9 3 87
9 4 227
9 5 84
9 6 262
9 7 106
10 2 24
10 3 251
10 4 30
10 5 121
10 6 160
10 7 297
10 8 222
10 9 141
11 0 303
11 1 203
11 3 124
11 4 313
11 6 308
11 7 35
11 8 135
11 9 272
12 0 243
12 1 141
12 3 49
12 4 137
12 5 24
12 7 199
12 8 66
12 9 174
12 10 109
13 1 316
13 5 68
13 7 158
13 8 122
13 9 284
13 12 177
14 0 181
14 1 203
14 2 292
14 3 317
14 5 275
14 6 32
14 8 28
14 9 66
14 10 44
14 11 252
14 12 218
14 13 296
15 2 15
15 3 115
15 4 219
15 6 202
15 9 105
15 10 59
15 11 137
15 13 262
15 14 103
16 0 38
16 2 110
16 3 44
16 4 155
16 7 264
16 8 78
16 9 64
16 11 56
16 14 124
16 15 141
17 1 62
17 3 273
17 4 307
17 5 112
17 6 81
17 7 199
17 8 40
17 9 46
17 10 105
17 11 23
17 12 189
17 14 273
17 15 148
17 16 283
18 2 130
18 3 237
18 4 199
18 5 152
18 6 121
18 9 175
18 10 10
18 11 237
18 12 53
18 14 64
18 17 77
19 0 311
19 1 97
19 2 312
19 3 311
19 4 279
19 7 74
19 8 316
19 10 19
19 12 299
19 14 66
19 17 192
20 2 9
20 3 234
20 5 177
20 6 58
20 7 215
20 9 74
20 10 105
20 11 82
20 12 197
20 14 257
20 16 217
20 17 212
20 19 60
21 0 133
21 1 103
21 2 281
21 3 169
21 4 257
21 5 206
21 7 59
21 8 88
21 9 15
21 10 166
21 11 140
21 12 301
21 13 313
21 14 126
21 15 299
21 17 76
21 18 214
21 19 41
21 20 255
22 0 236
22 2 92
22 3 94
22 4 124
22 6 16
22 7 189
22 8 203
22 9 34
22 10 213
22 12 189
22 13 102
22 15 99
22 16 89
22 17 251
22 18 110
22 20 244
23 0 313
23 1 47
23 2 62
23 3 177
23 4 105
23 5 285
23 6 104
23 7 32
23 9 307
23 10 15
23 11 155
23 12 150
23 13 173
23 17 300
23 18 190
23 19 291
23 21 114
23 22 153
24 0 44
24 1 82
24 4 106
24 5 210
24 8 256
24 10 248
24 13 270
24 14 294
24 15 196
24 16 35
24 18 49
24 19 194
24 21 223
25 0 49
25 2 39
25 3 212
25 4 285
25 5 2
25 6 227
25 7 58
25 8 205
25 10 233
25 13 93
25 14 161
25 15 291
25 16 255
25 17 56
25 18 48
25 19 98
25 20 76
25 21 56
25 22 155
26 1 184
26 5 45
26 7 143
26 8 26
26 9 76
26 10 45
26 11 234
26 12 117
26 13 214
26 14 45
26 16 187
26 17 89
26 18 117
26 19 137
26 20 18
26 21 74
26 22 261
26 23 311
26 24 28
26 25 71
27 1 155
27 3 54
27 4 299
27 6 243
27 7 76
27 8 60
27 9 69
27 11 161
27 12 67
27 13 91
27 14 313
27 15 291
27 16 74
27 17 227
27 21 184
27 22 154
27 23 6
27 25 187
27 26 18
28 0 80
28 1 155
28 2 272
28 4 303
28 5 269
28 9 143
28 10 149
28 11 186
28 12 73
28 14 62
28 16 21
28 17 119
28 18 145
28 20 48
28 21 79
28 24 139
28 25 246
28 26 249
28 27 94
29 0 201
29 1 89
29 2 99
29 3 126
29 5 299
29 7 50
29 10 145
29 11 91
29 14 155
29 15 256
29 16 68
29 18 291
29 19 234
29 20 48
29 21 261
29 22 265
29 23 104
29 24 74
29 26 88
29 27 162
29 28 76
30 0 51
30 1 113
30 2 241
30 3 1
30 4 130
30 6 222
30 7 314
30 10 256
30 12 46
30 13 182
30 14 308
30 15 34
30 18 185
30 19 132
30 20 320
30 21 292
30 22 230
30 24 72
30 25 115
30 27 150
30 29 191
31 2 105
31 3 285
31 5 259
31 8 33
31 10 14
31 12 167
31 13 200
31 14 126
31 15 248
31 16 120
31 17 170
31 18 213
31 19 37
31 21 116
31 22 12
31 23 122
31 24 98
31 26 173
31 29 5
31 30 296
32 0 300
32 1 42
32 2 281
32 3 70
32 8 246
32 10 156
32 11 208
32 12 183
32 13 301
32 15 221
32 18 272
32 22 220
32 23 304
32 24 270
32 26 152
32 29 19
33 0 77
33 1 217
33 2 47
33 3 173
33 4 209
33 5 241
33 8 265
33 10 288
33 11 51
33 13 225
33 15 110
33 16 263
33 17 254
33 19 65
33 20 245
33 22 153
33 23 34
33 24 12
33 25 120
33 26 122
33 27 303
33 31 126
33 32 98
34 0 280
34 1 76
34 2 245
34 3 166
34 5 66
34 6 33
34 7 69
34 8 208
34 10 184
34 11 267
34 13 206
34 14 109
34 15 77
34 16 259
34 17 46
34 18 303
34 19 165
34 20 177
34 21 210
34 23 176
34 24 54
34 25 88
34 26 179
34 27 39
34 28 167
34 29 59
34 32 151
34 33 89
35 0 290
35 1 179
35 3 64
35 5 161
35 7 29
35 8 279
35 9 245
35 11 170
35 14 38
35 16 270
35 18 198
35 19 207
35 20 20
35 22 208
35 23 20
35 24 140
35 26 220
35 27 258
35 28 249
35 29 137
35 31 128
35 32 200
35 33 47
36 0 135
36 1 53
36 4 52
36 6 297
36 7 222
36 8 181
36 9 117
36 10 315
36 11 121
36 12 213
36 14 100
36 15 219
36 16 155
36 18 284
36 19 195
36 20 172
36 21 307
36 23 128
36 24 149
36 25 99
36 26 215
36 27 218
36 28 129
36 29 290
36 30 319
36 32 83
37 0 175
37 3 302
37 4 242
37 5 61
37 6 44
37 7 253
37 8 260
37 9 241
37 10 99
37 11 135
37 12 38
37 13 3
37 14 194
37 15 143
37 16 55
37 18 2
37 19 22
37 20 215
37 22 92
37 24 255
37 25 12
37 26 267
37 27 257
37 28 274
37 30 168
37 32 133
37 34 196
37 35 45
37 36 27
38 6 144
38 8 222
38 9 235
38 10 291
38 11 237
38 12 181
38 13 256
38 14 58
38 15 115
38 16 301
38 17 94
38 19 85
38 20 272
38 21 266
38 22 295
38 23 289
38 25 307
38 26 297
38 27 87
38 29 128
38 30 143
38 33 311
38 34 5
38 35 282
38 36 33
38 37 229
39 0 276
39 1 104
39 3 318
39 4 143
39 5 124
39 7 66
39 10 75
39 12 130
39 15 301
39 17 156
39 18 7
39 19 238
39 20 25
39 21 147
39 22 287
39 23 4
39 24 54
39 25 113
39 26 91
39 27 104
39 28 19
39 31 45
39 32 49
39 33 150
39 34 314
39 35 295
39 37 281
39 38 273
40 0 237
40 1 311
40 2 72
40 3 91
40 4 39
40 5 181
40 10 302
40 11 271
40 13 239
40 14 294
40 15 221
40 16 138
40 17 240
40 18 60
40 21 255
40 22 257
40 23 182
40 24 257
40 25 21
40 28 84
40 29 172
40 30 199
40 32 263
40 36 8
40 38 230
41 0 16
41 1 33
41 2 168
41 4 163
41 6 2
41 7 254
41 8 146
41 10 78
41 11 106
41 12 6
41 14 320
41 15 227
41 16 82
41 17 207
41 18 309
41 20 306
41 21 314
41 22 235
41 23 144
41 25 103
41 26 156
41 27 175
41 31 307
41 33 190
41 34 36
41 35 172
41 38 241
41 39 210
42 0 134
42 1 142
42 3 75
42 4 141
42 5 40
42 6 230
42 7 138
42 8 4
42 9 56
42 11 210
42 12 308
42 13 193
42 17 308
42 18 127
42 20 84
42 21 34
42 22 205
42 23 253
42 24 118
42 25 17
42 26 243
42 27 302
42 29 284
42 30 140
42 31 258
42 33 170
42 35 260
42 38 41
42 39 302
42 41 161
43 1 114
43 2 101
43 4 189
43 7 262
43 8 280
43 10 198
43 11 309
43 12 54
43 14 43
43 16 4
43 17 263
43 18 48
43 19 320
43 20 12
43 24 28
43 25 262
43 26 57
43 27 192
43 28 209
43 29 291
43 31 6
43 34 20
43 35 70
43 36 272
43 37 161
43 39 14
43 41 279
44 0 307
44 1 153
44 3 91
44 4 257
44 9 148
44 11 280
44 12 207
44 13 108
44 15 138
44 16 177
44 17 120
44 20 88
44 22 278
44 23 28
44 26 296
44 28 299
44 29 154
44 31 303
44 32 283
44 33 191
44 34 62
44 36 78
44 37 223
44 38 49
44 39 230
44 41 310
44 43 190
45 0 243
45 2 95
45 3 49
45 4 238
45 5 116
45 6 202
45 7 79
45 10 207
45 11 255
45 13 12
45 14 42
45 15 10
45 16 76
45 17 131
45 19 204
45 20 202
45 21 239
45 22 31
45 23 153
45 24 149
45 25 48
45 26 147
45 28 184
45 29 144
45 30 85
45 31 59
45 35 140
45 37 112
45 39 16
45 40 312
45 41 245
45 43 2
45 44 89
46 0 234
46 1 257
46 3 306
46 4 180
46 6 240
46 8 62
46 9 104
46 10 202
46 11 194
46 12 295
46 14 96
46 15 28
46 16 223
46 17 22
46 19 2
46 20 147
46 21 290
46 22 59
46 25 111
46 27 235
46 28 254
46 32 199
46 33 58
46 34 279
46 35 162
46 36 113
46 37 71
46 38 263
46 39 130
46 40 290
46 41 92
46 42 128
46 43 101
46 44 270
46 45 97
47 0 16
47 1 8
47 3 157
47 4 259
47 6 155
47 7 22
47 8 191
47 9 61
47 16 218
47 17 127
47 18 161
47 19 6
47 21 216
47 22 67
47 23 107
47 24 233
47 26 177
47 27 99
47 28 209
47 29 73
47 31 114
47 32 247
47 33 268
47 34 274
47 35 85
47 36 242
47 37 115
47 38 175
47 39 132
47 42 101
47 43 139
47 45 213
47 46 277
48 0 61
48 1 157
48 2 18
48 4 295
48 6 291
48 8 52
48 9 94
48 11 57
48 13 48
48 14 38
48 15 138
48 18 220
48 20 74
48 21 300
48 22 35
48 24 260
48 25 168
48 26 108
48 29 176
48 32 76
48 33 154
48 34 125
48 35 2
48 36 215
48 37 246
48 38 26
48 39 52
48 42 96
48 44 98
48 46 175
48 47 149
49 0 232
49 1 295
49 2 271
49 3 161
49 4 162
49 5 6
49 6 308
49 7 223
49 10 60
49 11 239
49 13 11
49 16 193
49 17 3
49 18 45
49 19 312
49 21 193
49 22 222
49 23 216
49 24 116
49 25 179
49 26 80
49 28 302
49 29 236
49 32 42
49 33 45
49 34 149
49 36 237
49 37 111
49 39 152
49 40 197
49 41 253
49 45 149
49 46 100
49 47 153
49 48 170
50 0 287
50 1 18
50 2 92
50 3 202
50 4 292
50 7 242
50 9 260
50 11 227
50 13 192
50 14 152
50 16 91
50 17 63
50 19 313
50 20 212
50 21 268
50 23 176
50 24 162
50 26 119
50 27 263
50 28 31
50 29 176
50 31 171
50 32 222
50 33 303
50 34 249
50 35 84
50 36 174
50 37 200
50 38 58
50 40 204
50 41 115
50 43 46
50 45 301
50 46 263
50 47 17
50 48 103
51 0 44
51 1 179
51 2 165
51 4 231
51 6 164
51 7 305
51 8 187
51 9 44
51 11 221
51 13 127
51 14 211
51 15 159
51 16 266
51 17 81
51 18 185
51 21 173
51 22 212
51 24 155
51 25 313
51 27 209
51 29 180
51 32 186
51 34 120
51 40 151
51 41 273
51 42 46
51 43 142
51 44 305
51 45 316
51 46 49
51 47 81
51 49 95
51 50 57
52 0 241
52 1 48
52 2 217
52 3 244
52 6 138
52 7 65
52 8 119
52 11 234
52 13 34
52 15 275
52 16 287
52 17 19
52 18 26
52 19 49
52 20 228
52 21 209
52 22 180
52 24 47
52 25 181
52 27 69
52 28 307
52 29 32
52 30 9
52 32 213
52 33 202
52 35 50
52 36 50
52 38 143
52 39 172
52 40 198
52 42 298
52 43 78
52 45 196
52 46 288
52 48 60
52 51 42
53 2 221
53 4 119
53 5 22
53 9 208
53 10 163
53 11 42
53 12 295
53 13 250
53 14 69
53 15 84
53 17 295
53 19 95
53 22 140
53 23 214
53 24 113
53 25 32
53 26 70
53 27 129
53 28 156
53 29 241
53 32 245
53 33 283
53 35 128
53 36 5
53 37 261
53 38 251
53 39 217
53 42 315
53 43 25
53 46 290
53 47 86
53 48 174
53 49 200
53 50 44
53 51 283
53 52 56
54 0 106
54 2 23
54 3 224
54 4 99
54 5 279
54 6 81
54 7 82
54 8 93
54 9 48
54 13 28
54 14 104
54 15 2
54 16 138
54 18 220
54 19 155
54 20 41
54 22 280
54 23 14
54 24 41
54 25 253
54 26 286
54 27 284
54 28 313
54 29 190
54 30 149
54 31 181
54 32 302
54 34 198
54 35 105
54 36 265
54 38 97
54 41 126
54 42 96
54 43 180
54 45 283
54 48 157
54 52 57
54 53 127
55 0 182
55 4 178
55 6 173
55 7 259
55 9 89
55 10 297
55 15 104
55 17 76
55 19 311
55 20 74
55 21 157
55 22 246
55 23 61
55 24 257
55 25 189
55 28 224
55 29 255
55 31 137
55 34 224
55 35 129
55 37 93
55 38 25
55 39 160
55 40 270
55 41 273
55 42 138
55 43 254
55 44 221
55 45 160
55 47 150
55 48 174
55 49 247
55 50 9
55 51 110
55 52 296
55 53 174
55 54 158
56 0 28
56 1 21
56 3 51
56 4 168
56 5 273
56 6 40
56 7 219
56 8 131
56 9 59
56 10 183
56 11 165
56 17 193
56 18 273
56 19 290
56 20 231
56 21 92
56 22 137
56 23 283
56 24 283
56 26 297
56 27 153
56 28 57
56 29 77
56 31 37
56 32 75
56 33 285
56 34 5
56 36 151
56 38 229
56 39 186
56 40 167
56 41 252
56 43 189
56 44 191
56 45 177
56 46 153
56 47 39
56 48 153
56 49 297
56 50 244
56 51 253
56 53 121
56 55 73
57 0 94
57 1 180
57 3 56
57 4 114
57 5 101
57 6 270
57 7 25
57 8 92
57 9 137
57 11 220
57 12 272
57 13 55
57 14 22
57 16 83
57 17 7
57 18 156
57 19 232
57 20 223
57 22 4
57 26 29
57 27 237
57 29 72
57 30 15
57 31 69
57 33 87
57 34 237
57 35 248
57 38 6
57 39 267
57 40 100
57 41 274
57 43 287
57 44 144
57 46 115
57 47 49
57 49 320
57 50 131
57 51 50
57 52 92
57 53 231
57 54 215
57 55 206
57 56 251
58 1 37
58 2 237
58 3 1
58 4 70
58 5 261
58 6 8
58 7 134
58 8 4
58 10 263
58 11 105
58 12 252
58 13 286
58 15 86
58 16 137
58 17 271
58 18 124
58 19 74
58 20 236
58 22 44
58 23 104
58 25 3
58 26 6
58 27 158
58 28 311
58 29 245
58 30 63
58 31 144
58 32 300
58 33 263
58 35 62
58 38 66
58 39 102
58 41 292
58 42 235
58 43 167
58 46 191
58 47 79
58 48 292
58 49 128
58 51 83
58 53 136
58 54 5
58 55 170
58 57 90
59 0 250
59 1 109
59 2 92
59 3 198
59 4 84
59 5 123
59 6 226
59 7 309
59 8 14
59 9 148
59 10 140
59 11 113
59 13 312
59 14 303
59 15 157
59 16 41
59 17 140
59 18 1
59 19 305
59 20 200
59 22 213
59 24 257
59 26 102
59 27 240
59 28 247
59 29 212
59 30 73
59 34 7
59 35 295
59 37 25
59 38 202
59 39 298
59 41 106
59 42 31
59 45 102
59 47 38
59 48 77
59 50 250
59 52 39
59 55 243
59 56 210
59 57 109
60 1 194
60 3 173
60 4 256
60 5 4
60 7 159
60 8 77
60 9 37
60 10 241
60 11 25
60 12 76
60 13 175
60 14 222
60 16 242
60 18 168
60 19 214
60 20 95
60 21 165
60 22 154
60 24 28
60 26 67
60 27 209
60 28 126
60 29 88
60 30 224
60 31 191
60 32 186
60 34 21
60 35 265
60 36 67
60 37 18
60 40 72
60 41 171
60 43 90
60 44 287
60 45 9
60 47 134
60 48 55
60 50 117
60 51 145
60 52 58
60 53 234
60 56 109
60 57 151
60 59 290
61 1 189
61 3 298
61 4 49
61 5 258
61 6 270
61 7 161
61 8 226
61 9 11
61 10 113
61 11 215
61 12 217
61 13 189
61 14 293
61 16 58
61 17 198
61 18 195
61 20 201
61 22 20
61 23 89
61 25 129
61 28 113
61 32 56
61 33 86
61 34 155
61 35 200
61 36 213
61 37 43
61 38 66
61 39 32
61 41 6
61 42 87
61 43 306
61 44 252
61 45 164
61 47 291
61 49 136
61 50 186
61 51 315
61 53 40
61 54 56
61 56 102
61 57 42
61 58 252
61 60 236
62 0 293
62 1 19
62 2 149
62 3 229
62 4 73
62 5 294
62 6 162
62 7 179
62 8 100
62 9 118
62 10 159
62 11 174
62 16 152
62 17 287
62 20 133
62 21 273
62 22 167
62 23 293
62 24 240
62 25 247
62 26 25
62 27 194
62 28 3
62 29 233
62 30 90
62 31 20
62 32 247
62 34 178
62 35 134
62 37 107
62 38 3
62 39 144
62 40 308
62 41 304
62 42 56
62 43 188
62 45 263
62 46 207
62 47 111
62 48 91
62 50 193
62 51 260
62 52 57
62 58 201
62 59 12
63 0 319
63 1 16
63 2 173
63 3 75
63 4 158
63 5 280
63 6 231
63 7 125
63 8 268
63 9 67
63 11 149
63 13 60
63 15 172
63 16 166
63 18 302
63 19 258
63 20 280
63 21 240
63 22 309
63 24 38
63 25 101
63 26 257
63 27 81
63 28 291
63 29 305
63 30 35
63 31 240
63 33 199
63 34 180
63 35 246
63 36 235
63 37 105
63 38 260
63 39 206
63 41 80
63 42 182
63 43 150
63 44 124
63 45 191
63 47 217
63 48 313
63 49 166
63 50 93
63 51 17
63 52 181
63 53 161
63 54 241
63 56 178
63 57 178
63 59 14
63 60 13
63 62 218
64 0 314
64 1 303
64 2 241
64 5 119
64 6 200
64 7 309
64 8 123
64 9 119
64 10 129
64 11 294
64 14 14
64 15 259
64 18 248
64 21 306
64 24 282
64 27 1
64 29 109
64 30 75
64 33 272
64 34 250
64 35 217
64 36 259
64 37 161
64 39 181
64 43 309
64 44 119
64 47 172
64 48 278
64 49 130
64 50 279
64 52 82
64 53 4
64 54 46
64 57 293
64 59 229
64 60 23
64 61 93
64 62 16
64 63 85
65 1 224
65 3 279
65 4 67
65 6 108
65 7 61
65 8 16
65 9 85
65 10 129
65 11 178
65 14 193
65 16 117
65 17 13
65 18 106
65 20 238
65 21 146
65 23 162
65 24 231
65 25 115
65 27 246
65 29 134
65 31 276
65 32 263
65 33 2
65 34 222
65 36 179
65 37 149
65 38 55
65 39 259
65 42 46
65 43 315
65 44 276
65 45 144
65 46 98
65 48 292
65 49 6
65 50 285
65 52 45
65 53 233
65 54 194
65 55 248
65 56 255
65 57 309
65 59 11
65 60 133
65 61 124
65 62 122
65 63 297
65 64 3
66 0 255
66 2 195
66 3 279
66 6 253
66 7 155
66 10 172
66 12 9
66 13 190
66 14 137
66 15 4
66 17 211
66 18 117
66 20 87
66 21 229
66 22 206
66 23 23
66 24 79
66 25 82
66 27 125
66 28 257
66 29 137
66 30 247
66 31 69
66 32 300
66 33 153
66 34 212
66 35 215
66 36 173
66 37 174
66 38 167
66 39 181
66 45 221
66 46 49
66 47 307
66 48 281
66 49 126
66 50 106
66 51 205
66 52 15
66 54 72
66 55 18
66 56 214
66 57 50
66 58 51
66 60 109
66 63 267
67 0 79
67 1 38
67 2 65
67 3 305
67 4 121
67 6 227
67 8 119
67 9 298
67 10 79
67 11 122
67 12 33
67 15 254
67 18 15
67 19 17
67 20 278
67 21 98
67 23 81
67 25 17
67 26 128
67 28 165
67 29 14
67 30 88
67 31 44
67 32 147
67 33 113
67 36 82
67 37 2
67 40 75
67 41 215
67 42 289
67 44 36
67 45 60
67 46 219
67 47 15
67 49 176
67 50 291
67 51 100
67 52 35
67 53 286
67 54 49
67 55 189
67 58 282
67 59 171
67 60 265
67 62 146
67 63 76
67 64 83
67 65 121
68 0 184
68 1 123
68 3 50
68 4 25
68 5 40
68 6 307
68 7 276
68 8 152
68 9 84
68 11 96
68 15 28
68 16 97
68 17 157
68 18 241
68 19 248
68 20 68
68 21 188
68 22 119
68 24 40
68 25 24
68 27 171
68 28 298
68 29 145
68 30 237
68 31 69
68 34 106
68 35 232
68 39 63
68 40 147
68 41 256
68 43 251
68 44 67
68 45 64
68 46 320
68 48 54
68 49 270
68 50 248
68 51 239
68 52 12
68 53 215
68 54 180
68 55 302
68 58 238
68 59 73
68 60 146
68 61 140
68 62 313
68 64 192
68 65 288
68 67 303
69 1 272
69 2 166
69 3 232
69 5 217
69 6 143
69 7 61
69 8 14
69 13 97
69 14 226
69 15 80
69 17 30
69 18 266
69 19 145
69 20 258
69 21 200
69 22 38
69 23 146
69 24 48
69 25 98
69 26 155
69 28 281
69 29 81
69 30 282
69 31 278
69 32 39
69 34 260
69 37 248
69 38 29
69 39 180
69 42 82
69 44 80
69 45 225
69 46 88
69 47 318
69 48 113
69 49 114
69 50 189
69 51 169
69 52 232
69 53 49
69 54 155
69 55 68
69 56 273
69 57 259
69 58 17
69 59 294
69 62 51
69 63 113
69 65 263
69 66 290
69 68 182
