50
4 0 13
5 1 12
5 4 2
6 2 12
8 3 7
8 5 15
13 6 15
14 4 5
14 8 17
16 4 2
16 15 3
17 3 10
17 6 11
18 6 9
18 7 19
19 12 5
19 14 9
20 16 8
21 3 14
21 5 12
21 11 6
21 17 5
22 3 9
22 5 20
22 13 7
22 17 13
23 4 8
23 22 15
24 22 1
24 23 4
25 7 3
25 10 11
25 14 9
25 16 4
25 23 20
26 4 8
26 22 20
28 11 1
29 0 4
29 17 15
30 14 8
30 15 6
30 27 6
31 25 9
31 26 8
32 2 17
32 17 13
32 19 1
32 21 18
32 29 20
33 19 6
33 21 6
33 26 16
33 28 1
34 4 11
34 18 14
34 24 17
35 1 12
35 8 9
35 14 19
35 32 3
36 14 14
36 15 9
36 18 1
36 26 17
37 6 2
37 11 11
37 13 11
37 15 6
37 33 6
38 14 10
38 32 9
38 33 1
39 14 1
39 21 16
39 31 2
39 37 14
40 29 2
42 11 4
42 18 6
42 24 13
43 5 12
43 7 4
43 15 6
43 37 7
43 39 2
44 0 19
44 12 19
44 16 7
44 18 11
44 19 18
44 28 18
45 5 10
45 24 13
45 31 5
46 9 5
46 18 5
46 41 15
46 42 8
47 9 12
47 19 17
47 35 9
47 36 3
47 38 17
47 41 17
48 4 17
48 21 4
49 35 8
49 36 9
