70
2 0 13
5 2 6
6 0 17
6 1 12
6 3 7
7 0 13
7 3 17
7 5 17
8 0 8
8 4 16
8 5 5
8 6 9
9 2 20
9 6 9
9 7 14
10 2 3
10 5 20
10 7 14
10 8 15
10 9 6
11 2 6
11 3 5
12 1 18
12 2 18
12 4 12
12 5 12
12 6 14
13 0 8
13 5 12
14 0 13
14 6 17
14 11 13
14 12 19
15 0 17
15 3 6
15 6 20
16 6 11
16 10 9
17 2 14
17 3 9
17 9 17
17 10 10
18 0 3
18 6 17
18 10 3
18 11 7
18 12 12
18 14 10
19 0 9
19 7 7
19 12 10
20 0 5
20 6 9
20 14 18
21 5 4
21 8 17
21 9 2
21 15 19
22 1 11
22 8 12
22 10 7
22 16 2
22 18 14
22 19 8
22 21 7
23 0 1
23 4 17
23 15 19
23 17 17
23 19 4
23 21 16
24 3 16
24 8 7
24 16 14
25 0 8
25 1 17
25 5 20
25 6 3
25 7 1
25 8 14
25 19 6
26 2 13
26 3 11
26 11 9
26 12 11
26 18 7
26 19 10
26 20 11
26 25 4
27 2 19
27 4 2
27 21 3
27 23 20
27 24 11
28 2 16
28 5 7
28 6 6
28 14 6
28 17 2
28 19 8
28 20 10
28 22 17
28 24 6
29 2 12
29 3 8
29 8 3
29 11 12
29 13 20
29 16 14
29 21 8
30 0 4
30 7 4
30 8 8
30 14 5
30 15 11
30 17 7
30 23 7
30 24 14
30 26 20
30 27 8
31 0 11
31 6 6
31 8 16
31 11 13
31 18 3
31 19 20
31 24 6
31 27 8
32 4 9
32 7 9
32 8 17
32 9 3
32 10 2
32 13 4
32 15 19
32 17 20
32 19 10
32 26 7
32 29 6
33 1 8
33 7 18
33 10 17
33 12 13
33 18 6
33 19 9
33 25 16
33 29 11
34 9 11
34 10 11
34 16 8
34 17 15
34 18 3
34 24 15
34 25 5
34 26 17
34 27 6
34 29 6
34 31 5
34 33 18
35 0 8
35 5 20
35 10 20
35 14 3
35 16 5
35 19 4
35 31 16
36 0 18
36 5 4
36 8 5
36 10 15
36 11 14
36 13 6
36 18 7
36 20 9
36 21 5
36 22 2
36 23 13
36 26 15
36 27 8
36 29 19
36 31 13
37 0 5
37 1 7
37 3 20
37 10 15
37 14 5
37 20 9
37 22 11
37 26 9
37 28 19
37 31 17
37 33 4
38 2 7
38 8 8
38 11 19
38 12 2
38 14 8
38 16 7
38 21 11
38 24 13
38 33 19
38 35 18
39 9 4
39 15 3
39 21 10
39 24 2
39 26 2
39 34 19
39 37 14
39 38 8
40 7 5
40 9 5
40 11 19
40 12 11
40 14 12
40 16 1
40 20 10
40 21 12
40 23 9
40 33 7
40 34 5
40 35 9
40 37 6
41 0 20
41 3 7
41 7 1
41 8 7
41 11 19
41 14 5
41 16 13
41 21 20
41 23 10
41 30 1
41 32 20
41 33 9
41 39 2
41 40 17
42 4 12
42 9 7
42 10 18
42 17 10
42 19 1
42 23 15
42 24 10
42 26 20
42 27 3
42 28 19
42 29 1
42 32 18
42 33 18
42 34 13
42 39 12
43 4 17
43 7 19
43 10 7
43 14 3
43 15 17
43 16 2
43 20 20
43 23 18
43 27 19
43 29 7
43 33 15
43 37 12
43 39 5
43 40 16
44 1 3
44 4 11
44 7 13
44 8 13
44 13 10
44 14 14
44 17 19
44 22 8
44 23 6
44 26 12
44 27 16
44 28 7
44 33 17
44 37 7
44 43 18
45 2 2
45 11 19
45 16 8
45 20 13
45 25 3
45 26 19
45 27 18
45 28 11
45 29 13
45 37 12
45 41 11
45 43 14
46 4 5
46 5 9
46 8 6
46 9 1
46 14 1
46 16 2
46 17 16
46 18 13
46 19 9
46 28 1
46 40 7
46 41 7
47 1 17
47 3 6
47 9 9
47 16 11
47 17 5
47 20 10
47 21 3
47 24 4
47 28 14
47 30 5
47 33 10
47 35 17
47 37 1
47 38 7
47 44 12
47 45 10
48 1 17
48 5 20
48 6 7
48 9 4
48 13 13
48 19 19
48 22 10
48 24 14
48 27 11
48 38 13
48 42 5
48 43 18
48 46 18
48 47 4
49 0 8
49 10 4
49 12 16
49 14 6
49 15 20
49 17 18
49 21 10
49 31 5
49 38 11
49 39 8
49 40 3
49 45 2
50 0 17
50 1 20
50 3 18
50 9 1
50 18 4
50 19 16
50 21 20
50 22 1
50 25 11
50 29 12
50 32 5
50 36 6
50 37 7
50 41 2
50 43 13
50 47 12
50 49 18
51 5 9
51 8 2
51 9 11
51 14 4
51 15 10
51 19 1
51 20 8
51 22 6
51 25 5
51 33 10
51 38 14
51 40 17
51 44 9
51 48 14
52 1 17
52 8 13
52 10 20
52 17 1
52 20 12
52 21 20
52 22 1
52 27 12
52 34 9
52 40 4
52 45 7
52 46 4
52 47 16
52 49 1
53 2 8
53 6 10
53 8 10
53 9 19
53 11 14
53 13 15
53 16 3
53 23 16
53 25 1
53 26 6
53 35 20
53 40 16
53 41 18
53 47 5
54 0 5
54 5 20
54 13 6
54 23 19
54 25 16
54 26 15
54 27 13
54 30 20
54 31 17
54 34 16
54 35 3
54 36 4
54 42 8
54 46 10
54 49 14
54 50 1
54 52 8
55 3 3
55 10 7
55 17 12
55 26 20
55 28 5
55 37 16
55 38 17
55 40 9
55 42 8
55 44 11
55 48 16
55 52 18
55 54 17
56 1 6
56 2 4
56 11 2
56 19 16
56 22 9
56 23 1
56 28 4
56 35 9
56 42 8
56 52 11
56 53 14
57 0 4
57 2 12
57 5 8
57 10 9
57 15 9
57 22 9
57 26 9
57 30 16
57 36 5
57 42 7
57 43 15
57 44 8
57 46 8
57 47 18
57 51 6
57 55 2
58 6 15
58 7 5
58 10 11
58 13 13
58 14 10
58 25 19
58 26 3
58 29 10
58 30 12
58 36 17
58 41 15
58 43 10
58 44 9
58 51 20
58 53 10
59 8 14
59 10 20
59 22 11
59 27 15
59 30 3
59 32 5
59 34 3
59 41 15
59 42 1
59 46 5
59 52 13
59 54 8
60 6 8
60 11 1
60 13 19
60 14 3
60 18 17
60 22 3
60 27 20
60 33 11
60 38 16
60 44 16
60 46 11
61 4 17
61 8 3
61 14 11
61 17 10
61 19 3
61 24 3
61 25 20
61 26 5
61 28 8
61 31 13
61 32 20
61 33 1
61 35 18
61 44 6
61 46 19
61 47 8
61 60 2
62 4 1
62 5 8
62 6 17
62 7 7
62 8 5
62 12 11
62 17 11
62 18 9
62 21 14
62 23 13
62 24 14
62 25 11
62 26 6
62 33 1
62 34 9
62 35 6
62 44 15
62 46 8
62 48 12
62 59 17
62 60 3
63 2 1
63 7 13
63 8 13
63 9 8
63 12 18
63 13 17
63 17 8
63 20 5
63 23 5
63 27 15
63 30 1
63 36 19
63 37 20
63 39 4
63 44 6
63 48 12
63 54 4
63 58 3
63 60 18
64 7 4
64 10 6
64 12 15
64 13 7
64 17 2
64 21 11
64 23 19
64 25 18
64 27 7
64 32 8
64 33 19
64 43 16
64 46 2
64 48 19
64 49 4
64 54 4
64 55 15
64 62 4
64 63 19
65 0 2
65 4 2
65 6 6
65 9 8
65 13 20
65 14 5
65 19 2
65 21 17
65 24 13
65 31 17
65 42 6
65 50 8
65 51 15
65 52 17
65 60 18
66 9 8
66 12 13
66 20 2
66 22 15
66 28 17
66 37 12
66 40 5
66 41 5
66 45 13
66 47 13
66 52 16
66 54 6
66 56 11
66 63 19
67 6 9
67 7 13
67 8 2
67 9 3
67 17 16
67 21 2
67 24 18
67 25 18
67 28 15
67 31 8
67 32 1
67 36 8
67 40 18
67 41 1
67 45 8
67 50 19
67 51 18
67 52 1
67 54 1
67 64 8
67 66 14
68 4 17
68 5 4
68 8 12
68 9 11
68 10 14
68 14 14
68 17 20
68 21 11
68 23 8
68 24 18
68 27 9
68 28 19
68 31 11
68 34 4
68 37 4
68 43 7
68 47 17
68 49 1
68 50 15
68 59 15
68 61 5
68 62 13
68 63 9
68 65 9
68 67 12
69 1 18
69 2 11
69 11 4
69 12 8
69 15 12
69 16 1
69 17 9
69 22 7
69 41 8
69 48 10
69 49 2
69 57 4
69 59 17
69 61 11
69 67 1
69 68 1
