30
2 0 8
3 0 68
3 1 33
5 0 22
5 1 58
5 4 18
6 0 66
6 2 59
7 0 47
7 1 9
7 4 1
8 1 34
8 2 33
9 2 22
9 3 37
9 4 45
9 5 75
9 6 21
10 1 80
10 2 58
10 3 3
10 5 21
10 6 78
10 7 60
10 8 48
11 0 37
11 2 80
11 7 37
11 9 49
11 10 8
12 0 52
12 1 76
12 5 19
12 7 34
12 11 6
13 2 68
13 3 33
13 4 49
13 6 21
13 7 66
13 9 64
13 10 8
13 11 37
13 12 79
14 4 69
14 5 29
14 8 71
14 10 46
14 11 56
14 12 20
15 4 48
15 5 29
15 7 52
15 9 70
15 10 80
15 12 56
15 14 1
16 1 11
16 2 47
16 11 71
17 0 28
17 1 41
17 2 76
17 3 45
17 5 78
17 6 7
17 7 6
17 8 54
17 9 46
17 10 13
17 14 36
17 15 49
18 0 49
18 4 79
18 5 30
18 7 74
18 8 47
18 9 62
18 11 62
18 16 44
18 17 23
19 0 66
19 1 53
19 6 62
19 11 25
19 12 18
19 15 5
19 17 64
20 2 67
20 4 57
20 6 71
20 9 42
20 12 31
20 15 42
20 19 74
21 7 39
21 9 80
21 11 56
21 14 5
21 15 39
21 17 64
22 3 11
22 4 31
22 5 57
22 8 74
22 9 2
22 10 26
22 11 51
22 18 70
22 20 30
22 21 4
23 0 45
23 2 61
23 4 75
23 7 49
23 8 71
23 9 67
23 10 47
23 20 63
24 2 11
24 3 59
24 4 31
24 7 48
24 8 78
24 11 10
24 12 61
24 15 66
24 17 22
24 18 24
24 19 5
24 20 3
25 0 39
25 2 1
25 3 15
25 4 2
25 5 45
25 6 77
25 10 43
25 12 73
25 14 8
25 21 64
25 23 56
25 24 16
26 1 9
26 2 64
26 4 31
26 7 28
26 8 42
26 9 13
26 10 26
26 13 3
26 16 33
26 18 27
26 22 26
26 23 74
26 25 8
27 0 21
27 4 48
27 6 22
27 8 31
27 10 74
27 11 43
27 12 70
27 14 70
27 15 39
27 17 28
27 20 48
27 21 19
27 22 35
27 23 11
27 24 44
28 3 56
28 6 11
28 8 62
28 9 24
28 14 31
28 16 74
28 18 35
28 21 46
28 23 5
28 26 12
29 0 27
29 1 14
29 3 5
29 5 74
29 8 38
29 9 54
29 10 49
29 16 17
29 17 1
29 19 30
29 20 73
29 22 38
29 23 52
29 25 62
29 26 64
29 27 48
