70
6 3 6
7 4 2
7 6 5
9 6 6
10 6 7
12 9 9
13 4 8
15 0 3
15 3 9
15 12 2
17 13 1
18 6 4
19 10 1
21 6 5
21 12 1
22 3 3
22 7 7
22 18 5
23 3 6
23 20 8
24 4 8
24 15 1
25 2 7
25 11 9
26 20 5
26 21 1
26 22 4
27 2 3
27 8 1
27 18 3
27 22 5
28 1 4
28 9 9
29 8 1
29 12 4
29 20 9
29 21 6
29 25 2
30 3 2
31 11 10
32 0 5
32 11 9
32 15 8
33 2 8
33 20 1
33 32 10
34 4 3
34 7 3
34 8 4
34 32 1
35 5 9
35 7 5
35 21 6
35 25 9
36 4 9
36 17 10
36 18 4
37 1 4
37 7 8
37 11 10
37 14 10
37 16 8
37 34 5
38 1 9
38 16 5
38 37 10
39 6 3
39 18 5
39 21 9
40 1 1
40 6 9
40 9 3
40 14 6
40 17 1
40 31 9
41 8 4
41 18 7
41 19 4
41 27 9
41 30 6
41 37 6
42 20 7
42 26 4
42 30 2
42 37 3
43 12 5
43 34 8
43 37 1
44 5 2
44 24 2
44 34 10
45 18 1
45 40 2
45 41 5
46 12 4
46 22 2
46 28 7
46 44 3
47 3 4
47 7 6
47 14 4
47 18 7
47 20 10
47 24 1
47 39 9
48 5 6
48 31 10
48 32 10
49 22 9
49 23 3
49 28 8
49 31 6
49 38 10
49 39 1
50 1 2
50 3 10
50 8 1
50 11 10
50 19 3
50 34 8
50 36 7
50 44 4
51 16 6
51 19 4
51 25 7
51 30 7
51 33 10
51 36 10
51 46 3
52 8 2
52 21 1
53 3 5
53 10 10
53 22 1
53 24 7
53 26 2
53 40 7
54 5 1
54 12 7
54 23 9
54 33 6
54 42 6
54 49 4
55 1 4
55 15 9
55 23 4
55 51 10
56 7 3
56 8 10
56 18 6
56 34 8
56 36 7
56 38 8
57 15 2
57 22 2
57 25 7
57 29 8
57 51 4
58 23 9
58 40 9
58 48 5
59 3 3
59 11 1
59 22 6
59 26 10
59 33 10
59 39 1
59 46 10
60 35 10
60 38 8
61 5 1
61 11 1
61 17 5
61 43 6
61 44 1
61 48 6
61 55 4
61 57 4
62 1 7
62 22 9
62 49 6
62 59 4
63 7 8
63 17 5
63 23 8
63 40 5
63 59 2
63 60 4
64 18 3
64 19 1
64 31 6
64 35 7
64 41 5
64 53 2
64 57 2
65 0 9
65 4 7
65 12 7
65 19 10
65 45 3
65 50 1
65 62 10
66 21 2
66 36 5
66 38 4
66 45 2
66 46 7
66 53 8
67 4 8
67 11 6
67 13 7
67 50 4
67 59 6
67 65 6
68 36 4
68 39 5
68 45 6
68 53 10
69 16 10
69 28 5
69 33 6
69 40 2
69 55 4
