50
2 0 153
3 0 157
5 0 112
6 3 56
7 3 157
8 2 123
8 3 151
8 6 18
9 5 95
10 0 66
10 4 67
10 7 69
11 1 102
11 8 40
11 9 26
12 0 50
12 8 125
12 11 38
13 0 18
13 7 93
13 11 80
13 12 49
15 4 137
15 7 46
15 9 4
15 12 8
16 8 78
16 10 65
16 11 83
16 13 78
17 6 81
17 8 109
17 9 158
17 10 4
17 15 52
17 16 64
18 3 14
19 3 158
19 6 74
19 7 40
19 10 1
20 1 87
20 2 73
20 3 119
20 4 72
20 5 144
20 12 14
20 13 63
20 18 137
21 3 98
21 6 138
21 7 28
21 11 128
21 14 99
21 19 101
22 3 124
22 4 14
22 6 23
22 11 152
22 14 73
22 15 36
22 17 11
23 3 91
23 10 91
23 12 21
23 15 43
24 2 110
24 3 77
24 13 132
24 15 157
24 17 12
24 20 34
24 22 103
25 3 91
25 7 23
25 8 104
25 10 137
25 14 89
25 15 124
25 16 75
25 17 38
25 20 154
26 2 90
26 8 150
26 11 125
26 14 110
26 15 59
26 16 124
26 19 78
26 20 126
26 23 82
27 7 73
27 13 67
27 17 30
27 18 65
27 21 18
27 26 89
28 0 62
28 2 79
28 3 25
28 4 99
28 7 22
28 8 144
28 12 88
28 21 14
28 23 64
28 26 13
28 27 91
29 1 115
29 3 153
29 6 60
29 7 158
29 10 67
29 18 156
29 21 46
29 22 36
29 23 129
29 25 125
30 4 115
30 5 122
30 8 20
30 10 49
30 12 30
30 16 138
30 18 67
30 29 32
31 4 140
31 5 83
31 11 66
31 12 12
31 15 148
31 17 125
31 23 32
31 26 71
31 28 100
31 29 158
32 1 116
32 3 48
32 6 143
32 10 86
32 12 66
32 16 25
32 24 153
32 25 135
32 26 63
32 29 12
32 31 133
33 5 49
33 9 14
33 13 27
33 14 11
33 15 153
33 17 91
33 18 35
33 20 44
33 23 98
33 24 47
33 25 71
33 27 97
33 28 2
33 29 111
33 31 81
33 32 119
34 4 47
34 6 117
34 8 133
34 10 4
34 11 53
34 13 89
34 14 77
34 16 37
34 19 61
34 21 131
34 26 114
34 28 4
34 31 85
34 32 37
34 33 1
35 10 149
35 11 76
35 16 10
35 18 136
35 20 35
35 21 10
35 22 63
35 23 83
35 24 159
35 29 83
35 34 97
36 2 62
36 3 22
36 4 80
36 6 82
36 8 126
36 9 35
36 11 43
36 14 4
36 15 140
36 21 55
36 28 61
36 29 9
36 32 88
36 34 120
36 35 3
37 1 75
37 3 37
37 5 155
37 7 146
37 8 19
37 17 30
37 19 131
37 23 35
37 25 30
37 26 56
37 28 11
37 29 24
37 34 73
37 36 121
38 1 71
38 3 128
38 5 62
38 7 37
38 12 131
38 13 9
38 19 141
38 20 4
38 21 148
38 23 116
38 25 142
38 26 64
38 27 25
38 30 26
38 35 61
38 37 118
39 1 33
39 6 19
39 8 130
39 12 25
39 13 94
39 18 59
39 28 128
39 30 8
39 38 119
40 0 120
40 2 140
40 16 160
40 17 70
40 18 45
40 19 153
40 22 126
40 39 102
41 0 74
41 3 36
41 7 17
41 11 146
41 12 41
41 13 150
41 18 150
41 19 82
41 22 19
41 26 160
41 28 66
41 30 54
41 33 93
41 34 95
41 40 114
42 1 144
42 2 123
42 5 107
42 6 62
42 7 143
42 10 6
42 11 49
42 14 92
42 16 87
42 27 142
42 28 99
42 32 93
42 33 123
42 34 8
43 4 44
43 16 94
43 19 128
43 25 133
43 27 75
43 28 20
43 30 38
43 32 54
43 33 160
43 34 119
43 38 145
44 1 95
44 11 94
44 12 40
44 15 113
44 16 122
44 17 84
44 20 127
44 23 69
44 26 79
44 29 41
44 33 13
44 36 32
44 37 93
44 38 144
44 42 135
44 43 52
45 0 44
45 15 85
45 17 70
45 18 106
45 22 74
45 27 49
45 28 74
45 30 45
45 31 91
46 1 69
46 2 50
46 8 55
46 9 151
46 10 7
46 11 141
46 13 19
46 15 113
46 18 21
46 22 27
46 26 89
46 29 11
46 30 155
46 32 143
47 4 26
47 8 19
47 9 29
47 11 26
47 12 153
47 15 56
47 22 128
47 25 82
47 27 86
47 28 77
47 36 24
47 37 153
47 38 49
47 39 108
47 40 118
47 43 142
48 2 134
48 3 138
48 7 52
48 9 158
48 13 79
48 15 29
48 20 120
48 23 85
48 32 34
48 34 143
48 36 45
48 37 116
48 39 116
48 40 27
48 43 149
48 44 63
48 45 66
48 46 58
49 0 13
49 3 98
49 7 128
49 13 36
49 15 90
49 16 152
49 18 56
49 29 160
49 38 4
49 40 116
49 41 58
49 43 57
49 44 131
49 47 63
49 48 52
