40
1 0 125
2 0 132
2 1 149
3 0 8
3 1 17
3 2 98
4 0 7
4 1 14
4 3 118
5 0 14
5 2 142
5 4 13
6 1 37
6 2 28
6 3 35
6 5 87
7 0 157
7 1 83
7 3 110
7 4 38
7 5 54
7 6 85
8 1 33
8 4 2
8 5 19
8 6 5
9 1 38
9 3 95
9 4 43
9 5 24
9 6 148
9 8 12
10 0 41
10 2 58
10 3 20
10 5 68
10 7 125
10 8 15
10 9 47
11 1 26
11 2 56
11 3 6
11 5 104
11 8 61
11 9 151
11 10 87
12 0 46
12 1 159
12 2 82
12 3 124
12 5 51
12 7 30
12 9 152
12 10 31
13 0 110
13 2 35
13 3 4
13 5 91
13 6 125
13 7 61
13 8 144
13 9 29
13 10 122
14 0 39
14 1 83
14 4 128
14 5 131
14 6 104
14 7 96
14 8 80
14 10 35
14 12 119
14 13 118
15 0 61
15 3 100
15 4 67
15 5 141
15 7 141
15 8 75
15 9 92
15 11 152
15 12 132
15 14 147
16 0 88
16 1 4
16 2 45
16 4 139
16 5 81
16 6 32
16 7 64
16 8 109
16 9 156
16 10 47
16 11 112
16 12 122
16 13 88
16 14 2
16 15 71
17 0 67
17 1 21
17 2 70
17 3 93
17 4 21
17 5 50
17 6 1
17 7 111
17 8 24
17 9 38
17 10 65
17 12 7
17 15 137
17 16 125
18 0 87
18 2 139
18 3 61
18 4 84
18 5 139
18 7 149
18 8 24
18 11 4
18 16 45
19 0 80
19 1 58
19 2 67
19 4 49
19 5 62
19 10 18
19 11 127
19 14 27
19 15 46
19 16 96
19 17 40
20 0 121
20 1 113
20 2 9
20 3 64
20 4 132
20 5 11
20 6 30
20 8 128
20 11 22
20 12 10
20 14 92
20 15 12
20 18 51
20 19 37
21 0 14
21 1 57
21 2 88
21 3 11
21 5 90
21 7 68
21 8 101
21 9 35
21 10 91
21 11 57
21 12 146
21 13 26
21 14 122
21 15 155
21 16 1
21 17 16
21 19 32
22 0 66
22 1 159
22 2 154
22 4 7
22 5 111
22 6 158
22 7 64
22 8 149
22 9 60
22 11 110
22 13 84
22 14 77
22 15 103
22 16 148
22 17 113
22 18 83
22 19 12
23 1 111
23 2 28
23 7 143
23 8 52
23 9 28
23 10 149
23 11 44
23 14 105
23 16 95
23 17 111
23 19 39
23 20 62
23 21 97
23 22 88
24 0 60
24 1 49
24 2 15
24 3 120
24 5 20
24 8 125
24 9 14
24 10 158
24 14 126
24 19 91
24 20 20
24 21 149
24 22 39
24 23 126
25 1 31
25 2 7
25 3 72
25 4 14
25 6 54
25 9 128
25 10 62
25 11 12
25 12 1
25 13 134
25 14 125
25 15 129
25 16 25
25 17 90
25 18 57
25 19 141
25 20 141
25 21 158
25 22 30
25 23 145
25 24 70
26 0 118
26 1 2
26 2 155
26 5 97
26 6 106
26 8 138
26 9 148
26 10 152
26 11 19
26 12 19
26 13 115
26 14 62
26 15 30
26 16 39
26 17 5
26 18 92
26 19 89
26 20 121
26 22 22
26 23 47
26 25 139
27 0 122
27 1 2
27 2 159
27 3 93
27 4 105
27 6 10
27 7 149
27 8 25
27 9 48
27 10 104
27 12 141
27 13 108
27 14 101
27 16 95
27 17 42
27 19 138
27 20 112
27 21 44
27 24 31
27 25 29
28 2 142
28 3 142
28 6 74
28 7 82
28 8 14
28 10 9
28 11 8
28 12 54
28 13 62
28 14 136
28 16 47
28 17 135
28 18 82
28 19 96
28 20 37
28 22 1
28 27 149
29 0 77
29 1 134
29 2 101
29 3 73
29 5 32
29 7 108
29 9 140
29 12 81
29 13 127
29 15 58
29 19 97
29 21 24
29 24 87
29 26 3
29 27 124
29 28 101
30 0 88
30 1 64
30 2 23
30 3 33
30 4 114
30 5 9
30 6 105
30 11 65
30 12 15
30 14 69
30 15 75
30 16 1
30 18 21
30 20 139
30 22 76
30 25 18
30 28 69
31 0 98
31 1 13
31 2 30
31 3 40
31 4 18
31 6 44
31 7 99
31 8 135
31 9 22
31 10 104
31 11 65
31 12 49
31 13 114
31 14 81
31 16 70
31 19 97
31 21 87
31 23 46
31 24 31
31 25 14
31 26 32
31 27 146
31 28 72
32 0 96
32 3 123
32 8 82
32 10 91
32 11 60
32 13 73
32 15 80
32 16 99
32 17 28
32 18 108
32 20 6
32 21 84
32 22 91
32 23 152
32 24 49
32 25 13
32 26 64
32 29 144
32 30 34
32 31 21
33 1 56
33 3 124
33 4 81
33 5 41
33 6 118
33 7 71
33 10 97
33 11 58
33 12 41
33 13 4
33 14 79
33 15 89
33 16 18
33 17 45
33 18 43
33 19 65
33 21 92
33 23 54
33 24 58
33 26 29
33 27 97
33 28 138
33 29 99
33 30 40
33 32 51
34 0 100
34 1 30
34 2 158
34 3 108
34 5 76
34 6 1
34 8 86
34 9 134
34 10 17
34 11 50
34 16 139
34 17 93
34 18 57
34 21 98
34 22 71
34 24 56
34 25 75
34 26 37
34 27 121
34 28 89
34 29 155
34 30 35
34 31 17
35 0 153
35 3 145
35 4 96
35 7 112
35 8 138
35 10 72
35 11 66
35 14 43
35 15 156
35 18 154
35 19 135
35 20 41
35 21 67
35 22 43
35 23 71
35 24 10
35 26 91
35 27 76
35 28 33
35 29 38
35 30 79
35 31 60
35 32 83
35 33 117
35 34 15
36 0 25
36 1 100
36 2 72
36 3 145
36 4 23
36 5 45
36 7 18
36 8 15
36 9 60
36 11 26
36 12 107
36 14 129
36 15 140
36 16 81
36 17 55
36 19 3
36 21 137
36 22 1
36 23 24
36 24 115
36 25 51
36 26 152
36 27 42
36 28 3
36 30 123
36 31 148
36 33 145
36 34 91
36 35 102
37 1 131
37 2 11
37 3 15
37 6 119
37 7 90
37 8 105
37 9 139
37 10 49
37 11 124
37 12 147
37 13 135
37 14 152
37 15 18
37 16 89
37 17 83
37 18 91
37 19 125
37 20 78
37 21 107
37 22 79
37 23 128
37 24 65
37 25 12
37 26 136
37 27 106
37 28 67
37 29 45
37 31 88
37 32 141
37 33 127
37 34 145
37 35 131
37 36 106
38 0 103
38 1 150
38 3 62
38 4 157
38 5 106
38 7 64
38 8 151
38 9 77
38 11 72
38 12 38
38 13 153
38 14 134
38 17 110
38 18 81
38 19 62
38 20 36
38 21 46
38 25 44
38 26 96
38 27 60
38 28 136
38 31 3
38 35 146
38 37 85
39 0 79
39 1 146
39 2 30
39 3 131
39 4 137
39 7 68
39 8 68
39 9 75
39 10 64
39 11 96
39 12 154
39 13 37
39 15 3
39 16 5
39 17 4
39 18 60
39 19 54
39 21 143
39 22 2
39 24 67
39 25 23
39 26 71
39 28 6
39 30 121
39 32 132
39 35 7
39 36 84
39 37 28
39 38 130
