60
1 0 20
2 0 24
2 1 15
3 0 27
4 0 7
4 1 10
4 2 30
5 0 12
5 1 11
5 2 2
5 4 31
6 1 21
6 2 29
6 4 19
6 5 30
7 0 32
7 1 5
7 4 38
7 5 1
7 6 40
8 0 22
8 1 2
8 2 26
8 3 16
8 5 18
8 6 26
8 7 9
9 0 35
9 1 2
9 2 19
9 4 21
9 5 14
10 0 8
10 6 9
10 8 12
11 0 14
11 1 8
11 2 1
11 5 27
11 6 1
11 8 9
11 9 32
12 0 13
12 1 27
12 2 22
12 3 28
12 4 34
12 5 27
12 7 21
12 8 6
12 9 32
13 2 37
13 3 26
13 4 14
13 6 8
13 7 34
13 8 17
13 9 2
13 10 10
13 11 22
13 12 12
14 0 8
14 1 26
14 2 13
14 4 24
14 5 12
14 7 16
14 8 26
14 9 19
14 10 9
14 11 40
14 12 40
14 13 8
15 0 8
15 1 7
15 2 40
15 4 24
15 5 25
15 7 39
15 8 17
15 10 38
15 11 18
15 13 33
15 14 28
16 0 7
16 3 33
16 4 27
16 5 7
16 6 19
16 7 32
16 9 8
16 10 38
16 11 24
16 12 37
16 13 4
16 14 13
16 15 28
17 0 22
17 3 31
17 4 40
17 6 7
17 7 23
17 8 21
17 9 15
17 12 20
17 13 36
17 16 10
18 0 23
18 1 18
18 2 13
18 3 40
18 4 14
18 5 26
18 6 11
18 7 32
18 9 17
18 10 1
18 11 13
18 12 19
18 13 24
18 15 9
18 16 31
18 17 11
19 0 40
19 2 24
19 3 29
19 5 13
19 7 38
19 9 39
19 10 33
19 12 12
19 14 32
19 15 8
19 18 20
20 3 19
20 4 38
20 6 8
20 7 8
20 10 36
20 12 14
20 14 7
20 16 17
20 17 18
20 18 25
21 0 24
21 5 14
21 6 4
21 7 24
21 8 25
21 14 21
21 15 24
21 17 4
21 18 19
21 20 22
22 0 29
22 1 17
22 2 22
22 4 11
22 6 36
22 7 39
22 8 28
22 10 26
22 11 8
22 12 22
22 13 22
22 14 30
22 15 26
22 17 22
22 18 18
22 19 29
22 20 7
22 21 25
23 0 15
23 1 27
23 2 2
23 3 40
23 4 34
23 7 24
23 8 7
23 9 2
23 14 21
23 17 8
23 18 12
23 20 32
23 21 14
23 22 27
24 0 5
24 1 36
24 2 30
24 3 15
24 4 12
24 5 26
24 6 10
24 7 18
24 8 26
24 9 31
24 10 35
24 11 3
24 12 21
24 14 29
24 15 12
24 16 14
24 17 37
24 18 38
24 19 2
24 21 17
25 0 16
25 1 23
25 3 36
25 4 6
25 7 34
25 8 7
25 9 28
25 10 20
25 11 1
25 12 30
25 15 34
25 16 8
25 17 33
25 21 12
25 24 37
26 0 29
26 4 21
26 7 39
26 8 32
26 9 4
26 10 35
26 11 18
26 12 28
26 13 15
26 15 21
26 16 22
26 18 38
26 19 31
26 21 18
26 22 9
26 25 16
27 0 14
27 1 26
27 3 4
27 8 22
27 9 27
27 12 14
27 13 36
27 14 10
27 15 11
27 17 32
27 18 8
27 22 8
27 25 21
28 0 40
28 1 5
28 7 2
28 8 8
28 9 25
28 12 12
28 15 38
28 16 13
28 17 10
28 18 33
28 20 24
28 22 38
28 24 31
28 25 14
28 27 12
29 0 1
29 1 7
29 2 7
29 3 20
29 4 30
29 5 23
29 6 37
29 7 40
29 8 12
29 10 31
29 11 37
29 15 35
29 16 23
29 17 21
29 19 37
29 21 22
29 22 5
29 23 29
29 24 26
29 25 40
29 26 18
29 27 24
30 0 37
30 1 12
30 2 4
30 3 17
30 4 6
30 5 10
30 7 35
30 9 4
30 10 2
30 11 10
30 12 31
30 15 1
30 17 25
30 18 39
30 19 16
30 20 28
30 21 33
30 22 10
30 23 23
30 24 7
30 26 32
30 28 26
30 29 15
31 0 19
31 1 9
31 2 35
31 3 27
31 7 27
31 9 12
31 10 28
31 11 20
31 12 12
31 13 2
31 16 36
31 18 13
31 20 23
31 21 8
31 22 14
31 23 29
31 24 24
31 25 5
31 27 19
31 28 27
32 1 18
32 2 28
32 3 34
32 4 21
32 5 9
32 6 31
32 7 31
32 9 31
32 10 30
32 11 25
32 12 35
32 13 24
32 14 24
32 16 18
32 17 16
32 18 8
32 20 8
32 22 8
32 23 27
32 24 17
32 26 12
32 27 2
32 31 24
33 0 22
33 1 33
33 2 20
33 4 33
33 6 17
33 7 2
33 8 9
33 12 10
33 14 25
33 15 13
33 16 29
33 17 25
33 18 35
33 19 10
33 20 23
33 21 13
33 22 23
33 23 25
33 25 24
33 26 38
33 29 22
33 31 23
33 32 7
34 0 23
34 1 15
34 2 23
34 3 32
34 4 6
34 5 19
34 7 12
34 8 20
34 9 40
34 10 32
34 12 31
34 13 37
34 14 8
34 15 22
34 16 3
34 17 38
34 18 27
34 19 39
34 20 27
34 21 20
34 22 25
34 23 20
34 24 9
34 25 24
34 26 37
34 28 34
34 29 16
34 30 35
34 32 8
35 1 17
35 2 9
35 3 3
35 6 18
35 7 5
35 9 37
35 11 8
35 12 37
35 16 33
35 17 6
35 19 7
35 20 7
35 22 3
35 23 25
35 24 3
35 25 5
35 26 3
35 27 7
35 28 35
35 29 21
35 30 27
35 31 20
35 32 24
35 34 6
36 1 9
36 2 18
36 3 6
36 4 15
36 5 25
36 6 27
36 7 19
36 9 40
36 11 9
36 12 29
36 13 17
36 14 14
36 15 39
36 16 35
36 20 12
36 21 34
36 22 18
36 25 17
36 26 9
36 27 12
36 28 7
36 29 12
36 30 7
36 32 37
36 33 35
36 34 29
37 0 33
37 1 32
37 2 31
37 3 13
37 6 7
37 7 7
37 8 5
37 9 28
37 10 7
37 13 26
37 14 34
37 15 5
37 16 20
37 17 4
37 18 6
37 20 10
37 22 32
37 25 17
37 27 38
37 28 21
37 30 18
37 31 40
37 32 29
37 35 9
37 36 36
38 0 11
38 1 4
38 2 37
38 3 2
38 4 16
38 6 13
38 9 21
38 10 24
38 11 25
38 12 8
38 14 30
38 16 4
38 17 30
38 19 13
38 20 37
38 23 31
38 25 24
38 26 1
38 27 33
38 28 32
38 29 13
38 30 31
38 32 8
38 34 29
38 35 15
39 1 16
39 2 3
39 5 8
39 6 5
39 7 5
39 8 14
39 9 32
39 11 26
39 12 32
39 13 29
39 14 28
39 16 39
39 18 24
39 19 17
39 20 12
39 21 25
39 22 12
39 23 31
39 25 34
39 27 31
39 28 26
39 29 11
39 30 4
39 35 35
39 36 36
39 37 6
40 0 32
40 3 23
40 4 1
40 5 15
40 6 9
40 7 34
40 8 4
40 9 26
40 10 32
40 13 19
40 14 12
40 17 18
40 18 28
40 19 37
40 20 6
40 21 35
40 22 28
40 23 33
40 24 29
40 25 29
40 26 24
40 27 39
40 29 12
40 31 33
40 32 18
40 33 31
40 34 2
40 35 33
40 36 4
40 37 40
41 0 28
41 2 24
41 3 36
41 4 16
41 5 28
41 6 34
41 8 31
41 9 30
41 10 34
41 12 2
41 13 32
41 14 21
41 15 14
41 17 7
41 18 16
41 19 38
41 21 38
41 22 37
41 23 5
41 24 23
41 25 19
41 26 18
41 27 24
41 28 39
41 29 34
41 30 20
41 31 32
41 33 39
41 37 7
41 40 33
42 1 38
42 2 14
42 4 7
42 6 17
42 7 17
42 8 27
42 10 27
42 12 32
42 13 13
42 14 9
42 15 25
42 16 27
42 17 37
42 19 39
42 21 24
42 22 17
42 23 11
42 25 40
42 26 9
42 28 21
42 29 27
42 30 29
42 32 39
42 33 7
42 34 8
42 35 24
42 36 11
42 39 13
42 40 27
42 41 22
43 0 9
43 1 5
43 2 32
43 3 36
43 5 27
43 6 18
43 8 19
43 9 5
43 10 37
43 11 3
43 12 7
43 13 6
43 14 12
43 15 39
43 16 10
43 17 35
43 18 13
43 19 33
43 20 19
43 21 40
43 23 39
43 24 34
43 27 27
43 28 35
43 30 22
43 31 4
43 32 36
43 34 2
43 35 21
43 36 29
43 37 31
43 38 1
43 39 16
43 40 40
43 41 40
43 42 11
44 0 25
44 1 2
44 3 9
44 4 17
44 8 15
44 9 9
44 10 15
44 11 5
44 12 35
44 13 13
44 14 37
44 15 35
44 16 30
44 18 3
44 19 2
44 20 32
44 23 13
44 27 7
44 29 24
44 32 34
44 33 2
44 35 29
44 38 4
44 41 28
44 42 7
44 43 21
45 0 24
45 1 1
45 3 5
45 4 23
45 6 13
45 7 7
45 9 29
45 11 15
45 12 7
45 15 25
45 17 21
45 18 30
45 19 20
45 20 20
45 22 32
45 23 34
45 24 13
45 25 21
45 26 26
45 27 27
45 29 7
45 30 17
45 31 36
45 33 34
45 34 30
45 35 17
45 39 17
45 41 33
45 43 28
45 44 2
46 1 27
46 3 20
46 4 3
46 5 3
46 6 13
46 7 39
46 9 13
46 11 21
46 12 3
46 13 28
46 14 35
46 15 32
46 16 7
46 17 2
46 18 27
46 20 19
46 21 14
46 23 9
46 24 32
46 25 24
46 27 34
46 28 30
46 29 9
46 30 30
46 31 39
46 32 20
46 33 36
46 36 22
46 37 13
46 39 30
46 40 40
46 42 4
46 44 22
46 45 19
47 0 1
47 1 21
47 2 9
47 3 39
47 4 16
47 5 19
47 6 7
47 7 20
47 8 25
47 11 3
47 12 15
47 15 34
47 17 36
47 18 3
47 19 1
47 20 21
47 21 35
47 22 27
47 23 12
47 24 33
47 25 23
47 26 13
47 27 24
47 28 34
47 29 19
47 30 38
47 32 18
47 33 40
47 34 6
47 37 25
47 39 23
47 40 23
47 41 29
47 42 18
47 44 38
47 45 30
48 0 23
48 1 14
48 2 13
48 5 8
48 6 25
48 7 9
48 9 14
48 11 34
48 12 11
48 13 20
48 14 12
48 15 10
48 19 11
48 20 27
48 21 3
48 23 2
48 27 15
48 28 10
48 32 29
48 33 28
48 34 18
48 36 3
48 38 27
48 39 12
48 41 20
48 42 26
48 44 15
48 45 21
48 47 17
49 1 5
49 2 30
49 3 10
49 4 31
49 7 13
49 8 1
49 9 6
49 10 7
49 14 24
49 15 15
49 16 16
49 20 23
49 21 20
49 24 12
49 25 11
49 26 29
49 27 20
49 28 9
49 29 33
49 31 3
49 33 14
49 34 3
49 35 6
49 37 13
49 38 2
49 39 19
49 40 33
49 41 37
49 42 31
49 44 15
49 45 2
49 46 9
50 0 39
50 1 15
50 2 8
50 3 38
50 5 15
50 6 17
50 8 24
50 9 18
50 12 6
50 13 5
50 14 23
50 15 22
50 16 2
50 17 32
50 18 4
50 19 33
50 20 9
50 21 33
50 24 7
50 25 31
50 26 19
50 31 28
50 32 23
50 33 39
50 35 5
50 38 33
50 39 33
50 40 11
50 42 29
50 43 2
50 44 20
50 45 4
50 46 38
50 47 8
50 48 2
51 0 19
51 2 4
51 3 4
51 4 25
51 5 23
51 7 22
51 9 12
51 11 24
51 12 12
51 13 23
51 14 22
51 15 20
51 16 14
51 17 5
51 18 21
51 19 4
51 20 5
51 21 31
51 22 36
51 23 39
51 24 33
51 25 5
51 26 31
51 27 13
51 28 4
51 29 2
51 30 25
51 31 34
51 33 27
51 34 1
51 35 24
51 36 35
51 37 15
51 38 14
51 39 11
51 40 32
51 41 7
51 43 30
51 44 32
51 48 14
51 50 14
52 0 24
52 1 27
52 2 15
52 3 15
52 4 37
52 5 25
52 6 28
52 7 23
52 9 31
52 12 33
52 13 25
52 16 12
52 17 32
52 20 24
52 21 36
52 23 14
52 24 5
52 25 11
52 26 5
52 27 13
52 28 16
52 29 17
52 31 16
52 32 3
52 33 34
52 34 2
52 35 13
52 36 25
52 37 27
52 38 20
52 39 40
52 40 40
52 41 29
52 42 26
52 43 10
52 44 24
52 45 18
52 47 11
52 48 39
52 49 28
52 50 38
53 0 30
53 1 18
53 2 34
53 3 21
53 4 25
53 6 38
53 7 16
53 8 33
53 9 5
53 10 12
53 12 16
53 13 9
53 14 34
53 15 5
53 16 33
53 17 15
53 19 8
53 20 22
53 24 39
53 25 31
53 27 12
53 28 33
53 29 35
53 30 22
53 31 22
53 32 27
53 33 34
53 34 36
53 35 27
53 38 22
53 39 28
53 40 4
53 41 37
53 43 23
53 44 16
53 45 14
53 46 36
53 47 7
53 49 7
53 51 35
53 52 9
54 1 33
54 3 36
54 5 12
54 6 32
54 7 33
54 8 29
54 9 39
54 10 24
54 11 24
54 12 35
54 13 13
54 14 36
54 15 40
54 17 11
54 18 32
54 19 17
54 21 19
54 22 24
54 23 16
54 24 29
54 25 31
54 27 3
54 29 7
54 30 11
54 31 25
54 32 9
54 33 11
54 34 22
54 35 38
54 36 39
54 37 36
54 39 30
54 40 40
54 41 14
54 42 3
54 43 36
54 44 10
54 46 15
54 48 27
54 49 17
54 50 15
54 52 11
55 0 33
55 2 30
55 3 39
55 4 38
55 5 22
55 6 6
55 9 22
55 10 2
55 11 25
55 12 1
55 15 23
55 18 13
55 19 34
55 20 11
55 21 7
55 22 5
55 23 18
55 24 40
55 27 34
55 28 19
55 29 8
55 32 26
55 33 30
55 34 10
55 36 5
55 37 10
55 38 25
55 39 1
55 41 13
55 42 37
55 44 18
55 46 22
55 47 36
55 48 32
55 51 17
55 52 11
55 53 3
56 2 12
56 4 14
56 8 7
56 10 23
56 11 25
56 14 17
56 16 10
56 17 19
56 18 25
56 19 21
56 20 16
56 21 15
56 22 17
56 24 22
56 25 20
56 26 4
56 27 10
56 30 34
56 32 6
56 33 34
56 34 25
56 36 34
56 38 15
56 39 29
56 40 11
56 41 3
56 42 11
56 43 12
56 45 1
56 47 36
56 49 31
56 50 9
56 51 5
56 52 17
56 53 11
56 54 24
56 55 21
57 0 13
57 2 14
57 3 23
57 4 19
57 5 38
57 7 37
57 8 13
57 9 21
57 10 35
57 12 18
57 13 40
57 14 38
57 15 35
57 16 36
57 17 20
57 18 11
57 19 13
57 20 22
57 21 19
57 23 18
57 25 28
57 27 9
57 28 21
57 29 18
57 30 2
57 31 1
57 32 24
57 33 20
57 34 29
57 35 39
57 36 26
57 37 19
57 39 32
57 40 1
57 41 21
57 42 9
57 43 33
57 45 14
57 46 13
57 49 20
57 50 2
57 51 4
57 52 35
57 53 1
57 55 21
57 56 26
58 0 31
58 1 36
58 3 17
58 4 34
58 6 19
58 7 27
58 8 18
58 11 11
58 12 7
58 13 2
58 14 16
58 15 3
58 16 35
58 18 31
58 19 13
58 20 26
58 22 20
58 24 16
58 25 5
58 26 15
58 29 25
58 30 36
58 31 16
58 32 20
58 34 40
58 36 17
58 37 33
58 38 27
58 39 27
58 40 40
58 43 35
58 44 35
58 50 1
58 53 19
58 55 24
58 56 29
58 57 18
59 0 2
59 1 4
59 3 31
59 4 34
59 5 5
59 8 8
59 12 15
59 13 40
59 16 31
59 17 24
59 18 11
59 19 2
59 21 33
59 22 37
59 23 22
59 26 20
59 27 16
59 29 29
59 30 7
59 31 40
59 32 37
59 33 33
59 34 36
59 38 36
59 39 18
59 42 12
59 43 12
59 44 34
59 45 31
59 46 3
59 47 9
59 48 21
59 49 1
59 50 18
59 52 30
59 53 1
59 54 14
59 55 38
59 57 40
59 58 23
