30
1 0 127
2 1 275
4 2 242
4 3 284
5 0 220
5 3 21
5 4 75
6 0 266
6 2 98
6 4 240
6 5 68
7 0 71
7 1 57
7 2 222
7 3 182
7 4 232
7 6 66
8 0 309
8 2 103
8 4 243
8 5 103
8 6 52
9 0 318
9 1 64
9 2 308
9 4 9
9 5 78
9 6 278
9 7 86
9 8 216
10 0 31
10 3 30
10 4 210
10 5 35
10 6 72
10 7 245
10 8 28
10 9 223
11 1 66
11 2 220
11 3 125
11 5 121
11 6 221
11 7 16
11 8 320
12 0 7
12 3 241
12 4 180
12 5 192
12 6 283
12 8 142
12 9 126
12 10 70
12 11 89
13 0 281
13 1 269
13 2 197
13 4 253
13 6 44
13 9 1
13 10 173
13 12 309
14 0 314
14 1 201
14 2 258
14 3 222
14 5 133
14 6 157
14 7 147
14 8 239
14 11 114
14 12 266
14 13 179
15 0 314
15 1 131
15 2 125
15 3 301
15 4 313
15 5 308
15 6 233
15 7 156
15 8 222
15 10 91
15 12 173
15 14 178
16 0 255
16 1 93
16 3 46
16 4 121
16 7 40
16 8 33
16 9 250
16 10 46
16 11 219
16 12 108
16 13 37
16 14 140
16 15 3
17 0 36
17 1 114
17 2 297
17 3 260
17 4 238
17 5 171
17 7 254
17 9 141
17 10 48
17 11 107
17 12 195
17 13 26
17 15 46
18 0 112
18 2 140
18 3 29
18 4 167
18 5 304
18 6 133
18 7 143
18 8 123
18 10 99
18 11 12
18 12 317
18 13 190
18 14 192
18 15 30
18 17 318
19 1 129
19 2 1
19 3 31
19 4 290
19 7 42
19 8 200
19 10 129
19 11 176
19 12 57
19 13 95
19 14 38
19 15 298
19 16 179
19 18 36
20 2 8
20 5 112
20 6 13
20 7 82
20 9 211
20 10 85
20 11 19
20 12 286
20 13 133
20 14 248
20 15 186
20 16 177
20 17 7
20 18 313
21 0 199
21 2 17
21 3 91
21 4 172
21 6 112
21 7 24
21 10 313
21 13 54
21 15 10
21 16 41
21 17 67
21 18 244
21 20 145
22 0 97
22 2 271
22 3 161
22 5 224
22 6 80
22 8 86
22 9 104
22 11 122
22 12 187
22 13 54
22 15 296
22 16 125
22 17 242
22 19 107
22 20 298
22 21 122
23 0 112
23 1 200
23 2 114
23 4 54
23 6 198
23 7 67
23 9 101
23 10 41
23 11 153
23 13 158
23 15 223
23 16 135
23 17 165
23 19 186
23 20 284
23 21 203
23 22 208
24 0 68
24 1 145
24 3 65
24 5 38
24 6 250
24 7 283
24 9 257
24 10 230
24 12 298
24 14 94
24 15 145
24 16 206
24 17 260
24 18 295
24 19 88
24 20 70
24 21 242
24 22 99
25 2 34
25 3 174
25 4 258
25 5 150
25 6 317
25 7 97
25 9 314
25 10 74
25 11 10
25 12 71
25 16 62
25 17 267
25 18 141
25 20 90
25 21 210
25 22 262
25 23 291
25 24 136
26 0 295
26 2 87
26 4 276
26 6 217
26 7 137
26 8 246
26 11 111
26 13 138
26 14 171
26 16 271
26 18 111
26 19 9
26 20 45
26 22 244
26 23 84
26 24 262
26 25 57
27 1 310
27 2 108
27 3 205
27 4 289
27 5 143
27 6 248
27 7 88
27 8 307
27 9 200
27 10 110
27 11 217
27 17 207
27 18 190
27 19 131
27 20 202
27 21 300
27 22 65
27 23 46
27 24 266
27 25 103
27 26 132
28 1 9
28 2 140
28 3 215
28 4 66
28 5 237
28 6 195
28 7 260
28 9 174
28 11 97
28 12 271
28 13 59
28 14 36
28 15 15
28 19 87
28 20 102
28 21 136
28 22 70
28 23 255
28 24 197
28 26 94
29 0 266
29 2 24
29 3 67
29 4 69
29 5 294
29 6 26
29 9 266
29 10 275
29 11 61
29 12 14
29 13 134
29 14 46
29 16 45
29 19 145
29 20 70
29 21 230
29 22 193
29 23 244
29 24 186
29 27 249
29 28 109
