40
2 0 2
2 1 5
3 1 9
3 2 13
4 0 5
4 2 1
4 3 3
5 1 14
6 1 9
6 4 14
6 5 18
7 0 14
7 1 11
7 6 14
8 0 7
8 2 6
8 4 2
8 5 9
9 1 6
9 2 15
9 5 4
9 7 20
9 8 4
10 1 9
10 3 16
10 6 13
10 7 10
10 9 18
11 0 5
11 5 13
11 7 1
11 8 17
11 9 12
11 10 10
12 0 10
12 1 7
12 2 3
12 3 12
12 4 13
12 5 15
12 9 6
12 11 3
13 0 3
13 1 13
13 3 14
13 4 4
13 5 17
13 6 11
13 7 18
13 8 17
13 9 12
14 0 19
14 1 2
14 2 7
14 4 14
14 6 2
14 7 16
14 8 2
14 9 2
14 11 18
14 13 3
15 4 13
15 9 9
15 12 16
15 14 19
16 2 9
16 4 11
16 5 5
16 7 4
16 8 16
16 10 19
16 11 10
16 12 16
16 13 3
16 15 6
17 1 2
17 2 17
17 3 16
17 4 13
17 5 20
17 9 1
17 10 20
17 12 13
17 13 6
17 16 13
18 0 1
18 2 15
18 3 9
18 5 15
18 7 5
18 8 5
18 9 8
18 10 4
18 11 15
18 12 4
18 14 13
18 15 7
19 2 4
19 3 11
19 4 11
19 6 18
19 7 3
19 9 5
19 10 19
19 11 9
19 14 19
19 15 15
19 16 6
19 17 14
20 0 13
20 2 19
20 3 8
20 4 1
20 7 4
20 8 20
20 9 16
20 11 1
20 13 16
20 14 12
20 17 16
20 19 14
21 0 11
21 2 10
21 4 1
21 6 11
21 10 18
21 13 16
21 15 5
21 18 19
21 19 15
22 0 17
22 2 5
22 3 11
22 5 10
22 6 20
22 7 1
22 8 17
22 10 4
22 11 3
22 13 6
22 14 5
22 15 5
22 16 1
22 17 7
22 19 3
22 20 16
22 21 9
23 2 18
23 4 2
23 5 1
23 6 14
23 11 10
23 12 8
23 13 12
23 14 18
23 15 9
23 16 19
23 17 15
23 19 20
23 20 17
23 22 15
24 0 3
24 1 14
24 5 18
24 6 18
24 7 2
24 8 2
24 10 1
24 11 17
24 13 6
24 15 16
24 16 20
24 17 16
24 18 7
24 19 10
24 20 8
24 21 2
25 1 15
25 2 15
25 6 16
25 11 7
25 12 2
25 14 6
25 16 11
25 17 16
25 20 1
25 23 13
26 0 15
26 1 10
26 2 10
26 3 20
26 4 16
26 5 14
26 6 5
26 7 2
26 8 10
26 9 6
26 11 20
26 14 2
26 15 18
26 17 18
26 18 3
26 22 5
26 23 6
26 24 19
26 25 14
27 0 3
27 1 15
27 2 10
27 3 12
27 5 20
27 6 3
27 9 1
27 12 3
27 13 20
27 15 16
27 19 3
27 20 5
27 21 11
27 22 7
27 25 1
28 0 4
28 1 9
28 5 6
28 6 12
28 7 6
28 8 19
28 9 15
28 12 20
28 13 10
28 14 16
28 15 6
28 17 6
28 18 15
28 20 9
28 23 12
28 24 2
28 26 19
28 27 12
29 3 3
29 4 15
29 8 10
29 10 17
29 11 12
29 12 20
29 13 20
29 14 15
29 15 13
29 18 5
29 19 16
29 20 12
29 21 16
29 23 3
29 25 19
29 26 11
29 27 5
29 28 8
30 3 8
30 5 19
30 6 1
30 7 3
30 8 4
30 10 4
30 11 5
30 13 9
30 16 8
30 17 11
30 18 1
30 20 8
30 21 4
30 22 13
30 24 11
30 28 12
30 29 1
31 1 2
31 2 19
31 3 18
31 5 2
31 6 8
31 8 17
31 11 3
31 12 15
31 13 8
31 14 10
31 15 8
31 16 15
31 17 10
31 18 20
31 19 7
31 20 7
31 23 9
31 24 14
31 25 13
31 26 10
32 1 15
32 3 14
32 5 12
32 6 14
32 7 3
32 8 2
32 9 20
32 10 14
32 11 8
32 12 11
32 13 2
32 14 11
32 16 18
32 17 20
32 18 17
32 19 13
32 20 8
32 21 13
32 23 10
32 24 20
32 25 8
32 26 16
32 28 19
32 29 18
32 30 20
32 31 14
33 2 18
33 3 3
33 5 5
33 6 10
33 8 14
33 9 11
33 10 20
33 11 11
33 12 8
33 13 5
33 14 7
33 16 4
33 17 4
33 19 19
33 21 1
33 23 10
33 24 14
33 25 3
33 26 12
33 27 12
33 28 11
33 29 17
33 30 3
33 31 15
33 32 5
34 2 19
34 3 18
34 5 9
34 6 14
34 7 2
34 8 7
34 9 1
34 10 6
34 11 17
34 19 16
34 20 20
34 21 8
34 22 18
34 23 4
34 24 3
34 25 13
34 26 3
34 27 17
34 30 3
34 31 8
34 32 18
34 33 2
35 1 2
35 4 2
35 7 13
35 8 18
35 9 20
35 10 7
35 14 16
35 15 14
35 16 1
35 19 4
35 20 12
35 21 13
35 22 15
35 23 5
35 24 6
35 28 5
35 33 16
35 34 14
36 0 6
36 1 19
36 2 11
36 3 9
36 4 19
36 5 11
36 9 5
36 10 13
36 11 17
36 12 4
36 13 3
36 15 17
36 16 10
36 19 17
36 22 9
36 25 17
36 26 10
36 27 6
36 30 2
36 31 2
36 32 9
36 33 13
36 35 20
37 3 19
37 4 18
37 6 1
37 7 15
37 8 2
37 12 20
37 13 9
37 14 18
37 17 13
37 18 12
37 22 16
37 25 19
37 26 7
37 27 7
37 28 14
37 30 8
37 32 19
37 33 10
37 34 17
37 35 16
37 36 17
38 4 4
38 5 19
38 6 12
38 8 12
38 10 19
38 11 14
38 12 20
38 13 20
38 14 10
38 16 1
38 18 17
38 19 13
38 22 8
38 25 1
38 27 3
38 28 12
38 29 19
38 30 15
38 32 17
38 34 2
38 37 14
39 1 3
39 3 17
39 6 12
39 7 15
39 8 3
39 9 2
39 11 6
39 12 12
39 13 14
39 14 6
39 16 2
39 18 11
39 20 3
39 21 14
39 23 10
39 24 11
39 25 8
39 29 5
39 32 1
39 33 3
39 34 2
39 36 9
39 38 6
