50
1 0 19
2 0 17
2 1 14
3 0 1
3 1 15
3 2 17
4 0 3
4 1 3
4 2 11
4 3 10
5 0 18
5 1 14
5 2 5
5 3 4
5 4 12
6 0 12
6 1 20
6 2 20
6 3 13
6 4 14
6 5 15
7 0 10
7 1 17
7 2 3
7 3 14
7 4 20
7 5 19
7 6 17
8 0 16
8 1 7
8 2 8
8 3 11
8 5 12
8 6 19
8 7 10
9 0 5
9 1 2
9 2 18
9 3 17
9 4 16
9 5 3
9 6 12
9 7 16
9 8 14
10 0 14
10 1 10
10 3 9
10 4 15
10 5 14
10 6 19
10 8 11
10 9 15
11 0 12
11 1 2
11 2 15
11 3 14
11 4 6
11 5 15
11 6 19
11 7 6
11 8 9
11 9 11
11 10 15
12 0 15
12 1 7
12 2 15
12 3 15
12 4 11
12 5 14
12 6 14
12 8 13
12 9 16
12 10 18
12 11 2
13 0 9
13 1 20
13 2 14
13 3 13
13 4 5
13 6 20
13 7 9
13 8 11
13 9 16
13 10 8
13 11 15
13 12 4
14 0 1
14 3 12
14 4 16
14 5 3
14 6 6
14 7 2
14 8 5
14 9 4
14 10 14
14 11 1
14 12 16
14 13 9
15 0 19
15 1 20
15 2 18
15 3 11
15 4 7
15 5 12
15 7 13
15 8 8
15 9 6
15 10 1
15 11 3
15 12 9
15 13 13
15 14 15
16 0 12
16 1 4
16 2 13
16 4 14
16 6 5
16 7 3
16 8 13
16 9 6
16 10 10
16 11 5
16 12 12
16 13 12
16 14 10
16 15 12
17 0 10
17 1 20
17 2 20
17 3 12
17 4 13
17 6 10
17 7 12
17 8 1
17 9 20
17 10 11
17 12 7
17 13 11
17 14 17
17 15 17
17 16 4
18 1 6
18 2 9
18 3 14
18 4 20
18 5 15
18 6 13
18 7 17
18 8 19
18 9 15
18 10 2
18 11 17
18 12 15
18 13 20
18 14 16
18 15 11
18 16 12
19 0 1
19 1 4
19 2 15
19 3 9
19 4 3
19 5 20
19 6 4
19 7 20
19 10 6
19 11 8
19 12 5
19 13 2
19 14 5
19 15 15
19 16 20
19 17 15
19 18 6
20 0 15
20 1 5
20 2 7
20 3 8
20 4 15
20 7 7
20 8 15
20 9 4
20 10 10
20 11 9
20 12 3
20 13 9
20 14 7
20 15 16
20 16 2
20 17 12
20 18 7
20 19 18
21 0 7
21 2 2
21 3 10
21 4 10
21 6 5
21 7 13
21 8 10
21 9 7
21 10 20
21 11 7
21 12 8
21 13 11
21 14 9
21 15 18
21 16 1
21 17 11
21 18 14
21 19 6
21 20 13
22 0 7
22 1 5
22 3 8
22 4 11
22 5 8
22 6 1
22 8 16
22 9 3
22 10 18
22 11 8
22 12 19
22 13 15
22 14 5
22 16 11
22 17 13
22 18 16
22 19 7
22 20 1
22 21 16
23 0 4
23 1 12
23 3 17
23 4 18
23 6 12
23 7 20
23 8 2
23 9 9
23 10 2
23 11 8
23 12 17
23 13 1
23 14 9
23 16 9
23 17 19
23 18 14
23 19 5
23 20 13
23 21 11
24 1 6
24 2 19
24 3 2
24 4 14
24 5 9
24 6 12
24 7 4
24 8 14
24 9 15
24 10 10
24 11 2
24 12 3
24 13 13
24 14 9
24 15 6
24 17 7
24 18 4
24 19 17
24 20 4
24 21 6
24 22 16
24 23 12
25 0 14
25 1 20
25 3 16
25 4 18
25 5 3
25 6 8
25 7 14
25 8 7
25 9 9
25 10 1
25 11 5
25 12 6
25 13 8
25 14 18
25 15 8
25 16 18
25 17 19
25 19 10
25 20 3
25 21 8
25 22 7
25 23 19
25 24 15
26 0 18
26 1 11
26 2 18
26 3 11
26 4 9
26 5 19
26 7 1
26 8 7
26 9 20
26 10 8
26 11 14
26 12 1
26 13 10
26 15 20
26 16 10
26 17 2
26 18 14
26 19 12
26 20 14
26 21 16
26 22 20
26 23 13
26 24 1
26 25 1
27 0 16
27 1 20
27 2 11
27 3 12
27 4 14
27 5 6
27 6 7
27 7 20
27 9 14
27 10 15
27 11 15
27 12 13
27 13 17
27 15 13
27 16 19
27 17 13
27 18 18
27 19 8
27 20 2
27 21 20
27 22 3
27 23 9
27 24 15
27 25 11
27 26 1
28 0 11
28 1 13
28 2 13
28 3 3
28 4 19
28 5 14
28 6 9
28 7 18
28 8 2
28 9 7
28 10 2
28 12 3
28 13 5
28 14 12
28 15 5
28 16 16
28 17 16
28 18 10
28 19 16
28 20 1
28 22 1
28 23 6
28 24 19
28 25 20
28 26 9
28 27 13
29 0 16
29 1 1
29 2 8
29 3 5
29 4 1
29 6 17
29 7 12
29 8 2
29 9 7
29 10 15
29 11 19
29 12 15
29 13 8
29 14 10
29 15 20
29 16 11
29 17 4
29 18 5
29 19 18
29 20 5
29 21 4
29 22 15
29 23 15
29 25 9
29 26 20
29 27 4
29 28 12
30 1 12
30 2 16
30 3 7
30 4 16
30 5 13
30 6 20
30 7 3
30 9 9
30 10 9
30 11 10
30 12 7
30 14 9
30 15 5
30 16 13
30 17 6
30 18 5
30 19 17
30 20 11
30 21 4
30 22 16
30 23 20
30 24 4
30 25 18
30 26 16
30 27 15
30 28 11
30 29 6
31 0 6
31 1 2
31 2 9
31 4 6
31 5 20
31 6 9
31 7 7
31 8 3
31 9 13
31 10 18
31 11 5
31 12 16
31 13 20
31 15 17
31 16 12
31 17 2
31 18 15
31 19 12
31 20 7
31 21 1
31 22 6
31 24 5
31 25 6
31 26 10
31 27 7
31 28 11
31 29 10
31 30 1
32 0 12
32 1 7
32 2 14
32 3 2
32 4 2
32 5 2
32 7 6
32 8 2
32 9 6
32 10 6
32 11 8
32 12 6
32 13 8
32 14 16
32 15 19
32 16 19
32 17 19
32 18 3
32 19 3
32 20 4
32 21 18
32 22 12
32 23 20
32 24 17
32 25 5
32 26 5
32 27 8
32 28 1
32 29 9
32 30 12
33 0 6
33 2 4
33 3 5
33 4 11
33 5 2
33 6 11
33 7 19
33 8 5
33 12 13
33 13 19
33 14 17
33 15 14
33 16 2
33 17 14
33 18 3
33 19 4
33 20 6
33 21 17
33 22 18
33 23 8
33 24 4
33 25 2
33 26 2
33 27 11
33 28 11
33 29 6
33 30 12
33 31 3
33 32 1
34 0 11
34 1 6
34 2 4
34 3 3
34 4 3
34 5 15
34 6 5
34 7 3
34 9 19
34 10 19
34 11 3
34 12 4
34 13 15
34 14 10
34 15 4
34 16 2
34 18 1
34 19 9
34 20 10
34 21 6
34 22 19
34 23 12
34 24 6
34 25 15
34 26 9
34 27 6
34 28 18
34 29 7
34 30 15
34 31 9
34 33 9
35 0 8
35 1 16
35 2 3
35 3 6
35 4 15
35 5 11
35 6 6
35 7 12
35 8 12
35 9 1
35 10 5
35 11 20
35 12 14
35 13 3
35 14 17
35 16 8
35 17 17
35 18 4
35 20 6
35 21 18
35 22 15
35 24 6
35 25 11
35 26 18
35 27 20
35 29 16
35 30 19
35 31 9
35 32 13
35 33 5
35 34 5
36 0 20
36 1 20
36 2 8
36 3 4
36 4 18
36 6 10
36 7 5
36 8 16
36 9 11
36 10 13
36 11 11
36 12 8
36 13 10
36 14 13
36 15 14
36 16 18
36 17 1
36 18 5
36 19 18
36 20 17
36 21 6
36 22 2
36 23 1
36 25 16
36 26 15
36 27 7
36 28 7
36 29 17
36 30 5
36 31 4
36 33 11
36 34 4
36 35 7
37 0 20
37 1 14
37 2 10
37 3 3
37 4 3
37 5 4
37 6 2
37 7 15
37 8 12
37 9 3
37 10 10
37 11 15
37 12 12
37 13 8
37 15 12
37 17 3
37 19 2
37 20 13
37 22 9
37 23 1
37 24 14
37 25 15
37 26 13
37 27 6
37 28 13
37 29 2
37 30 3
37 32 13
37 33 6
37 34 14
37 35 11
37 36 17
38 0 3
38 1 16
38 2 11
38 3 16
38 4 13
38 5 19
38 6 11
38 7 19
38 8 2
38 9 4
38 10 4
38 11 14
38 12 10
38 13 17
38 14 11
38 15 14
38 16 20
38 17 1
38 18 18
38 19 19
38 20 4
38 21 15
38 22 20
38 25 12
38 26 7
38 27 12
38 28 1
38 29 14
38 30 11
38 31 19
38 32 1
38 34 13
38 36 7
38 37 1
39 0 10
39 2 18
39 3 9
39 4 13
39 5 9
39 7 20
39 8 1
39 9 11
39 10 18
39 11 14
39 12 14
39 13 11
39 14 3
39 15 8
39 16 16
39 17 14
39 18 4
39 19 4
39 20 13
39 21 5
39 22 15
39 23 20
39 24 10
39 25 15
39 26 12
39 27 14
39 28 17
39 29 2
39 30 16
39 31 7
39 32 7
39 33 7
39 34 10
39 36 7
39 37 8
39 38 4
40 0 10
40 2 9
40 3 14
40 4 5
40 5 9
40 7 18
40 8 14
40 9 2
40 10 14
40 11 19
40 12 2
40 13 20
40 14 14
40 15 12
40 18 19
40 19 16
40 20 5
40 21 16
40 22 17
40 24 19
40 25 18
40 26 19
40 27 17
40 28 5
40 29 1
40 30 8
40 31 7
40 32 13
40 33 3
40 34 20
40 35 8
40 37 20
40 38 16
40 39 18
41 0 7
41 1 15
41 2 12
41 3 4
41 4 9
41 5 13
41 6 4
41 8 3
41 9 11
41 11 10
41 12 2
41 13 13
41 14 5
41 15 1
41 16 14
41 17 3
41 18 14
41 20 18
41 21 17
41 22 13
41 23 1
41 24 19
41 25 8
41 26 12
41 27 10
41 28 19
41 29 8
41 30 5
41 31 12
41 32 16
41 33 15
41 35 17
41 36 13
41 37 16
41 38 15
41 39 19
41 40 1
42 1 3
42 2 19
42 3 4
42 4 7
42 5 14
42 6 2
42 9 5
42 10 19
42 11 1
42 13 16
42 14 18
42 15 20
42 16 3
42 17 2
42 18 6
42 19 8
42 20 20
42 21 16
42 22 16
42 23 14
42 24 17
42 25 8
42 26 16
42 27 20
42 28 6
42 29 17
42 30 5
42 31 8
42 32 14
42 33 6
42 34 19
42 35 2
42 36 17
42 37 6
42 38 3
42 39 4
42 40 7
42 41 3
43 0 1
43 2 2
43 4 10
43 5 20
43 7 2
43 8 7
43 9 19
43 10 1
43 11 6
43 12 18
43 13 6
43 14 17
43 15 7
43 16 4
43 17 5
43 18 17
43 19 15
43 20 4
43 21 18
43 22 12
43 23 13
43 24 19
43 25 10
43 26 11
43 27 13
43 28 14
43 29 14
43 30 19
43 31 17
43 32 11
43 33 3
43 34 2
43 35 19
43 36 3
43 37 17
43 38 3
43 39 17
43 40 19
43 41 16
43 42 10
44 0 8
44 1 1
44 2 17
44 3 16
44 4 11
44 5 17
44 6 2
44 7 4
44 9 18
44 10 9
44 11 4
44 12 2
44 13 17
44 14 19
44 15 8
44 16 11
44 17 4
44 19 15
44 20 6
44 21 20
44 22 14
44 23 11
44 24 9
44 25 18
44 26 14
44 27 1
44 28 20
44 29 16
44 30 19
44 31 9
44 32 3
44 33 11
44 34 7
44 35 6
44 37 10
44 38 9
44 39 16
44 40 15
44 41 3
44 42 2
44 43 8
45 1 6
45 2 6
45 3 5
45 4 2
45 5 11
45 6 13
45 7 17
45 9 11
45 10 7
45 11 3
45 12 6
45 14 14
45 15 19
45 16 9
45 17 20
45 18 7
45 19 11
45 20 2
45 21 14
45 22 18
45 23 20
45 24 13
45 25 5
45 27 1
45 28 1
45 29 8
45 31 9
45 32 6
45 33 18
45 34 7
45 36 20
45 37 13
45 38 14
45 39 2
45 40 12
45 41 16
45 42 4
45 43 18
45 44 19
46 0 17
46 1 6
46 2 4
46 3 15
46 4 6
46 5 3
46 6 19
46 7 3
46 8 12
46 9 15
46 10 14
46 11 20
46 12 20
46 13 3
46 14 14
46 15 18
46 16 1
46 17 10
46 18 7
46 19 7
46 20 3
46 21 2
46 22 2
46 23 20
46 24 17
46 25 18
46 26 18
46 27 5
46 28 2
46 29 11
46 30 15
46 31 12
46 32 8
46 34 9
46 35 6
46 36 2
46 37 17
46 38 14
46 39 2
46 40 9
46 41 6
46 43 2
46 44 18
46 45 1
47 0 20
47 1 1
47 2 14
47 3 6
47 4 7
47 5 20
47 6 18
47 7 20
47 8 3
47 9 1
47 10 9
47 12 18
47 13 10
47 14 11
47 15 2
47 16 14
47 17 20
47 18 13
47 19 6
47 20 16
47 21 16
47 22 16
47 23 10
47 24 3
47 25 10
47 26 15
47 27 10
47 28 18
47 29 5
47 31 12
47 32 6
47 33 10
47 34 11
47 35 13
47 36 14
47 37 1
47 38 13
47 39 5
47 40 18
47 41 3
47 42 19
47 43 2
47 44 20
47 45 8
47 46 7
48 1 20
48 4 9
48 5 15
48 6 1
48 7 7
48 8 14
48 9 15
48 10 1
48 11 4
48 12 9
48 13 19
48 15 18
48 16 11
48 17 5
48 18 18
48 19 12
48 20 19
48 21 8
48 22 10
48 23 12
48 24 7
48 25 11
48 26 16
48 28 20
48 29 7
48 30 9
48 31 13
48 32 6
48 34 20
48 35 10
48 36 7
48 37 2
48 38 10
48 41 11
48 42 18
48 43 11
48 44 11
48 46 16
48 47 19
49 0 20
49 1 2
49 2 15
49 4 16
49 5 15
49 7 20
49 8 13
49 10 13
49 11 7
49 12 15
49 13 14
49 14 2
49 15 3
49 16 18
49 17 7
49 18 3
49 20 1
49 21 7
49 22 5
49 23 11
49 25 16
49 26 11
49 27 12
49 28 19
49 29 12
49 30 15
49 32 3
49 33 12
49 36 1
49 37 6
49 38 1
49 39 7
49 40 2
49 41 3
49 42 15
49 43 12
49 44 17
49 45 4
49 46 14
49 47 13
49 48 10
