40
1 0 36
2 0 9
2 1 8
3 0 10
3 1 38
3 2 2
4 0 25
4 1 26
4 2 27
4 3 5
5 0 30
5 1 35
5 2 14
5 3 25
5 4 37
6 0 5
6 1 24
6 2 22
6 3 23
6 4 34
6 5 9
7 0 39
7 1 19
7 2 36
7 3 16
7 4 18
7 5 28
7 6 17
8 0 8
8 1 6
8 2 4
8 3 24
8 4 30
8 5 33
8 6 14
8 7 38
9 0 3
9 1 34
9 2 23
9 3 32
9 4 29
9 5 24
9 6 37
9 7 15
9 8 26
10 0 3
10 1 9
10 2 19
10 3 25
10 4 24
10 5 1
10 6 17
10 7 36
10 8 38
10 9 27
11 0 18
11 1 8
11 2 3
11 3 28
11 4 34
11 5 16
11 6 22
11 7 12
11 8 9
11 9 25
11 10 12
12 0 19
12 1 17
12 2 35
12 3 1
12 4 30
12 5 30
12 6 28
12 7 30
12 8 2
12 9 5
12 10 4
12 11 11
13 0 39
13 1 24
13 2 26
13 3 9
13 4 20
13 5 38
13 6 3
13 7 9
13 8 25
13 9 2
13 10 17
13 11 22
13 12 3
14 0 40
14 1 6
14 2 30
14 3 28
14 4 28
14 5 20
14 6 20
14 7 34
14 8 2
14 9 34
14 10 35
14 11 27
14 12 35
14 13 4
15 0 2
15 1 22
15 2 22
15 3 20
15 4 36
15 5 1
15 6 23
15 7 35
15 8 28
15 9 19
15 10 1
15 11 18
15 12 28
15 13 36
15 14 8
16 0 13
16 1 23
16 2 27
16 3 38
16 4 5
16 5 36
16 6 16
16 7 36
16 8 11
16 9 10
16 10 37
16 11 1
16 12 34
16 13 13
16 14 4
16 15 26
17 0 13
17 1 18
17 2 9
17 3 30
17 4 14
17 5 10
17 6 39
17 7 38
17 8 14
17 9 18
17 10 2
17 11 31
17 12 36
17 13 37
17 14 21
17 15 8
17 16 34
18 0 18
18 1 37
18 2 6
18 3 23
18 4 40
18 5 28
18 6 32
18 7 18
18 8 21
18 9 1
18 10 25
18 11 27
18 12 6
18 13 23
18 14 36
18 15 12
18 16 24
18 17 38
19 0 30
19 1 18
19 2 19
19 3 36
19 4 33
19 5 19
19 6 3
19 7 19
19 8 37
19 9 3
19 10 14
19 11 30
19 12 7
19 13 11
19 14 8
19 15 29
19 16 17
19 17 35
19 18 36
20 0 28
20 1 20
20 2 33
20 3 24
20 4 40
20 5 14
20 6 28
20 7 39
20 8 4
20 9 37
20 10 6
20 11 1
20 12 7
20 13 20
20 14 26
20 15 27
20 16 3
20 17 7
20 18 31
20 19 20
21 0 34
21 1 39
21 2 40
21 3 15
21 4 22
21 5 14
21 6 39
21 7 33
21 8 37
21 9 6
21 10 9
21 11 21
21 12 37
21 13 20
21 14 2
21 15 5
21 16 36
21 17 2
21 18 22
21 19 24
21 20 34
22 0 26
22 1 30
22 2 6
22 3 34
22 4 4
22 5 20
22 6 5
22 7 22
22 8 31
22 9 22
22 10 9
22 11 33
22 12 18
22 13 32
22 14 27
22 15 17
22 16 7
22 17 34
22 18 12
22 19 1
22 20 19
22 21 14
23 0 39
23 1 5
23 2 30
23 3 18
23 4 20
23 5 24
23 6 4
23 7 31
23 8 1
23 9 31
23 10 32
23 11 24
23 12 24
23 13 31
23 14 40
23 15 33
23 16 14
23 17 33
23 18 22
23 19 19
23 20 19
23 21 6
23 22 34
24 0 14
24 1 7
24 2 38
24 3 18
24 4 10
24 5 36
24 6 38
24 7 17
24 8 5
24 9 29
24 10 30
24 11 37
24 12 20
24 13 29
24 14 17
24 15 20
24 16 19
24 17 26
24 18 13
24 19 1
24 20 9
24 21 13
24 22 21
24 23 4
25 0 18
25 1 12
25 2 21
25 3 27
25 4 12
25 5 8
25 6 18
25 7 2
25 8 36
25 9 11
25 10 22
25 11 19
25 12 18
25 13 10
25 14 20
25 15 2
25 16 10
25 17 33
25 18 31
25 19 17
25 20 24
25 21 34
25 22 37
25 23 8
25 24 39
26 0 19
26 1 38
26 2 5
26 3 1
26 4 26
26 5 37
26 6 37
26 7 32
26 8 24
26 9 3
26 10 26
26 11 19
26 12 19
26 13 32
26 14 10
26 15 31
26 16 3
26 17 40
26 18 12
26 19 12
26 20 20
26 21 9
26 22 25
26 23 34
26 24 37
26 25 6
27 0 29
27 1 29
27 2 36
27 3 16
27 4 2
27 5 19
27 6 8
27 7 40
27 8 5
27 9 33
27 10 24
27 11 31
27 12 31
27 13 26
27 14 23
27 15 10
27 16 24
27 17 33
27 18 16
27 19 17
27 20 12
27 21 39
27 22 18
27 23 9
27 24 29
27 25 40
27 26 21
28 0 34
28 1 31
28 2 8
28 3 24
28 4 29
28 5 14
28 6 39
28 7 9
28 8 25
28 9 3
28 10 29
28 11 15
28 12 5
28 13 18
28 14 24
28 15 37
28 16 21
28 17 35
28 18 28
28 19 19
28 20 39
28 21 12
28 22 10
28 23 20
28 24 14
28 25 26
28 26 35
28 27 7
29 0 34
29 1 24
29 2 29
29 3 40
29 4 7
29 5 26
29 6 13
29 7 13
29 8 26
29 9 5
29 10 15
29 11 18
29 12 21
29 13 23
29 14 26
29 15 25
29 16 4
29 17 6
29 18 2
29 19 12
29 20 36
29 21 23
29 22 9
29 23 25
29 24 36
29 25 16
29 26 12
29 27 28
29 28 39
30 0 31
30 1 36
30 2 9
30 3 39
30 4 37
30 5 7
30 6 26
30 7 20
30 8 1
30 9 28
30 10 32
30 11 8
30 12 13
30 13 17
30 14 35
30 15 30
30 16 13
30 17 1
30 18 29
30 19 17
30 20 38
30 21 14
30 22 19
30 23 21
30 24 17
30 25 31
30 26 22
30 27 3
30 28 24
30 29 33
31 0 22
31 1 37
31 2 4
31 3 3
31 4 30
31 5 28
31 6 40
31 7 14
31 8 12
31 9 20
31 10 23
31 11 35
31 12 40
31 13 14
31 14 32
31 15 33
31 16 14
31 17 17
31 18 31
31 19 5
31 20 33
31 21 1
31 22 20
31 23 28
31 24 19
31 25 27
31 26 17
31 27 34
31 28 10
31 29 22
31 30 30
32 0 31
32 1 15
32 2 18
32 3 9
32 4 33
32 5 17
32 6 33
32 7 23
32 8 5
32 9 7
32 10 28
32 11 36
32 12 7
32 13 12
32 14 19
32 15 8
32 16 4
32 17 29
32 18 29
32 19 2
32 20 16
32 21 22
32 22 32
32 23 19
32 24 5
32 25 27
32 26 34
32 27 5
32 28 20
32 29 5
32 30 6
32 31 39
33 0 27
33 1 19
33 2 12
33 3 8
33 4 22
33 5 15
33 6 23
33 7 1
33 8 40
33 9 35
33 10 9
33 11 30
33 12 12
33 13 33
33 14 38
33 15 1
33 16 10
33 17 30
33 18 23
33 19 10
33 20 3
33 21 8
33 22 16
33 23 28
33 24 40
33 25 2
33 26 18
33 27 30
33 28 39
33 29 15
33 30 1
33 31 39
33 32 15
34 0 7
34 1 12
34 2 19
34 3 11
34 4 23
34 5 7
34 6 21
34 7 27
34 8 30
34 9 17
34 10 8
34 11 40
34 12 14
34 13 36
34 14 35
34 15 15
34 16 16
34 17 12
34 18 22
34 19 36
34 20 35
34 21 32
34 22 19
34 23 29
34 24 8
34 25 18
34 26 18
34 27 19
34 28 1
34 29 15
34 30 3
34 31 28
34 32 4
34 33 38
35 0 8
35 1 13
35 2 34
35 3 22
35 4 5
35 5 29
35 6 32
35 7 22
35 8 28
35 9 31
35 10 26
35 11 29
35 12 22
35 13 18
35 14 39
35 15 12
35 16 15
35 17 30
35 18 26
35 19 40
35 20 19
35 21 18
35 22 29
35 23 1
35 24 16
35 25 27
35 26 4
35 27 2
35 28 13
35 29 6
35 30 10
35 31 7
35 32 16
35 33 39
35 34 1
36 0 38
36 1 40
36 2 10
36 3 2
36 4 16
36 5 16
36 6 18
36 7 22
36 8 36
36 9 10
36 10 33
36 11 9
36 12 28
36 13 22
36 14 8
36 15 28
36 16 28
36 17 4
36 18 28
36 19 3
36 20 11
36 21 37
36 22 19
36 23 30
36 24 9
36 25 34
36 26 16
36 27 7
36 28 37
36 29 38
36 30 5
36 31 7
36 32 25
36 33 24
36 34 23
36 35 25
37 0 38
37 1 6
37 2 37
37 3 6
37 4 20
37 5 27
37 6 1
37 7 22
37 8 37
37 9 18
37 10 15
37 11 21
37 12 35
37 13 25
37 14 40
37 15 40
37 16 32
37 17 28
37 18 27
37 19 22
37 20 3
37 21 30
37 22 5
37 23 8
37 24 34
37 25 39
37 26 39
37 27 30
37 28 19
37 29 28
37 30 35
37 31 35
37 32 5
37 33 30
37 34 29
37 35 36
37 36 38
38 0 10
38 1 12
38 2 6
38 3 20
38 4 4
38 5 17
38 6 2
38 7 21
38 8 7
38 9 22
38 10 23
38 11 14
38 12 38
38 13 20
38 14 17
38 15 19
38 16 21
38 17 25
38 18 17
38 19 37
38 20 33
38 21 24
38 22 27
38 23 29
38 24 28
38 25 31
38 26 22
38 27 10
38 28 2
38 29 30
38 30 34
38 31 27
38 32 10
38 33 12
38 34 7
38 35 22
38 36 20
38 37 11
39 0 31
39 1 9
39 2 6
39 3 36
39 4 11
39 5 23
39 6 19
39 7 16
39 8 2
39 9 20
39 10 39
39 11 15
39 12 2
39 13 8
39 14 12
39 15 26
39 16 23
39 17 22
39 18 27
39 19 6
39 20 1
39 21 35
39 22 7
39 23 36
39 24 30
39 25 26
39 26 35
39 27 33
39 28 35
39 29 26
39 30 24
39 31 11
39 32 37
39 33 37
39 34 5
39 35 22
39 36 12
39 37 24
39 38 37
