20
1 0 6
2 0 7
3 0 10
3 1 17
3 2 7
4 1 17
5 2 19
6 0 14
6 2 10
6 3 1
7 0 12
7 1 18
7 5 16
7 6 6
8 1 3
8 2 20
8 4 20
8 6 15
8 7 4
9 2 8
9 7 2
9 8 4
10 0 19
10 1 13
10 4 5
10 7 13
11 1 15
11 2 11
11 5 9
11 8 2
12 1 8
12 4 18
12 5 15
12 6 12
12 7 1
12 9 15
12 11 11
13 0 3
13 2 9
13 3 8
13 4 3
13 7 7
13 9 2
13 10 7
14 2 12
14 3 19
14 5 9
14 6 2
14 12 8
14 13 17
15 0 3
15 4 1
16 1 4
16 2 20
16 4 9
16 5 7
16 8 6
16 11 15
16 12 11
16 13 13
17 1 19
17 2 3
17 6 17
17 7 20
17 8 16
17 9 17
17 12 6
17 13 13
18 0 2
18 1 2
18 2 3
18 3 19
18 11 3
18 13 1
18 15 10
18 17 14
19 0 17
19 2 10
19 3 2
19 4 7
19 6 1
19 9 1
19 10 10
19 13 19
19 14 5
19 15 20
19 17 17
