30
1 0 59
2 1 21
3 0 68
3 1 34
3 2 54
4 0 10
4 2 44
4 3 10
5 0 34
5 1 4
5 2 55
5 3 1
5 4 45
6 0 27
6 1 52
6 3 30
6 4 72
6 5 42
7 0 64
7 1 23
7 2 52
7 3 8
7 5 48
7 6 69
8 0 42
8 1 42
8 2 44
8 3 54
8 4 72
8 6 36
8 7 23
9 0 23
9 2 46
9 3 6
9 5 17
9 6 30
9 7 18
9 8 36
10 0 71
10 1 57
10 2 24
10 3 20
10 4 27
10 5 74
10 6 24
10 7 63
10 8 6
11 0 73
11 1 45
11 2 69
11 3 70
11 4 4
11 5 58
11 6 8
11 7 11
11 8 35
11 9 79
11 10 47
12 0 2
12 1 20
12 2 32
12 3 74
12 4 22
12 5 65
12 6 57
12 7 29
12 8 62
12 10 9
12 11 77
13 0 33
13 1 46
13 2 43
13 3 21
13 4 55
13 6 5
13 7 16
13 8 33
13 9 67
13 10 46
13 11 79
14 0 74
14 1 24
14 2 63
14 3 50
14 4 14
14 5 5
14 6 29
14 7 25
14 8 60
14 9 12
14 10 56
14 11 77
14 12 52
14 13 25
15 0 5
15 2 76
15 3 60
15 4 71
15 5 30
15 6 29
15 7 20
15 8 15
15 9 52
15 10 63
15 11 32
15 12 58
15 13 45
15 14 62
16 0 34
16 1 47
16 2 30
16 4 15
16 5 33
16 6 17
16 7 2
16 8 54
16 9 23
16 10 1
16 11 62
16 12 71
16 13 36
16 14 23
16 15 38
17 0 54
17 1 17
17 2 9
17 3 19
17 4 43
17 5 28
17 7 50
17 8 56
17 9 41
17 10 64
17 11 80
17 12 18
17 13 65
17 16 66
18 0 42
18 1 58
18 2 77
18 3 32
18 4 60
18 5 47
18 8 43
18 9 68
18 10 73
18 11 9
18 12 19
18 13 30
18 14 22
18 15 38
18 16 19
18 17 62
19 0 69
19 1 62
19 2 18
19 3 11
19 4 58
19 5 40
19 6 4
19 7 20
19 9 14
19 10 41
19 11 9
19 12 38
19 13 52
19 14 42
19 15 79
19 17 14
19 18 12
20 0 27
20 1 26
20 2 69
20 3 38
20 4 38
20 6 20
20 7 9
20 8 46
20 9 53
20 10 58
20 11 66
20 12 9
20 13 25
20 15 11
20 16 42
20 17 70
20 18 54
20 19 61
21 0 38
21 1 67
21 2 45
21 3 79
21 4 13
21 5 44
21 6 49
21 7 74
21 8 51
21 9 15
21 10 9
21 11 26
21 12 12
21 13 52
21 14 78
21 15 50
21 16 10
21 18 27
21 19 12
21 20 22
22 0 65
22 1 71
22 2 36
22 3 47
22 4 76
22 5 22
22 6 49
22 7 38
22 9 66
22 10 20
22 11 10
22 12 53
22 13 37
22 14 9
22 15 15
22 16 34
22 17 40
22 18 49
22 19 13
23 0 40
23 1 44
23 2 42
23 3 55
23 4 61
23 5 53
23 7 69
23 8 58
23 9 47
23 10 47
23 11 50
23 12 39
23 13 39
23 14 61
23 15 58
23 16 73
23 17 19
23 18 65
23 19 78
23 20 78
23 21 45
23 22 72
24 0 75
24 1 48
24 2 22
24 3 54
24 5 4
24 6 60
24 7 61
24 8 59
24 9 8
24 10 35
24 11 68
24 12 38
24 13 32
24 14 49
24 15 1
24 17 27
24 18 20
24 19 64
24 20 35
24 21 64
24 22 17
24 23 21
25 0 73
25 1 18
25 2 44
25 3 61
25 4 29
25 5 30
25 6 51
25 8 30
25 10 74
25 11 69
25 12 79
25 13 66
25 15 38
25 16 17
25 17 49
25 18 17
25 20 39
25 21 47
25 22 74
25 23 62
26 0 27
26 1 37
26 2 29
26 3 69
26 4 50
26 5 71
26 6 62
26 7 30
26 8 30
26 9 69
26 10 71
26 11 70
26 12 19
26 13 43
26 15 42
26 16 52
26 17 59
26 18 6
26 19 65
26 21 66
26 22 72
26 23 43
26 24 24
26 25 2
27 0 34
27 1 2
27 2 18
27 3 18
27 4 66
27 5 53
27 6 8
27 7 77
27 8 36
27 10 13
27 12 52
27 13 73
27 15 4
27 16 28
27 18 51
27 19 17
27 20 48
27 21 77
27 22 62
27 23 10
27 24 22
27 25 54
27 26 47
28 1 34
28 2 41
28 3 7
28 4 34
28 5 71
28 6 41
28 7 58
28 8 31
28 9 51
28 10 11
28 11 15
28 12 10
28 13 29
28 14 25
28 15 80
28 16 76
28 17 53
28 18 76
28 20 12
28 21 71
28 23 17
28 24 31
28 25 27
28 26 59
28 27 31
29 0 3
29 1 72
29 2 14
29 3 24
29 6 15
29 7 56
29 8 8
29 9 19
29 10 61
29 11 36
29 12 65
29 13 55
29 14 73
29 15 29
29 16 71
29 17 51
29 18 16
29 19 20
29 20 71
29 21 63
29 22 13
29 23 62
29 24 66
29 25 78
29 26 35
29 28 57
