30
1 0 250
3 0 75
3 1 233
3 2 67
5 1 252
5 4 50
6 0 102
6 2 148
6 4 285
7 0 142
7 1 193
7 5 195
7 6 113
8 0 251
8 4 164
8 6 272
8 7 116
9 0 288
9 4 98
10 1 107
10 4 251
10 6 312
10 7 176
10 8 243
11 1 317
11 2 117
11 3 190
11 7 242
11 8 289
12 2 315
12 3 57
12 5 172
12 6 139
12 8 179
13 2 142
13 3 77
13 4 113
13 5 199
13 6 132
13 8 196
13 12 22
14 1 141
14 2 220
14 6 25
14 9 18
14 10 165
15 5 157
15 9 39
15 11 25
15 13 289
16 2 119
16 5 157
16 7 303
16 9 284
16 10 320
16 12 227
16 15 283
17 2 74
17 7 195
17 8 72
17 14 69
18 0 191
18 3 275
18 4 62
18 6 290
18 8 270
18 11 290
18 12 279
19 4 43
19 5 231
19 7 170
19 8 128
19 9 232
19 11 274
19 12 66
19 13 68
19 14 164
20 3 236
20 4 66
20 5 124
20 6 226
20 7 192
20 8 233
20 10 298
20 12 213
20 15 102
20 16 119
20 17 209
21 3 278
21 5 95
21 6 100
21 9 28
21 11 277
21 12 240
21 14 145
21 17 51
21 20 117
22 2 309
22 3 221
22 4 105
22 6 218
22 9 85
22 13 108
22 14 299
22 15 218
22 17 240
23 0 112
23 1 40
23 2 133
23 3 111
23 4 107
23 5 310
23 6 315
23 7 83
23 11 236
23 12 127
23 13 188
23 15 125
23 20 105
23 21 220
24 2 314
24 9 148
24 10 6
24 15 97
24 18 247
24 20 124
24 23 317
25 1 315
25 2 96
25 5 149
25 6 59
25 7 192
25 8 161
25 12 307
25 14 177
25 15 88
25 17 208
25 18 136
25 22 115
25 23 288
25 24 247
26 0 160
26 4 121
26 7 137
26 9 218
26 11 14
26 12 9
26 13 191
26 14 267
26 15 202
26 17 230
26 18 104
26 21 218
26 22 161
27 0 193
27 1 207
27 3 233
27 7 166
27 9 62
27 13 9
27 14 117
27 15 20
27 17 124
27 18 101
27 19 19
27 20 228
27 21 176
27 22 192
27 26 318
28 6 131
28 7 264
28 8 219
28 9 263
28 13 235
28 14 114
28 17 22
28 19 121
28 24 263
28 25 51
29 0 166
29 2 73
29 3 2
29 6 204
29 8 23
29 9 88
29 11 192
29 14 90
29 15 16
29 17 200
29 18 204
29 21 297
29 26 267
