30
1 0 24
2 0 14
3 1 29
4 1 17
5 0 7
5 1 5
5 2 35
5 3 21
5 4 22
6 0 27
6 2 35
6 3 11
6 4 25
6 5 12
7 0 26
7 2 10
7 3 20
7 5 30
7 6 4
8 1 13
8 3 25
8 4 22
8 5 26
8 7 27
9 0 19
9 1 3
9 2 28
9 3 27
9 4 37
9 6 19
10 4 16
10 6 5
11 0 25
11 1 38
11 4 6
11 5 25
11 7 33
11 9 40
11 10 35
12 0 1
12 1 9
12 2 33
12 3 19
12 5 21
12 6 31
12 7 38
12 8 19
12 9 38
12 10 12
13 1 9
13 3 14
13 4 2
13 5 14
13 6 19
13 8 19
13 10 33
13 11 9
13 12 10
14 0 35
14 1 28
14 4 27
14 6 20
14 7 36
14 9 15
14 10 29
15 0 20
15 1 18
15 3 8
15 4 37
15 5 39
15 6 13
15 7 28
15 9 8
15 10 33
15 11 33
15 12 14
16 2 29
16 5 27
16 8 11
16 9 25
16 10 37
16 13 22
16 14 2
17 0 12
17 3 22
17 4 19
17 8 23
17 9 19
17 12 28
17 14 25
17 15 14
17 16 24
18 1 25
18 3 14
18 4 32
18 5 15
18 6 4
18 7 17
18 8 15
18 9 36
18 12 16
18 13 39
18 14 23
18 16 13
18 17 8
19 1 9
19 7 12
19 8 12
19 9 37
19 11 38
19 14 30
19 15 29
19 18 3
20 0 8
20 2 36
20 7 38
20 8 5
20 11 18
20 12 33
20 13 39
20 14 36
20 16 2
20 18 32
21 0 12
21 2 11
21 5 38
21 8 11
21 9 39
21 13 22
21 14 29
21 15 15
21 16 15
21 17 22
22 0 22
22 1 36
22 2 30
22 5 40
22 6 26
22 7 30
22 8 15
22 9 5
22 10 6
22 12 23
22 13 1
22 15 31
22 16 29
22 17 24
22 21 27
23 0 6
23 2 13
23 5 37
23 6 26
23 8 1
23 9 38
23 11 38
23 13 6
23 14 2
23 15 35
23 16 23
23 18 6
23 19 31
23 20 15
23 22 37
24 1 3
24 2 23
24 4 1
24 7 15
24 8 40
24 9 3
24 10 1
24 11 15
24 12 40
24 13 8
24 15 14
24 18 32
24 19 35
24 20 8
24 22 17
24 23 5
25 0 20
25 1 31
25 2 17
25 4 36
25 5 35
25 6 6
25 9 18
25 11 4
25 15 17
25 17 7
25 18 29
25 20 23
25 21 33
25 22 12
25 24 22
26 0 24
26 1 23
26 2 30
26 3 24
26 4 19
26 7 23
26 9 2
26 11 2
26 12 14
26 14 15
26 16 6
26 17 15
26 18 12
26 21 1
26 23 27
26 24 24
27 0 16
27 1 19
27 2 30
27 3 33
27 4 13
27 6 14
27 11 31
27 14 34
27 16 15
27 17 34
27 19 20
27 22 30
27 25 4
28 0 16
28 1 23
28 2 37
28 3 33
28 4 18
28 5 21
28 8 7
28 10 25
28 14 2
28 16 34
28 17 8
28 19 2
28 20 37
28 23 13
28 25 19
29 1 19
29 3 17
29 4 4
29 6 28
29 7 27
29 8 39
29 9 17
29 10 25
29 13 35
29 15 4
29 17 32
29 20 15
29 22 5
29 27 17
