70
1 0 232
2 0 231
2 1 134
3 0 164
3 1 84
4 0 282
4 1 65
4 2 182
4 3 171
5 1 117
5 2 20
5 3 47
5 4 234
6 0 206
6 1 136
6 2 77
6 3 315
6 4 134
6 5 119
7 0 208
7 3 258
7 4 95
7 6 165
8 0 138
8 1 49
8 2 195
8 3 94
8 4 84
8 5 286
8 6 317
8 7 22
9 0 213
9 2 51
9 4 27
9 5 280
9 6 83
9 7 52
10 0 113
10 1 169
10 2 263
10 3 271
10 4 220
10 5 72
10 6 220
10 7 195
10 8 257
10 9 28
11 0 61
11 1 152
11 2 310
11 3 37
11 4 51
11 5 29
11 6 77
11 7 213
11 8 41
11 9 315
11 10 268
12 0 28
12 1 240
12 2 268
12 3 62
12 4 183
12 5 314
12 6 88
12 8 287
12 9 178
12 10 274
12 11 241
13 0 286
13 1 135
13 2 102
13 4 195
13 5 215
13 6 231
13 7 277
13 9 77
13 10 58
13 11 3
13 12 236
14 0 133
14 1 243
14 2 320
14 3 71
14 4 276
14 5 293
14 7 76
14 8 223
14 9 172
14 11 300
14 12 60
14 13 204
15 0 48
15 1 44
15 2 139
15 4 222
15 7 161
15 8 132
15 9 220
15 10 148
15 11 26
15 12 36
15 14 21
16 0 203
16 1 218
16 2 60
16 3 300
16 4 146
16 5 99
16 6 108
16 7 278
16 8 193
16 9 318
16 10 312
16 11 253
16 12 182
16 13 305
16 14 274
16 15 98
17 0 263
17 1 285
17 2 247
17 4 154
17 5 116
17 6 213
17 8 314
17 9 230
17 10 62
17 11 59
17 12 42
17 13 80
17 14 259
17 16 120
18 0 105
18 1 38
18 3 133
18 4 111
18 5 113
18 6 167
18 8 20
18 9 266
18 10 205
18 12 218
18 13 144
18 14 230
18 15 195
18 16 247
18 17 237
19 1 155
19 2 7
19 3 32
19 4 209
19 5 183
19 6 95
19 7 205
19 8 105
19 9 167
19 10 141
19 11 99
19 12 33
19 13 131
19 14 249
19 16 228
19 17 187
19 18 16
20 0 253
20 1 86
20 2 149
20 3 153
20 4 200
20 5 89
20 6 197
20 7 105
20 8 85
20 9 102
20 10 74
20 11 210
20 12 281
20 13 258
20 14 175
20 16 36
20 17 144
20 18 96
20 19 311
21 0 305
21 1 129
21 2 87
21 3 220
21 5 145
21 6 179
21 7 192
21 8 141
21 9 284
21 10 192
21 11 14
21 12 32
21 13 153
21 14 277
21 15 226
21 16 105
21 17 76
21 18 53
21 19 304
21 20 230
22 0 179
22 1 316
22 2 50
22 3 124
22 4 51
22 5 171
22 6 18
22 7 113
22 8 221
22 9 258
22 11 210
22 12 81
22 13 250
22 14 134
22 16 14
22 18 64
22 19 42
22 20 57
22 21 233
23 0 26
23 1 136
23 3 163
23 4 274
23 5 6
23 6 6
23 7 218
23 8 230
23 9 158
23 10 196
23 11 220
23 12 259
23 13 194
23 14 23
23 15 208
23 16 168
23 17 264
23 18 288
23 19 24
23 20 32
23 21 316
23 22 51
24 1 304
24 2 220
24 3 271
24 4 140
24 5 262
24 8 63
24 9 295
24 10 33
24 11 145
24 12 157
24 13 275
24 14 219
24 15 86
24 16 16
24 17 307
24 18 215
24 19 13
24 20 192
24 21 177
24 22 238
24 23 75
25 0 134
25 3 146
25 4 47
25 5 319
25 6 28
25 7 100
25 8 240
25 9 166
25 11 289
25 12 173
25 13 258
25 14 260
25 15 90
25 16 79
25 18 317
25 19 73
25 21 312
25 22 295
25 23 64
25 24 278
26 0 212
26 1 164
26 2 110
26 3 17
26 4 182
26 5 296
26 6 208
26 7 111
26 8 268
26 9 180
26 10 70
26 11 127
26 12 58
26 13 146
26 14 177
26 15 215
26 16 132
26 17 169
26 18 236
26 19 155
26 20 293
26 21 157
26 22 1
26 23 179
26 24 103
26 25 162
27 0 218
27 1 277
27 2 318
27 3 301
27 4 202
27 5 220
27 6 13
27 7 267
27 8 207
27 9 74
27 10 2
27 11 314
27 12 152
27 13 61
27 14 146
27 15 219
27 16 117
27 17 11
27 18 17
27 19 186
27 20 118
27 22 112
27 25 101
27 26 221
28 0 227
28 1 141
28 2 11
28 3 284
28 4 190
28 5 59
28 6 51
28 7 288
28 8 218
28 9 143
28 11 192
28 12 135
28 13 261
28 14 154
28 15 135
28 16 16
28 17 84
28 18 62
28 19 108
28 21 232
28 22 170
28 23 236
28 24 47
28 25 57
28 27 207
29 0 111
29 1 96
29 2 295
29 3 99
29 4 34
29 6 34
29 7 9
29 8 282
29 9 127
29 10 249
29 11 26
29 12 29
29 13 285
29 14 39
29 15 244
29 16 166
29 17 90
29 19 1
29 20 319
29 21 141
29 22 157
29 23 122
29 24 190
29 25 43
29 26 312
29 27 33
29 28 315
30 0 111
30 1 309
30 2 33
30 3 312
30 4 31
30 5 71
30 6 290
30 7 145
30 8 82
30 9 94
30 10 159
30 11 152
30 12 292
30 13 110
30 14 205
30 15 247
30 16 94
30 17 310
30 18 65
30 19 34
30 20 137
30 23 82
30 24 21
30 25 309
30 26 141
30 27 12
30 28 50
30 29 270
31 0 106
31 1 17
31 2 99
31 3 227
31 4 235
31 5 279
31 6 60
31 7 97
31 8 137
31 9 140
31 10 277
31 11 63
31 12 36
31 13 289
31 14 249
31 15 180
31 16 271
31 17 110
31 18 7
31 19 302
31 20 112
31 21 268
31 23 135
31 24 254
31 25 300
31 26 202
31 28 208
31 29 28
31 30 144
32 0 70
32 1 146
32 2 282
32 3 20
32 4 186
32 6 80
32 7 184
32 8 77
32 9 285
32 10 187
32 11 203
32 12 298
32 13 158
32 14 298
32 15 245
32 16 175
32 17 210
32 18 67
32 19 13
32 20 276
32 21 186
32 22 301
32 23 110
32 24 19
32 25 152
32 26 160
32 27 301
32 28 190
32 29 63
32 30 230
32 31 107
33 0 3
33 1 127
33 2 248
33 3 216
33 4 79
33 5 26
33 6 203
33 8 166
33 9 230
33 10 197
33 11 88
33 12 110
33 13 122
33 14 298
33 15 273
33 17 35
33 18 307
33 19 135
33 20 282
33 21 19
33 22 78
33 23 273
33 24 62
33 25 203
33 26 233
33 27 47
33 28 228
33 29 121
33 30 290
33 31 269
33 32 177
34 0 317
34 1 209
34 2 179
34 3 213
34 4 201
34 5 81
34 6 10
34 7 199
34 8 74
34 9 54
34 10 230
34 11 140
34 12 291
34 14 320
34 15 125
34 16 217
34 17 176
34 18 251
34 19 157
34 20 241
34 21 24
34 22 209
34 23 240
34 24 260
34 25 178
34 26 11
34 27 284
34 28 138
34 29 230
34 30 6
34 31 29
34 32 164
34 33 214
35 1 132
35 2 112
35 4 183
35 5 299
35 6 78
35 8 49
35 9 245
35 10 121
35 11 86
35 12 143
35 13 112
35 14 183
35 15 88
35 16 296
35 17 65
35 18 263
35 19 154
35 20 274
35 21 296
35 22 30
35 23 39
35 24 238
35 25 197
35 26 149
35 27 311
35 29 198
35 30 111
35 31 194
35 33 245
35 34 13
36 0 197
36 1 261
36 2 176
36 3 78
36 4 55
36 5 58
36 6 21
36 7 283
36 8 53
36 9 52
36 10 247
36 11 156
36 12 272
36 13 36
36 14 139
36 16 71
36 17 282
36 18 10
36 20 42
36 21 307
36 22 96
36 23 30
36 24 139
36 26 118
36 27 228
36 28 40
36 29 209
36 30 152
36 31 133
36 32 13
36 33 43
36 34 300
36 35 113
37 0 259
37 1 36
37 3 211
37 4 23
37 5 144
37 7 251
37 8 259
37 9 114
37 10 308
37 11 169
37 12 304
37 13 198
37 14 191
37 15 43
37 16 222
37 18 183
37 19 143
37 20 225
37 21 274
37 22 40
37 23 56
37 24 37
37 25 171
37 26 202
37 28 72
37 29 111
37 30 126
37 31 103
37 32 173
37 34 266
37 36 105
38 0 273
38 1 4
38 2 71
38 3 320
38 5 236
38 6 227
38 7 121
38 8 67
38 9 81
38 10 128
38 11 214
38 13 191
38 14 80
38 15 172
38 16 244
38 17 113
38 18 89
38 19 42
38 20 196
38 21 45
38 22 120
38 23 267
38 24 3
38 25 166
38 26 257
38 27 237
38 28 177
38 29 154
38 30 247
38 31 303
38 32 306
38 33 182
38 34 161
38 35 131
38 36 105
38 37 212
39 0 19
39 1 158
39 2 15
39 3 222
39 4 304
39 5 310
39 6 301
39 7 245
39 9 243
39 10 249
39 11 114
39 12 118
39 14 53
39 15 188
39 16 9
39 17 300
39 18 283
39 20 16
39 21 246
39 23 292
39 24 150
39 26 103
39 27 103
39 28 269
39 29 224
39 30 159
39 31 82
39 32 282
39 33 231
39 34 118
39 35 38
39 36 3
39 37 276
39 38 207
40 0 284
40 1 251
40 2 13
40 3 222
40 4 145
40 5 81
40 6 180
40 7 107
40 8 56
40 9 268
40 10 91
40 11 47
40 12 109
40 13 102
40 14 127
40 15 104
40 16 240
40 17 192
40 18 242
40 19 100
40 20 28
40 21 46
40 22 311
40 23 255
40 24 279
40 25 53
40 26 236
40 27 244
40 28 22
40 30 112
40 31 273
40 32 161
40 33 44
40 34 58
40 35 165
40 36 40
40 37 26
40 38 69
40 39 278
41 0 219
41 1 14
41 2 10
41 3 2
41 4 70
41 5 152
41 6 88
41 7 18
41 9 273
41 10 34
41 11 158
41 13 50
41 14 217
41 15 314
41 16 279
41 18 278
41 19 173
41 20 186
41 21 165
41 22 195
41 23 88
41 24 213
41 25 230
41 26 223
41 27 209
41 28 236
41 29 117
41 30 161
41 31 255
41 32 263
41 33 320
41 34 212
41 35 294
41 36 301
41 37 47
41 38 47
41 39 289
41 40 215
42 0 136
42 1 259
42 2 312
42 3 187
42 4 235
42 5 4
42 6 109
42 7 246
42 8 40
42 9 52
42 10 299
42 11 280
42 12 12
42 13 66
42 14 222
42 15 136
42 16 1
42 17 147
42 18 309
42 20 83
42 21 216
42 22 73
42 24 200
42 25 43
42 26 251
42 27 187
42 29 198
42 30 227
42 31 104
42 32 171
42 33 279
42 34 35
42 35 93
42 36 130
42 38 77
42 39 85
42 41 281
43 0 62
43 1 127
43 2 279
43 3 305
43 4 208
43 5 10
43 6 196
43 7 20
43 8 148
43 9 70
43 10 38
43 11 42
43 12 295
43 13 120
43 14 314
43 15 276
43 16 290
43 17 77
43 18 104
43 19 148
43 20 15
43 21 123
43 22 260
43 23 74
43 24 243
43 25 83
43 26 199
43 27 209
43 29 89
43 30 252
43 31 39
43 33 142
43 34 57
43 35 185
43 36 103
43 37 304
43 38 88
43 39 159
43 40 25
43 41 274
43 42 118
44 0 165
44 1 231
44 2 83
44 3 279
44 4 288
44 6 278
44 7 186
44 9 10
44 10 2
44 11 266
44 12 231
44 13 170
44 14 203
44 15 16
44 16 138
44 17 73
44 18 159
44 19 287
44 20 260
44 21 65
44 22 259
44 23 203
44 25 175
44 26 142
44 27 17
44 29 232
44 30 237
44 31 18
44 32 217
44 33 281
44 34 286
44 35 315
44 36 181
44 37 230
44 38 292
44 39 228
44 40 153
44 41 101
44 42 7
44 43 62
45 0 113
45 1 309
45 3 74
45 5 61
45 7 255
45 8 27
45 9 225
45 10 222
45 11 64
45 12 51
45 13 178
45 14 304
45 15 23
45 16 221
45 17 104
45 18 317
45 19 58
45 20 117
45 21 16
45 22 230
45 23 115
45 24 21
45 25 159
45 26 212
45 27 81
45 28 79
45 29 137
45 30 258
45 31 132
45 32 63
45 33 100
45 34 16
45 35 271
45 36 141
45 37 81
45 38 98
45 39 101
45 41 198
45 42 158
45 43 87
46 0 236
46 1 252
46 2 257
46 3 91
46 5 7
46 6 230
46 7 119
46 9 317
46 10 205
46 11 280
46 12 288
46 14 56
46 15 242
46 16 233
46 17 121
46 18 48
46 19 67
46 20 104
46 21 117
46 22 120
46 23 213
46 24 93
46 25 79
46 26 296
46 28 217
46 29 171
46 31 285
46 33 277
46 35 26
46 36 79
46 37 320
46 38 90
46 39 216
46 40 316
46 41 182
46 42 254
46 43 275
47 0 204
47 1 228
47 2 215
47 3 314
47 7 12
47 8 93
47 9 239
47 10 233
47 11 85
47 12 48
47 13 233
47 15 236
47 16 314
47 17 24
47 18 221
47 19 257
47 20 238
47 21 177
47 22 269
47 23 51
47 25 295
47 27 81
47 28 277
47 29 10
47 30 217
47 31 105
47 32 221
47 33 64
47 34 259
47 35 240
47 36 291
47 37 53
47 39 275
47 40 268
47 41 187
47 42 156
47 43 239
47 44 254
47 45 208
48 0 169
48 1 268
48 2 202
48 3 105
48 4 45
48 5 278
48 7 192
48 8 211
48 9 143
48 10 262
48 11 183
48 12 46
48 13 146
48 14 37
48 16 4
48 17 178
48 18 124
48 19 295
48 20 186
48 21 49
48 22 47
48 23 112
48 24 188
48 26 248
48 27 294
48 28 202
48 29 291
48 30 79
48 31 311
48 32 148
48 33 307
48 34 68
48 35 94
48 36 122
48 38 283
48 39 94
48 40 157
48 41 237
48 42 41
48 43 228
48 44 179
48 45 285
48 46 98
48 47 74
49 0 17
49 1 145
49 2 62
49 3 190
49 4 155
49 6 122
49 7 6
49 8 122
49 9 94
49 10 143
49 11 31
49 13 165
49 14 58
49 15 202
49 16 43
49 17 164
49 18 318
49 19 34
49 20 74
49 21 188
49 22 236
49 23 156
49 24 104
49 25 164
49 26 129
49 27 259
49 28 126
49 29 224
49 30 110
49 32 302
49 33 19
49 34 1
49 35 79
49 36 252
49 37 243
49 38 23
49 39 156
49 40 40
49 41 242
49 42 17
49 43 5
49 44 66
49 45 78
49 47 117
49 48 61
50 0 146
50 1 238
50 2 235
50 3 190
50 4 86
50 5 139
50 6 277
50 7 148
50 8 174
50 9 2
50 10 231
50 11 73
50 12 163
50 13 3
50 14 292
50 15 63
50 16 297
50 17 307
50 18 207
50 19 318
50 20 172
50 21 204
50 24 233
50 25 317
50 26 90
50 27 7
50 29 197
50 30 300
50 32 195
50 33 119
50 35 243
50 36 39
50 37 298
50 38 56
50 39 250
50 40 54
50 41 8
50 42 248
50 43 34
50 44 287
50 45 199
50 46 225
50 48 64
50 49 191
51 0 77
51 1 272
51 2 225
51 3 286
51 4 314
51 5 285
51 7 257
51 8 138
51 9 213
51 10 279
51 11 186
51 12 270
51 14 228
51 15 79
51 16 102
51 17 52
51 18 219
51 19 73
51 20 53
51 21 236
51 22 67
51 23 295
51 24 89
51 25 205
51 26 177
51 27 252
51 29 15
51 30 290
51 31 130
51 32 139
51 33 155
51 34 153
51 35 200
51 36 301
51 37 16
51 38 101
51 39 271
51 40 121
51 41 54
51 42 229
51 43 220
51 46 36
51 47 10
51 48 149
51 49 317
51 50 283
52 0 101
52 1 3
52 2 118
52 3 101
52 5 212
52 6 140
52 7 81
52 8 211
52 9 119
52 10 124
52 11 153
52 12 151
52 14 221
52 15 298
52 16 59
52 17 91
52 18 183
52 19 245
52 20 148
52 21 126
52 22 249
52 23 55
52 24 22
52 25 88
52 26 160
52 27 251
52 28 260
52 29 52
52 31 268
52 32 149
52 33 78
52 34 170
52 35 5
52 36 188
52 37 137
52 38 217
52 39 98
52 40 254
52 41 157
52 42 81
52 45 140
52 46 253
52 47 209
52 48 162
52 49 62
52 50 132
52 51 296
53 0 285
53 1 258
53 2 176
53 3 261
53 4 314
53 5 232
53 6 77
53 7 298
53 8 129
53 9 138
53 10 30
53 11 172
53 12 286
53 13 207
53 14 313
53 16 310
53 17 102
53 18 71
53 19 3
53 21 65
53 22 239
53 23 280
53 24 24
53 26 261
53 27 191
53 28 102
53 29 248
53 30 285
53 31 90
53 32 93
53 33 82
53 34 184
53 35 281
53 36 184
53 37 211
53 38 320
53 39 70
53 40 33
53 41 105
53 42 103
53 43 159
53 44 176
53 45 179
53 46 175
53 47 151
53 48 190
53 49 59
53 50 182
53 51 112
53 52 177
54 0 205
54 1 178
54 2 250
54 3 18
54 4 167
54 5 298
54 6 183
54 7 244
54 11 219
54 12 283
54 13 182
54 14 186
54 15 117
54 16 174
54 17 152
54 18 113
54 19 126
54 20 96
54 22 226
54 23 272
54 24 114
54 25 309
54 26 110
54 27 251
54 28 28
54 29 98
54 30 92
54 31 302
54 32 291
54 33 26
54 35 107
54 36 109
54 37 1
54 38 268
54 39 44
54 40 30
54 41 244
54 42 163
54 43 104
54 44 132
54 45 172
54 46 255
54 47 15
54 48 36
54 49 198
54 50 319
54 52 265
54 53 199
55 1 268
55 2 81
55 3 215
55 4 16
55 5 256
55 6 104
55 7 239
55 9 119
55 10 295
55 11 198
55 12 282
55 13 46
55 14 110
55 15 163
55 17 218
55 18 172
55 19 222
55 20 237
55 21 107
55 22 33
55 23 39
55 24 145
55 25 43
55 26 192
55 27 101
55 28 286
55 29 98
55 30 142
55 31 147
55 32 236
55 33 189
55 34 56
55 35 4
55 36 302
55 37 58
55 38 36
55 39 37
55 40 192
55 42 20
55 44 315
55 45 191
55 47 70
55 48 253
55 49 2
55 50 288
55 51 264
55 52 170
55 53 301
55 54 291
56 0 30
56 1 227
56 2 157
56 3 6
56 4 147
56 5 42
56 7 170
56 9 298
56 10 265
56 11 291
56 12 302
56 13 272
56 14 231
56 15 61
56 16 153
56 19 32
56 20 190
56 21 203
56 23 268
56 24 193
56 25 309
56 26 197
56 27 95
56 28 147
56 29 97
56 30 114
56 31 23
56 32 239
56 33 294
56 34 34
56 35 208
56 36 300
56 37 147
56 38 286
56 40 109
56 41 31
56 42 273
56 43 60
56 44 305
56 45 134
56 46 170
56 47 249
56 48 178
56 49 181
56 50 204
56 51 179
56 52 48
56 53 114
56 54 86
56 55 173
57 0 195
57 1 268
57 3 181
57 5 68
57 6 120
57 7 83
57 9 81
57 10 224
57 11 250
57 12 128
57 13 142
57 14 263
57 15 110
57 17 83
57 18 44
57 19 119
57 20 236
57 21 314
57 22 21
57 23 69
57 24 242
57 25 294
57 26 13
57 27 314
57 28 27
57 29 282
57 30 214
57 31 69
57 32 50
57 33 143
57 34 77
57 35 114
57 36 18
57 37 164
57 39 68
57 40 43
57 41 122
57 42 63
57 43 288
57 44 19
57 45 251
57 46 248
57 48 235
57 49 49
57 50 202
57 51 57
57 52 57
57 53 197
57 54 86
57 55 279
57 56 134
58 0 308
58 1 239
58 2 90
58 3 141
58 4 185
58 5 76
58 7 188
58 8 91
58 9 159
58 10 116
58 12 259
58 13 199
58 14 140
58 15 147
58 16 157
58 21 279
58 22 100
58 23 189
58 24 250
58 25 8
58 26 183
58 27 33
58 28 67
58 30 62
58 32 226
58 33 201
58 34 100
58 35 139
58 36 180
58 37 162
58 38 23
58 39 9
58 40 8
58 41 44
58 42 181
58 43 42
58 44 236
58 45 180
58 46 184
58 47 48
58 48 195
58 50 66
58 51 293
58 52 185
58 53 5
58 54 297
58 55 146
58 56 8
59 0 16
59 1 189
59 2 13
59 3 182
59 4 314
59 5 133
59 6 277
59 7 34
59 8 135
59 9 67
59 10 42
59 11 214
59 12 121
59 13 177
59 14 11
59 15 42
59 16 133
59 17 102
59 18 2
59 19 255
59 20 96
59 21 58
59 22 272
59 23 56
59 24 292
59 25 319
59 26 34
59 27 79
59 28 42
59 29 36
59 30 302
59 31 279
59 33 285
59 34 127
59 35 79
59 36 162
59 38 222
59 40 285
59 41 316
59 43 303
59 44 311
59 45 248
59 46 199
59 47 280
59 48 43
59 49 13
59 50 124
59 51 197
59 52 297
59 53 45
59 55 134
59 56 207
59 57 59
59 58 273
60 0 27
60 1 282
60 3 69
60 4 118
60 5 129
60 6 44
60 7 118
60 8 73
60 9 28
60 10 57
60 11 122
60 12 152
60 13 221
60 14 124
60 15 176
60 16 204
60 17 33
60 18 62
60 19 127
60 21 125
60 22 86
60 23 114
60 24 273
60 25 172
60 26 194
60 27 31
60 28 319
60 29 162
60 30 30
60 31 1
60 32 225
60 33 159
60 34 170
60 35 147
60 37 160
60 38 105
60 39 134
60 40 120
60 41 25
60 42 89
60 43 30
60 44 186
60 45 12
60 46 244
60 47 207
60 48 34
60 49 37
60 50 39
60 51 302
60 52 234
60 53 204
60 54 190
60 55 41
60 57 65
60 58 138
60 59 44
61 0 146
61 1 38
61 3 72
61 4 235
61 5 112
61 6 48
61 7 165
61 8 198
61 9 308
61 10 139
61 11 293
61 12 69
61 13 132
61 15 295
61 16 305
61 17 219
61 18 301
61 19 73
61 20 280
61 21 53
61 22 219
61 23 104
61 25 146
61 26 102
61 27 247
61 28 70
61 29 212
61 30 225
61 31 32
61 32 157
61 33 154
61 34 234
61 35 260
61 36 132
61 37 75
61 40 50
61 41 132
61 42 59
61 43 234
61 44 228
61 45 159
61 46 118
61 47 84
61 48 146
61 49 272
61 50 48
61 51 207
61 52 170
61 53 250
61 54 119
61 55 149
61 56 99
61 58 15
61 59 235
61 60 306
62 0 63
62 1 232
62 2 84
62 3 98
62 4 281
62 5 46
62 6 82
62 7 54
62 8 56
62 9 61
62 10 122
62 11 215
62 12 272
62 13 319
62 14 153
62 15 274
62 16 71
62 17 90
62 18 113
62 19 72
62 20 258
62 21 98
62 22 303
62 23 156
62 24 115
62 25 319
62 26 82
62 27 246
62 28 107
62 29 17
62 31 7
62 32 91
62 34 9
62 35 77
62 36 151
62 38 70
62 39 203
62 40 82
62 41 192
62 42 89
62 43 160
62 44 120
62 45 56
62 46 256
62 47 156
62 48 230
62 49 186
62 50 134
62 51 66
62 52 222
62 54 255
62 55 105
62 56 1
62 57 52
62 58 193
62 59 30
62 60 21
62 61 19
63 0 269
63 1 154
63 2 252
63 3 296
63 4 91
63 5 273
63 6 178
63 7 83
63 8 14
63 9 117
63 10 181
63 11 181
63 12 44
63 13 13
63 14 21
63 15 49
63 16 263
63 17 299
63 18 266
63 19 127
63 20 295
63 21 131
63 22 230
63 24 255
63 25 50
63 26 168
63 27 124
63 28 279
63 29 95
63 30 242
63 31 186
63 32 303
63 33 144
63 34 21
63 35 166
63 36 307
63 37 88
63 38 100
63 39 298
63 40 40
63 41 160
63 42 318
63 43 271
63 44 85
63 45 293
63 46 221
63 47 152
63 48 207
63 49 161
63 50 311
63 51 268
63 52 12
63 53 233
63 54 37
63 55 256
63 58 84
63 59 57
63 60 114
63 61 101
63 62 211
64 0 103
64 1 125
64 2 293
64 3 240
64 4 127
64 5 67
64 6 151
64 7 248
64 8 55
64 9 189
64 10 60
64 11 171
64 12 250
64 13 53
64 14 7
64 15 16
64 16 61
64 17 103
64 18 46
64 19 177
64 20 259
64 21 317
64 22 86
64 23 244
64 24 174
64 25 6
64 26 267
64 27 248
64 28 288
64 29 299
64 30 73
64 31 11
64 32 299
64 33 107
64 34 162
64 35 67
64 36 64
64 37 75
64 38 113
64 39 302
64 40 294
64 41 15
64 42 55
64 43 249
64 44 22
64 45 29
64 46 185
64 47 247
64 48 48
64 49 237
64 50 231
64 51 177
64 52 231
64 54 289
64 55 87
64 56 277
64 57 139
64 58 77
64 59 152
64 60 191
64 61 61
64 62 240
64 63 48
65 0 153
65 1 134
65 2 103
65 3 280
65 4 153
65 5 127
65 6 30
65 7 187
65 8 305
65 9 284
65 10 193
65 11 82
65 12 148
65 13 137
65 14 127
65 15 299
65 16 149
65 18 4
65 19 162
65 20 163
65 21 115
65 22 301
65 23 316
65 24 279
65 25 277
65 26 228
65 28 199
65 29 62
65 30 140
65 31 144
65 32 98
65 33 294
65 34 61
65 35 274
65 36 127
65 37 65
65 38 190
65 39 241
65 40 212
65 41 279
65 42 217
65 43 143
65 45 125
65 46 64
65 47 196
65 48 256
65 49 160
65 51 267
65 53 114
65 54 162
65 55 90
65 56 126
65 57 17
65 58 43
65 59 257
65 60 150
65 61 81
65 62 49
65 63 287
65 64 54
66 0 232
66 1 254
66 2 12
66 3 159
66 5 304
66 6 69
66 7 130
66 8 203
66 9 278
66 10 134
66 11 3
66 12 301
66 14 157
66 15 164
66 16 255
66 17 184
66 18 206
66 19 235
66 20 257
66 21 8
66 22 126
66 23 35
66 24 199
66 25 192
66 26 75
66 27 184
66 28 165
66 29 226
66 30 103
66 31 202
66 33 116
66 35 63
66 36 153
66 37 289
66 38 65
66 39 7
66 40 222
66 41 39
66 42 282
66 43 105
66 44 269
66 45 61
66 46 164
66 47 181
66 48 183
66 50 127
66 51 39
66 53 9
66 54 138
66 55 103
66 56 135
66 58 246
66 60 29
66 61 197
66 62 273
66 63 67
66 64 1
66 65 109
67 0 211
67 1 149
67 2 97
67 3 263
67 4 315
67 5 35
67 6 45
67 7 211
67 8 243
67 10 112
67 11 179
67 12 152
67 13 89
67 14 9
67 15 105
67 16 173
67 17 100
67 18 244
67 19 30
67 20 65
67 21 256
67 22 38
67 23 44
67 25 59
67 26 46
67 27 108
67 28 77
67 29 147
67 30 121
67 31 314
67 32 306
67 33 29
67 34 239
67 35 111
67 36 75
67 37 11
67 38 183
67 39 191
67 41 11
67 42 23
67 43 205
67 44 305
67 45 150
67 46 182
67 47 12
67 48 261
67 49 222
67 50 31
67 51 131
67 52 127
67 53 262
67 55 183
67 56 63
67 57 279
67 58 121
67 59 298
67 60 212
67 61 80
67 62 164
67 63 311
67 64 123
67 66 265
68 0 121
68 1 88
68 2 27
68 3 139
68 4 313
68 5 15
68 6 219
68 7 319
68 8 130
68 9 282
68 11 268
68 12 200
68 14 110
68 15 235
68 16 165
68 18 131
68 19 260
68 20 31
68 21 129
68 22 155
68 23 15
68 24 237
68 25 217
68 26 252
68 27 18
68 28 195
68 29 188
68 30 230
68 31 3
68 32 11
68 34 233
68 35 171
68 36 103
68 37 37
68 38 128
68 40 39
68 41 202
68 42 248
68 43 153
68 44 240
68 45 57
68 46 138
68 47 201
68 48 289
68 49 299
68 50 315
68 51 238
68 52 319
68 53 146
68 54 312
68 55 102
68 56 119
68 57 304
68 58 110
68 59 171
68 60 102
68 62 263
68 63 16
68 64 26
68 65 70
68 66 113
68 67 133
69 0 102
69 1 84
69 2 313
69 4 161
69 5 119
69 6 302
69 7 277
69 8 228
69 9 141
69 10 305
69 11 320
69 12 15
69 13 297
69 14 274
69 15 210
69 16 23
69 17 285
69 18 49
69 19 149
69 20 131
69 21 184
69 22 201
69 23 205
69 24 320
69 25 75
69 26 122
69 27 97
69 28 144
69 29 109
69 30 319
69 31 125
69 32 132
69 33 126
69 35 28
69 37 33
69 39 183
69 40 63
69 41 278
69 42 98
69 43 85
69 44 26
69 45 109
69 46 79
69 47 308
69 48 246
69 49 195
69 50 135
69 51 107
69 52 42
69 53 96
69 55 14
69 56 81
69 57 314
69 58 218
69 59 230
69 60 258
69 61 247
69 62 224
69 64 243
69 65 220
69 66 94
69 67 5
69 68 17
