60
2 0 8
8 3 9
8 7 7
9 0 3
9 1 5
9 2 6
9 8 4
11 8 5
12 1 1
13 7 2
14 2 2
15 13 9
16 3 4
16 13 4
17 0 1
17 1 7
17 11 6
17 13 4
18 1 7
18 3 3
18 7 9
18 10 2
18 12 1
20 13 6
21 5 1
21 9 6
23 15 5
23 17 5
24 8 6
24 11 9
26 4 10
26 8 10
26 12 5
26 13 6
26 17 5
27 1 10
27 5 1
27 20 8
27 25 5
28 11 9
28 12 4
29 11 10
29 18 8
30 16 9
30 18 6
31 8 2
32 3 1
32 6 5
32 9 6
32 18 7
33 1 10
33 3 3
33 4 3
33 12 2
33 28 5
34 8 6
34 11 5
34 12 9
34 21 2
34 26 10
34 30 1
35 6 7
35 21 9
35 24 1
36 7 5
36 11 2
36 34 4
37 18 10
37 19 9
37 30 6
38 0 6
38 1 5
38 4 1
38 6 9
38 12 10
38 27 5
38 32 7
38 33 5
39 32 3
40 18 5
40 19 2
40 20 4
40 25 2
40 35 3
40 36 5
41 2 8
41 11 1
41 32 7
42 9 2
42 37 1
43 5 10
43 22 2
43 23 2
43 31 4
43 38 6
43 41 2
43 42 10
44 2 10
44 4 7
44 31 10
45 13 10
45 30 7
45 36 9
45 42 3
46 11 2
46 31 7
47 4 10
47 13 8
47 27 7
47 35 7
47 45 3
47 46 6
48 7 10
48 14 9
49 28 5
49 32 2
50 1 7
50 6 3
50 9 3
50 40 2
50 49 9
51 23 10
51 32 2
51 37 2
51 38 9
52 9 8
52 11 4
52 18 7
52 20 1
52 24 6
52 37 3
52 40 2
52 42 8
52 47 4
52 51 2
53 14 9
53 26 4
53 44 4
54 11 3
54 23 5
54 29 2
54 31 3
54 40 1
54 47 1
55 1 9
55 4 3
55 15 1
55 16 3
55 21 5
55 29 3
55 32 4
55 34 3
55 54 9
56 12 7
56 14 5
56 15 7
56 29 3
56 34 3
56 43 5
57 8 7
57 12 2
57 18 6
57 26 4
57 35 10
57 43 1
57 46 9
57 48 10
58 2 2
58 13 1
58 16 10
58 19 5
58 45 5
59 2 2
59 4 8
59 7 9
59 8 5
59 23 7
59 42 7
59 47 2
59 52 9
59 55 2
