30
2 1 7
3 0 2
3 1 3
3 2 7
4 2 6
5 2 9
5 4 3
6 1 10
6 2 7
6 3 2
6 4 8
7 1 10
7 6 10
8 2 9
8 3 6
8 4 5
8 6 9
9 6 3
11 9 6
12 0 4
12 2 3
12 4 7
12 5 1
12 7 2
12 9 6
12 10 10
13 2 9
13 4 4
13 7 3
13 11 1
13 12 2
14 5 1
14 7 7
14 13 8
15 4 9
15 6 3
16 2 3
16 8 4
16 9 3
16 12 3
16 13 4
17 6 4
17 7 5
17 10 8
18 1 8
18 4 7
18 5 7
18 11 10
18 13 9
18 16 5
18 17 1
19 2 10
19 3 5
19 4 8
19 11 10
19 16 7
20 2 4
20 10 4
20 12 4
20 13 1
20 19 1
21 3 7
21 4 8
21 7 10
21 8 1
21 14 1
21 15 3
21 18 7
22 1 4
22 7 10
22 8 5
22 10 8
22 12 2
22 18 9
23 6 8
23 7 6
23 13 6
23 14 9
23 18 5
23 22 6
24 0 8
24 2 4
24 4 3
24 10 10
24 12 9
24 14 8
24 15 2
24 17 9
24 18 7
25 0 3
25 2 10
25 6 4
25 8 6
25 13 8
25 23 7
26 4 7
26 5 10
26 9 5
26 14 9
26 16 3
26 21 2
27 2 6
27 6 7
27 20 10
27 21 2
27 24 3
28 3 7
28 6 6
28 9 4
28 11 7
28 14 5
28 15 3
28 17 4
28 19 3
28 22 3
28 24 2
28 27 9
29 2 9
29 3 2
29 6 8
29 12 7
29 14 10
29 19 3
29 20 9
29 21 8
29 24 8
29 25 8
29 27 5
29 28 3
