50
3 0 66
3 1 94
4 1 101
5 0 294
5 3 222
6 1 141
6 3 244
6 5 165
7 0 312
7 2 4
8 0 93
8 2 181
8 4 155
8 7 318
9 1 298
9 3 137
10 7 251
10 9 44
11 1 297
11 2 218
11 6 108
11 7 14
11 8 293
11 10 200
12 0 156
12 2 255
12 3 170
12 5 285
12 8 177
12 11 146
13 3 145
13 4 120
13 7 13
13 9 33
13 11 262
14 0 231
14 4 134
14 5 309
14 7 108
14 8 250
14 9 230
14 10 115
14 13 203
15 9 68
15 14 255
16 4 203
16 5 53
16 6 175
16 7 13
16 9 162
16 10 59
16 12 197
17 1 230
17 6 175
17 11 181
17 12 7
17 13 292
17 14 317
17 16 251
18 0 206
18 1 189
18 2 289
18 3 132
18 4 25
18 5 280
18 6 272
18 14 190
18 16 261
19 1 253
19 2 79
19 4 1
19 5 59
19 9 153
19 10 113
19 16 178
19 17 238
20 1 307
20 6 221
20 8 211
20 9 28
20 10 24
20 12 228
20 16 254
20 17 122
20 18 264
21 1 279
21 3 84
21 4 3
21 5 130
21 7 54
21 8 87
21 13 27
21 14 71
21 15 249
21 16 226
21 17 118
21 19 63
21 20 281
22 3 25
22 4 55
22 8 218
22 9 50
22 11 65
22 13 317
22 17 73
22 20 216
23 1 190
23 2 57
23 4 195
23 5 55
23 6 57
23 12 25
23 16 102
23 17 219
23 21 170
24 1 46
24 2 270
24 5 224
24 9 179
24 14 116
24 15 176
24 16 99
24 17 308
24 20 8
24 23 180
25 2 194
25 6 252
25 7 269
25 8 274
25 9 301
25 11 58
25 12 22
25 15 292
25 16 111
25 18 167
25 22 21
26 10 114
26 13 289
26 20 99
26 21 214
26 24 248
26 25 282
27 4 110
27 5 279
27 7 237
27 8 28
27 9 297
27 10 126
27 13 80
27 14 167
27 15 58
27 16 26
27 18 243
27 22 18
27 23 139
27 24 210
27 25 155
28 0 288
28 3 10
28 4 293
28 5 276
28 6 167
28 9 219
28 11 193
28 12 199
28 13 319
28 14 133
28 15 264
28 19 166
28 21 218
28 22 107
28 24 165
29 0 27
29 4 314
29 6 280
29 7 165
29 12 236
29 15 122
29 16 76
29 18 252
29 20 112
29 22 120
29 25 241
29 27 218
29 28 162
30 4 48
30 5 176
30 9 137
30 10 138
30 18 63
30 19 204
30 20 146
30 28 304
30 29 299
31 0 72
31 3 243
31 4 237
31 5 94
31 7 61
31 9 71
31 11 36
31 14 98
31 22 19
31 28 182
32 1 264
32 2 186
32 5 113
32 8 85
32 9 165
32 10 91
32 11 92
32 12 113
32 14 174
32 15 71
32 16 303
32 17 222
32 18 220
32 19 287
32 20 311
32 21 278
32 25 187
32 31 98
33 0 94
33 1 296
33 5 229
33 8 274
33 22 180
33 24 36
33 25 108
33 29 275
34 6 54
34 10 241
34 14 36
34 18 52
34 23 270
34 25 256
34 28 220
34 29 220
35 5 45
35 6 306
35 12 216
35 13 260
35 14 209
35 16 279
35 20 72
35 22 88
35 31 29
35 33 167
35 34 164
36 5 87
36 6 291
36 7 200
36 8 36
36 10 197
36 12 296
36 13 180
36 14 242
36 17 172
36 18 245
36 20 21
36 25 1
36 26 205
36 30 162
36 32 319
37 2 220
37 7 184
37 9 183
37 12 174
37 17 2
37 18 43
37 20 257
37 21 314
37 22 67
37 24 157
37 25 148
37 32 243
38 4 155
38 5 214
38 6 299
38 7 106
38 14 183
38 15 239
38 21 218
38 24 49
38 25 203
38 29 276
38 31 9
38 32 79
38 34 314
39 1 97
39 2 285
39 4 305
39 5 134
39 6 74
39 7 312
39 9 121
39 11 198
39 13 62
39 14 314
39 22 194
39 26 220
39 27 13
39 31 49
39 32 102
39 33 202
39 34 126
39 35 83
39 36 238
39 38 200
40 5 26
40 6 213
40 10 251
40 13 311
40 15 6
40 16 153
40 18 127
40 19 295
40 22 170
40 23 145
40 25 50
40 26 118
40 27 73
40 30 298
40 31 300
40 32 281
40 34 63
40 38 222
40 39 150
41 0 303
41 2 248
41 4 167
41 5 254
41 13 87
41 16 245
41 23 249
41 25 149
41 26 116
41 27 156
41 29 275
41 31 264
41 35 200
41 36 29
42 1 263
42 3 3
42 4 200
42 6 141
42 7 220
42 8 188
42 13 221
42 14 250
42 17 55
42 18 170
42 19 176
42 20 10
42 22 275
42 23 77
42 24 260
42 27 147
42 28 52
42 29 123
42 33 87
42 40 81
42 41 138
43 7 138
43 12 211
43 15 173
43 16 76
43 17 296
43 21 103
43 23 64
43 24 187
43 27 266
43 31 230
43 36 235
43 39 58
43 40 52
44 3 293
44 4 10
44 9 246
44 10 110
44 11 300
44 13 163
44 19 24
44 20 109
44 21 171
44 23 241
44 29 307
44 30 105
44 31 60
44 37 255
44 38 195
44 42 234
44 43 88
45 0 185
45 3 195
45 7 262
45 9 4
45 11 283
45 15 64
45 21 113
45 23 33
45 24 46
45 29 44
45 32 253
45 37 286
45 38 134
45 40 233
45 43 281
45 44 319
46 0 286
46 4 309
46 5 257
46 7 162
46 9 251
46 10 22
46 12 222
46 15 211
46 18 272
46 21 235
46 23 77
46 24 98
46 25 102
46 28 59
46 35 176
46 38 309
46 42 242
46 43 236
46 44 77
47 0 99
47 3 12
47 4 190
47 6 188
47 9 188
47 20 162
47 23 178
47 24 280
47 26 159
47 28 161
47 29 266
47 30 245
47 33 302
47 34 311
47 37 131
47 40 170
47 41 236
47 42 152
47 43 177
47 45 45
47 46 18
48 1 187
48 5 157
48 6 39
48 9 252
48 10 248
48 20 211
48 21 310
48 22 41
48 24 2
48 33 246
48 37 140
48 41 204
48 42 254
48 43 214
48 46 153
48 47 154
49 0 276
49 1 29
49 5 218
49 6 206
49 11 59
49 14 187
49 17 220
49 23 316
49 26 53
49 28 37
49 32 152
49 33 119
49 34 5
49 40 263
49 45 283
49 46 100
49 47 64
