60
1 0 38
2 0 14
2 1 9
3 0 9
3 1 37
3 2 3
4 1 16
4 2 25
4 3 19
5 1 28
5 3 13
6 0 16
6 1 17
6 2 26
6 3 25
6 4 39
6 5 10
7 0 5
7 1 37
7 2 4
7 3 14
7 5 38
8 0 4
8 1 3
8 2 18
8 3 3
8 4 40
8 6 18
8 7 37
9 0 34
9 1 14
9 2 5
9 3 37
9 4 1
9 5 17
9 6 8
9 7 24
9 8 37
10 0 28
10 1 39
10 2 12
10 3 25
10 4 36
10 5 17
10 6 24
10 7 8
10 8 4
10 9 25
11 0 21
11 1 23
11 2 7
11 3 7
11 4 19
11 5 7
11 6 11
11 7 22
11 8 40
11 9 6
11 10 19
12 0 2
12 1 12
12 2 37
12 3 37
12 4 18
12 5 35
12 6 32
12 7 20
12 8 22
12 9 16
12 10 15
12 11 26
13 0 24
13 1 33
13 2 3
13 3 17
13 6 40
13 8 23
13 10 15
14 0 8
14 2 14
14 3 34
14 5 29
14 6 4
14 7 18
14 8 11
14 9 12
14 10 39
14 11 28
14 12 9
14 13 32
15 0 32
15 1 9
15 2 23
15 3 1
15 4 12
15 5 15
15 7 25
15 8 10
15 9 12
15 10 12
15 11 34
15 12 23
15 13 18
15 14 3
16 0 6
16 1 39
16 3 3
16 4 14
16 5 17
16 6 32
16 7 29
16 8 40
16 9 16
16 11 4
16 12 2
16 13 19
16 14 21
16 15 37
17 0 5
17 1 15
17 2 11
17 3 34
17 4 23
17 5 8
17 6 6
17 8 20
17 9 14
17 10 28
17 11 7
17 12 7
17 13 24
17 14 25
17 15 23
17 16 39
18 0 12
18 1 34
18 2 18
18 3 35
18 4 4
18 5 31
18 6 9
18 7 20
18 8 18
18 9 23
18 10 40
18 11 2
18 12 2
18 13 33
18 14 20
18 15 21
18 16 40
18 17 8
19 0 6
19 1 1
19 2 9
19 3 14
19 4 10
19 5 30
19 6 26
19 7 12
19 8 17
19 9 25
19 11 5
19 12 23
19 13 15
19 14 25
19 16 9
19 17 37
19 18 29
20 0 25
20 2 17
20 3 6
20 4 13
20 5 5
20 6 1
20 7 34
20 8 21
20 9 34
20 10 11
20 13 32
20 14 5
20 15 19
20 16 34
20 17 39
20 18 37
20 19 14
21 0 18
21 1 14
21 2 4
21 3 25
21 4 7
21 5 24
21 6 13
21 7 23
21 9 5
21 10 22
21 12 7
21 13 6
21 14 25
21 15 20
21 16 27
21 17 2
21 18 23
21 19 22
22 0 6
22 1 22
22 2 11
22 3 19
22 4 27
22 5 32
22 6 17
22 7 14
22 8 14
22 9 26
22 10 33
22 11 4
22 12 33
22 13 30
22 14 35
22 15 2
22 16 40
22 17 31
22 18 2
22 19 35
22 20 25
22 21 20
23 0 13
23 1 27
23 2 33
23 4 25
23 5 5
23 6 13
23 7 14
23 8 32
23 9 14
23 10 13
23 11 35
23 13 27
23 14 1
23 15 29
23 16 24
23 17 8
23 18 18
23 19 4
23 20 9
23 21 4
23 22 18
24 0 28
24 1 21
24 2 13
24 3 39
24 4 36
24 5 20
24 6 38
24 7 7
24 8 5
24 9 5
24 10 25
24 11 3
24 12 36
24 13 19
24 14 25
24 16 28
24 17 21
24 18 8
24 19 25
24 20 38
24 21 5
24 22 18
24 23 11
25 1 2
25 2 32
25 4 35
25 5 21
25 6 26
25 7 24
25 8 26
25 9 8
25 10 23
25 11 11
25 12 34
25 13 14
25 14 25
25 15 25
25 16 39
25 17 34
25 18 8
25 19 22
25 20 3
25 21 36
25 22 5
25 23 13
25 24 4
26 0 10
26 1 13
26 2 37
26 3 10
26 4 19
26 5 2
26 6 8
26 7 15
26 8 16
26 9 33
26 10 20
26 12 39
26 13 1
26 14 19
26 15 39
26 16 26
26 17 19
26 18 27
26 19 18
26 20 4
26 21 26
26 22 18
26 23 8
26 24 10
26 25 30
27 0 34
27 1 31
27 3 33
27 4 30
27 5 2
27 6 31
27 7 30
27 8 22
27 9 28
27 10 27
27 11 29
27 12 13
27 13 7
27 14 32
27 15 30
27 16 9
27 17 18
27 18 2
27 19 7
27 20 38
27 21 34
27 22 36
27 23 35
27 24 33
27 25 25
27 26 25
28 1 32
28 2 3
28 4 8
28 5 27
28 6 6
28 7 18
28 9 24
28 10 8
28 11 19
28 12 32
28 14 32
28 16 17
28 17 17
28 18 23
28 19 25
28 20 17
28 21 29
28 22 2
28 23 26
28 24 25
28 25 38
28 26 35
28 27 1
29 0 10
29 1 5
29 2 28
29 3 7
29 5 17
29 7 37
29 8 5
29 9 32
29 11 27
29 12 32
29 13 4
29 14 33
29 15 12
29 16 15
29 17 29
29 18 38
29 19 25
29 20 7
29 21 35
29 22 27
29 23 2
29 24 10
29 25 26
29 26 5
29 27 18
29 28 35
30 0 34
30 1 25
30 2 7
30 4 30
30 6 8
30 7 16
30 8 21
30 9 32
30 10 11
30 11 9
30 13 18
30 14 7
30 15 15
30 16 38
30 17 5
30 18 1
30 19 27
30 20 11
30 21 23
30 22 15
30 23 18
30 24 40
30 25 25
30 26 9
30 27 26
30 28 32
31 0 40
31 1 35
31 2 26
31 3 13
31 4 1
31 5 17
31 6 31
31 7 35
31 8 27
31 10 21
31 11 37
31 12 39
31 13 1
31 14 29
31 15 21
31 16 34
31 17 9
31 18 33
31 19 15
31 20 15
31 21 25
31 23 3
31 25 22
31 26 18
31 27 10
31 28 21
31 29 38
31 30 36
32 1 25
32 2 4
32 3 1
32 4 12
32 5 38
32 6 17
32 7 15
32 8 21
32 9 8
32 10 12
32 11 14
32 12 20
32 13 8
32 14 27
32 15 30
32 16 3
32 17 27
32 18 27
32 19 25
32 20 36
32 21 29
32 22 21
32 23 14
32 24 3
32 25 32
32 26 20
32 27 38
32 29 8
32 30 25
32 31 31
33 0 36
33 1 10
33 2 16
33 3 37
33 4 16
33 5 19
33 7 20
33 8 21
33 9 17
33 10 6
33 11 36
33 12 1
33 13 35
33 14 11
33 15 8
33 16 11
33 17 38
33 18 31
33 19 14
33 20 37
33 21 19
33 22 4
33 23 21
33 24 14
33 25 26
33 26 2
33 27 36
33 28 18
33 29 38
33 30 16
33 31 5
33 32 10
34 0 22
34 1 36
34 2 38
34 3 15
34 4 34
34 5 14
34 6 32
34 7 19
34 8 38
34 9 14
34 10 39
34 12 5
34 13 4
34 14 7
34 15 35
34 16 37
34 17 37
34 18 36
34 19 16
34 21 20
34 22 14
34 23 11
34 24 30
34 25 35
34 26 11
34 27 4
34 28 7
34 30 5
34 31 19
34 33 40
35 1 14
35 2 1
35 4 8
35 5 2
35 6 14
35 7 40
35 8 14
35 9 21
35 10 18
35 11 4
35 12 18
35 13 7
35 14 19
35 15 28
35 16 38
35 17 26
35 18 24
35 19 27
35 20 30
35 21 36
35 22 8
35 23 18
35 24 7
35 25 12
35 26 32
35 27 20
35 28 8
35 30 13
35 31 1
35 33 22
36 0 28
36 1 19
36 2 25
36 3 25
36 4 12
36 5 25
36 6 40
36 7 29
36 8 30
36 11 23
36 12 40
36 13 20
36 14 10
36 15 4
36 16 24
36 17 15
36 18 32
36 19 18
36 20 14
36 21 22
36 22 26
36 23 2
36 24 24
36 25 2
36 26 35
36 27 36
36 28 36
36 29 17
36 30 2
36 31 31
36 32 15
36 33 27
36 34 10
36 35 9
37 0 3
37 1 4
37 2 24
37 3 25
37 4 21
37 5 15
37 6 3
37 7 14
37 8 34
37 10 33
37 11 1
37 12 17
37 13 11
37 14 26
37 16 29
37 17 26
37 18 6
37 19 23
37 20 14
37 21 40
37 22 31
37 23 13
37 25 29
37 26 9
37 27 29
37 28 27
37 29 27
37 30 36
37 31 40
37 32 3
37 33 16
37 34 24
37 35 40
37 36 22
38 0 23
38 1 5
38 2 23
38 3 34
38 6 25
38 7 29
38 8 34
38 10 20
38 11 34
38 13 13
38 14 4
38 15 26
38 17 31
38 18 22
38 19 7
38 20 38
38 21 36
38 22 2
38 23 10
38 24 19
38 25 18
38 26 22
38 27 7
38 28 14
38 30 35
38 31 24
38 32 33
38 33 40
38 34 16
38 35 34
38 36 16
38 37 36
39 0 11
39 1 11
39 2 37
39 3 30
39 4 4
39 5 29
39 6 9
39 7 27
39 8 32
39 9 31
39 10 33
39 11 16
39 12 1
39 13 10
39 14 27
39 15 26
39 16 36
39 17 34
39 18 19
39 20 28
39 21 7
39 22 34
39 23 6
39 24 16
39 25 8
39 26 36
39 27 12
39 28 40
39 29 7
39 30 13
39 31 38
39 32 16
39 33 1
39 34 19
39 35 15
39 38 25
40 0 10
40 1 16
40 2 11
40 3 24
40 4 17
40 5 14
40 6 39
40 7 36
40 8 4
40 9 3
40 10 29
40 11 35
40 12 23
40 13 33
40 14 17
40 15 28
40 16 33
40 17 1
40 18 17
40 20 18
40 21 22
40 22 34
40 24 12
40 25 6
40 26 20
40 27 2
40 30 8
40 31 7
40 32 16
40 33 24
40 34 10
40 36 30
40 38 19
40 39 1
41 0 38
41 1 20
41 3 1
41 4 16
41 5 23
41 7 1
41 8 21
41 9 28
41 10 26
41 11 35
41 12 29
41 13 28
41 15 26
41 16 2
41 17 36
41 18 10
41 19 19
41 21 23
41 22 22
41 23 26
41 24 29
41 25 14
41 26 14
41 27 8
41 29 21
41 30 4
41 31 18
41 32 1
41 33 35
41 34 22
41 35 23
41 36 15
41 37 18
41 38 36
41 39 31
41 40 15
42 0 39
42 1 30
42 2 21
42 3 14
42 4 27
42 6 33
42 7 9
42 8 1
42 9 13
42 10 30
42 11 28
42 12 23
42 13 33
42 14 32
42 15 8
42 16 26
42 17 12
42 18 15
42 19 1
42 20 12
42 21 38
42 22 9
42 23 7
42 24 27
42 25 31
42 26 10
42 27 39
42 28 20
42 29 8
42 30 12
42 32 40
42 33 37
42 34 14
42 35 14
42 36 19
42 37 25
42 38 35
42 39 26
42 40 13
42 41 12
43 0 40
43 1 2
43 2 24
43 3 21
43 4 19
43 5 19
43 6 6
43 7 24
43 8 27
43 9 19
43 10 35
43 11 7
43 13 4
43 14 28
43 15 4
43 16 39
43 17 4
43 18 7
43 19 8
43 20 10
43 21 38
43 22 23
43 23 28
43 24 38
43 25 21
43 27 2
43 28 6
43 29 40
43 30 40
43 31 18
43 32 17
43 33 15
43 34 2
43 35 26
43 36 18
43 37 6
43 38 13
43 39 21
43 40 31
43 41 8
43 42 39
44 0 26
44 1 33
44 2 39
44 3 27
44 4 25
44 5 2
44 6 8
44 7 30
44 8 6
44 9 35
44 10 21
44 11 39
44 12 36
44 13 6
44 14 12
44 15 4
44 16 19
44 17 17
44 18 19
44 19 11
44 20 34
44 21 3
44 22 33
44 23 34
44 24 39
44 25 38
44 26 21
44 27 40
44 28 35
44 29 14
44 30 8
44 32 29
44 33 40
44 34 12
44 36 8
44 37 3
44 38 7
44 39 23
44 40 26
44 42 18
44 43 8
45 0 34
45 1 31
45 2 31
45 3 33
45 5 36
45 6 8
45 7 4
45 8 31
45 9 18
45 10 4
45 11 5
45 12 15
45 13 6
45 14 39
45 15 11
45 16 19
45 17 34
45 18 24
45 20 4
45 21 31
45 22 35
45 23 11
45 24 40
45 26 6
45 27 26
45 28 35
45 29 40
45 30 30
45 31 34
45 32 25
45 33 20
45 34 33
45 35 27
45 36 25
45 37 3
45 38 17
45 39 10
45 40 39
45 41 35
45 42 8
45 43 31
45 44 38
46 0 29
46 1 10
46 2 25
46 3 31
46 4 32
46 5 36
46 6 29
46 7 17
46 8 14
46 9 8
46 10 38
46 11 30
46 12 5
46 13 10
46 14 21
46 15 38
46 16 39
46 17 4
46 18 33
46 19 39
46 21 9
46 22 3
46 23 28
46 24 13
46 26 35
46 27 22
46 28 3
46 30 10
46 31 39
46 32 26
46 33 32
46 34 18
46 35 11
46 37 24
46 38 27
46 39 32
46 40 7
46 41 40
46 42 20
46 43 10
46 44 13
46 45 27
47 0 4
47 1 35
47 2 20
47 3 37
47 4 31
47 6 2
47 7 17
47 8 26
47 9 38
47 10 35
47 11 23
47 12 22
47 13 40
47 14 27
47 15 2
47 16 40
47 17 14
47 18 20
47 19 2
47 20 32
47 21 6
47 22 32
47 23 16
47 24 22
47 26 29
47 27 11
47 28 36
47 29 37
47 31 2
47 32 18
47 33 27
47 34 7
47 35 26
47 36 40
47 37 9
47 38 2
47 39 26
47 40 23
47 41 24
47 42 12
47 43 35
47 44 22
47 45 32
47 46 16
48 0 10
48 1 6
48 2 31
48 3 11
48 4 38
48 5 39
48 6 37
48 7 12
48 8 16
48 9 23
48 11 28
48 12 10
48 13 2
48 14 21
48 16 9
48 17 22
48 18 30
48 19 36
48 20 7
48 21 32
48 22 7
48 23 21
48 25 40
48 26 32
48 27 11
48 29 38
48 30 23
48 31 9
48 32 20
48 33 8
48 34 19
48 35 33
48 36 2
48 37 21
48 38 5
48 40 12
48 41 12
48 42 10
48 44 5
48 45 35
48 46 1
48 47 29
49 0 17
49 1 30
49 2 39
49 3 28
49 4 14
49 6 24
49 7 4
49 8 1
49 10 26
49 11 36
49 12 13
49 13 38
49 14 28
49 15 6
49 17 3
49 18 26
49 19 11
49 20 2
49 22 31
49 23 33
49 24 8
49 25 30
49 26 20
49 27 39
49 28 11
49 29 34
49 32 16
49 33 8
49 34 26
49 35 39
49 36 26
49 38 18
49 39 38
49 40 25
49 41 22
49 42 25
49 43 39
49 44 23
49 45 31
49 46 17
49 47 27
49 48 40
50 0 17
50 1 31
50 2 2
50 3 37
50 4 19
50 5 11
50 6 4
50 7 40
50 8 2
50 9 39
50 10 40
50 11 30
50 12 35
50 13 35
50 14 29
50 15 16
50 16 27
50 17 18
50 18 9
50 19 18
50 20 34
50 21 25
50 22 7
50 23 29
50 25 38
50 26 9
50 27 21
50 28 9
50 29 23
50 30 30
50 31 2
50 32 23
50 33 27
50 34 34
50 35 16
50 36 32
50 38 16
50 39 14
50 40 3
50 41 32
50 42 5
50 43 9
50 44 10
50 45 32
50 46 27
50 47 31
50 48 20
50 49 27
51 0 9
51 1 39
51 2 27
51 3 29
51 4 9
51 5 37
51 6 18
51 7 14
51 8 27
51 9 19
51 10 19
51 11 10
51 12 29
51 13 16
51 15 5
51 16 35
51 17 16
51 18 26
51 19 30
51 20 17
51 21 16
51 22 40
51 23 3
51 25 6
51 26 6
51 27 14
51 29 2
51 30 3
51 31 24
51 32 30
51 33 5
51 34 32
51 35 18
51 36 20
51 37 21
51 38 20
51 39 36
51 41 22
51 42 34
51 43 24
51 44 27
51 45 6
51 47 10
51 48 13
51 50 24
52 0 17
52 1 12
52 2 32
52 3 35
52 4 4
52 5 7
52 6 12
52 7 40
52 8 40
52 9 7
52 10 28
52 13 1
52 14 12
52 16 17
52 17 9
52 18 22
52 19 18
52 20 34
52 21 24
52 23 26
52 24 11
52 25 6
52 26 1
52 27 19
52 28 4
52 29 7
52 31 8
52 33 26
52 34 34
52 35 31
52 36 28
52 37 3
52 38 2
52 39 26
52 40 9
52 41 27
52 42 1
52 43 17
52 44 26
52 45 19
52 46 3
52 47 35
52 48 8
52 49 16
52 50 28
52 51 21
53 0 1
53 1 17
53 2 28
53 3 12
53 4 12
53 5 6
53 6 13
53 7 22
53 8 4
53 9 33
53 10 21
53 11 9
53 12 39
53 14 9
53 15 29
53 16 27
53 17 6
53 18 31
53 19 24
53 20 27
53 21 12
53 22 6
53 23 38
53 24 28
53 25 3
53 26 16
53 27 32
53 28 19
53 29 24
53 30 38
53 31 25
53 32 13
53 33 16
53 34 2
53 35 28
53 36 16
53 37 1
53 38 15
53 39 1
53 40 16
53 41 40
53 42 24
53 43 32
53 44 17
53 45 17
53 46 25
53 47 22
53 48 34
53 51 25
53 52 13
54 0 22
54 1 12
54 2 5
54 3 24
54 4 33
54 5 23
54 6 36
54 7 28
54 8 34
54 10 2
54 11 18
54 12 8
54 13 9
54 14 36
54 15 25
54 17 20
54 18 35
54 19 32
54 20 35
54 21 21
54 22 22
54 24 11
54 25 14
54 26 33
54 28 35
54 29 15
54 30 38
54 31 7
54 32 34
54 33 23
54 34 34
54 35 11
54 36 15
54 37 17
54 38 2
54 40 4
54 41 5
54 42 22
54 43 3
54 44 29
54 45 10
54 46 12
54 47 24
54 48 36
54 49 13
54 50 5
54 51 25
54 52 24
54 53 11
55 0 40
55 1 16
55 2 33
55 3 24
55 4 7
55 5 16
55 6 5
55 7 14
55 8 25
55 9 23
55 10 6
55 11 13
55 12 36
55 13 14
55 14 20
55 15 16
55 16 14
55 18 33
55 19 18
55 20 23
55 21 8
55 22 35
55 23 27
55 24 8
55 25 5
55 26 16
55 27 5
55 28 5
55 29 20
55 30 4
55 31 17
55 32 20
55 33 37
55 34 4
55 35 27
55 38 32
55 39 33
55 40 2
55 43 13
55 44 34
55 45 6
55 46 2
55 47 31
55 48 25
55 49 17
55 50 25
55 52 4
55 53 39
55 54 24
56 0 13
56 1 33
56 2 37
56 3 14
56 4 35
56 5 30
56 6 17
56 7 29
56 8 19
56 10 7
56 11 2
56 12 38
56 13 10
56 14 22
56 15 10
56 16 2
56 17 39
56 18 15
56 19 22
56 20 38
56 22 7
56 23 38
56 24 34
56 25 4
56 26 31
56 27 6
56 28 11
56 29 36
56 30 20
56 31 17
56 32 24
56 33 28
56 34 32
56 35 26
56 36 2
56 37 3
56 38 20
56 39 33
56 41 38
56 42 34
56 43 35
56 44 26
56 45 33
56 46 40
56 47 18
56 49 25
56 50 22
56 51 23
56 52 30
56 53 18
56 54 5
56 55 27
57 0 24
57 1 24
57 2 29
57 3 11
57 4 22
57 6 40
57 7 28
57 8 2
57 9 30
57 10 20
57 11 12
57 12 28
57 13 35
57 14 23
57 15 23
57 16 2
57 17 37
57 19 34
57 20 7
57 21 36
57 23 16
57 24 39
57 25 25
57 26 1
57 27 29
57 28 10
57 29 33
57 30 19
57 31 1
57 32 7
57 33 1
57 34 32
57 35 38
57 36 39
57 37 36
57 38 29
57 39 1
57 40 38
57 41 11
57 42 27
57 44 32
57 45 36
57 46 28
57 48 23
57 49 24
57 51 10
57 52 29
57 53 37
57 54 35
57 55 15
57 56 29
58 0 12
58 1 3
58 2 4
58 3 15
58 4 22
58 5 12
58 6 33
58 7 25
58 8 33
58 9 7
58 10 1
58 11 15
58 12 9
58 13 14
58 14 32
58 15 2
58 16 6
58 17 22
58 18 6
58 19 21
58 20 34
58 21 29
58 23 40
58 24 11
58 25 37
58 26 13
58 27 27
58 29 19
58 30 15
58 31 32
58 32 20
58 33 26
58 34 12
58 35 34
58 36 3
58 37 2
58 39 7
58 40 21
58 41 27
58 42 15
58 43 33
58 44 36
58 45 26
58 46 8
58 47 5
58 48 7
58 49 36
58 50 11
58 51 11
58 52 17
58 53 16
58 54 35
58 55 5
58 56 33
58 57 12
59 0 21
59 1 20
59 2 1
59 3 24
59 4 26
59 5 27
59 6 37
59 7 38
59 9 19
59 10 33
59 11 31
59 12 6
59 13 9
59 14 4
59 16 25
59 17 25
59 18 13
59 19 10
59 20 12
59 21 8
59 23 31
59 24 20
59 25 36
59 26 37
59 27 4
59 28 26
59 29 16
59 30 40
59 31 4
59 32 25
59 33 13
59 34 1
59 35 10
59 36 19
59 37 4
59 38 26
59 39 32
59 40 25
59 41 18
59 42 30
59 43 40
59 44 30
59 45 21
59 46 11
59 47 35
59 48 3
59 49 5
59 50 37
59 51 9
59 52 27
59 53 38
59 55 2
59 56 38
59 57 5
