60
1 0 6
2 0 13
2 1 13
3 0 1
3 1 6
3 2 8
4 0 18
4 1 16
4 2 18
4 3 20
5 0 5
5 1 5
5 2 6
5 3 5
5 4 13
6 0 9
6 1 20
6 2 11
6 3 20
6 4 4
6 5 10
7 0 8
7 1 6
7 2 4
7 3 17
7 4 5
7 5 3
7 6 8
8 0 12
8 1 14
8 2 5
8 3 4
8 4 5
8 5 17
8 6 14
8 7 15
9 0 9
9 1 19
9 2 5
9 3 20
9 4 6
9 5 8
9 6 3
9 7 16
9 8 13
10 0 10
10 1 20
10 2 1
10 3 2
10 4 8
10 5 15
10 6 12
10 7 4
10 8 8
10 9 16
11 0 1
11 1 20
11 2 9
11 3 19
11 4 15
11 5 4
11 6 12
11 7 10
11 8 19
11 9 4
11 10 2
12 0 16
12 1 19
12 2 13
12 3 9
12 4 18
12 5 19
12 6 1
12 7 19
12 8 11
12 9 13
12 10 18
12 11 12
13 0 5
13 1 19
13 2 3
13 3 12
13 4 1
13 5 6
13 6 4
13 7 7
13 8 19
13 9 18
13 10 8
13 11 9
13 12 4
14 0 13
14 1 16
14 2 11
14 3 15
14 4 20
14 5 3
14 6 20
14 7 13
14 8 13
14 9 15
14 10 18
14 11 3
14 12 9
14 13 18
15 0 1
15 1 4
15 2 5
15 3 2
15 4 15
15 5 17
15 6 17
15 7 3
15 8 7
15 9 9
15 10 8
15 11 2
15 12 3
15 13 16
15 14 19
16 0 20
16 1 5
16 2 6
16 3 4
16 4 14
16 5 17
16 6 6
16 7 7
16 8 17
16 9 16
16 10 13
16 11 9
16 12 5
16 13 20
16 14 7
16 15 8
17 0 12
17 1 16
17 2 20
17 3 15
17 4 17
17 5 4
17 6 10
17 7 20
17 8 6
17 9 8
17 10 1
17 11 13
17 12 11
17 13 3
17 14 14
17 15 14
17 16 3
18 0 6
18 1 11
18 2 4
18 3 3
18 4 10
18 5 13
18 6 13
18 7 14
18 8 20
18 9 11
18 10 20
18 11 8
18 12 8
18 13 3
18 14 19
18 15 18
18 16 8
18 17 15
19 0 7
19 1 6
19 2 10
19 3 20
19 4 12
19 5 1
19 6 8
19 7 11
19 8 20
19 9 12
19 10 4
19 11 1
19 12 3
19 13 12
19 14 17
19 15 6
19 16 16
19 17 3
19 18 9
20 0 9
20 1 16
20 2 16
20 3 14
20 4 16
20 5 4
20 6 19
20 7 5
20 8 5
20 9 2
20 10 6
20 11 9
20 12 5
20 13 15
20 14 15
20 15 2
20 16 5
20 17 7
20 18 17
20 19 5
21 0 17
21 1 20
21 2 2
21 3 9
21 4 5
21 5 8
21 6 9
21 7 6
21 8 16
21 9 15
21 10 14
21 11 7
21 12 6
21 13 5
21 14 15
21 15 3
21 16 1
21 17 15
21 18 7
21 19 8
21 20 5
22 0 20
22 1 3
22 2 8
22 3 4
22 4 8
22 5 17
22 6 8
22 7 2
22 8 12
22 9 3
22 10 14
22 11 7
22 12 2
22 13 2
22 14 11
22 15 14
22 16 16
22 17 19
22 18 11
22 19 1
22 20 20
22 21 5
23 0 11
23 1 13
23 2 10
23 3 11
23 4 16
23 5 4
23 6 12
23 7 7
23 8 1
23 9 14
23 10 10
23 11 8
23 12 2
23 13 18
23 14 3
23 15 6
23 16 13
23 17 2
23 18 19
23 19 5
23 20 11
23 21 12
23 22 6
24 0 8
24 1 19
24 2 10
24 3 13
24 4 9
24 5 12
24 6 16
24 7 17
24 8 2
24 9 15
24 10 17
24 11 8
24 12 11
24 13 4
24 14 8
24 15 3
24 16 19
24 17 1
24 18 19
24 19 7
24 20 11
24 21 20
24 22 9
24 23 10
25 0 20
25 1 18
25 2 15
25 3 14
25 4 6
25 5 4
25 6 5
25 7 3
25 8 10
25 9 12
25 10 12
25 11 8
25 12 7
25 13 16
25 14 8
25 15 11
25 16 16
25 17 7
25 18 18
25 19 12
25 20 7
25 21 18
25 22 18
25 23 18
25 24 11
26 0 3
26 1 19
26 2 14
26 3 12
26 4 14
26 5 8
26 6 20
26 7 13
26 8 14
26 9 3
26 10 2
26 11 1
26 12 19
26 13 20
26 14 11
26 15 15
26 16 3
26 17 12
26 18 2
26 19 20
26 20 6
26 21 11
26 22 13
26 23 10
26 24 16
26 25 10
27 0 2
27 1 15
27 2 6
27 3 17
27 4 14
27 5 11
27 6 13
27 7 6
27 8 14
27 9 17
27 10 5
27 11 16
27 12 16
27 13 18
27 14 7
27 15 20
27 16 15
27 17 18
27 18 9
27 19 10
27 20 19
27 21 19
27 22 8
27 23 11
27 24 16
27 25 9
27 26 9
28 0 12
28 1 7
28 2 12
28 3 3
28 4 15
28 5 8
28 6 8
28 7 15
28 8 7
28 9 5
28 10 9
28 11 16
28 12 2
28 13 10
28 14 20
28 15 13
28 16 1
28 17 16
28 18 1
28 19 7
28 20 8
28 21 4
28 22 16
28 23 3
28 24 6
28 25 17
28 26 9
28 27 14
29 0 1
29 1 1
29 2 13
29 3 4
29 4 1
29 5 19
29 6 13
29 7 5
29 8 6
29 9 20
29 10 4
29 11 2
29 12 4
29 13 7
29 14 14
29 15 18
29 16 18
29 17 1
29 18 17
29 19 3
29 20 17
29 21 7
29 22 6
29 23 17
29 24 17
29 25 4
29 26 2
29 27 13
29 28 10
30 0 1
30 1 20
30 2 8
30 3 1
30 4 5
30 5 20
30 6 10
30 7 14
30 8 8
30 9 8
30 10 7
30 11 2
30 12 20
30 13 13
30 14 20
30 15 1
30 16 10
30 17 11
30 18 3
30 19 10
30 20 6
30 21 5
30 22 17
30 23 1
30 24 9
30 25 3
30 26 1
30 27 6
30 28 2
30 29 6
31 0 2
31 1 3
31 2 5
31 3 13
31 4 3
31 5 15
31 6 19
31 7 12
31 8 17
31 9 9
31 10 8
31 11 13
31 12 7
31 13 6
31 14 4
31 15 4
31 16 10
31 17 1
31 18 3
31 19 20
31 20 12
31 21 18
31 22 10
31 23 4
31 24 17
31 25 11
31 26 5
31 27 16
31 28 10
31 29 13
31 30 6
32 0 8
32 1 13
32 2 11
32 3 9
32 4 14
32 5 8
32 6 9
32 7 8
32 8 19
32 9 9
32 10 5
32 11 1
32 12 2
32 13 9
32 14 6
32 15 14
32 16 18
32 17 5
32 18 18
32 19 7
32 20 18
32 21 19
32 22 8
32 23 20
32 24 9
32 25 16
32 26 7
32 27 6
32 28 16
32 29 12
32 30 3
32 31 14
33 0 6
33 1 17
33 2 14
33 3 1
33 4 10
33 5 18
33 6 14
33 7 18
33 8 17
33 9 14
33 10 1
33 11 4
33 12 6
33 13 3
33 14 8
33 15 5
33 16 7
33 17 19
33 18 14
33 19 15
33 20 8
33 21 15
33 22 2
33 23 4
33 24 12
33 25 7
33 26 5
33 27 7
33 28 18
33 29 1
33 30 17
33 31 1
33 32 1
34 0 20
34 1 18
34 2 15
34 3 9
34 4 18
34 5 18
34 6 5
34 7 10
34 8 17
34 9 11
34 10 15
34 11 11
34 12 2
34 13 2
34 14 14
34 15 15
34 16 19
34 17 18
34 18 7
34 19 6
34 20 16
34 21 4
34 22 6
34 23 20
34 24 9
34 25 17
34 26 4
34 27 2
34 28 3
34 29 16
34 30 7
34 31 13
34 32 14
34 33 14
35 0 10
35 1 18
35 2 12
35 3 7
35 4 1
35 5 2
35 6 19
35 7 5
35 8 6
35 9 16
35 10 2
35 11 11
35 12 6
35 13 11
35 14 6
35 15 5
35 16 16
35 17 15
35 18 12
35 19 14
35 20 10
35 21 13
35 22 17
35 23 12
35 24 11
35 25 13
35 26 6
35 27 20
35 28 4
35 29 17
35 30 19
35 31 18
35 32 3
35 33 20
35 34 14
36 0 6
36 1 4
36 2 1
36 3 13
36 4 6
36 5 4
36 6 11
36 7 19
36 8 15
36 9 5
36 10 13
36 11 9
36 12 10
36 13 17
36 14 3
36 15 18
36 16 6
36 17 10
36 18 1
36 19 9
36 20 8
36 21 5
36 22 11
36 23 6
36 24 19
36 25 10
36 26 6
36 27 19
36 28 6
36 29 17
36 30 14
36 31 12
36 32 9
36 33 5
36 34 14
36 35 9
37 0 10
37 1 6
37 2 18
37 3 7
37 4 8
37 5 18
37 6 1
37 7 13
37 8 10
37 9 12
37 10 4
37 11 15
37 12 10
37 13 17
37 14 20
37 15 12
37 16 15
37 17 15
37 18 19
37 19 16
37 20 19
37 21 7
37 22 4
37 23 5
37 24 15
37 25 7
37 26 11
37 27 2
37 28 7
37 29 20
37 30 5
37 31 3
37 32 1
37 33 3
37 34 2
37 35 16
37 36 16
38 0 10
38 1 19
38 2 3
38 3 2
38 4 20
38 5 11
38 6 5
38 7 5
38 8 9
38 9 18
38 10 16
38 11 11
38 12 6
38 13 15
38 14 16
38 15 15
38 16 18
38 17 6
38 18 5
38 19 1
38 20 11
38 21 14
38 22 9
38 23 20
38 24 10
38 25 14
38 26 1
38 27 10
38 28 10
38 29 18
38 30 13
38 31 15
38 32 5
38 33 9
38 34 15
38 35 20
38 36 9
38 37 1
39 0 16
39 1 19
39 2 17
39 3 3
39 4 15
39 5 2
39 6 13
39 7 12
39 8 18
39 9 13
39 10 13
39 11 19
39 12 10
39 13 16
39 14 15
39 15 14
39 16 19
39 17 14
39 18 16
39 19 17
39 20 15
39 21 16
39 22 14
39 23 1
39 24 13
39 25 8
39 26 16
39 27 15
39 28 5
39 29 12
39 30 17
39 31 4
39 32 11
39 33 9
39 34 15
39 35 10
39 36 2
39 37 17
39 38 7
40 0 14
40 1 18
40 2 4
40 3 13
40 4 16
40 5 6
40 6 4
40 7 2
40 8 10
40 9 9
40 10 5
40 11 7
40 12 19
40 13 5
40 14 19
40 15 1
40 16 11
40 17 6
40 18 5
40 19 18
40 20 14
40 21 12
40 22 1
40 23 4
40 24 13
40 25 16
40 26 18
40 27 4
40 28 12
40 29 12
40 30 9
40 31 20
40 32 19
40 33 19
40 34 6
40 35 3
40 36 15
40 37 17
40 38 4
40 39 3
41 0 7
41 1 11
41 2 13
41 3 4
41 4 18
41 5 8
41 6 4
41 7 3
41 8 7
41 9 8
41 10 20
41 11 7
41 12 20
41 13 16
41 14 1
41 15 2
41 16 9
41 17 5
41 18 11
41 19 9
41 20 4
41 21 12
41 22 11
41 23 20
41 24 12
41 25 3
41 26 18
41 27 19
41 28 19
41 29 19
41 30 6
41 31 1
41 32 13
41 33 1
41 34 18
41 35 10
41 36 18
41 37 7
41 38 15
41 39 10
41 40 5
42 0 4
42 1 9
42 2 19
42 3 20
42 4 14
42 5 14
42 6 18
42 7 11
42 8 16
42 9 17
42 10 16
42 11 16
42 12 9
42 13 18
42 14 11
42 15 6
42 16 19
42 17 4
42 18 14
42 19 12
42 20 3
42 21 6
42 22 20
42 23 18
42 24 11
42 25 5
42 26 1
42 27 12
42 28 1
42 29 12
42 30 16
42 31 19
42 32 3
42 33 10
42 34 8
42 35 10
42 36 17
42 37 12
42 38 8
42 39 6
42 40 10
42 41 3
43 0 8
43 1 16
43 2 18
43 3 20
43 4 6
43 5 18
43 6 9
43 7 4
43 8 8
43 9 1
43 10 6
43 11 10
43 12 18
43 13 13
43 14 12
43 15 17
43 16 9
43 17 16
43 18 9
43 19 15
43 20 7
43 21 16
43 22 19
43 23 17
43 24 1
43 25 19
43 26 16
43 27 13
43 28 20
43 29 10
43 30 5
43 31 16
43 32 11
43 33 4
43 34 11
43 35 1
43 36 15
43 37 12
43 38 18
43 39 18
43 40 15
43 41 7
43 42 18
44 0 6
44 1 7
44 2 3
44 3 6
44 4 12
44 5 13
44 6 9
44 7 3
44 8 17
44 9 8
44 10 16
44 11 3
44 12 4
44 13 4
44 14 19
44 15 8
44 16 18
44 17 5
44 18 7
44 19 2
44 20 19
44 21 20
44 22 12
44 23 5
44 24 3
44 25 13
44 26 9
44 27 2
44 28 20
44 29 14
44 30 9
44 31 10
44 32 7
44 33 8
44 34 15
44 35 9
44 36 6
44 37 9
44 38 11
44 39 10
44 40 2
44 41 13
44 42 11
44 43 11
45 0 17
45 1 7
45 2 9
45 3 6
45 4 9
45 5 4
45 6 6
45 7 15
45 8 8
45 9 12
45 10 3
45 11 8
45 12 16
45 13 5
45 14 13
45 15 13
45 16 20
45 17 13
45 18 3
45 19 4
45 20 8
45 21 15
45 22 5
45 23 8
45 24 7
45 25 14
45 26 1
45 27 6
45 28 8
45 29 14
45 30 19
45 31 13
45 32 18
45 33 19
45 34 14
45 35 6
45 36 12
45 37 17
45 38 18
45 39 15
45 40 13
45 41 7
45 42 7
45 43 9
45 44 20
46 0 19
46 1 5
46 2 13
46 3 20
46 4 20
46 5 13
46 6 19
46 7 20
46 8 6
46 9 5
46 10 18
46 11 15
46 12 16
46 13 15
46 14 2
46 15 20
46 16 5
46 17 8
46 18 17
46 19 17
46 20 10
46 21 16
46 22 17
46 23 7
46 24 10
46 25 18
46 26 2
46 27 14
46 28 3
46 29 20
46 30 6
46 31 6
46 32 11
46 33 1
46 34 16
46 35 10
46 36 9
46 37 18
46 38 20
46 39 16
46 40 8
46 41 15
46 42 1
46 43 1
46 44 4
46 45 6
47 0 10
47 1 10
47 2 14
47 3 8
47 4 2
47 5 16
47 6 1
47 7 2
47 8 6
47 9 15
47 10 5
47 11 19
47 12 14
47 13 1
47 14 1
47 15 4
47 16 14
47 17 8
47 18 12
47 19 11
47 20 1
47 21 9
47 22 10
47 23 4
47 24 4
47 25 1
47 26 7
47 27 4
47 28 5
47 29 2
47 30 12
47 31 16
47 32 15
47 33 15
47 34 11
47 35 15
47 36 2
47 37 2
47 38 12
47 39 12
47 40 10
47 41 7
47 42 5
47 43 11
47 44 9
47 45 9
47 46 13
48 0 1
48 1 14
48 2 6
48 3 20
48 4 20
48 5 17
48 6 6
48 7 17
48 8 2
48 9 13
48 10 15
48 11 18
48 12 11
48 13 18
48 14 2
48 15 12
48 16 3
48 17 19
48 18 16
48 19 13
48 20 4
48 21 18
48 22 9
48 23 13
48 24 5
48 25 2
48 26 11
48 27 7
48 28 20
48 29 20
48 30 19
48 31 10
48 32 15
48 33 19
48 34 20
48 35 6
48 36 20
48 37 12
48 38 9
48 39 16
48 40 12
48 41 18
48 42 10
48 43 9
48 44 15
48 45 14
48 46 8
48 47 18
49 0 14
49 1 14
49 2 16
49 3 15
49 4 10
49 5 4
49 6 15
49 7 6
49 8 14
49 9 17
49 10 3
49 11 4
49 12 8
49 13 20
49 14 17
49 15 10
49 16 10
49 17 3
49 18 13
49 19 1
49 20 14
49 21 3
49 22 14
49 23 10
49 24 15
49 25 8
49 26 8
49 27 13
49 28 20
49 29 2
49 30 12
49 31 15
49 32 20
49 33 4
49 34 14
49 35 17
49 36 7
49 37 15
49 38 20
49 39 1
49 40 3
49 41 5
49 42 9
49 43 17
49 44 7
49 45 9
49 46 6
49 47 10
49 48 4
50 0 10
50 1 6
50 2 6
50 3 9
50 4 20
50 5 13
50 6 13
50 7 13
50 8 19
50 9 19
50 10 12
50 11 14
50 12 11
50 13 3
50 14 10
50 15 3
50 16 19
50 17 12
50 18 14
50 19 3
50 20 15
50 21 1
50 22 16
50 23 7
50 24 15
50 25 4
50 26 5
50 27 19
50 28 5
50 29 13
50 30 8
50 31 12
50 32 2
50 33 16
50 34 20
50 35 18
50 36 18
50 37 1
50 38 13
50 39 9
50 40 20
50 41 19
50 42 8
50 43 19
50 44 3
50 45 11
50 46 16
50 47 6
50 48 20
50 49 3
51 0 20
51 1 20
51 2 6
51 3 16
51 4 11
51 5 11
51 6 6
51 7 4
51 8 7
51 9 16
51 10 10
51 11 20
51 12 15
51 13 1
51 14 6
51 15 14
51 16 6
51 17 18
51 18 3
51 19 8
51 20 4
51 21 2
51 22 5
51 23 8
51 24 14
51 25 18
51 26 19
51 27 1
51 28 4
51 29 14
51 30 8
51 31 17
51 32 19
51 33 13
51 34 15
51 35 19
51 36 14
51 37 4
51 38 11
51 39 14
51 40 15
51 41 15
51 42 19
51 43 5
51 44 2
51 45 10
51 46 3
51 47 7
51 48 2
51 49 6
51 50 3
52 0 19
52 1 9
52 2 9
52 3 19
52 4 11
52 5 13
52 6 8
52 7 5
52 8 13
52 9 7
52 10 13
52 11 10
52 12 15
52 13 15
52 14 5
52 15 6
52 16 17
52 17 8
52 18 2
52 19 12
52 20 15
52 21 2
52 22 18
52 23 8
52 24 20
52 25 8
52 26 6
52 27 15
52 28 11
52 29 7
52 30 18
52 31 10
52 32 14
52 33 13
52 34 17
52 35 2
52 36 10
52 37 17
52 38 1
52 39 2
52 40 2
52 41 12
52 42 9
52 43 12
52 44 7
52 45 16
52 46 8
52 47 20
52 48 9
52 49 3
52 50 3
52 51 1
53 0 12
53 1 6
53 2 10
53 3 2
53 4 10
53 5 9
53 6 6
53 7 16
53 8 10
53 9 10
53 10 6
53 11 15
53 12 3
53 13 12
53 14 9
53 15 6
53 16 8
53 17 7
53 18 19
53 19 16
53 20 11
53 21 6
53 22 1
53 23 1
53 24 13
53 25 4
53 26 3
53 27 13
53 28 8
53 29 19
53 30 6
53 31 11
53 32 6
53 33 5
53 34 16
53 35 2
53 36 8
53 37 5
53 38 10
53 39 17
53 40 18
53 41 20
53 42 19
53 43 14
53 44 6
53 45 14
53 46 16
53 47 16
53 48 4
53 49 5
53 50 15
53 51 3
53 52 13
54 0 5
54 1 6
54 2 18
54 3 18
54 4 3
54 5 10
54 6 16
54 7 11
54 8 17
54 9 9
54 10 7
54 11 13
54 12 18
54 13 1
54 14 16
54 15 17
54 16 10
54 17 3
54 18 15
54 19 12
54 20 9
54 21 20
54 22 11
54 23 11
54 24 15
54 25 18
54 26 19
54 27 12
54 28 1
54 29 10
54 30 19
54 31 10
54 32 1
54 33 11
54 34 6
54 35 13
54 36 8
54 37 17
54 38 7
54 39 4
54 40 8
54 41 7
54 42 7
54 43 4
54 44 17
54 45 6
54 46 5
54 47 5
54 48 16
54 49 11
54 50 2
54 51 15
54 52 6
54 53 2
55 0 15
55 1 12
55 2 2
55 3 20
55 4 16
55 5 20
55 6 2
55 7 11
55 8 5
55 9 8
55 10 11
55 11 16
55 12 12
55 13 11
55 14 13
55 15 9
55 16 20
55 17 19
55 18 19
55 19 13
55 20 20
55 21 3
55 22 15
55 23 9
55 24 10
55 25 6
55 26 8
55 27 20
55 28 12
55 29 10
55 30 20
55 31 8
55 32 1
55 33 5
55 34 4
55 35 14
55 36 6
55 37 6
55 38 18
55 39 9
55 40 1
55 41 15
55 42 6
55 43 9
55 44 3
55 45 5
55 46 16
55 47 12
55 48 10
55 49 10
55 50 3
55 51 9
55 52 4
55 53 4
55 54 13
56 0 18
56 1 4
56 2 15
56 3 3
56 4 16
56 5 11
56 6 20
56 7 12
56 8 9
56 9 2
56 10 12
56 11 18
56 12 12
56 13 16
56 14 19
56 15 13
56 16 16
56 17 9
56 18 3
56 19 16
56 20 6
56 21 11
56 22 8
56 23 11
56 24 6
56 25 4
56 26 11
56 27 3
56 28 13
56 29 20
56 30 7
56 31 8
56 32 16
56 33 16
56 34 8
56 35 7
56 36 19
56 37 2
56 38 7
56 39 2
56 40 3
56 41 14
56 42 11
56 43 20
56 44 7
56 45 9
56 46 13
56 47 11
56 48 8
56 49 3
56 50 4
56 51 1
56 52 6
56 53 19
56 54 9
56 55 17
57 0 10
57 1 6
57 2 16
57 3 8
57 4 11
57 5 1
57 6 3
57 7 4
57 8 13
57 9 2
57 10 20
57 11 19
57 12 4
57 13 16
57 14 8
57 15 17
57 16 11
57 17 9
57 18 2
57 19 10
57 20 14
57 21 12
57 22 10
57 23 4
57 24 16
57 25 17
57 26 6
57 27 1
57 28 15
57 29 12
57 30 13
57 31 20
57 32 12
57 33 8
57 34 18
57 35 13
57 36 16
57 37 15
57 38 3
57 39 16
57 40 8
57 41 11
57 42 4
57 43 17
57 44 17
57 45 19
57 46 13
57 47 17
57 48 16
57 49 17
57 50 18
57 51 2
57 52 1
57 53 4
57 54 15
57 55 4
57 56 10
58 0 13
58 1 13
58 2 18
58 3 16
58 4 3
58 5 18
58 6 7
58 7 15
58 8 19
58 9 4
58 10 11
58 11 8
58 12 19
58 13 4
58 14 1
58 15 6
58 16 15
58 17 7
58 18 12
58 19 19
58 20 20
58 21 9
58 22 6
58 23 1
58 24 18
58 25 10
58 26 10
58 27 14
58 28 4
58 29 14
58 30 5
58 31 15
58 32 10
58 33 6
58 34 9
58 35 17
58 36 4
58 37 13
58 38 12
58 39 9
58 40 8
58 41 15
58 42 1
58 43 12
58 44 2
58 45 2
58 46 4
58 47 15
58 48 16
58 49 8
58 50 9
58 51 14
58 52 18
58 53 7
58 54 1
58 55 10
58 56 11
58 57 18
59 0 19
59 1 9
59 2 19
59 3 13
59 4 16
59 5 7
59 6 10
59 7 14
59 8 12
59 9 19
59 10 11
59 11 17
59 12 5
59 13 12
59 14 18
59 15 3
59 16 17
59 17 13
59 18 15
59 19 15
59 20 7
59 21 5
59 22 15
59 23 1
59 24 1
59 25 17
59 26 15
59 27 12
59 28 16
59 29 1
59 30 18
59 31 17
59 32 13
59 33 17
59 34 14
59 35 19
59 36 5
59 37 14
59 38 8
59 39 19
59 40 17
59 41 1
59 42 14
59 43 17
59 44 16
59 45 9
59 46 10
59 47 12
59 48 12
59 49 19
59 50 3
59 51 14
59 52 20
59 53 7
59 54 18
59 55 4
59 56 14
59 57 7
59 58 16
