50
3 0 13
4 1 18
4 3 6
5 3 20
6 0 19
6 3 8
7 3 2
7 4 3
7 6 14
9 2 18
9 7 17
10 4 15
10 8 5
11 0 13
11 7 6
12 3 1
12 6 20
12 7 18
12 10 18
13 0 13
13 5 2
13 8 5
13 9 10
13 11 5
14 0 1
14 5 10
14 12 9
15 1 7
15 2 17
15 4 7
15 5 11
15 9 5
15 12 11
15 13 6
16 2 15
16 5 4
16 6 15
17 0 8
17 1 7
17 9 7
17 10 6
17 12 15
18 3 2
18 5 3
18 12 16
18 13 15
18 16 15
19 0 15
19 6 7
19 7 13
19 8 14
19 9 7
19 14 18
20 1 8
20 3 6
20 7 7
20 8 16
20 12 12
20 16 19
20 18 10
20 19 13
21 3 2
21 5 8
21 7 15
21 12 13
21 15 16
21 16 11
21 17 4
21 19 13
22 0 14
22 4 11
22 7 9
22 10 15
22 12 1
22 13 13
22 19 12
22 20 15
22 21 9
23 1 7
23 6 12
23 8 5
23 16 6
23 19 20
24 2 17
24 3 9
24 6 16
24 7 18
24 12 10
24 13 2
24 17 1
24 19 2
24 22 9
25 2 17
25 4 12
25 10 17
25 11 8
25 22 17
26 0 7
26 6 12
26 7 8
26 8 18
26 15 20
26 17 18
26 20 9
26 21 19
26 23 17
26 24 7
26 25 15
27 0 16
27 3 6
27 4 9
27 6 1
27 12 2
27 13 14
27 16 17
27 22 3
27 24 12
27 25 14
27 26 1
28 4 16
28 7 19
28 9 14
28 17 16
28 18 13
28 19 6
28 23 11
28 26 11
29 0 8
29 5 18
29 8 11
29 9 15
29 10 8
29 11 12
29 13 6
29 15 3
29 17 13
29 19 10
29 20 14
29 21 15
29 24 13
29 26 5
30 0 3
30 1 10
30 6 20
30 7 17
30 11 11
30 12 9
30 14 8
30 15 6
30 20 18
30 24 2
30 26 9
30 28 9
31 13 7
31 19 9
31 22 19
31 28 18
31 29 1
31 30 10
32 1 1
32 2 20
32 4 4
32 16 5
32 20 10
32 24 20
32 26 19
32 27 1
33 0 11
33 5 6
33 7 5
33 9 15
33 11 3
33 12 16
33 14 11
33 18 15
33 19 14
33 22 14
33 24 9
33 26 5
33 28 14
33 32 16
34 0 11
34 1 6
34 8 15
34 10 12
34 11 6
34 12 12
34 14 10
34 17 19
34 19 4
34 20 13
34 25 16
34 27 13
34 29 8
34 32 8
35 7 8
35 18 5
35 21 18
35 23 18
35 26 20
35 28 3
35 31 13
35 33 13
35 34 18
36 3 3
36 13 14
36 14 14
36 15 10
36 18 4
36 21 2
36 25 13
36 29 10
36 34 19
37 1 7
37 2 11
37 5 16
37 7 19
37 9 5
37 10 6
37 11 11
37 13 3
37 14 18
37 15 10
37 18 14
37 24 16
37 25 13
37 27 2
37 29 14
37 32 2
37 33 6
38 5 9
38 9 7
38 10 13
38 11 15
38 12 20
38 18 15
38 19 16
38 20 16
38 21 18
38 22 13
38 23 17
38 27 12
38 28 13
38 30 3
38 31 11
39 3 7
39 5 10
39 12 15
39 13 11
39 15 2
39 19 1
39 21 19
39 31 16
40 2 15
40 6 15
40 10 9
40 12 12
40 13 14
40 15 10
40 18 11
40 24 14
40 25 6
40 26 8
40 32 16
41 0 17
41 4 13
41 5 5
41 7 7
41 9 10
41 10 6
41 11 1
41 15 14
41 16 4
41 17 8
41 24 10
41 27 12
41 29 13
41 31 18
41 38 8
41 40 16
42 1 3
42 4 9
42 8 8
42 12 15
42 13 6
42 15 8
42 16 3
42 17 15
42 27 4
42 28 7
42 30 19
42 33 13
43 1 10
43 2 6
43 4 9
43 6 16
43 13 2
43 14 5
43 22 18
43 29 6
43 33 17
43 37 9
43 39 2
43 40 11
43 41 3
43 42 4
44 0 20
44 6 13
44 13 3
44 16 10
44 20 1
44 22 19
44 23 7
44 30 1
44 40 11
44 42 2
45 4 6
45 10 14
45 16 12
45 18 15
45 21 12
45 23 11
45 24 18
45 25 17
45 26 16
45 28 4
45 31 11
45 39 11
45 41 20
45 44 20
46 5 19
46 6 17
46 10 12
46 18 7
46 19 10
46 21 11
46 32 11
46 33 16
46 34 18
46 43 3
47 2 18
47 3 18
47 5 19
47 8 20
47 9 19
47 10 2
47 11 2
47 16 10
47 22 20
47 24 16
47 30 8
47 31 14
47 40 9
47 43 4
48 1 9
48 3 17
48 6 19
48 7 1
48 15 19
48 17 17
48 21 7
48 23 15
48 27 7
48 28 9
48 32 16
48 34 16
48 39 6
48 42 2
48 43 7
48 44 16
48 46 6
49 0 18
49 5 7
49 6 9
49 8 10
49 9 2
49 11 2
49 13 16
49 15 12
49 19 17
49 20 5
49 21 8
49 22 12
49 30 10
49 31 9
49 32 17
49 33 13
49 46 13
49 47 19
