40
3 0 40
4 0 15
5 2 39
5 4 19
6 4 1
6 5 13
7 1 10
7 4 40
7 5 5
8 2 32
8 5 16
8 7 17
9 2 36
9 7 40
10 9 9
11 1 4
11 3 32
11 9 13
12 1 32
12 2 8
12 10 4
13 2 26
13 6 40
13 10 8
14 7 2
15 1 15
15 2 38
15 14 26
16 5 30
17 8 4
17 12 31
18 1 15
18 6 33
18 7 1
18 11 40
18 12 33
18 14 29
18 17 16
19 3 8
19 4 20
19 9 33
19 12 27
19 16 5
19 17 16
20 0 13
20 1 2
20 6 18
20 7 11
20 8 3
21 2 38
21 7 12
21 8 18
21 9 17
21 10 32
21 12 27
21 13 23
22 4 4
22 5 5
22 6 29
22 7 20
22 9 24
22 10 10
22 16 15
22 17 19
22 18 1
22 19 17
23 0 5
23 1 10
23 2 3
23 13 13
23 14 15
23 17 6
23 20 14
23 22 14
24 0 36
24 2 31
24 5 30
24 7 21
24 9 25
24 12 9
24 14 16
25 3 28
25 14 21
25 15 37
26 2 2
26 3 24
26 14 19
26 18 26
26 21 21
26 24 35
27 4 35
27 7 11
27 8 3
27 9 16
27 12 34
27 15 21
27 16 2
27 18 25
27 26 30
28 2 20
28 5 38
28 6 5
28 8 12
28 10 18
28 14 31
28 26 5
29 0 27
29 1 22
29 3 5
29 7 33
29 12 10
29 15 32
29 17 34
29 18 7
29 20 24
29 21 26
29 24 4
30 0 26
30 1 21
30 4 40
30 5 4
30 7 18
30 17 17
30 18 40
30 20 10
30 21 22
30 22 39
30 23 11
30 24 5
31 0 9
31 2 9
31 13 39
31 17 5
31 20 29
31 22 17
31 24 11
31 25 40
31 28 25
31 30 32
32 4 3
32 5 12
32 6 5
32 8 25
32 10 27
32 16 34
32 17 40
32 18 15
32 21 9
32 25 7
32 30 5
32 31 31
33 1 6
33 2 15
33 4 9
33 11 15
33 18 13
33 20 33
33 23 8
33 27 29
33 28 10
33 30 29
34 0 8
34 1 8
34 2 36
34 6 28
34 11 5
34 14 29
34 17 3
34 18 22
34 27 6
34 29 14
34 32 31
35 4 22
35 8 38
35 9 24
35 11 16
35 13 15
35 14 24
35 21 4
35 26 19
36 4 40
36 12 30
36 13 9
36 15 13
36 28 17
36 34 8
37 0 33
37 1 15
37 3 38
37 5 23
37 7 38
37 12 15
37 13 36
37 20 40
37 25 8
37 27 21
37 28 18
37 29 36
38 0 25
38 4 17
38 7 35
38 12 35
38 13 8
38 15 35
38 17 38
38 19 39
38 20 29
38 21 6
38 24 40
38 25 18
38 26 19
38 28 19
38 30 6
38 33 18
38 34 27
39 4 29
39 6 11
39 7 38
39 11 20
39 12 28
39 18 27
39 21 14
39 22 11
39 23 12
39 24 8
39 25 35
39 33 18
39 34 4
