30
1 0 9
2 0 11
2 1 24
3 0 40
3 1 1
3 2 20
4 0 27
4 1 32
4 2 15
4 3 17
5 1 6
5 3 8
5 4 17
6 0 37
6 1 18
6 3 6
6 4 2
6 5 22
7 0 2
7 2 24
7 3 2
7 5 38
8 1 38
8 2 27
8 4 31
8 5 16
8 6 11
8 7 9
9 0 22
9 2 1
9 3 10
9 4 12
9 5 24
9 7 35
9 8 1
10 0 32
10 1 5
10 2 1
10 3 31
10 4 12
10 5 27
10 6 10
10 7 10
10 8 2
10 9 10
11 0 14
11 1 9
11 2 2
11 3 2
11 4 3
11 6 33
11 7 10
11 8 12
11 9 1
11 10 23
12 1 11
12 4 34
12 5 6
12 6 27
12 8 4
12 10 11
12 11 3
13 0 12
13 1 8
13 2 30
13 3 31
13 4 19
13 5 8
13 7 18
13 9 2
13 11 20
13 12 13
14 0 18
14 1 15
14 2 25
14 4 12
14 5 20
14 8 37
14 9 29
14 10 14
14 11 16
14 13 23
15 0 5
15 1 40
15 2 35
15 4 16
15 5 34
15 6 1
15 7 24
15 8 21
15 9 2
15 13 4
16 0 24
16 1 5
16 2 35
16 3 1
16 4 9
16 5 9
16 7 28
16 8 10
16 10 31
16 11 30
16 12 33
16 13 31
16 14 36
16 15 20
17 0 35
17 2 31
17 3 24
17 4 9
17 5 11
17 6 9
17 7 34
17 8 10
17 9 23
17 11 21
17 12 9
17 13 18
17 14 18
17 15 21
17 16 33
18 0 32
18 1 22
18 2 15
18 4 22
18 5 28
18 6 6
18 7 31
18 8 11
18 9 4
18 10 22
18 11 16
18 12 36
18 13 34
18 14 6
18 15 9
18 16 35
18 17 32
19 4 27
19 5 8
19 6 27
19 7 30
19 8 11
19 9 14
19 10 3
19 12 26
19 13 23
19 14 36
19 16 22
19 18 40
20 0 17
20 1 40
20 2 16
20 3 21
20 5 17
20 6 29
20 8 37
20 10 18
20 11 28
20 12 6
20 13 28
20 14 29
20 15 39
20 16 4
20 17 35
20 18 24
20 19 14
21 0 6
21 1 23
21 2 26
21 3 38
21 4 25
21 5 3
21 6 7
21 7 35
21 8 3
21 10 35
21 11 6
21 12 6
21 14 3
21 15 1
21 16 1
21 17 22
21 18 34
21 19 8
21 20 24
22 0 38
22 1 39
22 2 25
22 3 36
22 4 25
22 5 38
22 6 33
22 7 28
22 8 39
22 9 35
22 10 8
22 11 4
22 12 32
22 14 21
22 15 29
22 16 7
22 17 25
22 18 15
22 19 3
22 20 17
23 0 37
23 1 31
23 3 9
23 4 40
23 5 31
23 6 19
23 7 26
23 10 25
23 11 30
23 12 15
23 13 4
23 15 15
23 17 31
23 18 22
23 19 6
23 20 18
23 21 16
23 22 5
24 0 5
24 1 20
24 2 14
24 4 11
24 6 14
24 7 22
24 8 13
24 9 10
24 11 15
24 12 3
24 13 31
24 14 14
24 15 37
24 17 35
24 18 20
24 19 18
24 20 27
24 21 24
24 22 12
24 23 3
25 0 2
25 1 2
25 2 15
25 3 19
25 4 9
25 5 21
25 6 35
25 7 21
25 8 6
25 9 20
25 10 26
25 11 36
25 12 32
25 13 13
25 15 6
25 16 2
25 17 1
25 18 39
25 19 7
25 20 19
25 22 2
25 23 14
25 24 2
26 0 39
26 1 4
26 3 17
26 6 3
26 8 38
26 9 36
26 10 12
26 11 6
26 12 37
26 13 12
26 14 1
26 16 13
26 17 35
26 18 9
26 19 21
26 20 12
26 21 23
26 22 35
26 23 12
26 24 29
26 25 17
27 0 16
27 1 7
27 2 39
27 3 2
27 4 4
27 5 28
27 6 14
27 7 24
27 8 17
27 9 40
27 10 3
27 11 1
27 12 16
27 13 4
27 15 29
27 16 32
27 17 28
27 18 31
27 19 31
27 20 26
27 21 11
27 22 32
27 23 1
27 24 12
27 25 31
28 0 21
28 3 9
28 4 19
28 5 20
28 6 6
28 8 33
28 9 40
28 11 6
28 12 40
28 13 13
28 14 19
28 15 24
28 16 14
28 17 26
28 18 11
28 20 27
28 21 37
28 23 21
28 24 27
29 1 2
29 2 17
29 3 6
29 4 34
29 5 35
29 6 34
29 7 31
29 8 5
29 9 14
29 10 11
29 11 39
29 12 24
29 13 19
29 14 12
29 17 1
29 19 10
29 21 6
29 23 19
29 25 25
29 27 11
29 28 20
