40
1 0 10
2 0 16
2 1 24
3 0 25
3 2 35
4 0 8
4 1 19
4 2 7
4 3 14
5 0 24
5 1 7
5 2 12
5 3 4
5 4 27
6 0 19
6 1 32
6 2 4
6 4 5
6 5 7
7 1 32
7 2 38
7 4 30
7 6 20
8 0 2
8 2 20
8 3 30
8 4 22
8 5 18
8 7 40
9 1 6
9 2 7
9 3 5
9 4 34
9 5 6
9 6 30
9 7 10
9 8 13
10 2 30
10 5 28
10 6 21
10 7 27
10 9 27
11 0 36
11 1 17
11 3 2
11 4 15
11 5 8
11 9 33
11 10 24
12 0 4
12 1 35
12 3 4
12 4 24
12 5 2
12 6 5
12 7 22
12 8 27
12 9 14
12 11 40
13 0 11
13 1 22
13 2 38
13 3 4
13 5 11
13 7 32
13 8 15
13 9 8
13 10 21
13 11 22
13 12 32
14 4 33
14 5 10
14 6 14
14 8 24
14 9 35
14 10 18
14 11 6
14 12 15
14 13 20
15 1 17
15 2 12
15 3 21
15 4 38
15 5 8
15 6 25
15 8 7
15 12 4
15 13 1
15 14 14
16 0 5
16 1 25
16 2 21
16 4 34
16 5 6
16 7 15
16 8 24
16 10 3
16 12 19
16 13 21
17 2 26
17 5 17
17 7 15
17 8 29
17 9 32
17 10 8
17 11 34
17 12 37
17 13 17
17 15 22
17 16 2
18 0 17
18 1 21
18 2 13
18 3 19
18 4 21
18 9 39
18 11 17
18 12 30
18 13 14
18 14 12
18 16 24
18 17 15
19 1 22
19 2 39
19 4 28
19 5 28
19 6 7
19 8 7
19 10 37
19 12 5
19 15 10
19 17 23
19 18 32
20 1 10
20 2 17
20 3 6
20 4 27
20 7 9
20 10 16
20 11 1
20 14 34
20 15 28
20 16 11
20 17 32
20 18 4
20 19 18
21 1 24
21 2 38
21 3 3
21 4 21
21 5 9
21 7 30
21 8 8
21 9 28
21 11 5
21 13 8
21 15 2
21 18 6
21 20 34
22 0 35
22 1 7
22 2 35
22 3 26
22 6 12
22 8 23
22 9 39
22 10 8
22 11 13
22 12 22
22 13 33
22 15 10
22 16 38
22 17 18
22 18 23
22 20 9
22 21 36
23 0 32
23 1 32
23 3 3
23 4 39
23 6 36
23 7 4
23 8 7
23 11 2
23 12 10
23 13 2
23 14 4
23 16 6
23 18 15
23 19 31
23 20 29
24 0 34
24 1 39
24 2 2
24 3 8
24 6 9
24 7 7
24 8 16
24 9 1
24 11 5
24 12 35
24 13 37
24 14 17
24 16 25
24 18 23
24 19 9
24 20 18
24 21 39
24 22 31
24 23 26
25 1 27
25 2 5
25 3 32
25 7 26
25 8 16
25 10 8
25 11 12
25 12 14
25 14 7
25 15 6
25 16 26
25 19 34
25 20 38
25 22 11
25 24 31
26 0 34
26 1 32
26 2 14
26 3 21
26 6 7
26 7 5
26 8 12
26 9 28
26 10 1
26 11 1
26 12 1
26 13 26
26 14 23
26 15 34
26 16 24
26 17 40
26 18 28
26 19 30
26 21 26
26 23 23
26 24 37
26 25 17
27 0 20
27 1 35
27 5 34
27 6 38
27 7 5
27 8 28
27 9 5
27 10 6
27 12 33
27 13 8
27 14 28
27 15 18
27 16 38
27 17 12
27 22 25
27 23 6
27 24 37
27 25 6
27 26 17
28 1 36
28 3 15
28 5 28
28 6 16
28 7 37
28 8 7
28 9 39
28 10 2
28 11 19
28 12 22
28 13 21
28 14 22
28 16 26
28 17 17
28 18 39
28 19 22
28 21 8
28 23 21
28 24 12
28 25 24
28 26 11
29 0 32
29 1 17
29 2 21
29 4 11
29 5 8
29 6 26
29 7 36
29 8 16
29 10 6
29 11 2
29 13 30
29 14 30
29 15 36
29 16 20
29 18 25
29 19 27
29 20 16
29 21 31
29 23 5
29 24 32
29 25 3
29 26 35
29 28 19
30 0 39
30 2 39
30 3 1
30 5 17
30 6 2
30 9 21
30 10 13
30 11 39
30 12 1
30 13 21
30 15 33
30 16 4
30 18 2
30 19 13
30 20 17
30 21 28
30 22 30
30 23 22
30 24 37
30 26 17
30 27 32
30 28 15
30 29 32
31 0 5
31 1 3
31 2 22
31 4 9
31 6 11
31 9 2
31 10 36
31 11 4
31 13 13
31 14 40
31 15 21
31 16 8
31 17 28
31 21 2
31 22 12
31 23 38
31 24 15
31 25 39
31 27 32
31 28 7
31 29 15
31 30 13
32 1 25
32 3 4
32 4 36
32 5 3
32 8 6
32 9 32
32 11 28
32 12 37
32 13 5
32 15 5
32 17 23
32 18 32
32 19 33
32 20 16
32 21 1
32 22 29
32 23 1
32 24 25
32 25 17
32 27 27
32 28 20
32 29 8
32 31 23
33 0 37
33 1 16
33 3 2
33 5 5
33 7 5
33 8 29
33 10 7
33 12 40
33 13 1
33 14 36
33 17 27
33 18 24
33 20 11
33 22 5
33 23 32
33 24 25
33 26 38
33 27 6
33 29 30
33 32 30
34 0 10
34 1 9
34 2 38
34 3 26
34 4 38
34 5 18
34 6 35
34 8 32
34 9 30
34 13 34
34 14 17
34 15 37
34 16 35
34 17 15
34 18 32
34 19 23
34 21 2
34 23 1
34 25 35
34 27 28
34 28 32
34 29 26
34 30 11
34 31 21
34 32 15
35 0 39
35 1 36
35 3 11
35 4 3
35 5 7
35 6 39
35 7 40
35 9 7
35 10 26
35 13 34
35 15 3
35 16 33
35 19 16
35 20 28
35 22 25
35 24 19
35 26 31
35 27 35
35 28 32
35 29 12
35 30 5
35 31 15
36 2 16
36 3 14
36 4 33
36 5 23
36 6 20
36 9 35
36 10 27
36 12 3
36 13 27
36 14 33
36 16 33
36 18 31
36 20 35
36 21 13
36 23 35
36 24 24
36 25 34
36 26 20
36 28 24
36 31 37
36 34 36
36 35 15
37 0 28
37 1 7
37 2 12
37 3 9
37 4 4
37 5 31
37 6 11
37 7 28
37 10 25
37 11 9
37 12 6
37 14 31
37 15 20
37 16 28
37 17 1
37 18 4
37 21 24
37 22 8
37 23 25
37 24 26
37 25 30
37 27 10
37 30 9
37 31 5
37 32 25
37 34 38
37 35 9
38 0 15
38 1 34
38 2 27
38 3 38
38 4 37
38 6 1
38 7 19
38 8 19
38 9 11
38 10 29
38 11 40
38 14 39
38 15 23
38 16 39
38 18 11
38 19 17
38 20 11
38 21 21
38 22 36
38 24 16
38 25 40
38 26 23
38 28 34
38 29 33
38 30 29
38 31 29
38 32 3
38 33 15
38 34 13
38 35 15
38 36 10
39 0 31
39 2 25
39 3 16
39 4 1
39 7 24
39 9 12
39 10 37
39 11 15
39 12 26
39 15 1
39 16 33
39 17 16
39 18 34
39 19 38
39 23 5
39 25 15
39 26 10
39 27 8
39 28 18
39 32 24
39 36 34
39 37 19
39 38 28
