30
2 0 60
2 1 266
3 2 110
4 0 320
4 1 109
4 2 264
5 0 236
5 1 121
5 2 128
6 0 70
6 1 295
6 2 136
6 3 261
6 5 283
7 1 230
7 4 30
7 5 170
7 6 5
8 1 208
8 2 124
8 3 118
8 4 315
8 7 140
9 0 311
9 1 250
9 2 281
9 3 280
9 6 165
10 1 158
10 2 58
10 3 130
10 6 37
10 8 181
10 9 298
11 0 179
11 1 4
11 2 240
11 3 69
11 4 217
11 5 300
11 8 56
12 1 304
12 3 117
12 4 193
12 5 209
12 6 93
12 8 204
12 9 139
12 10 30
12 11 305
13 0 59
13 1 217
13 2 174
13 5 112
13 6 304
13 7 199
13 9 171
13 10 219
14 1 48
14 2 231
14 5 52
14 7 114
14 8 226
14 10 110
14 11 213
15 1 281
15 2 90
15 4 287
15 7 279
15 8 86
15 9 173
15 10 197
15 11 90
16 3 215
16 5 16
16 6 212
16 7 155
16 9 43
16 10 96
16 12 295
16 13 143
16 14 95
16 15 176
17 1 191
17 2 279
17 4 287
17 5 95
17 6 152
17 7 30
17 10 110
17 11 204
17 12 1
17 16 43
18 0 51
18 1 171
18 2 19
18 4 113
18 5 313
18 9 268
18 12 144
18 13 149
18 14 265
18 16 186
18 17 75
19 5 10
19 6 138
19 8 264
19 9 33
19 10 71
19 14 158
19 16 267
20 0 61
20 3 255
20 4 104
20 6 204
20 7 90
20 11 55
20 13 132
20 14 268
20 15 288
20 17 226
20 18 23
20 19 150
21 0 131
21 1 276
21 2 95
21 4 61
21 5 313
21 6 318
21 7 131
21 9 199
21 10 94
21 11 31
21 12 50
21 13 68
21 15 287
21 16 278
21 17 210
21 19 286
21 20 56
22 4 112
22 10 79
22 11 179
22 12 135
22 13 98
22 14 69
22 15 186
22 17 276
22 18 228
22 19 168
22 20 210
22 21 25
23 0 267
23 1 152
23 3 221
23 4 207
23 6 11
23 9 124
23 10 149
23 11 90
23 12 272
23 13 175
23 16 215
23 18 139
23 19 1
23 21 317
23 22 262
24 0 74
24 2 133
24 4 91
24 5 215
24 6 59
24 7 252
24 9 224
24 11 115
24 14 194
24 15 109
24 16 170
24 17 128
24 18 249
24 19 312
24 20 204
25 2 236
25 3 78
25 6 308
25 7 225
25 8 308
25 9 152
25 10 207
25 11 248
25 12 221
25 13 208
25 15 173
25 17 26
25 18 144
25 20 88
25 22 117
26 2 229
26 3 273
26 5 164
26 11 204
26 14 78
26 15 289
26 16 219
26 17 19
26 18 155
26 19 117
26 21 1
26 22 185
26 23 150
27 0 309
27 2 277
27 4 267
27 6 120
27 8 292
27 9 37
27 12 57
27 13 53
27 14 170
27 15 117
27 16 5
27 17 304
27 18 26
27 19 64
27 20 315
27 24 134
27 25 58
28 2 258
28 3 235
28 5 292
28 6 2
28 7 193
28 9 175
28 11 36
28 14 300
28 15 144
28 17 188
28 18 254
28 22 125
28 25 41
28 26 126
28 27 176
29 1 218
29 3 182
29 8 10
29 9 70
29 10 98
29 12 262
29 13 107
29 14 198
29 15 108
29 16 198
29 17 316
29 18 21
29 21 280
29 22 315
29 23 63
29 26 240
29 27 269
29 28 48
