70
3 0 10
6 3 8
8 1 7
8 3 10
9 7 1
10 2 7
13 3 10
13 7 1
15 10 8
16 15 2
17 10 10
18 0 1
18 1 1
18 5 10
18 9 2
19 0 10
19 3 8
19 6 9
19 10 9
19 13 4
20 4 9
20 11 9
20 14 10
20 15 2
21 2 10
21 13 4
21 17 1
22 11 5
22 17 7
23 7 6
23 18 3
24 7 2
24 12 3
24 13 6
24 23 1
25 0 4
25 1 9
25 2 1
25 3 2
25 18 4
25 21 10
26 6 8
26 12 7
26 15 3
26 24 2
27 0 5
27 7 10
27 9 10
27 12 5
27 15 7
27 24 3
28 2 1
29 0 7
29 16 8
30 1 5
30 2 9
30 28 10
31 4 2
31 13 9
31 22 5
31 27 10
32 1 5
32 12 6
32 17 8
32 18 2
32 28 6
33 2 3
33 10 4
33 14 2
33 29 7
34 9 10
34 12 5
34 14 7
34 19 9
34 24 1
34 33 9
36 2 9
36 11 9
36 25 6
37 1 3
37 3 4
37 5 9
38 32 10
38 36 2
39 4 9
39 6 8
39 14 4
39 20 8
39 22 2
39 23 10
39 24 1
40 0 8
40 8 10
40 12 2
40 15 3
40 22 6
40 23 4
40 29 9
40 32 5
40 38 6
41 10 1
41 15 10
41 18 8
41 21 8
41 23 5
41 33 8
42 9 6
42 12 7
42 15 6
42 24 2
42 34 8
43 6 7
43 14 2
43 24 5
44 22 3
44 23 8
45 4 9
45 6 1
45 31 1
45 39 3
46 17 4
46 22 10
46 27 7
47 5 10
47 9 1
47 16 7
47 33 2
48 1 7
48 5 9
48 31 2
48 32 4
48 35 6
48 36 6
48 38 5
48 41 3
49 10 5
49 13 1
49 19 5
49 22 9
49 35 10
50 1 6
50 7 6
50 11 2
50 38 5
51 11 1
51 24 6
51 41 3
51 42 8
51 45 8
51 48 9
51 50 8
52 8 1
52 12 10
52 37 7
52 43 3
52 45 6
53 7 4
53 20 6
53 24 5
53 30 1
54 8 5
54 16 6
54 27 7
55 6 5
55 34 4
55 36 10
55 45 4
55 54 4
56 10 10
56 12 5
56 13 7
56 23 9
56 27 1
56 37 4
56 48 2
56 52 6
56 55 3
57 2 7
57 19 4
57 35 2
57 38 4
57 43 6
57 47 10
58 9 6
58 10 5
58 17 6
58 41 3
58 51 4
59 16 5
59 23 2
59 25 10
59 38 6
59 46 2
59 52 5
60 19 3
60 21 3
60 49 9
61 9 7
61 16 7
61 20 9
61 24 8
61 45 10
61 49 9
61 59 2
62 19 1
62 24 8
62 26 5
62 29 7
62 34 2
62 46 5
62 52 3
62 54 6
62 56 2
63 6 1
63 29 3
63 33 5
63 42 5
64 19 10
64 39 9
65 15 9
65 25 5
65 28 9
65 41 7
65 49 10
65 64 2
66 6 7
66 9 9
66 10 7
66 24 10
66 40 5
66 46 4
66 53 2
67 12 2
67 23 1
67 26 10
67 35 4
67 36 10
67 55 8
67 62 3
68 0 1
68 10 4
68 11 8
68 17 8
68 25 10
68 31 6
68 34 4
68 36 2
69 21 6
69 41 10
69 44 1
69 53 4
69 54 7
