30
1 0 3
2 0 7
2 1 19
3 0 9
3 1 7
3 2 3
4 0 1
4 1 3
4 2 13
4 3 17
5 0 10
5 1 6
5 2 16
5 3 20
5 4 17
6 0 9
6 1 19
6 2 9
6 3 17
6 4 7
6 5 6
7 0 7
7 1 2
7 2 9
7 3 10
7 4 16
7 5 13
7 6 13
8 0 13
8 1 18
8 2 20
8 3 7
8 4 18
8 5 8
8 6 17
8 7 2
9 0 5
9 1 15
9 2 14
9 3 16
9 4 11
9 5 15
9 6 10
9 7 11
9 8 20
10 0 18
10 1 15
10 2 19
10 3 19
10 4 20
10 5 8
10 6 9
10 7 6
10 8 16
10 9 5
11 0 2
11 1 20
11 2 16
11 3 20
11 4 15
11 5 18
11 6 4
11 7 19
11 8 5
11 9 17
11 10 15
12 0 11
12 1 16
12 2 15
12 3 11
12 4 2
12 5 18
12 6 4
12 7 17
12 8 9
12 9 3
12 10 17
12 11 7
13 0 12
13 1 7
13 2 20
13 3 12
13 4 14
13 5 7
13 6 20
13 7 16
13 8 13
13 9 19
13 10 4
13 11 10
13 12 7
14 0 15
14 1 13
14 2 4
14 3 17
14 4 17
14 5 6
14 6 12
14 7 11
14 8 5
14 9 9
14 10 19
14 11 10
14 12 13
14 13 8
15 0 16
15 1 8
15 2 7
15 3 6
15 4 5
15 5 12
15 6 13
15 7 14
15 8 5
15 9 5
15 10 8
15 11 8
15 12 1
15 13 5
15 14 3
16 0 12
16 1 1
16 2 17
16 3 18
16 4 13
16 5 4
16 6 3
16 7 18
16 8 11
16 9 16
16 10 2
16 11 17
16 12 13
16 13 15
16 14 19
16 15 2
17 0 1
17 1 13
17 2 8
17 3 17
17 4 6
17 5 19
17 6 16
17 7 5
17 8 12
17 9 17
17 10 19
17 11 8
17 12 18
17 13 1
17 14 10
17 15 11
17 16 19
18 0 9
18 1 9
18 2 18
18 3 19
18 4 8
18 5 10
18 6 7
18 7 20
18 8 9
18 9 10
18 10 6
18 11 18
18 12 14
18 13 9
18 14 20
18 15 4
18 16 7
18 17 17
19 0 15
19 1 17
19 2 2
19 3 18
19 4 12
19 5 11
19 6 19
19 7 4
19 8 5
19 9 9
19 10 11
19 11 5
19 12 13
19 13 4
19 14 18
19 15 15
19 16 10
19 17 12
19 18 11
20 0 20
20 1 1
20 2 9
20 3 15
20 4 2
20 5 2
20 6 15
20 7 7
20 8 4
20 9 5
20 10 6
20 11 10
20 12 11
20 13 17
20 14 3
20 15 3
20 16 8
20 17 15
20 18 17
20 19 11
21 0 3
21 1 14
21 2 20
21 3 10
21 4 5
21 5 16
21 6 17
21 7 12
21 8 8
21 9 20
21 10 1
21 11 9
21 12 2
21 13 5
21 14 3
21 15 10
21 16 11
21 17 9
21 18 8
21 19 11
21 20 12
22 0 15
22 1 6
22 2 2
22 3 15
22 4 8
22 5 18
22 6 3
22 7 2
22 8 4
22 9 4
22 10 8
22 11 15
22 12 16
22 13 5
22 14 7
22 15 19
22 16 5
22 17 18
22 18 8
22 19 4
22 20 2
22 21 3
23 0 18
23 1 20
23 2 9
23 3 20
23 4 18
23 5 19
23 6 17
23 7 4
23 8 3
23 9 11
23 10 19
23 11 17
23 12 1
23 13 11
23 14 20
23 15 5
23 16 3
23 17 18
23 18 6
23 19 4
23 20 2
23 21 18
23 22 14
24 0 2
24 1 1
24 2 19
24 3 13
24 4 1
24 5 8
24 6 4
24 7 12
24 8 12
24 9 2
24 10 12
24 11 19
24 12 12
24 13 17
24 14 18
24 15 11
24 16 13
24 17 14
24 18 11
24 19 12
24 20 8
24 21 17
24 22 16
24 23 19
25 0 5
25 1 4
25 2 1
25 3 4
25 4 4
25 5 9
25 6 16
25 7 6
25 8 15
25 9 7
25 10 18
25 11 14
25 12 1
25 13 15
25 14 20
25 15 16
25 16 13
25 17 10
25 18 18
25 19 11
25 20 14
25 21 4
25 22 15
25 23 9
25 24 12
26 0 20
26 1 16
26 2 6
26 3 8
26 4 7
26 5 10
26 6 1
26 7 12
26 8 15
26 9 10
26 10 6
26 11 11
26 12 2
26 13 16
26 14 20
26 15 14
26 16 17
26 17 18
26 18 17
26 19 13
26 20 3
26 21 13
26 22 7
26 23 13
26 24 6
26 25 20
27 0 3
27 1 18
27 2 15
27 3 17
27 4 15
27 5 8
27 6 19
27 7 9
27 8 3
27 9 9
27 10 6
27 11 14
27 12 3
27 13 6
27 14 9
27 15 16
27 16 18
27 17 17
27 18 9
27 19 17
27 20 20
27 21 3
27 22 6
27 23 9
27 24 16
27 25 16
27 26 11
28 0 1
28 1 17
28 2 1
28 3 3
28 4 3
28 5 9
28 6 4
28 7 10
28 8 9
28 9 7
28 10 19
28 11 19
28 12 15
28 13 11
28 14 7
28 15 1
28 16 18
28 17 1
28 18 6
28 19 13
28 20 6
28 21 1
28 22 1
28 23 1
28 24 9
28 25 10
28 26 19
28 27 10
29 0 16
29 1 9
29 2 15
29 3 16
29 4 20
29 5 11
29 6 11
29 7 17
29 8 4
29 9 13
29 10 1
29 11 17
29 12 2
29 13 16
29 14 3
29 15 16
29 16 3
29 17 14
29 18 9
29 19 2
29 20 20
29 21 18
29 22 20
29 23 6
29 24 9
29 25 19
29 26 11
29 27 9
29 28 19
