20
2 1 46
3 0 18
3 2 79
4 0 12
5 0 9
5 1 8
5 3 56
6 0 74
6 2 23
6 3 64
6 4 78
6 5 36
7 0 17
7 1 37
7 4 11
7 5 44
8 1 43
8 3 74
8 5 33
8 7 42
9 3 13
9 4 2
9 5 24
9 7 67
10 1 64
10 2 60
10 6 51
10 7 1
10 8 62
11 1 21
11 2 17
11 3 3
11 6 65
11 7 55
11 8 47
11 9 16
11 10 41
12 0 9
12 1 69
12 2 77
12 3 41
12 4 30
12 5 24
12 7 76
12 8 76
12 9 19
12 11 4
13 0 29
13 2 48
13 3 64
13 5 50
13 6 50
13 9 16
14 2 27
14 3 70
14 4 53
14 5 58
14 9 23
14 10 78
14 12 25
15 0 8
15 2 9
15 3 23
15 5 24
15 6 53
15 7 1
15 8 54
15 9 5
15 11 2
15 13 9
16 3 25
16 4 69
16 5 67
16 6 68
16 7 48
16 8 22
16 9 50
16 11 44
16 13 51
17 0 40
17 4 38
17 5 16
17 8 72
17 10 23
17 11 58
17 16 67
18 0 74
18 1 66
18 3 43
18 5 44
18 7 1
18 8 17
18 9 67
18 11 73
18 13 57
18 15 5
18 16 26
18 17 42
19 5 34
19 6 48
19 10 21
19 16 56
19 17 36
19 18 47
