20
1 0 6
2 0 14
2 1 10
3 0 36
3 1 29
3 2 67
4 0 17
4 1 12
4 2 14
4 3 28
5 0 42
5 1 57
5 2 66
5 3 58
5 4 53
6 0 56
6 1 10
6 2 73
6 3 5
6 4 63
6 5 34
7 0 51
7 1 7
7 2 59
7 3 63
7 4 50
7 5 49
7 6 79
8 0 63
8 1 29
8 2 37
8 3 23
8 4 20
8 5 45
8 6 22
8 7 50
9 0 59
9 1 68
9 2 50
9 3 17
9 4 42
9 5 37
9 6 40
9 7 9
9 8 54
10 0 6
10 1 35
10 2 19
10 3 12
10 4 64
10 5 75
10 6 28
10 7 18
10 8 9
10 9 76
11 0 44
11 1 44
11 2 25
11 3 41
11 4 22
11 5 60
11 6 54
11 7 77
11 8 62
11 9 22
11 10 30
12 0 9
12 1 62
12 2 3
12 3 73
12 4 39
12 5 45
12 6 70
12 7 54
12 8 35
12 9 58
12 10 77
12 11 55
13 0 53
13 1 41
13 2 64
13 3 68
13 4 48
13 5 27
13 6 19
13 7 8
13 8 47
13 9 64
13 10 66
13 11 32
13 12 66
14 0 51
14 1 17
14 2 38
14 3 45
14 4 1
14 5 52
14 6 43
14 7 73
14 8 31
14 9 58
14 10 51
14 11 26
14 12 62
14 13 66
15 0 26
15 1 59
15 2 80
15 3 77
15 4 51
15 5 48
15 6 44
15 7 79
15 8 59
15 9 48
15 10 71
15 11 36
15 12 54
15 13 54
15 14 24
16 0 32
16 1 5
16 2 48
16 3 72
16 4 79
16 5 52
16 6 27
16 7 15
16 8 61
16 9 12
16 10 62
16 11 14
16 12 66
16 13 60
16 14 62
16 15 19
17 0 33
17 1 7
17 2 32
17 3 1
17 4 44
17 5 61
17 6 72
17 7 6
17 8 52
17 9 50
17 10 72
17 11 15
17 12 36
17 13 29
17 14 47
17 15 34
17 16 47
18 0 8
18 1 6
18 2 27
18 3 46
18 4 12
18 5 23
18 6 79
18 7 9
18 8 8
18 9 66
18 10 59
18 11 5
18 12 57
18 13 57
18 14 65
18 15 22
18 16 46
18 17 15
19 0 13
19 1 28
19 2 26
19 3 60
19 4 13
19 5 69
19 6 64
19 7 3
19 8 12
19 9 53
19 10 60
19 11 40
19 12 72
19 13 34
19 14 51
19 15 68
19 16 27
19 17 22
19 18 58
