40
1 0 96
2 1 28
3 0 18
3 1 48
7 2 8
7 6 60
8 1 50
8 2 71
8 4 38
8 5 47
9 1 38
9 3 130
9 5 59
10 0 54
10 1 51
10 3 160
10 6 72
10 8 147
10 9 93
11 0 27
11 1 21
11 3 124
11 4 65
11 9 105
12 0 14
12 3 3
12 4 132
12 7 155
12 9 109
13 1 60
13 3 149
13 5 143
13 9 51
13 12 114
14 1 95
14 2 155
14 4 100
15 1 62
15 11 73
15 14 40
16 1 55
16 5 140
16 8 26
16 9 70
16 10 106
16 13 76
16 15 28
17 0 95
17 1 109
17 2 158
17 3 42
17 4 18
17 7 76
17 8 92
17 9 68
17 15 73
17 16 73
18 9 62
18 15 153
19 8 116
19 14 8
19 17 74
19 18 30
20 1 86
20 6 52
20 7 66
20 10 1
20 11 127
20 15 157
20 18 48
21 5 155
21 7 3
21 9 1
21 11 26
21 16 31
21 20 102
22 0 68
22 5 50
22 7 49
22 9 74
22 10 127
22 12 111
22 18 128
23 0 19
23 5 154
23 8 119
23 9 111
23 10 123
23 13 55
23 16 61
23 17 149
24 0 78
24 4 90
24 5 21
24 6 157
24 9 101
24 11 33
24 13 70
24 14 118
24 15 44
24 17 36
24 19 17
24 21 155
24 23 152
25 7 156
25 10 30
25 11 147
25 14 114
25 17 134
25 21 54
25 24 81
26 2 124
26 3 28
26 5 141
26 7 79
26 10 43
26 13 76
26 21 152
26 22 89
27 0 128
27 2 116
27 3 123
27 4 13
27 5 111
27 6 77
27 12 33
27 19 146
27 20 25
27 21 105
27 26 144
28 0 120
28 21 40
28 23 151
29 2 19
29 3 45
29 6 17
29 7 36
29 11 77
29 12 13
29 13 46
29 16 8
29 17 158
29 24 89
30 3 147
30 8 135
30 11 105
30 18 47
30 19 119
30 20 56
30 26 39
31 5 109
31 6 128
31 8 57
31 11 141
31 17 72
31 22 19
31 26 100
32 1 142
32 5 94
32 7 74
32 10 30
32 14 155
32 15 128
32 18 27
32 19 148
32 21 106
32 26 19
32 27 155
32 30 145
33 1 138
33 2 91
33 3 56
33 6 67
33 8 83
33 15 8
33 17 10
33 18 59
33 19 85
33 21 74
33 22 22
33 29 76
33 30 119
33 31 2
34 2 58
34 3 149
34 8 4
34 13 19
34 14 69
34 15 155
34 17 125
34 19 150
34 22 6
34 28 91
34 30 160
34 31 92
34 32 11
35 2 50
35 6 144
35 8 4
35 10 158
35 11 43
35 13 125
35 21 112
35 27 39
35 31 130
36 6 60
36 9 126
36 10 111
36 14 79
36 17 141
36 23 57
36 24 145
36 28 106
36 31 110
37 5 69
37 6 43
37 9 46
37 12 138
37 18 58
37 21 118
37 24 96
37 26 62
37 32 55
37 34 57
38 14 109
38 15 88
38 17 130
38 26 116
38 28 115
38 29 129
38 37 59
39 4 60
39 8 8
39 10 38
39 12 72
39 13 87
39 14 107
39 18 6
39 20 37
39 23 25
39 25 128
39 30 5
39 32 14
39 33 140
39 34 84
39 36 157
39 37 118
39 38 15
