50
1 0 7
2 0 10
3 1 9
3 2 9
4 0 5
4 1 1
5 0 7
5 4 5
6 0 2
6 5 5
7 4 1
7 6 8
8 1 3
8 3 9
8 4 5
8 5 6
9 1 9
9 6 10
10 0 3
10 2 3
10 6 10
10 9 6
11 5 5
11 8 9
12 0 2
12 2 4
12 3 1
12 4 2
12 8 5
12 10 10
13 0 4
13 2 5
13 5 9
13 9 5
13 10 9
13 12 5
14 6 7
14 11 9
15 6 10
15 7 8
15 11 4
15 12 10
15 13 1
16 0 1
16 3 8
16 5 5
16 7 2
16 10 2
16 11 2
16 12 9
16 13 9
16 15 1
17 0 2
17 1 8
17 3 5
17 5 8
17 7 9
17 11 4
17 14 10
17 16 8
18 0 10
18 3 10
18 7 7
18 13 6
18 15 1
18 17 2
19 2 10
19 3 10
19 5 1
19 6 9
19 8 6
19 12 4
19 13 2
19 15 5
19 16 7
19 18 5
20 1 1
20 2 1
20 3 4
20 4 7
20 7 10
20 10 7
20 11 5
20 13 1
20 17 1
20 19 5
21 2 4
21 9 3
21 10 10
21 12 4
21 13 3
21 14 5
22 0 8
22 2 9
22 5 4
22 8 10
22 10 3
22 13 2
22 14 3
22 16 9
22 17 1
22 18 5
23 1 6
23 2 4
23 3 9
23 8 6
23 11 3
23 15 2
23 19 4
23 21 6
24 0 6
24 1 3
24 5 6
24 6 1
24 8 7
24 11 6
24 12 8
24 19 6
25 2 10
25 3 4
25 4 9
25 9 4
25 15 10
25 16 5
25 18 9
25 24 3
26 4 2
26 7 5
26 12 6
26 16 9
26 17 8
26 25 3
27 1 1
27 5 3
27 7 7
27 10 9
27 11 5
27 12 1
27 13 2
27 15 10
27 16 8
27 18 8
27 20 1
28 0 2
28 5 10
28 11 5
28 12 3
28 13 10
28 17 1
28 18 10
28 21 2
28 24 6
28 25 1
29 0 8
29 3 4
29 6 8
29 9 2
29 11 9
29 12 10
29 13 7
29 18 4
29 19 5
29 21 6
29 24 6
29 28 8
30 0 5
30 1 9
30 6 4
30 7 7
30 10 9
30 14 3
30 18 6
30 20 6
30 23 1
30 25 10
30 26 9
30 27 1
31 0 2
31 2 5
31 3 5
31 7 2
31 10 1
31 14 9
31 16 2
31 18 7
31 19 5
31 22 2
31 25 3
31 26 4
31 27 5
31 29 7
32 1 5
32 4 5
32 5 10
32 6 4
32 8 9
32 9 10
32 16 5
32 19 10
32 22 6
32 24 1
32 25 9
32 27 10
32 28 1
33 10 10
33 16 8
33 19 2
33 20 4
33 21 8
33 23 9
33 28 3
33 29 4
33 32 3
34 6 4
34 9 1
34 10 7
34 12 1
34 15 1
34 20 9
34 22 1
34 23 10
34 27 9
34 28 6
35 1 1
35 4 5
35 6 4
35 8 3
35 9 3
35 10 1
35 13 4
35 14 2
35 18 5
35 19 1
35 21 4
35 22 6
35 23 1
35 27 9
35 28 5
35 30 1
35 31 1
36 1 1
36 2 5
36 4 9
36 5 10
36 9 8
36 11 8
36 13 8
36 15 7
36 16 3
36 24 6
36 28 5
36 29 6
36 30 2
36 31 9
36 32 1
37 0 3
37 2 6
37 3 9
37 6 9
37 7 5
37 8 8
37 9 9
37 11 7
37 13 9
37 14 3
37 17 2
37 19 5
37 22 9
37 23 4
37 24 7
37 25 10
37 26 1
37 28 4
37 32 2
37 33 7
37 34 9
38 4 5
38 7 5
38 9 7
38 10 2
38 11 4
38 13 1
38 14 3
38 17 7
38 25 6
38 27 2
38 30 7
38 31 4
38 32 5
38 34 4
38 35 4
38 36 2
38 37 10
39 1 7
39 4 3
39 5 3
39 9 8
39 10 2
39 12 7
39 16 3
39 18 1
39 20 7
39 22 1
39 28 3
39 34 7
40 0 9
40 2 6
40 3 10
40 5 1
40 7 3
40 8 6
40 10 8
40 12 2
40 14 6
40 16 4
40 19 7
40 28 2
40 29 10
40 30 3
40 31 6
40 32 6
40 34 5
41 2 9
41 4 7
41 5 3
41 8 10
41 9 4
41 12 2
41 14 1
41 16 7
41 23 2
41 27 1
41 29 5
41 30 9
41 33 6
41 34 3
41 35 7
41 40 9
42 0 5
42 2 7
42 3 3
42 4 2
42 5 6
42 7 1
42 8 10
42 9 6
42 10 3
42 16 1
42 21 7
42 22 1
42 26 6
42 27 8
42 28 5
42 35 4
42 36 3
42 39 1
43 1 7
43 2 8
43 4 3
43 9 9
43 12 6
43 17 6
43 19 8
43 20 2
43 21 10
43 22 2
43 23 7
43 25 9
43 27 3
43 29 3
43 30 8
43 35 10
43 36 8
43 37 3
43 41 2
44 5 5
44 6 6
44 8 9
44 10 8
44 11 9
44 12 1
44 15 8
44 20 8
44 22 2
44 25 10
44 27 8
44 30 1
44 31 3
44 32 1
44 35 9
44 36 9
44 42 1
44 43 5
45 1 9
45 4 8
45 5 5
45 7 9
45 11 2
45 16 5
45 18 2
45 19 2
45 20 9
45 21 7
45 23 6
45 27 10
45 29 6
45 35 2
45 36 6
45 40 3
46 2 3
46 8 3
46 9 4
46 10 1
46 11 8
46 13 2
46 15 8
46 17 8
46 18 6
46 20 6
46 25 4
46 26 2
46 27 9
46 29 4
46 33 3
46 39 1
46 40 8
46 43 10
46 44 2
47 0 6
47 1 9
47 5 10
47 13 1
47 14 9
47 15 9
47 20 10
47 25 4
47 26 3
47 27 6
47 28 5
47 31 10
47 34 4
47 35 1
47 42 9
47 43 4
48 3 5
48 8 4
48 9 6
48 10 5
48 12 10
48 13 7
48 17 6
48 19 8
48 22 6
48 23 8
48 24 5
48 27 2
48 30 3
48 31 5
48 32 4
48 38 10
48 39 8
48 41 7
48 42 8
48 44 9
48 46 6
48 47 3
49 2 2
49 3 3
49 5 4
49 9 9
49 12 6
49 13 2
49 14 5
49 15 5
49 16 2
49 18 1
49 20 6
49 21 9
49 29 9
49 30 7
49 33 2
49 40 3
49 42 1
49 46 9
