40
1 0 111
2 0 102
2 1 113
3 0 19
3 1 126
3 2 11
4 0 112
4 1 65
4 2 78
4 3 74
5 0 49
5 1 32
5 2 104
5 3 20
5 4 86
6 0 6
6 1 129
6 2 131
6 3 150
6 4 132
6 5 150
7 0 107
7 1 22
7 2 143
7 3 68
7 4 114
7 5 125
7 6 129
8 0 48
8 1 39
8 2 48
8 3 132
8 4 123
8 5 57
8 6 53
8 7 5
9 0 81
9 1 86
9 2 120
9 3 89
9 4 42
9 5 15
9 6 108
9 7 52
9 8 131
10 0 123
10 1 130
10 2 54
10 3 48
10 4 145
10 5 18
10 6 71
10 7 51
10 8 146
10 9 93
11 0 155
11 1 92
11 2 155
11 3 98
11 4 130
11 5 123
11 6 31
11 7 52
11 8 128
11 9 12
11 10 115
12 0 109
12 1 62
12 2 66
12 3 63
12 4 67
12 5 15
12 6 53
12 7 4
12 8 6
12 9 27
12 10 44
12 11 75
13 0 64
13 1 61
13 2 68
13 3 140
13 4 109
13 5 157
13 6 80
13 7 155
13 8 111
13 9 33
13 10 33
13 11 21
13 12 138
14 0 136
14 1 17
14 2 115
14 3 62
14 4 127
14 5 41
14 6 131
14 7 52
14 8 90
14 9 122
14 10 60
14 11 102
14 12 27
14 13 19
15 0 78
15 1 78
15 2 152
15 3 11
15 4 30
15 5 36
15 6 24
15 7 35
15 8 15
15 9 155
15 10 49
15 11 125
15 12 104
15 13 106
15 14 137
16 0 10
16 1 155
16 2 154
16 3 78
16 4 95
16 5 64
16 6 74
16 7 8
16 8 23
16 9 53
16 10 157
16 11 30
16 12 131
16 13 150
16 14 160
16 15 149
17 0 19
17 1 129
17 2 75
17 3 145
17 4 102
17 5 103
17 6 80
17 7 147
17 8 113
17 9 89
17 10 125
17 11 14
17 12 46
17 13 93
17 14 99
17 15 123
17 16 128
18 0 68
18 1 2
18 2 145
18 3 121
18 4 101
18 5 25
18 6 105
18 7 59
18 8 103
18 9 33
18 10 42
18 11 78
18 12 65
18 13 58
18 14 112
18 15 90
18 16 94
18 17 65
19 0 72
19 1 81
19 2 74
19 3 62
19 4 65
19 5 89
19 6 14
19 7 13
19 8 154
19 9 98
19 10 52
19 11 52
19 12 81
19 13 102
19 14 125
19 15 71
19 16 8
19 17 3
19 18 128
20 0 56
20 1 118
20 2 9
20 3 3
20 4 8
20 5 57
20 6 156
20 7 19
20 8 84
20 9 16
20 10 11
20 11 134
20 12 60
20 13 51
20 14 145
20 15 53
20 16 104
20 17 150
20 18 118
20 19 71
21 0 105
21 1 110
21 2 80
21 3 86
21 4 127
21 5 86
21 6 2
21 7 131
21 8 102
21 9 120
21 10 55
21 11 69
21 12 139
21 13 98
21 14 72
21 15 123
21 16 110
21 17 113
21 18 74
21 19 96
21 20 144
22 0 35
22 1 47
22 2 23
22 3 123
22 4 121
22 5 72
22 6 24
22 7 52
22 8 93
22 9 32
22 10 83
22 11 121
22 12 49
22 13 77
22 14 24
22 15 156
22 16 60
22 17 36
22 18 155
22 19 103
22 20 150
22 21 144
23 0 56
23 1 18
23 2 147
23 3 93
23 4 61
23 5 17
23 6 71
23 7 120
23 8 113
23 9 22
23 10 126
23 11 98
23 12 132
23 13 148
23 14 102
23 15 126
23 16 32
23 17 57
23 18 55
23 19 76
23 20 72
23 21 120
23 22 47
24 0 85
24 1 79
24 2 64
24 3 119
24 4 18
24 5 77
24 6 124
24 7 118
24 8 118
24 9 133
24 10 119
24 11 128
24 12 150
24 13 114
24 14 119
24 15 108
24 16 145
24 17 126
24 18 130
24 19 48
24 20 119
24 21 14
24 22 129
24 23 105
25 0 42
25 1 47
25 2 44
25 3 47
25 4 64
25 5 131
25 6 128
25 7 113
25 8 118
25 9 75
25 10 136
25 11 116
25 12 114
25 13 88
25 14 49
25 15 108
25 16 64
25 17 120
25 18 50
25 19 6
25 20 15
25 21 15
25 22 21
25 23 113
25 24 150
26 0 135
26 1 10
26 2 35
26 3 69
26 4 28
26 5 105
26 6 72
26 7 89
26 8 148
26 9 132
26 10 117
26 11 115
26 12 125
26 13 81
26 14 59
26 15 150
26 16 113
26 17 156
26 18 145
26 19 140
26 20 82
26 21 16
26 22 129
26 23 100
26 24 123
26 25 150
27 0 36
27 1 61
27 2 86
27 3 95
27 4 25
27 5 70
27 6 108
27 7 38
27 8 10
27 9 13
27 10 86
27 11 103
27 12 124
27 13 57
27 14 70
27 15 106
27 16 54
27 17 122
27 18 36
27 19 89
27 20 159
27 21 62
27 22 117
27 23 1
27 24 91
27 25 156
27 26 155
28 0 47
28 1 141
28 2 154
28 3 72
28 4 153
28 5 150
28 6 89
28 7 140
28 8 138
28 9 21
28 10 39
28 11 8
28 12 95
28 13 103
28 14 68
28 15 155
28 16 82
28 17 106
28 18 1
28 19 27
28 20 155
28 21 53
28 22 19
28 23 152
28 24 62
28 25 57
28 26 69
28 27 13
29 0 58
29 1 130
29 2 86
29 3 153
29 4 149
29 5 79
29 6 75
29 7 72
29 8 92
29 9 133
29 10 69
29 11 142
29 12 119
29 13 59
29 14 17
29 15 136
29 16 142
29 17 24
29 18 31
29 19 126
29 20 44
29 21 92
29 22 27
29 23 99
29 24 21
29 25 101
29 26 41
29 27 127
29 28 137
30 0 74
30 1 20
30 2 83
30 3 53
30 4 116
30 5 141
30 6 17
30 7 100
30 8 41
30 9 53
30 10 104
30 11 83
30 12 140
30 13 90
30 14 81
30 15 127
30 16 66
30 17 49
30 18 36
30 19 16
30 20 56
30 21 117
30 22 156
30 23 131
30 24 89
30 25 77
30 26 96
30 27 63
30 28 3
30 29 33
31 0 129
31 1 139
31 2 107
31 3 146
31 4 22
31 5 117
31 6 86
31 7 131
31 8 125
31 9 35
31 10 150
31 11 86
31 12 52
31 13 114
31 14 71
31 15 138
31 16 150
31 17 153
31 18 119
31 19 59
31 20 122
31 21 7
31 22 116
31 23 113
31 24 54
31 25 97
31 26 60
31 27 32
31 28 62
31 29 82
31 30 44
32 0 31
32 1 62
32 2 10
32 3 140
32 4 46
32 5 86
32 6 87
32 7 123
32 8 42
32 9 43
32 10 70
32 11 98
32 12 86
32 13 47
32 14 146
32 15 81
32 16 47
32 17 134
32 18 33
32 19 153
32 20 108
32 21 101
32 22 7
32 23 103
32 24 115
32 25 104
32 26 46
32 27 114
32 28 140
32 29 142
32 30 65
32 31 55
33 0 54
33 1 76
33 2 71
33 3 107
33 4 70
33 5 160
33 6 93
33 7 67
33 8 149
33 9 142
33 10 88
33 11 135
33 12 143
33 13 12
33 14 59
33 15 126
33 16 84
33 17 72
33 18 39
33 19 146
33 20 20
33 21 118
33 22 91
33 23 79
33 24 157
33 25 135
33 26 65
33 27 49
33 28 159
33 29 124
33 30 133
33 31 81
33 32 41
34 0 107
34 1 8
34 2 75
34 3 145
34 4 98
34 5 26
34 6 11
34 7 152
34 8 32
34 9 3
34 10 132
34 11 148
34 12 10
34 13 80
34 14 144
34 15 89
34 16 123
34 17 19
34 18 143
34 19 130
34 20 143
34 21 149
34 22 137
34 23 156
34 24 20
34 25 2
34 26 14
34 27 101
34 28 108
34 29 3
34 30 80
34 31 120
34 32 65
34 33 97
35 0 112
35 1 39
35 2 70
35 3 118
35 4 13
35 5 89
35 6 20
35 7 26
35 8 85
35 9 61
35 10 104
35 11 82
35 12 82
35 13 64
35 14 115
35 15 143
35 16 120
35 17 107
35 18 155
35 19 144
35 20 108
35 21 17
35 22 27
35 23 56
35 24 59
35 25 20
35 26 49
35 27 54
35 28 114
35 29 75
35 30 19
35 31 30
35 32 149
35 33 106
35 34 109
36 0 90
36 1 121
36 2 118
36 3 15
36 4 128
36 5 141
36 6 16
36 7 65
36 8 16
36 9 82
36 10 119
36 11 43
36 12 51
36 13 10
36 14 18
36 15 6
36 16 59
36 17 59
36 18 55
36 19 37
36 20 79
36 21 154
36 22 115
36 23 101
36 24 151
36 25 52
36 26 85
36 27 59
36 28 139
36 29 9
36 30 115
36 31 133
36 32 56
36 33 71
36 34 139
36 35 41
37 0 147
37 1 143
37 2 104
37 3 37
37 4 9
37 5 25
37 6 92
37 7 99
37 8 74
37 9 51
37 10 115
37 11 85
37 12 7
37 13 4
37 14 144
37 15 56
37 16 160
37 17 61
37 18 35
37 19 3
37 20 72
37 21 72
37 22 36
37 23 4
37 24 60
37 25 68
37 26 147
37 27 131
37 28 148
37 29 120
37 30 66
37 31 91
37 32 52
37 33 135
37 34 159
37 35 81
37 36 156
38 0 34
38 1 139
38 2 57
38 3 59
38 4 5
38 5 140
38 6 68
38 7 6
38 8 89
38 9 140
38 10 75
38 11 95
38 12 153
38 13 106
38 14 64
38 15 93
38 16 52
38 17 99
38 18 67
38 19 121
38 20 2
38 21 69
38 22 30
38 23 141
38 24 108
38 25 83
38 26 159
38 27 50
38 28 68
38 29 22
38 30 41
38 31 139
38 32 24
38 33 37
38 34 93
38 35 120
38 36 147
38 37 68
39 0 58
39 1 93
39 2 133
39 3 146
39 4 98
39 5 127
39 6 4
39 7 152
39 8 69
39 9 130
39 10 67
39 11 42
39 12 79
39 13 4
39 14 92
39 15 112
39 16 35
39 17 41
39 18 121
39 19 118
39 20 106
39 21 49
39 22 142
39 23 130
39 24 47
39 25 135
39 26 43
39 27 87
39 28 18
39 29 93
39 30 9
39 31 53
39 32 131
39 33 107
39 34 137
39 35 138
39 36 4
39 37 93
39 38 7
