50
2 0 4
3 2 4
4 2 2
5 3 2
9 4 10
9 6 16
11 0 11
11 2 8
12 4 15
13 4 6
13 11 13
14 4 13
14 5 1
15 1 10
15 4 12
15 6 14
15 10 6
16 6 1
17 0 7
17 4 16
18 1 16
18 4 7
19 13 5
20 4 17
21 2 15
21 3 8
21 7 8
23 3 12
23 10 4
23 11 9
23 12 13
24 1 9
24 15 10
24 18 4
25 2 11
26 1 8
26 9 19
26 25 5
27 13 14
29 4 15
29 24 8
30 2 14
30 8 9
30 15 2
31 4 17
31 9 3
31 11 6
31 12 9
31 14 18
31 26 18
31 30 2
32 1 7
32 6 3
32 14 19
32 15 6
32 16 11
32 20 15
32 22 1
32 23 8
32 26 14
33 2 4
33 13 1
33 19 13
33 23 17
33 30 6
34 1 16
34 4 11
34 33 16
35 7 15
35 8 10
36 4 2
36 8 19
36 13 8
36 16 12
36 22 11
36 35 10
37 2 20
37 14 5
37 21 9
37 25 8
37 26 10
37 32 11
38 7 19
38 15 18
38 27 5
39 19 10
39 33 14
40 5 20
40 6 18
40 33 20
41 7 1
41 30 1
41 37 17
41 38 7
42 2 8
42 3 6
42 5 11
42 14 14
42 28 12
43 11 18
43 13 4
43 14 10
44 6 8
44 15 15
44 22 15
45 1 19
45 9 12
45 24 1
45 27 5
45 37 20
45 38 1
46 3 12
46 9 15
46 22 1
47 10 1
47 14 16
47 23 15
47 32 13
47 34 8
47 45 6
48 30 20
48 36 11
48 39 16
49 7 14
49 43 7
