30
6 2 1
6 3 4
7 5 4
8 0 7
8 6 3
9 0 6
10 2 2
10 6 1
11 1 4
11 2 8
11 8 1
11 9 3
12 2 3
12 4 1
12 10 10
13 2 10
13 4 7
13 9 3
14 0 9
14 3 8
14 10 1
14 13 8
15 0 4
15 2 10
15 5 7
16 7 6
16 11 1
17 1 1
17 3 9
17 8 5
17 9 9
17 11 9
17 12 10
17 16 4
18 6 6
18 7 5
18 9 3
18 15 2
18 17 9
19 0 9
19 1 9
19 2 1
19 5 6
19 15 8
19 16 2
20 0 9
20 10 9
20 14 6
20 16 7
20 17 1
21 1 10
21 2 6
21 3 2
21 4 6
21 7 9
21 17 2
22 2 9
22 5 9
22 10 10
22 15 8
22 18 5
23 1 7
23 10 4
23 14 3
23 18 10
23 20 1
24 6 5
24 7 4
24 19 4
24 20 5
25 8 1
25 13 4
25 15 10
25 17 7
25 19 9
25 20 7
25 22 8
26 5 10
26 8 7
26 12 4
26 14 5
26 15 5
27 10 10
27 16 5
27 17 4
27 20 5
27 23 6
27 24 9
28 3 3
28 13 1
28 21 5
28 25 4
29 1 8
29 4 5
29 7 6
29 8 5
29 16 8
29 17 4
29 18 7
29 25 6
