50
1 0 12
2 0 71
3 0 21
3 1 63
3 2 63
4 0 36
4 2 17
4 3 47
5 0 4
5 1 63
5 2 78
5 3 5
5 4 10
6 0 37
6 1 77
6 2 58
6 4 54
6 5 63
7 0 16
7 2 49
7 4 79
7 6 33
8 0 19
8 1 19
8 2 7
8 3 51
8 5 73
8 6 50
8 7 19
9 0 76
9 1 75
9 2 9
9 3 25
9 4 26
9 6 2
9 7 38
10 2 68
10 3 65
10 4 49
10 5 46
10 6 63
10 7 2
10 8 4
10 9 12
11 0 36
11 3 30
11 4 44
11 9 11
12 0 18
12 1 1
12 3 62
12 4 26
12 5 32
12 6 60
12 8 15
12 9 24
12 11 56
13 0 65
13 1 74
13 2 16
13 4 80
13 5 55
13 6 62
13 7 40
13 9 33
13 11 68
13 12 44
14 0 31
14 1 25
14 5 5
14 6 33
14 7 76
14 8 5
14 9 39
14 10 59
14 11 41
14 12 38
15 0 43
15 1 35
15 2 44
15 3 17
15 4 28
15 5 73
15 6 42
15 7 63
15 8 25
15 10 54
15 13 7
16 0 68
16 1 7
16 2 75
16 3 30
16 5 70
16 6 22
16 7 56
16 8 29
16 10 65
16 12 72
16 13 39
16 14 79
17 0 23
17 1 77
17 2 24
17 4 48
17 5 64
17 6 29
17 7 22
17 8 5
17 9 33
17 10 40
17 12 2
17 14 34
17 15 14
18 0 10
18 1 69
18 2 54
18 3 73
18 4 18
18 5 34
18 6 10
18 7 42
18 8 52
18 10 11
18 12 76
18 13 28
18 16 48
18 17 21
19 2 46
19 4 20
19 6 5
19 7 17
19 10 64
19 11 72
19 13 77
19 14 16
19 15 7
19 16 30
19 17 25
19 18 14
20 0 80
20 1 53
20 2 12
20 4 70
20 5 41
20 6 24
20 7 22
20 9 27
20 10 39
20 11 75
20 12 65
20 15 61
20 16 67
20 17 61
20 18 70
20 19 19
21 0 43
21 1 62
21 2 73
21 4 28
21 7 14
21 8 58
21 9 71
21 11 41
21 13 19
21 14 19
21 16 58
21 17 20
21 18 31
21 19 15
22 0 15
22 1 73
22 3 64
22 5 33
22 7 67
22 8 39
22 9 51
22 10 12
22 11 43
22 12 44
22 13 49
22 17 70
22 18 70
22 19 3
22 20 79
22 21 14
23 2 2
23 5 14
23 6 76
23 7 59
23 9 50
23 11 39
23 13 23
23 14 33
23 15 14
23 16 23
23 17 66
23 18 23
23 19 47
23 20 43
23 21 18
23 22 71
24 0 22
24 1 71
24 4 23
24 5 38
24 6 6
24 9 5
24 11 2
24 12 64
24 13 34
24 14 78
24 15 55
24 16 26
24 17 25
24 18 80
24 19 36
24 20 35
24 21 47
24 22 3
25 0 77
25 1 50
25 2 34
25 5 15
25 8 12
25 9 46
25 12 44
25 14 27
25 15 45
25 16 20
25 17 58
25 20 21
25 21 63
25 22 68
25 23 22
26 0 69
26 1 33
26 2 25
26 3 55
26 4 42
26 5 6
26 6 65
26 11 16
26 12 75
26 13 38
26 15 19
26 16 54
26 17 12
26 19 2
26 20 25
26 21 24
26 22 59
26 24 72
26 25 79
27 1 8
27 3 51
27 4 22
27 5 22
27 9 38
27 11 77
27 12 78
27 13 35
27 14 61
27 18 61
27 19 69
27 21 25
27 22 32
27 23 55
27 25 26
27 26 50
28 1 37
28 2 34
28 3 69
28 4 68
28 6 50
28 8 3
28 9 9
28 11 45
28 12 63
28 13 11
28 14 3
28 15 43
28 17 32
28 18 74
28 21 18
28 22 78
28 23 16
28 24 5
28 25 70
28 26 6
29 0 11
29 1 35
29 2 56
29 3 47
29 4 80
29 5 58
29 7 72
29 11 58
29 12 21
29 17 47
29 18 6
29 19 13
29 22 49
29 23 60
29 24 59
29 25 28
29 26 41
29 27 44
29 28 11
30 0 34
30 1 10
30 2 2
30 3 80
30 5 19
30 6 48
30 7 5
30 8 22
30 9 30
30 10 12
30 11 72
30 13 5
30 15 78
30 16 26
30 17 72
30 19 57
30 20 47
30 21 65
30 22 21
30 24 43
30 25 14
30 26 63
30 28 47
30 29 64
31 0 25
31 2 11
31 5 42
31 6 50
31 7 40
31 8 54
31 9 47
31 10 53
31 12 29
31 13 76
31 14 44
31 15 24
31 16 57
31 17 7
31 18 52
31 19 35
31 20 66
31 22 58
31 23 78
31 24 51
31 27 65
31 29 36
31 30 44
32 0 15
32 3 1
32 4 72
32 5 67
32 6 31
32 7 19
32 8 35
32 9 20
32 13 1
32 14 42
32 15 39
32 16 43
32 17 18
32 18 38
32 19 19
32 20 36
32 21 66
32 23 73
32 24 25
32 25 61
32 26 16
32 28 50
33 1 12
33 2 6
33 7 76
33 9 66
33 10 28
33 11 11
33 12 17
33 13 52
33 15 73
33 16 33
33 17 35
33 19 25
33 20 55
33 21 54
33 22 4
33 23 53
33 24 31
33 25 14
33 26 73
33 29 50
33 30 80
33 31 37
33 32 9
34 0 27
34 2 53
34 3 45
34 5 17
34 7 76
34 10 53
34 11 8
34 15 14
34 16 16
34 17 31
34 18 15
34 19 59
34 20 13
34 21 32
34 22 40
34 23 72
34 24 40
34 25 66
34 26 45
34 27 32
34 29 63
34 30 12
34 32 27
34 33 15
35 1 60
35 2 80
35 4 20
35 5 47
35 6 78
35 7 36
35 8 16
35 10 21
35 11 57
35 14 12
35 15 73
35 17 26
35 18 38
35 20 58
35 21 32
35 22 75
35 23 39
35 24 75
35 25 39
35 26 24
35 28 48
35 29 11
35 30 40
35 32 33
35 33 23
35 34 17
36 0 6
36 3 23
36 4 39
36 6 32
36 7 38
36 8 5
36 10 35
36 11 17
36 12 63
36 13 45
36 15 72
36 18 77
36 19 51
36 20 80
36 21 47
36 22 11
36 25 13
36 26 11
36 28 26
36 29 9
36 30 20
36 31 79
36 33 26
36 34 18
37 1 44
37 2 29
37 3 74
37 8 54
37 9 70
37 10 1
37 11 12
37 12 17
37 13 43
37 14 27
37 15 62
37 17 11
37 18 33
37 19 16
37 20 43
37 21 78
37 22 64
37 23 56
37 25 14
37 26 62
37 27 70
37 28 64
37 29 74
37 30 10
37 31 26
37 32 30
37 33 37
37 34 39
37 36 49
38 0 50
38 2 23
38 3 6
38 5 58
38 6 66
38 7 52
38 8 44
38 10 43
38 11 72
38 12 75
38 13 12
38 14 31
38 15 64
38 16 46
38 17 24
38 18 35
38 20 5
38 21 6
38 22 16
38 24 43
38 25 69
38 27 75
38 28 76
38 29 68
38 30 8
38 31 71
38 32 19
38 33 66
38 34 29
38 35 56
38 37 4
39 0 9
39 1 76
39 2 33
39 3 3
39 4 8
39 5 73
39 6 62
39 7 61
39 8 21
39 12 37
39 14 15
39 15 52
39 16 65
39 17 25
39 18 3
39 19 4
39 20 41
39 23 76
39 24 32
39 25 34
39 28 2
39 29 63
39 32 61
39 33 6
39 34 14
39 35 69
39 36 39
39 37 64
40 0 32
40 1 23
40 2 30
40 3 72
40 4 54
40 6 29
40 10 52
40 11 54
40 12 4
40 13 38
40 14 53
40 15 16
40 16 26
40 17 40
40 18 43
40 19 13
40 21 20
40 23 45
40 25 5
40 26 80
40 30 34
40 31 61
40 32 3
40 33 28
40 34 50
40 35 17
40 36 51
40 37 75
40 38 3
40 39 54
41 0 42
41 1 68
41 2 12
41 3 78
41 5 18
41 6 5
41 7 1
41 9 7
41 10 78
41 11 31
41 12 71
41 13 18
41 14 50
41 15 16
41 16 55
41 18 46
41 19 75
41 22 72
41 23 34
41 24 32
41 25 40
41 26 30
41 27 21
41 28 64
41 29 19
41 30 17
41 31 45
41 33 20
41 34 4
41 35 17
41 36 18
41 38 75
41 39 14
41 40 77
42 0 58
42 1 25
42 3 28
42 4 62
42 5 32
42 6 41
42 7 24
42 9 64
42 11 16
42 12 39
42 13 37
42 14 33
42 15 40
42 16 32
42 18 57
42 19 3
42 20 47
42 21 12
42 22 42
42 24 35
42 25 31
42 26 59
42 29 76
42 31 19
42 32 60
42 37 39
42 38 9
42 39 1
42 40 79
42 41 23
43 0 5
43 1 11
43 2 65
43 3 28
43 4 32
43 7 29
43 8 26
43 9 22
43 11 67
43 12 61
43 13 6
43 16 71
43 17 13
43 18 47
43 19 36
43 20 35
43 23 19
43 26 42
43 29 65
43 30 63
43 31 13
43 32 41
43 33 42
43 35 4
43 36 11
43 37 80
43 38 37
43 40 7
43 42 51
44 2 67
44 3 77
44 4 31
44 5 30
44 6 53
44 7 40
44 9 52
44 11 46
44 12 11
44 13 33
44 14 3
44 15 25
44 16 31
44 17 20
44 19 10
44 21 38
44 23 45
44 24 64
44 25 18
44 28 31
44 30 62
44 31 24
44 32 37
44 34 66
44 35 45
44 38 56
44 39 68
44 41 25
44 42 30
44 43 14
45 0 51
45 1 40
45 2 62
45 3 7
45 4 24
45 5 36
45 6 26
45 7 35
45 8 20
45 9 74
45 10 13
45 11 2
45 12 77
45 13 80
45 14 74
45 15 49
45 16 32
45 17 51
45 18 21
45 21 6
45 22 53
45 23 20
45 24 13
45 25 76
45 27 62
45 28 37
45 31 64
45 33 5
45 34 28
45 35 61
45 36 41
45 37 55
45 38 5
45 39 37
45 40 23
45 41 48
45 42 49
45 43 80
45 44 65
46 0 7
46 1 49
46 2 20
46 5 49
46 6 75
46 7 37
46 8 44
46 9 2
46 10 31
46 11 47
46 12 10
46 13 8
46 14 52
46 19 44
46 20 57
46 21 67
46 22 11
46 23 12
46 24 22
46 25 57
46 27 57
46 30 21
46 31 25
46 34 46
46 36 76
46 37 33
46 38 79
46 39 65
46 40 65
46 41 3
46 43 38
46 44 56
46 45 34
47 0 75
47 2 9
47 3 63
47 4 74
47 6 73
47 7 62
47 8 41
47 11 41
47 12 7
47 13 27
47 16 14
47 17 28
47 20 73
47 22 62
47 23 9
47 24 12
47 25 79
47 26 1
47 27 5
47 28 55
47 33 23
47 34 77
47 36 47
47 39 47
47 40 16
47 41 26
47 42 11
47 43 36
47 44 32
47 45 32
48 0 75
48 1 56
48 3 2
48 4 71
48 5 42
48 6 38
48 8 11
48 9 67
48 10 37
48 11 36
48 12 65
48 13 54
48 14 28
48 16 9
48 17 77
48 18 14
48 21 23
48 23 74
48 24 66
48 25 31
48 27 47
48 28 34
48 29 73
48 30 11
48 31 73
48 32 28
48 33 26
48 34 48
48 35 13
48 37 71
48 38 72
48 39 6
48 41 11
48 42 32
48 44 10
48 45 62
49 0 65
49 1 48
49 3 49
49 5 59
49 6 2
49 7 45
49 8 29
49 9 25
49 10 80
49 15 15
49 16 49
49 18 20
49 19 27
49 21 64
49 24 67
49 25 2
49 26 64
49 27 58
49 28 36
49 29 16
49 31 11
49 32 73
49 34 13
49 35 20
49 37 17
49 38 80
49 39 25
49 40 57
49 41 25
49 42 63
49 45 17
49 46 6
49 48 75
