40
3 0 148
4 2 114
4 3 82
5 0 93
6 0 57
6 1 157
6 4 46
6 5 107
7 3 42
7 4 99
7 6 122
8 3 80
8 7 111
9 3 101
9 7 36
10 1 14
10 3 97
10 4 31
10 6 147
10 9 5
11 0 69
11 2 127
11 3 133
11 6 148
11 7 129
12 1 124
12 2 141
12 3 75
12 5 73
12 10 86
13 0 81
13 1 146
13 2 23
13 3 147
13 4 65
13 7 14
13 8 126
13 10 87
14 0 28
14 1 89
14 2 139
14 5 70
14 6 106
14 9 124
14 11 61
15 1 116
15 2 103
15 9 100
15 14 136
16 3 19
16 7 133
16 9 138
16 11 49
16 13 36
16 15 16
17 2 27
17 3 64
17 8 35
17 9 160
17 16 13
18 1 76
18 2 136
18 5 17
18 13 151
18 16 60
19 1 15
19 4 67
19 8 87
19 11 98
19 12 96
19 16 47
19 18 17
20 5 120
20 9 42
20 14 78
21 2 79
21 3 96
21 5 41
21 6 139
21 7 81
21 13 8
21 16 141
21 17 8
21 19 58
22 3 120
22 4 18
22 5 23
22 7 29
22 9 37
22 11 96
22 15 40
22 17 37
23 2 71
23 5 95
23 6 64
23 9 56
23 12 24
23 13 140
23 14 28
23 15 136
23 17 73
23 22 34
24 0 21
24 2 4
24 5 11
24 7 60
24 8 54
24 9 70
24 10 119
24 13 103
24 16 2
25 0 21
25 2 22
25 6 87
25 9 29
25 10 78
25 12 128
25 14 13
25 15 84
25 17 127
25 18 7
25 19 160
25 20 106
26 0 130
26 1 141
26 2 18
26 3 90
26 4 156
26 12 91
26 13 158
26 14 7
26 19 137
26 20 49
26 22 12
26 23 69
27 5 26
27 6 85
27 8 146
27 11 87
27 15 85
27 16 100
27 17 34
27 18 29
27 21 131
27 22 92
27 26 118
28 2 140
28 4 70
28 12 131
28 13 73
28 18 128
28 19 128
28 21 151
28 23 66
28 25 33
29 1 25
29 2 56
29 5 151
29 9 45
29 14 38
29 16 65
29 18 73
29 19 82
29 20 38
29 21 156
29 22 53
29 25 87
29 27 75
29 28 72
30 0 31
30 4 90
30 8 71
30 9 102
30 15 73
30 17 20
30 18 86
30 20 28
30 22 52
30 25 120
31 0 55
31 1 158
31 5 91
31 7 69
31 10 12
31 12 84
31 13 32
31 14 39
31 17 53
31 18 130
31 23 160
31 24 89
32 2 37
32 3 82
32 5 105
32 8 20
32 9 127
32 10 128
32 11 71
32 12 35
32 14 95
32 15 126
32 21 27
32 22 53
32 23 56
32 26 37
32 27 144
33 1 54
33 3 4
33 4 61
33 5 50
33 6 159
33 7 155
33 9 8
33 10 121
33 12 33
33 20 67
33 21 97
33 22 68
33 26 93
33 28 20
33 31 80
34 2 5
34 4 87
34 6 159
34 9 154
34 11 72
34 15 159
34 17 100
34 18 151
34 25 95
34 26 153
34 29 90
34 31 90
34 32 21
34 33 114
35 0 88
35 4 118
35 6 133
35 7 106
35 8 113
35 10 139
35 11 155
35 15 58
35 19 125
35 20 121
35 21 75
35 24 119
35 26 107
35 33 8
36 2 23
36 3 80
36 4 33
36 5 92
36 6 135
36 10 154
36 14 107
36 15 103
36 18 18
36 21 75
36 25 25
36 26 26
36 27 25
36 29 83
36 30 146
36 31 12
36 32 96
36 35 31
37 1 122
37 4 1
37 9 132
37 14 108
37 16 69
37 17 14
37 19 45
37 22 86
37 23 42
37 27 142
37 28 103
37 30 8
37 31 109
37 33 115
37 35 58
38 1 85
38 2 5
38 4 151
38 8 126
38 10 100
38 12 130
38 15 91
38 16 157
38 18 31
38 19 36
38 20 1
38 23 4
38 24 141
38 28 103
38 34 73
38 35 119
38 37 110
39 3 97
39 4 149
39 5 1
39 6 92
39 7 56
39 8 118
39 10 40
39 11 47
39 13 112
39 14 28
39 16 96
39 19 36
39 21 117
39 22 128
39 24 68
39 30 116
39 31 67
39 32 123
39 35 117
39 37 51
