20
2 0 19
2 1 52
3 1 201
3 2 137
4 2 182
4 3 44
5 0 201
5 1 177
5 2 66
5 3 124
6 0 256
6 1 307
6 2 232
6 3 310
6 4 5
6 5 251
7 1 86
7 2 9
7 3 279
7 4 292
8 0 312
8 3 305
8 6 196
8 7 188
9 2 188
9 4 105
9 5 9
9 6 136
9 7 217
9 8 20
10 2 282
10 4 114
10 5 48
10 7 157
10 9 180
11 2 282
11 3 285
11 4 144
11 5 263
11 6 300
11 8 154
11 9 309
12 0 311
12 1 184
12 2 239
12 3 66
12 5 289
12 6 285
12 7 47
12 10 238
12 11 230
13 1 91
13 2 98
13 3 32
13 4 61
13 5 2
13 6 240
13 7 209
13 9 77
13 10 123
13 11 69
14 0 93
14 1 117
14 2 111
14 3 227
14 4 265
14 5 314
14 6 245
14 8 219
14 9 69
14 10 143
14 11 33
14 13 172
15 1 105
15 2 237
15 6 296
15 8 190
15 11 301
15 12 47
16 0 19
16 2 144
16 5 35
16 10 163
16 11 165
16 13 215
16 14 201
17 0 259
17 2 258
17 3 31
17 4 193
17 5 53
17 7 187
17 8 61
17 9 22
17 10 218
17 11 66
17 12 237
17 13 131
17 16 178
18 0 290
18 2 141
18 3 170
18 4 2
18 5 204
18 6 244
18 7 193
18 9 246
18 10 200
18 12 33
18 16 72
19 1 129
19 6 309
19 11 279
19 13 229
19 14 218
19 15 15
19 16 130
19 18 238
