60
5 4 242
6 1 174
6 5 257
7 6 297
8 3 273
9 2 80
10 4 228
10 5 25
11 0 319
11 2 185
11 10 20
12 10 92
13 1 71
15 9 113
15 11 9
16 6 166
16 13 274
17 10 73
18 12 169
19 2 284
20 14 65
20 15 22
21 5 17
22 3 73
22 5 164
22 13 136
23 0 103
23 21 301
24 3 286
25 1 75
25 12 102
26 11 31
26 18 163
26 23 125
27 21 240
28 10 115
28 14 192
29 18 304
30 1 273
30 21 63
30 22 221
31 2 110
31 4 284
31 11 217
31 19 14
32 21 296
32 23 193
32 26 319
33 2 27
33 14 152
33 19 15
33 20 183
34 2 72
34 17 157
34 22 214
34 29 107
35 2 156
35 3 206
35 5 175
35 9 257
35 14 129
35 32 239
36 4 296
36 13 172
36 15 99
37 17 125
38 1 118
38 12 254
38 24 175
39 2 305
39 5 83
39 15 145
39 21 1
40 0 217
40 8 292
40 12 265
40 26 149
40 32 307
40 33 171
41 5 252
41 7 276
41 20 279
41 21 25
41 23 302
41 24 188
42 1 205
43 10 17
43 25 95
43 29 194
43 31 92
44 15 270
44 18 25
44 19 154
44 20 58
44 28 26
44 29 79
44 36 264
44 37 105
45 7 239
45 8 113
45 39 263
45 41 275
45 44 130
46 14 50
47 0 135
47 13 10
47 24 44
47 30 72
47 31 198
47 32 238
48 2 226
48 10 217
48 33 221
49 0 262
49 31 294
49 35 133
49 42 79
50 8 19
50 10 292
50 15 191
50 24 199
50 27 105
50 30 121
50 35 207
50 40 32
50 48 33
51 0 46
51 5 158
51 8 99
51 31 225
51 36 146
51 41 130
51 48 272
52 12 225
52 23 99
52 35 156
52 41 308
52 45 144
52 46 62
53 2 90
53 36 27
53 39 68
53 43 263
54 3 220
54 6 204
54 11 58
54 18 20
54 30 281
54 45 161
55 6 298
55 11 282
55 13 176
55 30 88
55 31 18
55 33 205
55 34 187
55 48 71
55 49 47
55 50 148
56 6 209
56 8 300
56 41 181
56 46 62
57 30 251
57 34 68
57 37 78
58 13 170
58 16 132
58 17 257
58 26 28
58 27 254
59 4 85
59 15 213
59 16 105
59 32 109
59 36 190
59 53 274
59 55 83
