20
2 0 72
3 0 17
3 2 50
4 0 80
4 1 41
4 2 4
4 3 31
5 0 71
5 1 52
5 3 62
6 3 76
6 5 1
7 2 11
7 3 5
7 5 16
8 0 69
8 1 2
8 3 16
8 4 46
8 5 17
8 6 70
9 0 46
9 2 21
9 5 37
10 0 29
10 1 21
10 2 74
10 3 79
10 4 39
10 6 5
10 8 29
11 2 12
11 5 78
11 7 39
11 8 55
12 0 2
12 1 52
12 3 49
12 6 36
12 8 80
12 9 57
13 0 39
13 4 30
13 6 63
13 7 9
13 9 42
13 10 14
13 11 41
13 12 55
14 0 3
14 1 53
14 3 24
14 4 2
14 5 18
14 6 64
14 7 66
14 9 37
14 10 7
14 11 22
14 13 29
15 0 74
15 7 44
15 8 67
15 9 28
15 12 1
16 1 20
16 2 41
16 5 19
16 7 11
16 8 10
16 10 24
16 11 58
16 12 37
16 13 59
16 14 69
16 15 28
17 0 16
17 1 61
17 9 68
17 12 15
17 14 78
17 15 37
17 16 43
18 0 40
18 1 51
18 2 2
18 6 68
18 7 8
18 8 72
18 10 16
18 12 71
18 16 21
18 17 4
19 1 47
19 4 34
19 5 37
19 6 2
19 7 34
19 9 47
19 13 8
19 14 57
19 15 39
19 16 23
19 18 49
