50
1 0 200
3 1 263
3 2 51
5 1 26
5 3 14
6 0 139
6 3 135
6 4 46
6 5 302
7 0 51
7 3 103
7 4 189
8 0 274
8 2 35
8 4 168
8 5 37
9 0 39
9 1 204
9 3 151
9 4 90
10 0 208
10 1 111
10 2 20
10 3 224
10 6 250
11 0 148
11 2 41
11 3 266
11 6 102
12 8 185
12 9 277
12 11 117
13 6 283
13 12 216
14 0 268
14 4 75
14 6 219
14 8 174
14 11 154
15 0 55
15 2 108
15 5 31
15 8 138
15 9 4
15 11 17
15 14 126
16 8 238
17 1 60
17 3 45
17 4 70
17 8 73
17 10 142
17 12 259
17 15 307
18 4 2
18 6 157
18 7 292
18 12 23
18 17 273
19 3 290
19 4 283
19 6 301
19 7 88
19 15 31
19 16 26
19 17 45
19 18 69
20 1 51
20 11 153
20 15 120
21 0 202
21 2 81
21 3 303
21 4 290
21 6 252
21 8 259
21 10 278
21 12 44
21 13 90
21 15 15
22 0 156
22 1 40
22 2 203
22 6 311
22 11 117
22 15 256
22 20 111
23 5 15
23 11 186
23 14 177
23 16 124
23 17 164
23 18 200
23 19 169
24 2 195
24 5 14
24 7 182
24 14 142
24 16 256
24 18 85
24 20 317
24 22 130
25 4 168
25 5 40
25 9 26
25 12 251
25 14 48
25 21 9
25 24 121
26 6 232
26 8 64
26 10 180
26 17 175
26 23 37
26 24 202
27 10 86
27 13 293
27 14 124
27 15 252
27 16 104
27 23 190
27 25 58
27 26 166
28 1 258
28 6 130
28 8 29
28 11 257
28 18 260
28 19 104
28 21 132
28 26 203
28 27 177
29 1 312
29 4 239
29 7 250
29 15 172
29 18 206
29 23 88
29 26 307
30 1 52
30 4 267
30 6 98
30 7 148
30 11 260
30 14 49
30 18 76
30 21 178
30 22 71
30 25 235
31 4 116
31 19 156
31 21 121
31 23 60
31 30 13
32 1 51
32 2 249
32 6 201
32 7 124
32 10 76
32 11 132
32 15 93
32 28 304
32 29 81
32 30 187
32 31 109
33 2 190
33 4 9
33 6 313
33 7 100
33 8 185
33 9 181
33 12 6
33 17 170
33 19 102
33 21 243
33 25 8
33 26 81
33 27 282
33 31 13
34 2 229
34 5 297
34 6 148
34 8 56
34 11 216
34 12 133
34 14 270
34 18 123
34 20 240
34 21 9
34 31 290
35 1 232
35 3 20
35 6 164
35 7 247
35 9 190
35 14 97
35 15 210
35 18 177
35 19 245
35 20 216
35 25 209
35 33 307
36 5 56
36 10 103
36 14 122
36 17 60
36 21 140
36 35 94
37 6 197
37 10 285
37 12 85
37 13 63
37 14 258
37 17 13
37 19 134
37 24 57
37 25 243
37 26 295
37 29 39
37 34 206
37 36 161
38 1 278
38 4 240
38 5 64
38 11 146
38 18 51
38 24 250
38 25 202
38 27 135
38 29 264
38 32 29
38 34 96
39 7 271
39 10 192
39 12 279
39 17 118
39 20 178
39 25 238
39 27 276
39 31 40
40 4 208
40 12 49
40 14 227
40 18 126
40 24 287
40 25 16
40 34 155
40 35 195
40 37 92
41 1 61
41 12 57
41 16 81
41 17 81
41 18 264
41 20 124
41 22 77
41 23 281
41 25 114
41 28 296
41 30 12
41 33 136
41 34 166
41 35 238
41 36 83
41 37 90
42 0 71
42 1 293
42 6 230
42 7 101
42 13 79
42 14 39
42 16 207
42 25 125
42 30 262
42 35 35
42 36 187
43 4 72
43 5 162
43 6 83
43 9 171
43 11 269
43 12 292
43 15 160
43 16 142
43 21 78
43 34 87
44 7 129
44 9 127
44 12 275
44 15 92
44 17 319
44 27 143
44 28 267
44 30 128
44 33 117
44 35 7
44 42 206
45 5 210
45 6 9
45 9 49
45 12 313
45 20 287
45 21 63
45 24 67
45 25 94
45 29 252
45 44 181
46 0 8
46 12 121
46 14 177
46 21 267
46 31 70
46 32 44
46 33 185
46 34 33
46 36 21
46 37 57
46 38 111
46 41 110
46 43 37
46 44 157
47 7 2
47 10 50
47 17 136
47 19 220
47 24 263
47 26 33
47 27 62
47 31 311
47 41 138
47 42 243
47 44 107
48 0 2
48 5 26
48 6 243
48 10 211
48 14 60
48 15 269
48 20 37
48 22 65
48 25 281
48 27 52
48 29 19
48 30 40
48 31 213
48 40 309
48 42 203
48 43 47
49 6 260
49 8 47
49 11 161
49 17 239
49 21 121
49 23 237
49 24 100
49 33 316
49 34 211
49 36 90
49 39 29
49 41 176
49 46 252
