60
1 0 6
2 1 2
3 0 5
4 1 4
6 0 9
7 0 8
7 1 7
8 6 1
8 7 2
9 0 9
9 3 5
9 7 6
10 0 10
10 3 2
10 6 4
10 9 10
11 0 4
11 2 8
11 6 7
12 0 9
12 2 6
12 5 7
12 9 9
12 10 7
13 0 5
13 1 5
13 5 6
13 6 10
13 8 1
13 9 6
14 0 10
14 1 6
14 2 1
14 4 7
14 5 9
14 6 9
14 7 2
14 10 10
14 13 4
15 2 5
15 6 2
15 7 10
15 9 1
15 10 9
15 11 7
16 0 7
16 7 2
16 9 2
16 12 9
16 13 4
17 0 3
17 8 4
17 10 7
17 12 3
18 0 10
18 1 8
18 2 2
18 3 4
18 6 3
18 7 8
18 8 10
18 12 4
18 13 4
18 14 1
18 16 9
19 0 1
19 1 10
19 8 8
19 9 8
19 13 7
19 14 2
19 16 2
20 0 8
20 3 10
20 7 7
20 11 7
20 12 4
20 13 4
20 15 4
20 16 8
21 0 5
21 1 8
21 5 1
21 6 9
21 9 4
21 10 4
21 12 4
21 13 8
21 15 5
21 18 5
22 0 7
22 3 1
22 5 8
22 7 10
22 10 8
22 13 2
22 14 7
22 15 2
22 16 7
22 18 8
22 21 9
23 3 7
23 5 4
23 7 9
23 16 10
23 17 9
24 2 8
24 3 10
24 5 9
24 7 9
24 9 2
24 10 7
24 13 6
24 14 2
24 22 4
25 0 10
25 6 7
25 11 10
25 13 5
25 14 5
25 15 4
25 16 1
25 18 6
25 22 8
26 5 2
26 6 4
26 7 9
26 8 7
26 10 7
26 13 5
26 17 9
26 18 7
26 23 6
26 24 8
27 1 3
27 2 8
27 3 4
27 7 8
27 11 8
27 12 4
27 13 5
27 14 9
27 15 1
27 17 8
27 20 1
27 21 1
28 3 2
28 8 8
28 10 9
28 11 2
28 13 9
28 16 7
28 17 7
28 18 1
28 21 4
28 22 4
28 23 10
28 24 6
29 1 10
29 3 9
29 5 10
29 9 7
29 10 3
29 28 4
30 6 3
30 7 2
30 9 10
30 11 5
30 13 7
30 15 7
30 19 3
30 20 2
30 24 9
30 28 3
31 0 3
31 3 5
31 4 4
31 14 8
31 19 5
31 21 3
31 23 4
31 26 5
31 27 1
31 30 1
32 4 3
32 13 5
32 15 6
32 16 5
32 19 10
32 20 4
32 21 2
32 22 5
32 23 4
32 24 8
32 26 5
32 29 2
32 31 1
33 1 10
33 2 1
33 4 6
33 6 5
33 8 8
33 11 5
33 18 5
33 26 5
33 27 2
33 28 2
33 31 1
34 1 2
34 3 1
34 6 7
34 10 8
34 11 5
34 13 3
34 14 6
34 16 7
34 18 10
34 20 10
34 21 6
34 24 5
34 26 6
34 31 3
35 0 2
35 3 9
35 4 3
35 5 3
35 6 3
35 9 4
35 11 4
35 13 1
35 14 7
35 15 8
35 18 2
35 21 2
35 25 4
35 28 9
35 30 5
36 1 3
36 2 8
36 5 9
36 7 8
36 9 9
36 10 2
36 22 3
36 24 1
36 27 7
36 30 3
36 32 4
36 33 9
36 34 2
36 35 7
37 0 6
37 1 8
37 2 8
37 3 9
37 5 4
37 8 7
37 11 10
37 24 9
37 25 10
37 27 6
37 28 2
37 29 10
37 30 7
37 31 5
37 32 1
37 35 7
37 36 10
38 0 6
38 2 4
38 7 4
38 8 1
38 10 1
38 11 7
38 12 10
38 17 9
38 19 10
38 25 6
38 27 7
38 28 9
38 30 4
38 32 7
38 33 9
38 34 6
38 35 8
39 4 2
39 7 8
39 9 5
39 11 5
39 12 6
39 13 4
39 18 8
39 19 7
39 21 8
39 22 2
39 23 5
39 24 10
39 25 2
39 33 4
39 38 7
40 5 4
40 10 4
40 11 8
40 12 8
40 14 7
40 15 2
40 17 2
40 21 4
40 23 8
40 24 7
40 26 3
40 27 3
40 29 8
40 30 1
40 31 9
40 33 1
40 37 3
40 39 4
41 0 10
41 1 7
41 2 6
41 3 2
41 6 5
41 11 2
41 13 10
41 14 8
41 20 6
41 22 3
41 23 5
41 24 8
41 25 2
41 26 3
41 29 3
41 35 9
42 0 6
42 2 5
42 3 7
42 5 2
42 20 4
42 24 8
42 25 8
42 26 2
42 33 5
42 34 4
42 35 8
42 38 3
43 0 5
43 2 4
43 3 8
43 5 4
43 6 6
43 8 10
43 12 1
43 13 2
43 15 5
43 18 2
43 22 9
43 25 3
43 27 7
43 29 6
43 32 1
43 35 10
43 37 5
43 38 3
43 40 9
43 41 9
44 0 4
44 1 3
44 5 6
44 6 10
44 11 3
44 12 4
44 13 2
44 14 3
44 19 10
44 20 6
44 21 1
44 25 3
44 28 10
44 30 5
44 34 4
44 35 2
44 38 4
44 39 1
44 40 8
45 2 1
45 10 4
45 11 8
45 13 4
45 14 9
45 21 7
45 26 2
45 29 9
45 32 5
45 34 6
45 36 9
45 37 10
45 39 3
45 41 6
45 43 4
46 1 3
46 4 6
46 7 9
46 11 8
46 14 4
46 15 1
46 21 8
46 23 2
46 27 9
46 29 9
46 31 7
46 32 8
46 34 7
46 35 1
46 38 3
46 43 8
46 44 7
46 45 1
47 0 5
47 1 6
47 6 9
47 7 8
47 10 6
47 18 1
47 19 4
47 22 5
47 23 4
47 29 9
47 33 3
47 38 7
47 39 7
47 41 10
47 42 10
47 43 7
47 44 2
48 1 10
48 2 10
48 3 10
48 4 8
48 5 6
48 6 2
48 7 9
48 12 4
48 13 2
48 16 2
48 21 6
48 22 6
48 27 3
48 28 3
48 31 8
48 37 5
48 44 6
48 45 3
48 47 2
49 0 4
49 1 4
49 5 2
49 13 1
49 14 1
49 15 8
49 17 3
49 18 2
49 19 3
49 21 6
49 27 4
49 28 9
49 29 6
49 30 7
49 31 2
49 34 9
49 35 6
49 37 2
49 38 6
49 41 7
49 42 4
49 47 1
49 48 5
50 1 2
50 5 4
50 7 5
50 8 9
50 12 7
50 16 9
50 17 10
50 22 7
50 24 10
50 25 4
50 27 1
50 28 1
50 29 1
50 30 3
50 32 9
50 33 3
50 34 4
50 35 7
50 36 1
50 44 7
50 48 4
51 0 4
51 1 9
51 4 8
51 6 7
51 7 3
51 10 1
51 17 8
51 18 1
51 20 1
51 22 5
51 23 5
51 24 3
51 26 4
51 28 1
51 30 1
51 32 10
51 34 2
51 38 8
51 41 10
51 43 1
51 45 6
51 46 7
51 48 5
52 2 5
52 3 4
52 5 6
52 7 3
52 8 3
52 14 4
52 17 2
52 19 8
52 22 6
52 24 3
52 26 10
52 27 5
52 28 3
52 29 2
52 31 5
52 32 2
52 35 2
52 36 10
52 40 7
52 41 7
52 43 6
52 44 4
52 49 7
52 51 2
53 0 5
53 2 6
53 9 7
53 10 9
53 11 2
53 14 7
53 20 1
53 21 5
53 22 6
53 23 5
53 24 6
53 26 6
53 27 8
53 29 8
53 30 4
53 33 1
53 37 3
53 39 5
53 43 1
53 47 8
53 49 6
53 50 10
54 3 8
54 5 1
54 7 8
54 9 5
54 10 3
54 12 5
54 15 4
54 17 10
54 20 9
54 21 1
54 22 1
54 24 6
54 27 6
54 28 8
54 30 4
54 33 6
54 36 4
54 37 5
54 38 5
54 39 10
54 42 10
54 43 3
54 45 3
54 46 7
54 51 4
54 52 5
55 2 3
55 6 3
55 12 8
55 14 9
55 15 2
55 16 7
55 18 5
55 19 7
55 24 3
55 26 4
55 27 1
55 28 10
55 32 3
55 36 3
55 40 9
55 42 4
55 50 6
55 51 9
55 52 5
55 53 7
55 54 7
56 0 1
56 1 1
56 4 7
56 5 3
56 6 6
56 7 8
56 8 1
56 12 8
56 14 9
56 17 8
56 22 9
56 24 8
56 27 9
56 28 5
56 34 10
56 35 7
56 41 10
56 46 6
56 47 6
56 51 2
57 5 7
57 9 5
57 12 9
57 13 5
57 14 9
57 15 8
57 22 5
57 24 3
57 25 8
57 26 8
57 29 6
57 34 4
57 38 9
57 42 10
57 46 4
57 47 6
57 48 4
57 50 5
57 53 3
57 55 10
58 0 4
58 2 9
58 3 6
58 5 5
58 6 7
58 9 6
58 13 5
58 15 10
58 19 2
58 20 5
58 22 6
58 25 5
58 31 5
58 33 4
58 34 7
58 35 10
58 46 3
58 47 3
58 49 10
58 51 10
58 54 6
58 56 3
59 0 10
59 1 1
59 2 6
59 6 7
59 7 10
59 9 5
59 10 3
59 14 8
59 16 2
59 20 10
59 22 4
59 24 3
59 28 9
59 30 9
59 31 2
59 32 5
59 33 4
59 34 1
59 43 3
59 48 9
59 51 9
59 55 7
59 56 3
