50
1 0 115
2 0 98
2 1 56
3 0 53
3 2 50
4 0 59
4 1 120
4 2 107
4 3 46
5 0 107
5 1 145
5 2 37
5 3 158
5 4 36
6 1 135
6 3 32
6 4 27
6 5 6
7 0 102
7 1 127
7 2 52
7 3 149
7 4 156
7 5 137
7 6 34
8 0 21
8 1 137
8 2 114
8 3 16
8 4 65
8 5 147
8 6 74
9 0 75
9 1 30
9 2 111
9 3 16
9 4 104
9 5 25
9 6 68
9 7 118
9 8 158
10 0 124
10 2 8
10 3 85
10 4 37
10 5 35
10 6 132
10 8 74
11 1 133
11 2 53
11 3 25
11 5 22
11 6 84
11 7 149
11 8 39
11 9 10
12 1 155
12 2 112
12 4 35
12 5 91
12 6 138
12 7 71
12 8 68
12 9 60
12 10 69
12 11 11
13 0 95
13 1 22
13 2 54
13 3 131
13 4 6
13 5 94
13 7 27
13 8 137
13 9 63
13 10 57
13 11 131
14 0 104
14 1 33
14 2 117
14 3 111
14 4 134
14 5 60
14 6 68
14 7 150
14 8 16
14 9 33
14 10 150
14 11 78
14 12 21
14 13 40
15 0 131
15 1 153
15 2 10
15 3 70
15 4 68
15 5 39
15 6 95
15 7 21
15 8 104
15 9 51
15 11 43
15 13 135
16 0 113
16 1 84
16 2 116
16 3 23
16 4 160
16 5 61
16 6 125
16 7 53
16 8 100
16 9 46
16 10 19
16 11 88
16 12 117
16 13 104
16 14 34
16 15 87
17 0 158
17 1 83
17 2 103
17 3 8
17 4 26
17 5 73
17 6 85
17 7 152
17 8 7
17 9 104
17 10 7
17 11 12
17 12 149
17 13 1
17 14 118
17 15 148
17 16 29
18 0 128
18 1 146
18 2 96
18 3 66
18 4 5
18 5 41
18 6 97
18 7 76
18 8 116
18 10 93
18 11 50
18 12 37
18 13 139
18 15 56
18 16 121
18 17 23
19 0 133
19 1 119
19 2 84
19 3 96
19 4 46
19 5 76
19 6 110
19 7 140
19 8 107
19 9 50
19 10 79
19 11 23
19 12 154
19 13 112
19 14 73
19 15 67
19 16 123
19 17 135
19 18 133
20 0 140
20 2 94
20 3 12
20 4 48
20 5 59
20 7 151
20 8 59
20 9 24
20 11 54
20 12 20
20 13 107
20 14 117
20 15 3
20 16 131
20 17 160
20 19 101
21 0 139
21 1 158
21 2 2
21 4 90
21 5 16
21 6 34
21 7 128
21 8 49
21 9 91
21 10 124
21 11 15
21 12 106
21 13 47
21 14 126
21 15 75
21 16 43
21 17 44
21 18 125
21 19 13
21 20 61
22 0 43
22 1 35
22 2 125
22 3 44
22 4 4
22 5 116
22 6 116
22 7 1
22 8 143
22 9 147
22 10 98
22 11 82
22 12 72
22 13 76
22 14 119
22 15 3
22 16 18
22 17 1
22 18 75
22 19 29
22 20 147
23 0 95
23 1 81
23 2 157
23 3 65
23 4 106
23 5 122
23 6 44
23 7 22
23 8 144
23 9 69
23 10 81
23 12 152
23 13 99
23 14 77
23 15 146
23 16 84
23 17 2
23 18 110
23 19 65
23 20 89
23 21 96
23 22 30
24 0 30
24 1 128
24 2 119
24 3 96
24 4 37
24 5 105
24 7 135
24 8 93
24 10 98
24 11 150
24 12 9
24 13 82
24 14 115
24 15 72
24 16 155
24 17 82
24 18 97
24 19 148
24 20 113
24 21 98
24 22 114
24 23 118
25 0 85
25 1 107
25 2 130
25 3 55
25 4 44
25 5 20
25 6 155
25 7 29
25 10 39
25 11 78
25 12 37
25 13 43
25 15 38
25 16 2
25 17 43
25 18 20
25 19 157
25 20 27
25 21 65
25 22 106
25 23 65
26 0 146
26 1 12
26 2 51
26 3 85
26 4 62
26 5 7
26 6 124
26 7 136
26 8 81
26 9 78
26 12 77
26 13 46
26 15 137
26 17 88
26 18 86
26 19 104
26 20 5
26 21 4
26 23 129
26 25 24
27 0 101
27 1 67
27 3 135
27 4 146
27 5 76
27 6 10
27 7 120
27 9 129
27 10 129
27 11 15
27 12 112
27 13 132
27 14 107
27 15 74
27 16 86
27 17 50
27 18 49
27 19 58
27 20 25
27 21 154
27 22 21
27 23 116
27 24 144
27 25 64
27 26 88
28 0 111
28 2 140
28 3 78
28 4 118
28 5 55
28 6 46
28 7 130
28 8 68
28 9 120
28 10 105
28 11 42
28 12 143
28 13 31
28 14 17
28 15 73
28 16 147
28 17 108
28 18 141
28 19 53
28 20 9
28 21 61
28 22 85
28 23 55
28 24 126
28 25 155
28 26 158
28 27 146
29 0 159
29 2 141
29 3 123
29 4 114
29 5 158
29 6 115
29 7 116
29 8 126
29 9 116
29 10 56
29 11 155
29 12 16
29 13 117
29 14 74
29 15 114
29 16 82
29 17 33
29 18 17
29 19 22
29 20 51
29 21 5
29 22 41
29 23 117
29 24 71
29 26 16
29 27 49
29 28 115
30 0 157
30 2 102
30 3 42
30 4 121
30 5 115
30 6 117
30 7 67
30 8 10
30 9 95
30 10 72
30 11 37
30 12 123
30 15 77
30 16 110
30 18 19
30 19 63
30 20 63
30 21 3
30 22 59
30 23 4
30 24 68
30 25 67
30 26 16
30 27 64
30 28 66
30 29 160
31 0 19
31 1 131
31 2 118
31 4 62
31 5 2
31 6 49
31 8 90
31 9 29
31 10 152
31 11 136
31 12 115
31 13 81
31 14 106
31 15 15
31 16 148
31 17 25
31 18 77
31 19 27
31 20 129
31 21 74
31 22 54
31 23 77
31 24 31
31 25 43
31 26 158
31 27 89
31 28 113
31 30 59
32 0 28
32 1 118
32 2 54
32 3 19
32 4 110
32 5 143
32 6 69
32 8 139
32 9 68
32 10 90
32 11 66
32 12 130
32 13 154
32 14 31
32 15 111
32 16 155
32 17 130
32 18 152
32 19 122
32 20 131
32 21 150
32 22 71
32 23 10
32 24 29
32 25 145
32 26 92
32 27 29
32 28 126
32 29 143
32 30 99
32 31 18
33 0 69
33 1 88
33 2 149
33 4 152
33 5 127
33 6 68
33 7 137
33 8 140
33 9 84
33 10 27
33 11 155
33 12 14
33 13 128
33 15 35
33 16 101
33 17 14
33 18 73
33 19 151
33 20 95
33 21 135
33 22 91
33 23 134
33 24 79
33 25 10
33 26 100
33 27 93
33 29 73
33 30 87
33 31 69
33 32 106
34 0 152
34 1 156
34 3 128
34 4 120
34 5 154
34 6 80
34 7 52
34 9 86
34 10 19
34 11 70
34 12 12
34 13 21
34 15 117
34 16 75
34 17 9
34 19 127
34 21 71
34 22 75
34 23 15
34 24 62
34 25 46
34 26 100
34 27 16
34 28 38
34 29 16
34 31 96
34 32 66
34 33 155
35 0 49
35 1 137
35 2 104
35 3 40
35 4 68
35 5 83
35 7 46
35 8 6
35 9 47
35 10 8
35 11 111
35 13 83
35 14 143
35 15 4
35 16 107
35 17 56
35 18 78
35 19 98
35 20 123
35 22 63
35 23 29
35 24 97
35 25 8
35 26 122
35 27 8
35 29 115
35 30 53
35 31 83
35 32 95
35 33 24
35 34 126
36 0 131
36 1 118
36 2 55
36 4 158
36 5 16
36 6 55
36 7 160
36 8 45
36 9 124
36 10 127
36 11 2
36 12 106
36 13 154
36 14 110
36 15 65
36 17 43
36 18 2
36 19 55
36 20 60
36 21 4
36 22 41
36 23 141
36 25 132
36 26 157
36 27 115
36 28 123
36 29 17
36 30 73
36 31 86
36 32 36
36 33 103
36 34 26
36 35 126
37 0 44
37 1 4
37 2 82
37 3 127
37 4 20
37 5 117
37 6 64
37 8 145
37 9 22
37 10 90
37 11 10
37 12 160
37 13 104
37 14 64
37 15 150
37 16 133
37 17 15
37 18 148
37 19 112
37 20 130
37 21 110
37 22 67
37 24 68
37 25 20
37 26 69
37 28 153
37 29 98
37 30 105
37 32 145
37 33 44
37 34 111
38 0 69
38 1 8
38 2 147
38 3 143
38 4 8
38 6 25
38 7 43
38 8 111
38 9 54
38 10 11
38 12 69
38 13 145
38 14 81
38 15 91
38 16 80
38 17 51
38 18 111
38 19 132
38 20 56
38 21 85
38 22 2
38 23 121
38 24 123
38 25 74
38 27 139
38 28 155
38 29 62
38 30 36
38 31 71
38 32 29
38 33 72
38 35 156
38 36 21
38 37 80
39 0 49
39 1 126
39 2 58
39 3 132
39 4 87
39 5 10
39 6 50
39 7 83
39 8 143
39 9 132
39 11 83
39 12 14
39 13 100
39 14 108
39 15 128
39 16 105
39 17 139
39 18 95
39 20 125
39 22 138
39 23 80
39 24 124
39 25 119
39 26 41
39 27 90
39 28 66
39 29 152
39 30 84
39 31 9
39 32 108
39 35 157
39 38 68
40 0 18
40 1 108
40 2 123
40 4 58
40 5 30
40 6 84
40 7 67
40 8 23
40 9 120
40 10 62
40 11 117
40 12 83
40 13 47
40 14 11
40 15 45
40 16 140
40 17 96
40 18 118
40 19 90
40 20 45
40 22 11
40 23 8
40 24 92
40 25 54
40 26 73
40 27 67
40 29 60
40 31 65
40 32 117
40 33 45
40 34 84
40 35 62
40 36 56
40 37 12
40 38 37
40 39 104
41 0 132
41 1 122
41 2 96
41 4 158
41 5 102
41 6 160
41 8 112
41 9 18
41 10 138
41 11 42
41 12 47
41 13 126
41 14 128
41 16 129
41 18 131
41 19 122
41 20 67
41 21 45
41 22 27
41 23 38
41 25 137
41 26 68
41 27 121
41 28 75
41 29 106
41 30 121
41 31 87
41 32 19
41 33 1
41 35 40
41 38 117
41 39 92
41 40 101
42 0 78
42 1 159
42 2 15
42 3 58
42 4 17
42 5 121
42 6 132
42 7 130
42 8 44
42 9 78
42 10 71
42 11 128
42 12 22
42 13 117
42 14 102
42 15 55
42 16 37
42 17 68
42 18 75
42 19 20
42 20 62
42 22 4
42 23 30
42 24 117
42 25 34
42 26 29
42 27 40
42 28 26
42 29 119
42 30 59
42 31 84
42 32 67
42 33 159
42 34 117
42 35 105
42 36 145
42 38 6
42 39 155
42 40 125
42 41 87
43 0 6
43 1 67
43 2 62
43 3 140
43 4 151
43 5 35
43 6 11
43 7 115
43 8 114
43 9 79
43 10 94
43 11 105
43 12 142
43 13 66
43 14 52
43 15 40
43 16 142
43 17 132
43 18 96
43 19 21
43 20 118
43 25 103
43 26 110
43 28 143
43 29 121
43 30 22
43 31 53
43 32 25
43 33 17
43 34 36
43 35 80
43 36 50
43 37 74
43 38 2
43 39 32
43 40 136
43 41 82
43 42 7
44 0 143
44 1 27
44 2 42
44 3 103
44 4 37
44 5 103
44 6 132
44 7 122
44 8 158
44 9 139
44 10 49
44 12 58
44 13 57
44 14 10
44 15 134
44 16 7
44 17 134
44 18 64
44 19 74
44 20 124
44 21 55
44 22 17
44 23 150
44 24 153
44 26 13
44 27 141
44 28 75
44 29 23
44 30 112
44 31 22
44 32 90
44 33 85
44 35 144
44 36 130
44 37 145
44 38 107
44 39 12
44 40 3
44 41 63
44 42 127
44 43 9
45 0 148
45 1 112
45 2 40
45 3 3
45 4 153
45 5 140
45 6 62
45 7 78
45 8 63
45 9 42
45 10 108
45 11 40
45 12 102
45 13 114
45 14 99
45 15 139
45 16 156
45 17 160
45 18 125
45 19 66
45 20 62
45 23 9
45 24 83
45 25 35
45 26 105
45 27 118
45 28 150
45 29 112
45 30 10
45 31 137
45 33 51
45 34 92
45 35 113
45 37 58
45 38 35
45 39 95
45 40 29
45 41 19
45 43 45
45 44 34
46 0 14
46 1 44
46 2 43
46 3 59
46 4 68
46 5 62
46 6 36
46 7 139
46 8 68
46 9 4
46 10 49
46 12 118
46 14 82
46 15 124
46 16 50
46 17 116
46 18 72
46 19 125
46 20 121
46 21 103
46 22 147
46 23 139
46 24 22
46 25 80
46 26 132
46 27 20
46 28 91
46 30 76
46 31 82
46 33 72
46 34 67
46 35 85
46 37 75
46 38 72
46 39 56
46 40 1
46 41 107
46 43 44
46 44 16
46 45 2
47 0 62
47 1 86
47 2 39
47 3 42
47 4 120
47 5 116
47 6 136
47 7 82
47 8 72
47 9 4
47 10 99
47 11 70
47 12 45
47 14 69
47 15 133
47 16 97
47 18 129
47 19 88
47 20 145
47 21 65
47 22 106
47 23 92
47 24 31
47 25 8
47 27 137
47 28 89
47 29 73
47 30 82
47 33 85
47 34 140
47 35 140
47 36 152
47 37 119
47 38 130
47 40 82
47 41 56
47 42 68
47 43 149
47 46 96
48 0 111
48 1 75
48 2 146
48 3 1
48 4 54
48 5 111
48 6 36
48 7 102
48 8 76
48 9 115
48 10 144
48 11 34
48 12 55
48 13 70
48 14 96
48 15 64
48 16 76
48 17 104
48 18 144
48 19 6
48 20 101
48 21 102
48 24 24
48 25 100
48 26 94
48 27 19
48 28 116
48 29 32
48 30 82
48 33 82
48 34 120
48 35 98
48 36 5
48 37 65
48 38 88
48 40 3
48 41 57
48 42 55
48 43 31
48 45 107
48 46 59
48 47 130
49 0 88
49 1 96
49 2 46
49 3 143
49 5 66
49 6 27
49 7 66
49 8 121
49 9 70
49 10 115
49 11 16
49 12 51
49 13 147
49 14 85
49 15 88
49 16 84
49 17 118
49 18 21
49 19 76
49 20 61
49 21 130
49 22 34
49 23 149
49 24 33
49 25 149
49 26 19
49 27 128
49 28 91
49 29 99
49 30 145
49 31 149
49 32 125
49 33 94
49 34 51
49 35 20
49 36 18
49 38 49
49 39 39
49 40 156
49 41 123
49 42 83
49 43 53
49 44 106
49 45 84
49 46 113
49 47 16
49 48 46
