30
1 0 264
2 0 47
2 1 216
3 0 98
3 1 37
3 2 60
4 1 227
4 2 274
4 3 229
5 0 268
5 1 54
5 2 127
5 3 314
5 4 42
6 0 13
6 1 59
6 2 319
6 3 14
6 5 229
7 0 111
7 1 173
7 2 280
7 3 150
7 4 203
7 6 86
8 0 314
8 1 304
8 2 302
8 3 299
8 4 272
8 5 59
8 6 275
8 7 112
9 0 240
9 2 146
9 3 209
9 4 94
9 5 253
10 0 58
10 2 242
10 3 93
10 4 317
10 5 136
10 6 132
10 8 265
10 9 298
11 0 191
11 1 32
11 2 263
11 3 211
11 4 92
11 5 34
11 6 239
11 7 276
11 8 140
11 9 304
11 10 270
12 0 106
12 2 128
12 3 192
12 4 181
12 5 314
12 6 120
12 7 301
12 8 123
12 9 231
12 10 1
12 11 186
13 0 241
13 1 83
13 2 114
13 3 8
13 4 302
13 5 178
13 6 242
13 7 279
13 8 206
13 9 234
13 11 203
13 12 319
14 0 110
14 1 310
14 2 298
14 4 25
14 6 32
14 7 119
14 8 212
14 9 14
14 10 236
14 12 168
14 13 182
15 0 60
15 1 83
15 2 139
15 3 244
15 4 50
15 5 260
15 6 282
15 8 45
15 9 84
15 10 237
15 11 147
15 13 54
15 14 92
16 0 174
16 1 206
16 3 60
16 4 69
16 6 2
16 7 313
16 8 88
16 9 128
16 10 281
16 11 248
16 12 199
16 13 275
16 14 61
16 15 185
17 0 123
17 1 274
17 3 312
17 5 314
17 6 38
17 7 110
17 8 39
17 10 294
17 11 102
17 12 110
17 13 85
17 14 106
17 15 263
17 16 3
18 1 12
18 2 188
18 3 83
18 4 184
18 5 72
18 6 183
18 7 50
18 8 260
18 9 92
18 10 163
18 11 16
18 12 200
18 13 274
18 14 83
18 15 106
18 16 191
18 17 71
19 1 186
19 2 296
19 3 93
19 4 30
19 5 69
19 6 75
19 7 144
19 8 21
19 9 268
19 10 194
19 11 230
19 12 191
19 13 99
19 14 152
19 15 110
19 16 125
19 18 36
20 0 51
20 1 205
20 2 104
20 3 215
20 4 33
20 5 182
20 6 306
20 7 59
20 8 97
20 9 187
20 10 208
20 11 118
20 12 245
20 13 22
20 14 185
20 15 276
20 17 114
20 18 266
20 19 287
21 0 177
21 2 279
21 3 181
21 4 22
21 5 236
21 7 266
21 8 67
21 9 34
21 10 209
21 11 15
21 12 97
21 13 80
21 14 45
21 15 305
21 16 255
21 17 44
21 19 142
21 20 295
22 0 73
22 1 98
22 2 232
22 3 60
22 4 294
22 5 296
22 6 319
22 7 273
22 10 244
22 11 111
22 12 22
22 15 234
22 16 98
22 17 273
22 18 114
22 19 21
22 20 117
22 21 112
23 0 147
23 3 253
23 4 170
23 5 242
23 7 73
23 8 235
23 9 243
23 10 234
23 11 3
23 12 231
23 14 292
23 16 77
23 17 125
23 19 255
23 20 216
23 21 308
23 22 36
24 0 139
24 1 259
24 2 17
24 3 183
24 4 170
24 5 248
24 6 17
24 7 65
24 8 139
24 9 187
24 10 270
24 11 32
24 12 134
24 13 192
24 14 21
24 15 45
24 17 104
24 18 75
24 19 53
24 20 4
24 21 40
24 22 58
24 23 197
25 0 83
25 1 162
25 2 68
25 3 87
25 4 8
25 5 109
25 6 301
25 7 249
25 8 320
25 9 130
25 10 311
25 11 198
25 12 282
25 13 128
25 15 206
25 16 167
25 17 222
25 18 89
25 19 35
25 20 59
25 21 222
25 22 70
25 23 88
25 24 267
26 0 42
26 1 73
26 2 27
26 3 196
26 4 318
26 5 102
26 6 218
26 7 191
26 8 119
26 9 127
26 10 219
26 11 72
26 12 76
26 14 61
26 15 60
26 16 319
26 17 288
26 18 36
26 19 114
26 20 4
26 21 30
26 22 77
26 23 71
26 24 146
26 25 10
27 0 195
27 1 189
27 2 311
27 3 201
27 5 226
27 6 169
27 7 305
27 8 135
27 9 101
27 10 318
27 12 273
27 13 197
27 14 245
27 15 161
27 16 171
27 17 197
27 18 279
27 21 276
27 22 105
27 23 282
27 24 307
27 25 138
27 26 13
28 0 34
28 1 60
28 2 12
28 3 102
28 4 261
28 5 312
28 6 93
28 7 257
28 8 185
28 9 244
28 10 132
28 11 289
28 12 39
28 13 207
28 14 223
28 15 53
28 16 271
28 17 256
28 18 138
28 20 185
28 21 265
28 22 59
28 23 78
28 24 162
28 25 75
28 26 182
28 27 90
29 0 197
29 1 260
29 2 230
29 3 83
29 4 158
29 6 142
29 7 42
29 9 79
29 10 197
29 11 213
29 12 56
29 13 298
29 14 156
29 15 230
29 16 74
29 17 268
29 18 14
29 19 231
29 20 152
29 21 7
29 22 228
29 23 184
29 24 44
29 25 216
29 26 91
29 28 149
