20
1 0 150
2 0 107
2 1 290
3 2 290
4 1 46
4 2 261
4 3 173
5 0 128
5 1 178
6 1 315
6 2 126
6 3 289
6 4 44
6 5 90
7 0 25
7 1 308
7 3 70
7 4 5
7 6 206
8 0 82
8 5 16
8 7 60
9 0 290
9 1 206
9 2 22
9 4 303
9 7 251
9 8 81
10 0 204
10 3 27
10 4 44
10 6 82
10 7 163
10 9 199
11 4 71
11 6 221
11 7 177
11 8 200
11 9 290
11 10 98
12 0 312
12 1 127
12 2 116
12 3 143
12 4 148
12 5 30
12 7 225
12 11 251
13 0 4
13 1 265
13 3 208
13 4 296
13 5 77
13 8 206
13 9 206
13 11 311
14 0 299
14 1 257
14 2 85
14 3 257
14 4 310
14 8 115
14 12 7
14 13 291
15 0 126
15 1 183
15 2 77
15 4 219
15 6 179
15 8 81
15 9 272
15 13 139
15 14 185
16 1 126
16 3 75
16 4 241
16 7 293
16 8 302
16 11 206
16 14 64
17 0 284
17 1 28
17 2 202
17 5 20
17 9 302
17 10 96
17 11 56
17 12 277
17 13 230
17 14 44
18 1 234
18 2 183
18 3 74
18 5 313
18 6 95
18 7 315
18 8 24
18 9 244
18 10 200
18 11 133
18 12 225
18 15 245
18 16 263
18 17 211
19 0 83
19 1 58
19 4 291
19 5 95
19 6 206
19 7 158
19 9 136
19 12 72
19 15 44
19 16 39
19 18 228
