20
1 0 185
3 0 143
3 2 289
4 1 134
5 1 145
5 3 104
6 1 78
6 4 236
7 4 188
7 6 310
8 1 208
8 4 89
8 7 51
9 3 46
9 6 229
9 8 200
10 6 177
10 7 225
10 9 159
11 1 215
11 4 171
12 0 262
12 5 212
12 8 237
12 10 76
13 6 306
13 8 34
13 11 287
13 12 41
14 1 2
14 3 314
14 5 224
14 8 155
14 10 54
14 13 290
15 0 54
15 2 233
15 3 214
15 4 140
15 8 73
15 12 68
15 13 234
15 14 259
16 4 168
16 6 238
16 7 233
16 11 131
16 13 224
16 14 212
17 1 89
17 3 183
17 10 96
17 13 36
18 4 125
18 9 261
18 11 197
18 13 66
18 14 177
18 15 315
18 16 305
18 17 67
19 4 234
19 9 40
19 11 51
19 12 208
19 17 309
