70
1 0 9
2 1 4
3 1 20
4 3 9
5 1 17
8 4 16
8 7 16
9 2 17
9 3 19
9 7 11
10 8 4
11 2 20
11 6 12
12 0 18
12 2 6
12 7 7
12 10 8
14 4 18
14 11 13
15 0 4
15 2 4
15 12 16
15 13 20
16 0 7
16 6 4
16 10 4
16 14 19
17 0 18
17 8 8
17 9 11
17 16 7
18 8 3
18 12 10
19 0 9
19 1 7
19 4 16
19 11 9
20 4 1
20 5 7
20 8 10
20 12 4
20 17 13
21 0 12
21 2 14
21 6 4
21 20 6
22 3 13
22 5 9
22 6 10
22 9 7
22 11 6
22 12 8
23 6 15
23 7 4
23 8 14
23 22 11
24 4 10
24 7 18
24 9 17
24 10 9
24 13 6
24 16 13
24 20 8
24 23 18
25 9 5
25 10 20
26 3 2
26 7 16
26 8 16
26 11 4
27 1 1
27 3 16
27 5 13
27 7 10
27 23 17
28 1 9
28 6 3
28 9 19
28 14 3
28 17 16
28 19 20
28 23 16
29 2 2
29 3 3
29 4 15
29 19 5
30 17 6
30 19 10
30 25 4
31 0 1
31 5 16
31 7 1
31 8 6
31 13 17
31 14 17
31 17 1
31 19 13
31 21 19
31 28 19
31 30 11
32 2 14
32 7 18
32 10 17
32 12 8
32 18 10
32 28 12
33 0 6
33 2 14
33 4 12
33 5 5
33 8 16
33 25 9
33 26 4
34 1 1
34 2 14
34 12 12
34 16 12
34 18 10
34 20 5
34 25 11
34 27 18
34 31 15
35 0 18
35 1 11
35 4 11
35 9 9
35 31 19
36 0 11
36 10 10
36 11 11
36 12 16
36 17 3
36 24 16
36 29 14
36 34 20
37 0 13
37 4 2
37 7 18
37 10 14
37 17 9
37 18 9
37 20 20
37 21 13
37 22 16
37 29 13
37 36 9
38 7 6
38 8 8
38 10 7
38 16 18
38 21 10
38 31 4
39 1 17
39 7 14
39 16 5
39 18 6
39 23 6
39 24 8
39 30 9
39 33 19
39 34 15
40 16 8
41 6 1
41 9 20
41 13 3
41 18 20
41 22 1
41 33 14
41 39 13
42 0 20
42 2 17
42 13 9
42 28 3
42 32 12
42 40 17
42 41 18
43 7 3
43 15 9
43 16 9
43 21 1
43 22 18
43 29 1
43 34 14
43 38 15
44 4 3
44 7 2
44 8 7
44 9 4
44 23 6
44 24 8
44 28 13
44 29 18
44 35 10
44 41 6
45 0 9
45 9 1
45 18 6
45 19 15
45 24 6
45 26 1
45 29 19
45 31 2
45 38 17
45 40 7
45 44 15
46 7 1
46 11 4
46 13 9
46 22 19
46 25 7
46 26 8
46 30 18
46 33 20
46 35 9
46 37 12
46 38 17
47 7 13
47 10 5
47 14 1
47 15 18
47 17 2
47 42 17
47 43 19
48 16 12
48 18 15
48 22 13
48 28 3
48 37 11
48 40 19
48 41 8
48 47 9
49 0 13
49 5 8
49 17 8
49 22 19
49 24 17
49 29 14
49 32 16
49 33 19
49 37 8
49 38 2
49 43 16
49 45 5
49 46 16
49 47 9
50 4 4
50 8 6
50 10 6
50 20 8
50 22 13
50 23 1
50 25 6
50 27 8
50 32 4
50 46 12
51 1 7
51 4 2
51 12 11
51 32 18
51 41 19
51 47 15
51 48 1
51 49 9
51 50 7
52 10 19
52 21 12
52 26 15
52 45 18
52 50 19
52 51 13
53 0 8
53 2 3
53 4 17
53 5 12
53 6 1
53 12 19
53 16 5
53 17 2
53 18 7
53 26 9
53 27 13
53 31 11
53 35 13
53 45 3
53 48 7
54 15 4
54 17 18
54 23 12
54 29 6
54 35 6
54 36 12
54 39 11
54 40 7
54 42 20
54 49 11
55 2 13
55 3 13
55 9 1
55 13 14
55 27 20
55 28 6
55 31 2
55 38 18
55 42 8
55 48 18
55 50 4
55 52 6
56 0 4
56 2 10
56 3 8
56 13 4
56 15 5
56 25 6
56 27 10
56 32 7
56 36 9
56 38 8
56 39 11
56 40 8
56 41 11
56 45 6
56 46 17
56 49 6
57 2 6
57 6 11
57 8 13
57 12 7
57 24 8
57 28 13
57 37 10
57 48 16
57 51 17
57 56 4
58 2 3
58 12 12
58 17 6
58 22 3
58 24 13
58 25 19
58 29 18
58 32 2
58 33 7
58 35 2
58 43 10
58 44 16
58 52 4
58 54 7
59 3 18
59 4 16
59 18 18
59 22 11
59 29 7
59 30 12
59 37 12
59 51 17
59 55 8
59 56 9
60 11 6
60 14 15
60 26 10
60 28 9
60 33 6
60 38 8
60 41 19
60 50 17
60 54 7
60 56 9
61 8 12
61 14 8
61 16 9
61 23 12
61 24 20
61 29 2
61 30 5
61 34 20
61 36 20
61 39 19
61 46 5
61 47 3
61 50 12
61 51 15
61 53 20
61 56 4
61 59 5
61 60 3
62 2 1
62 4 16
62 5 19
62 13 10
62 17 1
62 23 7
62 29 10
62 32 20
62 37 3
62 38 2
62 51 18
62 52 6
62 53 4
62 54 4
62 57 4
63 2 11
63 4 5
63 13 17
63 27 18
63 29 5
63 30 11
63 31 12
63 36 16
63 44 5
63 52 9
63 55 16
63 56 14
63 61 20
64 5 18
64 6 17
64 7 4
64 9 7
64 10 7
64 13 20
64 21 19
64 28 7
64 29 7
64 30 11
64 31 12
64 39 11
64 41 17
64 43 2
64 44 18
64 48 19
64 51 15
64 52 15
64 57 16
65 1 8
65 10 16
65 24 2
65 28 15
65 33 1
65 40 18
65 43 2
65 53 20
65 58 13
65 59 18
65 61 19
65 64 14
66 4 2
66 11 13
66 13 20
66 15 2
66 25 20
66 29 6
66 30 16
66 32 5
66 33 6
66 40 5
66 45 5
66 46 3
66 53 8
66 55 6
66 56 1
66 58 11
66 63 13
67 2 1
67 7 5
67 10 15
67 11 11
67 15 14
67 22 12
67 28 16
67 33 7
67 36 1
67 38 5
67 49 18
67 54 19
67 55 14
67 57 19
67 61 11
68 5 5
68 7 17
68 8 14
68 10 5
68 11 5
68 14 12
68 15 2
68 16 13
68 27 9
68 29 6
68 47 6
68 63 18
69 6 11
69 9 17
69 17 16
69 25 5
69 34 13
69 37 16
69 38 11
69 43 4
69 47 19
69 49 4
69 50 15
69 65 3
69 67 11
