40
1 0 16
3 2 19
4 2 4
5 0 6
5 4 16
6 1 12
7 0 17
7 1 19
7 4 6
7 5 17
8 6 17
8 7 16
10 7 19
10 8 17
11 4 8
11 6 8
12 2 2
13 7 8
14 1 9
14 2 1
14 4 15
15 12 11
16 6 8
17 2 1
17 3 4
17 10 7
17 11 9
17 12 1
17 16 16
18 2 7
18 3 19
18 4 17
18 15 2
19 1 6
19 4 18
19 13 14
20 4 13
20 7 13
20 10 6
20 17 5
21 0 11
21 4 5
21 7 1
21 10 9
21 17 14
21 18 11
21 19 4
22 2 5
22 7 3
22 12 17
23 5 6
23 10 1
23 15 11
23 18 12
23 22 8
24 1 3
24 3 16
24 18 9
24 19 9
25 0 18
25 2 3
25 3 17
25 5 11
25 16 18
25 17 17
25 18 13
25 19 1
25 21 15
26 0 9
26 2 16
26 4 18
26 6 2
26 15 9
26 18 13
26 21 1
26 23 14
27 0 18
27 3 2
27 6 4
27 10 11
27 15 13
28 5 1
28 8 19
29 5 7
29 6 3
29 7 12
29 13 3
29 19 11
30 1 20
30 3 7
30 10 4
30 12 13
30 13 4
30 27 10
30 28 18
30 29 5
31 6 13
31 11 17
31 12 7
31 26 4
32 1 13
32 3 1
32 10 13
32 11 12
32 14 14
32 18 10
32 20 10
32 22 3
32 24 6
32 25 17
32 30 14
33 1 3
33 7 8
33 11 10
33 20 5
33 22 4
33 28 6
33 31 3
34 4 16
34 10 6
34 21 11
35 9 2
35 26 10
35 32 5
36 2 5
36 7 1
36 10 15
36 11 1
36 12 10
36 17 10
36 26 6
36 28 11
36 33 6
37 5 6
37 7 4
37 14 18
37 16 7
37 22 19
37 25 7
37 26 16
37 28 8
37 33 14
37 36 14
38 0 17
38 2 14
38 8 2
38 10 19
38 13 19
38 19 20
38 25 3
38 29 12
38 31 9
39 2 11
39 3 13
39 9 11
39 10 5
39 12 17
39 17 17
39 26 3
39 33 8
39 35 7
