20
1 0 46
3 1 11
4 2 62
5 1 73
5 2 60
5 3 76
6 2 10
6 3 12
6 4 63
6 5 74
7 0 20
7 2 54
7 3 46
7 4 42
7 5 4
7 6 5
8 0 43
8 1 16
8 2 32
8 3 32
8 4 51
8 5 70
9 1 14
9 4 6
9 5 19
9 7 44
9 8 71
10 3 71
10 5 16
10 8 20
10 9 68
11 0 42
11 1 42
11 2 68
11 6 50
11 8 21
11 9 2
11 10 48
12 0 8
12 1 39
12 4 24
12 5 56
12 6 65
12 7 12
12 8 37
12 10 16
12 11 62
13 0 43
13 1 79
13 3 41
13 4 56
13 5 3
13 6 79
13 8 76
13 9 47
13 10 43
13 11 40
14 0 79
14 3 46
14 4 37
14 5 38
14 6 39
14 7 39
14 8 72
14 9 58
14 10 55
14 11 58
14 13 14
15 1 37
15 2 31
15 3 17
15 4 25
15 5 58
15 7 10
15 8 39
15 10 26
15 11 63
15 12 42
15 13 13
15 14 63
16 0 21
16 1 19
16 3 78
16 5 37
16 6 38
16 7 57
16 8 2
16 9 11
16 10 62
16 11 41
16 14 8
16 15 14
17 0 52
17 1 22
17 2 56
17 4 16
17 5 6
17 6 10
17 7 73
17 10 55
17 11 1
17 12 48
17 13 78
17 14 42
17 15 51
18 1 54
18 2 14
18 4 75
18 5 28
18 6 41
18 7 44
18 10 71
18 11 22
18 12 70
18 15 68
18 16 4
18 17 71
19 0 22
19 2 8
19 3 69
19 6 2
19 7 23
19 8 63
19 9 1
19 13 74
19 14 76
19 16 24
19 18 36
