50
2 0 9
4 0 10
4 3 12
6 0 20
6 1 13
6 5 4
7 4 3
8 7 11
9 0 2
9 1 17
9 3 20
9 8 2
10 0 12
10 1 18
10 7 11
11 2 11
11 3 20
11 6 14
12 1 9
12 4 2
12 5 7
12 7 20
12 8 4
12 11 4
13 0 20
13 12 14
14 4 14
14 8 17
15 4 17
16 2 12
16 5 15
16 9 11
16 10 1
17 2 17
17 6 1
17 7 11
17 12 20
18 0 8
18 9 7
18 11 15
18 14 15
19 0 2
19 2 14
19 6 8
19 9 18
20 3 6
20 4 1
20 6 18
20 12 19
20 16 19
21 1 5
21 10 6
22 1 4
22 4 17
22 8 6
22 14 10
22 21 8
23 0 4
23 1 8
23 6 16
23 9 10
23 13 11
23 14 15
23 20 18
24 1 1
24 2 1
24 7 9
24 10 11
24 17 10
24 18 19
24 19 19
25 7 11
25 8 6
25 13 15
25 14 17
25 18 1
25 21 18
26 1 7
26 4 17
26 5 11
26 6 3
26 10 12
26 11 17
26 13 4
26 15 6
26 16 12
26 19 16
26 21 9
26 24 15
27 11 16
27 17 17
27 23 4
27 25 12
27 26 15
28 1 20
28 2 3
28 5 18
28 10 14
28 14 7
28 15 6
28 16 18
28 18 15
28 21 5
28 26 19
29 0 17
29 2 15
29 7 16
29 8 13
29 11 12
29 17 15
29 19 17
29 21 6
29 26 16
29 27 7
30 0 3
30 1 4
30 8 9
30 11 3
30 15 8
30 17 6
30 20 6
30 22 20
30 24 9
30 25 10
30 27 12
31 1 20
31 3 17
31 13 14
31 14 1
31 17 7
31 23 19
31 26 5
31 28 1
32 5 14
32 13 2
32 16 18
32 21 6
32 31 18
33 3 5
33 6 11
33 10 7
33 12 17
33 15 1
33 23 9
33 27 4
34 2 8
34 5 15
34 7 10
34 13 10
34 14 10
34 18 8
34 25 10
34 29 16
34 32 18
35 8 15
35 12 19
35 19 13
35 20 18
35 24 11
35 26 5
35 29 3
35 30 1
36 0 14
36 8 9
36 9 12
36 14 3
36 15 14
36 20 18
36 25 3
36 28 1
36 30 9
36 33 3
36 35 17
37 1 7
37 4 14
37 5 9
37 6 12
37 7 12
37 14 1
37 15 7
37 17 15
37 21 19
37 23 5
37 25 10
38 0 19
38 2 5
38 4 17
38 14 2
38 15 5
38 17 13
38 31 8
38 32 11
38 34 13
39 1 4
39 2 5
39 8 11
39 13 16
39 17 7
39 19 11
39 20 5
39 38 2
40 0 11
40 1 15
40 2 4
40 5 10
40 14 5
40 15 19
40 16 1
40 17 7
40 23 13
40 24 14
40 29 13
40 31 20
40 35 5
40 37 18
41 1 18
41 4 14
41 5 15
41 7 4
41 13 6
41 15 11
41 16 3
41 18 19
41 19 8
41 25 9
41 30 9
41 32 15
41 37 5
41 38 9
41 40 18
42 3 11
42 4 14
42 9 15
42 11 19
42 13 14
42 19 7
42 21 15
42 25 14
42 28 5
42 30 15
42 32 14
42 35 16
42 38 5
43 1 13
43 3 6
43 9 3
43 10 15
43 14 10
43 15 13
43 17 15
43 20 15
43 37 19
44 2 15
44 5 14
44 7 12
44 8 9
44 12 12
44 13 6
44 17 4
44 18 9
44 24 18
44 26 6
44 28 14
44 29 5
44 32 6
44 33 3
44 38 16
45 3 5
45 4 17
45 7 16
45 9 11
45 10 8
45 11 4
45 13 11
45 15 11
45 20 8
45 23 16
45 24 6
45 25 10
45 26 11
45 27 18
45 28 11
45 31 7
45 35 3
45 36 17
45 39 17
45 43 11
45 44 15
46 1 13
46 7 7
46 9 20
46 19 11
46 20 18
46 29 11
46 34 4
46 37 17
46 38 12
46 39 18
46 41 19
46 43 9
46 45 7
47 0 4
47 2 9
47 3 8
47 4 10
47 9 8
47 10 19
47 12 1
47 13 15
47 14 13
47 15 19
47 18 11
47 19 12
47 24 17
47 25 19
47 29 12
47 31 17
47 38 6
48 0 11
48 4 16
48 8 11
48 9 3
48 11 2
48 12 19
48 14 3
48 17 1
48 19 7
48 21 10
48 27 11
48 30 4
48 33 18
48 34 6
48 35 11
48 37 12
48 38 7
48 45 11
48 47 19
49 1 3
49 7 18
49 12 3
49 15 17
49 18 17
49 20 7
49 21 7
49 24 7
49 27 4
49 28 12
49 44 10
49 48 5
