70
1 0 85
2 0 100
2 1 104
3 0 75
3 1 77
3 2 145
4 0 12
4 1 82
4 2 67
4 3 106
5 0 150
5 3 25
5 4 119
6 0 98
6 2 44
6 3 83
6 4 132
6 5 132
7 0 109
7 1 128
7 2 5
7 3 71
7 4 145
8 0 128
8 1 69
8 3 70
8 4 107
8 6 25
8 7 149
9 0 78
9 1 72
9 2 89
9 4 45
9 5 105
9 6 21
9 7 140
9 8 115
10 0 100
10 1 151
10 3 19
10 4 133
10 5 32
10 6 4
10 7 140
10 8 110
10 9 135
11 0 156
11 1 69
11 2 71
11 3 84
11 4 77
11 5 31
11 7 29
11 8 158
11 9 100
11 10 85
12 0 50
12 2 103
12 3 69
12 5 100
12 6 62
12 7 134
12 8 93
12 9 50
12 11 156
13 0 135
13 1 124
13 2 145
13 3 18
13 4 141
13 5 154
13 6 67
13 7 1
13 8 30
13 9 54
13 12 113
14 0 102
14 1 78
14 2 67
14 4 94
14 6 134
14 7 152
14 8 105
14 9 139
14 13 43
15 0 55
15 1 140
15 2 146
15 3 111
15 4 14
15 5 17
15 6 43
15 7 102
15 8 137
15 10 10
15 12 12
15 13 77
16 0 103
16 2 149
16 3 64
16 4 160
16 5 45
16 6 73
16 7 85
16 8 95
16 9 73
16 11 159
16 12 110
16 13 159
16 15 68
17 1 154
17 2 157
17 3 3
17 4 70
17 7 34
17 8 112
17 9 23
17 10 110
17 12 102
17 13 39
17 14 92
17 16 85
18 0 106
18 1 114
18 3 56
18 4 90
18 6 10
18 7 20
18 9 7
18 10 137
18 11 135
18 12 57
18 13 91
18 14 158
18 15 14
18 17 69
19 0 44
19 1 115
19 2 76
19 4 105
19 5 48
19 6 82
19 7 72
19 8 144
19 9 12
19 10 10
19 12 81
19 13 92
19 14 88
19 15 74
19 16 14
19 17 66
19 18 76
20 1 68
20 2 156
20 4 110
20 5 97
20 6 124
20 7 30
20 8 99
20 9 155
20 10 60
20 11 133
20 12 75
20 13 69
20 14 81
20 15 26
20 16 63
20 17 29
20 18 71
20 19 137
21 0 139
21 1 29
21 2 51
21 3 44
21 4 149
21 5 85
21 11 153
21 13 90
21 14 66
21 15 136
21 16 107
21 19 102
21 20 111
22 0 131
22 2 54
22 3 159
22 4 51
22 5 34
22 7 8
22 8 12
22 9 14
22 10 86
22 12 155
22 13 137
22 14 11
22 15 54
22 16 11
22 18 46
22 20 77
22 21 123
23 2 82
23 3 40
23 6 67
23 7 16
23 9 81
23 10 49
23 11 44
23 12 134
23 13 51
23 14 80
23 16 3
23 17 26
23 18 76
23 20 65
23 22 21
24 0 108
24 2 80
24 3 157
24 4 96
24 5 119
24 6 70
24 7 116
24 9 9
24 11 6
24 12 105
24 13 82
24 14 105
24 15 159
24 16 29
24 17 24
24 19 31
24 20 88
24 22 98
24 23 107
25 0 52
25 1 54
25 2 99
25 3 111
25 4 75
25 6 125
25 7 49
25 9 2
25 10 96
25 11 70
25 12 64
25 13 103
25 14 93
25 15 101
25 16 59
25 17 106
25 20 134
25 21 84
25 22 143
25 24 135
26 0 75
26 1 49
26 2 160
26 3 62
26 4 36
26 6 28
26 7 60
26 9 154
26 10 160
26 11 24
26 13 66
26 14 22
26 15 41
26 16 159
26 17 149
26 18 61
26 19 143
26 20 51
26 21 85
26 22 105
26 23 89
26 24 81
26 25 135
27 1 97
27 2 114
27 3 55
27 4 2
27 5 24
27 6 30
27 8 20
27 9 105
27 11 60
27 12 120
27 15 60
27 16 120
27 17 21
27 18 64
27 19 48
27 20 9
27 23 27
27 24 41
27 25 98
27 26 2
28 0 8
28 1 53
28 2 104
28 4 143
28 6 141
28 8 87
28 9 67
28 11 71
28 12 81
28 13 159
28 14 145
28 16 33
28 17 10
28 18 62
28 19 114
28 20 14
28 22 154
28 23 151
28 24 140
28 25 104
28 26 120
28 27 132
29 0 138
29 1 115
29 2 17
29 3 18
29 4 27
29 5 74
29 6 156
29 7 31
29 8 69
29 9 131
29 10 47
29 11 128
29 12 103
29 14 35
29 17 12
29 19 45
29 20 157
29 21 132
29 22 135
29 24 73
29 25 30
29 26 98
29 27 131
29 28 106
30 0 151
30 1 111
30 2 151
30 3 93
30 4 39
30 5 117
30 6 144
30 7 110
30 8 116
30 9 69
30 12 90
30 13 140
30 15 64
30 16 58
30 18 58
30 19 108
30 20 73
30 23 141
30 25 14
30 26 7
30 28 59
30 29 136
31 0 126
31 1 6
31 2 1
31 3 59
31 4 108
31 5 15
31 6 76
31 7 63
31 9 145
31 10 28
31 11 2
31 12 13
31 14 95
31 16 155
31 17 139
31 18 92
31 19 156
31 20 31
31 22 89
31 23 109
31 24 99
31 25 128
31 26 62
31 28 4
31 29 90
31 30 152
32 0 128
32 1 92
32 2 65
32 3 101
32 4 158
32 5 75
32 6 76
32 7 37
32 8 142
32 9 18
32 10 47
32 11 68
32 13 80
32 14 106
32 15 14
32 16 66
32 17 44
32 18 127
32 19 26
32 20 79
32 21 3
32 22 119
32 23 56
32 24 32
32 25 25
32 26 120
32 27 44
32 28 118
32 29 154
32 30 88
32 31 56
33 0 143
33 1 3
33 2 100
33 5 153
33 6 113
33 7 80
33 8 51
33 9 1
33 10 3
33 11 95
33 12 12
33 13 128
33 14 156
33 15 67
33 17 122
33 18 81
33 19 10
33 20 2
33 21 134
33 22 90
33 24 103
33 25 85
33 26 38
33 27 68
33 28 154
33 29 156
33 30 86
33 31 6
33 32 59
34 0 93
34 1 39
34 2 81
34 3 89
34 4 29
34 5 37
34 6 53
34 7 151
34 8 125
34 9 112
34 10 19
34 11 120
34 12 94
34 14 127
34 15 66
34 16 104
34 17 102
34 18 89
34 20 7
34 21 43
34 22 113
34 23 15
34 24 66
34 25 53
34 26 139
34 27 25
34 31 133
34 32 48
34 33 155
35 0 107
35 2 26
35 3 126
35 5 52
35 6 151
35 7 133
35 8 79
35 9 154
35 12 26
35 15 95
35 18 20
35 20 143
35 22 70
35 23 4
35 24 81
35 25 63
35 26 81
35 27 95
35 28 3
35 29 138
35 30 151
35 32 134
35 34 18
36 0 90
36 1 46
36 2 139
36 3 49
36 4 27
36 5 105
36 6 59
36 7 84
36 8 15
36 9 145
36 11 120
36 12 9
36 13 123
36 14 129
36 15 153
36 16 76
36 17 13
36 18 11
36 19 42
36 20 71
36 21 23
36 22 76
36 23 40
36 24 150
36 25 23
36 27 37
36 28 90
36 29 37
36 31 143
36 32 99
36 34 24
36 35 118
37 1 152
37 3 72
37 4 148
37 5 138
37 7 15
37 8 145
37 10 42
37 11 141
37 12 45
37 13 132
37 14 44
37 15 68
37 16 12
37 17 124
37 18 99
37 19 63
37 21 90
37 22 157
37 23 39
37 24 29
37 25 71
37 26 1
37 27 33
37 29 100
37 30 157
37 32 121
37 33 89
37 36 119
38 0 53
38 1 74
38 2 141
38 4 138
38 5 138
38 6 122
38 7 36
38 10 159
38 11 72
38 13 102
38 14 84
38 16 78
38 17 51
38 18 14
38 19 18
38 20 119
38 22 69
38 23 84
38 25 93
38 27 89
38 28 49
38 29 12
38 31 144
38 32 104
38 33 47
38 34 78
38 35 80
38 36 28
38 37 42
39 0 98
39 1 28
39 2 43
39 4 122
39 5 153
39 7 61
39 10 20
39 11 105
39 12 15
39 13 67
39 14 13
39 15 72
39 16 81
39 17 67
39 18 152
39 20 100
39 21 41
39 22 158
39 23 67
39 24 63
39 25 92
39 26 148
39 27 153
39 28 17
39 31 29
39 32 151
39 33 85
39 34 61
39 35 68
39 36 125
39 37 22
40 0 94
40 1 83
40 2 122
40 3 88
40 4 137
40 5 44
40 6 59
40 7 73
40 9 135
40 10 60
40 11 145
40 13 35
40 15 129
40 16 142
40 17 49
40 18 25
40 19 90
40 21 4
40 22 126
40 23 3
40 24 9
40 25 17
40 26 131
40 27 95
40 28 127
40 29 29
40 30 99
40 31 76
40 32 117
40 37 44
40 38 133
40 39 30
41 0 80
41 1 123
41 2 156
41 3 68
41 4 107
41 5 92
41 6 129
41 8 51
41 9 132
41 12 39
41 13 147
41 14 100
41 15 33
41 16 160
41 17 66
41 18 25
41 19 4
41 20 5
41 21 151
41 22 29
41 23 124
41 24 93
41 25 56
41 26 60
41 27 115
41 28 16
41 29 41
41 30 76
41 31 98
41 32 149
41 33 104
41 34 26
41 36 31
41 37 66
41 38 94
41 39 52
42 1 98
42 2 37
42 3 77
42 4 5
42 5 33
42 6 69
42 7 160
42 8 128
42 9 11
42 10 41
42 11 2
42 12 157
42 13 51
42 14 28
42 15 88
42 17 26
42 18 160
42 19 117
42 21 145
42 22 58
42 25 120
42 26 124
42 29 33
42 30 58
42 32 86
42 33 154
42 34 78
42 35 105
42 36 76
42 37 143
42 38 4
42 39 39
42 40 120
42 41 86
43 0 103
43 1 156
43 2 137
43 3 152
43 4 152
43 5 142
43 7 30
43 8 153
43 9 87
43 11 72
43 12 93
43 13 29
43 14 12
43 15 120
43 16 9
43 17 132
43 18 46
43 19 70
43 22 58
43 23 74
43 24 126
43 25 132
43 26 89
43 27 29
43 29 87
43 30 27
43 31 42
43 32 22
43 34 119
43 37 51
43 39 89
43 40 114
43 41 97
43 42 116
44 0 97
44 1 66
44 2 126
44 3 32
44 4 17
44 5 61
44 6 140
44 8 146
44 9 45
44 10 159
44 11 61
44 12 146
44 13 134
44 14 106
44 16 141
44 17 65
44 18 151
44 20 53
44 22 4
44 23 55
44 25 18
44 26 29
44 27 36
44 28 58
44 29 143
44 30 67
44 31 90
44 32 106
44 34 102
44 35 131
44 36 85
44 37 89
44 38 99
44 39 153
44 40 20
44 41 75
44 42 92
45 0 98
45 2 72
45 3 77
45 6 135
45 7 5
45 8 43
45 10 124
45 11 92
45 12 93
45 13 107
45 15 144
45 16 38
45 17 65
45 18 49
45 21 57
45 23 35
45 24 157
45 25 116
45 26 112
45 27 128
45 28 34
45 30 14
45 31 16
45 35 117
45 36 66
45 38 51
45 39 83
45 40 146
45 41 155
45 42 54
45 43 123
45 44 157
46 1 85
46 2 17
46 3 23
46 4 118
46 5 22
46 6 23
46 7 69
46 10 111
46 13 141
46 15 143
46 16 78
46 17 144
46 18 144
46 21 45
46 23 102
46 25 97
46 26 41
46 27 159
46 28 67
46 29 122
46 31 18
46 32 152
46 33 27
46 34 113
46 35 157
46 37 68
46 38 12
46 39 102
46 40 151
46 41 57
46 42 97
46 43 5
46 44 19
46 45 76
47 0 87
47 1 40
47 2 87
47 4 107
47 5 93
47 6 81
47 7 126
47 8 45
47 9 153
47 11 2
47 12 94
47 13 21
47 14 11
47 16 69
47 17 105
47 20 122
47 21 12
47 22 24
47 23 137
47 25 140
47 26 41
47 27 55
47 28 109
47 29 67
47 31 95
47 32 63
47 33 44
47 34 66
47 37 90
47 38 69
47 39 14
47 40 111
47 42 116
47 43 24
47 44 97
47 45 43
47 46 137
48 0 105
48 1 76
48 2 100
48 3 154
48 5 31
48 6 49
48 7 28
48 8 129
48 9 65
48 10 150
48 11 37
48 12 82
48 13 17
48 16 115
48 17 28
48 18 154
48 19 78
48 20 9
48 21 50
48 22 103
48 24 80
48 27 61
48 28 125
48 29 5
48 30 118
48 31 9
48 32 133
48 33 39
48 34 119
48 35 130
48 36 123
48 37 142
48 38 132
48 39 145
48 41 95
48 42 156
48 43 107
48 45 130
48 47 89
49 0 112
49 1 36
49 3 124
49 4 157
49 5 101
49 7 157
49 8 119
49 9 35
49 10 139
49 13 31
49 14 51
49 15 101
49 16 128
49 17 70
49 18 97
49 19 29
49 20 1
49 21 14
49 24 91
49 25 146
49 26 48
49 27 138
49 28 74
49 29 93
49 30 124
49 31 5
49 32 46
49 33 55
49 34 50
49 35 2
49 37 35
49 38 38
49 39 55
49 40 156
49 42 64
49 43 120
49 44 142
49 46 99
49 47 71
49 48 72
50 1 160
50 2 92
50 3 16
50 4 123
50 6 57
50 7 155
50 8 61
50 9 55
50 10 73
50 11 100
50 12 65
50 13 81
50 15 99
50 17 80
50 18 99
50 21 159
50 23 149
50 24 11
50 25 49
50 27 128
50 28 98
50 29 40
50 30 139
50 34 56
50 35 92
50 36 17
50 37 3
50 38 153
50 39 80
50 40 16
50 41 155
50 42 141
50 43 33
50 44 58
50 45 150
50 48 23
50 49 107
51 0 61
51 1 109
51 4 4
51 5 33
51 6 3
51 7 42
51 9 67
51 10 104
51 12 110
51 14 55
51 15 132
51 18 96
51 19 35
51 20 19
51 21 36
51 23 91
51 24 94
51 25 77
51 27 157
51 30 7
51 31 68
51 32 111
51 33 52
51 38 48
51 39 60
51 40 34
51 41 7
51 42 14
51 43 64
51 44 11
51 45 136
51 46 47
51 47 82
51 48 149
52 0 5
52 1 11
52 2 16
52 3 71
52 4 42
52 5 76
52 6 146
52 8 149
52 9 152
52 10 124
52 12 56
52 14 44
52 15 52
52 17 79
52 18 87
52 19 78
52 20 109
52 21 2
52 22 124
52 23 131
52 24 148
52 25 119
52 26 18
52 27 48
52 29 4
52 30 124
52 32 50
52 33 67
52 35 15
52 37 92
52 38 9
52 39 158
52 40 152
52 41 132
52 42 141
52 44 22
52 45 74
52 47 131
52 48 79
52 49 153
52 50 30
52 51 64
53 0 8
53 1 103
53 2 90
53 3 70
53 4 66
53 5 85
53 6 86
53 8 52
53 9 100
53 11 24
53 12 86
53 13 58
53 14 44
53 15 109
53 17 60
53 19 32
53 20 63
53 22 39
53 23 82
53 25 61
53 26 128
53 28 146
53 29 79
53 30 105
53 31 89
53 32 143
53 33 6
53 36 44
53 37 20
53 38 95
53 39 128
53 40 92
53 41 113
53 42 93
53 43 43
53 44 59
53 45 115
53 46 103
53 47 63
53 48 126
53 49 33
53 50 40
53 51 103
53 52 26
54 0 65
54 1 145
54 2 56
54 3 148
54 4 73
54 5 91
54 6 73
54 7 96
54 8 154
54 9 127
54 10 81
54 11 29
54 12 158
54 13 116
54 14 30
54 15 79
54 16 75
54 18 80
54 20 53
54 21 27
54 22 53
54 24 19
54 25 94
54 26 91
54 27 3
54 28 25
54 29 160
54 31 29
54 32 117
54 33 156
54 34 128
54 36 14
54 37 24
54 38 80
54 41 30
54 42 131
54 43 150
54 44 22
54 45 11
54 46 144
54 47 158
54 48 53
54 50 148
54 51 135
54 52 1
54 53 10
55 0 69
55 1 27
55 2 28
55 3 20
55 4 126
55 5 50
55 6 95
55 8 106
55 9 46
55 10 150
55 11 122
55 12 151
55 13 36
55 14 147
55 15 15
55 16 42
55 17 45
55 19 148
55 22 129
55 23 33
55 24 106
55 25 142
55 26 113
55 28 116
55 29 125
55 31 137
55 32 125
55 33 91
55 34 132
55 36 108
55 37 11
55 38 82
55 39 151
55 40 15
55 41 147
55 42 131
55 44 5
55 46 50
55 48 111
55 49 49
55 50 7
55 51 132
55 52 144
55 53 4
55 54 33
56 1 34
56 3 63
56 6 94
56 7 55
56 8 39
56 9 151
56 11 36
56 12 98
56 14 63
56 15 120
56 17 89
56 18 56
56 19 45
56 21 26
56 22 9
56 23 27
56 25 102
56 26 104
56 27 32
56 28 125
56 29 134
56 30 35
56 31 156
56 32 62
56 33 39
56 36 19
56 37 103
56 39 81
56 40 6
56 41 26
56 42 105
56 43 111
56 44 104
56 45 101
56 46 149
56 47 35
56 49 132
56 50 36
56 51 20
56 52 59
56 54 1
57 0 143
57 1 14
57 2 119
57 3 30
57 4 139
57 6 125
57 8 132
57 9 80
57 10 121
57 11 87
57 12 35
57 13 44
57 14 47
57 15 19
57 16 9
57 18 27
57 19 52
57 20 36
57 21 59
57 22 128
57 23 33
57 24 147
57 25 68
57 26 1
57 27 102
57 28 16
57 29 29
57 30 16
57 31 138
57 32 19
57 33 65
57 34 135
57 35 8
57 36 156
57 37 105
57 38 110
57 39 132
57 40 108
57 41 114
57 43 125
57 44 17
57 45 5
57 46 39
57 47 68
57 48 8
57 49 94
57 50 140
57 51 131
57 53 152
57 55 46
57 56 141
58 0 23
58 1 23
58 3 60
58 4 5
58 5 148
58 6 60
58 7 13
58 8 116
58 9 73
58 10 68
58 11 30
58 12 69
58 13 149
58 14 103
58 15 121
58 17 102
58 18 8
58 19 149
58 21 116
58 22 19
58 23 117
58 24 129
58 26 72
58 27 99
58 28 114
58 30 140
58 31 96
58 32 151
58 33 38
58 34 136
58 35 101
58 36 58
58 38 54
58 39 9
58 40 66
58 41 41
58 42 17
58 43 138
58 44 38
58 46 61
58 47 82
58 48 75
58 49 146
58 50 108
58 51 77
58 52 109
58 54 53
58 55 135
58 56 80
58 57 66
59 0 35
59 1 115
59 2 7
59 3 147
59 4 60
59 5 109
59 8 40
59 9 60
59 10 19
59 11 127
59 12 135
59 14 56
59 16 104
59 17 137
59 18 55
59 19 21
59 20 81
59 21 55
59 22 14
59 23 64
59 24 87
59 25 30
59 26 113
59 27 38
59 28 9
59 29 73
59 32 133
59 34 160
59 35 44
59 36 143
59 38 104
59 39 5
59 40 74
59 41 41
59 42 143
59 45 16
59 46 65
59 47 108
59 51 53
59 54 15
59 55 129
59 56 30
59 58 64
60 0 25
60 1 15
60 2 132
60 4 19
60 5 142
60 6 11
60 7 8
60 8 33
60 9 104
60 10 80
60 11 125
60 12 16
60 13 34
60 15 24
60 17 17
60 18 26
60 20 15
60 21 61
60 24 84
60 25 58
60 27 134
60 29 127
60 31 31
60 32 114
60 33 84
60 36 13
60 37 114
60 38 72
60 39 43
60 41 22
60 42 104
60 44 127
60 46 113
60 48 76
60 49 73
60 51 66
60 52 133
60 53 60
60 55 128
60 56 147
60 57 44
60 58 73
60 59 120
61 1 116
61 2 71
61 3 26
61 4 144
61 5 136
61 6 103
61 7 121
61 8 125
61 9 153
61 10 150
61 11 94
61 12 148
61 13 103
61 15 26
61 17 94
61 18 143
61 20 29
61 21 87
61 22 142
61 23 54
61 24 36
61 25 111
61 26 21
61 27 96
61 28 158
61 29 94
61 30 129
61 31 97
61 32 70
61 33 158
61 34 119
61 35 131
61 36 123
61 37 57
61 38 111
61 39 116
61 40 3
61 41 119
61 43 34
61 44 71
61 45 7
61 46 140
61 47 139
61 48 149
61 49 91
61 50 48
61 51 83
61 52 99
61 53 127
61 54 14
61 56 66
61 57 135
61 58 160
61 59 151
62 0 29
62 1 96
62 2 118
62 3 148
62 5 62
62 6 127
62 7 159
62 8 152
62 15 130
62 16 83
62 18 90
62 20 38
62 21 40
62 23 81
62 24 114
62 25 15
62 26 40
62 27 129
62 28 87
62 29 75
62 30 129
62 31 82
62 32 36
62 33 158
62 34 146
62 35 24
62 36 17
62 38 59
62 39 45
62 40 125
62 41 82
62 45 71
62 46 104
62 47 93
62 48 64
62 49 123
62 50 158
62 51 120
62 52 98
62 53 76
62 54 81
62 55 30
62 56 122
62 57 138
62 60 27
62 61 159
63 0 73
63 1 8
63 2 17
63 3 73
63 5 120
63 6 101
63 7 25
63 8 86
63 9 148
63 10 38
63 11 120
63 12 34
63 14 29
63 15 12
63 16 63
63 18 112
63 19 89
63 21 82
63 22 60
63 23 23
63 25 76
63 26 151
63 27 21
63 28 87
63 29 125
63 30 15
63 32 38
63 33 119
63 34 77
63 35 52
63 36 99
63 37 135
63 38 38
63 39 22
63 40 104
63 42 131
63 43 78
63 44 11
63 47 42
63 48 59
63 50 135
63 51 122
63 53 11
63 54 39
63 56 142
63 58 48
63 59 147
63 60 86
63 62 79
64 0 115
64 2 72
64 3 85
64 4 142
64 5 13
64 6 151
64 7 118
64 8 54
64 9 100
64 10 75
64 12 121
64 13 85
64 14 90
64 15 81
64 16 108
64 17 57
64 18 149
64 19 22
64 20 94
64 22 1
64 24 109
64 25 114
64 26 122
64 27 24
64 28 7
64 29 158
64 31 63
64 32 42
64 33 26
64 34 117
64 35 56
64 37 151
64 38 155
64 39 151
64 42 106
64 43 100
64 44 13
64 45 1
64 46 109
64 47 26
64 49 106
64 51 128
64 52 134
64 54 107
64 55 14
64 56 79
64 57 150
64 58 64
64 59 127
64 60 111
64 61 128
64 62 71
64 63 53
65 0 82
65 1 160
65 2 83
65 3 47
65 4 54
65 5 68
65 7 71
65 8 16
65 9 81
65 10 151
65 11 159
65 12 133
65 13 6
65 14 142
65 15 2
65 18 89
65 19 13
65 21 49
65 22 60
65 23 87
65 24 1
65 25 50
65 27 124
65 28 68
65 29 34
65 30 46
65 31 92
65 32 35
65 34 160
65 35 52
65 36 117
65 37 51
65 38 123
65 39 160
65 41 116
65 42 84
65 43 27
65 44 109
65 45 126
65 46 53
65 47 152
65 49 113
65 50 144
65 51 69
65 52 13
65 53 111
65 54 146
65 55 94
65 57 114
65 58 108
65 59 119
65 60 57
65 62 128
65 63 97
65 64 136
66 0 20
66 1 59
66 4 153
66 5 124
66 6 37
66 8 66
66 9 108
66 10 116
66 13 55
66 16 123
66 17 5
66 18 58
66 19 113
66 21 18
66 22 121
66 23 127
66 25 127
66 26 52
66 28 46
66 29 20
66 30 7
66 31 12
66 32 66
66 35 119
66 36 104
66 37 8
66 38 113
66 39 125
66 40 1
66 41 100
66 42 14
66 43 138
66 45 147
66 46 9
66 48 31
66 49 44
66 50 90
66 53 138
66 54 72
66 56 144
66 57 132
66 58 148
66 59 90
66 61 78
66 62 103
66 63 149
66 64 101
66 65 54
67 0 19
67 2 85
67 3 156
67 4 126
67 5 41
67 6 119
67 7 135
67 8 142
67 9 10
67 11 38
67 12 44
67 13 148
67 14 147
67 15 24
67 16 118
67 17 73
67 19 94
67 20 7
67 21 85
67 22 150
67 23 72
67 24 61
67 25 1
67 26 86
67 27 144
67 28 136
67 29 76
67 30 40
67 31 7
67 32 76
67 33 63
67 34 151
67 35 76
67 36 71
67 37 113
67 39 28
67 41 77
67 42 46
67 43 51
67 45 80
67 46 45
67 47 57
67 49 131
67 50 69
67 52 69
67 55 25
67 56 18
67 57 89
67 58 27
67 62 138
67 63 126
67 64 130
67 65 92
67 66 87
68 0 66
68 1 157
68 2 131
68 3 103
68 4 148
68 5 157
68 6 97
68 7 124
68 8 68
68 9 112
68 10 9
68 11 22
68 12 156
68 13 124
68 14 94
68 15 56
68 16 30
68 17 33
68 18 12
68 19 139
68 21 56
68 22 32
68 23 12
68 24 80
68 26 51
68 27 44
68 28 46
68 29 5
68 30 72
68 31 101
68 32 107
68 33 117
68 34 152
68 36 68
68 37 43
68 38 154
68 39 91
68 40 38
68 42 11
68 43 125
68 44 60
68 45 11
68 46 148
68 49 7
68 50 156
68 51 10
68 53 75
68 54 3
68 57 43
68 58 114
68 59 20
68 60 15
68 63 71
68 64 139
68 65 85
68 66 63
68 67 99
69 1 145
69 4 49
69 5 60
69 6 94
69 7 71
69 8 39
69 9 142
69 10 37
69 11 60
69 13 117
69 15 89
69 16 50
69 17 89
69 18 63
69 19 127
69 20 68
69 21 3
69 22 64
69 23 40
69 24 38
69 25 88
69 26 44
69 27 140
69 28 32
69 29 60
69 31 156
69 33 134
69 35 29
69 38 92
69 39 70
69 40 47
69 41 151
69 43 43
69 44 104
69 45 141
69 46 108
69 47 136
69 48 3
69 49 143
69 50 43
69 51 69
69 52 146
69 54 79
69 55 78
69 56 148
69 57 124
69 58 40
69 59 135
69 61 145
69 62 70
69 63 57
69 64 60
69 66 67
69 67 100
69 68 36
