40
2 0 155
2 1 32
4 0 157
4 2 70
5 0 77
5 2 31
5 3 154
6 0 93
6 2 15
6 3 54
6 5 129
7 0 75
7 2 49
7 6 18
8 0 144
9 2 38
9 6 138
10 2 115
10 4 4
11 0 76
11 1 39
11 8 17
11 9 147
12 0 107
12 5 4
12 7 37
12 9 58
12 11 133
13 1 25
13 7 77
13 10 59
13 12 64
14 3 67
14 10 7
15 0 100
15 1 21
15 8 44
15 9 2
16 1 27
16 8 82
16 10 90
16 12 87
16 15 28
17 4 6
17 5 101
17 13 103
18 1 83
18 8 93
18 11 140
18 13 47
18 14 57
19 10 47
19 11 5
19 12 24
19 16 92
19 18 108
20 1 124
20 2 126
20 5 19
20 12 62
20 15 30
21 0 33
21 8 79
21 11 97
21 12 10
21 14 89
21 16 144
21 17 64
21 20 105
22 0 75
22 1 76
22 3 102
22 12 157
22 17 54
22 19 77
23 0 147
23 1 14
23 3 127
23 4 149
23 8 56
23 16 2
23 21 22
24 1 81
24 2 25
24 15 123
24 16 63
24 18 29
24 22 48
24 23 148
25 0 74
25 3 76
25 5 160
25 6 54
25 8 148
25 9 138
25 10 7
25 16 67
25 18 153
25 23 6
25 24 16
26 3 111
26 9 24
26 10 142
26 20 36
26 23 35
26 25 60
27 2 127
27 6 18
27 7 159
27 9 118
27 12 153
27 17 138
27 20 133
27 22 6
27 25 63
28 0 69
28 7 47
28 10 12
28 14 144
28 21 66
28 22 40
28 25 155
29 0 93
29 5 147
29 11 83
29 12 43
29 14 34
29 16 149
29 18 55
29 20 105
29 21 2
29 23 51
29 27 41
30 2 10
30 12 130
30 16 85
30 17 53
30 18 118
30 24 106
30 27 102
30 29 8
31 0 18
31 1 96
31 2 149
31 6 64
31 7 141
31 14 112
31 15 144
31 16 29
31 17 47
31 18 31
31 22 7
31 29 48
31 30 137
32 2 106
32 8 15
32 9 42
32 11 63
32 17 128
32 18 1
32 24 29
32 25 126
33 2 13
33 6 139
33 11 42
33 12 47
33 16 140
33 18 18
33 21 62
33 23 85
33 26 25
33 27 46
33 28 64
34 2 72
34 3 86
34 20 6
34 21 64
34 30 139
35 3 48
35 5 12
35 6 86
35 11 159
35 14 100
35 16 58
35 17 14
35 27 65
35 28 62
35 29 2
35 30 117
35 32 20
35 33 6
36 6 89
36 9 138
36 14 118
36 21 54
36 29 33
36 30 122
36 32 35
36 35 95
37 8 94
37 11 118
37 14 6
37 16 109
37 19 135
37 21 45
37 27 83
37 28 148
37 34 160
38 0 90
38 5 148
38 11 142
38 14 57
38 15 157
38 18 31
38 19 45
38 20 54
38 22 72
38 26 69
38 28 90
38 32 141
38 33 67
38 37 136
39 0 138
39 3 63
39 4 130
39 10 68
39 15 130
39 17 114
39 19 59
39 23 90
39 33 160
39 37 98
