20
1 0 200
2 0 93
2 1 216
3 0 117
3 1 128
3 2 78
4 0 19
4 1 249
4 2 13
4 3 101
5 0 15
5 1 65
5 2 177
5 3 22
5 4 62
6 0 78
6 1 209
6 2 61
6 3 27
6 4 170
6 5 38
7 0 310
7 1 139
7 2 165
7 3 66
7 4 169
7 5 268
8 0 253
8 1 318
8 2 20
8 4 116
8 5 151
8 6 3
8 7 4
9 0 74
9 1 159
9 2 24
9 3 302
9 5 259
9 6 290
9 8 141
10 0 109
10 1 70
10 2 77
10 3 267
10 4 268
10 5 142
10 6 278
10 7 189
10 9 224
11 0 177
11 1 1
11 2 261
11 3 161
11 4 229
11 5 87
11 6 199
11 7 126
11 8 104
11 9 122
11 10 84
12 1 224
12 3 135
12 4 20
12 5 81
12 6 174
12 7 131
12 8 107
12 9 83
12 10 137
12 11 208
13 0 304
13 2 250
13 3 201
13 4 164
13 5 158
13 6 35
13 7 219
13 8 11
13 9 158
13 10 37
13 11 237
13 12 5
14 0 311
14 1 305
14 2 278
14 3 136
14 4 167
14 5 188
14 6 239
14 7 79
14 8 51
14 9 164
14 10 174
14 11 279
14 12 291
14 13 269
15 0 259
15 2 197
15 3 2
15 4 298
15 5 307
15 7 110
15 8 105
15 9 263
15 10 279
15 11 223
15 12 58
15 14 289
16 0 264
16 1 48
16 2 152
16 3 87
16 4 312
16 6 199
16 7 219
16 8 200
16 9 129
16 10 160
16 11 79
16 12 304
16 13 214
16 14 178
16 15 221
17 0 59
17 1 74
17 2 64
17 3 153
17 5 279
17 7 175
17 8 243
17 9 282
17 11 71
17 12 101
17 13 127
17 14 238
17 15 105
17 16 275
18 1 281
18 3 15
18 4 20
18 5 236
18 6 244
18 7 304
18 8 176
18 9 178
18 10 253
18 11 44
18 12 220
18 13 198
18 14 259
18 15 163
18 16 39
18 17 46
19 0 53
19 1 89
19 2 189
19 3 264
19 4 237
19 5 104
19 7 132
19 9 240
19 11 27
19 13 74
19 14 181
19 15 125
