50
3 1 11
4 3 2
6 1 14
7 0 5
7 4 16
7 5 17
8 3 19
8 4 16
8 5 12
9 0 15
9 4 15
10 2 14
11 1 4
11 10 8
12 0 1
12 1 8
13 0 9
13 6 17
13 9 19
14 1 12
14 8 14
14 9 5
14 10 7
16 0 8
16 10 14
17 7 2
17 10 18
17 11 7
17 15 4
18 10 11
18 14 20
19 0 10
19 2 11
19 11 2
20 6 15
20 7 7
20 10 16
20 14 7
21 5 15
21 6 7
21 8 14
21 9 9
21 15 6
22 4 14
22 9 19
22 11 15
22 16 4
22 19 2
23 4 5
23 12 7
23 15 13
23 17 13
24 2 8
24 3 9
24 5 10
24 17 11
24 23 18
25 4 4
26 9 13
26 10 14
26 18 8
26 19 16
26 20 19
26 21 4
26 25 19
27 20 8
28 12 10
28 17 2
28 18 4
28 22 18
28 23 13
28 24 13
29 3 4
29 6 10
29 9 10
29 11 19
29 15 5
29 16 19
29 17 17
29 27 13
30 7 10
30 12 19
30 14 8
30 23 11
30 28 13
30 29 12
31 14 4
31 16 8
31 29 5
31 30 10
32 7 4
32 12 20
32 13 11
32 22 13
32 24 13
32 25 16
32 29 18
32 31 20
33 3 15
33 19 3
33 25 3
33 28 1
34 19 9
34 30 3
34 32 10
35 11 12
35 24 5
35 29 16
35 30 4
35 31 15
35 34 19
36 6 19
36 10 6
36 15 16
36 18 19
36 33 16
36 34 6
37 10 12
37 11 4
37 12 5
37 16 14
37 23 6
37 31 5
37 33 18
37 34 18
38 4 6
38 5 19
38 7 1
38 8 19
38 9 20
38 14 3
38 18 18
38 21 1
38 29 1
38 33 5
38 34 12
39 12 18
39 20 1
39 33 12
40 7 10
40 12 19
40 13 14
40 16 3
40 21 14
40 22 4
40 29 2
40 36 17
40 37 20
41 5 14
41 11 17
41 17 8
42 1 11
42 3 18
42 4 15
42 9 15
42 16 3
42 17 9
42 26 18
42 28 20
42 34 14
43 5 15
43 8 20
43 14 15
43 16 10
43 18 12
43 19 18
43 27 13
43 36 20
43 42 16
44 0 5
44 1 5
44 3 5
44 6 4
44 8 10
44 20 3
44 22 18
44 24 14
44 25 13
44 27 13
44 28 12
44 31 6
44 37 2
44 41 9
45 1 18
45 15 4
45 30 1
45 32 18
45 40 17
45 44 16
46 2 17
46 13 20
46 16 13
46 17 1
46 20 17
46 22 5
46 27 13
46 28 4
46 31 19
46 36 7
46 43 13
46 45 11
47 0 19
47 7 2
47 8 19
47 9 15
47 18 13
47 22 17
47 23 12
47 30 14
47 32 5
47 36 10
47 38 8
47 39 19
47 40 13
47 44 14
47 46 7
48 2 5
48 4 14
48 16 7
48 29 12
48 32 12
48 36 5
48 43 18
48 46 10
49 18 16
49 27 15
49 33 14
49 41 20
49 46 16
