20
1 0 278
2 0 56
2 1 236
3 0 139
3 1 109
3 2 84
4 0 169
4 1 50
4 2 275
4 3 71
5 0 6
5 1 165
5 2 95
5 3 308
5 4 192
6 0 4
6 1 167
6 2 160
6 3 307
6 4 257
6 5 94
7 0 43
7 1 74
7 2 202
7 3 138
7 4 5
7 5 105
7 6 246
8 0 287
8 1 29
8 2 251
8 3 170
8 4 253
8 5 218
8 6 228
8 7 103
9 0 149
9 1 81
9 2 218
9 3 94
9 4 66
9 5 34
9 6 193
9 7 28
9 8 52
10 0 15
10 1 320
10 2 78
10 3 177
10 4 82
10 5 46
10 6 57
10 7 84
10 8 301
10 9 3
11 0 293
11 1 119
11 2 152
11 3 16
11 4 297
11 5 85
11 6 28
11 7 41
11 8 232
11 9 101
11 10 116
12 0 77
12 1 46
12 2 102
12 3 19
12 4 253
12 5 125
12 6 52
12 7 9
12 8 187
12 9 107
12 10 136
12 11 76
13 0 245
13 1 191
13 2 274
13 3 64
13 4 123
13 5 135
13 6 307
13 7 88
13 8 119
13 9 126
13 10 37
13 11 220
13 12 318
14 0 145
14 1 315
14 2 62
14 3 52
14 4 265
14 5 30
14 6 236
14 7 42
14 8 251
14 9 280
14 10 188
14 11 152
14 12 103
14 13 183
15 0 228
15 1 114
15 2 84
15 3 233
15 4 143
15 5 151
15 6 92
15 7 72
15 8 216
15 9 76
15 10 291
15 11 26
15 12 29
15 13 16
15 14 149
16 0 137
16 1 94
16 2 220
16 3 179
16 4 141
16 5 226
16 6 70
16 7 173
16 8 34
16 9 207
16 10 308
16 11 6
16 12 31
16 13 3
16 14 118
16 15 140
17 0 49
17 1 119
17 2 276
17 3 63
17 4 237
17 5 167
17 6 3
17 7 291
17 8 281
17 9 218
17 10 188
17 11 233
17 12 126
17 13 305
17 14 122
17 15 269
17 16 9
18 0 237
18 1 249
18 2 187
18 3 40
18 4 62
18 5 169
18 6 248
18 7 269
18 8 292
18 9 70
18 10 55
18 11 27
18 12 141
18 13 95
18 14 68
18 15 212
18 16 115
18 17 240
19 0 134
19 1 100
19 2 292
19 3 236
19 4 37
19 5 192
19 6 168
19 7 259
19 8 113
19 9 280
19 10 219
19 11 146
19 12 58
19 13 238
19 14 304
19 15 61
19 16 215
19 17 252
19 18 48
