60
1 0 8
2 1 10
3 1 10
3 2 7
4 1 4
4 3 5
6 0 10
7 2 10
8 7 4
9 2 5
9 3 5
9 4 6
10 0 10
10 7 1
12 6 4
13 2 7
13 3 3
13 6 9
13 8 6
13 10 9
14 5 4
14 12 5
15 11 1
16 6 10
18 0 7
18 2 7
18 3 7
18 10 3
19 17 2
20 9 5
20 11 6
20 14 9
20 18 2
21 14 10
21 18 4
21 19 9
22 3 4
22 6 4
22 18 3
23 1 1
23 4 7
23 5 4
23 6 6
23 8 7
23 12 10
23 14 4
23 15 4
24 4 1
24 15 5
24 20 6
24 23 1
25 2 6
25 4 1
25 5 7
25 13 9
25 15 1
25 18 9
26 9 7
26 15 9
26 16 8
26 18 6
26 19 7
26 23 5
26 24 3
27 1 8
27 8 2
27 14 2
27 18 4
27 24 3
28 0 2
28 3 7
28 5 4
28 12 9
28 16 5
28 22 4
28 24 4
29 3 1
29 4 2
29 7 10
29 17 1
29 19 9
29 23 2
30 9 2
30 27 10
31 9 6
31 19 3
31 25 10
32 2 9
32 15 7
32 22 9
32 24 7
33 0 7
33 1 9
33 2 3
33 10 6
33 11 5
33 20 1
33 25 5
34 0 7
34 1 1
34 10 1
34 12 5
34 23 5
34 29 6
35 1 3
35 10 10
35 11 6
35 14 1
35 17 1
35 18 7
35 23 6
35 25 7
35 26 4
35 29 9
35 30 9
35 34 4
36 0 6
36 14 10
36 20 5
36 26 10
36 34 10
37 4 10
37 10 3
37 15 7
37 18 5
37 21 2
37 27 5
37 28 4
37 32 4
38 5 10
38 6 10
38 9 7
38 13 7
38 15 5
38 19 7
38 22 4
38 33 9
38 36 1
39 2 9
39 4 10
39 6 1
39 11 7
39 12 7
39 13 3
39 15 1
39 16 9
39 20 4
39 24 7
39 35 1
39 38 10
40 3 5
40 4 7
40 9 1
40 12 9
40 17 10
40 20 1
40 21 5
40 22 5
40 27 5
40 36 8
40 38 6
41 3 10
41 4 2
41 7 1
41 8 7
41 19 3
41 22 8
41 32 5
41 33 8
41 36 10
41 40 6
42 11 4
42 12 4
42 13 10
42 15 1
42 18 8
42 30 8
42 34 7
43 1 4
43 2 10
43 3 1
43 12 2
43 15 7
43 18 2
43 25 9
43 31 9
43 36 9
44 1 5
44 3 4
44 8 3
44 15 7
44 23 5
44 24 5
44 30 6
44 34 1
44 38 9
44 40 3
44 43 1
45 2 8
45 8 5
45 12 9
45 17 4
45 19 10
45 22 5
45 23 1
45 28 1
45 32 8
45 36 3
45 42 1
46 2 5
46 6 4
46 7 8
46 10 8
46 12 7
46 14 9
46 24 7
46 32 7
46 38 9
47 2 1
47 13 3
47 14 6
47 15 10
47 21 10
47 31 6
47 33 8
47 40 8
47 41 4
48 6 3
48 8 6
48 15 3
48 17 9
48 19 4
48 22 10
48 38 7
49 0 2
49 2 5
49 19 6
49 27 5
49 30 8
49 31 4
49 32 3
49 36 3
49 37 7
49 46 3
50 2 9
50 28 9
50 30 8
50 34 10
50 43 6
50 44 10
50 47 9
51 0 8
51 4 4
51 7 4
51 12 7
51 21 9
51 22 7
51 23 8
51 27 6
51 33 4
51 34 6
51 38 7
52 6 4
52 12 5
52 14 5
52 16 4
52 21 7
52 25 5
52 28 6
52 30 4
52 31 7
52 35 5
52 39 6
52 40 7
52 41 5
52 46 8
52 50 3
53 5 7
53 8 8
53 13 8
53 17 6
53 19 7
53 22 8
53 49 3
54 9 1
54 12 6
54 13 6
54 15 9
54 27 2
54 28 2
54 29 2
54 38 5
54 39 8
54 43 2
54 49 8
54 51 7
55 1 7
55 7 10
55 14 8
55 18 4
55 20 7
55 28 4
55 29 5
55 32 3
55 35 6
55 39 7
56 2 8
56 4 2
56 9 4
56 11 5
56 20 8
56 21 1
56 29 9
56 33 8
56 36 5
56 41 9
56 47 1
56 50 4
56 55 2
57 4 7
57 10 6
57 25 10
57 29 1
57 32 1
57 47 9
57 48 2
57 49 6
57 56 10
58 5 8
58 9 4
58 10 2
58 17 5
58 19 3
58 25 10
58 28 7
58 32 7
58 37 10
58 42 4
58 45 9
58 51 3
58 52 2
58 55 3
58 57 5
59 1 10
59 2 10
59 4 6
59 11 1
59 14 7
59 20 5
59 22 3
59 30 3
59 32 1
59 35 5
59 44 10
59 50 9
59 53 8
59 58 3
