70
1 0 79
8 7 64
12 5 41
12 8 4
13 5 34
13 7 78
13 9 66
15 0 51
15 9 1
16 5 25
16 11 79
17 7 18
17 12 34
17 16 22
18 4 2
18 8 29
18 14 61
19 5 72
20 1 24
20 2 28
20 10 31
21 14 35
22 10 71
22 19 29
23 10 64
25 0 12
25 16 64
25 18 69
26 2 17
26 9 69
26 12 67
26 17 63
26 21 38
26 22 64
27 3 18
27 8 78
27 24 18
27 26 15
28 1 57
28 13 35
29 10 24
29 14 17
29 15 5
29 16 79
30 3 41
30 4 70
31 1 8
31 18 19
31 23 17
32 1 27
32 9 76
32 24 61
33 2 48
33 3 47
33 12 3
33 24 78
33 29 53
34 9 9
34 12 5
34 15 34
34 20 74
35 4 56
35 6 61
35 16 72
35 25 7
36 5 70
36 28 40
37 7 32
37 20 52
37 30 17
38 4 39
38 12 24
38 28 36
38 32 8
39 4 64
39 21 17
39 22 54
39 31 22
39 37 64
40 12 44
40 19 17
40 26 7
41 11 22
41 17 17
41 22 2
41 33 49
42 15 21
42 18 39
42 34 64
42 36 22
43 9 49
43 21 43
43 26 63
43 38 50
43 41 33
44 2 24
44 3 57
44 26 44
44 37 40
44 42 78
45 1 18
45 8 10
45 12 24
45 24 61
45 32 50
45 34 36
45 36 16
46 11 20
46 15 58
46 23 29
46 36 6
46 39 31
46 40 7
46 41 66
46 45 56
47 15 67
47 23 71
47 24 52
47 46 33
48 8 24
48 12 21
48 16 6
48 18 3
48 25 13
48 27 71
48 33 51
48 37 36
48 47 51
49 5 75
49 20 19
49 21 68
49 27 50
49 29 52
49 38 46
50 6 7
50 21 30
50 22 21
50 36 28
51 26 4
51 32 58
51 41 5
52 16 19
52 23 50
52 26 30
52 37 12
52 41 23
52 43 3
52 44 8
53 9 52
53 12 65
53 17 18
53 25 37
53 27 71
53 29 76
53 36 43
53 48 74
54 3 34
54 5 65
54 8 44
54 31 53
55 17 13
55 31 59
56 17 57
56 18 11
56 30 19
57 10 8
57 29 73
57 41 46
57 53 12
58 11 22
58 12 9
58 14 68
58 22 19
58 53 64
59 8 33
59 10 59
59 22 9
59 31 8
60 2 53
60 3 63
60 10 48
60 11 25
60 13 61
60 14 1
60 19 9
60 28 72
60 31 54
60 35 26
60 36 69
60 43 70
60 58 51
61 2 58
61 12 71
61 14 77
61 25 51
61 34 17
61 38 10
61 54 42
61 56 52
61 57 12
62 4 54
62 6 37
62 12 35
62 55 37
63 9 26
63 30 52
63 48 63
63 56 39
64 3 50
64 5 41
64 8 75
64 10 4
64 26 61
64 42 20
64 45 24
65 1 77
65 5 50
65 12 61
65 13 39
65 19 70
65 37 3
65 43 42
65 63 40
66 1 24
66 4 15
66 6 65
66 9 63
66 26 16
66 57 49
67 2 75
67 5 31
67 8 62
67 18 7
67 22 28
67 42 28
67 44 73
67 55 28
67 58 35
67 59 54
68 5 71
68 15 9
68 18 67
68 20 64
68 37 72
68 39 49
68 45 50
69 4 60
69 8 24
69 10 75
69 21 19
69 26 55
69 39 40
69 44 26
69 49 25
69 57 49
