20
2 0 2
3 0 38
3 2 14
4 2 35
4 3 22
5 0 38
5 1 21
5 3 33
6 1 30
6 3 37
6 5 4
8 1 24
8 3 27
8 4 2
8 5 29
8 6 28
8 7 38
9 2 14
9 3 34
9 5 5
10 1 5
10 3 29
10 7 26
10 8 20
10 9 38
11 2 15
11 3 9
11 5 12
11 6 37
11 7 6
11 8 13
11 9 10
12 0 40
12 1 8
12 2 7
12 4 16
12 5 3
12 6 11
12 10 19
12 11 32
13 0 19
13 1 25
13 2 7
13 4 28
13 5 30
13 6 16
13 10 22
13 12 13
14 0 26
14 1 29
14 2 5
14 3 26
14 4 32
14 5 13
14 7 13
15 0 33
15 1 35
15 3 9
15 5 18
15 9 32
15 10 23
15 12 4
15 14 12
16 0 26
16 4 1
16 9 31
16 11 18
16 12 33
16 13 24
16 14 11
17 2 35
17 4 40
17 8 34
17 10 39
17 12 36
17 15 21
18 5 12
18 7 8
18 9 10
18 10 26
18 17 36
19 2 13
19 3 32
19 4 37
19 5 11
19 6 22
19 14 24
19 17 16
19 18 37
