50
1 0 16
2 0 9
2 1 15
3 2 18
4 0 1
4 1 8
4 2 6
4 3 3
5 1 9
5 2 16
5 3 13
6 2 13
6 4 16
6 5 12
7 0 9
7 1 4
7 4 11
7 5 19
8 0 3
8 1 17
8 2 16
8 4 6
8 5 6
8 6 3
8 7 20
9 0 15
9 1 7
9 2 9
9 3 20
9 4 16
9 5 3
10 0 3
10 1 3
10 2 16
10 5 6
10 6 17
10 8 4
10 9 19
11 0 15
11 1 10
11 3 14
11 4 15
11 5 19
11 7 1
11 8 6
11 10 14
12 1 6
12 3 14
12 4 4
12 5 20
12 6 5
12 7 3
12 8 5
12 9 16
12 11 9
13 4 19
13 5 13
13 6 8
13 8 17
13 9 14
13 10 19
13 11 9
14 0 2
14 1 18
14 2 6
14 3 18
14 4 19
14 5 10
14 7 11
14 8 7
14 9 18
14 10 14
14 11 19
14 12 14
14 13 19
15 0 9
15 1 10
15 2 1
15 3 19
15 4 1
15 6 9
15 7 7
15 8 11
15 9 11
15 10 13
15 11 19
15 12 16
15 13 2
16 0 17
16 1 3
16 2 18
16 3 15
16 4 12
16 6 10
16 8 14
16 10 9
16 12 14
16 14 18
16 15 9
17 0 7
17 1 8
17 2 11
17 3 18
17 4 15
17 5 9
17 6 20
17 7 3
17 8 9
17 10 19
17 13 13
17 14 4
17 16 9
18 1 7
18 3 14
18 4 10
18 5 14
18 7 18
18 8 19
18 10 11
18 11 12
18 12 16
18 13 11
18 14 7
18 15 2
18 16 5
18 17 18
19 0 4
19 5 1
19 6 6
19 7 3
19 9 4
19 10 19
19 12 11
19 13 16
19 14 18
19 15 6
19 17 13
20 1 14
20 3 6
20 4 7
20 5 4
20 6 18
20 9 14
20 10 3
20 11 15
20 12 3
20 13 13
20 14 9
20 15 2
20 16 13
20 17 6
20 19 3
21 1 3
21 2 4
21 3 9
21 4 15
21 5 9
21 6 5
21 7 16
21 8 19
21 10 11
21 13 16
21 14 14
21 15 9
21 16 20
21 17 8
21 18 15
21 19 11
21 20 15
22 1 20
22 2 13
22 3 15
22 4 10
22 5 2
22 9 4
22 10 11
22 11 15
22 13 3
22 16 2
22 17 18
22 18 7
22 19 16
22 20 14
22 21 1
23 0 14
23 1 11
23 2 11
23 3 4
23 4 18
23 6 5
23 7 6
23 11 8
23 12 19
23 14 17
23 15 3
23 16 11
23 17 7
23 19 15
23 20 14
23 22 3
24 0 20
24 2 6
24 3 11
24 4 10
24 6 12
24 9 4
24 10 11
24 11 12
24 12 5
24 13 3
24 14 11
24 15 14
24 16 3
24 19 11
24 20 12
24 21 14
24 22 11
24 23 18
25 1 14
25 2 10
25 4 20
25 5 9
25 7 2
25 8 12
25 9 6
25 10 8
25 11 3
25 12 19
25 13 2
25 15 16
25 17 17
25 18 17
25 19 12
25 22 16
25 23 3
26 0 13
26 1 11
26 2 10
26 3 15
26 6 14
26 7 13
26 9 10
26 11 13
26 12 20
26 13 6
26 14 1
26 15 13
26 16 18
26 18 14
26 21 3
26 23 16
26 25 20
27 0 13
27 3 8
27 4 6
27 5 9
27 6 13
27 7 3
27 8 15
27 10 18
27 11 19
27 12 16
27 14 17
27 16 7
27 17 6
27 18 16
27 19 4
27 20 4
27 21 8
27 22 2
27 24 17
27 26 12
28 0 17
28 3 18
28 4 13
28 8 4
28 9 2
28 11 13
28 12 8
28 15 17
28 16 2
28 17 2
28 18 16
28 20 20
28 21 2
28 23 1
28 24 16
28 26 2
29 0 8
29 1 7
29 2 14
29 3 9
29 5 16
29 6 8
29 7 8
29 8 12
29 9 7
29 10 3
29 11 1
29 12 18
29 14 19
29 15 4
29 17 1
29 18 5
29 20 1
29 21 6
29 23 17
29 24 4
29 25 11
29 26 15
29 28 9
30 0 4
30 1 4
30 2 20
30 3 3
30 4 14
30 5 18
30 7 3
30 9 10
30 10 6
30 11 9
30 12 11
30 14 14
30 15 7
30 17 3
30 18 9
30 20 8
30 21 12
30 22 20
30 24 5
30 27 16
30 28 20
30 29 4
31 0 9
31 3 20
31 4 18
31 5 11
31 6 5
31 7 19
31 8 2
31 9 16
31 10 20
31 11 4
31 12 12
31 13 10
31 14 20
31 15 5
31 16 3
31 17 15
31 18 15
31 19 11
31 20 2
31 21 11
31 24 18
31 26 1
31 29 12
31 30 18
32 0 15
32 1 15
32 2 18
32 3 17
32 4 5
32 5 3
32 7 16
32 8 20
32 9 11
32 10 18
32 11 10
32 12 14
32 13 18
32 15 16
32 16 14
32 19 4
32 20 16
32 21 15
32 23 9
32 24 15
32 26 14
32 27 6
32 28 10
32 29 13
32 30 14
33 0 6
33 1 5
33 3 11
33 8 7
33 9 20
33 10 16
33 12 9
33 14 16
33 15 1
33 17 12
33 19 20
33 20 10
33 22 3
33 23 20
33 24 4
33 25 16
33 26 11
33 28 11
33 29 15
33 31 14
33 32 1
34 1 10
34 4 11
34 5 3
34 6 14
34 7 20
34 9 15
34 11 6
34 13 3
34 14 3
34 15 18
34 16 14
34 17 13
34 18 6
34 21 18
34 22 3
34 24 18
34 25 7
34 26 9
34 27 11
34 28 12
34 29 16
34 30 14
34 31 4
34 32 8
34 33 6
35 0 10
35 1 20
35 2 1
35 3 20
35 4 3
35 5 15
35 6 7
35 8 1
35 9 17
35 12 9
35 13 4
35 14 11
35 16 16
35 17 15
35 18 14
35 20 17
35 21 12
35 22 12
35 24 6
35 25 12
35 26 13
35 30 8
35 31 7
35 32 17
35 34 19
36 0 1
36 1 13
36 2 16
36 3 15
36 4 15
36 5 2
36 6 7
36 8 15
36 10 1
36 12 16
36 13 4
36 14 17
36 15 1
36 16 3
36 18 20
36 19 19
36 20 17
36 21 10
36 22 8
36 23 20
36 25 14
36 26 4
36 28 15
36 31 3
36 32 18
36 34 5
36 35 12
37 0 6
37 1 14
37 2 19
37 4 13
37 6 11
37 8 10
37 9 18
37 10 6
37 13 1
37 14 6
37 16 11
37 17 8
37 19 17
37 20 2
37 21 13
37 22 13
37 25 9
37 26 15
37 27 20
37 28 15
37 29 9
37 31 6
37 32 18
37 33 8
37 34 18
37 35 20
37 36 2
38 0 2
38 2 9
38 3 19
38 4 15
38 6 11
38 7 9
38 8 1
38 9 12
38 10 19
38 11 6
38 12 20
38 13 11
38 14 20
38 15 3
38 17 2
38 18 17
38 20 3
38 22 1
38 24 2
38 25 12
38 27 10
38 30 12
38 32 18
38 33 19
38 34 20
38 35 9
38 36 17
39 1 12
39 2 14
39 3 11
39 4 19
39 6 5
39 7 9
39 8 20
39 9 20
39 10 9
39 11 18
39 12 14
39 13 9
39 14 18
39 15 14
39 17 8
39 19 1
39 20 19
39 21 9
39 22 11
39 23 9
39 24 15
39 26 4
39 27 1
39 28 20
39 29 4
39 31 6
39 33 5
39 35 13
39 37 15
39 38 7
40 0 12
40 1 16
40 3 9
40 4 2
40 7 20
40 8 15
40 10 2
40 12 15
40 13 12
40 14 17
40 15 2
40 16 19
40 17 18
40 19 3
40 20 2
40 21 11
40 24 2
40 25 1
40 26 8
40 28 12
40 30 11
40 31 18
40 34 1
40 35 13
41 0 3
41 1 9
41 2 20
41 3 12
41 4 12
41 5 13
41 7 7
41 8 13
41 9 18
41 10 18
41 11 6
41 12 17
41 13 17
41 15 1
41 20 16
41 22 1
41 24 17
41 25 4
41 26 7
41 28 14
41 30 12
41 32 10
41 33 2
41 34 4
41 35 11
41 38 3
42 1 18
42 4 3
42 5 1
42 7 9
42 8 18
42 9 7
42 11 12
42 12 3
42 14 5
42 17 2
42 18 13
42 20 4
42 21 6
42 22 1
42 24 9
42 25 5
42 27 3
42 28 6
42 29 7
42 31 8
42 32 18
42 35 20
42 36 8
42 38 7
42 39 20
42 40 11
42 41 2
43 2 8
43 3 10
43 4 1
43 5 15
43 7 8
43 9 5
43 10 15
43 11 15
43 12 16
43 13 14
43 14 20
43 17 4
43 18 16
43 19 10
43 21 1
43 25 14
43 26 16
43 27 3
43 28 5
43 29 3
43 30 17
43 31 19
43 32 14
43 33 6
43 34 18
43 35 9
43 36 5
43 37 9
43 38 4
43 39 15
43 40 17
43 41 17
43 42 11
44 1 12
44 2 20
44 3 15
44 4 6
44 5 19
44 6 2
44 8 9
44 9 2
44 10 10
44 12 4
44 13 6
44 15 1
44 16 20
44 18 9
44 19 13
44 20 13
44 21 13
44 22 18
44 24 14
44 25 2
44 26 5
44 28 9
44 30 16
44 31 3
44 32 2
44 34 14
44 35 7
44 37 7
44 39 8
44 40 12
44 41 3
44 42 10
44 43 4
45 4 11
45 7 12
45 8 19
45 10 19
45 11 5
45 12 8
45 14 16
45 16 5
45 19 1
45 20 20
45 24 12
45 28 18
45 30 15
45 32 1
45 34 5
45 35 9
45 36 20
45 37 19
45 40 3
45 41 18
45 42 17
46 0 12
46 1 5
46 2 18
46 3 1
46 4 3
46 6 4
46 7 9
46 8 14
46 9 14
46 10 14
46 11 16
46 12 19
46 14 10
46 15 11
46 16 15
46 18 1
46 19 1
46 20 16
46 21 2
46 22 3
46 24 16
46 25 18
46 26 3
46 27 3
46 28 15
46 29 15
46 31 18
46 32 7
46 33 13
46 34 7
46 35 20
46 37 18
46 38 16
46 39 12
46 41 18
46 42 16
46 43 12
47 0 10
47 1 15
47 2 12
47 3 10
47 5 19
47 6 2
47 8 5
47 10 9
47 11 3
47 12 8
47 13 7
47 16 5
47 17 8
47 18 15
47 19 12
47 20 13
47 22 15
47 24 17
47 25 19
47 26 6
47 27 6
47 29 9
47 31 5
47 33 6
47 35 20
47 36 3
47 37 11
47 41 13
47 42 6
47 43 17
47 44 16
47 45 8
47 46 18
48 0 14
48 2 14
48 3 15
48 5 1
48 6 2
48 8 19
48 10 3
48 11 11
48 14 3
48 15 12
48 16 2
48 17 20
48 18 13
48 19 13
48 21 1
48 22 3
48 23 19
48 25 9
48 26 5
48 27 10
48 28 18
48 29 3
48 31 3
48 32 18
48 35 14
48 36 1
48 38 19
48 39 20
48 40 2
48 41 15
48 42 15
48 43 6
48 44 15
48 46 20
48 47 18
49 0 8
49 1 5
49 2 17
49 3 12
49 4 17
49 6 2
49 8 14
49 9 3
49 12 18
49 13 11
49 14 8
49 16 18
49 17 3
49 18 6
49 20 5
49 21 14
49 22 8
49 23 16
49 24 15
49 25 14
49 28 16
49 29 7
49 30 7
49 31 17
49 32 9
49 33 20
49 34 14
49 35 10
49 36 10
49 37 15
49 38 12
49 39 8
49 41 7
49 45 12
49 46 1
49 47 3
49 48 17
