60
1 0 2
2 0 6
2 1 15
3 0 9
3 1 19
3 2 11
4 0 15
4 1 11
4 2 18
4 3 17
5 0 8
5 1 18
5 2 18
5 3 8
5 4 10
6 0 13
6 1 7
6 2 17
6 3 7
6 4 6
6 5 18
7 0 9
7 1 12
7 2 8
7 3 13
7 4 6
7 5 10
7 6 10
8 0 14
8 1 3
8 2 6
8 3 4
8 4 6
8 5 5
8 6 5
8 7 20
9 0 2
9 1 8
9 2 1
9 3 17
9 4 20
9 5 2
9 6 7
9 7 18
9 8 19
10 0 9
10 1 4
10 2 8
10 3 13
10 4 16
10 5 11
10 6 7
10 7 13
10 8 2
10 9 7
11 0 14
11 1 10
11 2 11
11 3 17
11 4 17
11 5 8
11 6 14
11 7 3
11 8 20
11 9 9
11 10 11
12 0 17
12 1 13
12 2 12
12 3 5
12 4 14
12 5 1
12 6 8
12 7 10
12 8 10
12 9 6
12 10 9
12 11 9
13 0 8
13 1 5
13 2 18
13 3 12
13 4 17
13 5 5
13 6 11
13 7 6
13 8 6
13 9 16
13 10 20
13 11 16
13 12 13
14 0 8
14 1 2
14 2 15
14 3 3
14 4 2
14 5 17
14 6 14
14 7 6
14 8 20
14 9 4
14 10 7
14 11 12
14 12 15
14 13 19
15 0 14
15 1 4
15 2 11
15 3 2
15 4 10
15 5 9
15 6 14
15 7 4
15 8 18
15 9 5
15 10 8
15 11 3
15 12 16
15 13 15
15 14 15
16 0 3
16 1 20
16 2 8
16 3 3
16 4 13
16 5 5
16 6 5
16 7 9
16 8 14
16 9 8
16 10 5
16 11 10
16 12 19
16 13 2
16 14 9
16 15 2
17 0 6
17 1 15
17 2 16
17 3 7
17 4 18
17 5 16
17 6 19
17 7 15
17 8 1
17 9 20
17 10 9
17 11 7
17 12 12
17 13 19
17 14 16
17 15 8
17 16 7
18 0 2
18 1 13
18 2 17
18 3 19
18 4 15
18 5 15
18 6 15
18 7 1
18 8 11
18 9 3
18 10 14
18 11 20
18 12 7
18 13 13
18 14 6
18 15 11
18 16 7
18 17 8
19 0 9
19 1 4
19 2 14
19 3 14
19 4 10
19 5 5
19 6 9
19 7 3
19 8 20
19 9 15
19 10 8
19 11 1
19 12 15
19 13 15
19 14 9
19 15 10
19 16 6
19 17 11
19 18 19
20 0 17
20 1 2
20 2 13
20 3 20
20 4 4
20 5 2
20 6 7
20 7 17
20 8 1
20 9 14
20 10 8
20 11 9
20 12 13
20 13 16
20 14 10
20 15 8
20 16 10
20 17 10
20 18 16
20 19 5
21 0 10
21 1 4
21 2 13
21 3 6
21 4 13
21 5 7
21 6 11
21 7 8
21 8 17
21 9 14
21 10 14
21 11 16
21 12 17
21 13 2
21 14 20
21 15 16
21 16 1
21 17 2
21 18 2
21 19 9
21 20 1
22 0 11
22 1 14
22 2 11
22 3 1
22 4 2
22 5 9
22 6 2
22 7 1
22 8 3
22 9 18
22 10 6
22 11 7
22 12 4
22 13 18
22 14 16
22 15 4
22 16 14
22 17 17
22 18 10
22 19 19
22 20 4
22 21 3
23 0 3
23 1 20
23 2 12
23 3 2
23 4 11
23 5 2
23 6 13
23 7 18
23 8 19
23 9 10
23 10 5
23 11 18
23 12 1
23 13 6
23 14 1
23 15 16
23 16 12
23 17 20
23 18 3
23 19 10
23 20 16
23 21 17
23 22 15
24 0 4
24 1 7
24 2 14
24 3 13
24 4 7
24 5 19
24 6 14
24 7 7
24 8 4
24 9 1
24 10 5
24 11 15
24 12 7
24 13 20
24 14 20
24 15 11
24 16 6
24 17 18
24 18 8
24 19 16
24 20 7
24 21 18
24 22 13
24 23 18
25 0 1
25 1 12
25 2 15
25 3 18
25 4 15
25 5 15
25 6 15
25 7 16
25 8 9
25 9 5
25 10 6
25 11 17
25 12 10
25 13 1
25 14 3
25 15 4
25 16 10
25 17 5
25 18 7
25 19 14
25 20 13
25 21 4
25 22 16
25 23 20
25 24 7
26 0 13
26 1 2
26 2 3
26 3 12
26 4 13
26 5 15
26 6 18
26 7 14
26 8 3
26 9 6
26 10 15
26 11 10
26 12 6
26 13 18
26 14 17
26 15 14
26 16 20
26 17 7
26 18 4
26 19 4
26 20 13
26 21 16
26 22 2
26 23 20
26 24 10
26 25 14
27 0 15
27 1 20
27 2 4
27 3 16
27 4 17
27 5 13
27 6 5
27 7 18
27 8 12
27 9 6
27 10 3
27 11 5
27 12 9
27 13 18
27 14 1
27 15 7
27 16 15
27 17 6
27 18 1
27 19 9
27 20 4
27 21 16
27 22 14
27 23 4
27 24 2
27 25 17
27 26 9
28 0 4
28 1 15
28 2 16
28 3 19
28 4 1
28 5 2
28 6 16
28 7 2
28 8 8
28 9 1
28 10 4
28 11 2
28 12 3
28 13 5
28 14 17
28 15 17
28 16 3
28 17 15
28 18 10
28 19 6
28 20 18
28 21 12
28 22 6
28 23 14
28 24 12
28 25 12
28 26 13
28 27 7
29 0 3
29 1 19
29 2 5
29 3 8
29 4 1
29 5 19
29 6 4
29 7 13
29 8 17
29 9 17
29 10 6
29 11 17
29 12 2
29 13 2
29 14 7
29 15 5
29 16 4
29 17 10
29 18 11
29 19 3
29 20 5
29 21 3
29 22 16
29 23 6
29 24 11
29 25 11
29 26 7
29 27 2
29 28 11
30 0 9
30 1 15
30 2 10
30 3 10
30 4 13
30 5 8
30 6 6
30 7 18
30 8 14
30 9 7
30 10 19
30 11 13
30 12 14
30 13 20
30 14 6
30 15 6
30 16 9
30 17 12
30 18 20
30 19 2
30 20 4
30 21 9
30 22 19
30 23 8
30 24 9
30 25 14
30 26 12
30 27 1
30 28 7
30 29 13
31 0 1
31 1 8
31 2 5
31 3 8
31 4 9
31 5 3
31 6 15
31 7 10
31 8 18
31 9 7
31 10 14
31 11 10
31 12 16
31 13 9
31 14 5
31 15 1
31 16 18
31 17 7
31 18 17
31 19 15
31 20 2
31 21 15
31 22 8
31 23 2
31 24 17
31 25 7
31 26 9
31 27 7
31 28 20
31 29 8
31 30 20
32 0 13
32 1 9
32 2 4
32 3 2
32 4 10
32 5 14
32 6 16
32 7 3
32 8 17
32 9 12
32 10 14
32 11 19
32 12 10
32 13 5
32 14 5
32 15 7
32 16 11
32 17 18
32 18 5
32 19 16
32 20 10
32 21 2
32 22 11
32 23 7
32 24 14
32 25 15
32 26 10
32 27 7
32 28 5
32 29 2
32 30 14
32 31 19
33 0 6
33 1 15
33 2 10
33 3 2
33 4 7
33 5 9
33 6 14
33 7 7
33 8 15
33 9 13
33 10 19
33 11 17
33 12 2
33 13 17
33 14 5
33 15 15
33 16 6
33 17 17
33 18 15
33 19 20
33 20 12
33 21 2
33 22 10
33 23 7
33 24 18
33 25 4
33 26 18
33 27 19
33 28 20
33 29 15
33 30 2
33 31 12
33 32 9
34 0 9
34 1 13
34 2 11
34 3 15
34 4 16
34 5 11
34 6 16
34 7 6
34 8 13
34 9 14
34 10 17
34 11 13
34 12 19
34 13 9
34 14 2
34 15 14
34 16 19
34 17 4
34 18 13
34 19 10
34 20 15
34 21 2
34 22 15
34 23 11
34 24 16
34 25 5
34 26 6
34 27 7
34 28 5
34 29 13
34 30 13
34 31 5
34 32 7
34 33 8
35 0 13
35 1 16
35 2 8
35 3 10
35 4 9
35 5 10
35 6 20
35 7 3
35 8 14
35 9 19
35 10 6
35 11 18
35 12 15
35 13 13
35 14 11
35 15 7
35 16 18
35 17 13
35 18 19
35 19 3
35 20 12
35 21 18
35 22 9
35 23 11
35 24 1
35 25 20
35 26 20
35 27 4
35 28 12
35 29 13
35 30 3
35 31 2
35 32 13
35 33 15
35 34 15
36 0 1
36 1 3
36 2 19
36 3 4
36 4 16
36 5 18
36 6 7
36 7 5
36 8 6
36 9 18
36 10 11
36 11 9
36 12 9
36 13 6
36 14 18
36 15 3
36 16 13
36 17 20
36 18 7
36 19 1
36 20 7
36 21 15
36 22 12
36 23 16
36 24 6
36 25 1
36 26 12
36 27 13
36 28 7
36 29 10
36 30 1
36 31 10
36 32 15
36 33 16
36 34 1
36 35 5
37 0 10
37 1 5
37 2 9
37 3 7
37 4 2
37 5 4
37 6 1
37 7 7
37 8 20
37 9 3
37 10 19
37 11 14
37 12 17
37 13 11
37 14 4
37 15 14
37 16 8
37 17 7
37 18 10
37 19 4
37 20 6
37 21 3
37 22 16
37 23 6
37 24 19
37 25 20
37 26 2
37 27 3
37 28 9
37 29 3
37 30 9
37 31 5
37 32 7
37 33 19
37 34 3
37 35 13
37 36 7
38 0 19
38 1 2
38 2 7
38 3 13
38 4 19
38 5 15
38 6 6
38 7 20
38 8 13
38 9 19
38 10 4
38 11 12
38 12 11
38 13 18
38 14 1
38 15 18
38 16 1
38 17 13
38 18 13
38 19 20
38 20 7
38 21 6
38 22 1
38 23 17
38 24 19
38 25 9
38 26 10
38 27 13
38 28 6
38 29 11
38 30 20
38 31 11
38 32 12
38 33 16
38 34 3
38 35 6
38 36 15
38 37 16
39 0 10
39 1 8
39 2 18
39 3 17
39 4 8
39 5 19
39 6 5
39 7 9
39 8 14
39 9 8
39 10 4
39 11 3
39 12 10
39 13 11
39 14 13
39 15 17
39 16 2
39 17 15
39 18 7
39 19 11
39 20 3
39 21 13
39 22 19
39 23 16
39 24 14
39 25 12
39 26 7
39 27 5
39 28 14
39 29 15
39 30 14
39 31 15
39 32 19
39 33 4
39 34 13
39 35 18
39 36 11
39 37 11
39 38 20
40 0 9
40 1 13
40 2 8
40 3 17
40 4 16
40 5 12
40 6 13
40 7 2
40 8 15
40 9 3
40 10 13
40 11 9
40 12 11
40 13 12
40 14 11
40 15 7
40 16 19
40 17 14
40 18 17
40 19 2
40 20 12
40 21 6
40 22 14
40 23 5
40 24 12
40 25 18
40 26 7
40 27 8
40 28 17
40 29 17
40 30 4
40 31 7
40 32 12
40 33 14
40 34 15
40 35 9
40 36 10
40 37 18
40 38 5
40 39 11
41 0 12
41 1 6
41 2 17
41 3 12
41 4 8
41 5 14
41 6 9
41 7 4
41 8 20
41 9 2
41 10 14
41 11 7
41 12 17
41 13 7
41 14 17
41 15 13
41 16 8
41 17 13
41 18 9
41 19 18
41 20 20
41 21 17
41 22 14
41 23 2
41 24 18
41 25 13
41 26 9
41 27 1
41 28 11
41 29 19
41 30 2
41 31 15
41 32 11
41 33 4
41 34 6
41 35 16
41 36 20
41 37 7
41 38 4
41 39 16
41 40 16
42 0 13
42 1 14
42 2 5
42 3 13
42 4 11
42 5 10
42 6 7
42 7 2
42 8 16
42 9 14
42 10 1
42 11 6
42 12 13
42 13 10
42 14 2
42 15 11
42 16 8
42 17 14
42 18 12
42 19 8
42 20 9
42 21 12
42 22 20
42 23 6
42 24 17
42 25 10
42 26 4
42 27 7
42 28 18
42 29 6
42 30 7
42 31 14
42 32 17
42 33 11
42 34 6
42 35 10
42 36 6
42 37 12
42 38 11
42 39 15
42 40 16
42 41 18
43 0 17
43 1 17
43 2 12
43 3 12
43 4 4
43 5 1
43 6 11
43 7 11
43 8 9
43 9 14
43 10 8
43 11 15
43 12 8
43 13 17
43 14 10
43 15 8
43 16 9
43 17 3
43 18 9
43 19 17
43 20 12
43 21 16
43 22 14
43 23 15
43 24 7
43 25 8
43 26 4
43 27 13
43 28 6
43 29 3
43 30 5
43 31 3
43 32 2
43 33 6
43 34 9
43 35 13
43 36 1
43 37 16
43 38 16
43 39 19
43 40 18
43 41 20
43 42 16
44 0 2
44 1 3
44 2 9
44 3 10
44 4 7
44 5 20
44 6 1
44 7 5
44 8 8
44 9 2
44 10 15
44 11 19
44 12 14
44 13 11
44 14 17
44 15 7
44 16 14
44 17 4
44 18 15
44 19 9
44 20 20
44 21 14
44 22 7
44 23 17
44 24 12
44 25 4
44 26 4
44 27 5
44 28 15
44 29 6
44 30 20
44 31 17
44 32 11
44 33 6
44 34 13
44 35 8
44 36 18
44 37 15
44 38 3
44 39 6
44 40 19
44 41 12
44 42 8
44 43 9
45 0 12
45 1 3
45 2 15
45 3 19
45 4 1
45 5 13
45 6 16
45 7 13
45 8 1
45 9 19
45 10 20
45 11 18
45 12 18
45 13 15
45 14 11
45 15 18
45 16 9
45 17 13
45 18 1
45 19 9
45 20 6
45 21 14
45 22 19
45 23 10
45 24 17
45 25 4
45 26 7
45 27 10
45 28 13
45 29 11
45 30 3
45 31 14
45 32 4
45 33 10
45 34 7
45 35 9
45 36 7
45 37 5
45 38 19
45 39 11
45 40 3
45 41 5
45 42 2
45 43 5
45 44 1
46 0 10
46 1 18
46 2 20
46 3 1
46 4 20
46 5 9
46 6 10
46 7 18
46 8 16
46 9 20
46 10 5
46 11 1
46 12 1
46 13 19
46 14 5
46 15 20
46 16 8
46 17 10
46 18 1
46 19 18
46 20 1
46 21 1
46 22 2
46 23 7
46 24 6
46 25 7
46 26 13
46 27 4
46 28 3
46 29 11
46 30 16
46 31 18
46 32 14
46 33 19
46 34 11
46 35 6
46 36 17
46 37 1
46 38 8
46 39 17
46 40 18
46 41 4
46 42 12
46 43 6
46 44 10
46 45 11
47 0 15
47 1 11
47 2 1
47 3 1
47 4 8
47 5 10
47 6 15
47 7 8
47 8 7
47 9 18
47 10 3
47 11 12
47 12 16
47 13 19
47 14 2
47 15 1
47 16 20
47 17 4
47 18 1
47 19 1
47 20 11
47 21 2
47 22 8
47 23 5
47 24 12
47 25 17
47 26 9
47 27 18
47 28 10
47 29 9
47 30 13
47 31 3
47 32 10
47 33 16
47 34 5
47 35 12
47 36 7
47 37 5
47 38 17
47 39 19
47 40 5
47 41 19
47 42 12
47 43 7
47 44 6
47 45 3
47 46 10
48 0 1
48 1 4
48 2 14
48 3 9
48 4 19
48 5 12
48 6 18
48 7 6
48 8 20
48 9 12
48 10 9
48 11 15
48 12 20
48 13 3
48 14 20
48 15 19
48 16 20
48 17 10
48 18 6
48 19 2
48 20 13
48 21 13
48 22 12
48 23 17
48 24 5
48 25 18
48 26 3
48 27 7
48 28 13
48 29 13
48 30 4
48 31 10
48 32 15
48 33 20
48 34 3
48 35 4
48 36 18
48 37 1
48 38 4
48 39 13
48 40 12
48 41 15
48 42 1
48 43 18
48 44 5
48 45 12
48 46 4
48 47 13
49 0 7
49 1 20
49 2 6
49 3 5
49 4 15
49 5 16
49 6 5
49 7 3
49 8 13
49 9 13
49 10 3
49 11 6
49 12 10
49 13 16
49 14 2
49 15 20
49 16 16
49 17 19
49 18 18
49 19 10
49 20 7
49 21 14
49 22 17
49 23 15
49 24 13
49 25 11
49 26 16
49 27 16
49 28 14
49 29 20
49 30 19
49 31 3
49 32 9
49 33 12
49 34 18
49 35 11
49 36 3
49 37 4
49 38 19
49 39 9
49 40 3
49 41 17
49 42 2
49 43 2
49 44 17
49 45 9
49 46 12
49 47 8
49 48 7
50 0 13
50 1 2
50 2 18
50 3 20
50 4 20
50 5 11
50 6 4
50 7 19
50 8 17
50 9 11
50 10 19
50 11 20
50 12 2
50 13 13
50 14 6
50 15 13
50 16 14
50 17 13
50 18 5
50 19 15
50 20 13
50 21 10
50 22 20
50 23 11
50 24 19
50 25 19
50 26 9
50 27 13
50 28 14
50 29 15
50 30 15
50 31 18
50 32 6
50 33 8
50 34 10
50 35 14
50 36 11
50 37 2
50 38 12
50 39 8
50 40 11
50 41 14
50 42 6
50 43 20
50 44 12
50 45 2
50 46 1
50 47 19
50 48 3
50 49 16
51 0 10
51 1 19
51 2 17
51 3 10
51 4 4
51 5 2
51 6 20
51 7 2
51 8 11
51 9 12
51 10 4
51 11 3
51 12 8
51 13 7
51 14 20
51 15 20
51 16 11
51 17 5
51 18 7
51 19 20
51 20 15
51 21 18
51 22 16
51 23 2
51 24 8
51 25 19
51 26 10
51 27 11
51 28 13
51 29 3
51 30 6
51 31 1
51 32 15
51 33 15
51 34 13
51 35 11
51 36 19
51 37 11
51 38 3
51 39 5
51 40 10
51 41 20
51 42 16
51 43 10
51 44 3
51 45 13
51 46 8
51 47 11
51 48 18
51 49 9
51 50 11
52 0 14
52 1 3
52 2 6
52 3 12
52 4 19
52 5 1
52 6 2
52 7 15
52 8 6
52 9 2
52 10 14
52 11 14
52 12 7
52 13 5
52 14 9
52 15 13
52 16 15
52 17 20
52 18 1
52 19 1
52 20 14
52 21 15
52 22 19
52 23 15
52 24 17
52 25 17
52 26 18
52 27 14
52 28 17
52 29 3
52 30 18
52 31 9
52 32 3
52 33 9
52 34 3
52 35 19
52 36 17
52 37 7
52 38 19
52 39 8
52 40 19
52 41 14
52 42 11
52 43 7
52 44 1
52 45 4
52 46 14
52 47 8
52 48 19
52 49 5
52 50 19
52 51 20
53 0 14
53 1 7
53 2 18
53 3 5
53 4 6
53 5 15
53 6 5
53 7 11
53 8 3
53 9 6
53 10 18
53 11 5
53 12 19
53 13 12
53 14 19
53 15 10
53 16 10
53 17 11
53 18 15
53 19 1
53 20 3
53 21 5
53 22 4
53 23 3
53 24 10
53 25 8
53 26 4
53 27 17
53 28 11
53 29 11
53 30 17
53 31 13
53 32 18
53 33 11
53 34 15
53 35 16
53 36 19
53 37 17
53 38 14
53 39 20
53 40 11
53 41 1
53 42 10
53 43 2
53 44 6
53 45 12
53 46 12
53 47 15
53 48 14
53 49 19
53 50 15
53 51 8
53 52 8
54 0 10
54 1 9
54 2 6
54 3 5
54 4 12
54 5 18
54 6 19
54 7 7
54 8 13
54 9 9
54 10 8
54 11 15
54 12 3
54 13 16
54 14 9
54 15 15
54 16 6
54 17 20
54 18 4
54 19 8
54 20 5
54 21 3
54 22 18
54 23 11
54 24 15
54 25 13
54 26 13
54 27 5
54 28 17
54 29 19
54 30 9
54 31 4
54 32 14
54 33 7
54 34 14
54 35 15
54 36 16
54 37 15
54 38 16
54 39 8
54 40 18
54 41 6
54 42 12
54 43 18
54 44 16
54 45 10
54 46 13
54 47 13
54 48 19
54 49 15
54 50 13
54 51 18
54 52 5
54 53 19
55 0 9
55 1 11
55 2 1
55 3 3
55 4 17
55 5 17
55 6 10
55 7 2
55 8 2
55 9 14
55 10 18
55 11 3
55 12 8
55 13 9
55 14 16
55 15 10
55 16 3
55 17 4
55 18 10
55 19 1
55 20 20
55 21 13
55 22 10
55 23 10
55 24 2
55 25 2
55 26 14
55 27 3
55 28 16
55 29 20
55 30 6
55 31 3
55 32 17
55 33 5
55 34 9
55 35 9
55 36 5
55 37 3
55 38 16
55 39 8
55 40 9
55 41 17
55 42 6
55 43 4
55 44 18
55 45 10
55 46 11
55 47 16
55 48 19
55 49 4
55 50 19
55 51 1
55 52 9
55 53 5
55 54 2
56 0 9
56 1 11
56 2 7
56 3 14
56 4 18
56 5 4
56 6 12
56 7 3
56 8 9
56 9 2
56 10 14
56 11 14
56 12 2
56 13 5
56 14 7
56 15 9
56 16 14
56 17 4
56 18 2
56 19 16
56 20 15
56 21 14
56 22 15
56 23 10
56 24 1
56 25 10
56 26 1
56 27 12
56 28 7
56 29 16
56 30 9
56 31 9
56 32 20
56 33 2
56 34 2
56 35 2
56 36 2
56 37 1
56 38 20
56 39 2
56 40 13
56 41 5
56 42 2
56 43 5
56 44 17
56 45 5
56 46 6
56 47 12
56 48 2
56 49 3
56 50 7
56 51 5
56 52 1
56 53 13
56 54 13
56 55 20
57 0 3
57 1 20
57 2 7
57 3 16
57 4 12
57 5 16
57 6 15
57 7 2
57 8 11
57 9 11
57 10 11
57 11 3
57 12 4
57 13 12
57 14 6
57 15 14
57 16 13
57 17 20
57 18 8
57 19 20
57 20 12
57 21 1
57 22 10
57 23 5
57 24 3
57 25 9
57 26 1
57 27 19
57 28 2
57 29 5
57 30 4
57 31 19
57 32 13
57 33 2
57 34 10
57 35 10
57 36 2
57 37 5
57 38 1
57 39 7
57 40 8
57 41 16
57 42 5
57 43 17
57 44 1
57 45 12
57 46 18
57 47 2
57 48 6
57 49 3
57 50 9
57 51 10
57 52 3
57 53 5
57 54 16
57 55 8
57 56 11
58 0 4
58 1 17
58 2 3
58 3 11
58 4 5
58 5 17
58 6 16
58 7 11
58 8 17
58 9 15
58 10 11
58 11 9
58 12 7
58 13 12
58 14 3
58 15 9
58 16 7
58 17 18
58 18 2
58 19 9
58 20 10
58 21 13
58 22 8
58 23 7
58 24 13
58 25 17
58 26 11
58 27 4
58 28 12
58 29 8
58 30 13
58 31 2
58 32 12
58 33 12
58 34 4
58 35 15
58 36 17
58 37 5
58 38 5
58 39 4
58 40 15
58 41 19
58 42 3
58 43 12
58 44 6
58 45 1
58 46 19
58 47 2
58 48 13
58 49 11
58 50 8
58 51 9
58 52 5
58 53 13
58 54 20
58 55 9
58 56 11
58 57 16
59 0 8
59 1 5
59 2 12
59 3 15
59 4 14
59 5 13
59 6 13
59 7 6
59 8 3
59 9 12
59 10 6
59 11 8
59 12 14
59 13 1
59 14 10
59 15 15
59 16 7
59 17 17
59 18 12
59 19 4
59 20 11
59 21 9
59 22 11
59 23 3
59 24 20
59 25 18
59 26 3
59 27 3
59 28 3
59 29 17
59 30 17
59 31 2
59 32 7
59 33 9
59 34 11
59 35 10
59 36 10
59 37 1
59 38 8
59 39 20
59 40 3
59 41 4
59 42 3
59 43 8
59 44 8
59 45 18
59 46 18
59 47 20
59 48 5
59 49 11
59 50 8
59 51 20
59 52 6
59 53 14
59 54 11
59 55 14
59 56 9
59 57 12
59 58 18
