70
1 0 140
2 0 255
2 1 281
3 0 239
3 1 305
3 2 259
4 0 263
4 1 205
4 2 25
4 3 245
5 0 215
5 1 6
5 2 180
5 3 290
5 4 282
6 0 238
6 1 307
6 2 157
6 3 102
6 4 247
6 5 148
7 0 301
7 1 145
7 2 311
7 3 115
7 4 197
7 5 305
7 6 164
8 0 199
8 1 296
8 2 305
8 3 86
8 4 132
8 5 311
8 6 97
8 7 319
9 0 159
9 1 317
9 2 155
9 3 64
9 4 284
9 5 59
9 6 21
9 7 284
9 8 52
10 0 253
10 1 282
10 2 233
10 3 99
10 4 149
10 5 83
10 6 76
10 7 15
10 8 96
10 9 7
11 0 6
11 1 303
11 2 25
11 3 27
11 4 79
11 5 262
11 6 180
11 7 272
11 8 257
11 9 60
11 10 310
12 0 240
12 1 274
12 2 269
12 3 272
12 4 203
12 5 249
12 6 234
12 7 30
12 8 259
12 9 196
12 10 243
12 11 243
13 0 318
13 1 189
13 2 61
13 3 290
13 4 148
13 5 110
13 6 232
13 7 231
13 8 41
13 9 267
13 10 170
13 11 166
13 12 119
14 0 44
14 1 221
14 2 147
14 3 261
14 4 199
14 5 284
14 6 18
14 7 141
14 8 39
14 9 109
14 10 266
14 11 200
14 12 63
14 13 71
15 0 211
15 1 32
15 2 172
15 3 44
15 4 209
15 5 280
15 6 33
15 7 119
15 8 222
15 9 185
15 10 198
15 11 314
15 12 287
15 13 270
15 14 130
16 0 303
16 1 197
16 2 206
16 3 249
16 4 309
16 5 270
16 6 223
16 7 141
16 8 188
16 9 6
16 10 117
16 11 187
16 12 247
16 13 211
16 14 213
16 15 211
17 0 30
17 1 110
17 2 104
17 3 11
17 4 48
17 5 284
17 6 308
17 7 311
17 8 291
17 9 256
17 10 276
17 11 209
17 12 13
17 13 118
17 14 298
17 15 61
17 16 154
18 0 294
18 1 243
18 2 277
18 3 252
18 4 32
18 5 298
18 6 316
18 7 312
18 8 98
18 9 305
18 10 56
18 11 312
18 12 159
18 13 155
18 14 292
18 15 271
18 16 25
18 17 230
19 0 213
19 1 121
19 2 193
19 3 38
19 4 313
19 5 251
19 6 143
19 7 266
19 8 86
19 9 166
19 10 228
19 11 156
19 12 87
19 13 167
19 14 4
19 15 78
19 16 115
19 17 111
19 18 295
20 0 69
20 1 45
20 2 2
20 3 64
20 4 233
20 5 45
20 6 165
20 7 34
20 8 310
20 9 130
20 10 134
20 11 128
20 12 4
20 13 107
20 14 256
20 15 266
20 16 91
20 17 45
20 18 186
20 19 83
21 0 293
21 1 212
21 2 31
21 3 213
21 4 198
21 5 160
21 6 68
21 7 218
21 8 305
21 9 206
21 10 179
21 11 147
21 12 51
21 13 32
21 14 176
21 15 307
21 16 302
21 17 58
21 18 107
21 19 320
21 20 271
22 0 140
22 1 265
22 2 198
22 3 33
22 4 143
22 5 136
22 6 203
22 7 47
22 8 280
22 9 43
22 10 136
22 11 39
22 12 186
22 13 46
22 14 97
22 15 25
22 16 213
22 17 38
22 18 19
22 19 235
22 20 221
22 21 226
23 0 155
23 1 301
23 2 172
23 3 22
23 4 315
23 5 86
23 6 197
23 7 133
23 8 190
23 9 102
23 10 105
23 11 270
23 12 314
23 13 225
23 14 20
23 15 312
23 16 90
23 17 255
23 18 48
23 19 59
23 20 269
23 21 220
23 22 148
24 0 132
24 1 57
24 2 299
24 3 207
24 4 278
24 5 249
24 6 24
24 7 60
24 8 33
24 9 175
24 10 309
24 11 241
24 12 79
24 13 311
24 14 134
24 15 173
24 16 136
24 17 120
24 18 233
24 19 177
24 20 200
24 21 257
24 22 316
24 23 18
25 0 166
25 1 125
25 2 117
25 3 204
25 4 10
25 5 92
25 6 233
25 7 188
25 8 211
25 9 157
25 10 72
25 11 181
25 12 263
25 13 45
25 14 244
25 15 232
25 16 238
25 17 39
25 18 165
25 19 266
25 20 213
25 21 19
25 22 267
25 23 312
25 24 124
26 0 15
26 1 71
26 2 294
26 3 126
26 4 209
26 5 86
26 6 85
26 7 46
26 8 28
26 9 226
26 10 279
26 11 65
26 12 181
26 13 291
26 14 83
26 15 106
26 16 78
26 17 193
26 18 303
26 19 232
26 20 84
26 21 174
26 22 301
26 23 309
26 24 248
26 25 135
27 0 255
27 1 147
27 2 2
27 3 101
27 4 8
27 5 104
27 6 221
27 7 123
27 8 228
27 9 27
27 10 157
27 11 206
27 12 211
27 13 193
27 14 53
27 15 9
27 16 132
27 17 31
27 18 213
27 19 30
27 20 298
27 21 63
27 22 123
27 23 4
27 24 282
27 25 114
27 26 75
28 0 247
28 1 214
28 2 34
28 3 103
28 4 222
28 5 249
28 6 306
28 7 104
28 8 223
28 9 14
28 10 296
28 11 295
28 12 294
28 13 274
28 14 316
28 15 263
28 16 205
28 17 156
28 18 311
28 19 78
28 20 182
28 21 315
28 22 206
28 23 294
28 24 317
28 25 124
28 26 7
28 27 314
29 0 105
29 1 52
29 2 64
29 3 90
29 4 24
29 5 34
29 6 48
29 7 309
29 8 66
29 9 46
29 10 113
29 11 144
29 12 155
29 13 249
29 14 61
29 15 14
29 16 93
29 17 22
29 18 139
29 19 281
29 20 284
29 21 137
29 22 101
29 23 292
29 24 78
29 25 209
29 26 308
29 27 49
29 28 264
30 0 282
30 1 68
30 2 117
30 3 5
30 4 149
30 5 26
30 6 291
30 7 319
30 8 308
30 9 126
30 10 153
30 11 105
30 12 221
30 13 114
30 14 287
30 15 171
30 16 170
30 17 32
30 18 66
30 19 123
30 20 2
30 21 136
30 22 235
30 23 247
30 24 245
30 25 105
30 26 289
30 27 96
30 28 311
30 29 6
31 0 272
31 1 318
31 2 96
31 3 154
31 4 93
31 5 253
31 6 154
31 7 271
31 8 22
31 9 215
31 10 201
31 11 32
31 12 109
31 13 193
31 14 245
31 15 273
31 16 129
31 17 222
31 18 101
31 19 82
31 20 178
31 21 52
31 22 142
31 23 96
31 24 162
31 25 27
31 26 168
31 27 1
31 28 74
31 29 314
31 30 43
32 0 88
32 1 99
32 2 227
32 3 103
32 4 156
32 5 31
32 6 90
32 7 31
32 8 320
32 9 102
32 10 149
32 11 98
32 12 49
32 13 287
32 14 124
32 15 143
32 16 175
32 17 35
32 18 147
32 19 4
32 20 177
32 21 130
32 22 103
32 23 132
32 24 126
32 25 153
32 26 218
32 27 205
32 28 89
32 29 118
32 30 55
32 31 43
33 0 113
33 1 251
33 2 214
33 3 183
33 4 167
33 5 272
33 6 213
33 7 169
33 8 117
33 9 307
33 10 204
33 11 63
33 12 230
33 13 167
33 14 163
33 15 221
33 16 205
33 17 219
33 18 203
33 19 168
33 20 264
33 21 122
33 22 302
33 23 115
33 24 220
33 25 85
33 26 45
33 27 35
33 28 225
33 29 123
33 30 21
33 31 296
33 32 221
34 0 212
34 1 223
34 2 247
34 3 42
34 4 165
34 5 111
34 6 158
34 7 238
34 8 68
34 9 320
34 10 204
34 11 284
34 12 247
34 13 299
34 14 155
34 15 150
34 16 163
34 17 316
34 18 300
34 19 161
34 20 182
34 21 52
34 22 99
34 23 151
34 24 313
34 25 133
34 26 46
34 27 29
34 28 34
34 29 259
34 30 184
34 31 61
34 32 193
34 33 134
35 0 290
35 1 253
35 2 35
35 3 191
35 4 115
35 5 185
35 6 117
35 7 182
35 8 83
35 9 111
35 10 172
35 11 133
35 12 3
35 13 54
35 14 263
35 15 292
35 16 213
35 17 89
35 18 223
35 19 259
35 20 4
35 21 319
35 22 118
35 23 160
35 24 108
35 25 53
35 26 89
35 27 57
35 28 134
35 29 283
35 30 225
35 31 289
35 32 117
35 33 182
35 34 271
36 0 72
36 1 98
36 2 189
36 3 298
36 4 70
36 5 47
36 6 12
36 7 67
36 8 48
36 9 254
36 10 105
36 11 277
36 12 22
36 13 200
36 14 238
36 15 84
36 16 24
36 17 35
36 18 40
36 19 320
36 20 23
36 21 259
36 22 74
36 23 231
36 24 65
36 25 69
36 26 186
36 27 210
36 28 104
36 29 37
36 30 243
36 31 97
36 32 69
36 33 152
36 34 146
36 35 257
37 0 112
37 1 319
37 2 253
37 3 263
37 4 138
37 5 279
37 6 207
37 7 21
37 8 18
37 9 119
37 10 23
37 11 228
37 12 53
37 13 91
37 14 1
37 15 124
37 16 51
37 17 118
37 18 264
37 19 153
37 20 273
37 21 98
37 22 171
37 23 286
37 24 198
37 25 273
37 26 179
37 27 186
37 28 131
37 29 40
37 30 144
37 31 130
37 32 171
37 33 86
37 34 3
37 35 70
37 36 101
38 0 298
38 1 190
38 2 51
38 3 20
38 4 86
38 5 208
38 6 186
38 7 306
38 8 133
38 9 226
38 10 51
38 11 254
38 12 213
38 13 118
38 14 314
38 15 219
38 16 248
38 17 29
38 18 243
38 19 43
38 20 47
38 21 230
38 22 142
38 23 43
38 24 255
38 25 34
38 26 278
38 27 54
38 28 110
38 29 95
38 30 67
38 31 86
38 32 156
38 33 17
38 34 121
38 35 165
38 36 206
38 37 238
39 0 213
39 1 208
39 2 238
39 3 284
39 4 71
39 5 211
39 6 112
39 7 265
39 8 64
39 9 157
39 10 190
39 11 109
39 12 209
39 13 96
39 14 197
39 15 60
39 16 158
39 17 282
39 18 149
39 19 280
39 20 51
39 21 47
39 22 219
39 23 47
39 24 228
39 25 263
39 26 4
39 27 318
39 28 186
39 29 239
39 30 300
39 31 51
39 32 50
39 33 139
39 34 5
39 35 145
39 36 289
39 37 244
39 38 75
40 0 119
40 1 258
40 2 306
40 3 254
40 4 254
40 5 62
40 6 85
40 7 21
40 8 252
40 9 102
40 10 303
40 11 221
40 12 247
40 13 81
40 14 160
40 15 315
40 16 181
40 17 299
40 18 76
40 19 40
40 20 38
40 21 140
40 22 208
40 23 276
40 24 286
40 25 262
40 26 43
40 27 207
40 28 65
40 29 38
40 30 25
40 31 140
40 32 6
40 33 101
40 34 107
40 35 192
40 36 4
40 37 118
40 38 183
40 39 210
41 0 275
41 1 206
41 2 31
41 3 251
41 4 15
41 5 95
41 6 19
41 7 104
41 8 241
41 9 162
41 10 52
41 11 228
41 12 168
41 13 176
41 14 104
41 15 180
41 16 254
41 17 44
41 18 279
41 19 281
41 20 158
41 21 167
41 22 67
41 23 174
41 24 98
41 25 84
41 26 23
41 27 196
41 28 91
41 29 226
41 30 256
41 31 17
41 32 293
41 33 158
41 34 72
41 35 306
41 36 266
41 37 238
41 38 36
41 39 110
41 40 238
42 0 206
42 1 87
42 2 36
42 3 112
42 4 205
42 5 238
42 6 247
42 7 67
42 8 151
42 9 230
42 10 297
42 11 287
42 12 213
42 13 13
42 14 247
42 15 300
42 16 111
42 17 158
42 18 302
42 19 87
42 20 129
42 21 74
42 22 190
42 23 98
42 24 114
42 25 320
42 26 152
42 27 254
42 28 168
42 29 19
42 30 118
42 31 24
42 32 101
42 33 301
42 34 83
42 35 141
42 36 221
42 37 131
42 38 306
42 39 208
42 40 67
42 41 115
43 0 50
43 1 271
43 2 47
43 3 129
43 4 35
43 5 142
43 6 187
43 7 141
43 8 124
43 9 213
43 10 164
43 11 159
43 12 136
43 13 278
43 14 103
43 15 169
43 16 263
43 17 258
43 18 67
43 19 23
43 20 191
43 21 139
43 22 122
43 23 286
43 24 269
43 25 2
43 26 32
43 27 1
43 28 158
43 29 142
43 30 300
43 31 236
43 32 68
43 33 98
43 34 251
43 35 230
43 36 159
43 37 266
43 38 151
43 39 298
43 40 180
43 41 273
43 42 24
44 0 77
44 1 216
44 2 188
44 3 79
44 4 3
44 5 274
44 6 186
44 7 45
44 8 237
44 9 76
44 10 101
44 11 244
44 12 276
44 13 144
44 14 85
44 15 271
44 16 14
44 17 257
44 18 126
44 19 187
44 20 230
44 21 62
44 22 132
44 23 241
44 24 212
44 25 305
44 26 80
44 27 45
44 28 265
44 29 26
44 30 177
44 31 93
44 32 248
44 33 193
44 34 78
44 35 294
44 36 125
44 37 306
44 38 112
44 39 196
44 40 236
44 41 214
44 42 219
44 43 189
45 0 77
45 1 241
45 2 36
45 3 205
45 4 176
45 5 166
45 6 139
45 7 184
45 8 240
45 9 257
45 10 48
45 11 240
45 12 263
45 13 241
45 14 205
45 15 166
45 16 150
45 17 224
45 18 160
45 19 214
45 20 235
45 21 245
45 22 26
45 23 64
45 24 9
45 25 61
45 26 162
45 27 7
45 28 153
45 29 193
45 30 199
45 31 118
45 32 238
45 33 203
45 34 247
45 35 25
45 36 219
45 37 208
45 38 89
45 39 320
45 40 162
45 41 163
45 42 316
45 43 49
45 44 111
46 0 186
46 1 126
46 2 151
46 3 114
46 4 151
46 5 24
46 6 59
46 7 234
46 8 47
46 9 147
46 10 62
46 11 106
46 12 148
46 13 83
46 14 4
46 15 244
46 16 73
46 17 318
46 18 41
46 19 20
46 20 115
46 21 146
46 22 258
46 23 135
46 24 229
46 25 27
46 26 242
46 27 178
46 28 222
46 29 173
46 30 54
46 31 195
46 32 218
46 33 3
46 34 311
46 35 250
46 36 291
46 37 312
46 38 140
46 39 4
46 40 113
46 41 161
46 42 124
46 43 141
46 44 215
46 45 98
47 0 207
47 1 143
47 2 122
47 3 31
47 4 183
47 5 163
47 6 232
47 7 4
47 8 212
47 9 65
47 10 296
47 11 37
47 12 231
47 13 3
47 14 260
47 15 77
47 16 319
47 17 276
47 18 4
47 19 239
47 20 82
47 21 161
47 22 44
47 23 279
47 24 258
47 25 39
47 26 234
47 27 244
47 28 263
47 29 273
47 30 279
47 31 149
47 32 177
47 33 29
47 34 221
47 35 101
47 36 79
47 37 224
47 38 72
47 39 189
47 40 273
47 41 186
47 42 101
47 43 122
47 44 286
47 45 58
47 46 178
48 0 312
48 1 316
48 2 283
48 3 132
48 4 92
48 5 311
48 6 128
48 7 17
48 8 17
48 9 193
48 10 175
48 11 176
48 12 281
48 13 79
48 14 36
48 15 136
48 16 114
48 17 27
48 18 198
48 19 237
48 20 252
48 21 222
48 22 59
48 23 62
48 24 93
48 25 29
48 26 286
48 27 296
48 28 98
48 29 176
48 30 78
48 31 320
48 32 239
48 33 251
48 34 209
48 35 240
48 36 121
48 37 108
48 38 35
48 39 151
48 40 31
48 41 75
48 42 122
48 43 47
48 44 72
48 45 86
48 46 140
48 47 50
49 0 13
49 1 151
49 2 309
49 3 71
49 4 16
49 5 193
49 6 37
49 7 312
49 8 265
49 9 243
49 10 290
49 11 298
49 12 121
49 13 133
49 14 283
49 15 242
49 16 108
49 17 160
49 18 317
49 19 25
49 20 163
49 21 97
49 22 228
49 23 97
49 24 165
49 25 112
49 26 313
49 27 28
49 28 183
49 29 163
49 30 126
49 31 165
49 32 216
49 33 316
49 34 240
49 35 29
49 36 223
49 37 311
49 38 289
49 39 23
49 40 57
49 41 21
49 42 151
49 43 263
49 44 262
49 45 258
49 46 307
49 47 46
49 48 307
50 0 272
50 1 69
50 2 256
50 3 177
50 4 225
50 5 117
50 6 217
50 7 134
50 8 2
50 9 194
50 10 102
50 11 237
50 12 246
50 13 175
50 14 232
50 15 60
50 16 30
50 17 294
50 18 233
50 19 14
50 20 83
50 21 278
50 22 96
50 23 78
50 24 67
50 25 61
50 26 174
50 27 69
50 28 253
50 29 50
50 30 107
50 31 289
50 32 107
50 33 261
50 34 259
50 35 137
50 36 132
50 37 309
50 38 45
50 39 52
50 40 264
50 41 36
50 42 103
50 43 84
50 44 55
50 45 36
50 46 301
50 47 291
50 48 193
50 49 129
51 0 29
51 1 248
51 2 175
51 3 290
51 4 304
51 5 162
51 6 166
51 7 22
51 8 210
51 9 64
51 10 110
51 11 204
51 12 163
51 13 69
51 14 119
51 15 27
51 16 213
51 17 239
51 18 161
51 19 261
51 20 246
51 21 5
51 22 43
51 23 181
51 24 90
51 25 10
51 26 107
51 27 200
51 28 131
51 29 81
51 30 268
51 31 250
51 32 279
51 33 193
51 34 219
51 35 42
51 36 301
51 37 217
51 38 197
51 39 51
51 40 160
51 41 31
51 42 162
51 43 229
51 44 7
51 45 106
51 46 149
51 47 254
51 48 234
51 49 155
51 50 127
52 0 84
52 1 115
52 2 257
52 3 47
52 4 297
52 5 74
52 6 308
52 7 165
52 8 186
52 9 202
52 10 112
52 11 247
52 12 296
52 13 208
52 14 296
52 15 146
52 16 173
52 17 313
52 18 117
52 19 186
52 20 75
52 21 109
52 22 183
52 23 174
52 24 156
52 25 174
52 26 239
52 27 116
52 28 269
52 29 111
52 30 200
52 31 10
52 32 118
52 33 181
52 34 185
52 35 30
52 36 223
52 37 66
52 38 206
52 39 245
52 40 32
52 41 158
52 42 230
52 43 67
52 44 215
52 45 17
52 46 152
52 47 237
52 48 215
52 49 226
52 50 233
52 51 30
53 0 141
53 1 169
53 2 98
53 3 28
53 4 165
53 5 75
53 6 214
53 7 65
53 8 289
53 9 309
53 10 263
53 11 2
53 12 180
53 13 19
53 14 84
53 15 127
53 16 183
53 17 131
53 18 320
53 19 32
53 20 187
53 21 145
53 22 294
53 23 296
53 24 148
53 25 294
53 26 318
53 27 208
53 28 83
53 29 277
53 30 39
53 31 195
53 32 301
53 33 211
53 34 202
53 35 100
53 36 146
53 37 281
53 38 215
53 39 219
53 40 33
53 41 107
53 42 18
53 43 237
53 44 92
53 45 222
53 46 101
53 47 262
53 48 34
53 49 118
53 50 303
53 51 203
53 52 121
54 0 217
54 1 66
54 2 261
54 3 3
54 4 137
54 5 276
54 6 225
54 7 282
54 8 146
54 9 244
54 10 156
54 11 189
54 12 233
54 13 65
54 14 25
54 15 237
54 16 21
54 17 113
54 18 66
54 19 211
54 20 202
54 21 93
54 22 205
54 23 216
54 24 208
54 25 121
54 26 199
54 27 116
54 28 27
54 29 13
54 30 243
54 31 129
54 32 66
54 33 60
54 34 25
54 35 304
54 36 95
54 37 251
54 38 311
54 39 200
54 40 282
54 41 125
54 42 56
54 43 184
54 44 88
54 45 208
54 46 30
54 47 70
54 48 105
54 49 318
54 50 11
54 51 174
54 52 202
54 53 37
55 0 77
55 1 60
55 2 192
55 3 301
55 4 230
55 5 182
55 6 59
55 7 46
55 8 92
55 9 271
55 10 35
55 11 152
55 12 109
55 13 161
55 14 287
55 15 133
55 16 78
55 17 237
55 18 37
55 19 291
55 20 111
55 21 27
55 22 180
55 23 72
55 24 19
55 25 259
55 26 97
55 27 67
55 28 148
55 29 43
55 30 272
55 31 138
55 32 116
55 33 88
55 34 274
55 35 318
55 36 268
55 37 249
55 38 30
55 39 22
55 40 195
55 41 253
55 42 202
55 43 113
55 44 270
55 45 39
55 46 138
55 47 15
55 48 55
55 49 97
55 50 274
55 51 18
55 52 21
55 53 304
55 54 229
56 0 151
56 1 271
56 2 57
56 3 286
56 4 194
56 5 305
56 6 281
56 7 230
56 8 23
56 9 91
56 10 13
56 11 170
56 12 219
56 13 213
56 14 168
56 15 57
56 16 80
56 17 274
56 18 281
56 19 116
56 20 134
56 21 183
56 22 50
56 23 31
56 24 76
56 25 141
56 26 272
56 27 216
56 28 17
56 29 301
56 30 100
56 31 281
56 32 280
56 33 202
56 34 117
56 35 132
56 36 143
56 37 100
56 38 299
56 39 233
56 40 156
56 41 281
56 42 285
56 43 225
56 44 312
56 45 7
56 46 153
56 47 290
56 48 124
56 49 15
56 50 313
56 51 126
56 52 82
56 53 136
56 54 162
56 55 71
57 0 156
57 1 291
57 2 20
57 3 57
57 4 84
57 5 90
57 6 91
57 7 121
57 8 167
57 9 22
57 10 151
57 11 242
57 12 93
57 13 264
57 14 273
57 15 188
57 16 126
57 17 251
57 18 59
57 19 176
57 20 94
57 21 319
57 22 29
57 23 1
57 24 36
57 25 80
57 26 264
57 27 146
57 28 23
57 29 120
57 30 86
57 31 138
57 32 282
57 33 249
57 34 130
57 35 54
57 36 271
57 37 82
57 38 188
57 39 283
57 40 239
57 41 138
57 42 93
57 43 175
57 44 213
57 45 137
57 46 68
57 47 123
57 48 132
57 49 177
57 50 289
57 51 170
57 52 62
57 53 39
57 54 89
57 55 194
57 56 204
58 0 236
58 1 220
58 2 31
58 3 120
58 4 196
58 5 134
58 6 258
58 7 241
58 8 237
58 9 252
58 10 254
58 11 135
58 12 13
58 13 73
58 14 174
58 15 255
58 16 250
58 17 311
58 18 94
58 19 228
58 20 277
58 21 88
58 22 232
58 23 240
58 24 258
58 25 96
58 26 167
58 27 6
58 28 164
58 29 16
58 30 137
58 31 131
58 32 48
58 33 7
58 34 266
58 35 194
58 36 229
58 37 138
58 38 11
58 39 110
58 40 45
58 41 70
58 42 225
58 43 227
58 44 317
58 45 45
58 46 53
58 47 157
58 48 38
58 49 221
58 50 174
58 51 272
58 52 266
58 53 212
58 54 295
58 55 270
58 56 128
58 57 177
59 0 317
59 1 173
59 2 14
59 3 57
59 4 290
59 5 248
59 6 204
59 7 38
59 8 91
59 9 263
59 10 254
59 11 312
59 12 183
59 13 144
59 14 40
59 15 148
59 16 67
59 17 65
59 18 249
59 19 271
59 20 114
59 21 278
59 22 172
59 23 89
59 24 17
59 25 137
59 26 44
59 27 316
59 28 36
59 29 6
59 30 183
59 31 138
59 32 41
59 33 201
59 34 156
59 35 272
59 36 113
59 37 203
59 38 8
59 39 249
59 40 119
59 41 105
59 42 207
59 43 170
59 44 254
59 45 27
59 46 260
59 47 225
59 48 141
59 49 261
59 50 181
59 51 38
59 52 218
59 53 271
59 54 123
59 55 291
59 56 295
59 57 122
59 58 280
60 0 168
60 1 143
60 2 43
60 3 30
60 4 301
60 5 12
60 6 291
60 7 215
60 8 105
60 9 43
60 10 28
60 11 311
60 12 304
60 13 137
60 14 113
60 15 300
60 16 26
60 17 50
60 18 41
60 19 138
60 20 58
60 21 159
60 22 173
60 23 46
60 24 200
60 25 266
60 26 283
60 27 133
60 28 232
60 29 248
60 30 283
60 31 176
60 32 279
60 33 72
60 34 84
60 35 143
60 36 315
60 37 274
60 38 131
60 39 208
60 40 195
60 41 255
60 42 35
60 43 37
60 44 126
60 45 125
60 46 220
60 47 101
60 48 239
60 49 111
60 50 319
60 51 156
60 52 280
60 53 194
60 54 34
60 55 35
60 56 189
60 57 244
60 58 200
60 59 303
61 0 166
61 1 285
61 2 4
61 3 83
61 4 189
61 5 20
61 6 104
61 7 306
61 8 6
61 9 301
61 10 69
61 11 270
61 12 21
61 13 78
61 14 59
61 15 78
61 16 110
61 17 300
61 18 114
61 19 195
61 20 142
61 21 142
61 22 93
61 23 295
61 24 45
61 25 90
61 26 202
61 27 320
61 28 148
61 29 276
61 30 182
61 31 7
61 32 119
61 33 123
61 34 130
61 35 269
61 36 278
61 37 13
61 38 243
61 39 308
61 40 227
61 41 2
61 42 47
61 43 65
61 44 38
61 45 286
61 46 315
61 47 142
61 48 47
61 49 207
61 50 85
61 51 306
61 52 177
61 53 23
61 54 142
61 55 83
61 56 117
61 57 152
61 58 91
61 59 151
61 60 174
62 0 34
62 1 228
62 2 177
62 3 103
62 4 108
62 5 289
62 6 8
62 7 58
62 8 277
62 9 53
62 10 309
62 11 190
62 12 90
62 13 123
62 14 118
62 15 284
62 16 261
62 17 1
62 18 79
62 19 302
62 20 49
62 21 275
62 22 310
62 23 178
62 24 179
62 25 125
62 26 247
62 27 206
62 28 239
62 29 299
62 30 138
62 31 218
62 32 67
62 33 70
62 34 157
62 35 5
62 36 315
62 37 69
62 38 191
62 39 303
62 40 10
62 41 313
62 42 253
62 43 231
62 44 218
62 45 49
62 46 261
62 47 268
62 48 290
62 49 74
62 50 258
62 51 95
62 52 101
62 53 251
62 54 286
62 55 229
62 56 31
62 57 70
62 58 201
62 59 131
62 60 126
62 61 261
63 0 69
63 1 284
63 2 252
63 3 21
63 4 312
63 5 115
63 6 269
63 7 186
63 8 177
63 9 56
63 10 306
63 11 33
63 12 239
63 13 106
63 14 302
63 15 113
63 16 7
63 17 146
63 18 13
63 19 256
63 20 12
63 21 280
63 22 114
63 23 170
63 24 244
63 25 226
63 26 283
63 27 265
63 28 18
63 29 34
63 30 205
63 31 56
63 32 235
63 33 7
63 34 162
63 35 226
63 36 157
63 37 58
63 38 280
63 39 134
63 40 79
63 41 41
63 42 54
63 43 188
63 44 246
63 45 157
63 46 256
63 47 78
63 48 198
63 49 285
63 50 71
63 51 207
63 52 250
63 53 27
63 54 7
63 55 33
63 56 175
63 57 95
63 58 96
63 59 186
63 60 158
63 61 269
63 62 244
64 0 297
64 1 200
64 2 141
64 3 80
64 4 232
64 5 6
64 6 286
64 7 211
64 8 313
64 9 179
64 10 314
64 11 137
64 12 90
64 13 188
64 14 243
64 15 40
64 16 23
64 17 174
64 18 196
64 19 238
64 20 53
64 21 306
64 22 237
64 23 241
64 24 215
64 25 104
64 26 314
64 27 14
64 28 307
64 29 240
64 30 14
64 31 85
64 32 106
64 33 135
64 34 206
64 35 85
64 36 155
64 37 67
64 38 42
64 39 169
64 40 3
64 41 16
64 42 152
64 43 293
64 44 149
64 45 281
64 46 270
64 47 29
64 48 241
64 49 67
64 50 23
64 51 111
64 52 275
64 53 232
64 54 233
64 55 263
64 56 72
64 57 135
64 58 209
64 59 97
64 60 74
64 61 51
64 62 35
64 63 12
65 0 197
65 1 222
65 2 304
65 3 101
65 4 255
65 5 165
65 6 136
65 7 235
65 8 130
65 9 36
65 10 182
65 11 118
65 12 175
65 13 135
65 14 81
65 15 106
65 16 162
65 17 205
65 18 114
65 19 117
65 20 2
65 21 202
65 22 203
65 23 159
65 24 72
65 25 187
65 26 82
65 27 289
65 28 28
65 29 236
65 30 25
65 31 158
65 32 210
65 33 70
65 34 41
65 35 274
65 36 182
65 37 118
65 38 272
65 39 193
65 40 279
65 41 39
65 42 31
65 43 78
65 44 218
65 45 83
65 46 308
65 47 29
65 48 167
65 49 208
65 50 271
65 51 289
65 52 100
65 53 247
65 54 139
65 55 64
65 56 89
65 57 38
65 58 139
65 59 151
65 60 103
65 61 107
65 62 86
65 63 237
65 64 201
66 0 42
66 1 25
66 2 55
66 3 150
66 4 104
66 5 218
66 6 223
66 7 181
66 8 195
66 9 139
66 10 278
66 11 144
66 12 270
66 13 16
66 14 121
66 15 200
66 16 315
66 17 277
66 18 310
66 19 180
66 20 304
66 21 39
66 22 212
66 23 246
66 24 19
66 25 64
66 26 188
66 27 149
66 28 256
66 29 303
66 30 238
66 31 210
66 32 24
66 33 150
66 34 172
66 35 181
66 36 71
66 37 19
66 38 305
66 39 247
66 40 130
66 41 46
66 42 194
66 43 162
66 44 65
66 45 122
66 46 45
66 47 292
66 48 152
66 49 112
66 50 206
66 51 91
66 52 267
66 53 124
66 54 26
66 55 172
66 56 104
66 57 187
66 58 297
66 59 147
66 60 42
66 61 313
66 62 146
66 63 154
66 64 117
66 65 130
67 0 121
67 1 1
67 2 107
67 3 202
67 4 275
67 5 174
67 6 255
67 7 202
67 8 3
67 9 76
67 10 30
67 11 78
67 12 126
67 13 136
67 14 67
67 15 155
67 16 76
67 17 126
67 18 31
67 19 81
67 20 87
67 21 166
67 22 277
67 23 91
67 24 146
67 25 95
67 26 202
67 27 155
67 28 320
67 29 34
67 30 47
67 31 27
67 32 136
67 33 207
67 34 173
67 35 68
67 36 193
67 37 118
67 38 221
67 39 259
67 40 310
67 41 133
67 42 50
67 43 1
67 44 128
67 45 253
67 46 216
67 47 122
67 48 141
67 49 278
67 50 192
67 51 241
67 52 264
67 53 132
67 54 264
67 55 108
67 56 171
67 57 222
67 58 20
67 59 161
67 60 261
67 61 147
67 62 174
67 63 140
67 64 279
67 65 236
67 66 148
68 0 147
68 1 71
68 2 262
68 3 243
68 4 239
68 5 280
68 6 274
68 7 22
68 8 248
68 9 259
68 10 288
68 11 295
68 12 230
68 13 154
68 14 124
68 15 168
68 16 180
68 17 87
68 18 106
68 19 223
68 20 245
68 21 39
68 22 236
68 23 261
68 24 203
68 25 259
68 26 14
68 27 261
68 28 259
68 29 166
68 30 179
68 31 203
68 32 158
68 33 247
68 34 67
68 35 194
68 36 107
68 37 250
68 38 25
68 39 228
68 40 23
68 41 266
68 42 173
68 43 229
68 44 132
68 45 92
68 46 318
68 47 174
68 48 217
68 49 72
68 50 145
68 51 156
68 52 74
68 53 289
68 54 171
68 55 15
68 56 228
68 57 166
68 58 192
68 59 167
68 60 189
68 61 306
68 62 27
68 63 209
68 64 190
68 65 149
68 66 81
68 67 294
69 0 296
69 1 174
69 2 305
69 3 102
69 4 147
69 5 120
69 6 22
69 7 222
69 8 82
69 9 202
69 10 242
69 11 309
69 12 20
69 13 175
69 14 222
69 15 272
69 16 223
69 17 144
69 18 284
69 19 272
69 20 142
69 21 87
69 22 244
69 23 214
69 24 287
69 25 219
69 26 201
69 27 107
69 28 262
69 29 274
69 30 231
69 31 200
69 32 1
69 33 319
69 34 118
69 35 201
69 36 65
69 37 68
69 38 18
69 39 167
69 40 187
69 41 96
69 42 131
69 43 291
69 44 95
69 45 161
69 46 111
69 47 87
69 48 27
69 49 124
69 50 298
69 51 129
69 52 27
69 53 105
69 54 227
69 55 279
69 56 65
69 57 98
69 58 168
69 59 280
69 60 221
69 61 307
69 62 31
69 63 14
69 64 268
69 65 29
69 66 281
69 67 15
69 68 304
