70
3 0 6
3 1 56
6 2 66
7 2 49
7 6 77
9 4 71
10 1 29
10 3 35
10 7 9
11 0 47
11 5 5
11 7 51
11 9 44
12 0 59
12 1 71
12 6 16
12 9 21
13 6 36
13 8 11
14 5 17
14 7 30
14 9 54
14 11 5
15 12 56
16 0 17
16 2 20
16 14 10
17 4 27
17 7 70
17 9 72
17 12 19
18 2 35
18 13 73
19 4 49
19 7 31
19 11 55
19 16 51
20 3 9
20 7 68
20 16 61
21 2 24
22 7 54
22 15 12
22 19 60
23 6 6
24 2 77
24 6 57
24 14 48
24 20 33
25 2 51
25 8 69
25 10 74
25 16 31
25 17 3
26 1 2
26 2 40
26 3 45
26 6 72
26 9 62
26 14 80
26 15 56
27 6 48
27 7 30
27 16 29
28 6 47
28 14 42
28 19 14
28 22 21
29 2 46
29 6 80
29 13 74
29 15 32
30 0 27
30 2 73
30 3 17
30 4 66
30 12 30
30 22 65
30 23 49
30 25 21
30 26 1
30 28 59
31 0 6
31 1 57
31 2 79
31 4 78
31 11 26
31 14 66
31 18 16
31 20 63
31 24 59
31 25 67
31 30 12
32 13 64
32 14 41
32 26 33
33 13 44
33 14 61
33 20 38
33 21 57
33 22 3
33 29 7
34 6 45
34 9 51
34 13 59
34 15 14
34 18 15
34 31 28
35 0 33
35 4 63
35 5 59
35 8 69
35 11 42
35 14 18
35 20 56
35 25 64
35 28 51
36 7 66
36 19 58
36 26 8
36 31 52
37 2 9
37 4 43
37 10 53
37 11 78
37 13 18
37 17 34
37 28 61
38 2 43
38 5 43
38 18 69
38 22 56
38 29 76
39 2 27
39 3 38
39 5 72
39 9 1
39 11 54
39 12 55
39 16 71
39 22 7
39 24 7
39 29 33
39 32 78
39 33 30
39 36 76
39 37 22
40 1 11
40 11 76
40 12 66
40 23 23
40 27 32
40 28 68
40 29 61
41 5 49
41 16 12
41 19 47
41 25 56
41 31 46
41 33 57
41 35 52
42 19 66
42 20 23
42 23 45
42 36 34
42 41 19
43 8 48
43 12 61
43 14 69
43 16 13
43 31 78
43 35 41
43 42 47
44 1 71
44 8 53
44 15 33
44 18 43
44 22 12
44 23 15
44 27 35
44 31 72
44 35 78
44 38 18
44 39 48
44 43 74
45 14 34
45 16 40
45 23 22
45 26 14
45 30 30
45 33 26
45 41 21
46 6 29
46 8 49
46 10 27
46 11 26
46 19 38
46 24 32
46 25 80
46 26 35
46 34 27
46 35 75
46 39 37
47 2 40
47 11 44
47 12 60
47 22 20
47 24 21
47 30 18
47 36 43
47 40 25
48 3 27
48 5 48
48 6 45
48 7 61
48 19 36
48 28 75
48 30 36
48 33 11
48 45 76
49 17 80
49 20 2
49 22 57
49 23 63
49 29 77
49 34 50
49 41 22
49 42 50
49 44 26
49 46 77
50 9 1
50 21 70
50 24 9
50 29 62
50 32 11
50 33 66
50 35 62
50 37 10
50 46 71
50 49 11
51 1 42
51 3 41
51 6 23
51 8 61
51 14 18
51 18 1
51 27 79
51 30 37
51 32 40
51 34 28
51 38 49
51 41 79
51 44 18
52 3 72
52 4 38
52 8 15
52 11 70
52 14 69
52 24 6
52 27 28
52 29 23
52 32 8
52 34 67
52 46 20
52 47 72
52 50 77
53 4 57
53 5 62
53 6 6
53 9 37
53 23 27
53 25 29
53 26 7
53 27 35
53 31 80
53 48 25
53 49 32
53 51 6
54 8 32
54 15 44
54 17 17
54 25 30
54 30 43
54 41 31
54 52 76
54 53 70
55 6 16
55 7 51
55 8 19
55 10 46
55 30 16
55 31 26
55 39 66
55 45 27
55 48 76
55 50 34
55 52 41
56 7 65
56 8 8
56 10 32
56 12 52
56 13 21
56 16 42
56 22 27
56 32 8
56 39 57
56 47 44
56 48 53
56 52 76
57 0 57
57 17 45
57 24 40
57 26 15
57 32 37
57 33 23
57 42 20
57 46 62
57 48 53
57 51 58
57 56 59
58 7 47
58 14 62
58 33 53
58 36 45
58 39 64
58 47 47
58 55 76
58 56 13
59 8 50
59 12 5
59 15 58
59 18 35
59 28 80
59 37 56
59 42 51
59 44 77
59 46 15
59 52 16
59 55 56
60 23 66
60 25 46
60 28 48
60 31 50
60 32 17
60 43 59
60 45 25
60 57 16
61 4 8
61 9 20
61 11 2
61 12 45
61 24 37
61 31 45
61 33 59
61 39 62
61 40 18
61 44 35
61 52 67
61 56 1
62 1 21
62 9 4
62 14 78
62 18 43
62 20 20
62 21 28
62 28 56
62 33 6
62 54 3
62 61 26
63 1 45
63 9 27
63 19 65
63 23 65
63 25 58
63 32 14
63 35 78
63 39 31
63 45 40
64 6 24
64 7 43
64 8 50
64 17 34
64 27 39
64 40 73
64 45 52
64 47 25
64 51 16
64 53 25
64 61 57
64 63 31
65 4 58
65 9 24
65 10 38
65 16 14
65 23 44
65 30 64
65 54 3
65 56 71
65 57 2
65 60 50
66 5 72
66 12 67
66 14 65
66 15 18
66 18 43
66 25 59
66 27 10
66 37 43
66 38 36
66 40 21
66 42 61
66 48 17
66 52 51
66 53 57
66 54 72
66 55 34
66 60 75
66 63 63
67 5 30
67 14 16
67 21 22
67 37 10
67 39 77
67 55 17
67 60 5
67 63 4
68 6 13
68 7 49
68 8 71
68 12 71
68 13 55
68 22 30
68 24 52
68 28 61
68 35 9
69 3 27
69 8 69
69 24 56
69 25 78
69 33 27
69 37 30
69 39 25
69 40 38
69 43 24
69 44 7
69 47 6
69 52 27
69 58 35
