60
2 1 36
3 0 7
3 1 27
3 2 46
4 1 77
5 3 79
5 4 20
6 0 74
6 2 27
6 4 25
6 5 14
7 1 77
7 2 3
7 3 16
7 4 20
7 5 11
8 0 50
8 2 25
8 3 45
8 4 4
8 5 46
8 6 54
9 2 39
9 3 80
9 4 13
9 5 3
9 7 13
9 8 41
10 0 54
10 1 66
10 2 34
10 5 4
10 6 56
10 8 74
10 9 31
11 4 67
11 5 22
11 6 69
11 8 62
11 9 79
11 10 15
12 0 51
12 2 67
12 3 26
12 4 27
12 5 66
12 8 2
12 9 43
12 11 47
13 0 32
13 2 2
13 3 71
13 5 72
13 7 80
13 8 18
13 9 16
13 10 23
13 11 66
13 12 45
14 0 20
14 1 15
14 2 13
14 6 7
14 7 44
14 8 76
14 9 3
14 10 62
14 11 76
15 2 28
15 3 30
15 5 45
15 6 31
15 8 56
15 13 64
16 0 29
16 3 33
16 7 73
16 9 61
16 10 45
16 12 80
16 14 76
16 15 36
17 0 1
17 1 78
17 4 51
17 5 61
17 6 61
17 7 52
17 9 14
17 10 72
17 11 23
17 12 33
17 16 78
18 1 65
18 2 69
18 3 42
18 4 55
18 5 55
18 8 53
18 14 46
18 15 56
19 0 68
19 1 28
19 4 14
19 6 14
19 9 22
19 10 19
19 11 49
19 12 34
19 13 13
19 15 39
19 17 46
19 18 45
20 2 46
20 7 50
20 8 19
20 11 18
20 12 36
20 13 44
20 15 73
20 16 60
21 1 29
21 3 25
21 4 18
21 5 26
21 6 59
21 7 25
21 9 35
21 12 53
21 13 21
21 15 75
21 16 56
21 19 66
21 20 56
22 1 65
22 2 78
22 4 72
22 11 69
22 12 49
22 13 31
22 14 42
22 15 2
22 20 42
22 21 13
23 1 34
23 2 32
23 5 33
23 6 63
23 8 41
23 12 56
23 13 12
23 14 65
23 15 80
23 16 45
23 19 30
23 20 29
23 21 34
24 0 8
24 1 4
24 4 9
24 8 58
24 11 14
24 12 36
24 13 1
24 14 45
24 15 7
24 16 36
24 18 3
24 19 45
24 20 64
24 21 46
24 22 32
25 0 65
25 1 74
25 4 53
25 7 20
25 8 54
25 9 32
25 11 47
25 13 12
25 14 43
25 15 32
25 17 25
25 18 36
25 21 55
25 22 10
25 23 24
26 0 70
26 3 39
26 8 60
26 9 41
26 11 10
26 12 22
26 14 63
26 15 8
26 16 39
26 17 11
26 18 78
26 19 18
26 20 46
26 24 71
27 2 21
27 4 38
27 5 73
27 6 34
27 7 66
27 10 16
27 11 80
27 13 18
27 14 72
27 15 32
27 16 24
27 17 49
27 18 6
27 21 68
27 25 70
27 26 79
28 0 15
28 1 80
28 3 14
28 4 32
28 6 40
28 7 54
28 8 64
28 9 51
28 11 33
28 13 51
28 14 16
28 15 30
28 16 69
28 17 25
28 19 46
28 20 2
28 21 30
28 23 50
28 26 33
28 27 52
29 2 34
29 3 33
29 5 61
29 6 39
29 7 42
29 9 67
29 10 48
29 13 48
29 14 50
29 16 65
29 18 35
29 19 34
29 21 80
29 22 34
29 23 21
29 24 48
29 25 32
29 26 38
29 28 49
30 0 67
30 1 48
30 2 29
30 3 58
30 5 70
30 6 25
30 7 79
30 8 42
30 9 64
30 10 21
30 11 68
30 12 13
30 13 36
30 16 37
30 18 6
30 19 47
30 20 16
30 22 13
30 26 8
30 27 24
30 28 50
30 29 24
31 0 38
31 1 72
31 2 55
31 3 74
31 4 60
31 5 54
31 6 22
31 8 72
31 10 66
31 11 62
31 12 64
31 14 29
31 19 48
31 22 54
31 23 52
31 24 3
31 29 65
31 30 27
32 0 39
32 1 29
32 2 71
32 5 4
32 7 39
32 8 29
32 9 77
32 10 4
32 13 78
32 17 16
32 18 36
32 19 56
32 20 34
32 21 45
32 25 54
32 26 67
32 27 2
32 28 23
32 31 44
33 0 37
33 3 70
33 4 67
33 7 56
33 9 39
33 13 22
33 14 18
33 16 40
33 17 72
33 18 57
33 19 11
33 20 42
33 21 14
33 22 73
33 24 66
33 26 78
33 27 39
33 29 49
33 30 2
33 32 43
34 0 79
34 1 67
34 2 30
34 5 9
34 7 62
34 9 57
34 11 35
34 12 79
34 13 64
34 15 32
34 16 70
34 17 29
34 18 19
34 19 19
34 20 25
34 21 35
34 23 33
34 26 36
34 29 72
34 31 16
34 32 63
35 0 78
35 1 12
35 3 32
35 4 19
35 5 72
35 6 73
35 9 38
35 11 32
35 12 42
35 13 11
35 15 79
35 16 45
35 19 20
35 20 76
35 22 54
35 23 63
35 24 20
35 25 58
35 26 76
35 28 43
35 31 42
35 34 57
36 0 47
36 1 33
36 2 68
36 3 38
36 7 75
36 8 9
36 9 66
36 11 25
36 12 28
36 15 30
36 17 62
36 21 37
36 22 49
36 23 28
36 24 10
36 25 53
36 27 60
36 28 10
36 29 10
36 30 9
36 31 58
36 33 10
36 34 2
36 35 69
37 0 66
37 2 21
37 4 27
37 5 47
37 6 47
37 7 14
37 8 57
37 10 8
37 11 67
37 12 73
37 13 9
37 14 78
37 15 8
37 16 47
37 19 19
37 20 21
37 21 21
37 23 56
37 25 50
37 27 54
37 28 72
37 29 61
37 30 65
37 32 73
37 33 56
37 35 69
37 36 50
38 0 59
38 2 58
38 3 66
38 5 61
38 7 75
38 9 8
38 10 34
38 11 65
38 13 14
38 14 36
38 18 3
38 20 23
38 25 17
38 26 6
38 27 8
38 30 31
38 31 55
38 32 16
38 34 67
38 36 71
39 0 28
39 2 30
39 5 63
39 6 22
39 8 1
39 9 29
39 10 70
39 11 20
39 12 43
39 13 56
39 15 2
39 16 13
39 17 10
39 19 61
39 20 61
39 21 36
39 23 7
39 24 32
39 27 4
39 28 28
39 32 55
39 33 55
39 34 29
39 36 41
39 37 5
39 38 71
40 0 61
40 1 60
40 2 2
40 3 41
40 4 51
40 5 40
40 8 27
40 14 40
40 16 33
40 18 58
40 19 51
40 23 74
40 25 64
40 33 74
40 34 24
40 36 67
40 37 41
40 38 71
40 39 56
41 0 73
41 1 62
41 3 47
41 4 11
41 5 63
41 8 28
41 9 15
41 13 52
41 14 16
41 15 74
41 16 16
41 17 18
41 18 11
41 19 14
41 20 4
41 22 9
41 23 42
41 25 35
41 27 55
41 28 51
41 29 22
41 30 6
41 32 2
41 33 9
41 35 18
41 36 27
41 37 65
41 38 44
41 40 47
42 2 5
42 4 57
42 5 35
42 6 48
42 7 27
42 9 65
42 11 10
42 13 12
42 15 27
42 18 57
42 19 10
42 20 50
42 21 22
42 22 63
42 23 60
42 28 57
42 29 16
42 31 60
42 34 11
42 35 36
42 36 1
42 37 9
42 40 38
42 41 22
43 0 41
43 1 48
43 2 25
43 3 40
43 6 16
43 7 64
43 10 61
43 12 49
43 14 34
43 15 25
43 17 59
43 18 68
43 21 18
43 22 22
43 23 18
43 25 27
43 26 28
43 28 8
43 30 12
43 32 66
43 33 39
43 34 51
43 35 56
43 37 61
43 38 64
44 0 14
44 1 28
44 2 59
44 7 71
44 8 14
44 10 19
44 11 11
44 12 22
44 14 55
44 17 68
44 20 46
44 21 34
44 22 54
44 23 59
44 25 31
44 26 9
44 28 67
44 29 52
44 30 58
44 31 50
44 32 59
44 33 42
44 34 37
44 37 78
44 39 63
44 40 80
44 41 26
44 42 49
45 0 29
45 1 74
45 4 27
45 6 20
45 7 41
45 10 21
45 11 64
45 13 72
45 14 78
45 16 38
45 17 28
45 18 16
45 19 19
45 20 30
45 22 24
45 25 45
45 26 44
45 27 25
45 31 13
45 33 10
45 34 45
45 35 48
45 36 77
45 37 10
45 39 20
45 40 70
45 42 52
46 1 55
46 2 14
46 3 24
46 4 20
46 5 9
46 6 12
46 8 42
46 10 50
46 11 73
46 12 78
46 17 66
46 19 9
46 21 1
46 22 58
46 23 13
46 25 3
46 27 12
46 29 23
46 30 9
46 32 15
46 34 71
46 36 44
46 37 80
46 39 3
46 40 56
46 42 62
46 43 4
46 44 68
47 0 54
47 1 52
47 2 38
47 5 32
47 7 35
47 11 45
47 13 71
47 14 18
47 17 7
47 18 66
47 20 4
47 21 64
47 22 24
47 23 53
47 24 17
47 27 14
47 28 66
47 29 34
47 30 77
47 33 55
47 34 58
47 35 33
47 36 79
47 37 67
47 38 59
47 39 1
47 42 17
47 44 25
47 45 38
47 46 58
48 1 54
48 2 6
48 3 24
48 5 38
48 6 15
48 7 8
48 10 15
48 11 49
48 12 59
48 13 22
48 14 52
48 15 62
48 17 32
48 18 62
48 19 60
48 20 49
48 21 61
48 22 2
48 24 65
48 27 71
48 28 74
48 32 78
48 33 12
48 34 20
48 36 57
48 38 62
48 41 39
48 42 38
48 46 58
49 1 7
49 2 59
49 3 42
49 5 17
49 8 38
49 10 28
49 11 52
49 12 54
49 13 16
49 14 35
49 15 64
49 17 7
49 19 37
49 20 64
49 24 34
49 25 78
49 26 53
49 28 66
49 29 79
49 31 47
49 32 14
49 33 7
49 34 26
49 36 46
49 40 29
49 41 74
49 42 80
49 43 75
50 1 14
50 3 6
50 4 21
50 5 56
50 6 46
50 7 16
50 8 25
50 9 40
50 11 74
50 15 27
50 16 62
50 17 40
50 21 55
50 22 14
50 23 1
50 25 43
50 26 20
50 27 39
50 28 54
50 29 48
50 30 61
50 31 46
50 33 5
50 34 11
50 35 61
50 36 11
50 37 56
50 39 53
50 41 41
50 42 6
50 43 27
50 44 36
50 46 24
50 47 3
50 48 78
50 49 66
51 1 44
51 5 37
51 7 12
51 9 4
51 10 29
51 11 22
51 12 6
51 14 22
51 16 22
51 17 69
51 18 37
51 19 67
51 24 65
51 25 73
51 30 51
51 31 69
51 34 19
51 35 64
51 36 78
51 38 30
51 40 45
51 41 5
51 42 33
51 43 58
51 44 60
51 46 20
51 47 4
51 48 20
51 50 29
52 1 11
52 2 46
52 5 47
52 6 17
52 7 38
52 9 21
52 11 24
52 14 63
52 16 51
52 17 46
52 18 52
52 19 31
52 20 66
52 21 26
52 22 38
52 25 56
52 26 76
52 27 24
52 28 78
52 30 36
52 31 40
52 32 72
52 33 7
52 35 43
52 37 35
52 41 44
52 43 35
52 44 53
52 45 56
52 47 9
52 49 13
52 50 73
53 0 67
53 1 12
53 2 69
53 6 35
53 7 64
53 8 34
53 9 59
53 11 76
53 13 63
53 14 57
53 16 20
53 19 66
53 20 3
53 22 6
53 24 12
53 25 42
53 28 9
53 29 25
53 30 2
53 31 2
53 33 46
53 36 66
53 37 65
53 39 5
53 40 42
53 41 60
53 42 72
53 43 52
53 48 16
53 49 5
53 51 78
53 52 63
54 2 16
54 4 35
54 5 6
54 6 78
54 8 20
54 10 73
54 11 35
54 15 38
54 16 42
54 17 57
54 20 76
54 21 57
54 22 47
54 26 35
54 31 13
54 32 41
54 33 48
54 34 47
54 35 72
54 36 54
54 37 61
54 38 30
54 39 67
54 41 25
54 42 41
54 44 45
54 45 70
54 47 44
54 48 23
54 49 71
54 50 67
54 51 49
54 52 78
55 2 31
55 3 71
55 4 56
55 5 42
55 6 76
55 7 16
55 10 39
55 11 69
55 14 44
55 17 26
55 18 30
55 19 79
55 20 16
55 22 58
55 24 6
55 27 68
55 29 77
55 34 40
55 36 32
55 37 44
55 38 50
55 40 22
55 41 38
55 44 26
55 45 54
55 48 27
55 49 68
55 50 38
55 51 61
55 52 74
56 0 29
56 1 68
56 2 21
56 3 26
56 4 74
56 7 73
56 8 20
56 12 37
56 14 38
56 16 11
56 17 7
56 18 41
56 19 79
56 20 24
56 23 75
56 24 11
56 25 42
56 27 79
56 32 67
56 37 2
56 38 75
56 39 54
56 40 62
56 41 31
56 43 79
56 44 35
56 45 10
56 46 77
56 48 65
56 49 55
56 50 14
56 51 46
56 52 54
56 53 20
56 54 39
56 55 2
57 0 10
57 5 2
57 7 7
57 8 40
57 9 77
57 10 60
57 12 26
57 13 36
57 14 17
57 16 66
57 17 37
57 19 59
57 21 15
57 23 38
57 26 24
57 27 11
57 28 51
57 29 38
57 30 72
57 32 76
57 33 5
57 35 9
57 36 74
57 37 48
57 38 58
57 42 8
57 43 62
57 46 74
57 47 10
57 48 13
57 49 41
57 51 15
57 54 66
58 1 48
58 2 56
58 3 79
58 4 35
58 5 17
58 7 27
58 10 65
58 11 64
58 12 52
58 14 69
58 16 26
58 19 76
58 20 32
58 21 73
58 22 74
58 23 15
58 24 74
58 26 16
58 31 3
58 32 55
58 33 20
58 35 56
58 42 75
58 44 7
58 45 36
58 47 20
58 49 27
58 50 56
58 52 58
58 56 42
59 0 65
59 1 79
59 3 28
59 4 71
59 5 29
59 7 37
59 9 45
59 11 8
59 12 70
59 16 41
59 17 58
59 18 80
59 19 7
59 20 39
59 22 26
59 23 70
59 25 51
59 27 49
59 28 31
59 30 36
59 32 59
59 35 25
59 36 1
59 37 58
59 41 22
59 47 71
59 49 69
59 50 70
59 53 29
59 54 79
59 55 70
59 56 11
59 58 52
