50
3 1 70
4 0 37
4 2 23
4 3 70
5 2 46
5 4 1
6 1 32
6 4 60
7 0 40
7 2 27
7 6 72
8 0 39
8 2 36
8 3 74
8 4 67
8 7 61
9 0 78
9 5 37
9 6 35
10 0 24
10 2 25
10 3 17
10 4 11
10 6 40
10 7 66
10 8 50
10 9 36
11 0 1
11 1 11
11 2 33
11 7 68
11 8 55
11 10 34
12 1 45
12 4 51
12 5 52
12 6 67
12 8 33
12 9 43
13 1 34
13 4 42
13 6 42
13 10 3
13 12 69
14 1 66
14 4 6
14 6 25
14 7 73
14 10 31
14 11 40
15 0 57
15 1 59
15 3 29
15 6 56
15 7 18
15 8 28
15 9 8
15 11 48
16 7 6
16 9 61
16 10 28
16 11 10
16 12 28
16 14 14
16 15 49
17 0 37
17 1 72
17 4 57
17 5 34
17 8 18
17 11 41
17 14 29
17 15 11
17 16 23
18 1 26
18 2 31
18 5 20
18 6 57
18 7 56
18 8 17
18 9 2
18 11 13
18 12 34
18 14 63
18 17 4
19 3 60
19 4 42
19 6 39
19 8 9
19 11 9
19 18 37
20 1 54
20 2 36
20 6 73
20 7 55
20 8 38
20 11 15
20 12 69
20 14 51
20 16 53
21 0 60
21 2 80
21 4 33
21 5 49
21 7 37
21 9 24
21 10 69
21 11 21
21 12 36
21 13 32
21 14 33
21 16 21
21 17 12
21 18 28
21 19 57
22 2 77
22 4 75
22 5 79
22 6 29
22 8 25
22 13 79
22 15 3
22 17 79
22 18 8
22 21 26
23 0 18
23 1 56
23 2 48
23 3 33
23 4 13
23 5 58
23 6 22
23 7 8
23 8 31
23 11 80
23 17 79
23 18 58
23 20 25
23 21 64
24 5 64
24 6 27
24 8 53
24 9 59
24 11 10
24 13 12
24 14 77
24 15 72
24 17 37
24 19 3
25 0 38
25 1 32
25 3 7
25 5 12
25 7 71
25 9 68
25 10 13
25 11 77
25 12 74
25 14 6
25 15 7
25 18 65
25 21 29
26 2 53
26 3 59
26 4 47
26 5 69
26 6 2
26 7 3
26 8 35
26 10 53
26 13 14
26 17 3
26 18 40
26 21 35
26 22 50
27 1 36
27 2 33
27 3 79
27 4 20
27 5 64
27 6 45
27 7 80
27 8 75
27 9 14
27 12 2
27 14 46
27 18 46
27 19 37
27 22 33
28 0 55
28 1 11
28 3 10
28 6 54
28 7 22
28 8 26
28 13 10
28 14 17
28 17 40
28 19 16
28 20 65
28 21 69
28 24 17
28 26 52
29 0 4
29 1 20
29 2 28
29 3 33
29 9 36
29 12 8
29 13 48
29 14 51
29 17 61
29 22 1
29 23 25
29 26 26
29 27 28
29 28 6
30 0 43
30 1 63
30 8 70
30 9 68
30 10 37
30 11 38
30 14 34
30 15 66
30 16 14
30 17 41
30 20 35
30 24 28
30 27 20
31 1 5
31 2 76
31 3 23
31 7 15
31 8 3
31 9 48
31 10 38
31 15 72
31 18 55
31 21 47
31 23 33
31 24 26
31 27 27
31 29 28
31 30 10
32 0 25
32 2 2
32 3 35
32 6 42
32 8 7
32 9 17
32 11 71
32 12 45
32 14 61
32 17 51
32 19 1
32 20 71
32 21 79
32 22 65
32 23 9
32 24 3
32 25 75
32 26 78
32 27 66
32 28 40
32 30 68
33 0 48
33 1 51
33 4 22
33 6 74
33 7 52
33 8 17
33 9 18
33 11 52
33 13 7
33 18 2
33 20 45
33 21 67
33 22 78
33 23 77
33 24 48
33 25 23
33 26 12
33 27 25
33 28 20
34 1 7
34 2 63
34 3 65
34 7 75
34 9 60
34 10 35
34 11 10
34 13 48
34 15 71
34 16 40
34 19 31
34 25 62
34 27 63
34 30 23
34 32 30
35 2 38
35 3 44
35 4 27
35 6 75
35 7 42
35 8 19
35 9 4
35 10 46
35 12 27
35 15 23
35 16 40
35 17 15
35 19 24
35 20 25
35 21 55
35 23 21
35 27 58
35 31 44
35 32 9
36 0 52
36 1 16
36 2 9
36 4 7
36 5 11
36 9 18
36 10 21
36 11 63
36 13 80
36 15 77
36 20 66
36 21 48
36 22 49
36 23 29
36 25 10
36 28 40
36 29 8
36 31 35
36 33 43
37 0 37
37 2 61
37 3 36
37 4 59
37 5 40
37 6 27
37 8 40
37 13 34
37 17 33
37 22 78
37 23 36
37 24 59
37 25 74
37 28 24
37 30 52
37 31 42
37 33 38
37 34 36
37 35 34
38 2 17
38 3 37
38 5 21
38 6 70
38 7 69
38 9 45
38 14 70
38 15 44
38 18 9
38 19 10
38 21 36
38 23 21
38 24 57
38 28 29
38 31 15
39 0 57
39 1 41
39 2 47
39 3 71
39 5 8
39 11 72
39 12 16
39 15 53
39 16 30
39 19 36
39 22 70
39 23 51
39 24 19
39 29 72
39 30 31
39 31 42
39 33 37
39 34 3
39 35 60
39 36 63
39 38 75
40 0 12
40 2 43
40 3 72
40 5 27
40 6 67
40 7 8
40 8 49
40 11 72
40 12 7
40 14 51
40 15 10
40 19 60
40 22 31
40 23 19
40 24 33
40 25 72
40 27 68
40 28 71
40 29 66
40 33 36
40 34 19
40 35 4
40 36 21
40 37 64
40 38 37
40 39 60
41 1 3
41 3 68
41 4 10
41 5 35
41 6 51
41 8 32
41 23 41
41 29 30
41 31 61
41 33 53
41 34 54
41 37 20
41 38 79
41 39 74
42 4 52
42 6 62
42 7 71
42 8 10
42 10 66
42 13 32
42 14 70
42 15 17
42 16 46
42 18 30
42 20 59
42 22 27
42 23 64
42 24 54
42 28 35
42 30 54
42 32 17
42 33 80
42 35 66
42 38 49
42 39 63
42 40 65
42 41 76
43 0 1
43 1 31
43 2 80
43 4 4
43 8 22
43 14 33
43 15 11
43 17 48
43 19 20
43 20 15
43 22 49
43 23 18
43 24 4
43 25 45
43 27 75
43 29 58
43 30 27
43 31 42
43 32 38
43 33 30
43 34 15
43 35 69
43 36 26
43 39 38
43 40 72
43 41 48
44 2 35
44 4 13
44 7 19
44 9 29
44 10 65
44 12 22
44 13 41
44 15 12
44 16 21
44 17 18
44 18 15
44 20 14
44 22 60
44 23 18
44 25 47
44 27 39
44 30 33
44 31 35
44 34 45
44 38 68
44 41 69
44 42 34
44 43 8
45 2 2
45 3 19
45 4 6
45 7 27
45 8 55
45 10 22
45 11 55
45 12 60
45 13 33
45 19 23
45 22 73
45 24 13
45 25 2
45 29 16
45 33 64
45 35 30
45 38 72
45 40 22
45 41 63
45 42 73
45 44 15
46 1 18
46 2 10
46 4 29
46 5 37
46 6 52
46 7 51
46 8 44
46 11 69
46 12 13
46 14 3
46 17 48
46 18 73
46 25 66
46 28 51
46 29 17
46 33 34
46 34 31
46 35 37
46 37 13
46 38 61
46 44 44
47 2 46
47 4 47
47 5 19
47 6 2
47 8 45
47 9 63
47 11 49
47 13 35
47 19 6
47 21 65
47 23 8
47 26 79
47 29 76
47 30 7
47 31 8
47 33 42
47 34 51
47 35 31
47 36 73
47 37 78
47 41 71
47 44 51
48 0 61
48 2 50
48 3 57
48 5 28
48 7 40
48 8 65
48 12 27
48 13 56
48 14 68
48 17 65
48 18 52
48 20 34
48 21 32
48 23 23
48 24 5
48 25 72
48 26 72
48 28 3
48 30 48
48 32 19
48 33 43
48 35 74
48 36 3
48 38 35
48 40 72
48 43 65
48 45 11
48 46 14
48 47 62
49 0 60
49 1 12
49 2 67
49 4 51
49 5 37
49 6 44
49 12 71
49 13 54
49 14 8
49 18 35
49 21 71
49 23 10
49 24 49
49 25 29
49 26 23
49 28 54
49 32 55
49 33 27
49 38 70
49 39 4
49 40 36
49 41 80
49 42 70
49 44 68
49 46 44
49 48 38
