50
2 0 5
3 2 8
5 1 2
5 2 5
6 3 9
6 4 7
7 2 9
8 0 10
8 1 8
8 6 1
9 0 4
9 2 4
10 6 5
10 8 4
11 5 9
11 6 3
12 8 4
13 7 3
13 8 1
13 9 6
14 10 8
14 12 9
15 8 7
16 0 6
16 2 7
16 4 2
16 6 4
16 7 5
16 10 8
16 12 10
16 14 9
16 15 3
17 2 10
17 4 4
17 7 4
17 9 2
17 11 2
18 11 6
18 14 7
19 2 5
19 7 4
19 10 6
19 13 9
19 16 7
19 17 8
20 0 6
20 15 8
21 4 1
21 5 7
21 7 1
21 8 7
21 9 4
21 11 3
21 18 4
21 20 5
22 5 9
22 9 5
22 15 6
22 17 3
23 4 5
23 7 6
23 9 6
23 14 8
23 18 5
24 8 1
24 9 8
24 10 8
24 13 6
24 15 3
24 17 5
24 20 1
25 0 5
25 1 10
25 6 10
25 13 5
25 14 5
25 23 5
26 3 8
26 12 5
26 15 1
26 19 8
26 23 2
26 24 1
27 0 5
27 2 3
27 3 8
27 4 9
27 9 9
27 17 4
27 20 4
27 21 3
27 22 4
28 1 4
28 6 6
28 8 1
28 9 10
28 11 1
28 14 3
28 15 5
28 19 8
28 24 9
28 25 10
28 26 7
29 7 3
29 9 1
29 10 3
29 11 3
29 17 4
29 20 1
30 1 1
30 4 1
30 5 1
30 8 6
30 10 10
30 11 10
30 13 6
30 15 5
30 20 7
30 23 5
30 24 5
30 28 6
31 3 5
31 4 2
31 8 5
31 15 8
31 26 8
31 30 5
32 4 2
32 9 4
32 10 10
32 12 2
32 13 4
32 16 3
32 18 3
32 20 1
32 21 4
32 22 1
32 28 5
32 30 3
33 0 10
33 4 4
33 5 4
33 7 3
33 11 4
33 18 1
33 21 2
33 26 4
33 29 2
33 30 2
34 3 8
34 8 5
34 14 1
34 18 1
34 19 7
34 20 1
34 26 7
34 27 7
34 32 1
35 2 1
35 12 9
35 13 7
35 16 1
35 18 2
35 19 4
35 24 7
35 25 4
35 28 3
35 31 5
35 34 8
36 1 8
36 8 1
36 9 9
36 10 1
36 13 8
36 14 4
36 20 1
36 25 1
36 29 8
36 31 5
37 7 6
37 8 3
37 9 5
37 10 6
37 16 6
37 17 8
37 20 3
37 24 8
37 27 3
37 29 7
37 35 2
38 1 8
38 15 9
38 25 7
38 26 7
38 27 9
38 30 5
38 32 3
39 0 8
39 1 5
39 9 4
39 10 9
39 11 4
39 14 3
39 15 3
39 17 1
39 20 3
39 27 9
39 28 3
39 30 8
39 31 5
39 33 5
39 34 2
39 36 3
39 37 6
40 1 8
40 3 10
40 5 2
40 7 5
40 9 1
40 11 4
40 14 10
40 19 3
40 20 9
40 22 9
40 29 8
40 34 9
40 35 5
41 3 9
41 6 8
41 9 3
41 11 2
41 13 6
41 15 3
41 20 5
41 22 5
41 23 10
41 25 4
41 30 1
41 33 2
41 34 9
41 37 7
41 39 8
42 2 5
42 4 1
42 8 5
42 19 3
42 21 5
42 24 6
42 28 1
42 32 7
42 37 6
42 38 3
42 39 6
43 1 7
43 5 3
43 16 8
43 17 1
43 18 10
43 19 4
43 20 5
43 22 1
43 25 5
43 26 9
43 27 3
43 29 5
43 31 3
43 32 4
43 33 9
44 1 7
44 3 1
44 6 4
44 7 4
44 8 1
44 9 9
44 14 3
44 17 2
44 21 3
44 25 10
44 26 3
44 27 4
44 31 7
44 33 5
44 35 6
44 36 4
44 37 1
44 39 6
45 3 8
45 5 6
45 6 4
45 8 3
45 9 7
45 12 10
45 13 1
45 15 7
45 16 1
45 18 1
45 20 8
45 24 9
45 26 9
45 27 6
45 29 4
45 31 3
45 35 3
45 38 8
45 42 7
46 6 4
46 7 2
46 12 1
46 18 8
46 20 2
46 21 9
46 23 2
46 28 7
46 29 2
46 31 6
46 36 4
46 37 7
46 44 2
47 3 1
47 8 9
47 11 5
47 13 8
47 18 2
47 22 2
47 28 1
47 29 4
47 34 5
47 41 5
47 42 4
47 44 2
48 1 10
48 3 5
48 5 9
48 7 6
48 9 9
48 13 10
48 16 5
48 18 9
48 20 2
48 22 2
48 26 9
48 28 2
48 38 1
48 40 1
48 41 10
49 0 1
49 1 5
49 2 2
49 3 2
49 7 2
49 12 1
49 14 2
49 19 3
49 20 9
49 22 6
49 23 9
49 24 7
49 25 10
49 26 9
49 33 6
49 34 1
49 39 8
49 40 10
49 43 3
49 46 2
