20
2 1 121
3 2 152
4 0 162
4 3 278
5 1 250
5 2 116
6 1 41
6 2 156
6 3 279
7 2 264
7 3 312
7 5 159
8 2 141
8 3 222
8 5 94
9 1 297
9 2 78
9 4 305
10 0 240
10 2 162
10 3 199
10 4 19
10 8 109
11 0 281
11 2 127
11 4 120
11 5 309
11 7 108
12 1 293
12 7 171
13 2 37
13 6 243
13 12 40
14 5 44
14 6 278
14 7 23
14 9 54
14 10 188
14 13 318
15 4 10
15 6 155
15 10 8
15 12 173
15 14 310
16 3 168
16 4 212
16 5 129
16 7 194
16 8 274
16 9 39
16 12 169
16 15 164
17 0 144
17 8 290
17 9 303
17 13 48
17 14 282
18 5 3
18 7 309
19 0 181
19 4 77
19 5 233
19 8 294
19 14 244
