60
2 1 5
3 0 6
3 1 5
3 2 6
4 0 4
4 1 6
4 3 4
5 0 9
5 1 3
5 3 2
5 4 4
6 0 1
6 2 8
6 3 6
6 4 5
6 5 10
7 1 2
7 3 4
7 5 1
7 6 8
8 2 7
8 3 10
8 4 2
8 5 6
8 6 7
8 7 1
9 0 9
9 1 8
9 3 4
9 5 3
9 6 5
9 7 4
10 1 1
10 2 8
10 3 10
10 6 4
10 8 7
10 9 5
11 0 10
11 2 2
11 4 10
11 6 7
11 9 2
11 10 6
12 1 2
12 2 4
12 6 4
12 7 1
12 8 2
12 11 2
13 0 9
13 1 3
13 4 1
13 5 8
13 8 8
13 12 1
14 0 6
14 5 4
14 7 2
14 8 1
14 9 5
14 10 1
14 12 1
15 0 4
15 1 9
15 4 10
15 6 2
15 7 4
15 8 4
15 9 6
15 10 9
15 13 4
16 8 8
16 9 2
16 14 6
17 0 3
17 2 8
17 3 1
17 5 10
17 6 10
17 11 7
17 13 1
17 14 2
17 15 1
17 16 9
18 1 5
18 2 3
18 3 3
18 4 1
18 5 9
18 8 6
18 10 2
18 12 2
18 13 7
18 16 2
18 17 6
19 0 4
19 3 5
19 8 9
19 9 6
19 10 2
19 11 9
19 13 3
19 14 4
19 15 8
19 18 2
20 2 3
20 3 4
20 4 2
20 5 1
20 6 9
20 10 4
20 11 7
20 15 3
20 16 7
21 1 10
21 6 6
21 7 3
21 8 6
21 12 10
21 14 10
21 15 7
21 17 2
21 19 10
22 1 1
22 2 3
22 3 9
22 4 1
22 5 2
22 6 9
22 8 1
22 10 10
22 14 6
22 18 8
22 20 8
23 3 8
23 4 9
23 5 7
23 11 10
23 13 10
23 14 5
23 15 6
23 20 7
23 22 9
24 1 10
24 3 6
24 4 5
24 5 5
24 6 6
24 7 1
24 8 8
24 9 6
24 10 4
24 14 3
24 15 7
24 18 2
25 0 8
25 1 9
25 4 9
25 5 6
25 6 5
25 7 5
25 8 9
25 9 3
25 11 9
25 13 1
25 17 9
25 20 3
25 21 6
25 22 8
25 23 4
25 24 6
26 0 6
26 1 6
26 2 6
26 3 7
26 5 3
26 6 6
26 7 3
26 9 8
26 12 2
26 14 9
26 18 9
26 23 1
26 25 3
27 0 3
27 1 6
27 2 10
27 5 2
27 6 2
27 8 8
27 9 2
27 10 7
27 11 2
27 15 5
27 17 10
27 18 9
27 22 8
27 23 3
27 25 1
28 1 7
28 2 5
28 3 8
28 4 3
28 5 9
28 12 1
28 13 9
28 14 10
28 16 2
28 19 5
28 20 3
28 22 6
28 24 4
28 25 5
29 0 8
29 1 2
29 3 5
29 4 1
29 6 5
29 9 4
29 13 1
29 14 9
29 16 5
29 17 5
29 19 5
29 20 8
29 26 8
30 0 8
30 1 8
30 4 6
30 5 1
30 7 3
30 9 4
30 11 7
30 12 9
30 13 10
30 14 9
30 18 6
30 21 1
30 23 6
30 25 5
31 1 2
31 4 6
31 5 7
31 7 9
31 10 10
31 13 5
31 15 9
31 16 2
31 19 10
31 20 5
31 23 2
31 24 10
32 0 1
32 4 1
32 6 2
32 7 2
32 10 1
32 14 7
32 15 1
32 18 8
32 20 3
32 21 10
32 23 6
32 24 1
32 26 4
32 28 9
32 31 10
33 1 5
33 3 9
33 6 2
33 10 10
33 14 3
33 15 1
33 18 6
33 21 2
33 22 6
33 23 8
33 25 9
33 26 7
33 30 4
33 32 1
34 6 4
34 8 7
34 9 8
34 14 2
34 19 3
34 21 7
34 22 2
34 23 3
34 24 2
34 25 8
34 26 6
34 29 7
34 32 4
34 33 6
35 2 8
35 3 9
35 5 5
35 6 10
35 8 10
35 11 2
35 15 9
35 16 7
35 17 7
35 18 2
35 19 2
35 21 10
35 25 6
35 26 8
35 27 3
35 28 1
35 31 6
35 34 2
36 0 4
36 2 6
36 3 3
36 5 2
36 8 4
36 10 4
36 11 3
36 12 5
36 14 7
36 15 3
36 18 9
36 19 5
36 21 1
36 24 2
36 25 1
36 27 10
36 28 2
36 29 4
36 31 2
36 32 5
36 33 9
36 34 10
37 1 1
37 3 3
37 5 10
37 8 5
37 9 7
37 13 8
37 15 1
37 17 5
37 22 6
37 23 6
37 25 3
37 28 10
37 29 10
37 35 4
38 0 4
38 4 5
38 9 4
38 10 9
38 11 8
38 12 10
38 15 6
38 16 3
38 17 2
38 18 1
38 19 4
38 20 3
38 24 7
38 26 1
38 29 10
38 31 9
38 32 4
38 34 8
38 37 5
39 1 2
39 2 4
39 4 5
39 5 5
39 7 10
39 9 5
39 14 9
39 15 3
39 16 7
39 17 4
39 20 1
39 22 6
39 23 1
39 26 10
39 27 9
39 30 8
39 32 9
40 5 7
40 10 1
40 12 9
40 13 1
40 16 6
40 18 6
40 20 4
40 22 5
40 23 1
40 24 1
40 27 10
40 29 3
40 30 10
40 33 10
40 34 5
40 35 5
40 36 4
40 37 7
40 38 4
41 2 3
41 4 4
41 6 10
41 8 1
41 12 9
41 13 2
41 14 8
41 15 2
41 17 7
41 21 5
41 22 10
41 25 4
41 26 2
41 27 8
41 30 4
41 31 4
41 32 7
41 33 1
41 38 7
41 39 4
41 40 10
42 1 7
42 2 6
42 6 1
42 7 6
42 11 4
42 12 4
42 15 10
42 16 2
42 17 7
42 19 10
42 22 8
42 23 4
42 24 8
42 29 6
42 30 8
42 33 1
42 34 3
42 36 9
42 38 3
42 39 8
42 40 6
43 1 3
43 3 10
43 4 7
43 7 7
43 8 3
43 11 1
43 16 3
43 19 7
43 20 10
43 22 4
43 24 2
43 25 4
43 28 8
43 33 7
43 34 3
43 35 6
43 39 5
43 40 7
43 41 9
43 42 4
44 0 10
44 1 9
44 2 2
44 4 6
44 8 6
44 9 9
44 10 8
44 11 10
44 12 5
44 17 6
44 18 6
44 19 1
44 22 7
44 24 10
44 25 5
44 32 6
44 33 7
44 37 9
44 41 3
45 0 8
45 1 7
45 4 2
45 6 1
45 7 10
45 8 1
45 9 1
45 10 9
45 11 8
45 12 8
45 14 10
45 15 4
45 16 8
45 18 4
45 19 8
45 22 10
45 24 7
45 27 8
45 28 4
45 31 6
45 32 4
45 34 3
45 38 6
45 39 1
45 42 4
45 43 9
45 44 5
46 0 4
46 1 10
46 2 5
46 3 4
46 6 9
46 8 5
46 10 4
46 14 5
46 15 9
46 17 1
46 18 6
46 21 6
46 22 7
46 23 2
46 28 2
46 30 5
46 32 1
46 38 5
46 41 9
46 42 10
46 44 1
47 2 4
47 6 7
47 10 9
47 12 7
47 13 6
47 17 10
47 18 6
47 19 6
47 28 10
47 31 9
47 36 4
47 37 7
47 39 10
47 42 1
47 45 10
48 11 6
48 12 2
48 13 10
48 14 10
48 16 3
48 17 1
48 22 2
48 23 4
48 27 5
48 28 8
48 29 1
48 30 10
48 32 2
48 33 4
48 34 2
48 36 5
48 39 2
48 41 6
48 43 4
48 44 2
48 47 7
49 2 3
49 3 4
49 6 7
49 10 2
49 13 7
49 16 3
49 18 9
49 20 7
49 21 2
49 27 4
49 28 10
49 30 2
49 34 10
49 36 8
49 37 9
49 39 2
49 46 9
49 47 7
49 48 6
50 0 7
50 1 6
50 3 9
50 4 4
50 5 6
50 9 10
50 11 5
50 13 2
50 14 10
50 16 7
50 22 9
50 23 1
50 25 2
50 28 8
50 31 8
50 42 6
50 44 9
50 46 7
50 48 4
50 49 3
51 0 7
51 3 7
51 4 5
51 7 7
51 11 7
51 12 9
51 14 7
51 17 2
51 18 10
51 23 10
51 29 2
51 31 2
51 33 4
51 38 6
51 40 1
51 42 3
51 44 3
51 47 3
51 50 10
52 2 8
52 4 7
52 8 5
52 10 5
52 11 6
52 13 8
52 17 1
52 20 1
52 21 1
52 25 1
52 26 3
52 27 5
52 29 5
52 32 5
52 34 7
52 36 9
52 38 6
52 39 8
52 42 8
52 43 5
52 45 5
52 47 8
52 48 4
52 50 9
53 2 4
53 3 6
53 8 2
53 10 2
53 11 3
53 13 5
53 18 5
53 20 5
53 21 2
53 23 1
53 25 4
53 27 7
53 28 2
53 30 6
53 31 7
53 37 10
53 40 7
53 41 1
53 43 6
53 44 8
53 48 10
53 51 2
53 52 1
54 0 4
54 5 7
54 6 8
54 8 9
54 10 4
54 11 2
54 13 2
54 14 6
54 16 1
54 18 8
54 20 8
54 24 8
54 25 9
54 27 10
54 30 9
54 31 3
54 32 10
54 34 6
54 35 10
54 42 7
54 44 1
54 47 6
54 50 8
54 52 2
54 53 5
55 2 7
55 4 10
55 6 8
55 12 3
55 14 9
55 15 3
55 18 1
55 20 7
55 22 2
55 23 4
55 24 9
55 26 6
55 27 1
55 30 9
55 31 9
55 32 2
55 33 4
55 35 6
55 38 6
55 42 6
55 43 4
55 44 2
55 45 5
55 46 8
55 48 9
55 50 10
55 51 6
55 52 1
56 1 7
56 2 7
56 6 3
56 7 2
56 9 6
56 10 4
56 11 2
56 12 5
56 15 4
56 18 4
56 19 4
56 21 9
56 22 4
56 23 1
56 24 1
56 26 1
56 27 10
56 28 5
56 29 9
56 32 7
56 34 2
56 36 8
56 38 10
56 41 9
56 47 10
56 49 4
56 50 5
56 53 7
56 54 10
57 3 7
57 5 2
57 10 9
57 15 5
57 16 6
57 18 5
57 19 2
57 20 4
57 23 7
57 25 9
57 27 4
57 28 10
57 32 10
57 35 3
57 40 4
57 41 5
57 42 9
57 46 10
57 47 8
57 49 9
57 50 5
57 51 2
57 52 3
57 54 2
57 56 1
58 1 9
58 2 6
58 5 6
58 7 7
58 8 2
58 12 10
58 15 2
58 16 4
58 19 9
58 20 2
58 22 1
58 27 5
58 28 4
58 30 9
58 33 3
58 35 9
58 36 4
58 37 8
58 40 9
58 41 8
58 42 2
58 47 7
58 48 3
58 49 4
58 54 1
58 55 2
58 56 2
58 57 8
59 2 2
59 4 6
59 8 8
59 11 10
59 12 4
59 18 4
59 20 3
59 21 7
59 25 10
59 27 8
59 30 9
59 31 4
59 32 10
59 33 5
59 34 3
59 35 8
59 38 1
59 39 3
59 42 6
59 43 4
59 45 5
59 46 9
59 47 5
59 49 9
59 51 8
59 53 2
59 54 10
59 56 4
59 57 2
