50
2 1 37
3 0 290
3 1 191
3 2 125
4 1 287
4 3 18
5 0 183
5 3 197
6 0 69
6 1 286
7 0 79
7 2 157
7 5 272
7 6 117
8 4 63
8 5 155
9 1 7
9 2 188
9 3 60
9 5 315
9 6 215
9 8 68
10 0 213
11 1 76
11 4 134
11 6 11
11 7 285
12 4 115
12 5 242
12 7 54
12 8 320
12 9 308
12 10 140
12 11 224
13 2 286
13 3 179
13 8 143
13 9 171
13 11 5
13 12 165
14 0 180
14 1 161
14 2 191
14 6 207
14 7 185
14 10 203
14 11 277
14 13 263
15 0 100
15 3 315
15 4 174
15 5 276
15 6 171
15 7 209
15 12 236
15 13 52
16 3 71
16 5 137
16 6 216
16 9 96
16 10 224
16 11 317
16 12 106
16 15 59
17 0 242
17 1 56
17 5 256
17 7 80
17 8 10
17 13 178
17 14 320
17 15 13
17 16 263
18 5 178
18 8 144
18 12 118
19 0 85
19 1 99
19 2 204
19 4 129
19 5 152
19 7 154
19 9 14
19 11 288
19 14 57
19 16 313
19 17 67
20 0 57
20 1 262
20 3 315
20 8 319
20 9 23
20 13 109
21 2 63
21 3 10
21 4 103
21 5 171
21 9 238
21 10 37
21 13 268
21 16 67
21 17 15
21 19 128
22 0 166
22 3 318
22 7 250
22 8 98
22 18 173
22 21 301
23 1 235
23 2 87
23 5 286
23 8 160
23 16 222
23 17 320
23 18 159
23 21 309
24 0 124
24 2 305
24 5 113
24 6 297
24 7 130
24 8 122
24 10 21
24 16 11
24 20 223
24 23 292
25 4 251
25 5 144
25 6 23
25 7 303
25 8 193
25 9 107
25 10 78
25 11 186
25 13 59
25 17 19
25 18 136
25 20 279
25 21 119
25 22 190
26 3 146
26 5 87
26 6 273
26 7 111
26 8 7
26 10 99
26 12 247
26 16 264
26 19 313
26 21 209
26 22 65
26 24 162
26 25 59
27 0 173
27 1 40
27 4 37
27 8 225
27 11 290
27 12 91
27 15 19
27 20 43
27 22 142
27 23 88
27 24 72
28 0 102
28 1 50
28 5 44
28 6 71
28 7 261
28 8 306
28 9 90
28 10 127
28 17 174
28 21 218
28 22 6
28 25 224
28 26 242
28 27 166
29 3 50
29 4 201
29 6 207
29 7 168
29 9 246
29 11 78
29 18 220
29 19 147
29 20 319
29 21 213
29 25 105
29 26 29
29 28 16
30 0 201
30 1 257
30 5 137
30 9 256
30 11 281
30 12 156
30 16 75
30 17 47
30 18 171
30 20 136
30 22 50
30 23 225
30 24 138
30 26 156
30 28 249
31 2 195
31 3 91
31 6 152
31 8 200
31 9 218
31 10 286
31 11 232
31 12 34
31 13 290
31 16 164
31 17 66
31 20 187
31 23 41
31 24 142
31 25 162
31 26 288
31 27 23
31 28 145
31 29 234
31 30 292
32 6 82
32 7 170
32 8 10
32 10 211
32 12 290
32 13 56
32 14 36
32 16 186
32 18 227
32 21 295
32 23 114
32 25 237
32 28 212
32 29 50
32 30 250
32 31 88
33 0 187
33 1 23
33 5 150
33 6 261
33 9 312
33 12 224
33 21 277
33 22 125
33 23 47
33 29 290
33 30 185
34 0 50
34 1 187
34 5 231
34 6 194
34 7 106
34 9 306
34 11 55
34 15 297
34 16 83
34 19 1
34 20 52
34 23 63
34 24 82
34 26 44
34 30 24
34 31 90
35 5 198
35 6 227
35 7 320
35 8 104
35 9 219
35 10 197
35 12 314
35 16 15
35 18 65
35 20 218
35 22 196
35 24 4
35 27 110
35 28 9
35 29 146
35 30 55
35 31 152
35 33 186
36 7 166
36 9 155
36 10 76
36 16 292
36 17 53
36 22 298
36 23 260
36 25 103
36 26 211
36 27 188
36 29 305
36 30 115
36 31 252
37 0 187
37 1 94
37 2 49
37 4 83
37 8 247
37 10 69
37 14 240
37 16 281
37 18 216
37 22 168
37 23 16
37 25 14
37 28 305
37 29 178
37 30 59
37 33 106
37 35 167
37 36 131
38 0 90
38 3 166
38 5 320
38 11 8
38 12 66
38 14 98
38 15 296
38 17 142
38 18 109
38 21 273
38 22 280
38 23 42
38 24 204
38 28 22
38 30 78
38 31 142
38 32 268
38 33 83
38 34 112
38 36 35
39 1 45
39 2 260
39 3 121
39 7 172
39 8 67
39 11 103
39 12 232
39 14 208
39 15 1
39 17 290
39 19 233
39 20 174
39 21 96
39 22 227
39 23 60
39 27 139
39 29 60
39 30 44
39 31 103
39 32 247
39 33 13
39 34 149
39 38 54
40 1 189
40 2 152
40 5 202
40 9 265
40 13 190
40 17 136
40 19 69
40 22 205
40 23 196
40 29 274
40 30 267
40 33 13
40 36 29
40 37 167
40 39 135
41 1 21
41 4 287
41 5 185
41 7 6
41 11 169
41 13 258
41 18 77
41 19 256
41 20 74
41 25 21
41 26 140
41 27 83
41 29 72
41 30 238
41 31 180
41 32 253
41 34 305
41 37 208
41 39 83
41 40 145
42 1 128
42 2 201
42 4 104
42 5 151
42 6 33
42 7 44
42 8 6
42 9 196
42 10 174
42 11 214
42 14 296
42 16 172
42 18 260
42 20 273
42 22 279
42 23 197
42 29 286
42 31 151
42 39 152
42 41 183
43 0 30
43 1 198
43 2 100
43 7 316
43 8 152
43 10 252
43 11 270
43 12 212
43 13 258
43 14 202
43 16 200
43 18 315
43 21 82
43 22 259
43 24 318
43 25 88
43 27 167
43 28 105
43 33 282
43 38 139
43 42 170
44 0 181
44 1 238
44 3 186
44 4 154
44 5 222
44 6 20
44 9 300
44 11 160
44 12 220
44 13 118
44 14 43
44 15 225
44 18 235
44 19 36
44 20 3
44 22 266
44 23 197
44 25 25
44 27 311
44 31 10
44 32 209
44 34 277
44 37 93
44 38 35
44 41 26
45 0 47
45 5 266
45 9 46
45 11 224
45 14 280
45 16 34
45 17 184
45 19 39
45 20 208
45 21 124
45 22 158
45 24 220
45 25 183
45 26 298
45 28 46
45 30 138
45 31 82
45 32 131
45 33 98
45 34 270
45 36 163
45 37 56
45 38 86
45 39 117
45 40 278
45 44 183
46 3 126
46 6 131
46 9 110
46 11 244
46 14 84
46 18 229
46 19 229
46 20 150
46 23 158
46 24 100
46 25 61
46 27 285
46 29 180
46 30 208
46 31 169
46 35 68
46 37 295
46 38 85
46 39 193
46 40 196
46 41 284
46 42 21
46 43 277
46 44 191
47 5 62
47 6 292
47 7 320
47 9 152
47 11 14
47 13 232
47 14 8
47 17 184
47 18 253
47 21 151
47 25 248
47 29 60
47 30 257
47 35 291
47 37 39
47 38 235
47 40 35
47 41 221
47 43 307
47 44 55
47 46 47
48 1 11
48 3 126
48 5 102
48 7 299
48 8 139
48 10 2
48 12 5
48 13 223
48 14 20
48 15 131
48 18 320
48 20 243
48 24 318
48 25 96
48 27 145
48 29 42
48 33 160
48 38 188
48 41 175
48 47 79
49 1 116
49 2 121
49 4 314
49 8 198
49 12 74
49 13 248
49 15 228
49 18 48
49 19 50
49 21 194
49 27 16
49 28 62
49 33 162
49 35 307
49 36 181
49 37 30
49 40 293
49 42 98
49 43 140
49 44 248
49 47 184
