60
2 0 59
2 1 34
3 0 64
3 2 64
4 0 1
4 1 18
4 2 40
4 3 41
5 1 57
5 2 37
5 3 23
5 4 78
6 0 36
6 1 37
6 2 49
6 4 31
6 5 19
7 2 13
7 3 6
7 5 70
7 6 65
8 0 59
8 1 63
8 3 6
8 5 60
8 6 55
9 0 49
9 1 19
9 2 77
9 3 77
9 5 69
9 7 19
9 8 32
10 0 17
10 3 30
10 5 52
10 6 21
10 7 70
10 8 49
11 1 61
11 2 28
11 3 64
11 4 10
11 6 23
11 9 6
12 7 78
12 8 78
12 9 13
12 10 79
12 11 41
13 0 28
13 1 5
13 2 79
13 3 27
13 4 6
13 5 62
13 7 58
13 8 42
13 9 30
13 10 74
13 11 1
14 0 69
14 1 51
14 2 78
14 3 19
14 5 67
14 6 7
14 7 33
14 8 51
14 10 51
14 11 51
14 12 70
15 1 14
15 2 55
15 3 41
15 7 66
15 10 35
15 12 25
16 0 69
16 2 71
16 3 51
16 4 67
16 5 61
16 7 14
16 8 8
16 9 45
16 10 63
16 11 38
16 13 77
17 1 78
17 2 77
17 3 2
17 4 16
17 5 23
17 6 34
17 7 59
17 8 33
17 10 69
17 11 54
17 14 24
17 15 14
18 0 52
18 2 61
18 3 36
18 4 20
18 7 40
18 8 71
18 9 67
18 10 43
18 11 74
18 13 25
18 15 31
18 16 53
19 0 43
19 1 16
19 2 6
19 3 50
19 4 72
19 5 64
19 6 24
19 8 3
19 9 62
19 10 72
19 12 25
19 13 14
19 15 71
19 16 39
19 17 1
19 18 52
20 0 20
20 1 45
20 3 69
20 4 50
20 6 32
20 7 33
20 8 66
20 9 68
20 10 28
20 12 6
20 13 65
20 14 51
20 15 15
20 16 17
20 17 20
20 18 57
20 19 45
21 0 57
21 1 49
21 2 52
21 3 54
21 4 2
21 5 8
21 6 31
21 7 62
21 11 33
21 12 28
21 13 67
21 14 38
21 15 50
21 17 30
21 18 29
21 19 20
22 0 38
22 2 24
22 6 36
22 7 37
22 8 43
22 10 46
22 11 59
22 12 53
22 14 61
22 15 60
22 16 33
22 17 19
22 18 17
22 19 58
22 20 46
23 0 52
23 1 42
23 2 38
23 4 54
23 5 4
23 6 78
23 7 78
23 8 64
23 9 55
23 10 21
23 11 29
23 13 78
23 14 18
23 15 18
23 17 6
23 18 8
23 19 16
23 20 34
23 21 14
24 0 37
24 2 9
24 3 77
24 4 10
24 5 42
24 8 22
24 9 1
24 11 29
24 12 76
24 15 53
24 16 28
24 17 14
24 18 45
24 20 31
24 21 60
24 22 30
24 23 42
25 0 16
25 1 11
25 2 72
25 4 14
25 5 58
25 6 80
25 7 2
25 8 61
25 9 62
25 10 75
25 11 2
25 14 4
25 15 4
25 16 22
25 17 7
25 18 20
25 21 36
25 24 36
26 1 17
26 2 53
26 3 14
26 4 33
26 5 77
26 6 72
26 7 17
26 8 49
26 9 25
26 10 65
26 12 27
26 16 1
26 17 18
26 21 34
26 22 62
26 23 50
26 24 70
27 0 12
27 1 80
27 3 75
27 4 78
27 5 63
27 6 29
27 8 79
27 10 14
27 11 56
27 12 24
27 13 20
27 14 80
27 18 49
27 19 45
27 20 22
27 22 68
27 25 6
28 0 74
28 1 54
28 5 80
28 8 13
28 10 3
28 11 30
28 12 67
28 14 34
28 15 15
28 16 23
28 17 49
28 19 42
28 22 76
28 23 23
28 26 74
28 27 73
29 2 23
29 3 25
29 4 12
29 5 46
29 7 37
29 8 17
29 11 73
29 12 58
29 13 73
29 14 46
29 15 54
29 16 42
29 19 36
29 20 20
29 21 75
29 22 80
29 23 57
29 25 63
29 26 77
29 27 79
30 1 15
30 2 29
30 3 61
30 5 5
30 7 9
30 8 21
30 9 10
30 10 19
30 11 16
30 12 19
30 13 55
30 14 48
30 15 55
30 17 69
30 19 35
30 21 45
30 22 29
30 24 24
30 25 20
31 0 55
31 1 18
31 2 46
31 3 5
31 6 5
31 8 56
31 9 36
31 10 70
31 12 77
31 13 34
31 14 52
31 20 70
31 21 4
31 22 62
31 24 63
31 26 79
31 29 53
31 30 14
32 1 67
32 2 21
32 3 23
32 6 50
32 7 69
32 8 39
32 9 62
32 10 39
32 12 68
32 15 21
32 18 10
32 19 52
32 20 74
32 22 1
32 24 10
32 26 44
32 28 47
32 30 69
33 0 41
33 1 34
33 5 54
33 8 4
33 11 75
33 12 70
33 13 71
33 14 30
33 15 51
33 16 38
33 17 56
33 18 39
33 19 2
33 20 13
33 23 44
33 25 21
33 27 61
33 28 41
33 30 16
34 0 24
34 1 11
34 2 27
34 5 3
34 7 19
34 8 19
34 9 65
34 10 62
34 12 15
34 13 55
34 15 51
34 16 39
34 17 32
34 19 55
34 20 5
34 21 1
34 23 37
34 24 43
34 25 37
34 27 10
34 28 32
34 29 9
34 30 68
34 31 51
34 32 24
35 0 45
35 1 9
35 2 12
35 3 31
35 4 39
35 5 48
35 6 77
35 7 32
35 8 42
35 9 68
35 10 29
35 11 63
35 14 21
35 16 46
35 17 22
35 18 53
35 21 67
35 22 32
35 23 54
35 24 10
35 25 61
35 29 23
35 30 62
35 32 38
36 1 80
36 3 33
36 5 55
36 6 71
36 7 68
36 8 78
36 12 48
36 14 70
36 15 28
36 17 3
36 18 63
36 19 27
36 20 69
36 21 42
36 22 46
36 23 8
36 24 70
36 25 74
36 26 55
36 27 9
36 28 69
36 29 7
36 32 59
36 33 11
36 34 55
37 1 6
37 2 35
37 4 16
37 8 53
37 11 34
37 13 48
37 14 67
37 15 78
37 16 8
37 18 80
37 20 54
37 22 71
37 23 30
37 25 68
37 26 3
37 27 26
37 28 34
37 29 7
37 30 1
37 31 10
37 32 12
37 34 61
37 35 6
37 36 19
38 1 22
38 3 42
38 4 67
38 5 63
38 6 76
38 7 28
38 8 1
38 9 25
38 10 57
38 12 36
38 14 39
38 15 9
38 16 45
38 18 13
38 20 43
38 21 17
38 22 59
38 23 80
38 24 62
38 25 52
38 26 14
38 27 53
38 28 71
38 30 66
38 31 31
38 32 61
38 34 75
38 35 35
38 36 56
38 37 30
39 1 37
39 2 80
39 3 64
39 5 4
39 6 44
39 7 26
39 8 80
39 9 43
39 14 43
39 15 6
39 16 58
39 17 39
39 18 40
39 19 55
39 20 20
39 22 61
39 25 3
39 27 46
39 28 32
39 29 42
39 30 9
39 31 57
39 32 41
39 34 5
39 36 75
39 37 7
39 38 65
40 1 37
40 2 79
40 3 49
40 4 62
40 5 70
40 7 54
40 8 49
40 9 39
40 10 1
40 12 60
40 13 46
40 14 66
40 15 30
40 18 31
40 19 5
40 20 19
40 21 35
40 22 62
40 23 15
40 25 66
40 26 5
40 27 32
40 29 28
40 32 17
40 33 56
40 36 30
40 38 34
41 1 54
41 3 15
41 4 61
41 5 38
41 6 50
41 7 60
41 9 73
41 12 42
41 13 79
41 14 46
41 15 51
41 16 75
41 17 18
41 18 80
41 19 71
41 20 47
41 21 39
41 23 72
41 25 27
41 26 73
41 27 64
41 28 14
41 29 64
41 30 39
41 31 61
41 32 12
41 33 52
41 36 3
41 37 5
41 38 51
41 39 61
41 40 74
42 1 55
42 2 62
42 3 47
42 5 59
42 6 30
42 7 63
42 10 75
42 11 71
42 12 10
42 13 12
42 14 66
42 15 38
42 16 15
42 18 19
42 19 65
42 20 38
42 22 63
42 23 77
42 24 3
42 25 54
42 27 14
42 30 31
42 31 2
42 32 55
42 33 74
42 34 19
42 35 4
42 36 19
42 37 25
42 39 17
42 40 61
42 41 2
43 0 55
43 1 15
43 2 40
43 3 44
43 4 13
43 8 49
43 9 73
43 12 1
43 13 45
43 14 60
43 15 51
43 17 34
43 18 70
43 20 34
43 21 77
43 22 34
43 23 67
43 29 47
43 30 18
43 32 75
43 33 58
43 34 21
43 35 52
43 36 11
43 37 42
43 38 29
43 39 69
43 40 54
43 42 44
44 0 80
44 2 6
44 3 16
44 5 40
44 6 67
44 7 3
44 8 4
44 9 15
44 10 10
44 11 61
44 13 4
44 14 40
44 15 6
44 16 14
44 19 50
44 20 64
44 21 64
44 26 70
44 27 27
44 28 27
44 29 67
44 30 78
44 32 60
44 33 73
44 34 74
44 35 65
44 37 65
44 38 55
44 40 11
44 41 72
45 0 57
45 2 21
45 3 43
45 5 47
45 6 14
45 7 61
45 8 9
45 9 54
45 10 42
45 11 14
45 15 58
45 17 9
45 18 29
45 19 47
45 20 12
45 21 15
45 22 4
45 24 80
45 25 58
45 26 2
45 28 60
45 29 26
45 30 69
45 31 33
45 34 30
45 37 5
45 38 59
45 39 25
45 40 13
45 41 19
45 43 16
46 0 66
46 1 5
46 2 59
46 3 50
46 4 65
46 5 37
46 6 70
46 7 15
46 9 25
46 10 16
46 13 28
46 14 73
46 15 50
46 16 77
46 17 25
46 19 27
46 20 76
46 24 60
46 28 17
46 31 65
46 32 42
46 33 57
46 34 54
46 35 74
46 36 71
46 37 66
46 40 47
46 41 4
46 42 43
46 44 32
46 45 76
47 0 39
47 1 31
47 3 71
47 4 31
47 5 45
47 6 12
47 7 52
47 8 57
47 9 72
47 10 7
47 11 7
47 12 61
47 14 38
47 15 7
47 16 40
47 17 12
47 20 54
47 22 46
47 23 19
47 25 29
47 28 77
47 29 48
47 30 43
47 31 1
47 32 53
47 33 6
47 34 78
47 35 50
47 37 50
47 38 67
47 39 35
47 40 31
47 41 80
47 43 29
47 44 40
47 45 30
48 0 47
48 1 2
48 2 17
48 4 8
48 5 63
48 7 45
48 8 62
48 9 20
48 10 52
48 12 60
48 13 64
48 15 5
48 18 28
48 19 62
48 22 64
48 23 1
48 25 74
48 26 70
48 27 32
48 28 23
48 29 15
48 30 63
48 32 6
48 34 72
48 35 74
48 36 37
48 37 10
48 38 78
48 39 24
48 40 10
48 42 36
48 44 51
48 45 74
48 46 18
48 47 59
49 1 32
49 2 8
49 4 30
49 5 32
49 8 79
49 10 27
49 12 5
49 14 59
49 15 64
49 17 14
49 19 22
49 21 30
49 22 19
49 23 12
49 25 57
49 26 54
49 27 79
49 29 1
49 31 65
49 32 2
49 33 33
49 34 35
49 35 23
49 38 34
49 39 3
49 40 64
49 41 22
49 42 28
49 43 54
49 44 10
49 45 73
49 47 65
49 48 28
50 2 44
50 3 23
50 5 48
50 6 53
50 9 9
50 10 33
50 11 72
50 12 69
50 13 67
50 15 4
50 16 5
50 17 23
50 18 80
50 19 71
50 21 26
50 22 71
50 23 62
50 25 14
50 26 64
50 28 43
50 30 51
50 31 71
50 32 50
50 33 78
50 34 12
50 35 30
50 36 4
50 37 45
50 38 10
50 39 23
50 40 4
50 41 48
50 42 34
50 43 38
50 44 51
50 45 4
50 46 63
50 47 56
50 48 3
50 49 56
51 0 22
51 1 21
51 2 59
51 3 74
51 4 55
51 7 59
51 9 7
51 11 6
51 12 25
51 13 58
51 14 32
51 16 47
51 17 14
51 20 62
51 24 56
51 25 12
51 26 15
51 27 65
51 29 75
51 30 51
51 31 10
51 32 20
51 33 69
51 35 29
51 37 1
51 39 22
51 41 17
51 42 59
51 44 40
51 45 6
51 46 32
51 47 34
51 48 65
51 49 47
51 50 49
52 0 49
52 1 16
52 2 80
52 3 49
52 4 53
52 6 24
52 7 64
52 8 69
52 9 65
52 11 71
52 12 25
52 13 36
52 15 73
52 18 79
52 19 41
52 20 47
52 21 79
52 24 22
52 27 38
52 28 32
52 29 57
52 31 68
52 32 33
52 33 65
52 34 55
52 35 1
52 36 54
52 38 31
52 39 66
52 40 72
52 43 64
52 45 21
52 47 77
52 50 35
52 51 80
53 1 28
53 2 11
53 3 78
53 4 42
53 5 57
53 6 69
53 7 63
53 8 10
53 9 26
53 10 78
53 11 4
53 13 19
53 14 51
53 16 7
53 17 47
53 22 26
53 23 61
53 24 39
53 25 20
53 26 53
53 27 41
53 28 21
53 29 23
53 30 3
53 32 80
53 35 50
53 36 71
53 38 38
53 39 7
53 40 63
53 41 43
53 42 42
53 44 35
53 46 38
53 47 74
53 48 34
53 50 26
53 51 40
53 52 35
54 0 48
54 1 73
54 2 5
54 4 18
54 7 52
54 8 12
54 10 67
54 11 2
54 12 4
54 13 33
54 14 54
54 15 69
54 16 77
54 17 49
54 18 26
54 19 53
54 20 79
54 21 37
54 22 20
54 23 48
54 25 69
54 27 79
54 28 49
54 29 58
54 30 7
54 31 5
54 33 35
54 34 8
54 36 57
54 37 58
54 38 58
54 39 47
54 40 42
54 43 45
54 44 2
54 45 37
54 46 24
54 47 58
54 49 1
54 50 21
54 52 65
54 53 19
55 0 25
55 1 69
55 2 16
55 3 42
55 8 63
55 9 10
55 11 57
55 13 4
55 14 28
55 16 63
55 17 15
55 18 66
55 19 31
55 20 20
55 21 35
55 22 51
55 23 68
55 24 58
55 25 33
55 26 50
55 27 4
55 28 22
55 29 77
55 30 6
55 31 9
55 32 22
55 33 9
55 34 33
55 36 55
55 37 32
55 38 38
55 39 31
55 40 23
55 41 59
55 42 70
55 44 72
55 45 47
55 46 51
55 47 5
55 48 55
55 50 65
55 51 49
55 53 8
56 2 29
56 3 14
56 5 27
56 6 26
56 7 62
56 8 26
56 10 40
56 13 59
56 15 39
56 16 49
56 17 36
56 18 52
56 20 76
56 22 54
56 23 46
56 24 64
56 25 58
56 26 8
56 27 7
56 29 41
56 30 72
56 32 36
56 35 27
56 36 48
56 38 13
56 41 79
56 42 67
56 44 30
56 46 38
56 47 61
56 48 12
56 49 57
56 50 51
56 51 51
56 52 55
56 53 60
56 55 20
57 0 8
57 1 4
57 2 1
57 3 37
57 5 5
57 6 34
57 7 60
57 9 24
57 10 77
57 12 28
57 18 41
57 22 23
57 23 13
57 24 20
57 25 45
57 29 66
57 30 64
57 32 8
57 33 65
57 35 45
57 36 9
57 38 67
57 39 25
57 40 44
57 41 56
57 43 5
57 46 27
57 47 49
57 48 23
57 49 54
57 55 42
57 56 28
58 0 54
58 1 57
58 2 31
58 3 42
58 4 30
58 5 7
58 6 29
58 7 2
58 8 20
58 10 21
58 11 39
58 12 44
58 13 47
58 14 68
58 15 17
58 16 4
58 17 51
58 19 67
58 22 57
58 23 57
58 25 17
58 26 74
58 28 25
58 29 59
58 30 41
58 31 77
58 32 31
58 33 65
58 34 54
58 35 1
58 36 14
58 37 38
58 39 76
58 40 22
58 41 7
58 42 11
58 44 10
58 45 5
58 46 8
58 47 45
58 49 16
58 50 52
58 51 27
58 52 36
58 53 9
58 54 24
58 55 32
58 57 68
59 0 72
59 1 42
59 2 18
59 3 61
59 4 67
59 5 70
59 7 20
59 8 1
59 9 53
59 11 73
59 12 65
59 13 79
59 14 38
59 17 55
59 18 58
59 19 57
59 22 19
59 23 58
59 25 25
59 26 78
59 27 45
59 28 7
59 31 25
59 32 20
59 34 34
59 35 24
59 37 3
59 38 66
59 40 2
59 41 38
59 42 60
59 45 26
59 46 42
59 47 3
59 48 33
59 49 71
59 50 53
59 51 10
59 52 8
59 54 17
59 55 28
59 56 76
