30
2 0 6
4 2 15
8 5 27
9 0 17
9 5 18
9 7 21
9 8 38
10 4 38
10 6 10
10 7 31
11 9 1
12 1 17
12 2 28
12 8 37
12 10 16
12 11 16
13 0 10
13 1 34
13 2 6
13 4 14
13 5 35
13 9 27
15 2 5
15 6 35
15 11 25
16 1 20
16 2 22
16 9 29
16 12 28
17 14 39
18 6 29
18 11 26
18 15 9
18 16 16
19 1 23
19 5 28
19 6 19
19 7 37
19 18 6
20 4 2
20 7 34
20 9 25
20 12 18
20 17 5
21 1 19
21 14 10
21 17 33
22 11 39
22 15 17
22 16 36
22 21 6
23 0 23
23 1 27
23 2 10
23 8 28
23 13 27
23 18 34
23 19 39
23 20 27
24 0 29
24 2 33
24 4 16
24 5 29
24 6 13
24 20 22
24 21 12
25 3 26
25 4 34
25 5 22
25 6 19
25 7 33
25 8 36
25 9 31
25 11 10
25 13 6
25 15 23
25 18 35
25 20 11
26 4 21
26 12 29
26 15 16
26 21 1
26 25 24
27 5 38
27 16 6
27 18 29
27 20 9
27 21 40
27 25 3
28 10 35
29 6 23
29 11 24
29 13 38
29 14 4
29 15 5
29 17 2
29 18 11
29 24 33
