30
3 2 32
5 0 40
5 2 17
6 2 40
6 5 6
7 0 36
7 2 35
9 1 11
10 2 26
11 4 37
11 9 34
12 7 14
13 8 22
13 12 10
14 1 22
14 10 10
15 0 23
16 1 14
16 5 38
16 8 23
16 10 12
16 14 9
17 11 20
18 1 26
18 11 29
18 16 15
19 6 8
19 12 40
19 15 15
20 12 2
20 18 25
21 2 8
21 5 12
21 11 15
21 12 26
21 13 11
21 17 12
22 0 13
22 3 31
22 6 36
22 17 10
23 6 6
23 7 7
23 18 19
24 0 8
24 5 30
24 9 20
24 19 39
25 0 4
25 8 39
25 11 40
25 14 38
25 19 29
26 9 29
26 12 23
26 13 27
27 0 27
27 1 35
27 5 18
27 11 26
27 20 12
27 21 36
27 24 25
28 5 23
28 23 14
29 3 25
29 6 23
29 7 16
29 10 4
29 18 1
29 28 34
