60
1 0 69
2 0 29
3 0 15
3 1 4
3 2 15
4 0 19
4 1 59
4 2 49
4 3 59
5 3 37
5 4 20
6 0 80
6 1 9
6 3 18
6 4 28
6 5 16
7 0 37
7 1 70
7 2 34
7 3 75
7 4 15
7 5 46
7 6 20
8 0 57
8 1 2
8 3 54
8 4 70
8 5 12
8 6 62
8 7 62
9 1 78
9 2 40
9 3 21
9 4 63
9 6 73
9 7 69
10 1 20
10 2 63
10 4 62
10 5 66
10 7 11
10 8 47
10 9 22
11 0 67
11 1 6
11 2 35
11 3 47
11 6 37
11 7 51
11 8 57
12 0 29
12 1 53
12 2 57
12 3 62
12 4 48
12 5 21
12 7 65
12 8 77
12 9 65
12 10 29
12 11 73
13 0 37
13 2 42
13 3 74
13 4 14
13 6 50
13 8 21
13 10 43
13 11 43
13 12 7
14 0 17
14 1 71
14 4 56
14 5 52
14 7 24
14 8 9
14 9 47
14 10 78
14 11 67
14 13 50
15 0 54
15 1 5
15 2 19
15 3 75
15 6 32
15 7 33
15 8 70
15 12 54
15 14 71
16 0 30
16 1 45
16 2 41
16 3 26
16 5 23
16 6 47
16 7 49
16 9 76
16 10 8
16 12 28
16 13 30
16 14 77
16 15 31
17 2 54
17 3 64
17 5 31
17 6 53
17 7 75
17 8 45
17 9 69
17 10 71
17 13 51
17 15 4
17 16 52
18 0 48
18 3 38
18 5 73
18 6 26
18 7 74
18 8 75
18 9 19
18 10 61
18 11 78
18 12 52
18 14 18
18 16 7
19 0 70
19 1 9
19 2 54
19 3 29
19 4 9
19 6 65
19 10 7
19 11 73
19 12 70
19 13 76
19 15 50
19 18 79
20 0 6
20 2 52
20 3 4
20 5 45
20 7 79
20 8 68
20 10 50
20 11 42
20 12 8
20 13 55
20 14 47
20 15 56
20 16 20
20 19 69
21 0 68
21 1 42
21 2 79
21 4 63
21 5 57
21 6 29
21 7 59
21 8 67
21 10 4
21 11 80
21 12 41
21 13 35
21 14 24
21 15 15
21 16 24
21 18 79
21 20 27
22 0 55
22 1 52
22 2 76
22 4 11
22 5 70
22 6 45
22 7 38
22 8 80
22 9 69
22 11 33
22 13 53
22 14 4
22 15 6
22 17 1
22 19 35
22 21 58
23 2 72
23 4 11
23 5 12
23 6 69
23 10 36
23 11 71
23 12 71
23 13 1
23 14 21
23 15 79
23 16 19
23 17 34
23 20 71
24 0 52
24 1 39
24 4 35
24 6 1
24 7 11
24 9 30
24 10 6
24 11 80
24 12 77
24 13 53
24 15 66
24 16 4
24 17 17
24 19 65
24 21 8
24 22 52
24 23 67
25 1 56
25 2 40
25 3 23
25 4 41
25 5 43
25 7 31
25 10 72
25 11 64
25 12 1
25 14 14
25 15 73
25 16 70
25 17 59
25 18 2
25 19 75
25 20 32
25 22 69
25 23 39
26 0 11
26 2 74
26 9 51
26 11 24
26 12 38
26 13 80
26 14 24
26 17 17
26 19 5
26 20 35
26 23 5
26 24 45
27 3 33
27 4 4
27 5 17
27 7 47
27 8 57
27 9 56
27 12 39
27 13 44
27 14 52
27 17 64
27 18 52
27 19 62
27 20 70
27 21 48
27 22 18
27 24 56
27 25 50
28 1 77
28 2 57
28 4 41
28 5 62
28 6 46
28 8 4
28 9 71
28 10 80
28 12 62
28 13 45
28 15 75
28 17 62
28 18 30
28 19 16
28 20 6
28 21 61
28 22 19
28 24 1
28 25 74
28 27 46
29 0 72
29 2 20
29 4 51
29 5 18
29 6 15
29 8 18
29 11 11
29 14 78
29 15 18
29 17 26
29 19 1
29 20 46
29 22 42
29 23 41
29 24 34
29 25 5
29 26 14
29 27 55
29 28 74
30 1 61
30 2 48
30 3 45
30 4 70
30 5 36
30 7 65
30 8 72
30 9 19
30 10 62
30 12 54
30 13 63
30 15 34
30 16 71
30 17 7
30 18 46
30 19 57
30 20 50
30 22 80
30 24 30
30 25 65
30 26 71
30 27 8
30 28 40
30 29 30
31 0 49
31 2 29
31 3 22
31 4 38
31 5 59
31 6 37
31 10 27
31 11 63
31 13 69
31 14 13
31 15 64
31 16 52
31 18 64
31 20 75
31 22 16
31 25 38
31 26 9
31 27 43
31 29 36
32 1 11
32 2 45
32 5 74
32 6 77
32 8 15
32 10 63
32 12 48
32 14 56
32 15 66
32 16 13
32 17 63
32 18 58
32 19 79
32 20 59
32 21 74
32 22 9
32 23 22
32 24 1
32 25 52
32 26 8
32 28 72
32 30 27
32 31 9
33 0 28
33 2 45
33 3 42
33 5 39
33 6 9
33 7 36
33 8 54
33 10 77
33 11 29
33 12 4
33 13 78
33 14 76
33 15 20
33 16 34
33 17 25
33 19 57
33 20 37
33 21 56
33 22 77
33 23 26
33 25 42
33 27 71
33 28 36
33 29 10
33 31 46
34 1 54
34 3 21
34 4 67
34 7 6
34 8 77
34 9 58
34 11 58
34 13 74
34 15 15
34 16 79
34 17 26
34 18 39
34 19 45
34 20 61
34 22 63
34 23 14
34 24 35
34 25 74
34 27 9
34 28 78
34 29 34
34 30 42
34 32 3
34 33 48
35 1 21
35 2 60
35 3 19
35 5 30
35 7 67
35 8 13
35 10 76
35 12 72
35 13 19
35 14 73
35 15 25
35 18 31
35 19 15
35 20 37
35 21 66
35 23 31
35 25 76
35 27 39
35 28 24
35 29 28
35 33 52
35 34 49
36 0 46
36 2 20
36 4 57
36 6 73
36 7 73
36 8 70
36 9 60
36 11 41
36 14 45
36 16 76
36 17 67
36 18 2
36 20 15
36 21 57
36 22 62
36 23 32
36 24 78
36 26 54
36 28 10
36 29 55
36 30 71
36 31 71
36 32 52
36 33 48
36 34 7
36 35 28
37 0 23
37 1 29
37 2 40
37 8 67
37 9 62
37 10 76
37 11 56
37 12 33
37 13 35
37 14 12
37 15 51
37 16 2
37 17 60
37 18 33
37 19 63
37 24 33
37 25 21
37 26 13
37 28 18
37 30 36
37 31 68
37 32 7
37 34 16
37 36 59
38 1 11
38 2 65
38 4 25
38 5 46
38 6 4
38 9 27
38 10 53
38 15 48
38 16 33
38 17 22
38 20 4
38 25 34
38 29 73
38 30 53
38 33 44
38 34 54
38 36 39
38 37 55
39 0 7
39 1 38
39 2 36
39 4 16
39 6 78
39 7 11
39 8 12
39 10 72
39 11 44
39 12 58
39 13 30
39 15 23
39 16 35
39 19 51
39 20 48
39 22 53
39 23 3
39 24 41
39 27 34
39 28 60
39 31 77
39 32 18
39 33 45
39 34 21
39 35 16
39 38 52
40 1 3
40 3 27
40 4 26
40 5 15
40 6 58
40 7 29
40 8 78
40 9 74
40 10 74
40 11 56
40 13 21
40 14 47
40 15 53
40 16 31
40 21 67
40 22 17
40 23 59
40 24 3
40 25 52
40 26 55
40 29 75
40 30 76
40 31 52
40 32 48
40 33 36
40 34 68
40 35 30
40 36 16
40 37 61
40 38 10
40 39 30
41 2 67
41 3 76
41 4 56
41 5 27
41 6 11
41 7 23
41 8 33
41 10 37
41 11 29
41 12 8
41 13 63
41 14 3
41 15 1
41 17 64
41 18 40
41 19 76
41 20 12
41 21 55
41 22 44
41 25 59
41 27 51
41 28 72
41 29 72
41 31 76
41 32 40
41 35 49
41 37 69
41 38 80
41 39 57
41 40 5
42 1 63
42 3 46
42 4 26
42 5 37
42 6 50
42 11 80
42 12 53
42 14 30
42 15 46
42 17 9
42 19 57
42 21 48
42 22 6
42 23 80
42 24 79
42 25 10
42 26 74
42 28 11
42 31 74
42 32 80
42 33 29
42 34 47
42 35 43
42 36 38
42 38 52
42 39 62
42 40 46
42 41 38
43 0 30
43 1 70
43 3 5
43 4 31
43 5 17
43 6 36
43 7 62
43 10 27
43 13 58
43 14 47
43 15 49
43 16 28
43 17 80
43 19 74
43 20 49
43 21 69
43 23 12
43 24 65
43 25 64
43 26 11
43 27 36
43 28 77
43 29 65
43 31 17
43 32 24
43 33 19
43 34 34
43 36 62
43 38 38
43 40 37
43 41 26
44 0 53
44 1 71
44 4 61
44 5 22
44 6 32
44 8 57
44 11 45
44 12 54
44 13 72
44 14 21
44 15 24
44 16 34
44 17 71
44 18 18
44 19 23
44 21 61
44 23 8
44 26 67
44 27 73
44 28 29
44 29 24
44 30 63
44 31 32
44 32 55
44 33 72
44 34 71
44 35 57
44 36 53
44 39 50
44 40 45
44 42 57
44 43 20
45 0 48
45 1 50
45 2 49
45 3 26
45 4 55
45 7 40
45 8 22
45 9 41
45 10 45
45 11 43
45 12 76
45 14 23
45 15 49
45 16 59
45 17 5
45 20 52
45 22 80
45 23 46
45 24 61
45 27 71
45 28 17
45 29 26
45 30 72
45 31 61
45 33 67
45 38 48
45 39 67
45 41 3
45 42 5
45 44 22
46 0 61
46 2 15
46 3 26
46 4 69
46 5 12
46 6 48
46 7 38
46 8 69
46 9 37
46 11 4
46 12 16
46 13 6
46 14 69
46 15 4
46 16 61
46 17 11
46 18 73
46 19 46
46 20 50
46 21 27
46 22 24
46 23 69
46 26 62
46 27 15
46 28 18
46 29 7
46 30 40
46 31 1
46 32 72
46 34 51
46 37 53
46 38 24
46 39 2
46 40 30
46 41 80
46 42 8
46 43 72
46 44 16
47 2 73
47 3 73
47 4 54
47 5 1
47 6 27
47 7 15
47 8 49
47 9 12
47 10 6
47 12 37
47 13 6
47 14 28
47 15 18
47 16 38
47 19 32
47 20 22
47 21 53
47 23 36
47 24 30
47 25 38
47 27 1
47 28 49
47 30 73
47 31 25
47 32 14
47 33 8
47 34 39
47 35 42
47 36 30
47 37 57
47 38 61
47 39 38
47 40 23
47 41 72
47 43 64
47 44 59
47 46 12
48 1 75
48 2 68
48 3 58
48 5 58
48 10 79
48 11 72
48 13 54
48 14 27
48 15 45
48 18 77
48 19 37
48 20 33
48 22 1
48 23 74
48 24 28
48 26 43
48 27 75
48 32 1
48 33 1
48 34 24
48 35 3
48 36 3
48 38 52
48 39 61
48 40 16
48 43 76
48 44 75
48 45 6
48 47 47
49 0 40
49 2 44
49 5 47
49 6 43
49 7 6
49 8 38
49 9 66
49 10 63
49 13 33
49 14 17
49 16 33
49 17 57
49 18 17
49 19 51
49 20 51
49 21 7
49 23 67
49 24 3
49 25 51
49 26 45
49 27 63
49 28 20
49 29 15
49 30 68
49 31 65
49 32 8
49 33 10
49 34 59
49 35 42
49 36 72
49 38 71
49 40 12
49 41 33
49 42 15
49 43 12
49 44 25
49 45 14
49 46 77
49 47 13
49 48 48
50 0 47
50 1 41
50 2 1
50 4 67
50 5 8
50 7 14
50 8 59
50 9 41
50 12 71
50 17 15
50 18 41
50 19 77
50 20 79
50 22 7
50 23 6
50 26 79
50 27 8
50 28 38
50 29 78
50 30 5
50 31 32
50 34 6
50 36 19
50 37 2
50 43 61
50 44 26
50 45 8
50 46 16
50 47 53
50 49 42
51 1 78
51 2 49
51 3 43
51 5 72
51 7 63
51 8 56
51 9 34
51 10 12
51 11 80
51 12 76
51 13 28
51 14 80
51 15 1
51 16 56
51 17 12
51 18 39
51 20 18
51 22 64
51 24 2
51 25 40
51 27 3
51 29 2
51 33 10
51 34 65
51 35 7
51 36 13
51 39 17
51 41 37
51 42 69
51 44 49
51 45 74
51 47 79
51 48 9
51 49 42
51 50 32
52 0 38
52 1 14
52 3 31
52 5 41
52 6 51
52 7 74
52 8 6
52 11 21
52 12 35
52 14 59
52 15 66
52 16 68
52 17 43
52 18 71
52 20 1
52 24 40
52 25 23
52 26 21
52 27 5
52 28 79
52 29 23
52 30 10
52 31 46
52 33 2
52 34 23
52 35 48
52 39 69
52 40 70
52 41 54
52 42 68
52 43 30
52 45 7
52 48 45
52 49 12
52 51 77
53 0 12
53 1 38
53 2 70
53 3 31
53 4 55
53 5 55
53 6 60
53 7 69
53 8 62
53 9 7
53 10 77
53 11 27
53 12 11
53 14 52
53 15 60
53 17 37
53 19 28
53 20 57
53 21 25
53 22 69
53 23 43
53 24 67
53 25 53
53 27 57
53 28 9
53 30 31
53 32 36
53 34 76
53 35 30
53 36 41
53 37 29
53 38 4
53 40 49
53 41 26
53 42 11
53 44 39
53 45 67
53 48 65
53 49 73
53 50 15
53 52 76
54 0 42
54 1 33
54 4 4
54 6 73
54 7 78
54 8 10
54 9 67
54 12 1
54 13 51
54 14 34
54 15 43
54 16 78
54 17 27
54 19 11
54 20 45
54 21 74
54 23 5
54 26 55
54 27 16
54 29 75
54 30 71
54 33 15
54 34 8
54 36 38
54 37 22
54 38 58
54 39 4
54 41 77
54 42 24
54 43 72
54 44 41
54 46 34
54 48 21
54 49 49
54 51 67
54 52 1
54 53 78
55 0 45
55 1 53
55 2 35
55 3 53
55 4 4
55 5 72
55 6 35
55 7 46
55 10 69
55 13 75
55 15 33
55 17 56
55 19 69
55 20 2
55 21 64
55 22 55
55 24 28
55 27 27
55 28 55
55 29 10
55 30 43
55 32 65
55 33 48
55 34 38
55 35 23
55 38 66
55 40 66
55 41 63
55 43 33
55 44 12
55 45 24
55 46 75
55 48 24
55 49 9
55 50 69
55 51 44
55 52 24
55 54 18
56 1 69
56 2 22
56 3 50
56 4 26
56 5 17
56 9 34
56 12 46
56 13 61
56 15 76
56 17 8
56 18 42
56 19 23
56 20 63
56 21 49
56 22 6
56 24 61
56 26 38
56 27 46
56 28 35
56 29 80
56 30 78
56 33 73
56 34 5
56 36 5
56 37 19
56 38 60
56 39 51
56 40 46
56 41 55
56 43 22
56 45 48
56 47 49
56 50 64
56 51 74
56 52 58
57 0 42
57 1 60
57 3 68
57 4 79
57 5 65
57 6 27
57 8 41
57 9 59
57 10 33
57 12 61
57 14 4
57 16 5
57 17 31
57 22 53
57 23 70
57 27 37
57 28 46
57 30 50
57 31 60
57 32 1
57 33 50
57 34 33
57 35 39
57 36 18
57 38 39
57 39 68
57 40 8
57 41 1
57 42 27
57 43 26
57 44 40
57 47 78
57 48 43
57 49 75
57 51 75
57 52 50
57 53 24
57 54 39
57 56 77
58 2 2
58 3 50
58 4 1
58 5 27
58 8 56
58 9 48
58 10 9
58 11 35
58 12 35
58 13 20
58 14 66
58 15 55
58 16 58
58 17 16
58 18 39
58 20 46
58 21 32
58 22 45
58 23 30
58 24 15
58 27 19
58 28 44
58 29 79
58 31 56
58 32 59
58 33 18
58 34 45
58 35 19
58 36 36
58 38 23
58 39 14
58 40 3
58 41 49
58 42 4
58 43 30
58 44 50
58 45 40
58 49 61
58 50 31
58 51 8
58 53 33
58 57 5
59 1 49
59 2 47
59 3 68
59 4 14
59 5 40
59 7 16
59 8 64
59 9 25
59 10 48
59 11 44
59 13 15
59 15 38
59 16 34
59 17 22
59 18 6
59 21 56
59 22 12
59 23 58
59 24 24
59 25 32
59 27 77
59 29 61
59 31 23
59 33 26
59 35 55
59 36 54
59 37 4
59 39 70
59 40 71
59 41 78
59 43 64
59 44 52
59 47 5
59 48 55
59 49 16
59 51 48
59 52 53
59 53 9
59 54 42
59 55 15
59 56 16
59 57 32
59 58 21
