60
1 0 6
2 0 10
2 1 6
3 0 10
3 1 4
3 2 6
4 0 4
4 1 2
4 2 10
4 3 6
5 0 8
5 1 1
5 2 7
5 3 7
5 4 2
6 0 1
6 1 10
6 2 10
6 3 4
6 4 9
6 5 10
7 0 3
7 1 3
7 2 7
7 3 4
7 4 5
7 5 10
7 6 10
8 0 4
8 1 1
8 2 5
8 3 1
8 4 3
8 5 3
8 6 2
8 7 5
9 0 2
9 1 7
9 2 4
9 3 1
9 4 8
9 5 6
9 6 8
9 7 7
9 8 9
10 0 4
10 1 7
10 2 4
10 3 2
10 4 10
10 5 3
10 6 3
10 7 3
10 8 10
10 9 7
11 0 2
11 1 2
11 2 7
11 3 7
11 4 4
11 5 6
11 6 4
11 7 1
11 8 4
11 9 9
11 10 6
12 0 1
12 1 2
12 2 10
12 3 8
12 4 9
12 5 8
12 6 8
12 7 10
12 8 7
12 9 2
12 10 7
12 11 2
13 0 6
13 1 8
13 2 8
13 3 7
13 4 7
13 5 1
13 6 3
13 7 6
13 8 4
13 9 6
13 10 1
13 11 2
13 12 3
14 0 1
14 1 6
14 2 9
14 3 9
14 4 10
14 5 5
14 6 7
14 7 9
14 8 1
14 9 9
14 10 4
14 11 8
14 12 7
14 13 1
15 0 5
15 1 5
15 2 9
15 3 2
15 4 6
15 5 4
15 6 9
15 7 1
15 8 5
15 9 8
15 10 5
15 11 7
15 12 10
15 13 2
15 14 6
16 0 9
16 1 10
16 2 10
16 3 10
16 4 7
16 5 9
16 6 7
16 7 6
16 8 10
16 9 4
16 10 10
16 11 8
16 12 8
16 13 8
16 14 1
16 15 2
17 0 7
17 1 6
17 2 4
17 3 10
17 4 6
17 5 8
17 6 1
17 7 6
17 8 10
17 9 5
17 10 2
17 11 10
17 12 6
17 13 3
17 14 1
17 15 7
17 16 6
18 0 9
18 1 6
18 2 3
18 3 10
18 4 10
18 5 7
18 6 6
18 7 2
18 8 5
18 9 8
18 10 9
18 11 10
18 12 4
18 13 9
18 14 7
18 15 8
18 16 2
18 17 8
19 0 4
19 1 6
19 2 9
19 3 2
19 4 7
19 5 4
19 6 1
19 7 8
19 8 8
19 9 9
19 10 6
19 11 3
19 12 8
19 13 1
19 14 1
19 15 7
19 16 2
19 17 3
19 18 3
20 0 9
20 1 1
20 2 5
20 3 5
20 4 10
20 5 2
20 6 5
20 7 4
20 8 4
20 9 2
20 10 3
20 11 4
20 12 4
20 13 10
20 14 10
20 15 8
20 16 1
20 17 1
20 18 5
20 19 4
21 0 4
21 1 2
21 2 8
21 3 3
21 4 1
21 5 7
21 6 4
21 7 2
21 8 3
21 9 8
21 10 1
21 11 5
21 12 6
21 13 10
21 14 2
21 15 7
21 16 2
21 17 7
21 18 3
21 19 8
21 20 6
22 0 8
22 1 5
22 2 4
22 3 9
22 4 1
22 5 7
22 6 8
22 7 3
22 8 3
22 9 7
22 10 1
22 11 2
22 12 2
22 13 7
22 14 5
22 15 4
22 16 3
22 17 2
22 18 9
22 19 5
22 20 3
22 21 5
23 0 4
23 1 8
23 2 6
23 3 9
23 4 7
23 5 3
23 6 3
23 7 3
23 8 10
23 9 7
23 10 9
23 11 6
23 12 1
23 13 10
23 14 8
23 15 6
23 16 9
23 17 8
23 18 1
23 19 2
23 20 6
23 21 1
23 22 5
24 0 4
24 1 4
24 2 2
24 3 2
24 4 9
24 5 3
24 6 10
24 7 4
24 8 9
24 9 10
24 10 4
24 11 8
24 12 7
24 13 1
24 14 10
24 15 8
24 16 8
24 17 4
24 18 4
24 19 8
24 20 5
24 21 6
24 22 1
24 23 7
25 0 6
25 1 5
25 2 8
25 3 10
25 4 3
25 5 3
25 6 9
25 7 2
25 8 8
25 9 7
25 10 2
25 11 9
25 12 5
25 13 2
25 14 6
25 15 8
25 16 3
25 17 6
25 18 8
25 19 7
25 20 1
25 21 6
25 22 8
25 23 7
25 24 8
26 0 5
26 1 1
26 2 9
26 3 7
26 4 5
26 5 9
26 6 5
26 7 2
26 8 1
26 9 7
26 10 2
26 11 8
26 12 10
26 13 3
26 14 2
26 15 8
26 16 1
26 17 5
26 18 4
26 19 7
26 20 9
26 21 8
26 22 4
26 23 8
26 24 4
26 25 4
27 0 8
27 1 9
27 2 2
27 3 8
27 4 4
27 5 10
27 6 3
27 7 10
27 8 3
27 9 10
27 10 3
27 11 1
27 12 5
27 13 8
27 14 7
27 15 8
27 16 5
27 17 6
27 18 1
27 19 6
27 20 6
27 21 3
27 22 6
27 23 1
27 24 5
27 25 5
27 26 9
28 0 7
28 1 10
28 2 7
28 3 6
28 4 7
28 5 7
28 6 10
28 7 3
28 8 9
28 9 6
28 10 3
28 11 2
28 12 4
28 13 2
28 14 10
28 15 9
28 16 7
28 17 1
28 18 5
28 19 2
28 20 6
28 21 6
28 22 9
28 23 5
28 24 6
28 25 9
28 26 1
28 27 8
29 0 1
29 1 2
29 2 2
29 3 3
29 4 1
29 5 5
29 6 4
29 7 10
29 8 9
29 9 3
29 10 2
29 11 3
29 12 4
29 13 9
29 14 9
29 15 6
29 16 5
29 17 1
29 18 10
29 19 8
29 20 6
29 21 8
29 22 8
29 23 9
29 24 3
29 25 9
29 26 6
29 27 2
29 28 7
30 0 6
30 1 5
30 2 6
30 3 1
30 4 3
30 5 5
30 6 1
30 7 10
30 8 3
30 9 3
30 10 6
30 11 2
30 12 10
30 13 6
30 14 8
30 15 3
30 16 8
30 17 2
30 18 1
30 19 4
30 20 4
30 21 1
30 22 8
30 23 6
30 24 1
30 25 6
30 26 5
30 27 1
30 28 9
30 29 10
31 0 10
31 1 6
31 2 7
31 3 8
31 4 4
31 5 10
31 6 4
31 7 2
31 8 5
31 9 9
31 10 10
31 11 7
31 12 6
31 13 5
31 14 6
31 15 1
31 16 2
31 17 6
31 18 7
31 19 9
31 20 3
31 21 5
31 22 6
31 23 1
31 24 2
31 25 5
31 26 5
31 27 3
31 28 2
31 29 6
31 30 3
32 0 7
32 1 1
32 2 4
32 3 8
32 4 7
32 5 7
32 6 8
32 7 6
32 8 10
32 9 9
32 10 8
32 11 3
32 12 7
32 13 10
32 14 5
32 15 4
32 16 2
32 17 8
32 18 8
32 19 8
32 20 6
32 21 7
32 22 5
32 23 2
32 24 1
32 25 3
32 26 6
32 27 2
32 28 4
32 29 4
32 30 1
32 31 4
33 0 6
33 1 4
33 2 3
33 3 8
33 4 5
33 5 10
33 6 7
33 7 1
33 8 9
33 9 2
33 10 5
33 11 7
33 12 10
33 13 2
33 14 1
33 15 7
33 16 3
33 17 8
33 18 4
33 19 6
33 20 8
33 21 5
33 22 9
33 23 5
33 24 9
33 25 6
33 26 10
33 27 3
33 28 7
33 29 5
33 30 6
33 31 10
33 32 7
34 0 4
34 1 7
34 2 1
34 3 7
34 4 10
34 5 6
34 6 10
34 7 5
34 8 5
34 9 1
34 10 2
34 11 1
34 12 1
34 13 9
34 14 10
34 15 2
34 16 8
34 17 1
34 18 5
34 19 10
34 20 9
34 21 2
34 22 2
34 23 3
34 24 5
34 25 1
34 26 4
34 27 10
34 28 2
34 29 1
34 30 1
34 31 9
34 32 7
34 33 1
35 0 2
35 1 2
35 2 2
35 3 5
35 4 4
35 5 2
35 6 4
35 7 7
35 8 10
35 9 9
35 10 6
35 11 9
35 12 6
35 13 5
35 14 2
35 15 5
35 16 2
35 17 2
35 18 5
35 19 8
35 20 10
35 21 5
35 22 7
35 23 3
35 24 7
35 25 1
35 26 1
35 27 4
35 28 9
35 29 5
35 30 4
35 31 6
35 32 9
35 33 2
35 34 9
36 0 1
36 1 2
36 2 3
36 3 3
36 4 3
36 5 5
36 6 7
36 7 10
36 8 1
36 9 2
36 10 10
36 11 8
36 12 1
36 13 8
36 14 4
36 15 3
36 16 9
36 17 10
36 18 10
36 19 2
36 20 5
36 21 8
36 22 6
36 23 7
36 24 1
36 25 1
36 26 2
36 27 6
36 28 5
36 29 8
36 30 9
36 31 4
36 32 10
36 33 10
36 34 5
36 35 9
37 0 6
37 1 5
37 2 3
37 3 6
37 4 10
37 5 8
37 6 8
37 7 8
37 8 1
37 9 5
37 10 7
37 11 3
37 12 10
37 13 8
37 14 1
37 15 3
37 16 8
37 17 8
37 18 10
37 19 2
37 20 1
37 21 8
37 22 8
37 23 7
37 24 6
37 25 8
37 26 5
37 27 3
37 28 10
37 29 1
37 30 1
37 31 6
37 32 2
37 33 6
37 34 6
37 35 7
37 36 9
38 0 6
38 1 3
38 2 7
38 3 6
38 4 9
38 5 1
38 6 1
38 7 5
38 8 10
38 9 1
38 10 3
38 11 7
38 12 9
38 13 5
38 14 7
38 15 4
38 16 6
38 17 5
38 18 10
38 19 5
38 20 4
38 21 1
38 22 9
38 23 8
38 24 2
38 25 6
38 26 10
38 27 1
38 28 6
38 29 7
38 30 6
38 31 3
38 32 1
38 33 2
38 34 2
38 35 10
38 36 5
38 37 7
39 0 2
39 1 3
39 2 10
39 3 3
39 4 8
39 5 3
39 6 6
39 7 7
39 8 5
39 9 8
39 10 6
39 11 4
39 12 7
39 13 3
39 14 10
39 15 7
39 16 10
39 17 3
39 18 8
39 19 2
39 20 10
39 21 9
39 22 10
39 23 7
39 24 3
39 25 4
39 26 6
39 27 9
39 28 1
39 29 5
39 30 9
39 31 10
39 32 8
39 33 3
39 34 8
39 35 7
39 36 2
39 37 2
39 38 4
40 0 9
40 1 10
40 2 10
40 3 9
40 4 9
40 5 6
40 6 4
40 7 6
40 8 1
40 9 8
40 10 8
40 11 2
40 12 10
40 13 7
40 14 9
40 15 2
40 16 6
40 17 4
40 18 3
40 19 6
40 20 10
40 21 2
40 22 6
40 23 3
40 24 7
40 25 4
40 26 10
40 27 10
40 28 8
40 29 7
40 30 5
40 31 9
40 32 8
40 33 6
40 34 4
40 35 1
40 36 8
40 37 8
40 38 8
40 39 10
41 0 4
41 1 5
41 2 8
41 3 6
41 4 3
41 5 2
41 6 2
41 7 10
41 8 5
41 9 5
41 10 8
41 11 2
41 12 9
41 13 2
41 14 10
41 15 3
41 16 5
41 17 5
41 18 10
41 19 6
41 20 9
41 21 5
41 22 4
41 23 3
41 24 3
41 25 10
41 26 2
41 27 4
41 28 2
41 29 3
41 30 6
41 31 10
41 32 7
41 33 8
41 34 8
41 35 8
41 36 4
41 37 6
41 38 7
41 39 4
41 40 1
42 0 3
42 1 3
42 2 5
42 3 6
42 4 9
42 5 7
42 6 4
42 7 1
42 8 4
42 9 10
42 10 10
42 11 8
42 12 2
42 13 4
42 14 10
42 15 7
42 16 4
42 17 1
42 18 5
42 19 5
42 20 3
42 21 2
42 22 5
42 23 3
42 24 3
42 25 6
42 26 10
42 27 8
42 28 9
42 29 1
42 30 2
42 31 7
42 32 2
42 33 7
42 34 3
42 35 1
42 36 2
42 37 9
42 38 3
42 39 3
42 40 10
42 41 5
43 0 9
43 1 6
43 2 3
43 3 2
43 4 8
43 5 2
43 6 9
43 7 1
43 8 5
43 9 2
43 10 8
43 11 10
43 12 10
43 13 8
43 14 6
43 15 8
43 16 3
43 17 5
43 18 8
43 19 2
43 20 2
43 21 4
43 22 8
43 23 4
43 24 8
43 25 6
43 26 4
43 27 7
43 28 10
43 29 4
43 30 3
43 31 1
43 32 1
43 33 6
43 34 4
43 35 2
43 36 3
43 37 3
43 38 7
43 39 7
43 40 7
43 41 8
43 42 7
44 0 4
44 1 8
44 2 2
44 3 3
44 4 8
44 5 7
44 6 4
44 7 9
44 8 10
44 9 10
44 10 6
44 11 1
44 12 10
44 13 7
44 14 10
44 15 8
44 16 3
44 17 9
44 18 7
44 19 5
44 20 2
44 21 8
44 22 4
44 23 9
44 24 2
44 25 4
44 26 3
44 27 10
44 28 9
44 29 7
44 30 6
44 31 7
44 32 7
44 33 8
44 34 7
44 35 6
44 36 9
44 37 9
44 38 1
44 39 10
44 40 1
44 41 8
44 42 1
44 43 1
45 0 4
45 1 3
45 2 5
45 3 4
45 4 7
45 5 7
45 6 9
45 7 6
45 8 9
45 9 6
45 10 8
45 11 2
45 12 3
45 13 6
45 14 2
45 15 9
45 16 4
45 17 10
45 18 1
45 19 1
45 20 10
45 21 5
45 22 4
45 23 5
45 24 9
45 25 6
45 26 6
45 27 10
45 28 10
45 29 7
45 30 3
45 31 8
45 32 7
45 33 9
45 34 8
45 35 4
45 36 5
45 37 4
45 38 4
45 39 8
45 40 8
45 41 6
45 42 5
45 43 1
45 44 7
46 0 7
46 1 1
46 2 2
46 3 5
46 4 5
46 5 1
46 6 8
46 7 2
46 8 7
46 9 4
46 10 9
46 11 3
46 12 6
46 13 7
46 14 7
46 15 8
46 16 1
46 17 3
46 18 4
46 19 9
46 20 5
46 21 4
46 22 4
46 23 2
46 24 2
46 25 8
46 26 7
46 27 1
46 28 4
46 29 2
46 30 4
46 31 1
46 32 8
46 33 4
46 34 2
46 35 1
46 36 5
46 37 3
46 38 1
46 39 5
46 40 6
46 41 10
46 42 6
46 43 10
46 44 7
46 45 1
47 0 4
47 1 2
47 2 9
47 3 8
47 4 8
47 5 10
47 6 5
47 7 2
47 8 2
47 9 6
47 10 1
47 11 5
47 12 1
47 13 5
47 14 4
47 15 4
47 16 10
47 17 8
47 18 9
47 19 4
47 20 10
47 21 3
47 22 5
47 23 9
47 24 7
47 25 1
47 26 8
47 27 9
47 28 5
47 29 4
47 30 8
47 31 3
47 32 7
47 33 7
47 34 4
47 35 3
47 36 7
47 37 9
47 38 9
47 39 10
47 40 5
47 41 2
47 42 3
47 43 5
47 44 10
47 45 10
47 46 5
48 0 2
48 1 6
48 2 4
48 3 3
48 4 7
48 5 2
48 6 9
48 7 6
48 8 7
48 9 7
48 10 2
48 11 6
48 12 7
48 13 2
48 14 10
48 15 3
48 16 5
48 17 2
48 18 6
48 19 10
48 20 1
48 21 6
48 22 4
48 23 4
48 24 6
48 25 2
48 26 8
48 27 7
48 28 6
48 29 3
48 30 6
48 31 4
48 32 6
48 33 9
48 34 10
48 35 10
48 36 1
48 37 6
48 38 2
48 39 5
48 40 6
48 41 1
48 42 5
48 43 8
48 44 6
48 45 1
48 46 6
48 47 8
49 0 4
49 1 5
49 2 2
49 3 5
49 4 6
49 5 3
49 6 7
49 7 7
49 8 6
49 9 8
49 10 4
49 11 9
49 12 2
49 13 1
49 14 9
49 15 9
49 16 10
49 17 2
49 18 10
49 19 3
49 20 1
49 21 3
49 22 6
49 23 4
49 24 10
49 25 3
49 26 10
49 27 10
49 28 2
49 29 3
49 30 1
49 31 9
49 32 5
49 33 5
49 34 4
49 35 5
49 36 8
49 37 4
49 38 8
49 39 9
49 40 2
49 41 9
49 42 4
49 43 5
49 44 9
49 45 8
49 46 1
49 47 5
49 48 2
50 0 7
50 1 8
50 2 7
50 3 1
50 4 9
50 5 6
50 6 2
50 7 4
50 8 6
50 9 8
50 10 8
50 11 7
50 12 3
50 13 5
50 14 5
50 15 1
50 16 4
50 17 5
50 18 8
50 19 3
50 20 7
50 21 9
50 22 1
50 23 4
50 24 7
50 25 1
50 26 2
50 27 10
50 28 3
50 29 8
50 30 5
50 31 5
50 32 7
50 33 10
50 34 9
50 35 7
50 36 6
50 37 2
50 38 7
50 39 3
50 40 10
50 41 9
50 42 2
50 43 4
50 44 3
50 45 5
50 46 1
50 47 6
50 48 7
50 49 10
51 0 9
51 1 4
51 2 6
51 3 10
51 4 6
51 5 7
51 6 9
51 7 8
51 8 5
51 9 8
51 10 5
51 11 10
51 12 8
51 13 3
51 14 4
51 15 1
51 16 7
51 17 4
51 18 2
51 19 1
51 20 3
51 21 4
51 22 7
51 23 5
51 24 3
51 25 1
51 26 5
51 27 8
51 28 4
51 29 10
51 30 1
51 31 10
51 32 1
51 33 7
51 34 2
51 35 1
51 36 7
51 37 9
51 38 8
51 39 9
51 40 2
51 41 1
51 42 3
51 43 9
51 44 1
51 45 4
51 46 2
51 47 6
51 48 8
51 49 7
51 50 9
52 0 8
52 1 5
52 2 1
52 3 2
52 4 6
52 5 5
52 6 5
52 7 7
52 8 7
52 9 8
52 10 7
52 11 2
52 12 7
52 13 6
52 14 2
52 15 2
52 16 4
52 17 4
52 18 3
52 19 1
52 20 4
52 21 5
52 22 4
52 23 7
52 24 10
52 25 1
52 26 5
52 27 6
52 28 6
52 29 9
52 30 10
52 31 10
52 32 2
52 33 9
52 34 7
52 35 10
52 36 7
52 37 9
52 38 5
52 39 7
52 40 3
52 41 1
52 42 10
52 43 9
52 44 8
52 45 8
52 46 3
52 47 1
52 48 3
52 49 4
52 50 5
52 51 9
53 0 1
53 1 4
53 2 6
53 3 6
53 4 8
53 5 4
53 6 3
53 7 6
53 8 2
53 9 5
53 10 3
53 11 5
53 12 2
53 13 9
53 14 2
53 15 8
53 16 4
53 17 9
53 18 9
53 19 4
53 20 10
53 21 10
53 22 4
53 23 6
53 24 8
53 25 10
53 26 5
53 27 5
53 28 3
53 29 5
53 30 2
53 31 4
53 32 6
53 33 5
53 34 1
53 35 6
53 36 9
53 37 4
53 38 4
53 39 1
53 40 8
53 41 7
53 42 2
53 43 9
53 44 7
53 45 9
53 46 3
53 47 10
53 48 6
53 49 1
53 50 3
53 51 7
53 52 9
54 0 3
54 1 9
54 2 7
54 3 9
54 4 7
54 5 3
54 6 5
54 7 7
54 8 6
54 9 10
54 10 1
54 11 7
54 12 2
54 13 5
54 14 9
54 15 5
54 16 1
54 17 3
54 18 10
54 19 4
54 20 3
54 21 9
54 22 4
54 23 4
54 24 10
54 25 10
54 26 2
54 27 7
54 28 6
54 29 1
54 30 6
54 31 2
54 32 8
54 33 5
54 34 4
54 35 4
54 36 8
54 37 2
54 38 3
54 39 6
54 40 4
54 41 9
54 42 3
54 43 9
54 44 7
54 45 7
54 46 6
54 47 1
54 48 3
54 49 1
54 50 10
54 51 5
54 52 5
54 53 1
55 0 6
55 1 8
55 2 2
55 3 9
55 4 3
55 5 6
55 6 3
55 7 4
55 8 4
55 9 5
55 10 9
55 11 7
55 12 2
55 13 2
55 14 2
55 15 8
55 16 6
55 17 9
55 18 7
55 19 3
55 20 6
55 21 9
55 22 1
55 23 8
55 24 9
55 25 4
55 26 10
55 27 6
55 28 9
55 29 9
55 30 1
55 31 8
55 32 3
55 33 2
55 34 8
55 35 10
55 36 3
55 37 5
55 38 3
55 39 9
55 40 7
55 41 7
55 42 8
55 43 7
55 44 3
55 45 6
55 46 3
55 47 3
55 48 7
55 49 1
55 50 1
55 51 8
55 52 1
55 53 9
55 54 4
56 0 8
56 1 7
56 2 1
56 3 8
56 4 9
56 5 9
56 6 7
56 7 2
56 8 2
56 9 10
56 10 4
56 11 10
56 12 4
56 13 3
56 14 7
56 15 6
56 16 7
56 17 2
56 18 5
56 19 3
56 20 1
56 21 3
56 22 9
56 23 2
56 24 6
56 25 1
56 26 4
56 27 8
56 28 4
56 29 9
56 30 8
56 31 9
56 32 6
56 33 1
56 34 1
56 35 6
56 36 9
56 37 10
56 38 8
56 39 8
56 40 8
56 41 7
56 42 7
56 43 9
56 44 4
56 45 3
56 46 7
56 47 10
56 48 3
56 49 4
56 50 7
56 51 5
56 52 9
56 53 1
56 54 4
56 55 1
57 0 3
57 1 3
57 2 1
57 3 5
57 4 8
57 5 7
57 6 1
57 7 8
57 8 10
57 9 6
57 10 1
57 11 4
57 12 4
57 13 6
57 14 5
57 15 7
57 16 9
57 17 1
57 18 7
57 19 4
57 20 3
57 21 4
57 22 10
57 23 1
57 24 6
57 25 2
57 26 9
57 27 4
57 28 2
57 29 10
57 30 6
57 31 9
57 32 5
57 33 3
57 34 3
57 35 9
57 36 3
57 37 9
57 38 9
57 39 5
57 40 7
57 41 5
57 42 7
57 43 4
57 44 8
57 45 6
57 46 10
57 47 10
57 48 10
57 49 5
57 50 6
57 51 3
57 52 6
57 53 2
57 54 10
57 55 1
57 56 6
58 0 9
58 1 7
58 2 8
58 3 7
58 4 9
58 5 8
58 6 6
58 7 7
58 8 9
58 9 9
58 10 5
58 11 5
58 12 10
58 13 3
58 14 8
58 15 7
58 16 4
58 17 2
58 18 9
58 19 4
58 20 3
58 21 3
58 22 3
58 23 6
58 24 3
58 25 6
58 26 7
58 27 3
58 28 1
58 29 10
58 30 9
58 31 3
58 32 7
58 33 2
58 34 1
58 35 7
58 36 4
58 37 1
58 38 4
58 39 9
58 40 5
58 41 5
58 42 6
58 43 4
58 44 3
58 45 1
58 46 8
58 47 9
58 48 6
58 49 6
58 50 9
58 51 6
58 52 1
58 53 10
58 54 7
58 55 6
58 56 4
58 57 10
59 0 6
59 1 5
59 2 1
59 3 9
59 4 5
59 5 10
59 6 3
59 7 2
59 8 6
59 9 10
59 10 5
59 11 4
59 12 4
59 13 1
59 14 1
59 15 3
59 16 5
59 17 1
59 18 2
59 19 10
59 20 7
59 21 6
59 22 7
59 23 4
59 24 6
59 25 9
59 26 7
59 27 6
59 28 5
59 29 9
59 30 8
59 31 2
59 32 1
59 33 7
59 34 8
59 35 4
59 36 7
59 37 7
59 38 3
59 39 9
59 40 9
59 41 8
59 42 5
59 43 2
59 44 9
59 45 4
59 46 9
59 47 8
59 48 8
59 49 1
59 50 4
59 51 2
59 52 8
59 53 3
59 54 4
59 55 6
59 56 6
59 57 5
59 58 5
