60
1 0 1
5 4 6
6 1 7
6 2 2
6 4 1
7 1 10
7 4 5
8 3 10
9 0 9
10 0 9
10 3 1
10 5 9
10 7 7
10 9 3
11 3 2
11 4 7
11 5 8
11 8 10
12 9 6
13 1 5
13 4 10
13 5 1
13 6 7
13 9 8
13 10 9
14 0 3
14 1 10
15 0 9
15 7 4
15 8 7
15 10 9
16 0 7
16 2 1
16 3 2
16 8 4
16 11 3
16 13 6
16 14 8
17 0 6
17 2 3
17 5 5
17 6 5
17 12 3
18 9 8
18 11 10
18 15 10
18 17 2
19 3 1
19 7 4
19 9 8
19 11 8
19 17 3
20 2 1
20 3 10
20 6 2
20 8 4
20 9 9
20 11 4
21 7 9
21 9 6
21 12 4
21 16 3
22 3 7
22 7 4
22 10 10
22 19 7
23 6 7
23 11 3
23 13 7
23 15 8
23 21 5
24 1 1
24 3 5
24 6 4
24 14 3
24 15 6
24 16 10
24 20 9
25 0 10
25 1 8
25 3 4
25 7 7
25 8 4
25 9 3
25 10 10
25 11 7
25 20 1
25 24 1
26 0 5
26 1 10
26 3 1
26 6 1
26 11 10
26 12 5
26 15 2
26 19 7
26 21 10
26 22 5
26 23 2
27 1 7
27 10 9
27 13 7
27 14 2
27 16 3
27 19 6
27 20 2
28 2 9
28 6 3
28 12 8
28 13 9
28 16 10
28 18 6
28 24 10
29 5 4
29 8 8
29 16 3
29 17 8
29 18 10
29 19 3
29 20 4
29 21 9
29 23 4
30 0 5
30 1 3
30 6 4
30 15 9
30 16 1
30 21 3
30 24 4
30 26 8
30 29 4
31 1 9
31 2 6
31 4 3
31 7 10
31 11 5
31 14 9
31 17 5
31 22 1
32 1 2
32 3 6
32 10 4
32 15 9
32 20 5
32 29 1
33 4 6
33 8 4
33 12 3
33 20 4
33 21 4
33 25 2
33 29 1
34 0 2
34 1 9
34 9 10
34 10 6
34 14 5
34 17 10
34 23 6
34 31 7
35 0 5
35 3 8
35 7 8
35 10 6
35 22 5
35 25 9
35 32 4
35 33 6
36 1 10
36 3 10
36 4 1
36 7 8
36 11 1
36 13 9
36 17 6
36 18 4
36 28 9
36 29 7
36 34 8
37 0 4
37 3 4
37 6 2
37 7 10
37 8 9
37 9 8
37 11 8
37 12 7
37 17 5
37 26 10
37 27 7
37 33 4
37 34 5
38 1 8
38 2 3
38 7 6
38 8 3
38 10 8
38 12 2
38 15 5
38 26 6
38 28 1
38 29 3
38 30 6
38 32 5
38 34 1
38 35 2
39 5 2
39 7 10
39 8 3
39 13 8
39 14 7
39 15 10
39 16 2
39 22 3
39 25 5
39 26 6
39 28 7
39 29 4
39 34 2
40 1 8
40 3 4
40 7 5
40 12 8
40 13 8
40 22 5
40 26 3
40 28 3
40 30 9
40 33 9
40 35 4
40 37 3
41 2 7
41 3 4
41 5 1
41 7 2
41 8 9
41 11 1
41 19 8
41 20 4
41 24 7
41 25 6
41 31 3
41 33 10
41 34 8
41 36 5
41 39 5
41 40 5
42 8 10
42 12 1
42 15 2
42 17 3
42 18 8
42 20 9
42 24 3
42 32 3
42 33 7
42 34 8
42 39 2
43 4 2
43 6 8
43 13 3
43 19 1
43 21 5
43 30 6
43 34 10
44 1 10
44 2 4
44 8 4
44 23 6
44 26 8
44 35 9
44 39 4
44 43 2
45 0 4
45 1 4
45 10 1
45 17 4
45 20 4
45 23 2
45 25 6
45 27 10
45 38 5
45 42 2
45 43 9
46 0 10
46 4 3
46 6 2
46 9 4
46 12 8
46 14 1
46 17 1
46 18 7
46 23 7
46 29 10
46 30 9
46 35 8
46 38 6
46 39 10
46 40 9
46 42 4
46 43 3
46 44 1
46 45 2
47 0 8
47 14 10
47 19 9
47 21 9
47 24 8
47 25 9
47 26 5
47 31 5
47 39 7
47 40 5
48 1 1
48 4 7
48 7 3
48 17 5
48 25 8
48 28 3
48 30 5
48 31 7
48 32 8
48 38 6
48 41 9
48 46 8
49 5 9
49 8 10
49 17 4
49 20 6
49 27 6
49 28 4
49 30 5
49 31 1
49 34 2
49 35 9
49 41 4
49 43 7
50 0 10
50 4 10
50 5 3
50 6 6
50 16 6
50 18 1
50 21 6
50 24 1
50 27 7
50 32 9
50 36 3
50 37 6
50 38 3
50 40 6
50 43 3
50 44 6
50 46 4
51 3 1
51 9 2
51 10 9
51 15 8
51 17 9
51 20 6
51 22 3
51 25 7
51 27 8
51 29 9
51 30 2
51 33 2
51 34 10
51 38 2
51 42 6
51 44 8
51 48 7
51 49 6
51 50 6
52 1 8
52 2 6
52 3 1
52 5 10
52 6 1
52 8 9
52 15 3
52 16 7
52 22 1
52 24 7
52 26 10
52 27 1
52 31 7
52 34 4
52 36 4
52 39 8
52 42 2
52 45 5
52 48 4
53 5 6
53 10 3
53 12 7
53 16 8
53 18 4
53 19 1
53 21 4
53 25 2
53 32 9
53 35 10
53 50 8
54 1 10
54 8 2
54 9 10
54 15 8
54 16 4
54 20 7
54 22 5
54 23 9
54 24 8
54 25 8
54 31 9
54 32 10
54 35 3
54 40 1
54 42 7
54 45 6
54 46 1
54 47 5
55 1 9
55 2 5
55 4 9
55 5 8
55 8 8
55 10 3
55 14 5
55 16 8
55 17 9
55 32 8
55 36 7
55 42 5
55 45 7
55 50 5
55 51 2
55 52 6
55 54 6
56 1 5
56 10 1
56 15 6
56 16 2
56 20 1
56 25 1
56 26 4
56 30 7
56 35 6
56 36 6
56 38 10
56 39 10
56 42 10
56 44 10
56 47 3
56 50 6
56 52 6
56 54 4
57 1 3
57 4 7
57 6 4
57 7 2
57 8 10
57 11 8
57 15 2
57 24 4
57 30 5
57 33 1
57 46 7
57 54 4
58 3 8
58 6 8
58 7 4
58 9 5
58 15 4
58 20 6
58 33 3
58 35 7
58 37 4
58 39 1
58 50 8
58 52 5
58 54 3
58 55 5
58 56 8
58 57 4
59 3 9
59 4 5
59 5 4
59 10 7
59 13 6
59 14 9
59 19 6
59 20 8
59 21 7
59 22 8
59 27 8
59 28 4
59 31 4
59 41 7
59 44 2
59 51 3
59 55 10
59 57 6
59 58 7
