60
2 1 11
3 0 104
3 2 49
4 0 157
4 1 98
4 2 28
5 0 20
5 1 53
5 3 136
5 4 107
6 0 139
6 2 125
6 3 65
6 4 47
6 5 132
7 0 52
7 1 40
7 4 68
7 5 12
7 6 113
8 0 88
8 2 83
8 4 48
8 5 140
8 7 61
9 1 35
9 6 81
9 8 59
10 0 55
10 1 129
10 2 28
10 4 89
10 5 68
10 6 54
10 8 158
10 9 67
11 0 90
11 1 35
11 3 95
11 5 78
11 6 55
11 7 128
11 8 131
11 9 59
11 10 86
12 1 15
12 2 94
12 3 18
12 4 87
12 5 121
12 6 63
12 8 115
12 9 29
12 10 39
12 11 48
13 3 138
13 5 113
13 6 123
13 7 86
13 9 90
13 10 142
13 12 20
14 3 105
14 4 32
14 5 116
14 6 41
14 7 144
14 10 11
14 11 155
15 0 146
15 1 128
15 3 132
15 4 29
15 7 120
15 9 119
15 10 68
15 12 26
15 13 129
16 0 159
16 1 18
16 3 18
16 5 117
16 8 11
16 11 85
16 12 103
16 14 108
17 1 154
17 2 124
17 3 157
17 4 32
17 5 63
17 6 4
17 7 19
17 8 89
17 10 43
17 12 8
17 13 50
17 16 86
18 0 115
18 1 110
18 2 81
18 6 60
18 8 87
18 10 116
18 11 99
18 12 129
18 13 33
18 14 22
18 15 39
18 16 134
18 17 20
19 0 126
19 1 61
19 2 82
19 4 10
19 5 58
19 7 69
19 9 7
19 10 84
19 11 41
19 12 54
19 16 20
19 17 4
20 0 84
20 1 9
20 4 2
20 5 31
20 11 151
20 12 66
20 14 25
20 15 45
20 16 38
20 17 96
20 18 156
21 0 70
21 1 46
21 2 116
21 3 70
21 5 68
21 6 52
21 10 70
21 13 154
21 15 3
21 16 26
21 18 38
22 2 128
22 3 123
22 4 150
22 6 52
22 7 15
22 9 40
22 10 30
22 13 46
22 15 64
22 18 148
22 19 18
22 20 106
22 21 131
23 0 134
23 4 51
23 5 154
23 10 94
23 11 85
23 14 160
23 15 106
23 16 127
23 18 152
23 19 26
23 20 132
24 5 26
24 8 7
24 10 90
24 11 87
24 13 41
24 14 22
24 18 78
24 20 38
24 22 31
24 23 37
25 0 131
25 1 54
25 3 83
25 5 1
25 7 46
25 8 58
25 10 67
25 11 57
25 14 34
25 15 94
25 18 109
25 19 123
25 20 137
25 21 86
26 4 137
26 5 124
26 6 23
26 9 3
26 10 149
26 13 87
26 15 113
26 19 32
26 22 43
26 24 21
26 25 50
27 3 105
27 4 75
27 6 154
27 7 69
27 9 98
27 10 47
27 11 117
27 12 139
27 13 77
27 14 87
27 15 57
27 16 113
27 17 139
27 18 8
27 19 1
27 22 67
27 23 108
27 24 137
27 25 111
27 26 19
28 1 19
28 2 110
28 3 1
28 4 119
28 5 38
28 7 106
28 9 145
28 12 63
28 14 151
28 18 76
28 19 66
28 20 19
28 22 19
28 23 92
28 24 117
28 25 96
28 27 57
29 0 20
29 2 131
29 3 116
29 4 32
29 5 76
29 7 55
29 10 144
29 12 5
29 13 12
29 14 139
29 16 3
29 20 34
29 21 88
29 22 50
29 23 2
29 25 3
29 28 2
30 0 68
30 2 147
30 3 154
30 5 4
30 11 9
30 12 6
30 13 58
30 16 10
30 17 112
30 19 14
30 22 94
30 23 145
30 25 137
30 27 108
30 29 106
31 1 71
31 3 26
31 4 3
31 5 159
31 6 75
31 7 112
31 9 109
31 12 117
31 15 10
31 16 91
31 18 19
31 19 1
31 20 75
31 21 137
31 22 96
31 23 101
31 25 4
31 27 81
32 2 132
32 5 12
32 8 11
32 11 109
32 12 85
32 14 158
32 15 67
32 17 115
32 18 104
32 20 22
32 21 50
32 22 124
32 23 2
32 27 130
32 28 11
32 29 102
32 30 131
32 31 59
33 1 98
33 4 122
33 5 71
33 7 49
33 11 64
33 13 21
33 14 3
33 15 105
33 17 13
33 18 25
33 19 24
33 21 99
33 23 46
33 24 118
33 28 25
33 30 25
33 31 12
33 32 125
34 0 145
34 2 144
34 4 21
34 5 136
34 6 25
34 7 5
34 9 66
34 11 137
34 14 134
34 16 158
34 17 66
34 18 140
34 19 160
34 21 86
34 22 16
34 24 117
34 25 1
34 26 106
34 30 105
34 31 74
34 32 30
35 0 123
35 1 135
35 2 26
35 4 88
35 5 10
35 6 91
35 9 83
35 10 160
35 12 79
35 13 33
35 14 114
35 16 128
35 17 47
35 18 44
35 19 111
35 20 154
35 22 42
35 23 118
35 24 18
35 25 68
35 27 142
35 28 29
35 29 140
35 32 1
36 0 86
36 1 116
36 3 70
36 4 43
36 6 2
36 7 49
36 9 2
36 17 54
36 19 128
36 22 129
36 23 90
36 24 65
36 26 130
36 28 63
36 29 102
36 30 84
36 31 15
36 33 68
36 34 50
36 35 152
37 1 2
37 2 156
37 3 64
37 5 67
37 6 87
37 10 117
37 13 75
37 15 134
37 16 102
37 17 99
37 18 61
37 19 151
37 21 81
37 23 59
37 25 142
37 28 131
37 29 105
37 30 66
37 32 121
37 33 137
37 34 77
37 35 15
38 2 80
38 4 85
38 5 76
38 11 113
38 16 131
38 17 92
38 18 25
38 21 152
38 23 28
38 25 154
38 26 37
38 28 79
38 30 135
38 36 140
38 37 101
39 0 91
39 2 153
39 3 54
39 4 138
39 5 29
39 7 100
39 8 65
39 9 57
39 11 133
39 12 127
39 18 128
39 19 145
39 22 59
39 24 40
39 25 31
39 26 57
39 27 59
39 28 104
39 29 68
39 30 105
39 31 53
39 32 152
39 33 78
39 34 117
39 37 99
40 1 43
40 2 57
40 3 3
40 4 96
40 5 67
40 6 39
40 8 158
40 11 156
40 12 30
40 14 49
40 15 103
40 17 11
40 20 132
40 21 94
40 22 62
40 23 16
40 24 104
40 26 132
40 27 142
40 30 56
40 32 76
40 33 80
40 34 152
40 35 60
40 36 45
40 38 124
40 39 17
41 3 129
41 4 39
41 6 122
41 9 35
41 10 39
41 11 152
41 13 18
41 14 137
41 15 160
41 17 110
41 22 44
41 23 16
41 24 23
41 25 125
41 27 11
41 29 141
41 30 141
41 31 31
41 33 29
41 35 35
41 36 79
41 37 52
41 38 69
41 40 67
42 0 65
42 2 84
42 3 69
42 5 145
42 6 133
42 7 93
42 8 28
42 13 8
42 14 42
42 16 98
42 18 143
42 19 53
42 20 20
42 21 128
42 22 99
42 24 157
42 27 15
42 28 105
42 30 3
42 31 75
42 34 66
42 35 22
42 36 154
42 37 40
42 38 122
42 41 35
43 0 45
43 1 138
43 5 85
43 6 22
43 13 94
43 14 94
43 15 97
43 16 150
43 20 74
43 22 117
43 23 122
43 24 62
43 28 150
43 30 3
43 31 50
43 34 12
43 36 160
43 37 133
43 38 103
43 39 88
43 41 20
44 1 1
44 4 109
44 5 141
44 6 34
44 9 14
44 10 74
44 11 133
44 12 93
44 14 141
44 15 93
44 17 7
44 24 48
44 25 35
44 26 125
44 30 154
44 31 41
44 33 61
44 36 101
44 38 88
44 41 79
44 42 102
44 43 40
45 1 48
45 2 127
45 5 38
45 6 43
45 9 68
45 11 39
45 13 84
45 14 81
45 15 133
45 17 153
45 18 86
45 20 95
45 21 1
45 22 2
45 24 43
45 25 131
45 26 60
45 29 103
45 31 141
45 33 126
45 34 121
45 35 114
45 36 22
45 37 160
45 38 51
45 39 11
46 1 145
46 2 133
46 3 159
46 7 140
46 8 34
46 10 68
46 12 29
46 13 40
46 18 42
46 19 76
46 21 110
46 24 50
46 25 16
46 26 56
46 27 110
46 28 89
46 29 148
46 32 155
46 33 141
46 34 86
46 36 57
46 37 54
46 38 9
46 39 96
46 40 96
46 42 43
46 45 47
47 0 114
47 5 22
47 6 33
47 7 99
47 9 127
47 10 149
47 11 69
47 12 138
47 13 71
47 15 113
47 16 70
47 17 143
47 19 103
47 21 152
47 23 156
47 24 2
47 25 142
47 26 102
47 27 109
47 29 136
47 32 103
47 33 127
47 34 3
47 35 23
47 36 16
47 37 53
47 38 100
47 39 116
47 41 105
47 42 31
47 45 137
48 3 104
48 5 39
48 6 62
48 7 53
48 10 141
48 12 3
48 13 121
48 15 120
48 16 48
48 17 43
48 18 89
48 19 110
48 21 114
48 23 21
48 25 153
48 26 110
48 28 40
48 30 53
48 31 116
48 33 115
48 36 158
48 37 124
48 38 29
48 39 139
48 41 124
48 42 156
48 44 83
48 45 76
48 46 39
49 3 133
49 5 145
49 6 21
49 7 12
49 8 121
49 10 46
49 11 95
49 13 41
49 16 152
49 17 67
49 18 45
49 21 51
49 24 70
49 25 8
49 26 63
49 27 105
49 28 20
49 29 12
49 31 92
49 34 116
49 35 101
49 36 70
49 40 99
49 41 58
49 42 53
49 43 56
49 44 8
49 45 146
50 0 66
50 1 89
50 2 16
50 5 157
50 8 139
50 10 61
50 12 45
50 13 52
50 14 157
50 15 15
50 16 152
50 17 136
50 20 145
50 21 14
50 22 70
50 24 79
50 25 123
50 26 55
50 30 118
50 31 132
50 32 157
50 33 53
50 35 66
50 37 55
50 41 123
50 43 76
50 46 34
50 49 141
51 1 138
51 5 132
51 6 39
51 7 136
51 8 93
51 9 139
51 10 108
51 15 104
51 17 24
51 19 81
51 22 44
51 24 93
51 25 59
51 26 95
51 28 31
51 29 124
51 32 28
51 34 54
51 35 59
51 36 124
51 37 121
51 40 95
51 45 12
51 46 63
51 48 132
51 49 33
52 1 73
52 2 142
52 3 34
52 5 7
52 7 16
52 11 26
52 12 57
52 15 69
52 16 32
52 17 44
52 18 70
52 19 72
52 20 5
52 21 80
52 25 30
52 26 36
52 28 79
52 29 91
52 30 54
52 31 40
52 32 17
52 35 132
52 36 139
52 39 49
52 40 27
52 41 138
52 42 100
52 44 30
52 45 80
52 48 29
52 50 47
53 1 93
53 2 70
53 5 30
53 7 60
53 11 42
53 13 87
53 14 146
53 15 27
53 16 89
53 17 130
53 18 74
53 19 131
53 20 108
53 21 57
53 23 158
53 24 37
53 25 146
53 26 117
53 27 80
53 30 96
53 31 95
53 32 57
53 40 73
53 41 16
53 42 75
53 43 61
53 44 56
53 45 58
53 46 150
53 47 97
53 49 97
53 51 26
54 0 26
54 3 137
54 5 8
54 7 79
54 8 131
54 11 3
54 12 24
54 14 9
54 16 96
54 18 31
54 20 112
54 24 16
54 25 24
54 32 8
54 35 105
54 36 127
54 38 158
54 39 148
54 40 76
54 41 6
54 42 146
54 43 72
54 44 25
54 45 86
54 46 115
54 48 52
54 49 115
54 50 112
54 52 115
54 53 15
55 0 118
55 1 112
55 2 139
55 4 71
55 6 62
55 7 2
55 9 11
55 16 11
55 20 74
55 21 131
55 23 44
55 24 36
55 29 18
55 31 77
55 32 1
55 33 146
55 34 97
55 37 116
55 38 117
55 42 88
55 43 86
55 46 128
55 48 110
55 49 62
55 53 121
55 54 24
56 2 29
56 3 73
56 4 112
56 5 32
56 6 139
56 9 143
56 10 86
56 11 10
56 12 137
56 13 37
56 16 19
56 18 26
56 22 5
56 23 58
56 27 48
56 29 112
56 30 55
56 33 153
56 34 108
56 39 149
56 42 46
56 44 33
56 45 133
56 47 22
56 49 125
56 54 38
57 1 65
57 2 110
57 3 41
57 4 160
57 6 49
57 8 133
57 9 102
57 11 22
57 14 55
57 16 74
57 17 16
57 19 15
57 20 137
57 21 108
57 24 124
57 25 84
57 26 51
57 27 76
57 28 49
57 30 95
57 33 142
57 34 111
57 35 128
57 36 22
57 39 60
57 40 120
57 41 25
57 43 71
57 44 135
57 45 145
57 47 78
57 48 148
57 50 26
57 51 66
57 52 96
57 53 18
57 56 22
58 0 152
58 3 20
58 4 122
58 5 53
58 7 85
58 8 120
58 9 140
58 10 68
58 11 15
58 13 43
58 16 19
58 17 143
58 18 50
58 19 154
58 20 55
58 21 157
58 23 134
58 27 159
58 28 138
58 29 15
58 30 46
58 34 101
58 35 11
58 36 158
58 37 128
58 38 50
58 42 25
58 43 139
58 44 72
58 45 149
58 46 156
58 49 10
58 50 2
58 53 56
58 54 22
58 55 67
58 57 101
59 0 1
59 5 44
59 6 8
59 9 81
59 10 106
59 11 9
59 14 109
59 15 28
59 20 14
59 21 62
59 23 40
59 24 19
59 27 18
59 28 102
59 29 160
59 30 70
59 31 149
59 32 122
59 36 29
59 38 88
59 40 68
59 41 100
59 42 122
59 43 108
59 44 4
59 46 43
59 47 101
59 48 70
59 49 100
59 50 76
59 53 13
59 55 113
59 58 46
