70
2 0 9
2 1 15
3 2 3
4 0 6
4 1 1
4 2 11
4 3 12
6 1 10
6 2 4
6 3 7
6 5 19
7 0 6
7 1 2
7 3 19
7 6 10
8 0 4
8 1 13
8 2 7
8 6 20
9 3 14
9 4 11
9 8 4
10 1 8
10 2 2
10 3 5
10 6 17
10 8 17
10 9 14
11 0 1
11 1 7
11 4 18
11 7 2
11 9 8
11 10 4
12 2 9
12 3 2
12 7 7
12 8 1
12 9 2
12 10 8
12 11 20
13 0 17
13 1 6
13 3 12
13 4 10
13 5 18
13 6 4
13 9 7
13 11 13
14 3 17
14 6 1
14 8 13
14 11 16
15 1 5
15 2 4
15 6 12
15 11 1
15 13 12
16 0 14
16 1 19
16 3 3
16 7 2
16 8 1
16 9 17
16 11 4
16 12 18
17 2 13
17 5 15
17 7 1
17 8 11
17 10 12
17 14 20
18 0 11
18 1 8
18 2 19
18 4 11
18 6 16
18 8 20
18 10 15
18 11 20
18 13 14
18 14 13
18 16 15
19 0 11
19 2 8
19 6 4
19 8 16
19 9 13
19 10 5
19 11 10
19 13 16
19 15 13
19 16 13
19 17 10
20 1 11
20 4 9
20 5 6
20 6 18
20 7 10
20 8 5
20 9 5
20 13 8
20 16 7
20 17 18
20 18 14
20 19 7
21 1 14
21 2 6
21 4 13
21 5 2
21 7 11
21 9 17
21 10 13
21 13 19
21 14 2
21 15 7
21 19 15
21 20 1
22 3 17
22 4 11
22 8 2
22 11 5
22 12 14
22 15 12
22 16 9
22 17 4
22 18 9
23 0 5
23 1 16
23 4 19
23 5 4
23 12 15
23 13 8
23 21 4
23 22 3
24 4 8
24 5 5
24 6 18
24 7 20
24 11 20
24 12 3
24 13 14
24 17 5
24 20 1
24 22 14
24 23 9
25 0 19
25 1 1
25 6 2
25 7 4
25 12 6
25 13 13
25 15 10
25 20 3
25 21 5
25 22 14
25 23 1
26 1 9
26 6 7
26 8 20
26 9 13
26 11 10
26 12 3
26 16 4
26 18 17
26 19 17
26 20 14
26 22 16
26 23 13
26 24 17
27 1 15
27 3 5
27 5 10
27 6 2
27 7 2
27 8 9
27 9 1
27 10 6
27 12 10
27 15 10
27 20 14
27 21 12
27 22 9
27 24 15
27 25 6
27 26 9
28 2 9
28 4 4
28 5 18
28 6 15
28 7 6
28 8 12
28 9 20
28 10 10
28 12 11
28 13 9
28 14 16
28 15 19
28 16 12
28 18 11
28 19 2
28 20 4
28 22 12
28 27 6
29 3 8
29 6 17
29 9 9
29 11 19
29 12 3
29 13 12
29 16 5
29 18 1
29 20 12
29 23 14
29 26 16
29 27 10
29 28 19
30 0 18
30 6 19
30 7 2
30 11 18
30 14 12
30 16 13
30 17 14
30 21 15
30 25 11
30 28 15
30 29 15
31 0 11
31 1 6
31 2 2
31 3 17
31 4 20
31 5 6
31 7 15
31 9 16
31 11 18
31 12 8
31 13 5
31 17 15
31 19 14
31 22 10
31 23 20
31 27 13
31 28 2
32 0 13
32 1 9
32 4 19
32 7 11
32 9 15
32 11 11
32 13 3
32 14 5
32 15 18
32 16 10
32 17 20
32 19 19
32 21 17
32 22 3
32 23 9
32 26 5
32 27 14
32 29 19
32 31 8
33 1 7
33 2 1
33 3 10
33 4 12
33 8 12
33 9 8
33 12 1
33 13 4
33 14 16
33 16 10
33 19 3
33 20 13
33 22 5
33 23 18
33 24 8
33 27 9
33 29 18
33 30 10
33 31 19
33 32 4
34 0 10
34 1 16
34 3 19
34 5 17
34 6 12
34 10 4
34 11 13
34 12 19
34 13 7
34 15 20
34 16 9
34 17 19
34 18 16
34 21 17
34 22 6
34 24 12
34 26 5
34 27 4
34 28 15
34 31 20
34 32 12
34 33 1
35 0 18
35 1 15
35 2 2
35 6 7
35 8 14
35 10 20
35 12 14
35 14 3
35 21 6
35 25 19
35 30 12
35 31 15
35 33 5
36 0 2
36 2 14
36 4 18
36 10 12
36 15 16
36 17 9
36 20 4
36 26 16
36 27 2
36 29 13
36 33 2
37 2 8
37 3 5
37 4 2
37 7 15
37 8 7
37 9 20
37 11 15
37 12 6
37 13 13
37 15 13
37 17 5
37 19 19
37 20 13
37 25 3
37 26 6
37 28 1
37 29 13
37 30 12
37 32 20
37 33 19
37 35 11
37 36 18
38 1 5
38 2 8
38 5 11
38 7 19
38 8 17
38 9 3
38 13 14
38 14 10
38 17 12
38 18 3
38 20 18
38 21 19
38 23 17
38 24 4
38 26 11
38 29 19
38 30 12
38 31 2
38 32 13
38 33 7
38 34 5
38 35 2
38 36 20
39 1 16
39 3 19
39 4 12
39 7 6
39 9 4
39 10 16
39 15 1
39 22 19
39 23 2
39 24 10
39 27 3
39 28 14
39 30 10
39 34 3
39 35 20
39 36 19
39 37 8
40 9 16
40 12 10
40 15 14
40 16 6
40 19 20
40 20 8
40 22 14
40 23 14
40 28 15
40 29 11
40 32 1
40 35 8
40 36 8
40 37 20
40 38 16
41 4 16
41 5 15
41 6 3
41 10 1
41 12 13
41 13 20
41 14 8
41 18 10
41 25 19
41 27 5
41 28 15
41 29 10
41 32 7
41 34 12
41 35 12
41 37 2
41 39 2
42 1 10
42 2 6
42 3 18
42 4 1
42 5 18
42 6 10
42 7 11
42 9 10
42 13 8
42 16 14
42 18 10
42 20 20
42 22 3
42 24 5
42 26 9
42 27 14
42 31 17
42 33 19
42 40 12
42 41 14
43 2 4
43 3 10
43 5 18
43 7 1
43 10 17
43 11 17
43 13 14
43 15 7
43 17 10
43 18 15
43 19 6
43 20 6
43 24 4
43 25 15
43 26 6
43 36 16
43 37 20
43 40 20
43 42 17
44 0 20
44 1 5
44 2 10
44 3 18
44 6 3
44 10 15
44 12 9
44 15 13
44 16 14
44 17 8
44 20 3
44 22 15
44 23 5
44 24 8
44 26 6
44 27 17
44 34 1
44 35 6
44 37 11
44 38 8
44 39 11
44 42 18
44 43 6
45 1 4
45 2 11
45 6 7
45 7 7
45 9 11
45 10 16
45 11 11
45 12 10
45 13 8
45 14 15
45 17 5
45 19 7
45 21 17
45 22 19
45 24 5
45 26 9
45 27 12
45 31 15
45 35 13
45 36 6
45 37 20
45 39 3
45 41 6
45 44 9
46 0 7
46 2 10
46 12 19
46 13 19
46 15 3
46 17 19
46 18 15
46 20 13
46 21 2
46 23 7
46 24 4
46 26 20
46 29 13
46 32 20
46 34 10
46 35 3
46 37 12
46 40 4
46 41 6
46 42 19
46 43 18
47 1 17
47 6 12
47 9 6
47 12 19
47 13 2
47 14 5
47 15 7
47 16 4
47 17 10
47 18 8
47 23 7
47 24 17
47 26 12
47 32 5
47 33 4
47 34 20
47 35 20
47 36 5
47 37 17
47 38 16
47 42 11
47 43 3
47 44 10
47 45 3
47 46 2
48 2 20
48 3 18
48 5 14
48 9 1
48 10 9
48 11 5
48 12 9
48 13 16
48 14 12
48 15 9
48 17 3
48 18 10
48 20 5
48 22 11
48 23 18
48 25 15
48 27 19
48 31 11
48 34 19
48 35 17
48 36 20
48 40 15
48 41 7
48 42 9
48 44 10
48 47 9
49 0 14
49 2 1
49 4 14
49 6 11
49 7 17
49 13 5
49 15 10
49 20 7
49 23 13
49 24 15
49 25 9
49 26 17
49 29 15
49 34 10
49 39 17
49 41 2
49 43 3
49 46 14
50 0 20
50 1 17
50 2 6
50 4 8
50 13 1
50 14 18
50 16 17
50 20 18
50 21 11
50 24 17
50 25 13
50 26 12
50 27 6
50 28 1
50 30 16
50 31 15
50 33 16
50 34 9
50 36 10
50 38 18
50 40 13
50 42 4
50 45 20
51 1 16
51 2 19
51 4 16
51 7 5
51 8 4
51 9 2
51 10 17
51 12 20
51 13 13
51 14 20
51 17 3
51 18 4
51 19 15
51 20 3
51 23 1
51 24 7
51 25 8
51 26 14
51 28 6
51 29 19
51 30 2
51 31 15
51 38 3
51 41 13
51 43 18
51 45 20
51 49 18
51 50 7
52 0 3
52 1 9
52 2 7
52 3 20
52 5 18
52 6 11
52 8 3
52 9 11
52 10 11
52 11 19
52 13 6
52 17 6
52 19 2
52 21 16
52 23 2
52 31 8
52 32 20
52 33 14
52 35 9
52 36 2
52 37 10
52 39 15
52 42 7
52 44 19
53 0 17
53 1 16
53 2 17
53 7 16
53 8 14
53 11 4
53 12 9
53 15 19
53 16 17
53 17 7
53 18 1
53 21 13
53 22 20
53 23 18
53 26 14
53 32 10
53 34 6
53 35 18
53 38 8
53 44 8
53 45 16
53 47 11
53 49 9
53 50 1
54 0 2
54 3 20
54 7 12
54 8 10
54 9 5
54 11 14
54 12 8
54 13 19
54 15 19
54 16 3
54 17 5
54 18 4
54 22 2
54 29 5
54 30 20
54 31 14
54 32 4
54 35 11
54 36 9
54 38 7
54 42 4
54 43 2
54 45 3
54 47 1
54 48 6
54 51 15
54 53 11
55 0 5
55 1 19
55 2 8
55 4 20
55 6 1
55 7 18
55 8 14
55 9 7
55 10 6
55 11 9
55 12 19
55 16 14
55 17 1
55 18 18
55 22 6
55 25 12
55 26 19
55 32 5
55 34 15
55 35 12
55 37 3
55 38 7
55 41 12
55 42 19
55 43 11
55 46 5
55 49 13
55 51 14
55 52 12
55 54 14
56 0 20
56 4 6
56 6 12
56 9 18
56 10 2
56 11 14
56 12 5
56 14 10
56 17 16
56 20 13
56 21 20
56 22 4
56 26 20
56 27 9
56 32 3
56 35 15
56 37 8
56 38 14
56 40 13
56 41 4
56 42 9
56 43 10
56 44 19
56 46 5
56 48 10
56 52 4
56 53 1
56 54 18
56 55 19
57 3 10
57 4 9
57 5 6
57 6 14
57 9 8
57 15 5
57 17 4
57 18 9
57 19 9
57 21 14
57 24 18
57 25 18
57 26 15
57 27 16
57 31 8
57 32 6
57 33 14
57 36 5
57 37 16
57 40 2
57 42 6
57 44 7
57 46 16
57 51 9
57 52 3
58 0 4
58 1 2
58 5 13
58 9 17
58 10 10
58 11 10
58 12 17
58 13 9
58 16 5
58 17 2
58 19 6
58 21 20
58 23 12
58 27 8
58 28 19
58 30 5
58 31 13
58 32 5
58 33 13
58 34 12
58 36 13
58 40 7
58 45 18
58 46 8
58 50 15
58 53 14
58 55 9
58 56 3
59 0 3
59 2 5
59 3 9
59 8 8
59 9 12
59 12 6
59 13 7
59 16 6
59 17 19
59 20 13
59 21 4
59 24 3
59 26 8
59 27 1
59 31 2
59 32 1
59 33 5
59 34 9
59 36 8
59 37 8
59 38 7
59 41 10
59 42 20
59 44 4
59 45 2
59 49 9
59 50 13
59 51 7
59 52 15
59 53 11
59 54 19
59 56 14
59 58 11
60 1 4
60 4 11
60 7 10
60 9 20
60 10 14
60 11 2
60 12 1
60 15 11
60 16 2
60 17 8
60 19 15
60 20 18
60 21 20
60 25 14
60 29 2
60 30 16
60 31 6
60 32 8
60 33 11
60 35 9
60 37 14
60 39 3
60 40 17
60 41 10
60 42 6
60 43 13
60 46 7
60 51 4
60 53 7
60 59 5
61 4 17
61 6 8
61 7 4
61 9 18
61 10 11
61 12 12
61 13 7
61 14 20
61 16 5
61 17 2
61 18 20
61 23 17
61 27 19
61 28 12
61 30 11
61 31 1
61 33 6
61 34 9
61 38 1
61 39 1
61 42 9
61 45 19
61 47 5
61 49 20
61 52 10
61 53 3
61 55 3
61 58 7
61 60 16
62 0 17
62 1 18
62 4 17
62 5 1
62 7 20
62 9 11
62 11 15
62 12 18
62 15 9
62 16 14
62 17 1
62 21 5
62 23 8
62 24 10
62 25 18
62 29 6
62 30 7
62 36 3
62 38 10
62 42 11
62 47 6
62 49 19
62 50 8
62 53 11
62 55 13
62 56 5
62 58 20
62 60 16
62 61 7
63 3 11
63 4 11
63 6 18
63 7 16
63 9 9
63 11 13
63 13 6
63 15 1
63 16 9
63 17 4
63 19 11
63 20 10
63 22 5
63 23 3
63 24 18
63 25 10
63 26 19
63 29 6
63 30 19
63 31 2
63 33 18
63 35 18
63 37 6
63 38 3
63 43 4
63 46 12
63 48 16
63 49 11
63 50 8
63 53 3
63 55 5
63 57 7
63 58 2
63 62 10
64 3 16
64 4 7
64 7 8
64 9 15
64 12 19
64 14 15
64 15 19
64 17 8
64 19 3
64 22 8
64 25 2
64 26 6
64 32 3
64 34 19
64 35 11
64 39 4
64 42 7
64 45 13
64 46 14
64 47 16
64 48 6
64 49 10
64 50 5
64 51 4
64 53 3
64 54 4
64 55 5
64 56 9
64 57 20
64 59 17
64 62 13
64 63 20
65 3 19
65 6 14
65 7 7
65 8 15
65 9 11
65 10 15
65 11 8
65 12 17
65 13 19
65 14 13
65 16 6
65 17 14
65 18 2
65 20 19
65 21 13
65 22 14
65 23 20
65 26 11
65 27 15
65 28 6
65 33 6
65 34 9
65 36 6
65 37 2
65 43 9
65 45 14
65 48 17
65 50 14
65 54 1
65 57 13
65 59 9
65 61 6
65 63 9
66 1 6
66 2 18
66 6 14
66 7 19
66 11 15
66 12 11
66 15 9
66 18 11
66 22 8
66 24 3
66 25 10
66 27 11
66 28 6
66 29 8
66 32 5
66 35 11
66 39 11
66 41 16
66 42 10
66 45 1
66 46 7
66 48 13
66 51 10
66 53 4
66 55 12
66 56 4
66 57 9
66 60 5
66 61 10
66 62 12
66 63 16
66 64 14
66 65 14
67 0 5
67 1 17
67 4 1
67 6 10
67 8 2
67 9 3
67 13 14
67 14 9
67 15 15
67 19 19
67 22 1
67 23 14
67 25 5
67 27 3
67 31 8
67 36 14
67 37 8
67 41 3
67 42 15
67 44 9
67 45 16
67 46 18
67 47 7
67 51 11
67 53 4
67 54 13
67 59 4
67 61 12
67 63 10
67 66 6
68 0 8
68 1 16
68 3 15
68 4 19
68 6 7
68 9 7
68 14 6
68 15 16
68 16 5
68 17 19
68 19 13
68 20 11
68 21 15
68 22 8
68 23 2
68 25 2
68 28 17
68 30 2
68 33 7
68 34 5
68 39 4
68 40 3
68 42 20
68 43 17
68 44 3
68 48 17
68 49 12
68 50 1
68 51 1
68 52 17
68 53 7
68 55 19
68 58 6
68 60 8
68 61 10
68 62 20
68 64 6
68 65 17
69 2 4
69 3 5
69 11 10
69 14 4
69 16 12
69 18 11
69 21 11
69 23 12
69 28 9
69 30 5
69 31 3
69 32 8
69 34 13
69 36 12
69 40 4
69 41 6
69 42 18
69 43 11
69 51 3
69 52 14
69 54 1
69 55 15
69 61 16
69 63 1
69 64 8
69 68 13
