20
1 0 74
2 0 66
2 1 12
3 0 7
3 1 44
3 2 46
4 2 50
4 3 61
5 0 26
5 1 13
5 3 72
5 4 36
6 1 53
6 2 27
6 3 69
6 5 26
7 0 33
7 1 78
7 2 37
8 0 14
8 1 13
8 4 22
8 5 50
8 7 16
9 0 53
9 2 80
9 4 7
9 5 52
9 6 21
9 7 5
9 8 41
10 0 18
10 1 50
10 3 48
10 4 2
10 5 5
10 6 38
10 8 45
11 0 73
11 2 26
11 3 6
11 6 36
11 7 17
11 8 29
12 0 41
12 1 78
12 5 19
12 6 63
12 7 39
12 11 75
13 0 80
13 1 16
13 2 12
13 3 28
13 4 7
13 5 39
13 8 35
13 10 61
13 12 42
14 0 53
14 1 55
14 2 35
14 3 23
14 4 7
14 5 45
14 6 8
14 7 25
14 8 39
15 1 25
15 4 66
15 6 27
15 7 41
15 8 26
15 9 11
15 10 22
15 12 27
15 13 35
15 14 57
16 0 9
16 1 66
16 4 1
16 5 74
16 6 6
16 7 25
16 10 8
16 11 12
16 12 68
16 15 36
17 0 56
17 1 42
17 3 32
17 7 18
17 8 8
17 9 77
17 12 6
17 14 59
17 16 12
18 1 20
18 2 37
18 3 13
18 6 28
18 7 9
18 9 40
18 10 11
18 11 67
18 12 25
18 15 6
18 16 36
18 17 74
19 2 80
19 4 13
19 5 26
19 8 45
19 9 77
19 10 74
19 11 58
19 12 61
19 15 10
19 17 13
19 18 63
