30
2 1 83
3 0 30
4 1 150
4 3 33
5 0 90
5 1 142
5 2 52
5 3 36
6 1 48
6 2 60
6 3 66
6 5 86
7 2 57
7 5 70
7 6 110
8 1 16
8 2 16
8 4 77
8 5 70
9 2 146
9 4 20
9 5 27
10 5 62
10 7 24
11 4 140
11 5 34
11 6 153
11 9 85
12 0 142
12 4 38
12 5 67
12 6 140
12 8 155
12 10 20
12 11 31
13 0 18
13 3 13
13 4 130
13 5 138
13 7 75
13 8 115
13 9 26
13 10 134
13 12 120
14 6 113
14 7 122
14 11 26
15 1 31
15 4 74
15 7 21
15 8 141
15 10 142
15 11 116
15 12 81
15 14 142
16 2 73
16 6 15
16 12 131
16 13 74
16 14 76
17 0 73
17 7 102
17 8 96
17 11 116
17 14 105
17 15 112
17 16 157
18 2 149
18 10 14
18 11 154
18 12 111
18 15 104
18 16 154
19 1 69
19 2 88
19 3 140
19 4 125
19 5 129
19 6 8
19 11 144
19 12 140
19 13 131
19 15 52
19 17 125
19 18 134
20 3 64
20 6 150
20 10 16
20 11 38
20 14 27
20 15 142
20 16 21
20 18 20
20 19 95
21 3 63
21 9 149
21 11 46
21 15 26
21 16 103
21 18 122
21 20 94
22 1 54
22 13 154
22 14 64
22 18 75
22 19 144
22 21 155
23 3 17
23 5 143
23 6 103
23 10 153
23 11 49
23 15 92
23 16 131
23 17 107
23 18 4
23 19 24
23 21 139
23 22 25
24 1 26
24 2 10
24 5 18
24 11 21
24 13 148
24 14 106
24 15 89
24 18 140
24 22 103
25 1 130
25 3 144
25 7 79
25 8 9
25 9 62
25 12 15
25 16 103
25 17 39
25 20 159
25 24 149
26 2 151
26 4 110
26 5 126
26 6 25
26 8 135
26 10 112
26 11 107
26 14 22
26 15 2
26 17 28
26 23 52
27 0 82
27 4 141
27 5 20
27 8 122
27 13 24
27 14 75
27 15 65
27 16 113
27 22 90
27 24 9
27 26 117
28 8 120
28 9 81
28 11 112
28 12 157
28 14 121
28 17 101
28 19 118
28 21 148
28 22 103
28 24 88
28 27 44
29 3 103
29 4 123
29 5 119
29 6 9
29 8 105
29 14 118
29 16 101
29 18 93
29 21 42
29 23 30
29 26 70
29 28 5
