60
1 0 195
2 0 14
2 1 103
3 0 74
3 1 133
3 2 19
4 0 251
4 1 119
4 2 295
4 3 88
5 0 229
5 1 294
5 2 67
5 3 46
5 4 219
6 0 257
6 1 24
6 2 38
6 3 164
6 4 23
6 5 74
7 0 30
7 1 235
7 2 221
7 3 116
7 4 296
7 5 257
7 6 226
8 0 72
8 1 297
8 2 294
8 3 142
8 4 65
8 5 218
8 6 158
8 7 163
9 0 1
9 1 175
9 2 179
9 3 248
9 4 130
9 5 223
9 6 211
9 7 226
9 8 87
10 0 202
10 1 17
10 2 189
10 3 62
10 4 120
10 5 85
10 6 197
10 7 158
10 8 291
10 9 81
11 0 266
11 1 160
11 2 177
11 3 261
11 4 130
11 5 79
11 6 73
11 7 308
11 8 251
11 9 15
11 10 306
12 0 116
12 1 184
12 2 198
12 3 308
12 4 37
12 5 110
12 6 215
12 7 65
12 8 142
12 9 196
12 10 41
12 11 85
13 0 24
13 1 231
13 2 141
13 3 287
13 4 122
13 5 126
13 6 203
13 7 205
13 8 185
13 9 42
13 10 8
13 11 102
13 12 162
14 0 249
14 1 256
14 2 114
14 3 270
14 4 293
14 5 272
14 6 58
14 7 241
14 8 285
14 9 180
14 10 58
14 11 95
14 12 205
14 13 160
15 0 313
15 1 51
15 2 205
15 3 34
15 4 308
15 5 149
15 6 202
15 7 293
15 8 128
15 9 247
15 10 296
15 11 284
15 12 166
15 13 161
15 14 156
16 0 271
16 1 116
16 2 132
16 3 19
16 4 49
16 5 126
16 6 272
16 7 11
16 8 23
16 9 24
16 10 282
16 11 283
16 12 156
16 13 292
16 14 185
16 15 80
17 0 288
17 1 231
17 2 7
17 3 39
17 4 282
17 5 26
17 6 263
17 7 201
17 8 134
17 9 70
17 10 63
17 11 128
17 12 260
17 13 266
17 14 291
17 15 166
17 16 16
18 0 175
18 1 208
18 2 163
18 3 275
18 4 23
18 5 191
18 6 292
18 7 267
18 8 57
18 9 89
18 10 113
18 11 103
18 12 32
18 13 312
18 14 59
18 15 3
18 16 17
18 17 87
19 0 33
19 1 116
19 2 262
19 3 160
19 4 96
19 5 115
19 6 223
19 7 56
19 8 26
19 9 57
19 10 94
19 11 219
19 12 313
19 13 257
19 14 273
19 15 263
19 16 264
19 17 215
19 18 52
20 0 295
20 1 95
20 2 259
20 3 80
20 4 218
20 5 280
20 6 53
20 7 112
20 8 308
20 9 89
20 10 4
20 11 294
20 12 31
20 13 245
20 14 200
20 15 200
20 16 172
20 17 292
20 18 211
20 19 195
21 0 285
21 1 228
21 2 285
21 3 155
21 4 195
21 5 46
21 6 88
21 7 251
21 8 293
21 9 169
21 10 143
21 11 286
21 12 251
21 13 104
21 14 47
21 15 218
21 16 305
21 17 71
21 18 65
21 19 100
21 20 117
22 0 195
22 1 10
22 2 316
22 3 168
22 4 266
22 5 254
22 6 194
22 7 178
22 8 261
22 9 213
22 10 182
22 11 34
22 12 299
22 13 285
22 14 77
22 15 90
22 16 75
22 17 168
22 18 250
22 19 74
22 20 122
22 21 19
23 0 112
23 1 60
23 2 294
23 3 117
23 4 288
23 5 310
23 6 239
23 7 193
23 8 33
23 9 89
23 10 286
23 11 13
23 12 24
23 13 107
23 14 308
23 15 305
23 16 298
23 17 213
23 18 275
23 19 16
23 20 133
23 21 17
23 22 216
24 0 17
24 1 18
24 2 3
24 3 263
24 4 132
24 5 202
24 6 83
24 7 257
24 8 93
24 9 283
24 10 26
24 11 66
24 12 86
24 13 248
24 14 176
24 15 259
24 16 138
24 17 226
24 18 305
24 19 289
24 20 246
24 21 170
24 22 309
24 23 55
25 0 22
25 1 77
25 2 118
25 3 254
25 4 230
25 5 206
25 6 112
25 7 182
25 8 34
25 9 161
25 10 234
25 11 71
25 12 166
25 13 275
25 14 194
25 15 81
25 16 242
25 17 168
25 18 81
25 19 291
25 20 270
25 21 5
25 22 109
25 23 53
25 24 176
26 0 121
26 1 233
26 2 273
26 3 196
26 4 212
26 5 135
26 6 74
26 7 280
26 8 14
26 9 152
26 10 217
26 11 230
26 12 254
26 13 291
26 14 113
26 15 169
26 16 201
26 17 291
26 18 292
26 19 11
26 20 47
26 21 287
26 22 211
26 23 254
26 24 120
26 25 81
27 0 245
27 1 55
27 2 192
27 3 237
27 4 126
27 5 170
27 6 17
27 7 295
27 8 267
27 9 173
27 10 41
27 11 55
27 12 21
27 13 254
27 14 45
27 15 1
27 16 89
27 17 46
27 18 277
27 19 266
27 20 92
27 21 146
27 22 113
27 23 140
27 24 300
27 25 214
27 26 235
28 0 217
28 1 259
28 2 121
28 3 6
28 4 95
28 5 298
28 6 106
28 7 49
28 8 252
28 9 88
28 10 178
28 11 242
28 12 236
28 13 63
28 14 316
28 15 112
28 16 20
28 17 58
28 18 266
28 19 3
28 20 26
28 21 154
28 22 12
28 23 232
28 24 106
28 25 174
28 26 191
28 27 290
29 0 177
29 1 98
29 2 183
29 3 264
29 4 105
29 5 245
29 6 9
29 7 301
29 8 49
29 9 122
29 10 99
29 11 120
29 12 28
29 13 72
29 14 104
29 15 1
29 16 55
29 17 309
29 18 249
29 19 293
29 20 74
29 21 16
29 22 158
29 23 74
29 24 276
29 25 226
29 26 97
29 27 160
29 28 199
30 0 199
30 1 41
30 2 62
30 3 240
30 4 133
30 5 71
30 6 318
30 7 305
30 8 87
30 9 228
30 10 292
30 11 26
30 12 103
30 13 289
30 14 138
30 15 225
30 16 220
30 17 311
30 18 66
30 19 296
30 20 80
30 21 8
30 22 317
30 23 317
30 24 170
30 25 221
30 26 281
30 27 135
30 28 95
30 29 195
31 0 1
31 1 268
31 2 242
31 3 191
31 4 75
31 5 211
31 6 140
31 7 107
31 8 191
31 9 99
31 10 47
31 11 241
31 12 132
31 13 227
31 14 188
31 15 202
31 16 121
31 17 19
31 18 171
31 19 304
31 20 27
31 21 98
31 22 205
31 23 11
31 24 230
31 25 242
31 26 84
31 27 202
31 28 300
31 29 217
31 30 301
32 0 94
32 1 40
32 2 299
32 3 103
32 4 272
32 5 176
32 6 315
32 7 235
32 8 249
32 9 55
32 10 225
32 11 226
32 12 235
32 13 12
32 14 306
32 15 21
32 16 202
32 17 174
32 18 277
32 19 157
32 20 305
32 21 21
32 22 43
32 23 200
32 24 68
32 25 203
32 26 303
32 27 28
32 28 238
32 29 226
32 30 88
32 31 20
33 0 89
33 1 78
33 2 191
33 3 75
33 4 293
33 5 186
33 6 124
33 7 86
33 8 153
33 9 271
33 10 283
33 11 53
33 12 129
33 13 283
33 14 299
33 15 26
33 16 185
33 17 307
33 18 2
33 19 167
33 20 265
33 21 226
33 22 206
33 23 316
33 24 310
33 25 20
33 26 283
33 27 142
33 28 186
33 29 64
33 30 164
33 31 79
33 32 307
34 0 203
34 1 44
34 2 116
34 3 293
34 4 28
34 5 132
34 6 320
34 7 101
34 8 239
34 9 311
34 10 11
34 11 187
34 12 316
34 13 272
34 14 262
34 15 183
34 16 239
34 17 147
34 18 81
34 19 147
34 20 22
34 21 129
34 22 70
34 23 204
34 24 169
34 25 226
34 26 246
34 27 229
34 28 178
34 29 78
34 30 200
34 31 43
34 32 280
34 33 133
35 0 299
35 1 315
35 2 177
35 3 118
35 4 96
35 5 12
35 6 127
35 7 112
35 8 173
35 9 26
35 10 223
35 11 296
35 12 231
35 13 22
35 14 171
35 15 60
35 16 116
35 17 223
35 18 50
35 19 65
35 20 296
35 21 115
35 22 51
35 23 85
35 24 295
35 25 210
35 26 144
35 27 247
35 28 97
35 29 282
35 30 79
35 31 234
35 32 302
35 33 52
35 34 190
36 0 84
36 1 114
36 2 54
36 3 43
36 4 184
36 5 7
36 6 187
36 7 34
36 8 90
36 9 286
36 10 246
36 11 276
36 12 19
36 13 2
36 14 79
36 15 100
36 16 313
36 17 71
36 18 3
36 19 32
36 20 16
36 21 185
36 22 240
36 23 157
36 24 247
36 25 239
36 26 159
36 27 47
36 28 239
36 29 175
36 30 96
36 31 120
36 32 219
36 33 183
36 34 290
36 35 163
37 0 91
37 1 108
37 2 184
37 3 144
37 4 276
37 5 168
37 6 168
37 7 188
37 8 238
37 9 65
37 10 189
37 11 195
37 12 228
37 13 50
37 14 30
37 15 293
37 16 24
37 17 204
37 18 29
37 19 203
37 20 59
37 21 65
37 22 121
37 23 157
37 24 121
37 25 156
37 26 313
37 27 318
37 28 232
37 29 315
37 30 12
37 31 222
37 32 32
37 33 89
37 34 75
37 35 160
37 36 109
38 0 85
38 1 83
38 2 92
38 3 203
38 4 83
38 5 280
38 6 90
38 7 104
38 8 33
38 9 210
38 10 315
38 11 254
38 12 201
38 13 135
38 14 186
38 15 42
38 16 32
38 17 299
38 18 39
38 19 224
38 20 154
38 21 129
38 22 290
38 23 281
38 24 210
38 25 268
38 26 284
38 27 171
38 28 311
38 29 112
38 30 318
38 31 4
38 32 215
38 33 272
38 34 214
38 35 232
38 36 53
38 37 269
39 0 35
39 1 195
39 2 55
39 3 58
39 4 296
39 5 3
39 6 38
39 7 16
39 8 63
39 9 261
39 10 144
39 11 161
39 12 68
39 13 278
39 14 205
39 15 99
39 16 106
39 17 303
39 18 32
39 19 315
39 20 233
39 21 288
39 22 88
39 23 68
39 24 6
39 25 228
39 26 183
39 27 20
39 28 312
39 29 177
39 30 1
39 31 226
39 32 270
39 33 34
39 34 198
39 35 163
39 36 318
39 37 245
39 38 39
40 0 236
40 1 290
40 2 137
40 3 84
40 4 79
40 5 218
40 6 4
40 7 278
40 8 283
40 9 206
40 10 303
40 11 213
40 12 147
40 13 220
40 14 68
40 15 65
40 16 173
40 17 140
40 18 230
40 19 161
40 20 140
40 21 126
40 22 22
40 23 111
40 24 28
40 25 189
40 26 13
40 27 79
40 28 236
40 29 155
40 30 89
40 31 160
40 32 198
40 33 31
40 34 20
40 35 304
40 36 19
40 37 187
40 38 48
40 39 87
41 0 208
41 1 253
41 2 8
41 3 307
41 4 142
41 5 155
41 6 33
41 7 102
41 8 117
41 9 89
41 10 210
41 11 33
41 12 64
41 13 147
41 14 184
41 15 219
41 16 289
41 17 76
41 18 64
41 19 260
41 20 40
41 21 47
41 22 261
41 23 118
41 24 37
41 25 174
41 26 194
41 27 233
41 28 153
41 29 170
41 30 26
41 31 181
41 32 124
41 33 224
41 34 112
41 35 79
41 36 81
41 37 158
41 38 227
41 39 46
41 40 308
42 0 47
42 1 131
42 2 167
42 3 55
42 4 145
42 5 195
42 6 260
42 7 87
42 8 274
42 9 275
42 10 141
42 11 319
42 12 184
42 13 199
42 14 163
42 15 262
42 16 253
42 17 211
42 18 10
42 19 187
42 20 28
42 21 100
42 22 153
42 23 13
42 24 218
42 25 9
42 26 272
42 27 67
42 28 48
42 29 194
42 30 182
42 31 233
42 32 204
42 33 6
42 34 263
42 35 215
42 36 265
42 37 275
42 38 78
42 39 138
42 40 30
42 41 219
43 0 5
43 1 212
43 2 205
43 3 261
43 4 246
43 5 133
43 6 185
43 7 138
43 8 289
43 9 291
43 10 59
43 11 302
43 12 50
43 13 197
43 14 266
43 15 2
43 16 185
43 17 183
43 18 110
43 19 218
43 20 82
43 21 35
43 22 236
43 23 191
43 24 125
43 25 136
43 26 191
43 27 24
43 28 195
43 29 203
43 30 191
43 31 201
43 32 192
43 33 99
43 34 279
43 35 95
43 36 152
43 37 189
43 38 76
43 39 213
43 40 136
43 41 112
43 42 167
44 0 189
44 1 184
44 2 28
44 3 142
44 4 312
44 5 32
44 6 138
44 7 272
44 8 24
44 9 13
44 10 161
44 11 71
44 12 73
44 13 111
44 14 149
44 15 239
44 16 307
44 17 25
44 18 19
44 19 132
44 20 272
44 21 269
44 22 291
44 23 281
44 24 210
44 25 265
44 26 295
44 27 33
44 28 165
44 29 33
44 30 20
44 31 312
44 32 90
44 33 301
44 34 100
44 35 133
44 36 91
44 37 121
44 38 201
44 39 228
44 40 18
44 41 111
44 42 49
44 43 26
45 0 280
45 1 300
45 2 18
45 3 206
45 4 29
45 5 240
45 6 229
45 7 123
45 8 197
45 9 116
45 10 43
45 11 237
45 12 25
45 13 104
45 14 256
45 15 291
45 16 154
45 17 91
45 18 120
45 19 2
45 20 118
45 21 32
45 22 298
45 23 207
45 24 269
45 25 21
45 26 205
45 27 212
45 28 304
45 29 188
45 30 23
45 31 290
45 32 94
45 33 306
45 34 183
45 35 142
45 36 263
45 37 22
45 38 113
45 39 184
45 40 63
45 41 61
45 42 82
45 43 142
45 44 80
46 0 47
46 1 107
46 2 68
46 3 94
46 4 178
46 5 222
46 6 19
46 7 136
46 8 303
46 9 89
46 10 147
46 11 5
46 12 290
46 13 161
46 14 166
46 15 11
46 16 183
46 17 299
46 18 98
46 19 297
46 20 46
46 21 134
46 22 156
46 23 59
46 24 73
46 25 116
46 26 212
46 27 255
46 28 47
46 29 17
46 30 79
46 31 84
46 32 186
46 33 80
46 34 249
46 35 268
46 36 51
46 37 132
46 38 312
46 39 54
46 40 264
46 41 90
46 42 317
46 43 179
46 44 48
46 45 229
47 0 192
47 1 141
47 2 293
47 3 318
47 4 102
47 5 261
47 6 190
47 7 305
47 8 229
47 9 254
47 10 182
47 11 219
47 12 111
47 13 139
47 14 82
47 15 228
47 16 38
47 17 168
47 18 136
47 19 254
47 20 1
47 21 12
47 22 127
47 23 258
47 24 129
47 25 111
47 26 298
47 27 118
47 28 195
47 29 159
47 30 304
47 31 45
47 32 39
47 33 25
47 34 141
47 35 314
47 36 255
47 37 163
47 38 51
47 39 114
47 40 24
47 41 245
47 42 1
47 43 230
47 44 244
47 45 276
47 46 50
48 0 239
48 1 44
48 2 214
48 3 120
48 4 210
48 5 102
48 6 254
48 7 7
48 8 306
48 9 59
48 10 212
48 11 234
48 12 123
48 13 98
48 14 10
48 15 250
48 16 292
48 17 197
48 18 168
48 19 186
48 20 3
48 21 270
48 22 310
48 23 275
48 24 183
48 25 296
48 26 195
48 27 128
48 28 72
48 29 280
48 30 151
48 31 162
48 32 287
48 33 282
48 34 141
48 35 147
48 36 276
48 37 187
48 38 273
48 39 216
48 40 204
48 41 254
48 42 213
48 43 116
48 44 155
48 45 41
48 46 150
48 47 267
49 0 111
49 1 104
49 2 299
49 3 257
49 4 156
49 5 61
49 6 150
49 7 92
49 8 62
49 9 139
49 10 48
49 11 4
49 12 75
49 13 286
49 14 65
49 15 124
49 16 10
49 17 275
49 18 203
49 19 136
49 20 216
49 21 164
49 22 240
49 23 81
49 24 77
49 25 226
49 26 214
49 27 11
49 28 15
49 29 177
49 30 33
49 31 139
49 32 270
49 33 196
49 34 304
49 35 317
49 36 9
49 37 199
49 38 164
49 39 6
49 40 121
49 41 1
49 42 131
49 43 277
49 44 304
49 45 217
49 46 140
49 47 226
49 48 17
50 0 286
50 1 310
50 2 48
50 3 168
50 4 20
50 5 217
50 6 112
50 7 213
50 8 267
50 9 208
50 10 142
50 11 186
50 12 294
50 13 45
50 14 137
50 15 254
50 16 120
50 17 194
50 18 277
50 19 107
50 20 120
50 21 234
50 22 1
50 23 240
50 24 209
50 25 174
50 26 55
50 27 210
50 28 45
50 29 294
50 30 196
50 31 262
50 32 176
50 33 5
50 34 16
50 35 282
50 36 273
50 37 138
50 38 205
50 39 76
50 40 295
50 41 49
50 42 54
50 43 201
50 44 261
50 45 188
50 46 196
50 47 156
50 48 139
50 49 76
51 0 126
51 1 44
51 2 176
51 3 253
51 4 318
51 5 99
51 6 143
51 7 231
51 8 235
51 9 202
51 10 211
51 11 210
51 12 288
51 13 9
51 14 166
51 15 32
51 16 157
51 17 63
51 18 178
51 19 91
51 20 94
51 21 194
51 22 304
51 23 66
51 24 30
51 25 214
51 26 163
51 27 56
51 28 40
51 29 5
51 30 307
51 31 122
51 32 58
51 33 24
51 34 161
51 35 98
51 36 299
51 37 108
51 38 285
51 39 16
51 40 116
51 41 13
51 42 152
51 43 264
51 44 129
51 45 45
51 46 12
51 47 63
51 48 56
51 49 249
51 50 104
52 0 290
52 1 123
52 2 211
52 3 174
52 4 70
52 5 254
52 6 11
52 7 102
52 8 81
52 9 275
52 10 60
52 11 275
52 12 218
52 13 286
52 14 195
52 15 88
52 16 235
52 17 119
52 18 95
52 19 105
52 20 151
52 21 82
52 22 273
52 23 33
52 24 215
52 25 134
52 26 92
52 27 96
52 28 273
52 29 184
52 30 230
52 31 58
52 32 87
52 33 93
52 34 134
52 35 121
52 36 286
52 37 307
52 38 258
52 39 19
52 40 222
52 41 276
52 42 134
52 43 66
52 44 257
52 45 207
52 46 299
52 47 312
52 48 92
52 49 278
52 50 240
52 51 118
53 0 214
53 1 141
53 2 237
53 3 237
53 4 138
53 5 34
53 6 49
53 7 271
53 8 25
53 9 102
53 10 254
53 11 138
53 12 180
53 13 32
53 14 306
53 15 188
53 16 39
53 17 253
53 18 232
53 19 132
53 20 262
53 21 241
53 22 208
53 23 198
53 24 108
53 25 140
53 26 282
53 27 65
53 28 271
53 29 128
53 30 81
53 31 88
53 32 314
53 33 47
53 34 317
53 35 215
53 36 72
53 37 283
53 38 291
53 39 316
53 40 83
53 41 192
53 42 117
53 43 21
53 44 25
53 45 10
53 46 94
53 47 56
53 48 291
53 49 132
53 50 33
53 51 114
53 52 90
54 0 36
54 1 83
54 2 221
54 3 223
54 4 165
54 5 263
54 6 142
54 7 272
54 8 245
54 9 88
54 10 122
54 11 95
54 12 77
54 13 130
54 14 214
54 15 310
54 16 274
54 17 35
54 18 62
54 19 23
54 20 190
54 21 92
54 22 55
54 23 42
54 24 261
54 25 101
54 26 128
54 27 85
54 28 86
54 29 229
54 30 182
54 31 313
54 32 290
54 33 304
54 34 122
54 35 12
54 36 263
54 37 184
54 38 157
54 39 71
54 40 316
54 41 28
54 42 156
54 43 310
54 44 193
54 45 72
54 46 131
54 47 88
54 48 64
54 49 190
54 50 164
54 51 121
54 52 274
54 53 264
55 0 107
55 1 311
55 2 39
55 3 214
55 4 68
55 5 35
55 6 174
55 7 231
55 8 264
55 9 309
55 10 282
55 11 215
55 12 137
55 13 50
55 14 122
55 15 102
55 16 265
55 17 82
55 18 235
55 19 220
55 20 91
55 21 230
55 22 181
55 23 320
55 24 278
55 25 118
55 26 186
55 27 125
55 28 314
55 29 41
55 30 231
55 31 174
55 32 16
55 33 217
55 34 306
55 35 215
55 36 204
55 37 60
55 38 178
55 39 180
55 40 129
55 41 117
55 42 311
55 43 167
55 44 241
55 45 125
55 46 224
55 47 156
55 48 18
55 49 172
55 50 225
55 51 222
55 52 236
55 53 174
55 54 93
56 0 172
56 1 236
56 2 315
56 3 178
56 4 206
56 5 3
56 6 90
56 7 234
56 8 71
56 9 40
56 10 20
56 11 24
56 12 71
56 13 59
56 14 312
56 15 55
56 16 280
56 17 162
56 18 81
56 19 228
56 20 208
56 21 280
56 22 173
56 23 61
56 24 220
56 25 92
56 26 271
56 27 16
56 28 82
56 29 163
56 30 199
56 31 63
56 32 249
56 33 264
56 34 88
56 35 315
56 36 156
56 37 259
56 38 225
56 39 5
56 40 246
56 41 27
56 42 189
56 43 121
56 44 222
56 45 86
56 46 186
56 47 66
56 48 124
56 49 209
56 50 187
56 51 203
56 52 53
56 53 94
56 54 244
56 55 180
57 0 190
57 1 181
57 2 17
57 3 248
57 4 306
57 5 115
57 6 69
57 7 112
57 8 229
57 9 147
57 10 231
57 11 138
57 12 314
57 13 253
57 14 22
57 15 229
57 16 35
57 17 184
57 18 89
57 19 103
57 20 275
57 21 192
57 22 209
57 23 267
57 24 267
57 25 28
57 26 29
57 27 220
57 28 15
57 29 297
57 30 154
57 31 77
57 32 277
57 33 80
57 34 14
57 35 47
57 36 234
57 37 176
57 38 188
57 39 283
57 40 96
57 41 289
57 42 11
57 43 181
57 44 1
57 45 310
57 46 249
57 47 124
57 48 33
57 49 251
57 50 191
57 51 107
57 52 251
57 53 190
57 54 91
57 55 318
57 56 274
58 0 60
58 1 61
58 2 199
58 3 14
58 4 159
58 5 95
58 6 242
58 7 14
58 8 142
58 9 195
58 10 31
58 11 241
58 12 82
58 13 285
58 14 127
58 15 111
58 16 242
58 17 21
58 18 187
58 19 47
58 20 119
58 21 273
58 22 128
58 23 146
58 24 266
58 25 125
58 26 64
58 27 236
58 28 250
58 29 296
58 30 255
58 31 292
58 32 278
58 33 285
58 34 134
58 35 187
58 36 299
58 37 284
58 38 55
58 39 148
58 40 124
58 41 115
58 42 200
58 43 114
58 44 309
58 45 29
58 46 115
58 47 138
58 48 114
58 49 226
58 50 193
58 51 209
58 52 143
58 53 274
58 54 112
58 55 195
58 56 56
58 57 244
59 0 157
59 1 31
59 2 70
59 3 89
59 4 296
59 5 59
59 6 320
59 7 224
59 8 220
59 9 220
59 10 256
59 11 291
59 12 152
59 13 52
59 14 279
59 15 202
59 16 70
59 17 301
59 18 286
59 19 276
59 20 166
59 21 260
59 22 61
59 23 257
59 24 23
59 25 93
59 26 148
59 27 249
59 28 149
59 29 213
59 30 12
59 31 320
59 32 306
59 33 80
59 34 280
59 35 70
59 36 16
59 37 155
59 38 255
59 39 169
59 40 20
59 41 273
59 42 216
59 43 296
59 44 314
59 45 248
59 46 203
59 47 123
59 48 78
59 49 278
59 50 123
59 51 161
59 52 101
59 53 106
59 54 98
59 55 18
59 56 53
59 57 89
59 58 294
