60
1 0 17
2 1 1
3 1 2
3 2 16
4 0 10
4 1 3
4 2 11
4 3 6
5 0 14
5 1 14
5 3 2
6 0 7
6 2 18
6 3 8
7 0 8
7 1 20
7 3 16
7 4 3
7 5 17
7 6 10
8 0 16
8 1 7
8 2 20
8 5 17
8 6 6
9 0 1
9 3 7
9 5 7
9 6 8
9 7 4
10 0 1
10 3 18
10 5 20
10 7 5
11 1 12
11 3 18
11 4 13
11 5 10
11 6 3
11 8 12
11 9 15
11 10 19
12 0 3
12 2 1
12 3 11
12 7 12
12 9 11
12 10 11
12 11 5
13 0 17
13 1 15
13 2 15
13 3 9
13 4 10
13 5 19
13 6 1
13 7 14
13 8 10
13 9 17
13 11 2
13 12 6
14 0 2
14 1 7
14 2 12
14 3 20
14 5 2
14 6 17
14 7 19
14 8 6
14 9 20
14 10 17
14 11 20
14 12 12
14 13 11
15 0 17
15 2 8
15 3 19
15 4 9
15 5 9
15 7 19
15 8 8
15 9 14
15 10 8
15 11 4
15 12 20
15 13 12
16 0 16
16 1 16
16 2 14
16 3 17
16 4 3
16 5 4
16 6 6
16 7 9
16 9 14
16 10 14
16 11 15
16 12 15
16 13 7
16 14 12
16 15 5
17 1 4
17 2 4
17 4 11
17 5 5
17 7 18
17 9 18
17 10 1
17 12 11
17 13 12
17 14 1
17 15 14
17 16 16
18 0 4
18 1 13
18 2 3
18 3 10
18 5 19
18 7 12
18 8 8
18 9 9
18 11 3
18 12 20
18 13 18
18 14 4
18 16 4
18 17 16
19 0 15
19 1 17
19 2 4
19 3 15
19 4 16
19 5 5
19 6 15
19 7 6
19 8 12
19 9 3
19 10 7
19 11 18
19 12 5
19 13 1
19 14 6
19 15 15
19 16 1
19 17 10
20 0 8
20 2 1
20 3 7
20 4 11
20 6 15
20 7 5
20 8 4
20 9 13
20 10 17
20 11 16
20 12 7
20 14 10
20 15 18
20 16 3
20 17 19
20 19 19
21 2 20
21 3 20
21 4 11
21 7 4
21 9 2
21 10 12
21 11 16
21 15 11
21 16 17
21 18 12
21 19 17
21 20 10
22 1 2
22 2 6
22 3 18
22 4 20
22 6 1
22 7 5
22 8 15
22 9 2
22 10 14
22 11 10
22 12 18
22 14 14
22 15 18
22 16 14
22 17 19
22 18 6
22 19 17
22 20 9
22 21 11
23 0 1
23 2 8
23 3 1
23 4 7
23 5 7
23 6 5
23 7 8
23 8 7
23 9 15
23 10 19
23 11 15
23 12 8
23 13 8
23 15 19
23 17 20
23 18 13
23 19 7
23 20 18
23 22 16
24 0 11
24 1 7
24 2 5
24 3 4
24 4 5
24 5 1
24 8 2
24 9 11
24 10 11
24 11 12
24 12 20
24 14 3
24 15 13
24 16 12
24 17 7
24 18 7
24 20 9
24 21 5
24 22 5
25 0 10
25 1 13
25 2 3
25 3 20
25 4 19
25 5 18
25 6 1
25 7 2
25 8 4
25 9 20
25 10 12
25 11 11
25 12 15
25 13 15
25 14 3
25 15 2
25 16 7
25 18 16
25 19 8
25 20 14
25 21 4
25 22 5
25 23 20
25 24 2
26 0 18
26 2 17
26 3 11
26 4 5
26 5 15
26 6 19
26 7 20
26 8 20
26 9 11
26 10 5
26 11 4
26 12 17
26 13 3
26 14 11
26 15 11
26 16 12
26 18 3
26 20 14
26 21 14
26 22 19
26 23 7
26 24 6
26 25 18
27 0 2
27 1 6
27 2 13
27 3 2
27 5 18
27 6 8
27 7 20
27 8 15
27 9 13
27 10 2
27 11 10
27 12 10
27 14 10
27 15 6
27 16 6
27 17 14
27 18 12
27 19 2
27 20 12
27 22 20
27 24 18
27 25 3
27 26 15
28 0 4
28 1 10
28 2 1
28 3 2
28 4 1
28 5 8
28 6 11
28 7 8
28 8 5
28 9 3
28 10 17
28 11 16
28 13 8
28 14 12
28 15 3
28 16 2
28 17 2
28 18 12
28 19 15
28 20 11
28 21 9
28 23 7
28 24 10
28 25 12
28 26 8
28 27 15
29 1 8
29 2 20
29 3 6
29 4 13
29 6 8
29 7 18
29 8 19
29 9 9
29 10 3
29 11 14
29 13 5
29 15 17
29 16 4
29 18 5
29 19 4
29 20 11
29 21 3
29 22 8
29 23 6
29 24 18
29 25 6
29 26 18
29 27 12
30 0 8
30 1 2
30 2 17
30 3 19
30 4 18
30 5 13
30 6 16
30 7 19
30 8 10
30 10 3
30 12 18
30 13 5
30 14 7
30 15 13
30 16 13
30 17 1
30 18 5
30 19 4
30 20 11
30 22 3
30 23 5
30 26 13
30 27 20
30 28 7
30 29 5
31 0 15
31 2 11
31 3 5
31 4 11
31 5 6
31 6 15
31 7 20
31 8 3
31 9 4
31 10 9
31 11 5
31 13 14
31 14 6
31 15 8
31 16 3
31 17 19
31 18 18
31 19 3
31 22 20
31 23 16
31 24 10
31 25 18
31 27 11
31 28 12
31 29 10
31 30 18
32 0 11
32 1 2
32 2 10
32 3 9
32 4 20
32 5 17
32 6 4
32 7 15
32 8 17
32 9 19
32 10 18
32 11 6
32 12 6
32 13 7
32 14 13
32 16 4
32 18 16
32 19 9
32 20 6
32 21 1
32 22 3
32 23 7
32 24 1
32 25 2
32 26 10
32 27 10
32 29 10
32 30 7
32 31 15
33 0 11
33 1 13
33 2 5
33 3 8
33 4 8
33 5 9
33 6 4
33 7 10
33 8 11
33 11 16
33 12 2
33 14 12
33 15 5
33 16 14
33 18 4
33 19 9
33 20 12
33 21 19
33 22 19
33 23 19
33 25 11
33 26 14
33 27 8
33 28 10
33 30 2
33 31 14
33 32 7
34 0 18
34 1 8
34 2 12
34 3 13
34 4 12
34 5 3
34 6 17
34 7 18
34 8 1
34 11 10
34 12 11
34 14 19
34 15 2
34 16 5
34 17 17
34 18 3
34 19 7
34 20 13
34 22 13
34 23 12
34 24 13
34 25 9
34 26 11
34 27 10
34 28 11
34 29 4
34 30 3
34 31 8
34 32 10
34 33 7
35 1 4
35 2 2
35 3 19
35 5 20
35 6 14
35 7 13
35 9 14
35 11 4
35 12 11
35 13 19
35 14 16
35 15 19
35 16 14
35 17 4
35 18 2
35 21 14
35 22 10
35 23 4
35 25 14
35 26 4
35 27 8
35 28 17
35 29 16
35 31 11
35 32 2
35 33 9
35 34 8
36 2 6
36 3 12
36 4 11
36 5 18
36 6 12
36 7 5
36 9 11
36 10 16
36 11 3
36 12 14
36 13 11
36 14 1
36 15 1
36 17 18
36 18 6
36 19 17
36 20 2
36 21 16
36 22 13
36 23 6
36 24 10
36 25 2
36 26 1
36 27 20
36 28 1
36 29 11
36 30 14
36 31 5
36 32 20
36 33 2
36 34 17
36 35 16
37 1 1
37 2 8
37 3 16
37 6 17
37 7 11
37 9 16
37 10 6
37 11 7
37 12 9
37 13 19
37 14 3
37 15 3
37 16 18
37 18 6
37 19 1
37 20 17
37 22 6
37 23 2
37 24 12
37 25 16
37 27 1
37 28 11
37 30 2
37 31 9
37 32 8
37 33 14
37 34 18
38 0 16
38 1 12
38 2 19
38 3 13
38 4 10
38 5 5
38 6 14
38 7 17
38 8 20
38 9 3
38 10 3
38 11 14
38 12 14
38 15 15
38 16 15
38 17 17
38 18 8
38 19 17
38 20 15
38 21 8
38 22 17
38 23 16
38 24 5
38 25 19
38 26 12
38 27 5
38 29 17
38 30 4
38 31 7
38 32 1
38 33 4
38 34 15
38 35 15
38 37 12
39 0 18
39 1 12
39 2 14
39 3 17
39 4 5
39 6 7
39 7 11
39 8 20
39 9 12
39 10 6
39 11 10
39 12 16
39 14 15
39 15 8
39 16 4
39 18 6
39 19 16
39 20 15
39 21 11
39 22 6
39 23 18
39 24 11
39 25 14
39 26 15
39 27 18
39 28 15
39 29 3
39 30 8
39 31 7
39 32 11
39 33 5
39 34 6
39 36 9
39 37 10
39 38 9
40 0 2
40 1 12
40 2 16
40 3 3
40 4 13
40 5 9
40 6 4
40 7 1
40 8 3
40 10 20
40 11 7
40 12 18
40 13 18
40 14 6
40 15 20
40 16 5
40 17 1
40 19 12
40 20 5
40 21 3
40 22 16
40 23 19
40 24 4
40 25 6
40 26 15
40 27 12
40 28 2
40 29 3
40 30 12
40 31 16
40 32 13
40 33 17
40 36 7
40 37 20
40 38 10
40 39 6
41 0 17
41 1 12
41 2 12
41 3 17
41 4 10
41 5 10
41 6 17
41 9 8
41 10 18
41 11 5
41 12 8
41 13 7
41 19 16
41 20 12
41 21 1
41 23 18
41 24 20
41 25 12
41 26 11
41 28 19
41 30 2
41 32 2
41 33 14
41 34 14
41 36 15
41 37 5
41 38 6
41 40 10
42 0 20
42 1 19
42 5 11
42 6 7
42 7 4
42 8 10
42 9 11
42 10 14
42 14 12
42 15 17
42 16 15
42 17 11
42 18 12
42 19 9
42 20 3
42 21 16
42 22 14
42 23 4
42 24 1
42 25 18
42 26 6
42 27 4
42 28 16
42 29 1
42 30 5
42 31 2
42 32 17
42 33 14
42 34 13
42 35 15
42 36 7
42 37 14
42 39 12
42 40 11
42 41 4
43 0 18
43 1 11
43 3 4
43 4 15
43 5 1
43 7 18
43 8 8
43 9 10
43 11 7
43 13 8
43 15 1
43 16 18
43 17 18
43 19 11
43 20 1
43 21 20
43 23 13
43 24 10
43 25 6
43 26 19
43 28 16
43 29 5
43 30 13
43 32 15
43 33 3
43 34 11
43 35 12
43 36 20
43 37 6
43 38 11
43 39 15
43 40 13
43 41 1
43 42 18
44 0 1
44 1 14
44 2 10
44 4 10
44 5 20
44 6 14
44 7 13
44 8 4
44 9 9
44 10 3
44 11 7
44 12 1
44 13 12
44 14 2
44 15 19
44 16 9
44 17 9
44 18 12
44 19 7
44 20 11
44 22 19
44 23 16
44 24 2
44 26 14
44 27 12
44 28 5
44 29 19
44 30 13
44 31 18
44 32 16
44 33 14
44 35 14
44 36 10
44 37 11
44 38 2
44 39 1
44 40 4
44 41 5
44 42 7
44 43 10
45 0 3
45 1 3
45 2 1
45 3 12
45 5 12
45 6 3
45 7 2
45 8 3
45 9 19
45 10 17
45 11 1
45 12 10
45 13 3
45 14 8
45 15 7
45 16 19
45 17 17
45 18 5
45 19 18
45 21 4
45 22 20
45 24 9
45 25 2
45 26 19
45 27 19
45 28 3
45 29 9
45 31 16
45 32 2
45 33 4
45 34 18
45 35 10
45 36 19
45 37 20
45 38 4
45 39 4
45 40 8
45 41 1
45 42 20
45 43 11
45 44 5
46 0 17
46 1 4
46 2 11
46 3 2
46 4 4
46 6 16
46 7 16
46 8 15
46 9 18
46 10 18
46 11 20
46 14 6
46 16 18
46 17 12
46 18 6
46 19 20
46 20 17
46 23 3
46 25 19
46 26 9
46 27 17
46 28 17
46 29 4
46 31 13
46 32 6
46 33 16
46 34 12
46 35 15
46 36 9
46 37 10
46 38 19
46 39 10
46 40 9
46 41 14
46 42 8
46 43 7
46 44 10
46 45 8
47 0 13
47 1 4
47 2 9
47 3 17
47 4 13
47 6 17
47 7 3
47 8 8
47 9 2
47 10 14
47 11 11
47 12 8
47 13 17
47 14 1
47 15 20
47 16 3
47 17 17
47 18 15
47 19 1
47 20 2
47 21 13
47 23 4
47 24 8
47 25 15
47 26 9
47 27 20
47 28 14
47 29 18
47 30 9
47 31 4
47 32 20
47 33 2
47 34 6
47 35 19
47 38 5
47 39 9
47 40 2
47 41 13
47 42 9
47 43 8
47 44 5
47 46 16
48 0 13
48 1 7
48 2 1
48 3 19
48 4 19
48 5 2
48 6 2
48 8 1
48 9 9
48 10 1
48 11 9
48 12 8
48 13 13
48 14 7
48 15 16
48 16 2
48 17 15
48 18 20
48 19 16
48 20 5
48 21 20
48 22 1
48 24 8
48 25 10
48 26 6
48 27 5
48 29 2
48 30 9
48 31 3
48 32 6
48 34 1
48 35 5
48 36 15
48 37 3
48 39 1
48 40 8
48 41 1
48 42 19
48 43 12
48 44 15
48 45 13
48 46 16
48 47 4
49 0 4
49 1 12
49 2 18
49 3 9
49 4 17
49 5 6
49 6 15
49 7 18
49 9 12
49 10 17
49 11 20
49 12 9
49 13 12
49 14 13
49 15 19
49 16 11
49 17 18
49 19 6
49 20 12
49 21 17
49 22 13
49 25 11
49 26 11
49 27 8
49 28 18
49 29 14
49 30 3
49 31 3
49 32 14
49 34 5
49 35 16
49 36 11
49 37 13
49 39 9
49 40 8
49 41 17
49 44 1
49 45 10
49 46 20
49 47 12
49 48 9
50 0 15
50 1 1
50 2 12
50 3 7
50 4 17
50 6 9
50 7 19
50 8 7
50 9 20
50 10 13
50 11 5
50 14 15
50 15 9
50 17 6
50 18 17
50 19 10
50 22 18
50 23 20
50 24 16
50 25 17
50 26 1
50 29 4
50 31 19
50 32 3
50 33 7
50 34 13
50 35 18
50 37 17
50 38 14
50 39 19
50 40 10
50 41 10
50 42 20
50 43 20
50 46 7
50 47 18
50 48 10
50 49 10
51 0 7
51 1 10
51 2 13
51 3 10
51 4 3
51 5 16
51 6 16
51 7 9
51 8 4
51 9 9
51 10 17
51 11 20
51 12 5
51 14 19
51 15 9
51 16 10
51 17 2
51 18 20
51 19 12
51 20 17
51 21 13
51 22 17
51 23 3
51 24 12
51 25 12
51 26 13
51 27 3
51 28 19
51 29 7
51 30 10
51 31 19
51 32 20
51 33 9
51 34 12
51 35 8
51 36 11
51 37 13
51 38 12
51 39 3
51 40 3
51 41 11
51 43 1
51 44 10
51 45 2
51 46 4
51 50 19
52 0 19
52 1 8
52 2 2
52 3 10
52 4 8
52 5 1
52 6 5
52 8 12
52 9 10
52 10 15
52 12 19
52 13 1
52 14 18
52 15 2
52 18 5
52 19 11
52 20 5
52 21 2
52 22 10
52 24 2
52 26 8
52 27 13
52 28 6
52 29 5
52 32 11
52 35 13
52 36 4
52 37 8
52 38 9
52 39 8
52 40 14
52 41 5
52 42 12
52 43 12
52 46 5
52 47 14
52 48 6
52 50 9
52 51 20
53 0 17
53 1 8
53 2 20
53 3 17
53 6 19
53 7 11
53 9 7
53 10 3
53 11 5
53 13 20
53 14 13
53 15 7
53 16 10
53 17 18
53 18 19
53 21 8
53 22 4
53 23 5
53 24 15
53 25 3
53 26 13
53 27 8
53 29 3
53 30 3
53 31 6
53 32 3
53 33 19
53 34 14
53 35 3
53 36 8
53 39 15
53 41 17
53 42 14
53 43 10
53 45 18
53 46 1
53 47 2
53 48 12
53 49 5
53 50 4
53 52 15
54 0 3
54 1 15
54 2 5
54 3 1
54 4 7
54 5 4
54 6 18
54 7 13
54 8 11
54 9 16
54 10 17
54 11 15
54 12 17
54 13 7
54 14 11
54 15 2
54 17 20
54 19 8
54 20 17
54 21 18
54 22 17
54 23 2
54 24 16
54 25 12
54 26 8
54 27 1
54 28 14
54 29 4
54 30 10
54 31 15
54 32 4
54 34 15
54 35 3
54 36 1
54 37 20
54 39 2
54 40 15
54 41 3
54 42 1
54 43 14
54 44 3
54 45 17
54 46 5
54 47 12
54 49 15
54 50 8
54 51 12
54 52 1
54 53 6
55 0 5
55 2 20
55 3 16
55 4 9
55 5 6
55 6 20
55 7 5
55 8 7
55 9 4
55 10 9
55 11 11
55 12 15
55 14 13
55 15 4
55 16 1
55 17 2
55 18 3
55 19 10
55 20 14
55 21 19
55 22 13
55 23 9
55 24 16
55 25 18
55 26 1
55 27 19
55 28 3
55 30 20
55 31 19
55 32 4
55 33 16
55 34 9
55 35 6
55 36 2
55 37 6
55 38 14
55 39 14
55 40 17
55 41 1
55 42 5
55 43 13
55 44 5
55 46 17
55 47 7
55 48 15
55 49 15
55 52 7
55 54 16
56 0 20
56 1 10
56 2 1
56 6 20
56 7 14
56 8 7
56 10 14
56 11 15
56 12 1
56 14 6
56 15 17
56 17 11
56 18 13
56 19 3
56 20 20
56 22 8
56 24 1
56 25 16
56 28 15
56 29 13
56 30 1
56 32 18
56 34 20
56 35 18
56 36 18
56 37 12
56 38 7
56 39 6
56 43 5
56 44 7
56 46 5
56 47 3
56 49 1
56 50 12
56 51 7
56 52 16
56 54 16
57 0 14
57 1 8
57 3 19
57 4 16
57 5 12
57 6 7
57 8 9
57 9 14
57 10 10
57 11 5
57 12 14
57 13 8
57 14 11
57 15 10
57 16 1
57 18 12
57 19 19
57 20 11
57 21 7
57 22 1
57 23 1
57 27 15
57 28 4
57 29 2
57 31 7
57 32 1
57 33 16
57 34 3
57 35 4
57 36 16
57 37 13
57 38 16
57 39 17
57 40 1
57 41 9
57 42 16
57 43 3
57 45 1
57 46 18
57 47 7
57 48 13
57 49 10
57 50 18
57 51 7
57 52 17
57 53 3
57 55 6
58 0 9
58 1 19
58 3 18
58 4 10
58 5 10
58 6 16
58 8 14
58 9 4
58 10 19
58 12 12
58 13 9
58 14 7
58 16 2
58 17 7
58 18 10
58 19 7
58 21 18
58 22 11
58 23 16
58 24 3
58 25 6
58 26 14
58 27 1
58 28 7
58 29 1
58 30 12
58 31 2
58 32 3
58 33 15
58 34 15
58 37 12
58 38 5
58 39 1
58 40 6
58 41 13
58 42 15
58 43 8
58 44 9
58 46 6
58 47 11
58 48 19
58 49 17
58 50 19
58 52 20
58 56 1
58 57 15
59 0 7
59 1 4
59 2 7
59 3 5
59 4 17
59 5 1
59 6 12
59 7 15
59 9 2
59 10 10
59 11 15
59 12 9
59 13 5
59 14 16
59 15 15
59 16 5
59 17 10
59 18 8
59 19 4
59 20 10
59 21 9
59 22 9
59 23 19
59 24 1
59 25 20
59 28 20
59 30 17
59 31 17
59 32 17
59 33 13
59 34 12
59 35 1
59 36 6
59 37 6
59 38 11
59 40 17
59 41 18
59 42 16
59 44 17
59 46 12
59 47 11
59 48 20
59 49 17
59 50 11
59 51 18
59 52 4
59 53 18
59 54 19
59 55 8
59 56 9
59 58 11
