70
1 0 277
3 2 72
5 0 213
6 5 125
7 5 141
10 1 245
11 2 261
12 8 173
13 3 73
13 4 193
15 3 288
17 0 143
18 9 137
18 13 186
20 1 202
21 12 108
21 14 221
22 7 21
23 3 32
23 7 240
23 8 203
23 15 130
25 9 267
26 4 235
26 5 179
26 7 15
26 9 46
26 23 12
28 1 216
28 10 195
28 17 56
28 24 22
29 15 172
29 16 133
29 22 287
30 22 44
30 27 205
31 8 123
31 10 202
31 11 87
31 19 99
31 25 49
32 9 222
32 18 5
33 10 251
33 23 244
33 28 170
34 9 89
34 12 114
34 14 315
34 18 227
34 26 78
34 28 278
35 2 5
36 17 121
36 23 116
36 30 191
37 10 257
37 16 100
37 17 163
37 23 208
37 25 234
37 27 236
37 35 183
38 19 105
38 33 174
38 34 141
39 2 207
39 11 87
39 16 236
39 22 248
40 11 161
40 14 271
40 27 223
41 6 56
41 13 280
41 15 282
41 21 299
41 22 99
41 29 29
42 0 299
42 5 53
42 16 261
42 20 74
42 35 292
42 36 195
43 7 33
43 37 197
43 40 91
44 3 185
44 10 175
44 15 1
44 19 277
44 20 69
44 25 224
44 33 280
45 11 175
45 33 298
45 35 16
46 2 284
46 9 287
46 13 108
46 28 250
46 35 19
46 36 111
47 14 253
47 20 9
47 24 216
47 32 40
47 38 100
47 43 282
47 44 277
48 0 244
48 8 229
48 40 253
49 7 276
49 13 191
49 20 104
49 40 195
49 45 238
50 13 262
50 21 38
50 31 97
50 40 302
51 2 45
51 14 154
51 22 166
51 23 60
51 27 52
51 33 262
51 39 180
51 42 45
51 46 221
52 2 275
52 5 320
52 10 295
52 48 311
53 18 146
53 32 49
53 41 177
53 43 84
54 4 277
54 36 152
54 37 70
54 39 144
54 40 210
54 46 270
54 47 104
55 1 222
55 2 103
55 12 83
55 50 111
55 51 126
56 9 32
56 23 114
56 33 178
56 43 205
57 7 226
57 35 188
57 53 243
58 13 97
58 17 115
58 30 61
58 31 82
58 33 34
59 0 137
59 2 179
59 6 226
59 7 246
59 12 61
59 13 134
59 14 217
59 18 97
59 19 195
59 20 253
59 23 242
59 30 271
59 41 194
59 45 20
59 55 35
59 56 138
60 1 48
60 7 126
60 17 186
60 31 317
60 37 35
60 38 20
60 45 45
60 49 210
61 44 9
61 50 56
61 51 264
61 53 241
62 2 171
62 7 307
62 32 83
62 48 320
63 1 82
63 36 166
63 46 203
64 12 7
64 17 30
64 19 62
64 31 225
64 32 269
65 7 11
65 15 59
65 30 238
65 35 6
65 38 291
66 1 128
66 13 63
66 28 176
66 36 98
66 51 265
67 1 311
67 3 147
67 14 184
67 20 274
67 32 67
67 35 237
67 38 11
67 39 273
67 40 162
67 66 52
68 5 158
68 21 257
68 23 193
68 27 80
68 59 257
69 0 308
69 2 214
69 5 267
69 18 156
69 23 153
69 48 13
