20
1 0 156
2 1 144
3 0 216
3 1 148
3 2 92
4 3 133
5 2 241
6 3 21
6 4 153
6 5 192
7 1 249
7 2 307
7 3 286
7 5 287
7 6 272
8 2 211
8 3 234
8 4 227
8 6 280
9 1 148
9 2 224
9 3 58
9 4 267
9 5 297
9 6 9
9 7 75
10 2 292
10 3 307
10 5 126
10 7 109
10 8 49
11 0 240
11 1 51
11 2 3
11 3 123
11 4 73
11 5 181
11 6 70
11 9 18
12 0 188
12 1 61
12 2 70
12 5 66
12 6 292
12 7 202
12 9 109
12 10 144
13 2 201
13 3 209
13 4 126
13 6 138
13 8 18
14 0 162
14 1 203
14 2 31
14 3 153
14 4 153
14 5 136
14 6 62
14 8 312
14 9 204
14 11 106
14 13 281
15 0 224
15 1 225
15 2 60
15 3 209
15 4 137
15 5 263
15 6 198
15 7 259
15 8 140
15 9 48
15 11 253
15 12 288
16 1 146
16 3 214
16 4 171
16 6 222
16 7 229
16 8 203
16 9 82
16 10 113
16 12 159
16 13 190
16 14 164
16 15 242
17 1 283
17 2 245
17 3 63
17 4 85
17 6 208
17 7 38
17 9 233
17 11 53
17 13 117
17 14 16
17 15 157
17 16 251
18 2 204
18 3 14
18 6 52
18 7 62
18 8 256
18 14 148
18 15 57
18 16 120
18 17 234
19 0 3
19 1 163
19 2 104
19 3 138
19 4 21
19 5 306
19 6 118
19 7 122
19 12 172
19 13 229
19 15 99
19 17 249
19 18 74
