30
2 0 65
3 0 3
5 0 7
5 3 10
6 0 28
6 2 6
7 1 75
7 3 13
7 4 50
8 0 31
8 2 49
8 4 62
9 0 53
9 3 12
9 8 78
10 2 75
10 6 1
10 8 1
11 0 53
11 3 39
11 7 72
11 9 16
12 2 72
12 3 46
12 4 15
12 5 65
12 6 78
12 7 49
12 9 66
13 6 42
13 7 61
13 8 27
13 10 74
14 12 14
15 2 80
15 6 32
15 7 78
15 8 16
15 9 40
15 10 47
15 11 8
16 2 59
16 14 77
17 1 7
17 5 41
17 9 16
17 11 62
18 0 14
18 2 8
18 4 55
18 6 46
18 7 28
18 13 43
18 14 29
18 16 67
19 3 67
19 16 48
19 18 37
20 0 41
20 3 48
20 4 59
20 5 46
20 8 74
20 13 71
20 14 53
20 19 24
21 2 34
21 4 63
21 12 59
21 13 34
21 20 20
22 4 54
22 5 68
22 6 61
22 11 21
22 12 62
23 3 62
23 4 33
23 16 36
23 21 56
24 4 35
24 8 58
24 10 68
24 22 65
25 0 55
25 1 52
25 2 76
25 4 41
25 6 46
25 9 14
25 13 80
25 16 14
25 21 13
25 23 67
26 2 8
26 5 27
26 7 27
26 8 55
26 22 73
27 5 2
27 11 65
27 22 18
27 24 51
27 25 26
28 2 32
28 6 4
28 12 61
28 13 26
28 14 18
28 16 32
28 17 48
28 21 72
28 23 78
28 24 30
28 27 61
29 3 34
29 5 18
29 11 6
29 13 79
29 16 27
29 17 50
29 18 71
29 21 21
29 22 57
29 27 52
