30
1 0 39
2 0 12
4 2 1
5 1 10
5 2 36
6 5 27
7 2 11
7 5 25
8 0 20
8 3 29
8 5 29
8 7 1
9 0 21
9 4 16
9 8 10
10 9 39
11 0 25
11 4 13
11 6 35
12 2 1
12 3 14
12 4 30
12 7 19
12 10 39
13 11 28
13 12 1
14 0 19
14 7 36
14 9 32
14 10 26
15 4 28
15 10 6
15 13 40
16 0 20
16 4 24
16 5 21
16 9 10
16 11 6
17 3 14
17 7 19
18 1 4
18 3 2
19 7 12
19 8 22
19 14 19
20 19 28
21 2 32
21 10 28
21 16 16
21 18 36
22 0 39
23 9 5
23 10 6
23 12 18
23 14 40
24 7 37
24 18 35
24 19 22
24 21 6
25 8 28
25 14 29
25 16 20
25 20 19
25 21 4
26 1 15
26 8 8
26 10 37
26 11 18
26 15 29
26 17 10
26 24 17
27 1 36
27 9 2
27 10 27
27 11 30
27 15 17
27 18 26
27 19 23
27 25 30
28 0 38
28 4 1
28 10 31
28 11 9
28 27 25
29 3 38
29 20 6
29 25 38
