60
1 0 92
2 0 5
2 1 121
3 0 64
3 1 146
3 2 82
4 0 44
4 1 25
4 2 56
5 0 132
5 2 18
5 3 18
5 4 94
6 0 30
6 1 20
6 2 132
6 3 89
6 4 40
6 5 72
7 0 34
7 1 5
7 2 58
7 4 95
7 5 139
7 6 55
8 0 120
8 1 150
8 2 88
8 3 60
8 4 155
8 5 47
8 6 18
8 7 123
9 0 137
9 1 16
9 3 120
9 4 70
9 6 124
9 7 35
9 8 59
10 1 78
10 2 127
10 3 9
10 4 46
10 5 149
10 6 52
10 7 101
10 8 130
10 9 15
11 0 77
11 1 16
11 2 148
11 3 108
11 4 158
11 5 138
11 6 39
11 7 112
11 8 67
11 9 133
11 10 71
12 0 146
12 1 26
12 2 142
12 3 5
12 4 45
12 5 99
12 6 131
12 7 70
12 8 24
12 9 77
12 11 63
13 0 75
13 1 145
13 2 53
13 3 33
13 4 126
13 5 82
13 6 83
13 7 20
13 8 7
13 9 118
13 10 40
13 11 77
13 12 111
14 0 141
14 1 151
14 2 52
14 3 147
14 4 154
14 5 61
14 6 55
14 8 7
14 9 5
14 10 38
14 11 118
14 12 124
14 13 35
15 0 112
15 1 120
15 2 57
15 3 69
15 4 39
15 5 157
15 6 101
15 7 88
15 8 77
15 10 15
15 11 4
15 12 112
15 13 93
15 14 4
16 0 134
16 1 130
16 2 121
16 3 93
16 4 32
16 5 2
16 6 159
16 7 87
16 8 29
16 9 160
16 10 94
16 11 15
16 12 61
16 13 44
16 14 29
16 15 22
17 0 57
17 1 32
17 2 11
17 3 50
17 4 74
17 5 56
17 6 155
17 7 36
17 8 93
17 9 53
17 10 41
17 11 120
17 12 30
17 13 86
17 14 147
17 15 56
17 16 120
18 1 100
18 2 64
18 3 3
18 4 139
18 5 80
18 7 2
18 8 34
18 9 153
18 10 23
18 11 13
18 12 107
18 13 146
18 14 42
18 15 136
18 16 51
18 17 21
19 0 20
19 3 94
19 5 3
19 6 107
19 7 92
19 8 106
19 9 147
19 10 6
19 11 132
19 12 68
19 13 5
19 14 120
19 15 88
19 17 9
19 18 115
20 0 94
20 1 48
20 2 29
20 3 5
20 4 102
20 6 80
20 7 92
20 8 148
20 9 96
20 10 85
20 11 47
20 12 76
20 13 118
20 14 9
20 15 4
20 16 70
20 17 87
20 19 37
21 0 74
21 1 13
21 2 73
21 3 144
21 4 139
21 5 39
21 6 156
21 7 113
21 8 3
21 9 103
21 10 13
21 11 89
21 12 53
21 14 22
21 15 25
21 16 48
21 17 146
21 18 44
21 19 109
21 20 11
22 0 28
22 2 88
22 3 113
22 4 28
22 5 156
22 6 49
22 7 21
22 8 81
22 10 154
22 11 9
22 12 51
22 14 47
22 15 15
22 16 31
22 17 59
22 18 143
22 19 127
22 20 63
23 0 91
23 1 67
23 3 91
23 4 26
23 5 135
23 6 34
23 7 29
23 8 47
23 9 133
23 10 89
23 11 145
23 12 48
23 13 50
23 14 46
23 15 62
23 16 137
23 17 160
23 18 5
23 19 158
23 20 44
23 21 109
23 22 118
24 0 74
24 1 38
24 2 91
24 3 27
24 4 121
24 5 108
24 6 55
24 7 66
24 8 47
24 9 142
24 11 119
24 12 130
24 13 64
24 14 146
24 15 20
24 16 46
24 17 114
24 18 132
24 20 97
24 21 39
24 22 108
24 23 86
25 0 36
25 1 15
25 2 15
25 3 127
25 4 100
25 6 158
25 8 71
25 9 147
25 10 131
25 11 96
25 12 160
25 13 100
25 14 56
25 15 124
25 16 136
25 17 106
25 18 122
25 19 102
25 20 76
25 21 28
25 22 34
25 23 157
26 0 92
26 1 89
26 2 141
26 3 54
26 4 55
26 5 124
26 6 115
26 7 54
26 8 37
26 10 24
26 11 105
26 12 17
26 13 70
26 14 152
26 15 12
26 16 154
26 17 143
26 18 124
26 19 18
26 20 79
26 21 111
26 22 46
26 24 78
26 25 121
27 0 143
27 1 52
27 2 47
27 3 33
27 4 155
27 5 157
27 6 72
27 7 90
27 8 103
27 9 82
27 10 110
27 11 99
27 12 36
27 13 138
27 14 92
27 15 69
27 16 126
27 17 73
27 18 83
27 19 33
27 20 97
27 21 107
27 22 79
27 23 121
27 24 151
27 25 160
27 26 129
28 0 56
28 1 90
28 2 26
28 3 133
28 4 13
28 5 29
28 6 157
28 7 106
28 8 4
28 9 98
28 10 157
28 11 151
28 12 124
28 13 68
28 14 140
28 15 69
28 16 39
28 17 58
28 18 65
28 19 9
28 20 121
28 21 123
28 22 46
28 23 72
28 24 129
28 25 133
28 26 24
28 27 46
29 0 160
29 1 59
29 2 116
29 3 142
29 5 60
29 6 89
29 7 113
29 9 25
29 10 40
29 11 28
29 12 38
29 13 32
29 14 69
29 15 148
29 16 129
29 17 140
29 18 104
29 19 155
29 20 144
29 21 6
29 22 92
29 23 99
29 24 105
29 25 47
29 26 51
29 27 73
29 28 60
30 0 135
30 1 113
30 2 152
30 3 121
30 5 66
30 6 4
30 8 96
30 9 102
30 10 94
30 11 127
30 13 38
30 14 95
30 16 118
30 18 23
30 19 96
30 20 57
30 21 38
30 22 74
30 23 126
30 24 137
30 25 26
30 26 58
30 27 56
30 28 122
30 29 13
31 0 7
31 1 41
31 2 106
31 3 114
31 4 129
31 6 103
31 7 135
31 8 155
31 9 111
31 11 159
31 13 100
31 14 99
31 15 94
31 16 50
31 17 124
31 18 119
31 19 117
31 20 77
31 21 120
31 22 45
31 23 38
31 24 63
31 25 9
31 26 51
31 27 121
31 28 138
31 30 56
32 0 116
32 2 36
32 3 60
32 4 39
32 5 107
32 6 13
32 7 116
32 9 17
32 10 23
32 11 20
32 12 106
32 13 73
32 14 140
32 15 135
32 16 43
32 17 58
32 18 157
32 19 121
32 20 92
32 21 148
32 22 93
32 23 65
32 24 13
32 25 13
32 26 95
32 27 59
32 28 18
32 29 54
32 30 152
32 31 3
33 0 62
33 2 27
33 4 21
33 6 25
33 7 68
33 9 103
33 11 158
33 12 69
33 13 76
33 14 113
33 15 58
33 17 114
33 20 4
33 21 42
33 22 157
33 24 11
33 25 159
33 26 11
33 27 106
33 28 49
33 29 88
33 30 24
33 31 117
33 32 29
34 0 160
34 1 77
34 2 75
34 3 141
34 4 62
34 5 110
34 6 22
34 7 148
34 8 95
34 9 154
34 10 82
34 11 157
34 12 16
34 13 27
34 14 111
34 15 31
34 16 36
34 17 51
34 18 74
34 19 99
34 20 114
34 21 101
34 22 103
34 23 80
34 24 119
34 25 86
34 27 114
34 28 128
34 29 60
34 30 69
34 31 43
34 32 120
34 33 53
35 0 133
35 1 147
35 2 131
35 3 132
35 4 117
35 5 113
35 6 25
35 7 37
35 8 68
35 9 157
35 10 94
35 11 94
35 12 156
35 13 144
35 14 148
35 15 89
35 16 26
35 17 25
35 18 28
35 19 140
35 20 104
35 21 130
35 22 77
35 23 145
35 24 116
35 25 87
35 27 98
35 28 106
35 29 75
35 30 5
35 31 137
35 32 59
35 34 49
36 0 127
36 2 35
36 3 103
36 4 160
36 5 18
36 6 156
36 7 9
36 8 62
36 9 81
36 10 74
36 11 148
36 14 12
36 15 47
36 16 4
36 17 5
36 19 90
36 20 90
36 21 21
36 22 108
36 23 70
36 25 91
36 26 22
36 27 115
36 28 15
36 29 40
36 30 28
36 31 150
36 32 47
36 33 128
36 34 141
36 35 132
37 0 23
37 1 137
37 2 94
37 4 133
37 6 139
37 7 28
37 9 150
37 10 145
37 11 24
37 12 153
37 13 102
37 14 65
37 15 14
37 16 136
37 17 72
37 18 16
37 19 72
37 20 81
37 21 41
37 22 28
37 23 69
37 24 108
37 25 143
37 26 62
37 27 64
37 28 126
37 29 91
37 30 24
37 31 141
37 32 20
37 33 102
37 34 126
37 35 150
37 36 45
38 0 25
38 1 69
38 2 34
38 4 40
38 5 11
38 6 50
38 7 108
38 8 77
38 9 109
38 10 19
38 11 93
38 12 156
38 13 145
38 14 148
38 15 107
38 16 104
38 17 123
38 18 122
38 19 34
38 20 46
38 21 55
38 22 114
38 24 43
38 25 8
38 26 19
38 27 122
38 28 67
38 29 90
38 30 59
38 31 154
38 32 86
38 33 10
38 35 57
38 36 17
38 37 5
39 0 84
39 1 36
39 2 12
39 3 58
39 4 19
39 5 72
39 6 85
39 7 25
39 8 49
39 9 50
39 10 77
39 12 72
39 13 116
39 15 122
39 16 39
39 18 98
39 19 133
39 20 133
39 21 73
39 22 70
39 23 102
39 24 64
39 25 35
39 26 126
39 27 10
39 28 135
39 29 101
39 30 44
39 31 10
39 32 64
39 33 156
39 34 158
39 35 156
39 36 68
39 37 112
40 0 25
40 1 158
40 2 1
40 3 77
40 4 9
40 5 3
40 6 17
40 7 70
40 8 6
40 9 82
40 10 112
40 11 33
40 12 22
40 13 13
40 14 123
40 15 119
40 16 67
40 17 55
40 18 66
40 19 102
40 20 115
40 21 90
40 22 120
40 23 12
40 24 50
40 25 111
40 27 81
40 28 71
40 29 98
40 30 90
40 32 112
40 33 76
40 34 34
40 35 111
40 36 101
40 37 35
40 38 113
40 39 97
41 0 32
41 1 68
41 2 142
41 3 112
41 4 121
41 5 15
41 6 133
41 7 82
41 8 35
41 9 122
41 10 16
41 11 113
41 12 136
41 13 100
41 14 155
41 15 70
41 16 34
41 17 42
41 18 36
41 19 141
41 20 138
41 21 138
41 22 120
41 23 84
41 24 113
41 25 51
41 27 34
41 28 75
41 29 107
41 30 15
41 31 42
41 32 12
41 33 84
41 34 13
41 36 47
41 37 16
41 38 91
41 39 95
41 40 7
42 0 60
42 1 40
42 2 125
42 3 107
42 4 91
42 5 125
42 7 139
42 8 90
42 9 120
42 10 35
42 11 95
42 12 126
42 13 3
42 14 52
42 15 21
42 16 115
42 17 95
42 18 44
42 19 107
42 21 36
42 22 6
42 23 122
42 24 129
42 25 65
42 26 10
42 27 20
42 28 113
42 29 44
42 30 61
42 31 147
42 32 49
42 33 27
42 34 57
42 35 46
42 36 26
42 37 83
42 38 74
42 39 52
42 40 113
42 41 53
43 0 122
43 1 14
43 2 124
43 4 110
43 5 98
43 6 45
43 7 152
43 8 59
43 9 9
43 10 129
43 11 27
43 12 13
43 13 140
43 14 68
43 15 12
43 16 78
43 17 93
43 18 155
43 19 75
43 20 43
43 21 66
43 24 49
43 25 133
43 26 87
43 27 15
43 28 6
43 29 149
43 30 160
43 31 100
43 32 27
43 33 133
43 34 97
43 35 25
43 36 157
43 37 83
43 38 64
43 39 102
43 40 54
43 41 3
43 42 47
44 0 70
44 1 24
44 2 140
44 3 149
44 4 25
44 5 155
44 6 58
44 7 158
44 8 50
44 9 100
44 10 145
44 11 69
44 12 18
44 13 1
44 14 141
44 15 69
44 16 151
44 17 63
44 18 119
44 19 156
44 20 51
44 22 20
44 23 118
44 24 105
44 25 6
44 26 116
44 28 1
44 29 24
44 30 30
44 31 48
44 32 102
44 33 68
44 34 158
44 35 33
44 37 22
44 38 73
44 39 46
44 40 93
44 41 94
44 42 89
44 43 142
45 0 13
45 2 160
45 3 65
45 4 48
45 5 19
45 6 41
45 7 94
45 8 58
45 9 149
45 10 27
45 11 16
45 12 144
45 13 148
45 14 42
45 15 67
45 17 112
45 18 104
45 19 19
45 21 89
45 23 95
45 24 53
45 25 73
45 26 93
45 27 42
45 28 45
45 29 88
45 30 48
45 31 39
45 32 152
45 33 57
45 34 160
45 36 138
45 37 157
45 38 23
45 39 128
45 40 106
45 41 10
45 42 51
45 43 9
45 44 16
46 0 121
46 1 20
46 2 19
46 3 17
46 4 70
46 5 100
46 6 68
46 7 106
46 8 69
46 9 89
46 10 8
46 11 93
46 12 150
46 13 144
46 14 21
46 15 42
46 16 129
46 17 63
46 18 74
46 19 83
46 20 13
46 21 80
46 22 122
46 23 123
46 24 69
46 25 145
46 26 56
46 27 18
46 29 29
46 30 156
46 31 39
46 32 71
46 33 133
46 34 66
46 35 85
46 36 105
46 37 73
46 38 116
46 39 58
46 40 120
46 41 72
46 42 88
46 43 116
46 44 154
46 45 159
47 0 47
47 1 130
47 2 118
47 3 38
47 4 135
47 5 118
47 6 47
47 7 68
47 8 125
47 9 123
47 10 78
47 11 134
47 12 42
47 13 90
47 14 103
47 15 116
47 16 7
47 17 15
47 18 67
47 19 95
47 20 64
47 21 79
47 22 35
47 23 83
47 24 123
47 25 131
47 26 79
47 27 59
47 28 83
47 29 78
47 30 152
47 31 17
47 32 16
47 33 4
47 34 103
47 35 73
47 36 66
47 37 25
47 39 49
47 40 147
47 41 59
47 42 84
47 43 28
47 44 93
47 45 82
47 46 148
48 0 114
48 1 101
48 2 21
48 3 124
48 4 103
48 5 77
48 6 51
48 7 140
48 8 6
48 9 3
48 10 30
48 11 87
48 12 144
48 14 35
48 15 4
48 16 70
48 17 94
48 18 143
48 19 66
48 20 131
48 21 30
48 22 69
48 23 86
48 24 64
48 25 64
48 26 133
48 27 132
48 28 92
48 29 32
48 30 68
48 31 28
48 33 5
48 34 27
48 35 62
48 36 136
48 37 48
48 38 48
48 39 96
48 40 67
48 41 133
48 42 18
48 43 4
48 45 22
48 47 102
49 0 67
49 1 76
49 2 87
49 3 63
49 4 5
49 5 120
49 6 30
49 8 103
49 9 55
49 11 128
49 12 105
49 13 94
49 14 110
49 15 115
49 16 141
49 17 16
49 18 157
49 19 96
49 20 103
49 21 38
49 22 81
49 23 142
49 24 54
49 25 65
49 26 143
49 27 82
49 28 144
49 29 40
49 30 133
49 31 19
49 32 115
49 33 42
49 34 67
49 35 11
49 36 10
49 37 137
49 38 78
49 39 139
49 40 60
49 41 19
49 42 5
49 43 143
49 44 23
49 45 127
49 46 8
49 47 83
49 48 50
50 0 22
50 1 41
50 4 49
50 5 115
50 6 92
50 7 120
50 8 34
50 9 63
50 10 62
50 11 133
50 12 112
50 14 145
50 15 128
50 16 14
50 17 159
50 18 96
50 19 48
50 20 134
50 21 103
50 22 65
50 23 155
50 24 158
50 25 146
50 26 157
50 27 81
50 28 91
50 29 54
50 30 132
50 32 65
50 33 155
50 34 124
50 35 94
50 37 143
50 38 21
50 40 58
50 42 7
50 43 137
50 44 46
50 45 98
50 46 86
50 47 11
50 48 133
50 49 124
51 1 145
51 2 145
51 3 93
51 5 145
51 6 141
51 7 138
51 8 98
51 9 157
51 10 36
51 11 97
51 12 148
51 13 17
51 14 105
51 15 134
51 16 91
51 17 37
51 18 121
51 19 17
51 20 92
51 21 120
51 22 12
51 23 125
51 24 21
51 25 85
51 26 64
51 27 92
51 28 125
51 29 157
51 30 117
51 31 11
51 32 94
51 34 78
51 35 99
51 36 8
51 38 37
51 39 152
51 40 9
51 41 105
51 42 95
51 43 90
51 44 87
51 45 59
51 46 39
51 47 113
51 48 80
51 49 128
51 50 74
52 0 75
52 1 75
52 2 135
52 3 126
52 4 8
52 5 59
52 6 105
52 7 117
52 8 126
52 9 76
52 10 106
52 12 12
52 13 107
52 14 93
52 15 94
52 16 21
52 17 134
52 18 116
52 19 73
52 20 128
52 21 136
52 23 37
52 24 147
52 25 58
52 27 147
52 28 156
52 29 39
52 30 44
52 31 139
52 32 44
52 34 143
52 36 138
52 37 13
52 38 10
52 40 11
52 41 136
52 42 85
52 43 51
52 44 35
52 45 148
52 46 137
52 47 147
52 48 122
52 49 107
52 50 97
52 51 152
53 0 57
53 1 126
53 2 94
53 3 25
53 4 14
53 5 31
53 6 92
53 7 48
53 8 94
53 9 27
53 10 117
53 11 18
53 14 95
53 15 51
53 16 133
53 17 64
53 18 21
53 19 110
53 20 120
53 21 51
53 23 72
53 24 37
53 25 78
53 26 68
53 27 93
53 28 27
53 29 96
53 30 57
53 32 52
53 36 158
53 38 65
53 39 63
53 40 75
53 41 48
53 42 49
53 43 63
53 44 42
53 45 136
53 46 142
53 47 31
53 48 116
53 49 87
53 50 136
53 51 79
53 52 36
54 0 119
54 1 12
54 2 136
54 3 34
54 4 58
54 5 134
54 6 89
54 7 35
54 8 150
54 9 109
54 10 140
54 11 81
54 12 52
54 13 108
54 14 129
54 15 129
54 16 119
54 17 59
54 18 157
54 19 160
54 20 54
54 21 110
54 22 33
54 23 116
54 24 82
54 25 89
54 26 124
54 27 26
54 28 117
54 29 160
54 30 103
54 32 14
54 33 61
54 35 1
54 36 26
54 38 43
54 39 53
54 41 141
54 42 12
54 43 84
54 44 144
54 45 61
54 46 90
54 47 95
54 48 152
54 49 125
54 50 36
54 51 100
54 52 160
54 53 39
55 0 49
55 1 119
55 4 112
55 5 150
55 6 32
55 7 13
55 10 1
55 11 17
55 12 125
55 13 92
55 14 152
55 15 8
55 16 101
55 17 90
55 18 79
55 19 148
55 20 160
55 21 85
55 23 26
55 24 96
55 25 44
55 27 147
55 28 117
55 29 81
55 30 113
55 31 56
55 32 101
55 33 34
55 34 10
55 35 90
55 36 99
55 37 119
55 39 3
55 40 140
55 41 43
55 42 111
55 43 79
55 44 139
55 45 152
55 46 82
55 48 36
55 49 153
55 50 144
55 51 65
55 52 102
55 53 89
55 54 21
56 0 44
56 1 79
56 2 154
56 3 58
56 4 1
56 5 65
56 6 17
56 7 96
56 8 108
56 9 11
56 11 14
56 12 105
56 13 150
56 15 39
56 16 95
56 17 82
56 21 129
56 22 147
56 23 130
56 24 18
56 25 44
56 26 107
56 27 85
56 30 75
56 31 71
56 33 88
56 34 152
56 35 106
56 36 152
56 37 148
56 38 160
56 39 87
56 40 138
56 41 145
56 42 119
56 43 71
56 44 29
56 45 75
56 46 10
56 47 111
56 48 51
56 50 103
56 52 118
56 53 31
56 54 56
56 55 67
57 0 19
57 1 112
57 3 114
57 4 147
57 5 68
57 6 8
57 7 34
57 8 114
57 9 41
57 10 100
57 11 153
57 12 48
57 13 22
57 14 117
57 15 8
57 16 50
57 17 152
57 18 144
57 19 46
57 20 139
57 21 119
57 22 143
57 24 117
57 25 57
57 26 139
57 27 33
57 28 37
57 29 107
57 30 62
57 31 70
57 32 55
57 33 102
57 34 62
57 35 71
57 36 54
57 37 132
57 38 127
57 39 140
57 40 67
57 41 10
57 42 143
57 43 45
57 44 116
57 45 109
57 46 15
57 47 7
57 48 141
57 49 11
57 50 31
57 51 133
57 52 153
57 53 118
57 55 139
57 56 94
58 1 53
58 3 124
58 4 127
58 5 88
58 6 159
58 7 132
58 8 102
58 9 26
58 10 34
58 11 101
58 12 139
58 14 48
58 15 64
58 16 103
58 18 20
58 19 101
58 20 94
58 21 34
58 22 137
58 23 28
58 24 78
58 25 146
58 26 147
58 27 143
58 28 6
58 29 98
58 30 33
58 31 35
58 32 62
58 33 141
58 34 13
58 35 158
58 36 9
58 37 36
58 38 108
58 39 74
58 40 116
58 41 151
58 42 71
58 43 48
58 44 9
58 45 10
58 46 154
58 47 18
58 48 29
58 49 125
58 51 58
58 52 26
58 53 147
58 55 82
58 56 99
58 57 61
59 0 54
59 1 142
59 3 160
59 4 53
59 5 147
59 6 42
59 7 94
59 8 127
59 9 25
59 10 13
59 12 82
59 13 149
59 14 105
59 15 99
59 16 2
59 17 22
59 18 156
59 19 159
59 20 116
59 21 112
59 22 53
59 23 119
59 24 49
59 25 142
59 26 52
59 27 113
59 28 92
59 29 137
59 30 159
59 31 34
59 32 71
59 33 86
59 34 35
59 35 103
59 36 12
59 38 146
59 42 116
59 43 34
59 45 8
59 46 25
59 47 32
59 49 25
59 50 117
59 52 101
59 53 46
59 54 24
59 55 64
59 56 21
59 57 80
59 58 131
