50
4 1 24
4 3 27
5 0 17
8 1 30
9 8 16
10 3 11
10 4 34
10 6 21
12 2 8
12 5 19
14 6 37
14 10 37
15 1 31
15 4 2
15 9 13
16 2 33
17 6 30
18 1 16
18 8 23
19 1 20
19 6 16
19 13 26
19 15 31
20 5 25
20 8 24
20 10 40
20 12 10
22 3 2
22 9 34
22 16 1
22 17 23
23 15 3
24 13 31
25 1 18
25 16 37
25 21 7
26 3 40
26 21 13
26 23 1
27 0 16
27 5 39
27 7 13
27 11 6
27 20 16
28 0 37
28 11 27
28 15 2
29 12 12
29 16 18
29 17 36
29 18 33
30 7 2
30 9 39
31 10 32
31 15 29
31 25 35
31 28 18
31 30 28
32 14 7
33 5 33
33 7 29
33 10 14
33 27 30
34 7 28
35 8 38
35 13 33
35 16 32
36 5 11
36 11 38
37 22 10
37 27 25
37 35 20
38 0 38
38 2 23
38 6 31
38 9 26
38 12 7
38 15 23
38 18 2
38 31 17
39 1 22
39 26 23
39 29 17
40 5 39
40 17 9
40 20 25
40 23 28
40 26 31
40 36 6
41 4 20
41 5 34
41 16 23
41 21 8
41 24 21
41 27 10
41 29 25
41 33 15
41 37 32
42 38 4
42 39 15
43 2 12
43 3 38
43 14 5
43 26 18
43 34 32
43 39 7
44 5 20
44 8 21
44 13 1
44 36 35
44 38 18
44 42 31
44 43 36
45 0 24
45 3 30
45 12 6
45 13 20
45 35 15
45 44 26
46 4 4
46 18 8
46 23 14
46 29 30
46 31 15
46 39 13
47 5 14
47 10 28
47 25 12
47 29 12
48 3 10
48 4 15
48 5 31
48 18 23
48 19 19
48 25 28
48 26 9
48 27 7
48 33 6
48 34 28
49 5 8
49 17 35
49 18 35
49 20 24
49 31 33
49 34 34
49 35 9
49 44 14
49 45 10
