40
1 0 32
2 0 21
2 1 24
3 0 10
3 1 35
3 2 14
4 0 1
4 2 4
4 3 2
5 0 7
5 1 39
5 2 20
5 3 5
5 4 21
6 0 5
6 1 38
6 3 10
6 4 15
6 5 7
7 0 4
7 1 9
7 3 14
7 5 20
7 6 1
8 0 23
8 1 10
8 2 18
8 3 37
8 4 39
8 5 19
8 6 28
8 7 1
9 0 23
9 1 23
9 2 27
9 3 10
9 4 33
9 6 13
9 7 5
9 8 9
10 1 37
10 2 12
10 3 20
10 4 1
10 5 10
10 6 39
10 7 31
10 8 24
10 9 26
11 0 15
11 1 8
11 2 22
11 3 17
11 4 33
11 5 9
11 6 18
11 7 28
11 8 6
11 9 20
11 10 30
12 1 11
12 2 34
12 3 24
12 4 20
12 5 15
12 6 5
12 7 7
12 8 27
12 9 26
12 10 14
12 11 8
13 0 32
13 1 30
13 2 19
13 3 24
13 4 24
13 5 5
13 6 1
13 8 27
13 9 8
13 10 28
13 11 38
13 12 8
14 0 8
14 1 28
14 2 38
14 3 25
14 4 32
14 5 22
14 6 30
14 7 28
14 8 16
14 9 32
14 10 17
14 11 12
14 12 26
14 13 15
15 0 4
15 1 16
15 2 38
15 3 7
15 4 39
15 5 29
15 6 35
15 7 27
15 8 19
15 9 29
15 10 18
15 11 25
15 12 38
15 13 6
15 14 39
16 0 38
16 1 18
16 2 14
16 3 22
16 4 26
16 6 26
16 7 13
16 9 38
16 11 35
16 12 5
16 13 15
16 14 34
16 15 14
17 0 11
17 1 9
17 2 21
17 3 27
17 4 17
17 5 29
17 6 32
17 7 21
17 8 8
17 9 39
17 10 16
17 11 11
17 12 4
17 13 38
17 14 40
17 15 19
17 16 4
18 0 39
18 1 16
18 2 15
18 4 29
18 5 18
18 6 30
18 7 31
18 8 6
18 9 3
18 10 30
18 11 5
18 12 30
18 13 37
18 14 20
18 15 33
18 16 37
18 17 11
19 0 31
19 2 23
19 3 26
19 4 33
19 5 19
19 6 21
19 7 34
19 8 26
19 9 2
19 10 5
19 11 26
19 12 6
19 13 34
19 14 18
19 15 7
19 16 12
19 17 38
19 18 2
20 1 19
20 3 22
20 4 1
20 5 35
20 6 26
20 7 19
20 9 35
20 11 40
20 12 40
20 13 7
20 14 33
20 15 28
20 16 18
20 17 40
20 18 11
21 1 33
21 2 28
21 3 38
21 5 8
21 6 27
21 7 36
21 8 12
21 11 38
21 12 20
21 13 14
21 14 25
21 15 24
21 17 27
21 18 31
21 19 27
21 20 26
22 0 14
22 1 5
22 2 16
22 3 6
22 5 26
22 7 8
22 8 23
22 9 33
22 10 19
22 12 27
22 13 17
22 15 27
22 16 33
22 17 6
22 18 26
22 19 4
22 20 39
22 21 33
23 0 33
23 1 37
23 2 9
23 3 27
23 4 26
23 5 24
23 6 17
23 7 23
23 8 33
23 9 24
23 10 6
23 11 33
23 12 7
23 13 19
23 14 11
23 15 11
23 16 1
23 17 2
23 18 34
23 19 28
23 20 20
23 21 35
23 22 18
24 0 32
24 1 8
24 3 29
24 4 25
24 5 10
24 6 4
24 7 11
24 8 38
24 9 29
24 10 30
24 11 25
24 12 33
24 13 15
24 14 32
24 15 33
24 16 31
24 17 39
24 18 36
24 19 6
24 21 10
24 22 3
24 23 36
25 0 5
25 1 5
25 2 19
25 3 3
25 4 12
25 5 2
25 6 12
25 7 39
25 8 35
25 9 13
25 10 38
25 11 7
25 13 30
25 15 24
25 16 16
25 17 4
25 18 34
25 19 29
25 20 5
25 21 39
25 23 8
26 0 34
26 1 12
26 2 28
26 5 28
26 6 28
26 7 28
26 8 17
26 10 34
26 11 28
26 12 21
26 13 9
26 14 20
26 15 16
26 16 3
26 17 23
26 18 29
26 20 32
26 21 23
26 22 20
26 23 31
26 24 37
26 25 1
27 0 24
27 1 22
27 2 5
27 3 26
27 4 25
27 5 2
27 6 24
27 7 23
27 8 26
27 9 16
27 10 18
27 12 10
27 13 35
27 14 34
27 15 17
27 16 32
27 17 7
27 18 14
27 19 6
27 20 20
27 21 6
27 22 13
27 23 22
27 24 9
27 25 29
27 26 15
28 0 17
28 1 23
28 2 28
28 3 27
28 4 27
28 5 21
28 6 33
28 7 3
28 9 32
28 10 39
28 11 22
28 12 31
28 13 6
28 14 25
28 15 8
28 16 26
28 17 5
28 18 30
28 19 35
28 20 11
28 21 19
28 22 27
28 23 28
28 24 1
28 25 14
28 26 12
28 27 32
29 0 37
29 2 25
29 3 33
29 4 19
29 5 11
29 6 1
29 7 26
29 8 6
29 9 3
29 10 32
29 11 25
29 12 20
29 13 16
29 14 19
29 16 10
29 17 39
29 18 30
29 20 10
29 21 27
29 22 33
29 23 16
29 24 32
29 25 37
29 26 26
29 27 29
29 28 17
30 0 39
30 1 12
30 2 38
30 3 21
30 4 34
30 5 22
30 6 10
30 7 37
30 8 22
30 9 10
30 10 23
30 11 35
30 12 32
30 13 9
30 14 10
30 15 39
30 16 1
30 17 38
30 18 36
30 19 6
30 20 7
30 21 38
30 22 20
30 23 12
30 25 1
30 26 25
30 27 28
30 28 33
30 29 33
31 1 11
31 2 26
31 3 25
31 4 23
31 5 29
31 6 30
31 8 2
31 9 13
31 10 17
31 11 27
31 12 11
31 13 1
31 14 26
31 15 36
31 16 14
31 17 20
31 18 5
31 19 6
31 20 32
31 21 16
31 22 30
31 23 22
31 24 30
31 25 39
31 26 5
31 27 31
31 28 13
31 29 32
31 30 18
32 0 34
32 1 30
32 2 21
32 3 33
32 4 18
32 5 9
32 6 5
32 7 32
32 8 9
32 9 35
32 10 13
32 11 5
32 14 16
32 15 19
32 16 18
32 17 8
32 18 22
32 19 14
32 20 22
32 21 40
32 22 10
32 23 16
32 24 38
32 25 18
32 26 6
32 27 40
32 28 36
32 29 18
32 31 11
33 0 34
33 1 18
33 2 11
33 3 7
33 4 18
33 5 8
33 6 31
33 7 16
33 8 3
33 10 14
33 11 24
33 12 16
33 13 35
33 14 22
33 15 30
33 16 18
33 17 19
33 18 24
33 19 2
33 20 26
33 21 30
33 22 7
33 23 31
33 25 25
33 26 5
33 27 2
33 28 38
33 29 3
33 30 10
33 31 9
33 32 11
34 0 22
34 1 24
34 3 19
34 4 40
34 5 25
34 6 2
34 8 6
34 9 23
34 10 34
34 11 3
34 12 15
34 13 18
34 14 28
34 15 26
34 16 23
34 17 13
34 18 3
34 20 38
34 21 11
34 22 14
34 23 36
34 24 25
34 26 4
34 28 36
34 29 4
34 30 39
34 31 19
34 32 34
34 33 40
35 0 19
35 2 2
35 3 25
35 4 2
35 5 1
35 6 36
35 7 4
35 8 16
35 9 2
35 10 9
35 11 11
35 12 27
35 13 24
35 14 22
35 15 5
35 16 37
35 18 16
35 19 19
35 20 23
35 21 37
35 22 32
35 23 25
35 24 15
35 25 35
35 26 16
35 28 34
35 29 27
35 30 7
35 31 10
35 32 5
35 34 16
36 0 2
36 1 14
36 2 16
36 3 27
36 4 39
36 5 6
36 6 20
36 7 6
36 8 13
36 9 31
36 10 29
36 11 12
36 12 6
36 13 28
36 14 16
36 15 23
36 16 38
36 17 2
36 18 40
36 19 16
36 20 39
36 21 6
36 22 19
36 23 3
36 24 16
36 25 22
36 26 32
36 27 14
36 28 30
36 29 15
36 30 23
36 31 27
36 32 6
36 35 15
37 0 12
37 1 32
37 2 37
37 3 15
37 4 27
37 5 29
37 6 5
37 7 3
37 8 36
37 9 12
37 12 10
37 13 40
37 14 13
37 15 9
37 16 35
37 17 28
37 18 37
37 19 29
37 20 1
37 21 17
37 22 3
37 23 12
37 24 13
37 25 39
37 26 27
37 27 14
37 28 26
37 29 16
37 30 32
37 31 7
37 32 22
37 33 10
37 34 3
37 35 20
38 0 5
38 1 22
38 2 19
38 3 14
38 4 22
38 5 19
38 6 37
38 7 25
38 8 12
38 9 28
38 10 30
38 11 21
38 13 7
38 14 20
38 15 13
38 16 11
38 17 29
38 18 38
38 19 3
38 20 19
38 21 20
38 22 11
38 23 18
38 24 15
38 25 39
38 26 19
38 27 36
38 28 7
38 29 35
38 30 10
38 31 31
38 32 39
38 33 20
38 34 11
38 35 10
38 36 29
38 37 27
39 0 23
39 1 19
39 3 12
39 4 16
39 5 31
39 6 16
39 7 33
39 8 19
39 10 28
39 11 16
39 12 30
39 13 32
39 14 39
39 15 9
39 16 20
39 17 7
39 18 21
39 19 25
39 20 13
39 21 40
39 22 23
39 23 3
39 24 5
39 25 22
39 26 6
39 27 17
39 28 12
39 29 21
39 31 28
39 33 24
39 34 4
39 35 10
39 37 36
39 38 19
