20
1 0 139
2 0 314
2 1 4
3 0 115
3 1 185
3 2 84
4 1 235
4 2 28
5 1 149
5 2 14
5 3 286
5 4 40
6 0 79
6 1 285
6 2 282
6 5 290
7 0 142
7 1 241
7 2 271
7 3 61
7 4 81
8 0 268
8 1 117
8 3 92
8 4 308
8 6 183
9 0 312
9 1 183
9 2 288
9 3 268
9 4 63
9 5 60
9 6 294
9 7 297
9 8 239
10 1 253
10 2 172
10 5 120
10 9 121
11 0 40
11 1 170
11 5 75
11 7 121
11 8 132
11 10 58
12 1 127
12 2 76
12 3 19
12 4 159
12 5 273
12 8 317
12 9 265
12 10 132
12 11 260
13 0 283
13 1 163
13 2 279
13 4 125
13 7 38
13 8 297
13 9 138
13 10 180
14 0 44
14 1 204
14 2 59
14 3 22
14 4 28
14 5 57
14 6 84
14 7 160
14 8 172
14 9 92
14 10 171
14 11 130
14 12 78
14 13 71
15 0 65
15 1 309
15 2 131
15 3 77
15 4 209
15 12 71
16 0 204
16 1 54
16 2 111
16 3 258
16 4 57
16 5 272
16 8 252
16 9 9
16 10 237
16 12 298
16 13 125
16 14 19
16 15 189
17 0 213
17 1 259
17 3 305
17 6 290
17 7 211
17 8 126
17 10 224
17 11 235
17 12 86
17 13 264
17 14 224
18 0 56
18 1 126
18 4 94
18 6 271
18 7 81
18 8 78
18 9 31
18 10 66
18 11 136
18 12 84
18 13 228
18 14 249
18 16 1
18 17 78
19 0 225
19 1 61
19 3 284
19 4 304
19 5 101
19 7 116
19 8 23
19 9 201
19 10 118
19 14 74
19 15 174
19 16 44
19 17 269
19 18 35
