60
1 0 20
2 0 14
2 1 19
3 0 50
3 1 73
3 2 47
4 0 37
4 1 37
4 2 7
4 3 40
5 0 72
5 1 7
5 2 64
5 3 21
5 4 74
6 0 23
6 1 26
6 2 25
6 3 19
6 4 12
6 5 2
7 0 37
7 1 41
7 2 20
7 3 71
7 4 66
7 5 79
7 6 64
8 0 44
8 1 46
8 2 24
8 3 9
8 4 37
8 5 48
8 6 75
8 7 47
9 0 56
9 1 65
9 2 33
9 3 74
9 4 50
9 5 34
9 6 66
9 7 27
9 8 7
10 0 54
10 1 41
10 2 80
10 3 22
10 4 62
10 5 3
10 6 79
10 7 9
10 8 4
10 9 35
11 0 29
11 1 69
11 2 33
11 3 65
11 4 21
11 5 41
11 6 68
11 7 38
11 8 10
11 9 65
11 10 38
12 0 20
12 1 31
12 2 28
12 3 24
12 4 64
12 5 23
12 6 62
12 7 60
12 8 63
12 9 51
12 10 12
12 11 55
13 0 45
13 1 50
13 2 10
13 3 34
13 4 40
13 5 7
13 6 28
13 7 71
13 8 9
13 9 68
13 10 18
13 11 3
13 12 67
14 0 77
14 1 1
14 2 17
14 3 66
14 4 72
14 5 77
14 6 72
14 7 22
14 8 25
14 9 68
14 10 10
14 11 12
14 12 47
14 13 8
15 0 52
15 1 24
15 2 31
15 3 35
15 4 23
15 5 20
15 6 15
15 7 64
15 8 33
15 9 26
15 10 6
15 11 63
15 12 28
15 13 62
15 14 47
16 0 1
16 1 79
16 2 2
16 3 21
16 4 5
16 5 18
16 6 28
16 7 23
16 8 5
16 9 55
16 10 40
16 11 19
16 12 63
16 13 7
16 14 10
16 15 73
17 0 7
17 1 12
17 2 75
17 3 67
17 4 80
17 5 58
17 6 4
17 7 54
17 8 51
17 9 68
17 10 1
17 11 71
17 12 1
17 13 57
17 14 15
17 15 22
17 16 12
18 0 52
18 1 66
18 2 18
18 3 17
18 4 76
18 5 62
18 6 62
18 7 50
18 8 70
18 9 56
18 10 78
18 11 19
18 12 4
18 13 31
18 14 75
18 15 6
18 16 45
18 17 26
19 0 50
19 1 25
19 2 78
19 3 59
19 4 38
19 5 25
19 6 21
19 7 65
19 8 10
19 9 7
19 10 44
19 11 51
19 12 69
19 13 32
19 14 67
19 15 17
19 16 69
19 17 32
19 18 28
20 0 47
20 1 77
20 2 37
20 3 2
20 4 66
20 5 60
20 6 55
20 7 31
20 8 42
20 9 17
20 10 17
20 11 69
20 12 77
20 13 5
20 14 23
20 15 7
20 16 17
20 17 59
20 18 61
20 19 71
21 0 50
21 1 36
21 2 31
21 3 10
21 4 61
21 5 74
21 6 19
21 7 24
21 8 40
21 9 54
21 10 73
21 11 55
21 12 68
21 13 74
21 14 47
21 15 57
21 16 74
21 17 45
21 18 73
21 19 30
21 20 77
22 0 54
22 1 21
22 2 10
22 3 18
22 4 52
22 5 5
22 6 50
22 7 34
22 8 65
22 9 3
22 10 17
22 11 72
22 12 4
22 13 47
22 14 68
22 15 40
22 16 5
22 17 59
22 18 1
22 19 23
22 20 79
22 21 22
23 0 75
23 1 11
23 2 51
23 3 9
23 4 72
23 5 6
23 6 48
23 7 75
23 8 49
23 9 69
23 10 79
23 11 49
23 12 70
23 13 12
23 14 33
23 15 1
23 16 7
23 17 25
23 18 51
23 19 22
23 20 22
23 21 41
23 22 79
24 0 41
24 1 48
24 2 78
24 3 28
24 4 42
24 5 55
24 6 27
24 7 31
24 8 11
24 9 15
24 10 37
24 11 28
24 12 12
24 13 25
24 14 16
24 15 54
24 16 71
24 17 31
24 18 3
24 19 76
24 20 8
24 21 45
24 22 38
24 23 25
25 0 46
25 1 22
25 2 54
25 3 12
25 4 44
25 5 10
25 6 58
25 7 52
25 8 4
25 9 16
25 10 32
25 11 55
25 12 52
25 13 9
25 14 43
25 15 7
25 16 19
25 17 4
25 18 12
25 19 4
25 20 57
25 21 73
25 22 9
25 23 45
25 24 72
26 0 13
26 1 68
26 2 76
26 3 79
26 4 76
26 5 33
26 6 56
26 7 18
26 8 57
26 9 8
26 10 58
26 11 65
26 12 15
26 13 5
26 14 7
26 15 7
26 16 65
26 17 1
26 18 21
26 19 43
26 20 47
26 21 57
26 22 30
26 23 19
26 24 7
26 25 61
27 0 66
27 1 54
27 2 18
27 3 23
27 4 40
27 5 5
27 6 71
27 7 10
27 8 24
27 9 63
27 10 38
27 11 55
27 12 54
27 13 25
27 14 4
27 15 67
27 16 41
27 17 63
27 18 59
27 19 18
27 20 42
27 21 32
27 22 26
27 23 77
27 24 73
27 25 66
27 26 26
28 0 50
28 1 2
28 2 54
28 3 13
28 4 79
28 5 21
28 6 47
28 7 68
28 8 69
28 9 40
28 10 25
28 11 39
28 12 4
28 13 56
28 14 21
28 15 57
28 16 26
28 17 39
28 18 2
28 19 42
28 20 60
28 21 72
28 22 70
28 23 20
28 24 78
28 25 54
28 26 42
28 27 59
29 0 15
29 1 45
29 2 26
29 3 69
29 4 68
29 5 53
29 6 69
29 7 74
29 8 46
29 9 72
29 10 53
29 11 59
29 12 38
29 13 67
29 14 24
29 15 15
29 16 6
29 17 52
29 18 20
29 19 59
29 20 50
29 21 80
29 22 21
29 23 21
29 24 16
29 25 73
29 26 6
29 27 65
29 28 7
30 0 14
30 1 59
30 2 52
30 3 30
30 4 46
30 5 72
30 6 34
30 7 53
30 8 16
30 9 61
30 10 10
30 11 17
30 12 48
30 13 52
30 14 56
30 15 18
30 16 31
30 17 28
30 18 80
30 19 67
30 20 64
30 21 49
30 22 47
30 23 6
30 24 2
30 25 44
30 26 61
30 27 75
30 28 49
30 29 68
31 0 43
31 1 16
31 2 1
31 3 71
31 4 47
31 5 68
31 6 21
31 7 31
31 8 32
31 9 75
31 10 18
31 11 75
31 12 9
31 13 36
31 14 75
31 15 59
31 16 63
31 17 45
31 18 6
31 19 29
31 20 6
31 21 5
31 22 31
31 23 12
31 24 46
31 25 17
31 26 64
31 27 78
31 28 23
31 29 2
31 30 36
32 0 6
32 1 78
32 2 62
32 3 73
32 4 29
32 5 34
32 6 36
32 7 14
32 8 39
32 9 56
32 10 8
32 11 35
32 12 36
32 13 13
32 14 48
32 15 54
32 16 37
32 17 52
32 18 12
32 19 22
32 20 52
32 21 11
32 22 35
32 23 53
32 24 37
32 25 64
32 26 44
32 27 25
32 28 2
32 29 21
32 30 60
32 31 64
33 0 75
33 1 43
33 2 77
33 3 59
33 4 75
33 5 65
33 6 37
33 7 46
33 8 58
33 9 15
33 10 80
33 11 2
33 12 58
33 13 74
33 14 52
33 15 6
33 16 51
33 17 2
33 18 69
33 19 17
33 20 75
33 21 70
33 22 47
33 23 21
33 24 72
33 25 40
33 26 39
33 27 64
33 28 45
33 29 55
33 30 41
33 31 19
33 32 66
34 0 69
34 1 43
34 2 72
34 3 58
34 4 47
34 5 43
34 6 68
34 7 19
34 8 4
34 9 66
34 10 5
34 11 41
34 12 69
34 13 12
34 14 31
34 15 15
34 16 6
34 17 48
34 18 28
34 19 18
34 20 28
34 21 72
34 22 52
34 23 36
34 24 34
34 25 17
34 26 6
34 27 55
34 28 41
34 29 61
34 30 80
34 31 20
34 32 18
34 33 61
35 0 64
35 1 6
35 2 13
35 3 46
35 4 69
35 5 66
35 6 21
35 7 80
35 8 78
35 9 61
35 10 44
35 11 10
35 12 17
35 13 14
35 14 65
35 15 19
35 16 66
35 17 54
35 18 32
35 19 39
35 20 38
35 21 52
35 22 28
35 23 51
35 24 78
35 25 54
35 26 9
35 27 69
35 28 32
35 29 60
35 30 79
35 31 29
35 32 14
35 33 38
35 34 71
36 0 49
36 1 34
36 2 60
36 3 75
36 4 7
36 5 69
36 6 43
36 7 17
36 8 2
36 9 75
36 10 48
36 11 42
36 12 43
36 13 68
36 14 44
36 15 6
36 16 8
36 17 2
36 18 38
36 19 28
36 20 20
36 21 59
36 22 68
36 23 50
36 24 1
36 25 19
36 26 60
36 27 78
36 28 29
36 29 43
36 30 34
36 31 47
36 32 63
36 33 52
36 34 56
36 35 60
37 0 60
37 1 79
37 2 73
37 3 2
37 4 45
37 5 7
37 6 27
37 7 13
37 8 3
37 9 9
37 10 9
37 11 79
37 12 76
37 13 49
37 14 22
37 15 23
37 16 3
37 17 38
37 18 42
37 19 31
37 20 14
37 21 12
37 22 47
37 23 69
37 24 3
37 25 47
37 26 33
37 27 64
37 28 16
37 29 31
37 30 51
37 31 30
37 32 46
37 33 8
37 34 72
37 35 47
37 36 52
38 0 63
38 1 6
38 2 61
38 3 78
38 4 13
38 5 41
38 6 61
38 7 59
38 8 78
38 9 53
38 10 19
38 11 34
38 12 38
38 13 70
38 14 27
38 15 77
38 16 7
38 17 21
38 18 50
38 19 64
38 20 49
38 21 61
38 22 26
38 23 66
38 24 49
38 25 63
38 26 66
38 27 1
38 28 74
38 29 26
38 30 22
38 31 26
38 32 13
38 33 15
38 34 65
38 35 14
38 36 68
38 37 58
39 0 35
39 1 38
39 2 55
39 3 32
39 4 65
39 5 12
39 6 57
39 7 69
39 8 33
39 9 44
39 10 55
39 11 38
39 12 73
39 13 9
39 14 69
39 15 44
39 16 44
39 17 34
39 18 69
39 19 38
39 20 75
39 21 26
39 22 41
39 23 61
39 24 57
39 25 50
39 26 57
39 27 51
39 28 59
39 29 75
39 30 59
39 31 35
39 32 70
39 33 31
39 34 46
39 35 30
39 36 50
39 37 15
39 38 14
40 0 12
40 1 80
40 2 45
40 3 54
40 4 38
40 5 37
40 6 31
40 7 3
40 8 42
40 9 70
40 10 37
40 11 49
40 12 5
40 13 59
40 14 33
40 15 53
40 16 35
40 17 9
40 18 40
40 19 59
40 20 72
40 21 15
40 22 2
40 23 35
40 24 75
40 25 9
40 26 71
40 27 8
40 28 33
40 29 55
40 30 51
40 31 25
40 32 80
40 33 22
40 34 2
40 35 23
40 36 74
40 37 41
40 38 72
40 39 46
41 0 3
41 1 11
41 2 80
41 3 54
41 4 68
41 5 65
41 6 63
41 7 25
41 8 10
41 9 58
41 10 61
41 11 60
41 12 71
41 13 46
41 14 37
41 15 10
41 16 4
41 17 68
41 18 34
41 19 65
41 20 19
41 21 66
41 22 50
41 23 35
41 24 14
41 25 51
41 26 17
41 27 52
41 28 74
41 29 17
41 30 56
41 31 14
41 32 69
41 33 78
41 34 47
41 35 51
41 36 78
41 37 63
41 38 37
41 39 80
41 40 3
42 0 18
42 1 72
42 2 70
42 3 63
42 4 32
42 5 43
42 6 68
42 7 5
42 8 66
42 9 31
42 10 56
42 11 30
42 12 4
42 13 20
42 14 10
42 15 65
42 16 12
42 17 49
42 18 18
42 19 63
42 20 79
42 21 40
42 22 10
42 23 18
42 24 24
42 25 16
42 26 20
42 27 26
42 28 55
42 29 67
42 30 15
42 31 61
42 32 10
42 33 7
42 34 19
42 35 5
42 36 51
42 37 49
42 38 79
42 39 43
42 40 14
42 41 4
43 0 49
43 1 6
43 2 80
43 3 37
43 4 48
43 5 34
43 6 70
43 7 62
43 8 15
43 9 3
43 10 1
43 11 47
43 12 60
43 13 47
43 14 50
43 15 10
43 16 69
43 17 37
43 18 29
43 19 48
43 20 60
43 21 12
43 22 15
43 23 1
43 24 33
43 25 21
43 26 19
43 27 12
43 28 53
43 29 29
43 30 74
43 31 36
43 32 57
43 33 14
43 34 26
43 35 75
43 36 17
43 37 56
43 38 28
43 39 22
43 40 67
43 41 23
43 42 46
44 0 60
44 1 63
44 2 51
44 3 43
44 4 71
44 5 60
44 6 38
44 7 71
44 8 55
44 9 24
44 10 20
44 11 64
44 12 66
44 13 63
44 14 80
44 15 34
44 16 38
44 17 8
44 18 40
44 19 25
44 20 26
44 21 64
44 22 80
44 23 8
44 24 5
44 25 59
44 26 39
44 27 77
44 28 45
44 29 2
44 30 9
44 31 39
44 32 13
44 33 66
44 34 13
44 35 5
44 36 11
44 37 49
44 38 76
44 39 74
44 40 11
44 41 53
44 42 12
44 43 34
45 0 4
45 1 80
45 2 68
45 3 16
45 4 66
45 5 5
45 6 2
45 7 21
45 8 75
45 9 63
45 10 29
45 11 20
45 12 62
45 13 70
45 14 51
45 15 27
45 16 74
45 17 40
45 18 1
45 19 39
45 20 24
45 21 54
45 22 78
45 23 8
45 24 43
45 25 74
45 26 66
45 27 19
45 28 80
45 29 21
45 30 78
45 31 80
45 32 35
45 33 26
45 34 15
45 35 54
45 36 12
45 37 23
45 38 76
45 39 59
45 40 9
45 41 6
45 42 27
45 43 73
45 44 37
46 0 48
46 1 78
46 2 63
46 3 27
46 4 32
46 5 22
46 6 54
46 7 66
46 8 64
46 9 62
46 10 64
46 11 58
46 12 30
46 13 28
46 14 79
46 15 22
46 16 40
46 17 56
46 18 23
46 19 75
46 20 5
46 21 15
46 22 40
46 23 5
46 24 67
46 25 14
46 26 15
46 27 2
46 28 79
46 29 21
46 30 72
46 31 77
46 32 50
46 33 11
46 34 55
46 35 35
46 36 48
46 37 72
46 38 70
46 39 42
46 40 58
46 41 9
46 42 80
46 43 14
46 44 19
46 45 75
47 0 15
47 1 64
47 2 16
47 3 10
47 4 30
47 5 44
47 6 1
47 7 54
47 8 22
47 9 60
47 10 43
47 11 28
47 12 74
47 13 12
47 14 9
47 15 50
47 16 3
47 17 26
47 18 58
47 19 44
47 20 70
47 21 28
47 22 10
47 23 42
47 24 6
47 25 18
47 26 35
47 27 20
47 28 49
47 29 9
47 30 65
47 31 7
47 32 9
47 33 11
47 34 78
47 35 61
47 36 78
47 37 24
47 38 65
47 39 3
47 40 79
47 41 69
47 42 29
47 43 67
47 44 44
47 45 15
47 46 63
48 0 76
48 1 51
48 2 69
48 3 17
48 4 22
48 5 8
48 6 52
48 7 46
48 8 24
48 9 65
48 10 50
48 11 62
48 12 8
48 13 1
48 14 33
48 15 64
48 16 26
48 17 57
48 18 41
48 19 54
48 20 56
48 21 75
48 22 3
48 23 28
48 24 13
48 25 28
48 26 35
48 27 70
48 28 45
48 29 28
48 30 77
48 31 35
48 32 56
48 33 71
48 34 77
48 35 26
48 36 75
48 37 30
48 38 21
48 39 42
48 40 61
48 41 49
48 42 24
48 43 69
48 44 8
48 45 40
48 46 45
48 47 59
49 0 4
49 1 78
49 2 57
49 3 62
49 4 47
49 5 46
49 6 37
49 7 19
49 8 22
49 9 21
49 10 61
49 11 48
49 12 78
49 13 57
49 14 23
49 15 5
49 16 17
49 17 15
49 18 80
49 19 48
49 20 53
49 21 34
49 22 29
49 23 73
49 24 69
49 25 27
49 26 42
49 27 38
49 28 13
49 29 51
49 30 38
49 31 29
49 32 40
49 33 31
49 34 78
49 35 61
49 36 39
49 37 8
49 38 76
49 39 8
49 40 75
49 41 15
49 42 29
49 43 37
49 44 73
49 45 41
49 46 75
49 47 43
49 48 47
50 0 55
50 1 25
50 2 28
50 3 73
50 4 5
50 5 20
50 6 37
50 7 58
50 8 52
50 9 20
50 10 40
50 11 43
50 12 59
50 13 36
50 14 8
50 15 49
50 16 23
50 17 74
50 18 45
50 19 61
50 20 4
50 21 38
50 22 9
50 23 71
50 24 46
50 25 65
50 26 11
50 27 40
50 28 44
50 29 39
50 30 9
50 31 47
50 32 45
50 33 2
50 34 78
50 35 38
50 36 49
50 37 26
50 38 9
50 39 52
50 40 33
50 41 76
50 42 26
50 43 58
50 44 13
50 45 9
50 46 30
50 47 78
50 48 27
50 49 33
51 0 77
51 1 5
51 2 52
51 3 45
51 4 25
51 5 76
51 6 21
51 7 58
51 8 43
51 9 9
51 10 73
51 11 22
51 12 62
51 13 46
51 14 40
51 15 80
51 16 38
51 17 24
51 18 27
51 19 73
51 20 28
51 21 79
51 22 2
51 23 44
51 24 15
51 25 33
51 26 68
51 27 19
51 28 5
51 29 53
51 30 67
51 31 43
51 32 79
51 33 12
51 34 20
51 35 8
51 36 2
51 37 77
51 38 71
51 39 46
51 40 12
51 41 18
51 42 35
51 43 23
51 44 52
51 45 29
51 46 7
51 47 58
51 48 61
51 49 35
51 50 63
52 0 19
52 1 58
52 2 5
52 3 76
52 4 28
52 5 54
52 6 28
52 7 49
52 8 58
52 9 72
52 10 19
52 11 20
52 12 35
52 13 24
52 14 67
52 15 59
52 16 28
52 17 25
52 18 56
52 19 21
52 20 57
52 21 38
52 22 26
52 23 3
52 24 4
52 25 35
52 26 15
52 27 15
52 28 20
52 29 9
52 30 77
52 31 20
52 32 23
52 33 10
52 34 3
52 35 80
52 36 75
52 37 5
52 38 22
52 39 49
52 40 36
52 41 72
52 42 45
52 43 38
52 44 21
52 45 52
52 46 72
52 47 73
52 48 63
52 49 25
52 50 58
52 51 68
53 0 12
53 1 33
53 2 70
53 3 18
53 4 43
53 5 63
53 6 44
53 7 33
53 8 5
53 9 46
53 10 67
53 11 13
53 12 61
53 13 26
53 14 70
53 15 65
53 16 1
53 17 60
53 18 64
53 19 61
53 20 19
53 21 57
53 22 62
53 23 31
53 24 5
53 25 19
53 26 79
53 27 73
53 28 1
53 29 58
53 30 28
53 31 6
53 32 45
53 33 56
53 34 12
53 35 32
53 36 9
53 37 58
53 38 15
53 39 36
53 40 79
53 41 30
53 42 67
53 43 37
53 44 74
53 45 21
53 46 16
53 47 20
53 48 34
53 49 51
53 50 28
53 51 7
53 52 57
54 0 6
54 1 13
54 2 10
54 3 54
54 4 11
54 5 41
54 6 50
54 7 55
54 8 10
54 9 40
54 10 65
54 11 12
54 12 23
54 13 13
54 14 26
54 15 31
54 16 4
54 17 73
54 18 41
54 19 9
54 20 24
54 21 39
54 22 7
54 23 44
54 24 43
54 25 19
54 26 63
54 27 76
54 28 46
54 29 1
54 30 13
54 31 17
54 32 17
54 33 5
54 34 46
54 35 55
54 36 58
54 37 43
54 38 7
54 39 35
54 40 37
54 41 52
54 42 60
54 43 43
54 44 61
54 45 46
54 46 40
54 47 14
54 48 60
54 49 46
54 50 61
54 51 58
54 52 9
54 53 73
55 0 22
55 1 64
55 2 61
55 3 54
55 4 75
55 5 23
55 6 60
55 7 43
55 8 43
55 9 57
55 10 17
55 11 64
55 12 61
55 13 21
55 14 1
55 15 59
55 16 71
55 17 56
55 18 32
55 19 58
55 20 64
55 21 56
55 22 60
55 23 52
55 24 48
55 25 29
55 26 30
55 27 75
55 28 54
55 29 10
55 30 80
55 31 62
55 32 5
55 33 13
55 34 1
55 35 51
55 36 51
55 37 76
55 38 6
55 39 9
55 40 8
55 41 59
55 42 37
55 43 45
55 44 19
55 45 10
55 46 14
55 47 22
55 48 46
55 49 58
55 50 58
55 51 79
55 52 43
55 53 70
55 54 25
56 0 5
56 1 68
56 2 64
56 3 41
56 4 47
56 5 37
56 6 52
56 7 72
56 8 16
56 9 50
56 10 27
56 11 15
56 12 42
56 13 52
56 14 8
56 15 49
56 16 33
56 17 42
56 18 20
56 19 6
56 20 25
56 21 37
56 22 32
56 23 65
56 24 54
56 25 5
56 26 32
56 27 66
56 28 77
56 29 44
56 30 36
56 31 29
56 32 71
56 33 36
56 34 22
56 35 10
56 36 69
56 37 40
56 38 38
56 39 79
56 40 51
56 41 57
56 42 12
56 43 36
56 44 76
56 45 1
56 46 46
56 47 79
56 48 30
56 49 50
56 50 43
56 51 18
56 52 58
56 53 24
56 54 46
56 55 39
57 0 63
57 1 3
57 2 16
57 3 80
57 4 27
57 5 72
57 6 70
57 7 6
57 8 37
57 9 78
57 10 28
57 11 78
57 12 57
57 13 55
57 14 48
57 15 3
57 16 63
57 17 4
57 18 36
57 19 49
57 20 53
57 21 33
57 22 54
57 23 62
57 24 18
57 25 67
57 26 14
57 27 50
57 28 2
57 29 27
57 30 29
57 31 3
57 32 54
57 33 31
57 34 7
57 35 73
57 36 71
57 37 39
57 38 46
57 39 24
57 40 26
57 41 61
57 42 25
57 43 3
57 44 52
57 45 72
57 46 55
57 47 65
57 48 43
57 49 61
57 50 1
57 51 45
57 52 33
57 53 45
57 54 13
57 55 73
57 56 22
58 0 43
58 1 71
58 2 70
58 3 78
58 4 26
58 5 51
58 6 3
58 7 39
58 8 45
58 9 30
58 10 2
58 11 26
58 12 38
58 13 68
58 14 74
58 15 6
58 16 31
58 17 3
58 18 76
58 19 53
58 20 31
58 21 3
58 22 42
58 23 66
58 24 60
58 25 37
58 26 53
58 27 71
58 28 55
58 29 8
58 30 9
58 31 73
58 32 43
58 33 36
58 34 75
58 35 59
58 36 46
58 37 25
58 38 13
58 39 34
58 40 1
58 41 59
58 42 76
58 43 22
58 44 57
58 45 63
58 46 26
58 47 27
58 48 77
58 49 77
58 50 25
58 51 3
58 52 11
58 53 35
58 54 16
58 55 43
58 56 9
58 57 16
59 0 10
59 1 48
59 2 68
59 3 66
59 4 23
59 5 37
59 6 32
59 7 51
59 8 38
59 9 62
59 10 32
59 11 23
59 12 52
59 13 47
59 14 46
59 15 79
59 16 71
59 17 11
59 18 8
59 19 11
59 20 62
59 21 49
59 22 50
59 23 73
59 24 16
59 25 31
59 26 27
59 27 8
59 28 9
59 29 38
59 30 43
59 31 18
59 32 39
59 33 67
59 34 32
59 35 61
59 36 72
59 37 7
59 38 74
59 39 8
59 40 24
59 41 61
59 42 35
59 43 25
59 44 53
59 45 74
59 46 73
59 47 6
59 48 1
59 49 2
59 50 3
59 51 22
59 52 65
59 53 18
59 54 74
59 55 6
59 56 41
59 57 38
59 58 60
