50
2 1 15
3 1 19
3 2 8
4 1 10
4 2 5
4 3 3
5 0 11
5 2 3
5 4 6
6 0 1
6 1 1
6 2 14
6 4 7
6 5 20
7 1 16
7 3 7
7 5 17
7 6 8
8 1 16
8 4 19
8 6 4
9 1 11
9 2 4
9 3 17
9 4 6
9 6 5
9 7 4
9 8 9
10 1 14
10 2 7
10 5 1
10 7 4
10 9 14
11 1 14
11 2 8
11 4 6
11 7 2
11 8 14
11 10 15
12 1 3
12 2 9
12 3 12
12 4 3
12 7 2
12 9 12
12 11 14
13 0 5
13 2 12
13 7 18
13 9 15
14 9 19
14 10 13
14 11 20
14 12 15
14 13 1
15 1 5
15 3 9
15 7 5
15 8 19
15 10 15
15 11 17
15 12 13
15 14 7
16 0 16
16 1 10
16 2 17
16 3 3
16 5 8
16 6 5
16 7 6
16 8 7
16 10 19
16 11 13
16 12 6
16 15 3
17 0 11
17 1 12
17 2 20
17 3 18
17 11 2
17 12 15
17 13 16
17 15 16
17 16 5
18 2 8
18 5 14
18 7 18
18 8 18
18 10 15
18 11 3
18 13 16
18 14 2
18 15 15
18 16 2
18 17 4
19 1 2
19 5 9
19 7 20
19 8 19
19 10 20
19 11 19
19 13 10
19 14 17
19 16 2
19 18 10
20 2 11
20 5 2
20 6 9
20 7 10
20 10 19
20 12 7
20 13 8
20 14 3
20 17 19
20 19 3
21 0 6
21 1 19
21 4 4
21 5 20
21 7 4
21 8 11
21 12 1
21 14 8
21 16 2
21 17 11
21 20 15
22 1 8
22 5 6
22 6 7
22 7 16
22 8 16
22 9 5
22 10 7
22 12 9
22 14 11
22 16 13
22 17 7
22 18 10
22 20 18
22 21 8
23 2 19
23 4 8
23 7 19
23 9 7
23 12 17
23 13 7
23 14 15
23 16 13
23 17 11
23 18 18
23 20 1
23 21 15
23 22 18
24 1 15
24 2 15
24 3 6
24 4 8
24 5 6
24 6 7
24 10 9
24 11 10
24 12 20
24 16 16
24 18 4
24 19 8
24 20 16
24 21 5
24 23 4
25 0 10
25 1 18
25 2 5
25 3 19
25 4 7
25 6 10
25 7 18
25 11 19
25 13 4
25 14 11
25 15 15
25 16 11
25 17 17
25 18 14
25 19 7
25 20 6
25 21 9
25 22 4
25 24 7
26 0 10
26 1 12
26 3 3
26 4 20
26 6 7
26 7 10
26 10 19
26 11 9
26 13 9
26 15 15
26 17 11
26 18 8
26 22 8
26 24 17
27 0 2
27 2 10
27 3 5
27 4 6
27 5 6
27 6 11
27 7 2
27 10 19
27 11 19
27 15 1
27 17 7
27 19 5
27 20 10
27 22 5
27 24 4
27 25 15
28 2 17
28 4 20
28 5 15
28 8 7
28 9 20
28 11 4
28 12 1
28 15 14
28 17 11
28 18 13
28 20 14
28 22 9
28 24 5
28 26 5
29 2 10
29 6 1
29 7 1
29 8 19
29 10 6
29 11 15
29 12 4
29 13 7
29 14 16
29 15 20
29 16 16
29 17 16
29 18 2
29 19 4
29 21 16
29 22 11
29 23 15
29 25 10
29 28 17
30 0 19
30 1 17
30 2 13
30 3 14
30 6 5
30 7 13
30 8 16
30 9 16
30 10 20
30 11 20
30 12 11
30 13 6
30 14 6
30 16 10
30 17 14
30 18 6
30 22 9
30 24 4
30 25 7
30 26 10
30 27 11
31 0 6
31 1 4
31 3 10
31 5 10
31 6 11
31 8 4
31 11 5
31 12 6
31 15 20
31 17 14
31 18 4
31 19 3
31 21 3
31 23 8
31 25 11
31 28 14
32 0 4
32 2 19
32 8 14
32 10 13
32 13 5
32 14 1
32 16 13
32 17 3
32 18 6
32 19 7
32 20 8
32 22 18
32 24 12
32 25 18
32 26 1
32 27 10
32 28 9
32 29 10
32 30 20
32 31 20
33 1 4
33 3 10
33 4 17
33 5 13
33 6 4
33 7 5
33 8 17
33 11 16
33 12 3
33 13 8
33 14 12
33 15 7
33 20 6
33 21 17
33 23 2
33 24 5
33 25 16
33 27 13
33 31 17
33 32 14
34 0 2
34 2 6
34 3 12
34 4 10
34 8 15
34 9 2
34 10 7
34 11 3
34 12 17
34 14 3
34 15 3
34 18 3
34 19 16
34 21 3
34 25 19
34 26 1
34 27 17
34 28 5
34 29 13
34 30 13
34 31 9
34 32 5
35 3 9
35 4 4
35 5 5
35 6 14
35 7 15
35 8 17
35 9 3
35 10 9
35 11 4
35 14 17
35 16 19
35 19 14
35 22 11
35 24 6
35 25 18
35 26 12
35 30 8
35 32 10
36 0 10
36 1 12
36 5 16
36 6 5
36 7 5
36 11 18
36 12 19
36 15 8
36 16 1
36 17 12
36 18 17
36 20 16
36 24 5
36 25 16
36 26 9
36 28 8
36 29 16
36 31 9
36 32 20
36 34 3
36 35 1
37 0 17
37 3 15
37 5 13
37 6 13
37 7 16
37 8 14
37 10 6
37 11 12
37 14 1
37 15 17
37 17 2
37 18 8
37 20 14
37 22 9
37 24 18
37 27 8
37 28 2
37 29 11
37 30 2
37 31 13
37 32 4
37 33 15
38 1 13
38 2 9
38 3 14
38 4 5
38 5 13
38 6 7
38 7 10
38 8 11
38 9 1
38 15 13
38 16 18
38 17 19
38 18 3
38 19 20
38 20 9
38 21 18
38 24 17
38 27 2
38 28 19
38 31 9
38 32 16
38 33 13
38 34 11
38 37 14
39 2 6
39 3 15
39 5 7
39 6 12
39 9 19
39 10 14
39 12 10
39 13 17
39 14 12
39 15 9
39 17 15
39 19 19
39 20 3
39 22 5
39 25 1
39 26 18
39 28 19
39 29 15
39 30 9
39 31 16
39 32 6
39 33 20
39 34 6
39 35 15
39 36 7
40 0 5
40 1 4
40 3 6
40 4 15
40 7 3
40 8 6
40 9 18
40 10 10
40 11 9
40 13 13
40 14 2
40 16 17
40 20 18
40 21 10
40 23 15
40 26 1
40 28 5
40 29 19
40 30 3
40 35 10
40 36 10
40 37 16
40 39 13
41 1 20
41 3 13
41 7 13
41 9 11
41 11 7
41 12 13
41 13 13
41 14 12
41 16 12
41 17 6
41 18 8
41 19 3
41 21 19
41 23 18
41 25 20
41 29 1
41 33 10
41 36 6
41 37 17
41 38 2
41 40 8
42 2 12
42 4 16
42 6 14
42 7 17
42 9 15
42 10 12
42 11 12
42 13 7
42 14 4
42 16 2
42 17 16
42 18 2
42 21 14
42 23 14
42 24 14
42 27 4
42 28 14
42 32 1
42 37 8
42 38 11
42 41 3
43 1 2
43 2 4
43 4 12
43 5 20
43 6 5
43 7 19
43 8 8
43 9 11
43 11 6
43 13 1
43 14 17
43 16 19
43 17 1
43 18 12
43 20 16
43 21 9
43 22 15
43 24 8
43 25 11
43 27 14
43 28 13
43 30 8
43 31 1
43 32 3
43 34 5
43 36 3
43 37 10
43 38 1
43 39 14
43 41 6
44 0 11
44 1 7
44 2 4
44 3 18
44 5 7
44 6 8
44 7 4
44 9 8
44 12 7
44 13 2
44 17 14
44 20 6
44 21 9
44 22 12
44 23 6
44 24 11
44 25 13
44 26 2
44 27 15
44 30 2
44 32 1
44 33 3
44 34 16
44 35 7
44 36 12
44 37 13
44 38 10
44 39 17
44 40 7
44 42 9
44 43 3
45 0 8
45 1 14
45 2 12
45 3 12
45 5 17
45 6 19
45 7 17
45 11 8
45 16 19
45 17 19
45 18 17
45 20 13
45 22 11
45 23 1
45 25 5
45 26 7
45 29 4
45 30 11
45 31 18
45 32 6
45 33 9
45 38 15
45 39 4
45 40 10
45 41 1
45 43 12
46 0 10
46 2 5
46 3 4
46 4 5
46 6 17
46 8 6
46 10 15
46 11 19
46 12 4
46 13 4
46 14 14
46 15 7
46 16 1
46 17 9
46 18 5
46 20 3
46 22 12
46 23 15
46 24 8
46 26 16
46 27 3
46 28 18
46 29 14
46 31 20
46 32 15
46 33 8
46 34 16
46 38 11
46 39 2
46 40 20
46 41 9
46 42 15
46 43 4
46 44 15
47 3 10
47 5 20
47 6 7
47 8 12
47 11 17
47 12 4
47 13 18
47 14 16
47 15 17
47 17 7
47 18 20
47 19 15
47 21 4
47 26 17
47 27 10
47 29 15
47 32 1
47 34 8
47 35 17
47 37 8
47 38 7
47 39 19
47 41 6
47 42 2
47 43 14
48 0 5
48 1 18
48 2 9
48 3 16
48 4 12
48 6 2
48 7 10
48 8 1
48 9 13
48 10 17
48 11 1
48 12 16
48 16 9
48 17 17
48 18 7
48 20 3
48 21 17
48 25 11
48 27 11
48 29 1
48 30 19
48 32 19
48 35 10
48 37 15
48 39 1
48 41 15
48 42 13
48 43 13
48 44 7
48 45 8
48 46 20
48 47 15
49 0 13
49 1 2
49 2 12
49 3 10
49 9 8
49 10 19
49 12 10
49 16 12
49 17 4
49 20 4
49 22 10
49 23 6
49 24 8
49 25 10
49 26 17
49 28 16
49 30 1
49 31 11
49 33 14
49 34 1
49 39 18
49 40 7
49 43 15
49 44 5
49 45 15
49 46 3
49 48 14
