40
2 1 30
3 0 31
3 1 63
3 2 80
4 0 73
4 3 64
5 0 20
5 2 30
5 3 61
5 4 28
6 0 40
6 4 34
6 5 70
7 1 48
7 2 72
7 4 34
7 5 50
7 6 64
8 0 78
8 2 37
8 3 20
8 5 56
9 0 46
9 2 51
9 4 51
9 6 74
9 8 48
10 1 27
10 5 19
10 7 71
10 8 80
11 0 47
11 1 59
11 2 53
11 3 38
11 5 79
11 6 4
11 7 77
11 10 46
12 2 64
12 3 7
12 5 4
12 6 15
12 7 67
12 10 46
13 1 71
13 3 76
13 4 14
13 5 13
13 6 3
13 7 4
13 8 5
13 9 44
13 10 27
13 12 42
14 0 34
14 3 53
14 4 51
14 7 30
14 8 75
14 9 24
14 10 67
14 11 30
14 12 46
14 13 8
15 0 12
15 1 13
15 3 5
15 5 9
15 6 58
15 8 11
15 10 34
15 11 51
15 13 70
16 0 42
16 3 25
16 4 67
16 7 31
16 9 74
16 11 20
16 12 78
16 13 31
16 15 34
17 0 5
17 1 77
17 2 54
17 3 70
17 4 39
17 6 4
17 7 52
17 8 36
17 9 71
17 10 2
17 11 41
17 12 80
17 14 60
18 0 67
18 2 37
18 3 10
18 4 43
18 6 58
18 9 25
18 10 57
18 12 48
18 13 14
18 14 38
18 16 57
18 17 63
19 0 21
19 2 33
19 4 11
19 8 63
19 9 6
19 10 41
19 11 11
19 12 30
19 13 58
19 14 61
19 17 51
19 18 34
20 0 50
20 1 50
20 4 75
20 5 43
20 8 31
20 10 2
20 12 55
20 13 11
20 15 77
20 16 20
20 17 17
21 0 60
21 4 73
21 5 74
21 9 34
21 10 40
21 11 36
21 12 21
21 13 25
21 16 6
21 18 28
21 19 41
22 0 53
22 2 74
22 3 65
22 4 62
22 6 3
22 8 56
22 9 17
22 10 11
22 12 5
22 15 57
22 17 18
22 19 30
22 21 59
23 0 31
23 6 80
23 7 64
23 8 18
23 9 36
23 10 9
23 11 63
23 13 26
23 14 68
23 15 53
23 18 12
23 19 9
23 21 66
23 22 24
24 0 73
24 1 60
24 3 13
24 4 39
24 5 75
24 8 17
24 9 24
24 10 38
24 11 34
24 12 77
24 15 5
24 18 39
24 19 60
24 21 56
24 22 12
24 23 37
25 0 12
25 4 78
25 6 51
25 8 45
25 9 52
25 10 13
25 13 20
25 14 79
25 15 48
25 22 70
25 23 39
25 24 5
26 2 68
26 5 53
26 6 4
26 7 48
26 8 35
26 9 72
26 10 72
26 13 38
26 24 56
27 2 35
27 3 78
27 4 51
27 5 24
27 7 68
27 8 34
27 9 31
27 10 33
27 12 32
27 13 16
27 14 76
27 15 10
27 17 51
27 21 70
27 24 39
27 26 72
28 0 3
28 2 72
28 6 23
28 8 38
28 9 11
28 10 61
28 11 62
28 12 42
28 16 54
28 17 16
28 18 51
28 19 16
28 20 36
28 25 61
28 27 5
29 1 34
29 3 64
29 5 19
29 7 55
29 8 37
29 9 1
29 10 14
29 12 48
29 15 35
29 17 4
29 18 49
29 19 45
29 20 29
29 21 50
29 22 66
29 24 46
29 27 40
30 1 39
30 2 42
30 3 26
30 4 74
30 5 59
30 8 32
30 9 10
30 10 18
30 11 2
30 12 9
30 13 29
30 17 10
30 18 11
30 19 4
30 21 44
30 22 62
30 23 66
30 24 33
30 26 74
30 27 68
31 0 22
31 1 44
31 5 66
31 6 72
31 7 7
31 8 62
31 9 67
31 10 23
31 14 71
31 15 76
31 16 65
31 17 45
31 18 9
31 19 34
31 20 2
31 23 79
31 25 74
31 26 65
31 28 60
32 0 57
32 4 63
32 5 16
32 8 62
32 10 40
32 12 20
32 13 1
32 14 56
32 17 46
32 18 9
32 19 68
32 20 37
32 22 38
32 23 79
32 24 25
32 26 48
32 27 65
32 28 70
32 29 3
32 31 9
33 1 55
33 2 64
33 3 14
33 4 74
33 5 50
33 6 69
33 8 55
33 10 31
33 11 48
33 12 55
33 13 58
33 15 15
33 18 54
33 19 30
33 20 25
33 24 36
33 25 5
33 27 36
33 30 19
33 32 58
34 3 24
34 4 26
34 6 68
34 8 42
34 9 58
34 13 8
34 14 45
34 15 4
34 17 24
34 18 54
34 19 15
34 20 63
34 21 67
34 23 4
34 24 41
34 27 75
34 30 36
34 32 70
34 33 28
35 1 78
35 2 26
35 3 72
35 5 49
35 7 7
35 10 13
35 12 75
35 15 80
35 16 12
35 18 71
35 19 67
35 20 22
35 22 22
35 24 69
35 25 40
35 26 3
35 27 17
35 28 73
35 29 24
35 30 45
36 0 61
36 2 65
36 3 37
36 5 23
36 6 29
36 7 71
36 9 18
36 10 8
36 11 52
36 14 26
36 15 9
36 18 40
36 19 50
36 20 78
36 21 36
36 23 15
36 24 16
36 25 79
36 26 39
36 27 33
36 28 22
36 29 9
36 30 7
36 31 29
36 32 12
36 33 50
36 34 37
36 35 51
37 0 27
37 1 32
37 4 30
37 6 45
37 7 55
37 8 2
37 9 38
37 10 33
37 13 65
37 14 41
37 15 11
37 16 58
37 21 39
37 22 19
37 23 56
37 24 39
37 25 29
37 26 66
37 27 75
37 28 4
37 34 78
37 35 43
38 0 69
38 1 1
38 3 66
38 5 35
38 6 62
38 8 60
38 9 2
38 11 17
38 12 17
38 13 29
38 14 39
38 16 52
38 17 14
38 18 44
38 19 60
38 20 53
38 25 3
38 27 63
38 28 77
38 29 23
38 31 73
38 32 35
38 34 66
38 35 41
38 36 6
38 37 73
39 0 63
39 3 45
39 4 52
39 5 29
39 9 67
39 10 54
39 11 73
39 12 9
39 13 31
39 14 17
39 15 22
39 17 32
39 18 66
39 20 53
39 21 79
39 24 5
39 25 57
39 26 64
39 27 13
39 28 11
39 32 69
39 33 32
39 34 46
39 35 75
39 36 47
39 37 32
39 38 8
