60
1 0 85
2 0 67
2 1 88
3 1 112
4 0 128
4 1 52
5 2 145
6 0 4
6 1 85
6 2 7
7 0 115
7 1 158
7 2 98
7 3 60
8 1 110
8 2 72
8 4 106
8 6 112
8 7 152
9 2 37
9 3 131
9 4 73
9 5 88
9 6 126
9 7 104
9 8 69
10 0 65
10 1 83
10 2 69
10 5 110
10 6 44
10 8 49
10 9 136
11 0 81
11 1 99
11 2 42
11 4 25
11 5 63
11 7 11
11 8 132
12 0 152
12 1 99
12 2 153
12 4 68
12 5 41
12 6 32
12 7 58
12 8 112
12 9 142
12 10 100
13 0 74
13 1 6
13 4 133
13 5 76
13 6 141
14 2 4
14 4 153
14 6 80
14 10 74
14 11 151
14 12 105
14 13 132
15 0 103
15 2 94
15 4 153
15 6 3
15 7 19
15 8 70
15 9 47
15 10 31
15 11 96
15 14 126
16 5 60
16 7 143
16 9 87
16 10 118
16 11 31
17 1 113
17 3 71
17 4 77
17 5 30
17 6 126
17 7 33
17 8 154
17 9 108
17 10 3
17 11 77
17 12 132
17 14 17
17 16 16
18 0 75
18 2 113
18 3 63
18 5 103
18 6 64
18 8 11
18 9 133
18 10 8
18 11 6
18 12 157
18 13 57
18 14 16
18 15 67
18 16 96
19 0 85
19 1 138
19 3 144
19 4 85
19 6 147
19 7 71
19 8 107
19 9 121
19 11 83
19 12 51
19 13 137
19 16 148
19 18 11
20 0 119
20 1 47
20 3 93
20 4 27
20 5 11
20 7 91
20 9 68
20 10 24
20 11 100
20 12 73
20 13 80
20 14 103
20 16 52
20 19 127
21 0 133
21 1 35
21 2 142
21 3 96
21 4 91
21 8 31
21 9 63
21 10 122
21 11 27
21 12 29
21 15 107
21 17 94
21 18 18
21 19 69
22 0 86
22 1 111
22 2 87
22 4 42
22 5 160
22 11 36
22 13 91
22 14 108
22 15 155
22 16 8
22 18 24
22 19 1
23 0 90
23 2 146
23 3 75
23 5 1
23 8 39
23 9 2
23 10 67
23 12 143
23 13 132
23 14 8
23 15 93
23 18 68
23 19 34
23 21 64
24 0 54
24 1 149
24 2 155
24 3 34
24 4 66
24 5 31
24 7 118
24 8 49
24 10 22
24 11 87
24 13 144
24 14 26
24 15 110
24 16 5
24 17 126
24 18 14
24 19 94
24 20 129
24 21 98
24 22 94
24 23 64
25 0 62
25 1 127
25 3 97
25 5 154
25 6 12
25 8 36
25 10 18
25 11 111
25 14 30
25 15 67
25 16 1
25 17 25
25 18 102
25 19 53
25 20 125
25 21 78
25 23 96
25 24 92
26 0 36
26 1 19
26 2 156
26 3 158
26 4 65
26 7 92
26 8 18
26 9 19
26 10 28
26 11 126
26 14 101
26 15 83
26 16 54
26 17 139
26 18 8
26 19 2
26 20 7
26 21 13
26 23 32
26 24 59
27 0 75
27 1 125
27 2 52
27 4 139
27 5 158
27 6 73
27 8 2
27 10 42
27 11 143
27 12 122
27 13 4
27 15 122
27 17 159
27 19 38
27 20 62
27 22 60
27 23 21
27 24 35
28 1 134
28 2 136
28 3 139
28 5 111
28 6 120
28 9 41
28 12 126
28 14 143
28 16 128
28 18 112
28 19 18
28 20 80
28 21 112
28 23 104
28 26 5
29 0 150
29 2 8
29 3 21
29 5 90
29 6 117
29 7 153
29 8 102
29 12 116
29 14 106
29 15 92
29 17 60
29 18 25
29 21 135
29 22 132
29 23 74
29 25 29
29 26 85
29 27 73
29 28 100
30 5 38
30 7 54
30 8 44
30 9 1
30 10 104
30 12 95
30 17 142
30 18 20
30 19 48
30 22 44
30 23 49
30 24 65
30 26 71
30 27 67
30 28 54
30 29 52
31 1 49
31 4 48
31 5 134
31 8 142
31 11 5
31 14 150
31 16 104
31 17 138
31 18 38
31 19 158
31 21 154
31 23 43
31 24 117
31 25 40
31 27 125
31 29 136
31 30 29
32 2 118
32 3 97
32 5 52
32 6 54
32 7 114
32 12 134
32 13 46
32 14 110
32 17 132
32 19 26
32 21 125
32 22 146
32 23 29
32 26 150
32 27 137
32 29 39
33 1 110
33 2 55
33 3 94
33 4 37
33 5 50
33 7 62
33 9 58
33 10 67
33 12 20
33 14 121
33 15 108
33 17 71
33 19 114
33 20 107
33 21 146
33 27 31
33 28 17
33 31 115
33 32 20
34 2 112
34 3 67
34 5 20
34 7 83
34 11 111
34 12 107
34 13 44
34 14 34
34 15 103
34 16 36
34 18 101
34 19 43
34 20 77
34 21 66
34 22 152
34 23 66
34 24 20
34 30 35
34 32 113
35 0 134
35 1 144
35 2 36
35 3 11
35 5 124
35 8 118
35 9 134
35 10 19
35 11 43
35 12 18
35 14 149
35 18 144
35 19 35
35 21 82
35 22 25
35 23 61
35 24 90
35 25 145
35 26 47
35 29 37
35 31 88
35 33 119
35 34 116
36 2 62
36 3 56
36 4 56
36 6 46
36 8 18
36 11 97
36 12 146
36 13 73
36 14 77
36 15 63
36 16 63
36 17 144
36 18 97
36 20 60
36 21 153
36 22 94
36 23 127
36 24 145
36 25 42
36 27 99
36 28 138
36 29 113
36 34 43
37 2 148
37 3 75
37 5 135
37 6 33
37 7 26
37 8 132
37 12 3
37 15 61
37 16 26
37 17 150
37 18 150
37 19 158
37 21 120
37 25 48
37 27 7
37 29 139
37 31 128
37 33 139
37 34 15
37 35 109
37 36 119
38 2 95
38 3 6
38 4 73
38 5 102
38 6 97
38 7 77
38 8 103
38 9 142
38 10 36
38 12 82
38 15 121
38 20 55
38 21 55
38 22 42
38 26 115
38 27 78
38 30 108
38 31 117
38 33 143
38 34 117
38 35 21
38 36 15
39 1 92
39 2 146
39 3 88
39 5 157
39 8 103
39 10 32
39 11 158
39 12 135
39 14 56
39 15 158
39 16 112
39 18 68
39 19 84
39 22 83
39 23 66
39 25 128
39 30 64
39 31 62
39 32 37
39 34 100
39 35 41
39 38 61
40 0 144
40 2 131
40 3 58
40 4 138
40 6 3
40 7 117
40 10 115
40 15 79
40 16 57
40 17 85
40 18 85
40 19 109
40 22 34
40 27 83
40 28 22
40 29 112
40 33 144
40 35 144
40 37 123
40 39 91
41 0 144
41 1 125
41 3 51
41 5 140
41 6 136
41 8 130
41 10 53
41 11 142
41 13 73
41 14 96
41 15 121
41 16 125
41 17 128
41 18 58
41 19 107
41 21 51
41 22 149
41 23 3
41 24 153
41 26 7
41 27 133
41 28 103
41 29 134
41 30 141
41 31 14
41 32 157
41 34 119
41 36 61
41 38 11
41 39 17
42 0 114
42 3 151
42 4 85
42 6 148
42 8 34
42 10 72
42 15 73
42 16 82
42 19 22
42 20 57
42 21 109
42 24 95
42 26 67
42 27 46
42 28 111
42 31 14
42 33 158
42 35 56
42 37 151
42 38 141
42 39 90
42 40 54
43 0 112
43 3 90
43 6 113
43 8 89
43 9 108
43 10 69
43 11 62
43 12 138
43 14 64
43 17 2
43 18 105
43 20 9
43 21 39
43 23 81
43 24 97
43 25 151
43 26 104
43 27 134
43 28 86
43 30 82
43 31 112
43 32 122
43 34 2
43 35 104
43 38 90
43 40 149
43 41 55
43 42 70
44 2 141
44 3 98
44 4 15
44 6 43
44 8 36
44 9 14
44 10 103
44 11 69
44 15 42
44 17 70
44 20 119
44 22 140
44 24 36
44 25 19
44 27 93
44 30 97
44 31 151
44 32 138
44 33 143
44 34 70
44 35 120
44 36 117
44 41 8
44 42 18
45 0 94
45 1 5
45 2 28
45 4 46
45 5 10
45 6 82
45 8 94
45 9 117
45 14 134
45 15 78
45 16 85
45 17 132
45 20 94
45 21 150
45 23 59
45 24 106
45 26 25
45 31 76
45 32 110
45 34 61
45 35 48
45 36 78
45 44 37
46 1 42
46 3 130
46 5 60
46 6 94
46 7 123
46 8 71
46 9 13
46 10 125
46 11 135
46 13 27
46 14 53
46 19 93
46 21 29
46 22 157
46 24 45
46 25 82
46 26 63
46 27 158
46 30 14
46 31 84
46 32 63
46 33 100
46 35 156
46 36 28
46 38 23
46 39 45
46 40 67
46 41 83
46 44 35
47 0 132
47 1 80
47 3 117
47 4 149
47 7 145
47 8 118
47 10 96
47 11 140
47 12 150
47 13 138
47 14 64
47 15 29
47 16 82
47 17 96
47 18 122
47 19 113
47 20 94
47 21 146
47 22 57
47 26 104
47 27 10
47 28 2
47 30 125
47 31 6
47 33 116
47 34 66
47 35 56
47 37 76
47 38 2
47 41 20
47 42 49
47 44 106
48 0 157
48 1 131
48 2 126
48 3 12
48 4 81
48 5 159
48 8 10
48 10 120
48 12 56
48 14 120
48 15 66
48 16 27
48 17 44
48 18 157
48 19 160
48 20 35
48 21 11
48 22 47
48 24 86
48 25 35
48 27 144
48 28 1
48 29 120
48 30 80
48 31 34
48 32 20
48 33 29
48 34 97
48 37 62
48 38 116
48 40 110
48 44 75
48 45 48
49 0 155
49 1 61
49 4 114
49 5 112
49 6 114
49 7 66
49 8 9
49 10 1
49 14 88
49 16 92
49 17 27
49 18 45
49 19 141
49 22 47
49 23 66
49 26 75
49 27 52
49 28 69
49 29 111
49 31 74
49 32 74
49 34 54
49 35 136
49 36 77
49 38 141
49 40 137
49 41 120
49 42 95
49 43 31
49 44 123
49 45 159
49 48 132
50 0 116
50 1 159
50 2 127
50 5 102
50 6 106
50 7 120
50 8 83
50 10 119
50 12 103
50 13 26
50 15 147
50 19 84
50 20 114
50 21 50
50 25 100
50 26 24
50 28 2
50 30 14
50 31 145
50 32 79
50 34 143
50 35 154
50 36 56
50 37 72
50 38 2
50 39 160
50 41 101
50 42 88
50 43 58
50 44 35
50 47 105
50 49 28
51 3 81
51 4 137
51 5 156
51 6 72
51 7 119
51 8 5
51 9 147
51 10 121
51 12 99
51 16 51
51 17 1
51 19 121
51 20 45
51 21 109
51 22 116
51 23 89
51 25 28
51 26 95
51 27 62
51 29 39
51 30 23
51 33 143
51 34 101
51 36 47
51 37 63
51 38 44
51 39 128
51 40 63
51 42 34
51 46 4
51 47 93
51 48 40
51 49 124
51 50 132
52 0 112
52 2 16
52 3 108
52 4 17
52 5 95
52 6 26
52 7 147
52 8 89
52 9 149
52 10 137
52 11 153
52 13 37
52 14 16
52 15 9
52 16 96
52 19 154
52 20 139
52 21 96
52 22 9
52 23 39
52 26 41
52 27 153
52 28 151
52 29 81
52 30 55
52 31 126
52 32 154
52 33 124
52 34 41
52 35 115
52 36 53
52 37 98
52 38 103
52 39 79
52 42 100
52 47 135
52 49 113
52 50 57
52 51 48
53 1 77
53 3 47
53 4 41
53 5 90
53 7 145
53 9 18
53 11 115
53 14 12
53 15 123
53 17 142
53 18 35
53 20 98
53 21 100
53 23 17
53 24 114
53 28 112
53 29 34
53 31 38
53 32 38
53 34 159
53 35 100
53 37 33
53 39 124
53 41 52
53 42 159
53 43 47
53 46 76
53 47 153
53 50 96
53 51 111
53 52 159
54 0 128
54 1 75
54 4 19
54 5 106
54 8 4
54 10 120
54 11 128
54 14 67
54 16 108
54 18 8
54 19 18
54 20 51
54 24 82
54 25 13
54 26 91
54 27 71
54 28 103
54 31 145
54 32 93
54 33 117
54 34 143
54 35 122
54 36 52
54 40 46
54 42 137
54 43 160
54 44 94
54 45 156
54 48 15
54 49 85
55 1 19
55 3 17
55 4 34
55 5 153
55 6 159
55 7 20
55 10 89
55 12 110
55 14 29
55 15 150
55 16 97
55 17 134
55 19 107
55 21 120
55 22 157
55 23 110
55 24 54
55 25 17
55 26 19
55 27 55
55 29 116
55 31 91
55 32 127
55 34 82
55 35 54
55 36 145
55 37 116
55 39 1
55 45 31
55 46 43
55 47 142
55 48 152
55 51 45
56 1 147
56 2 131
56 3 17
56 4 128
56 5 97
56 7 35
56 8 74
56 10 87
56 11 146
56 12 21
56 13 114
56 14 44
56 16 38
56 18 140
56 20 132
56 21 65
56 24 26
56 26 43
56 29 41
56 30 76
56 31 67
56 33 109
56 34 158
56 35 84
56 36 135
56 37 126
56 39 42
56 40 96
56 41 154
56 42 54
56 43 69
56 47 78
56 48 144
56 50 155
56 55 64
57 0 112
57 1 143
57 3 159
57 5 115
57 8 118
57 9 149
57 12 159
57 13 56
57 14 141
57 16 79
57 17 64
57 19 103
57 20 141
57 22 110
57 23 64
57 24 100
57 25 24
57 29 61
57 30 18
57 31 5
57 32 145
57 35 43
57 36 73
57 38 17
57 39 48
57 40 130
57 41 5
57 42 2
57 44 121
57 46 67
57 47 74
57 48 57
57 49 21
57 50 23
57 51 22
57 54 58
57 55 10
57 56 23
58 0 107
58 1 57
58 3 34
58 6 69
58 8 115
58 9 116
58 10 143
58 11 159
58 12 118
58 14 96
58 15 32
58 16 123
58 17 53
58 18 158
58 23 4
58 28 87
58 29 23
58 30 25
58 34 102
58 35 117
58 36 124
58 39 71
58 40 33
58 43 9
58 44 4
58 46 88
58 47 26
58 48 144
58 49 157
58 50 56
58 51 152
58 52 84
58 54 97
58 55 73
59 0 37
59 4 115
59 6 150
59 7 125
59 8 57
59 12 147
59 13 35
59 15 115
59 16 34
59 17 79
59 18 60
59 19 13
59 24 114
59 25 152
59 28 82
59 29 78
59 30 5
59 31 152
59 32 65
59 34 134
59 36 136
59 40 39
59 42 112
59 44 2
59 45 97
59 48 146
59 49 145
59 53 94
59 57 99
