60
1 0 90
3 0 101
3 1 12
3 2 20
4 0 37
5 0 103
5 1 85
6 3 65
6 4 77
8 1 66
8 4 156
9 4 131
9 8 54
10 6 12
10 8 126
11 0 97
11 3 56
11 8 125
11 10 113
12 3 139
12 5 15
13 2 40
13 3 93
13 8 20
13 9 59
13 11 80
14 2 120
14 5 71
14 8 83
15 3 160
15 11 138
15 14 86
16 1 66
16 4 48
16 6 7
16 7 67
17 2 153
17 9 10
17 14 151
18 1 19
18 7 68
18 13 26
19 2 129
19 5 31
19 8 146
19 11 149
19 13 66
19 17 100
20 0 156
20 2 42
20 7 46
20 12 14
20 17 37
20 19 40
21 1 23
21 2 15
21 7 21
21 18 94
21 20 89
22 0 23
22 2 59
22 6 152
22 9 42
22 16 2
22 17 35
23 0 144
23 4 1
23 8 95
23 12 157
23 14 79
23 18 54
24 0 10
24 6 2
24 7 94
24 9 149
24 11 63
24 18 71
24 21 130
25 1 150
25 6 107
25 14 96
25 16 132
25 17 17
25 18 58
25 23 23
25 24 129
26 0 115
26 1 84
26 4 26
26 5 99
26 9 127
26 11 105
26 17 155
26 18 26
26 20 150
26 22 127
27 3 147
27 6 54
27 8 12
27 15 45
27 16 45
27 18 29
27 20 98
27 22 81
27 23 44
27 24 122
28 2 55
28 7 83
28 10 78
28 14 158
28 15 82
28 19 77
28 20 36
28 24 75
28 25 63
28 26 151
29 2 159
29 4 126
29 9 21
29 10 91
29 16 33
29 26 82
29 28 76
30 1 104
30 11 7
30 15 97
30 20 115
30 21 115
30 26 106
31 3 34
31 4 114
31 5 36
31 8 83
31 9 75
31 11 33
31 12 68
31 17 138
31 19 62
31 30 36
32 4 14
32 9 155
32 13 10
32 14 86
32 17 110
32 19 76
32 20 98
32 26 147
33 2 148
33 3 129
33 4 44
33 6 77
33 12 145
33 13 82
33 21 26
33 27 157
34 3 8
34 4 120
34 16 81
34 19 51
34 21 111
34 22 104
34 24 105
34 25 77
34 30 5
34 31 141
35 1 119
35 4 134
35 5 114
35 6 75
35 7 51
35 11 52
35 17 78
35 18 38
35 21 160
35 23 2
35 26 115
35 32 33
36 3 90
36 5 124
36 10 34
36 25 13
36 27 25
36 30 6
37 3 83
37 7 6
37 9 124
37 22 143
37 29 4
37 32 8
37 34 136
37 35 153
38 8 83
38 11 132
38 12 34
38 20 11
38 24 121
38 34 56
39 2 109
39 3 10
39 6 141
39 9 126
39 18 130
39 19 15
39 20 65
39 24 154
39 30 81
39 34 16
40 1 121
40 5 119
40 7 33
40 10 58
40 13 80
40 17 135
40 20 19
40 21 46
40 26 154
40 27 93
40 38 111
41 2 149
41 3 43
41 4 131
41 16 99
41 17 62
41 18 125
41 19 85
41 20 117
41 24 96
41 30 126
41 33 150
41 37 116
41 39 57
42 3 74
42 6 133
42 8 158
42 13 80
42 17 157
42 21 78
42 24 35
42 25 154
42 28 80
42 31 5
42 33 78
42 36 95
42 37 76
42 38 31
42 39 31
42 41 6
43 1 43
43 4 129
43 7 135
43 9 97
43 13 55
43 19 132
43 20 137
43 23 26
43 27 154
43 32 100
43 33 63
43 35 127
43 37 61
43 38 119
44 1 105
44 8 120
44 11 13
44 14 92
44 23 94
44 26 92
44 28 3
44 30 2
44 31 133
44 41 112
44 42 2
45 4 2
45 5 66
45 9 15
45 10 76
45 13 132
45 15 40
45 17 115
45 18 18
45 19 132
45 23 127
45 32 50
45 35 103
45 39 141
45 43 41
46 5 155
46 6 86
46 7 91
46 10 148
46 14 28
46 15 131
46 17 76
46 19 19
46 20 134
46 22 39
46 40 68
46 41 84
46 43 17
46 45 149
47 3 67
47 6 17
47 28 15
47 30 30
47 31 88
47 33 45
47 38 123
47 44 156
48 0 107
48 2 124
48 5 23
48 7 114
48 15 160
48 18 123
48 21 82
48 23 151
48 26 152
48 29 134
48 30 159
48 36 48
48 38 158
48 40 5
48 42 48
48 44 9
48 45 26
49 0 9
49 3 157
49 5 68
49 6 73
49 9 28
49 12 77
49 14 135
49 20 87
49 22 14
49 24 49
49 26 56
49 28 156
49 29 26
49 34 109
49 36 63
49 38 45
49 39 71
49 41 126
49 48 159
50 2 150
50 3 133
50 4 20
50 6 31
50 8 122
50 9 152
50 12 32
50 13 148
50 15 24
50 16 5
50 19 23
50 21 102
50 28 159
50 32 52
50 38 120
50 39 150
50 41 126
50 47 43
50 48 129
51 0 63
51 2 80
51 3 48
51 4 124
51 5 91
51 12 144
51 17 5
51 18 42
51 24 73
51 27 75
51 28 50
51 35 35
51 37 61
51 40 128
51 42 9
51 43 25
51 46 84
51 48 89
51 49 16
51 50 83
52 1 72
52 3 92
52 4 73
52 8 48
52 10 51
52 13 83
52 14 10
52 19 87
52 20 101
52 22 139
52 25 37
52 28 89
52 29 118
52 30 109
52 31 119
52 34 68
52 42 128
52 43 59
52 46 100
52 48 108
52 49 130
53 5 125
53 8 11
53 12 19
53 14 39
53 15 111
53 18 5
53 20 120
53 22 154
53 25 81
53 34 36
53 40 56
53 42 146
53 50 114
54 6 57
54 10 49
54 11 113
54 13 88
54 15 14
54 20 126
54 29 35
54 35 76
54 38 72
54 41 146
54 42 63
54 44 116
54 45 45
54 50 137
54 51 93
54 52 66
55 4 130
55 6 11
55 9 43
55 11 149
55 13 89
55 14 111
55 17 35
55 23 159
55 29 73
55 35 72
55 39 130
55 46 3
55 49 156
55 52 140
55 54 90
56 4 101
56 7 77
56 19 22
56 21 86
56 23 16
56 25 48
56 30 136
56 37 108
56 38 44
56 51 142
56 52 76
56 53 39
57 2 20
57 5 7
57 10 131
57 12 39
57 13 151
57 21 22
57 23 9
57 25 39
57 26 23
57 28 127
57 30 146
57 35 20
57 36 77
57 40 143
57 41 63
57 48 62
57 50 45
57 52 4
57 56 118
58 5 82
58 8 20
58 9 155
58 11 64
58 16 4
58 21 78
58 27 77
58 32 88
58 39 62
58 44 105
58 48 12
58 51 132
59 2 133
59 5 107
59 6 22
59 18 106
59 28 1
59 29 1
59 32 87
59 33 122
59 35 80
59 38 44
59 41 35
59 42 100
59 43 14
59 44 29
59 46 99
59 47 126
59 50 33
59 54 122
59 55 17
