70
2 0 34
2 1 22
3 2 19
4 1 9
4 2 37
4 3 38
6 1 20
7 0 33
7 1 22
7 4 22
8 3 19
8 6 40
9 0 14
9 2 13
9 8 38
10 3 8
10 4 38
10 6 29
10 8 4
11 0 21
11 2 21
11 3 9
11 7 28
11 10 2
12 1 23
12 2 10
12 5 17
12 8 26
12 11 25
13 3 26
13 4 28
13 6 22
13 8 31
13 11 14
13 12 12
14 0 24
14 3 10
14 4 21
14 7 40
14 9 16
15 1 27
15 2 21
15 4 28
15 5 31
15 11 11
15 14 5
16 1 8
16 2 28
16 5 15
16 7 32
16 8 4
16 13 31
16 15 33
17 1 32
17 2 17
17 10 20
17 11 10
17 12 40
17 14 34
17 15 37
17 16 33
18 0 26
18 3 13
18 7 15
18 8 39
18 9 34
18 13 31
18 17 20
19 3 9
19 4 36
19 5 31
19 10 23
19 13 24
19 15 16
20 0 19
20 2 11
20 3 14
20 4 9
20 7 7
20 8 16
20 9 13
20 10 22
20 12 19
20 18 7
20 19 5
21 0 35
21 2 17
21 7 32
21 11 34
21 12 5
21 13 19
21 18 15
21 19 34
22 0 8
22 8 4
22 10 17
22 11 31
22 12 18
22 15 1
22 21 34
23 3 2
23 4 13
23 5 40
23 6 25
23 8 17
23 16 35
23 17 39
24 0 8
24 8 38
24 9 19
24 12 36
24 13 32
24 14 12
24 17 11
24 19 6
25 4 14
25 6 12
25 9 34
25 11 9
25 15 14
25 17 1
25 22 21
26 0 13
26 1 29
26 4 40
26 6 24
26 7 36
26 8 1
26 23 16
26 24 37
26 25 1
27 4 27
27 5 27
27 6 7
27 11 17
27 12 9
27 13 3
27 19 39
27 21 25
27 22 37
27 23 33
27 26 18
28 0 14
28 1 20
28 5 34
28 8 31
28 13 31
28 17 14
28 18 10
28 19 32
28 25 20
28 26 5
28 27 24
29 4 19
29 6 29
29 9 19
29 10 35
29 13 32
29 15 19
29 18 33
29 19 12
29 21 38
29 22 40
29 23 9
29 28 8
30 5 30
30 7 22
30 10 19
30 12 37
30 14 23
30 16 7
30 17 3
30 19 31
30 23 31
30 26 15
30 27 17
31 3 11
31 9 40
31 11 7
31 13 3
31 14 32
31 15 6
31 17 32
31 19 23
31 22 33
31 26 23
31 28 18
32 4 14
32 7 7
32 10 30
32 12 38
32 14 11
32 21 3
32 25 25
32 26 25
32 30 18
33 0 38
33 3 19
33 5 4
33 6 34
33 8 33
33 11 3
33 14 9
33 16 31
33 18 12
33 19 28
33 20 11
33 22 11
33 23 8
33 24 1
33 25 3
33 28 2
33 29 6
33 30 22
33 31 2
33 32 37
34 0 7
34 4 15
34 15 2
34 16 26
34 19 9
34 20 39
34 23 15
34 25 7
34 31 22
35 0 40
35 1 11
35 2 25
35 3 36
35 7 31
35 8 14
35 9 33
35 12 25
35 14 28
35 17 5
35 18 33
35 19 22
35 22 26
35 23 17
35 24 24
35 27 14
35 31 25
35 32 16
35 34 30
36 1 39
36 2 30
36 3 24
36 4 8
36 7 7
36 8 23
36 10 30
36 11 3
36 17 19
36 18 33
36 20 19
36 22 9
36 27 32
36 31 18
36 33 21
36 34 4
37 6 2
37 8 34
37 9 5
37 10 19
37 12 3
37 14 6
37 15 10
37 16 3
37 17 2
37 19 24
37 22 12
37 23 8
37 28 23
37 29 3
37 33 36
37 35 17
37 36 22
38 0 19
38 4 31
38 5 25
38 7 21
38 8 38
38 9 32
38 14 1
38 15 14
38 18 14
38 22 12
38 32 13
38 33 4
38 34 34
38 35 15
38 36 38
38 37 20
39 0 12
39 1 19
39 6 1
39 8 16
39 9 27
39 11 1
39 13 37
39 16 38
39 19 14
39 20 21
39 21 4
39 23 16
39 24 28
39 33 17
40 1 31
40 2 32
40 5 30
40 6 33
40 7 6
40 13 2
40 14 23
40 15 40
40 17 20
40 18 19
40 25 8
40 30 1
40 31 29
40 32 15
40 33 38
41 0 40
41 1 39
41 3 4
41 9 23
41 10 27
41 14 39
41 15 21
41 18 33
41 20 28
41 21 23
41 23 39
41 24 9
41 25 32
41 26 21
41 27 8
41 28 36
41 30 7
41 31 12
41 32 20
41 34 22
41 36 6
41 38 34
41 39 22
42 0 8
42 2 5
42 3 31
42 7 34
42 8 4
42 13 32
42 14 28
42 17 31
42 20 2
42 28 25
42 29 26
42 36 38
42 37 39
43 0 21
43 2 26
43 3 39
43 6 18
43 8 33
43 9 28
43 11 23
43 12 20
43 14 13
43 15 7
43 16 24
43 18 10
43 27 23
43 30 20
43 35 5
43 37 6
43 38 36
43 39 25
43 41 37
44 2 17
44 4 19
44 7 38
44 9 23
44 11 11
44 12 20
44 13 22
44 14 29
44 17 20
44 18 25
44 19 16
44 22 40
44 29 13
44 30 1
44 34 1
44 35 17
44 37 30
44 41 17
44 43 28
45 0 6
45 4 4
45 7 14
45 8 6
45 12 31
45 15 12
45 19 37
45 20 23
45 24 26
45 25 35
45 26 35
45 30 14
45 34 25
45 35 37
45 37 8
45 41 18
45 42 31
45 44 12
46 0 35
46 3 40
46 7 22
46 10 31
46 11 10
46 16 6
46 18 6
46 21 31
46 25 5
46 26 1
46 28 15
46 30 15
46 32 8
46 35 28
46 38 29
46 42 24
46 43 11
47 2 7
47 3 2
47 11 21
47 13 13
47 14 36
47 22 37
47 25 18
47 26 4
47 27 16
47 31 33
47 32 12
47 36 14
48 0 17
48 1 29
48 2 40
48 3 3
48 6 5
48 7 37
48 21 13
48 25 9
48 27 1
48 29 6
48 34 26
48 36 20
48 37 28
48 38 22
48 45 34
48 46 29
48 47 8
49 0 17
49 4 27
49 5 20
49 9 16
49 13 2
49 16 14
49 23 3
49 25 12
49 30 8
49 33 23
49 37 5
49 39 4
49 40 1
49 41 26
49 43 3
49 44 31
49 47 24
49 48 18
50 1 6
50 2 7
50 4 6
50 6 13
50 7 32
50 10 18
50 12 26
50 14 16
50 17 3
50 21 17
50 25 38
50 27 40
50 29 35
50 31 18
50 33 29
50 38 2
50 40 12
50 41 5
50 42 25
50 45 13
50 47 17
50 48 31
50 49 5
51 2 33
51 10 1
51 14 29
51 16 32
51 19 27
51 21 29
51 22 5
51 23 13
51 25 14
51 26 34
51 27 14
51 32 9
51 37 30
51 39 25
51 40 17
51 41 38
51 45 26
51 48 18
52 4 19
52 5 15
52 9 25
52 14 8
52 22 18
52 23 18
52 25 1
52 26 10
52 27 19
52 29 7
52 30 31
52 31 14
52 34 28
52 36 23
52 39 30
52 45 20
52 46 1
52 47 22
52 50 15
52 51 28
53 0 37
53 4 8
53 5 3
53 7 30
53 8 21
53 14 16
53 17 26
53 18 26
53 20 15
53 23 17
53 25 17
53 27 17
53 30 38
53 35 24
53 36 27
53 39 27
53 41 28
53 42 25
53 43 9
53 46 26
53 47 11
53 48 17
53 49 26
53 52 30
54 6 30
54 9 5
54 13 15
54 14 34
54 15 3
54 19 40
54 27 13
54 30 19
54 31 17
54 34 24
54 36 31
54 37 32
54 40 6
54 42 8
54 43 11
54 46 14
54 47 13
54 48 27
54 51 32
55 1 30
55 2 13
55 4 23
55 6 16
55 10 13
55 12 25
55 15 21
55 16 17
55 17 38
55 18 36
55 20 11
55 31 6
55 33 16
55 37 6
55 38 22
55 39 9
55 44 17
55 45 18
55 51 21
55 54 30
56 2 12
56 4 35
56 5 26
56 6 20
56 7 14
56 9 25
56 10 10
56 12 22
56 13 10
56 14 36
56 15 32
56 23 19
56 25 18
56 29 9
56 34 5
56 35 14
56 36 36
56 37 32
56 41 30
56 45 6
56 46 8
56 49 12
56 51 26
56 55 24
57 0 28
57 2 16
57 6 36
57 7 3
57 11 21
57 12 13
57 15 13
57 16 20
57 20 39
57 21 4
57 23 34
57 24 26
57 30 9
57 32 5
57 34 9
57 36 21
57 44 40
57 55 8
58 2 13
58 3 18
58 7 26
58 8 15
58 9 2
58 11 16
58 14 25
58 15 3
58 22 15
58 28 22
58 30 30
58 35 5
58 38 38
58 39 34
58 42 35
58 45 19
58 46 33
58 47 9
58 48 35
58 51 4
58 52 30
58 54 17
58 55 30
59 8 35
59 11 30
59 12 8
59 17 5
59 22 7
59 24 2
59 27 16
59 28 25
59 29 5
59 33 6
59 34 12
59 35 9
59 36 38
59 38 8
59 39 10
59 40 28
59 42 1
59 43 36
59 45 31
59 49 6
59 55 10
59 56 5
59 58 12
60 0 36
60 8 18
60 9 29
60 10 17
60 16 5
60 17 40
60 19 8
60 20 26
60 22 14
60 25 31
60 26 19
60 28 23
60 30 25
60 39 37
60 40 23
60 50 23
60 55 35
60 59 2
61 0 27
61 3 22
61 9 8
61 11 8
61 12 25
61 15 31
61 17 27
61 18 9
61 19 18
61 20 34
61 24 4
61 27 27
61 29 35
61 30 13
61 31 27
61 32 4
61 34 38
61 37 17
61 41 21
61 44 12
61 45 19
61 47 12
61 52 28
61 56 38
61 59 20
61 60 15
62 3 4
62 4 19
62 7 30
62 10 1
62 11 11
62 12 9
62 14 20
62 16 5
62 17 11
62 20 29
62 21 16
62 23 32
62 25 23
62 27 6
62 32 29
62 33 29
62 36 17
62 39 30
62 48 36
62 50 25
62 51 10
62 52 9
62 55 28
62 56 25
63 0 11
63 1 20
63 3 29
63 5 9
63 6 2
63 9 14
63 15 11
63 16 5
63 27 15
63 28 39
63 31 14
63 34 36
63 37 6
63 38 26
63 39 11
63 41 2
63 46 34
63 47 16
63 49 25
63 53 18
63 54 15
63 55 12
63 56 29
63 58 14
63 61 13
63 62 32
64 0 4
64 4 35
64 5 4
64 6 35
64 8 2
64 14 9
64 15 15
64 16 12
64 18 6
64 23 17
64 25 38
64 30 16
64 33 20
64 35 14
64 36 8
64 40 12
64 41 23
64 44 23
64 46 37
64 47 8
64 49 9
64 51 3
64 52 5
64 54 37
64 55 1
64 59 4
64 63 21
65 1 20
65 2 40
65 5 8
65 9 5
65 10 9
65 11 18
65 12 2
65 15 39
65 16 21
65 19 29
65 20 1
65 21 16
65 23 14
65 24 6
65 26 14
65 27 10
65 30 24
65 33 3
65 34 26
65 35 3
65 37 36
65 39 17
65 40 1
65 41 39
65 48 22
65 49 15
65 52 5
65 53 29
65 54 25
65 55 8
65 57 19
65 60 38
65 62 15
66 2 7
66 4 21
66 6 20
66 12 18
66 16 7
66 17 14
66 22 35
66 24 28
66 27 18
66 29 31
66 34 40
66 35 17
66 36 36
66 39 7
66 41 21
66 42 17
66 48 18
66 49 31
66 53 24
66 56 1
66 60 9
66 64 39
67 1 2
67 2 34
67 5 22
67 6 7
67 12 30
67 13 38
67 14 11
67 15 10
67 16 28
67 17 27
67 18 32
67 19 6
67 20 37
67 24 5
67 26 35
67 30 36
67 31 2
67 35 31
67 37 22
67 39 12
67 40 31
67 45 36
67 48 39
67 49 16
67 50 9
67 52 18
67 61 34
67 62 3
67 63 21
67 64 24
68 1 37
68 3 22
68 4 34
68 6 23
68 10 23
68 11 36
68 13 39
68 14 22
68 16 15
68 20 3
68 21 13
68 24 8
68 29 15
68 30 29
68 32 34
68 33 5
68 35 27
68 37 11
68 40 2
68 42 3
68 46 21
68 48 24
68 51 22
68 52 1
68 53 5
68 54 39
68 56 32
68 57 20
68 59 34
68 60 1
68 61 37
68 63 10
68 64 15
68 65 36
68 66 3
69 1 20
69 5 8
69 8 8
69 10 13
69 12 12
69 14 4
69 15 6
69 16 35
69 17 38
69 18 14
69 19 27
69 20 22
69 24 1
69 26 15
69 27 3
69 28 40
69 31 38
69 36 4
69 45 11
69 48 28
69 50 18
69 53 3
69 54 20
69 56 29
69 57 20
69 59 38
69 61 8
69 62 6
