60
5 1 2
6 2 1
7 6 6
10 0 6
10 7 10
11 2 1
11 8 2
11 9 7
12 10 9
13 1 7
13 4 4
13 5 9
13 7 9
13 9 6
13 11 2
14 0 5
14 8 7
14 11 3
15 3 5
15 7 8
15 8 5
15 9 7
15 12 6
16 10 2
16 14 9
17 4 10
17 6 1
17 8 9
18 6 4
18 9 9
18 13 8
19 0 3
19 1 7
19 2 6
19 7 4
19 9 10
19 15 8
19 18 2
20 7 1
20 8 5
20 18 7
21 0 5
21 9 3
21 13 10
21 16 2
21 18 8
22 0 4
22 5 4
22 6 8
22 9 8
22 11 3
22 13 5
22 15 9
22 18 6
23 10 6
23 12 9
23 16 2
23 18 5
24 10 7
25 5 3
25 7 8
25 17 3
25 22 3
26 0 9
26 7 5
26 21 6
26 25 8
27 4 10
27 6 10
27 10 6
27 15 6
27 18 5
27 21 4
27 22 5
27 26 7
28 2 9
28 17 1
29 11 6
29 13 3
29 18 7
30 5 4
30 8 8
30 9 3
30 16 5
30 17 7
30 21 9
30 26 5
31 0 6
31 2 5
31 20 1
31 24 3
31 26 5
31 30 3
32 13 9
32 14 8
32 23 8
33 0 5
33 6 9
33 8 5
33 10 5
33 12 1
33 14 6
33 16 1
33 19 5
33 24 6
33 29 6
33 32 3
34 3 4
34 4 2
34 7 10
34 8 1
34 15 10
34 16 3
34 20 8
35 0 5
35 23 7
35 30 3
36 1 10
36 3 3
36 6 2
36 15 7
36 27 2
36 34 5
37 10 9
37 15 6
37 16 5
37 17 8
37 33 2
38 0 4
38 8 5
38 11 5
38 15 5
38 19 4
38 21 7
38 22 9
38 25 1
38 27 9
38 30 2
38 33 9
39 0 9
39 8 6
39 11 5
39 12 5
39 16 7
39 18 2
40 10 1
40 12 3
40 16 9
40 17 1
40 21 4
40 23 1
40 32 10
40 34 1
40 37 1
41 0 7
41 3 2
41 5 1
41 8 7
41 12 7
41 20 3
41 22 10
41 29 9
41 34 3
41 35 7
42 0 8
42 7 1
42 12 3
42 15 7
42 16 3
42 17 5
42 21 7
42 25 4
42 29 8
42 33 9
42 39 5
43 9 7
43 10 10
43 12 7
43 13 1
43 16 8
43 28 3
44 3 10
44 5 9
44 6 7
44 7 6
44 12 2
44 13 2
44 16 3
44 17 5
44 20 9
44 28 2
44 34 8
44 36 3
44 39 4
44 43 7
45 2 10
45 3 8
45 9 10
45 17 2
45 18 1
45 30 7
45 33 8
45 38 3
46 9 7
46 16 10
46 24 1
46 31 8
46 36 4
46 43 7
47 7 5
47 8 6
47 12 5
47 15 1
47 27 7
47 33 4
47 37 6
47 39 4
47 45 2
47 46 9
48 3 9
48 11 8
48 16 10
48 19 8
48 23 4
48 24 10
48 32 2
48 38 4
48 40 3
49 9 5
49 14 1
49 16 8
49 17 3
49 27 5
49 40 8
50 12 2
50 15 4
50 25 2
50 30 4
50 44 5
50 46 3
51 3 9
51 5 9
51 8 5
51 11 2
51 13 3
51 15 5
51 28 5
51 30 7
51 31 6
51 32 8
51 35 4
51 36 3
51 40 7
51 41 6
51 46 5
51 47 8
51 49 8
52 0 10
52 2 8
52 4 5
52 11 3
52 15 2
52 21 3
52 40 5
53 2 3
53 3 3
53 10 10
53 16 7
53 28 8
53 34 4
53 37 4
54 0 6
54 4 10
54 5 1
54 27 6
54 28 1
54 29 10
54 34 9
54 49 8
54 50 2
55 14 8
55 17 6
55 21 6
55 23 9
55 28 1
55 30 8
55 33 4
55 51 3
55 53 5
55 54 2
56 4 2
56 23 1
56 24 4
56 32 2
56 37 10
56 38 5
56 40 3
56 51 3
56 55 3
57 0 3
57 12 1
57 20 5
57 23 3
57 26 2
57 29 9
57 32 2
57 46 4
57 49 6
57 54 8
58 0 1
58 9 4
58 11 8
58 25 7
58 27 10
58 32 6
58 34 10
58 45 5
58 46 8
59 18 2
59 22 8
59 24 1
59 28 5
59 30 10
59 34 10
59 37 9
59 49 5
59 52 8
