60
1 0 14
2 0 15
3 1 18
3 2 15
4 0 1
4 1 6
4 2 3
4 3 5
5 0 10
5 1 17
5 3 8
6 2 6
6 3 1
6 4 20
7 2 10
7 3 16
7 4 7
7 5 16
7 6 17
8 0 1
8 1 1
8 2 9
8 3 8
8 4 7
8 5 17
8 6 5
8 7 12
9 0 15
9 2 10
9 3 7
9 4 20
9 5 3
9 6 16
9 8 7
10 2 9
10 3 1
10 4 15
10 5 5
10 6 9
10 7 5
10 9 5
11 0 17
11 1 5
11 3 2
11 4 11
11 5 17
11 6 20
11 7 14
11 8 13
11 9 11
11 10 5
12 0 9
12 1 20
12 3 12
12 4 9
12 5 7
12 7 2
12 8 17
12 9 20
12 10 5
12 11 10
13 0 9
13 1 10
13 4 6
13 5 17
13 7 17
13 9 13
13 10 4
13 11 6
13 12 12
14 0 7
14 2 3
14 3 15
14 4 3
14 6 14
14 7 8
14 8 1
14 9 11
14 10 14
14 11 15
14 12 1
14 13 16
15 0 13
15 1 6
15 2 4
15 3 16
15 4 15
15 5 18
15 6 10
15 8 8
15 9 16
15 10 4
15 12 18
15 13 6
15 14 7
16 0 18
16 1 9
16 2 18
16 4 1
16 5 2
16 6 11
16 7 1
16 8 17
16 9 19
16 10 17
16 11 8
16 12 3
16 13 14
16 14 11
17 0 15
17 1 4
17 2 19
17 3 7
17 4 1
17 5 8
17 6 9
17 7 9
17 8 5
17 9 7
17 10 7
17 11 4
17 13 20
17 14 5
17 15 20
17 16 7
18 0 5
18 1 17
18 2 2
18 3 19
18 5 1
18 6 19
18 7 14
18 8 20
18 9 9
18 10 14
18 11 15
18 12 12
18 14 6
18 15 13
18 16 8
18 17 10
19 0 20
19 1 16
19 3 10
19 4 19
19 5 19
19 7 9
19 8 18
19 9 2
19 10 10
19 11 15
19 12 8
19 14 7
19 15 3
19 16 9
19 17 18
19 18 1
20 0 10
20 1 2
20 2 1
20 4 15
20 5 18
20 6 8
20 7 20
20 8 13
20 10 16
20 12 3
20 13 9
20 14 1
20 16 15
20 17 19
20 19 17
21 2 9
21 3 15
21 4 4
21 5 14
21 6 12
21 7 20
21 8 1
21 9 4
21 10 1
21 11 6
21 13 19
21 14 5
21 15 8
21 16 6
21 19 15
21 20 14
22 0 13
22 2 3
22 3 10
22 4 20
22 5 3
22 6 14
22 8 4
22 9 20
22 10 16
22 11 4
22 12 7
22 13 1
22 15 6
22 16 13
22 17 8
22 18 12
23 0 10
23 1 8
23 2 10
23 4 13
23 5 16
23 6 4
23 7 11
23 9 15
23 11 14
23 12 2
23 13 1
23 14 13
23 15 10
23 16 18
23 17 2
23 18 12
23 19 14
23 20 16
23 21 15
23 22 12
24 0 4
24 1 15
24 2 13
24 3 14
24 6 20
24 7 3
24 9 13
24 10 16
24 11 12
24 12 6
24 13 2
24 14 1
24 16 6
24 18 17
24 19 12
24 20 14
24 21 16
24 22 20
25 0 19
25 1 11
25 2 15
25 3 17
25 4 20
25 5 14
25 6 5
25 8 4
25 10 8
25 11 19
25 12 19
25 13 15
25 14 20
25 15 8
25 16 9
25 17 8
25 20 4
25 21 10
25 22 14
25 23 1
26 0 10
26 1 9
26 2 15
26 3 5
26 4 20
26 5 11
26 7 2
26 8 4
26 9 6
26 10 1
26 11 10
26 12 4
26 13 12
26 15 1
26 16 17
26 17 10
26 20 2
26 22 18
26 23 16
26 24 11
26 25 1
27 1 9
27 2 18
27 3 10
27 4 14
27 5 1
27 6 11
27 7 19
27 8 1
27 10 13
27 11 2
27 12 10
27 13 4
27 15 19
27 17 8
27 20 3
27 22 11
27 23 11
27 24 14
27 25 5
27 26 7
28 0 3
28 1 8
28 2 1
28 3 4
28 4 13
28 5 3
28 6 7
28 7 3
28 8 12
28 10 3
28 11 9
28 12 7
28 13 17
28 14 6
28 15 19
28 16 19
28 17 17
28 18 10
28 19 14
28 20 15
28 21 11
28 22 2
28 24 5
28 25 14
28 26 15
28 27 13
29 1 9
29 2 6
29 3 18
29 4 14
29 5 1
29 6 17
29 7 8
29 8 11
29 9 11
29 10 3
29 11 10
29 12 1
29 13 20
29 14 12
29 15 20
29 16 3
29 19 10
29 20 12
29 21 12
29 22 16
29 23 13
29 24 3
29 25 1
29 26 5
29 28 4
30 1 12
30 2 13
30 3 3
30 4 7
30 5 5
30 6 5
30 7 18
30 8 10
30 9 5
30 10 18
30 11 4
30 12 18
30 13 18
30 14 17
30 15 12
30 16 4
30 17 2
30 18 13
30 19 8
30 20 11
30 21 9
30 22 13
30 23 19
30 24 5
30 25 11
30 26 2
30 27 16
30 28 14
30 29 16
31 0 20
31 1 8
31 2 18
31 3 17
31 4 10
31 6 16
31 7 6
31 8 11
31 9 20
31 12 16
31 14 11
31 15 5
31 16 19
31 17 15
31 18 15
31 20 17
31 21 9
31 22 8
31 23 14
31 24 20
31 25 14
31 26 8
31 28 1
31 29 4
31 30 15
32 0 5
32 1 9
32 2 2
32 3 14
32 4 4
32 5 1
32 6 8
32 7 18
32 8 16
32 10 20
32 11 12
32 12 15
32 13 15
32 14 3
32 15 4
32 16 13
32 19 3
32 20 18
32 21 10
32 22 4
32 23 1
32 24 2
32 25 2
32 26 1
32 28 5
32 29 17
32 30 13
32 31 11
33 0 5
33 1 11
33 2 18
33 3 10
33 4 16
33 5 8
33 6 13
33 7 12
33 8 5
33 9 4
33 10 5
33 11 5
33 12 8
33 13 1
33 14 6
33 15 16
33 16 15
33 17 6
33 18 11
33 23 15
33 24 4
33 25 9
33 29 6
33 30 6
33 31 8
34 0 8
34 1 13
34 3 4
34 4 6
34 6 14
34 7 3
34 8 18
34 9 8
34 10 1
34 11 1
34 12 16
34 13 11
34 14 18
34 17 4
34 18 12
34 19 14
34 21 17
34 22 9
34 23 19
34 24 9
34 26 6
34 27 17
34 30 7
34 31 9
34 32 1
34 33 4
35 0 10
35 1 1
35 2 8
35 3 1
35 4 16
35 5 3
35 6 5
35 8 10
35 9 20
35 10 9
35 12 15
35 13 17
35 14 6
35 15 4
35 16 15
35 17 15
35 18 15
35 19 4
35 20 10
35 21 3
35 22 7
35 23 14
35 24 20
35 26 2
35 27 2
35 28 4
35 29 17
35 30 11
35 31 13
35 32 19
35 33 1
35 34 16
36 1 4
36 2 13
36 3 9
36 4 4
36 7 12
36 8 11
36 9 1
36 10 18
36 12 4
36 13 6
36 14 2
36 15 20
36 17 12
36 19 9
36 20 18
36 21 3
36 22 16
36 23 16
36 24 9
36 25 2
36 26 13
36 27 15
36 28 4
36 29 3
36 30 1
36 32 20
36 33 1
36 34 17
36 35 13
37 0 5
37 1 10
37 2 7
37 3 12
37 4 1
37 5 13
37 6 11
37 9 17
37 10 20
37 11 7
37 13 4
37 14 16
37 15 13
37 17 7
37 19 9
37 20 8
37 22 5
37 23 13
37 24 14
37 25 10
37 26 16
37 28 9
37 30 20
37 31 9
37 33 6
37 35 14
37 36 7
38 0 20
38 1 1
38 2 3
38 3 4
38 4 5
38 5 12
38 6 11
38 7 8
38 8 14
38 9 15
38 10 20
38 12 2
38 13 7
38 14 5
38 15 3
38 16 20
38 18 16
38 20 2
38 21 20
38 22 3
38 23 15
38 24 4
38 26 19
38 27 1
38 28 6
38 29 13
38 32 19
38 33 17
38 34 15
38 35 16
38 37 2
39 0 12
39 1 8
39 2 10
39 3 14
39 4 18
39 5 13
39 6 7
39 7 1
39 8 11
39 9 18
39 10 19
39 11 15
39 12 12
39 13 3
39 14 5
39 15 13
39 17 14
39 19 9
39 20 18
39 21 19
39 22 19
39 23 15
39 24 14
39 26 5
39 27 18
39 28 1
39 29 8
39 30 2
39 31 18
39 32 3
39 34 5
39 35 13
39 36 17
39 37 10
39 38 19
40 0 7
40 1 4
40 2 3
40 3 6
40 5 16
40 8 3
40 9 15
40 10 3
40 11 3
40 13 20
40 14 8
40 16 14
40 17 14
40 18 10
40 20 14
40 21 4
40 22 19
40 23 20
40 24 1
40 26 5
40 27 5
40 28 1
40 29 1
40 30 9
40 31 2
40 32 12
40 33 11
40 35 2
40 36 1
40 37 16
40 38 3
40 39 3
41 0 18
41 1 6
41 2 4
41 3 6
41 5 9
41 6 2
41 8 4
41 9 8
41 10 4
41 11 3
41 12 7
41 14 10
41 16 13
41 17 10
41 18 7
41 19 20
41 21 16
41 22 7
41 23 16
41 24 20
41 25 20
41 26 5
41 27 7
41 28 17
41 29 16
41 30 5
41 32 5
41 33 1
41 34 9
41 35 19
41 36 19
41 37 12
41 38 20
42 0 5
42 1 14
42 4 8
42 5 10
42 6 3
42 7 4
42 8 11
42 10 14
42 11 17
42 12 6
42 15 5
42 21 12
42 22 8
42 23 11
42 24 14
42 25 4
42 26 14
42 27 6
42 28 11
42 29 17
42 30 3
42 31 20
42 32 13
42 33 15
42 34 20
42 36 8
42 38 15
42 40 7
42 41 15
43 0 9
43 1 3
43 3 2
43 4 4
43 5 4
43 7 20
43 8 10
43 9 5
43 11 10
43 12 18
43 13 16
43 14 10
43 15 13
43 16 3
43 19 10
43 20 1
43 21 15
43 22 14
43 24 2
43 25 7
43 26 1
43 27 9
43 28 9
43 29 5
43 30 5
43 31 13
43 32 19
43 33 14
43 34 18
43 35 9
43 36 16
43 37 20
43 38 4
43 39 20
43 40 19
43 41 8
44 0 20
44 1 2
44 3 7
44 4 16
44 5 12
44 6 9
44 7 7
44 8 1
44 10 14
44 12 9
44 13 13
44 15 19
44 17 11
44 18 17
44 19 10
44 20 20
44 21 3
44 22 3
44 24 16
44 25 1
44 26 11
44 27 18
44 28 9
44 29 5
44 30 13
44 32 13
44 33 1
44 35 9
44 38 20
44 39 17
44 40 6
44 41 19
44 42 12
44 43 8
45 0 19
45 1 8
45 2 20
45 3 17
45 4 11
45 5 8
45 6 11
45 7 7
45 10 13
45 11 20
45 12 2
45 13 8
45 14 3
45 15 9
45 19 4
45 20 4
45 21 18
45 23 4
45 24 1
45 25 6
45 26 13
45 27 10
45 28 10
45 29 5
45 30 9
45 31 17
45 32 5
45 33 2
45 34 14
45 35 14
45 36 3
45 37 3
45 38 3
45 39 1
45 40 2
45 41 18
45 42 17
45 43 3
45 44 17
46 0 13
46 1 14
46 3 11
46 4 4
46 5 15
46 6 18
46 7 12
46 8 13
46 9 2
46 10 16
46 11 1
46 12 17
46 13 8
46 14 15
46 16 10
46 17 16
46 18 16
46 19 9
46 21 13
46 22 2
46 24 18
46 25 19
46 26 17
46 27 2
46 28 7
46 29 1
46 30 13
46 31 11
46 32 11
46 33 10
46 34 17
46 35 20
46 36 5
46 37 11
46 38 13
46 39 18
46 41 6
46 42 4
46 43 4
46 45 6
47 0 15
47 1 5
47 2 4
47 3 17
47 4 15
47 5 1
47 6 1
47 7 15
47 8 20
47 9 16
47 11 19
47 13 3
47 14 14
47 15 5
47 16 18
47 18 20
47 19 5
47 20 11
47 21 8
47 22 7
47 23 12
47 24 11
47 25 9
47 26 9
47 28 6
47 29 8
47 30 3
47 31 20
47 32 19
47 33 17
47 34 10
47 35 19
47 36 16
47 37 2
47 38 4
47 41 12
47 42 2
47 44 20
47 45 8
47 46 15
48 0 9
48 1 4
48 2 17
48 3 18
48 6 19
48 7 15
48 8 13
48 9 18
48 11 6
48 12 2
48 13 8
48 14 15
48 15 9
48 16 15
48 18 7
48 19 4
48 20 1
48 22 7
48 24 12
48 25 4
48 26 2
48 27 16
48 29 9
48 30 11
48 31 8
48 32 2
48 33 4
48 34 13
48 35 2
48 37 16
48 38 18
48 40 9
48 41 2
48 43 20
48 44 3
48 45 18
48 46 4
48 47 9
49 0 12
49 1 15
49 2 7
49 3 7
49 4 9
49 5 18
49 6 10
49 8 10
49 9 19
49 10 6
49 11 14
49 13 16
49 14 11
49 15 6
49 16 12
49 17 18
49 18 5
49 19 19
49 20 11
49 21 4
49 22 18
49 24 6
49 25 10
49 28 16
49 29 7
49 30 8
49 32 5
49 34 4
49 35 20
49 36 1
49 37 4
49 38 18
49 39 7
49 40 6
49 41 11
49 42 13
49 43 9
49 45 15
49 46 7
49 48 8
50 1 13
50 2 17
50 3 16
50 4 9
50 5 17
50 6 11
50 7 18
50 8 8
50 10 11
50 11 1
50 12 2
50 14 16
50 15 14
50 19 16
50 20 17
50 22 8
50 23 18
50 24 18
50 25 11
50 26 11
50 27 3
50 28 16
50 30 15
50 31 20
50 32 13
50 33 7
50 34 2
50 36 11
50 37 14
50 39 12
50 40 8
50 41 13
50 42 19
50 43 5
50 45 18
50 46 15
50 47 17
50 48 10
50 49 3
51 1 4
51 2 20
51 4 18
51 5 10
51 6 2
51 7 13
51 8 8
51 9 4
51 10 16
51 11 13
51 12 18
51 13 19
51 14 4
51 15 18
51 16 13
51 17 12
51 18 20
51 19 7
51 21 5
51 22 4
51 23 19
51 24 15
51 25 17
51 26 3
51 27 11
51 28 8
51 29 3
51 30 10
51 31 10
51 32 17
51 34 16
51 36 10
51 38 1
51 39 2
51 40 6
51 42 3
51 43 10
51 44 9
51 45 10
51 47 1
51 50 14
52 1 11
52 2 1
52 3 9
52 4 5
52 5 9
52 6 1
52 7 17
52 10 4
52 11 18
52 12 1
52 13 3
52 14 5
52 15 19
52 16 10
52 17 5
52 18 7
52 19 5
52 21 4
52 22 14
52 23 20
52 24 10
52 25 13
52 26 19
52 27 5
52 28 20
52 29 6
52 30 9
52 31 11
52 32 17
52 34 7
52 35 15
52 36 10
52 37 5
52 38 5
52 39 5
52 40 6
52 41 14
52 42 4
52 44 7
52 46 4
52 47 3
52 48 20
52 49 5
52 51 13
53 0 7
53 1 15
53 2 15
53 3 17
53 4 5
53 6 2
53 8 14
53 9 11
53 10 10
53 11 5
53 12 9
53 13 2
53 14 7
53 15 6
53 16 1
53 17 7
53 18 2
53 19 7
53 21 19
53 22 10
53 23 3
53 24 5
53 25 8
53 26 9
53 27 7
53 28 3
53 29 5
53 30 17
53 31 15
53 32 4
53 34 9
53 37 11
53 38 2
53 39 6
53 40 7
53 42 11
53 43 9
53 45 7
53 46 19
53 47 7
53 48 9
53 50 8
53 51 11
54 0 17
54 2 16
54 4 2
54 5 16
54 8 12
54 9 4
54 10 12
54 13 12
54 15 15
54 16 20
54 17 17
54 18 14
54 19 1
54 20 7
54 21 12
54 22 15
54 24 17
54 25 7
54 26 10
54 27 10
54 28 6
54 29 8
54 30 10
54 31 12
54 32 6
54 33 5
54 35 11
54 36 1
54 37 6
54 38 7
54 39 15
54 41 16
54 42 19
54 43 8
54 44 1
54 45 8
54 46 9
54 47 8
54 49 15
54 50 4
54 51 18
54 53 16
55 3 5
55 4 13
55 5 14
55 6 16
55 7 11
55 8 2
55 11 8
55 12 19
55 13 18
55 14 16
55 15 20
55 16 6
55 17 18
55 19 4
55 20 1
55 21 2
55 22 1
55 23 12
55 24 4
55 25 16
55 26 3
55 27 8
55 29 5
55 30 2
55 31 9
55 32 13
55 33 3
55 34 4
55 35 3
55 36 15
55 37 17
55 38 3
55 39 5
55 40 16
55 41 5
55 43 17
55 44 5
55 45 17
55 46 14
55 47 16
55 48 15
55 49 19
55 50 5
55 51 5
55 52 2
55 54 6
56 0 12
56 1 1
56 2 1
56 3 9
56 5 20
56 7 4
56 8 1
56 9 8
56 10 3
56 11 6
56 12 2
56 13 16
56 14 10
56 15 20
56 18 19
56 19 2
56 20 12
56 21 14
56 22 15
56 24 5
56 26 1
56 27 16
56 29 20
56 30 17
56 32 3
56 33 15
56 34 6
56 35 13
56 36 14
56 38 11
56 39 2
56 41 17
56 42 6
56 43 17
56 44 6
56 45 15
56 46 6
56 47 17
56 48 12
56 49 14
56 51 9
56 53 6
56 54 8
56 55 12
57 0 16
57 1 13
57 2 20
57 3 3
57 4 17
57 5 11
57 6 19
57 7 13
57 9 16
57 10 12
57 12 10
57 13 1
57 15 13
57 16 19
57 17 11
57 18 1
57 20 13
57 21 6
57 22 12
57 23 9
57 24 19
57 25 1
57 26 3
57 27 19
57 28 19
57 29 13
57 30 16
57 31 9
57 32 1
57 33 12
57 34 19
57 35 9
57 36 4
57 37 11
57 38 15
57 39 14
57 40 16
57 41 2
57 42 12
57 43 8
57 44 17
57 46 1
57 48 8
57 49 17
57 50 1
57 52 9
57 54 12
57 55 20
57 56 20
58 1 9
58 2 11
58 4 19
58 6 4
58 7 5
58 10 18
58 11 6
58 12 14
58 13 8
58 14 14
58 15 5
58 16 11
58 17 17
58 18 19
58 20 7
58 21 16
58 22 12
58 24 17
58 26 13
58 27 3
58 29 10
58 31 2
58 32 11
58 33 6
58 34 12
58 35 12
58 36 6
58 37 4
58 38 8
58 39 9
58 40 12
58 41 20
58 43 20
58 44 15
58 45 15
58 46 4
58 49 19
58 50 7
58 51 5
58 53 15
58 54 13
58 55 19
58 56 11
58 57 7
59 0 7
59 1 1
59 2 15
59 3 7
59 4 17
59 5 12
59 6 11
59 7 16
59 8 7
59 9 10
59 10 15
59 11 11
59 12 20
59 13 5
59 14 10
59 15 16
59 17 7
59 18 9
59 19 5
59 21 19
59 23 8
59 24 8
59 25 19
59 27 12
59 29 2
59 30 2
59 31 18
59 32 12
59 34 7
59 35 16
59 37 13
59 40 5
59 41 14
59 42 19
59 43 10
59 44 16
59 46 2
59 48 7
59 49 6
59 50 1
59 51 16
59 52 17
59 53 18
59 54 3
59 55 10
59 56 10
59 57 11
59 58 5
