20
2 0 2
3 1 8
3 2 4
4 2 6
4 3 4
5 2 10
5 3 3
6 0 3
6 2 4
6 3 10
6 5 1
7 2 1
7 3 5
7 5 6
8 0 1
8 2 7
8 6 2
8 7 6
9 0 7
9 1 10
9 3 9
9 5 1
9 6 4
9 7 7
9 8 7
10 1 2
10 2 6
10 4 3
10 6 2
10 7 9
10 8 5
10 9 1
11 2 9
11 6 7
11 7 6
11 8 10
11 10 3
12 0 2
12 1 4
12 2 1
12 3 5
12 4 8
12 7 7
12 8 6
12 9 4
12 10 3
13 0 9
13 1 8
13 3 8
13 4 1
13 5 4
13 6 4
13 7 3
13 8 2
13 10 7
13 11 2
13 12 6
14 0 2
14 2 3
14 4 2
14 8 1
14 10 5
14 12 2
14 13 9
15 0 1
15 1 5
15 2 4
15 4 10
15 5 2
15 7 6
15 8 5
15 12 1
15 13 4
16 1 9
16 2 6
16 4 5
16 5 8
16 9 6
16 10 3
16 11 1
16 12 9
16 13 7
16 14 8
17 0 4
17 2 7
17 5 4
17 7 2
17 8 4
17 10 10
17 11 1
17 13 5
17 16 6
18 1 8
18 3 7
18 4 5
18 9 10
18 11 10
18 12 3
18 13 3
18 15 8
18 17 3
19 0 2
19 1 9
19 3 3
19 4 10
19 5 2
19 9 9
19 10 5
19 13 7
19 15 7
19 16 9
