50
1 0 36
3 0 4
3 1 11
4 2 1
5 1 18
5 3 35
6 2 12
6 5 24
7 1 31
7 4 31
8 4 9
9 0 31
9 4 16
9 5 8
10 0 38
10 4 20
10 5 20
11 3 23
11 5 18
12 3 16
12 6 13
12 9 22
12 10 24
13 0 23
13 7 35
13 8 1
13 10 11
14 2 30
14 9 10
15 0 38
15 5 14
15 6 11
15 12 11
16 10 23
17 0 25
17 5 40
17 9 16
18 4 1
18 10 16
19 6 30
19 7 3
19 16 3
20 1 25
20 7 40
20 8 20
20 9 25
20 16 15
20 18 37
21 6 36
21 12 30
21 13 23
22 10 6
22 16 35
22 17 20
22 19 37
22 21 3
23 1 39
23 10 12
23 11 2
23 15 12
24 5 11
24 6 31
24 10 38
24 14 22
24 16 8
24 21 21
25 4 37
25 6 17
26 1 29
26 20 8
26 23 8
27 6 38
27 7 21
27 16 14
27 25 27
27 26 3
29 2 37
29 8 10
29 10 17
29 14 2
29 16 35
29 22 36
29 25 35
30 4 39
30 8 21
30 12 35
30 14 19
30 18 33
30 23 24
30 25 36
30 28 34
31 3 35
31 9 1
31 15 21
31 18 12
31 30 35
32 1 15
32 13 9
32 20 33
32 21 32
32 28 31
33 5 33
33 18 29
33 21 4
33 23 13
33 27 28
34 9 31
34 14 35
34 18 24
34 19 7
34 20 23
34 27 30
34 29 29
35 6 5
35 23 33
35 27 33
36 0 27
36 1 16
36 3 16
36 12 5
36 21 38
36 26 11
36 32 29
36 33 19
36 35 30
37 2 21
37 6 35
37 11 23
37 13 7
37 15 6
37 17 40
37 19 22
37 20 13
37 26 10
37 32 38
37 33 30
38 0 36
38 4 35
38 5 15
38 8 15
38 13 10
38 16 5
38 29 37
38 32 39
39 1 37
39 2 36
39 5 14
39 8 1
39 16 27
39 26 38
39 28 9
39 30 26
39 33 20
39 38 29
40 1 2
40 8 27
40 12 7
40 17 30
40 33 5
40 36 2
41 1 34
41 2 1
41 13 40
41 14 15
41 19 28
41 21 1
42 2 20
42 7 40
42 17 5
42 27 22
42 39 14
42 40 24
43 3 2
43 8 20
43 9 27
43 13 26
43 34 13
43 38 2
43 42 33
44 1 33
44 2 28
44 9 11
44 18 5
44 21 10
44 28 26
44 36 28
44 38 30
44 39 27
45 1 21
45 2 18
45 6 1
45 10 20
45 11 14
45 17 28
45 18 1
45 20 27
45 26 16
45 34 2
45 38 9
45 42 30
45 44 34
46 2 17
46 9 25
46 12 25
46 13 28
46 16 19
46 21 25
46 29 2
46 35 21
46 39 34
46 45 5
47 11 36
47 12 10
47 24 38
47 35 30
47 37 14
48 0 21
48 3 22
48 4 19
48 9 37
48 10 29
48 11 23
48 13 12
48 19 32
48 20 26
48 22 38
48 30 1
48 34 31
48 35 1
48 40 28
48 46 10
49 0 6
49 2 6
49 4 33
49 14 36
49 16 24
49 17 29
49 18 21
49 19 9
49 24 10
49 32 29
49 33 22
49 35 39
49 45 14
49 48 33
