60
1 0 95
3 1 50
4 0 29
4 2 60
5 4 294
7 0 294
7 1 12
7 5 107
8 1 313
8 6 223
9 0 29
9 3 304
9 7 17
9 8 14
10 0 181
10 2 204
10 4 209
11 0 163
11 1 11
11 2 265
11 3 239
11 5 16
11 6 120
11 9 133
12 0 134
12 3 175
12 4 229
12 9 85
12 10 175
13 1 110
13 4 108
13 9 19
13 12 23
14 0 121
14 1 162
14 3 240
15 1 259
15 2 256
16 1 314
16 6 68
16 10 203
16 12 67
16 15 246
17 2 307
17 4 251
17 15 7
18 0 25
18 1 118
18 3 19
18 4 261
18 8 86
18 11 23
18 12 231
18 16 37
19 7 49
20 3 15
20 5 58
20 7 38
20 10 306
20 12 245
21 1 277
21 2 1
21 5 300
21 6 35
21 18 278
21 20 9
22 0 156
22 2 51
22 4 274
22 12 313
22 13 112
22 15 113
22 17 199
22 18 317
23 3 16
23 4 97
23 5 295
23 6 98
23 9 213
24 0 174
24 2 214
24 7 140
24 12 78
24 22 132
24 23 176
25 4 97
25 5 66
25 6 315
25 8 11
25 10 147
25 13 121
25 17 142
25 22 34
26 1 256
26 2 76
26 3 263
26 4 47
26 8 141
26 15 141
26 16 183
26 18 146
26 20 275
26 21 245
26 24 245
27 1 209
27 2 156
27 4 306
27 7 199
27 18 73
27 20 138
27 21 10
27 22 184
27 23 86
27 26 42
28 0 77
28 4 286
28 10 292
28 17 160
28 18 221
28 19 238
28 22 85
28 23 290
29 1 180
29 7 6
29 9 10
29 10 178
29 14 301
29 15 79
29 17 62
29 19 30
29 22 286
29 25 57
30 4 13
30 5 32
30 9 233
30 12 42
30 13 238
30 14 104
30 17 37
30 18 137
30 20 182
30 22 153
30 23 263
31 0 273
31 4 78
31 6 72
31 8 75
31 17 103
31 18 283
31 22 290
31 23 253
31 29 152
32 7 265
32 15 130
32 19 95
32 21 282
32 22 317
32 24 306
32 25 38
33 7 21
33 9 83
33 11 1
33 14 229
33 19 59
33 27 23
33 31 61
33 32 306
34 0 144
34 1 222
34 3 160
34 6 272
34 7 105
34 12 200
34 14 200
34 15 282
34 26 73
35 4 49
35 7 136
35 15 223
35 16 27
35 21 310
35 23 195
35 25 255
35 32 93
35 33 309
36 2 295
36 8 291
36 9 205
36 15 159
36 17 32
36 20 254
36 22 68
36 23 8
36 26 150
36 32 210
37 5 174
37 7 23
37 10 57
37 11 89
37 13 139
37 14 250
37 15 99
37 17 173
37 19 124
37 24 310
37 34 55
38 9 199
38 11 285
38 13 138
38 17 7
38 18 126
38 20 113
38 22 146
38 37 170
39 2 35
39 5 42
39 6 263
39 10 292
39 11 69
39 12 120
39 14 103
39 15 288
39 16 113
39 18 222
39 20 140
39 26 305
39 28 182
39 35 78
39 37 116
40 4 209
40 5 23
40 14 240
40 16 256
40 23 206
40 25 192
40 28 83
40 31 288
40 32 65
40 33 195
40 34 177
40 38 232
41 2 291
41 4 248
41 5 319
41 9 52
41 10 12
41 11 151
41 14 99
41 15 173
41 16 19
41 18 56
41 19 161
41 21 136
41 32 214
41 33 272
41 35 47
41 37 76
41 38 55
42 9 259
42 15 285
42 26 187
42 27 122
42 31 245
42 33 315
42 37 308
42 38 184
42 40 213
43 0 218
43 6 199
43 10 203
43 19 167
43 21 1
43 24 39
43 28 225
43 30 106
43 37 109
43 41 142
44 10 243
44 12 224
44 15 308
44 25 54
44 29 77
44 31 277
44 39 142
44 40 289
45 1 177
45 3 190
45 5 71
45 9 291
45 10 299
45 11 26
45 14 305
45 17 182
45 19 94
45 21 76
45 23 2
45 26 258
45 31 244
45 39 271
45 40 108
45 43 283
46 3 254
46 5 18
46 12 39
46 13 297
46 16 67
46 18 190
46 20 162
46 21 249
46 22 263
46 27 45
46 29 144
46 36 236
46 37 110
46 42 94
46 45 278
47 2 272
47 9 199
47 11 125
47 13 308
47 16 8
47 17 140
47 19 209
47 23 16
47 25 32
47 30 43
47 31 10
47 33 309
47 36 158
47 38 209
47 39 120
48 0 62
48 11 154
48 21 112
48 22 200
48 26 215
48 32 160
48 39 49
48 40 145
48 43 274
48 46 195
49 5 236
49 7 109
49 9 319
49 12 16
49 14 175
49 16 251
49 19 231
49 22 118
49 25 55
49 28 76
49 32 320
49 36 32
49 37 63
50 1 156
50 2 7
50 3 220
50 4 166
50 9 138
50 13 209
50 19 157
50 21 248
50 26 214
50 28 21
50 29 288
50 32 118
50 37 93
50 38 307
50 41 169
50 48 94
50 49 223
51 1 140
51 3 118
51 8 290
51 12 149
51 13 167
51 17 319
51 22 111
51 33 315
51 36 158
51 38 41
51 41 272
51 43 174
51 46 268
52 3 79
52 6 115
52 7 171
52 15 106
52 19 21
52 20 179
52 27 59
52 28 234
52 34 168
52 37 181
52 39 184
52 43 79
52 46 232
52 48 17
52 49 125
52 50 22
53 0 27
53 10 38
53 13 107
53 14 249
53 16 95
53 17 245
53 22 16
53 25 11
53 26 114
53 29 9
53 37 277
53 39 275
53 41 236
53 46 33
53 49 280
53 52 79
54 3 128
54 6 175
54 10 65
54 12 260
54 15 242
54 20 208
54 23 216
54 24 145
54 26 274
54 30 72
54 33 183
54 37 310
54 38 115
54 42 249
54 46 160
54 53 115
55 0 295
55 2 233
55 7 259
55 10 143
55 16 28
55 18 69
55 20 35
55 22 177
55 23 118
55 25 177
55 26 121
55 27 109
55 28 57
55 32 300
55 37 135
55 38 245
55 43 212
55 46 125
55 54 294
56 1 113
56 2 178
56 5 197
56 7 113
56 10 29
56 13 261
56 15 191
56 16 147
56 19 213
56 21 261
56 22 313
56 28 90
56 30 165
56 31 192
56 32 234
56 35 190
56 36 285
56 37 150
56 41 234
56 44 145
56 45 74
56 51 239
56 52 116
56 53 43
57 2 7
57 6 51
57 10 301
57 13 225
57 14 41
57 26 304
57 30 259
57 33 277
57 40 318
57 49 305
57 51 1
57 54 190
58 10 268
58 12 222
58 13 163
58 14 81
58 16 67
58 18 264
58 24 31
58 28 69
58 29 284
58 32 318
58 33 225
58 41 78
58 48 4
58 49 99
59 6 287
59 11 280
59 12 292
59 14 153
59 15 251
59 17 227
59 18 247
59 19 213
59 22 285
59 23 64
59 24 72
59 27 62
59 29 249
59 33 270
59 39 233
59 46 122
59 49 316
59 53 199
59 57 294
59 58 226
