70
1 0 7
2 1 2
3 0 6
3 1 6
3 2 1
4 2 9
5 1 8
6 0 9
6 5 1
7 0 3
7 3 7
7 5 9
7 6 8
8 1 6
8 3 7
8 4 2
8 5 4
8 6 7
9 3 6
9 5 10
10 1 2
11 0 1
11 3 7
11 7 3
11 9 3
11 10 5
12 1 4
12 2 7
12 3 2
12 4 7
12 7 3
13 10 7
13 11 5
14 1 5
14 2 8
14 3 3
14 5 10
14 7 4
14 11 8
15 3 9
15 4 9
15 8 10
15 14 1
16 0 3
16 9 3
16 15 10
17 2 1
17 3 10
17 4 3
17 5 9
17 8 1
17 12 9
17 13 7
18 1 2
18 5 8
18 8 1
18 10 10
18 15 8
19 0 7
19 5 4
19 7 8
19 9 4
19 13 1
20 3 2
20 6 8
20 8 2
20 9 5
20 12 9
21 3 3
21 7 3
21 9 6
21 15 9
21 17 6
21 19 7
21 20 10
22 5 1
22 6 7
22 7 4
22 10 10
22 11 8
22 21 9
23 1 6
23 4 10
23 7 6
23 8 7
23 9 9
23 10 4
23 11 8
23 13 9
23 14 4
23 15 8
23 18 6
23 20 8
23 21 10
24 0 9
24 1 3
24 12 4
24 13 8
24 17 4
25 3 7
25 5 7
25 20 7
25 24 9
26 2 9
26 4 2
26 6 4
26 8 1
26 10 8
26 13 10
26 16 2
26 23 3
27 0 9
27 1 3
27 2 6
27 4 10
27 5 4
27 6 3
27 9 9
27 17 4
27 19 1
27 21 7
27 23 2
27 24 1
27 26 3
28 3 8
28 4 7
28 7 1
28 8 9
28 11 4
28 12 3
28 17 1
28 21 5
28 22 5
28 25 8
29 3 6
29 4 5
29 8 7
29 13 6
29 16 3
29 22 4
30 0 8
30 1 10
30 2 2
30 4 5
30 7 1
30 9 5
30 10 6
30 24 10
30 27 2
31 0 6
31 1 10
31 3 5
31 5 4
31 7 3
31 14 1
31 16 3
31 19 10
31 25 3
31 29 9
32 2 3
32 3 1
32 4 6
32 8 5
32 16 8
32 17 2
32 20 6
32 22 9
32 23 8
32 26 3
32 27 10
32 30 5
33 1 1
33 2 3
33 6 6
33 10 9
33 14 10
33 16 6
33 19 3
33 23 5
33 24 1
33 25 8
33 26 1
33 32 6
34 0 4
34 4 3
34 8 1
34 9 10
34 13 5
34 17 6
34 19 9
34 20 3
34 23 1
34 32 3
35 0 8
35 1 1
35 8 2
35 14 4
35 20 8
35 23 1
35 29 2
35 34 1
36 2 3
36 3 5
36 28 2
36 29 2
36 35 3
37 0 8
37 1 9
37 8 5
37 11 9
37 16 1
37 17 7
37 30 6
37 32 6
37 33 10
38 1 5
38 2 9
38 7 6
38 12 9
38 17 4
38 25 1
38 26 9
38 27 2
38 28 2
38 32 5
38 33 5
38 35 6
38 37 8
39 4 5
39 6 9
39 11 5
39 18 8
39 21 2
39 22 9
39 23 10
39 26 5
39 28 8
39 29 2
39 34 6
39 38 3
40 0 9
40 1 9
40 2 9
40 9 6
40 14 8
40 18 5
40 21 5
40 26 6
40 27 3
40 32 9
40 33 2
40 34 5
41 4 6
41 5 7
41 6 10
41 7 6
41 8 2
41 10 6
41 11 1
41 13 3
41 15 9
41 16 8
41 19 2
41 20 2
41 23 5
41 29 1
41 30 1
41 31 3
41 33 3
41 40 8
42 2 10
42 4 3
42 5 1
42 6 9
42 7 8
42 8 4
42 11 6
42 14 2
42 20 5
42 26 2
42 31 1
42 33 4
42 35 10
42 39 2
42 40 5
42 41 4
43 5 3
43 6 2
43 9 4
43 11 4
43 12 10
43 17 2
43 18 3
43 23 8
43 26 4
43 35 7
43 38 5
43 40 7
44 1 3
44 2 8
44 3 10
44 6 3
44 13 1
44 18 5
44 19 10
44 26 9
44 27 5
44 29 10
44 31 7
44 33 9
44 36 9
44 39 1
44 40 1
45 0 1
45 1 10
45 5 1
45 6 5
45 7 3
45 10 4
45 12 6
45 13 8
45 14 3
45 19 8
45 20 9
45 25 1
45 31 9
45 37 8
45 39 5
45 40 8
46 8 2
46 9 8
46 10 8
46 11 4
46 20 5
46 23 3
46 29 7
46 31 2
46 33 5
46 35 4
46 37 5
46 38 5
46 45 10
47 3 7
47 5 5
47 8 8
47 9 8
47 12 4
47 14 8
47 22 4
47 25 1
47 27 7
47 33 2
47 35 4
48 4 1
48 7 8
48 8 8
48 9 2
48 10 6
48 13 4
48 15 9
48 21 5
48 24 9
48 26 5
48 29 9
48 30 5
48 33 7
48 35 10
48 37 6
48 38 3
48 41 3
48 47 1
49 0 5
49 2 1
49 6 7
49 10 5
49 14 4
49 23 3
49 35 6
49 37 8
49 38 7
49 41 6
49 42 5
49 47 3
49 48 4
50 0 10
50 5 4
50 6 7
50 7 10
50 9 4
50 13 3
50 17 7
50 18 2
50 22 6
50 23 1
50 30 2
50 33 4
50 34 1
50 38 3
50 40 2
50 45 9
50 48 3
51 3 7
51 4 8
51 8 3
51 10 2
51 13 4
51 15 10
51 16 3
51 18 10
51 22 9
51 27 7
51 34 9
51 35 4
51 41 5
51 43 2
51 47 6
52 0 3
52 6 6
52 15 5
52 19 4
52 20 6
52 24 1
52 28 5
52 30 1
52 31 8
52 33 2
52 36 6
52 39 8
52 41 1
52 44 2
52 45 7
53 3 7
53 7 2
53 9 7
53 10 10
53 14 1
53 16 1
53 20 1
53 22 1
53 25 6
53 28 4
53 30 1
53 33 9
53 34 6
53 42 3
53 46 9
53 49 2
53 50 9
54 1 8
54 5 3
54 6 6
54 8 3
54 9 5
54 14 2
54 16 9
54 18 1
54 20 4
54 21 1
54 22 4
54 26 4
54 27 3
54 28 10
54 30 4
54 32 8
54 33 3
54 36 3
54 40 10
54 44 1
54 49 5
54 50 9
54 52 5
55 3 8
55 6 3
55 7 6
55 8 6
55 10 9
55 11 3
55 14 2
55 15 2
55 20 10
55 23 2
55 25 7
55 28 6
55 29 5
55 33 8
55 36 8
55 39 1
55 41 6
55 43 10
55 46 8
55 48 1
55 51 1
55 52 3
55 54 9
56 1 1
56 2 5
56 4 1
56 6 6
56 7 9
56 8 10
56 14 9
56 17 9
56 21 2
56 22 3
56 25 8
56 27 2
56 29 1
56 31 9
56 41 3
56 42 2
56 44 6
56 53 9
57 2 7
57 5 5
57 7 1
57 16 8
57 19 1
57 21 6
57 23 1
57 24 2
57 25 3
57 26 2
57 27 9
57 29 8
57 31 4
57 36 6
57 40 5
57 45 4
57 52 7
57 53 3
58 1 2
58 2 3
58 3 7
58 6 1
58 8 6
58 15 6
58 17 9
58 18 1
58 22 1
58 23 8
58 24 7
58 27 3
58 29 8
58 30 6
58 31 2
58 36 3
58 39 5
58 42 1
58 43 8
58 44 2
58 48 3
58 49 3
58 54 3
59 1 10
59 6 7
59 9 6
59 10 6
59 11 4
59 12 8
59 19 6
59 22 2
59 23 7
59 33 7
59 36 7
59 37 5
59 38 1
59 40 4
59 43 10
59 48 3
59 56 10
60 1 9
60 3 4
60 5 2
60 6 1
60 11 6
60 12 9
60 13 5
60 15 5
60 17 4
60 22 8
60 23 3
60 28 1
60 32 10
60 36 4
60 45 6
60 47 9
60 49 10
60 51 5
60 53 1
60 55 6
61 4 8
61 6 10
61 9 7
61 11 9
61 19 6
61 23 6
61 28 2
61 33 7
61 38 8
61 39 8
61 42 9
61 45 5
61 50 3
61 53 6
61 55 9
61 56 3
61 57 8
62 5 6
62 7 4
62 12 4
62 16 2
62 18 5
62 27 8
62 33 10
62 34 8
62 35 2
62 41 1
62 42 2
62 47 2
62 50 10
62 53 10
62 54 6
62 59 9
62 60 5
63 0 4
63 17 4
63 21 3
63 24 6
63 26 6
63 27 10
63 29 2
63 35 3
63 37 5
63 39 2
63 43 2
63 44 2
63 51 5
63 53 4
63 54 4
64 1 9
64 8 5
64 11 10
64 13 1
64 14 5
64 15 5
64 17 4
64 19 7
64 20 1
64 24 8
64 28 10
64 31 10
64 33 5
64 35 9
64 37 9
64 39 10
64 40 10
64 41 7
64 47 6
64 49 7
64 50 2
64 51 7
64 54 7
64 55 7
64 58 7
64 60 8
64 61 1
65 2 6
65 5 6
65 6 2
65 8 5
65 17 6
65 20 10
65 25 6
65 26 6
65 27 7
65 30 8
65 31 2
65 32 10
65 33 2
65 45 8
65 48 10
65 51 6
65 55 3
65 59 2
66 0 7
66 1 2
66 2 1
66 4 7
66 8 7
66 9 2
66 17 2
66 20 2
66 21 8
66 22 10
66 24 6
66 27 7
66 32 1
66 33 9
66 35 8
66 36 8
66 39 7
66 41 4
66 45 8
66 48 7
66 50 3
66 52 5
66 56 8
66 59 8
66 63 1
67 1 3
67 13 6
67 14 2
67 15 8
67 17 2
67 27 6
67 28 5
67 29 5
67 34 4
67 43 1
67 47 8
67 59 9
67 61 6
67 63 2
67 64 3
68 2 6
68 4 6
68 6 4
68 7 8
68 8 5
68 10 6
68 14 8
68 16 5
68 24 10
68 27 3
68 34 4
68 43 3
68 47 8
68 49 9
68 50 2
68 51 8
68 53 4
68 64 9
69 2 7
69 3 5
69 4 6
69 6 7
69 7 8
69 9 6
69 15 10
69 18 5
69 22 8
69 26 10
69 27 3
69 28 7
69 29 4
69 30 6
69 34 9
69 36 10
69 44 5
69 48 1
69 54 9
69 55 9
69 65 10
