70
2 0 2
2 1 9
3 0 3
3 2 8
4 0 6
4 3 1
5 0 8
5 1 9
5 2 6
6 0 9
6 1 6
6 3 1
6 5 5
7 0 5
7 1 9
8 0 4
8 2 1
8 3 10
8 6 7
9 0 10
9 1 1
9 3 1
9 5 9
9 6 9
9 7 3
9 8 5
10 1 8
10 5 3
10 6 2
11 0 3
11 2 2
11 4 1
11 5 7
11 9 1
11 10 9
12 0 2
12 2 3
12 3 7
12 4 8
12 6 9
12 8 1
12 10 6
13 5 3
13 6 8
13 8 2
13 10 2
13 12 8
14 0 2
14 1 10
14 5 9
14 6 4
14 7 7
14 12 10
15 1 6
15 3 2
15 6 4
15 7 2
15 8 1
15 10 7
15 13 6
15 14 7
16 0 8
16 3 4
16 4 7
16 5 8
16 6 8
16 7 3
16 8 8
16 9 6
16 11 4
16 12 10
16 14 4
16 15 1
17 0 10
17 2 6
17 4 3
17 6 2
17 7 5
17 8 10
17 9 9
17 11 5
17 12 3
17 14 4
18 0 4
18 1 1
18 4 2
18 9 10
18 10 1
18 12 4
18 13 5
18 16 5
18 17 1
19 1 5
19 2 6
19 3 3
19 8 10
19 11 8
19 12 6
19 13 10
19 16 7
20 2 5
20 4 4
20 8 8
20 9 8
20 11 10
20 12 6
20 13 9
20 14 3
20 15 10
20 17 7
20 18 9
20 19 3
21 2 9
21 3 2
21 5 6
21 6 9
21 8 4
21 9 3
21 10 3
21 12 3
21 13 8
21 14 4
21 15 3
21 16 4
21 18 6
21 20 3
22 0 5
22 1 7
22 4 8
22 6 3
22 8 6
22 10 10
22 11 7
22 15 3
22 16 9
22 18 1
22 19 8
22 21 9
23 1 7
23 5 5
23 6 8
23 7 8
23 8 1
23 9 7
23 10 7
23 11 9
23 13 6
23 16 5
23 18 2
23 21 9
24 0 9
24 8 10
24 9 1
24 12 8
24 14 10
24 16 7
24 21 7
24 22 7
24 23 2
25 0 9
25 2 5
25 3 9
25 6 4
25 8 6
25 9 5
25 10 1
25 12 7
25 17 4
25 20 9
25 22 4
25 23 5
26 0 1
26 2 5
26 4 7
26 5 8
26 7 1
26 8 6
26 9 9
26 13 2
26 14 2
26 15 4
26 16 3
26 21 10
26 22 6
26 23 3
26 25 9
27 0 7
27 1 2
27 2 2
27 3 10
27 4 2
27 8 7
27 10 4
27 12 9
27 13 7
27 14 10
27 15 5
27 16 1
27 19 10
27 20 7
27 21 2
27 22 6
27 23 6
27 24 10
27 25 8
27 26 9
28 1 9
28 2 8
28 6 7
28 9 7
28 10 10
28 11 8
28 15 9
28 17 1
28 20 3
28 22 5
28 25 7
28 26 2
28 27 6
29 0 8
29 2 5
29 3 4
29 4 7
29 5 9
29 9 3
29 10 8
29 15 5
29 16 2
29 21 8
29 22 6
29 23 10
29 24 4
29 25 2
29 26 7
30 1 9
30 2 10
30 3 4
30 4 2
30 6 5
30 7 8
30 8 1
30 9 9
30 10 6
30 14 3
30 16 8
30 18 9
30 20 6
30 22 1
30 27 8
30 29 4
31 0 10
31 1 5
31 2 2
31 4 10
31 7 2
31 10 7
31 11 9
31 13 2
31 17 5
31 18 9
31 23 1
31 24 10
31 27 6
32 0 6
32 1 5
32 2 3
32 5 7
32 8 10
32 11 8
32 13 4
32 18 5
32 31 1
33 2 3
33 3 2
33 13 4
33 14 9
33 15 8
33 16 5
33 18 6
33 20 6
33 21 5
33 22 10
33 23 1
33 24 9
33 27 2
33 29 10
33 31 9
34 2 2
34 5 9
34 6 8
34 7 7
34 10 2
34 11 10
34 12 5
34 17 1
34 19 5
34 22 2
34 23 8
34 25 8
34 26 4
34 29 9
34 30 7
34 32 5
35 1 1
35 6 7
35 9 7
35 10 5
35 11 2
35 13 3
35 15 8
35 18 9
35 25 1
35 30 3
35 33 9
35 34 7
36 0 6
36 3 8
36 6 2
36 7 1
36 8 7
36 13 10
36 14 9
36 16 7
36 21 5
36 23 7
36 25 4
36 26 6
36 27 3
36 28 8
36 34 5
37 3 8
37 8 8
37 10 5
37 11 4
37 12 1
37 14 7
37 18 6
37 19 5
37 20 9
37 21 4
37 22 5
37 23 10
37 27 8
37 28 5
37 30 10
37 31 8
37 33 6
37 35 1
37 36 3
38 3 6
38 4 8
38 5 5
38 14 6
38 15 4
38 21 6
38 23 4
38 25 5
38 26 3
38 28 6
38 37 2
39 0 10
39 1 5
39 2 10
39 3 8
39 6 3
39 9 4
39 12 2
39 18 10
39 22 5
39 23 5
39 25 8
39 28 10
39 30 1
39 33 3
39 34 2
39 35 3
39 36 4
39 38 2
40 0 1
40 1 9
40 2 8
40 5 9
40 8 6
40 12 7
40 13 2
40 14 5
40 16 4
40 18 8
40 29 5
40 31 6
40 33 2
40 35 7
40 37 4
41 8 6
41 9 3
41 11 8
41 13 5
41 19 9
41 23 2
41 26 10
41 27 9
41 31 10
41 32 10
41 35 1
41 38 6
42 2 10
42 4 8
42 7 10
42 8 10
42 9 10
42 10 6
42 12 7
42 14 2
42 17 7
42 19 9
42 22 4
42 24 3
42 29 6
42 30 5
42 32 7
42 33 9
42 36 5
42 37 1
43 3 6
43 5 1
43 6 8
43 9 4
43 10 6
43 12 8
43 16 6
43 18 9
43 20 7
43 22 8
43 25 3
43 33 6
43 35 6
43 36 2
43 39 7
43 40 9
44 1 3
44 5 4
44 7 2
44 11 5
44 12 2
44 13 1
44 17 5
44 19 3
44 21 10
44 22 8
44 24 9
44 25 4
44 27 10
44 28 6
44 30 6
44 32 2
44 33 5
44 35 2
44 40 8
44 42 3
45 0 7
45 1 1
45 2 8
45 3 6
45 5 9
45 6 6
45 9 4
45 10 8
45 15 4
45 16 6
45 17 7
45 20 7
45 21 3
45 23 4
45 24 8
45 25 1
45 27 9
45 29 1
45 30 8
45 32 9
45 33 1
45 34 6
45 35 2
45 36 10
45 37 6
45 42 4
46 0 5
46 8 7
46 9 8
46 10 8
46 11 10
46 12 6
46 13 6
46 18 1
46 19 9
46 20 7
46 22 7
46 26 5
46 27 4
46 31 5
46 32 7
46 36 3
46 38 7
46 39 2
46 41 1
46 43 8
46 44 8
46 45 10
47 0 6
47 2 7
47 4 4
47 5 6
47 6 7
47 7 1
47 11 8
47 14 10
47 16 8
47 17 6
47 18 10
47 22 1
47 24 3
47 25 8
47 27 3
47 30 2
47 31 2
47 33 7
47 34 7
47 39 4
47 41 4
47 42 9
47 43 10
47 44 7
47 45 1
47 46 2
48 1 3
48 2 4
48 3 9
48 6 9
48 7 9
48 8 3
48 9 6
48 16 5
48 18 9
48 20 5
48 21 3
48 22 5
48 23 10
48 28 2
48 29 2
48 32 9
48 34 10
48 35 1
48 37 10
48 39 2
48 40 4
48 41 5
48 42 5
48 43 6
48 44 1
48 45 9
49 0 6
49 1 10
49 4 9
49 6 9
49 7 8
49 8 1
49 10 9
49 11 1
49 12 1
49 14 7
49 15 8
49 17 9
49 18 5
49 34 6
49 39 8
49 40 10
49 41 9
49 42 2
49 43 4
49 46 7
49 48 4
50 1 8
50 5 5
50 8 5
50 13 10
50 15 6
50 17 3
50 18 7
50 19 9
50 20 10
50 22 7
50 27 1
50 31 1
50 33 2
50 34 8
50 37 1
50 38 7
50 41 8
50 43 8
50 45 6
50 47 9
51 1 4
51 2 6
51 4 9
51 5 7
51 6 8
51 7 6
51 8 9
51 9 1
51 11 10
51 12 2
51 14 10
51 16 5
51 17 10
51 21 8
51 29 2
51 30 4
51 36 3
51 37 10
51 38 6
51 41 2
51 42 4
51 43 3
51 49 8
52 0 10
52 1 9
52 2 10
52 3 9
52 6 3
52 7 8
52 8 10
52 9 5
52 10 9
52 12 3
52 15 9
52 18 10
52 19 5
52 20 2
52 21 7
52 31 10
52 35 3
52 36 6
52 38 1
52 39 9
52 40 10
52 41 10
52 42 5
52 43 2
52 44 10
52 48 4
52 50 1
53 0 6
53 2 7
53 5 6
53 6 4
53 10 10
53 11 8
53 12 1
53 13 9
53 15 1
53 23 5
53 24 5
53 25 7
53 27 8
53 28 7
53 29 10
53 30 6
53 32 8
53 35 4
53 37 6
53 41 3
53 44 5
53 46 2
53 48 10
53 49 2
53 50 9
54 0 2
54 2 4
54 3 5
54 5 4
54 6 1
54 7 7
54 8 2
54 9 1
54 10 8
54 11 2
54 12 2
54 14 3
54 15 4
54 16 1
54 17 4
54 18 3
54 19 10
54 21 9
54 22 2
54 24 9
54 27 9
54 28 5
54 30 6
54 31 3
54 32 7
54 33 6
54 34 9
54 35 2
54 36 7
54 37 3
54 40 1
54 42 7
54 47 3
54 52 8
55 0 6
55 2 1
55 5 6
55 6 10
55 9 2
55 11 7
55 12 10
55 13 5
55 14 2
55 15 10
55 16 1
55 19 5
55 22 7
55 25 9
55 30 3
55 31 8
55 33 7
55 36 9
55 37 3
55 38 10
55 39 3
55 40 8
55 45 5
55 46 6
55 47 5
55 51 9
55 52 7
55 53 5
55 54 7
56 1 9
56 3 5
56 5 4
56 6 6
56 8 6
56 9 8
56 11 3
56 15 9
56 19 5
56 20 5
56 21 2
56 22 2
56 23 2
56 24 4
56 26 8
56 27 10
56 28 10
56 29 8
56 33 4
56 34 8
56 35 10
56 36 8
56 38 3
56 39 4
56 41 3
56 42 5
56 43 1
56 46 1
56 47 3
56 50 10
56 53 7
56 55 2
57 0 6
57 7 4
57 9 6
57 11 9
57 15 3
57 18 9
57 19 9
57 20 6
57 23 7
57 24 3
57 25 4
57 26 2
57 28 9
57 31 3
57 33 9
57 34 5
57 35 9
57 36 1
57 37 3
57 38 2
57 39 3
57 41 5
57 43 10
57 45 1
57 47 4
57 48 3
57 49 6
57 50 4
57 56 7
58 0 3
58 2 3
58 3 2
58 4 10
58 8 4
58 9 10
58 12 6
58 13 5
58 14 8
58 17 6
58 18 2
58 19 3
58 23 1
58 24 5
58 25 1
58 27 6
58 28 6
58 29 9
58 31 1
58 35 8
58 36 2
58 42 3
58 45 1
58 47 6
58 49 1
58 52 4
59 0 2
59 2 2
59 9 1
59 10 8
59 13 7
59 14 3
59 15 9
59 17 2
59 18 9
59 25 8
59 30 2
59 31 10
59 32 7
59 33 7
59 35 4
59 40 1
59 41 4
59 43 8
59 44 7
59 46 10
59 48 4
59 49 7
59 50 9
59 51 9
59 52 9
59 56 9
59 57 2
60 0 6
60 1 8
60 3 10
60 4 2
60 5 4
60 6 2
60 7 5
60 9 6
60 10 6
60 12 9
60 16 1
60 17 6
60 18 10
60 21 6
60 22 1
60 25 5
60 26 2
60 30 9
60 31 3
60 32 9
60 33 4
60 38 3
60 39 4
60 46 3
60 47 2
60 48 6
60 53 9
60 54 2
60 57 10
60 58 3
61 1 4
61 2 2
61 3 4
61 5 4
61 6 3
61 8 5
61 10 4
61 11 3
61 12 1
61 14 6
61 15 7
61 21 1
61 24 6
61 25 1
61 29 9
61 30 6
61 31 10
61 35 4
61 37 2
61 43 1
61 44 10
61 46 6
61 48 1
61 50 2
61 51 2
61 53 9
61 55 8
61 57 10
61 58 6
61 59 7
62 0 7
62 1 9
62 2 4
62 4 6
62 5 5
62 8 3
62 9 2
62 11 3
62 14 1
62 17 4
62 18 7
62 19 7
62 21 5
62 22 3
62 24 9
62 25 1
62 29 7
62 31 6
62 32 7
62 33 7
62 35 1
62 36 10
62 41 4
62 42 2
62 43 6
62 44 5
62 46 4
62 47 10
62 49 6
62 50 5
62 52 8
62 55 6
62 58 5
62 59 2
62 61 3
63 6 3
63 8 6
63 10 2
63 12 1
63 13 6
63 16 4
63 18 4
63 22 10
63 23 3
63 25 5
63 27 1
63 28 2
63 30 10
63 31 2
63 36 1
63 37 8
63 38 2
63 41 5
63 45 7
63 49 9
63 50 10
63 54 3
63 57 3
63 58 1
63 59 7
63 60 10
63 61 10
64 0 2
64 1 1
64 2 1
64 3 8
64 5 6
64 7 1
64 9 9
64 11 10
64 13 8
64 15 9
64 17 1
64 22 5
64 24 7
64 25 10
64 32 3
64 33 2
64 40 4
64 43 3
64 45 7
64 47 1
64 48 3
64 49 10
64 51 4
64 54 1
64 58 7
64 59 1
64 62 6
65 1 1
65 3 10
65 4 4
65 5 3
65 8 1
65 9 10
65 10 9
65 12 5
65 13 6
65 14 4
65 15 5
65 16 10
65 18 5
65 19 8
65 21 1
65 23 6
65 26 5
65 29 6
65 30 3
65 31 4
65 32 3
65 33 7
65 34 4
65 35 3
65 36 5
65 38 1
65 40 3
65 43 7
65 44 1
65 47 5
65 48 10
65 49 9
65 50 6
65 52 7
65 53 3
65 54 6
65 56 5
65 57 6
65 58 3
65 61 9
65 62 8
66 2 6
66 4 1
66 5 8
66 6 9
66 7 10
66 8 7
66 10 10
66 13 10
66 15 9
66 17 5
66 19 5
66 22 6
66 24 2
66 25 10
66 26 2
66 27 1
66 28 8
66 29 10
66 30 8
66 33 2
66 35 6
66 36 8
66 38 3
66 39 7
66 40 5
66 41 5
66 42 10
66 43 5
66 44 10
66 47 10
66 50 10
66 52 8
66 55 4
66 56 4
66 61 9
66 62 1
66 63 10
67 0 1
67 1 5
67 2 8
67 6 2
67 8 9
67 9 9
67 10 1
67 11 1
67 16 10
67 22 8
67 23 9
67 25 5
67 28 1
67 30 6
67 31 4
67 32 2
67 33 10
67 34 4
67 37 4
67 38 10
67 39 9
67 44 7
67 48 9
67 49 2
67 50 5
67 51 10
67 53 10
67 54 2
67 57 7
67 58 9
67 61 6
67 63 5
67 66 3
68 1 5
68 3 1
68 5 7
68 8 6
68 12 4
68 13 6
68 15 10
68 21 10
68 22 5
68 24 8
68 25 7
68 26 7
68 28 4
68 29 2
68 34 8
68 35 5
68 40 6
68 43 7
68 44 4
68 46 10
68 47 2
68 52 7
68 53 2
68 55 5
68 56 5
68 57 7
68 62 1
68 63 3
68 66 6
68 67 9
69 3 2
69 4 4
69 6 2
69 7 7
69 10 10
69 12 7
69 13 5
69 15 10
69 16 1
69 17 1
69 18 3
69 20 6
69 21 5
69 22 4
69 23 5
69 24 3
69 26 2
69 28 7
69 30 10
69 32 4
69 37 5
69 38 7
69 39 6
69 41 1
69 45 1
69 47 1
69 48 6
69 50 4
69 52 4
69 53 6
69 54 8
69 56 5
69 58 1
69 59 8
69 60 3
69 62 6
69 63 6
69 66 7
