30
1 0 44
2 1 185
3 2 291
4 1 180
4 2 29
4 3 310
5 1 96
5 2 265
5 3 284
6 1 236
6 2 160
6 4 302
6 5 252
7 1 35
7 3 96
7 4 154
7 5 292
7 6 233
8 0 167
8 1 239
8 2 65
8 4 226
8 7 255
9 1 77
9 2 103
9 3 173
9 4 56
9 5 99
9 6 159
9 8 96
10 0 213
10 1 230
10 2 265
10 4 251
10 5 119
10 6 248
10 7 124
10 8 100
10 9 285
11 1 19
11 2 113
11 3 26
11 6 137
11 7 96
11 8 234
11 9 110
11 10 66
12 0 134
12 1 298
12 3 128
12 5 274
12 6 319
12 7 268
12 8 235
12 9 94
12 10 229
13 0 187
13 1 178
13 3 147
13 5 179
13 6 33
13 7 119
13 9 50
13 10 15
13 11 117
14 0 116
14 3 110
14 4 190
14 6 178
14 7 164
14 8 268
14 10 29
14 11 1
14 12 318
15 0 16
15 2 190
15 3 41
15 4 163
15 7 13
15 8 222
15 9 51
15 10 122
15 11 206
15 13 241
16 1 187
16 2 268
16 4 7
16 5 122
16 6 27
16 7 174
16 8 141
16 10 131
16 11 187
16 13 310
16 15 225
17 0 317
17 1 233
17 2 314
17 3 224
17 4 222
17 5 56
17 6 111
17 7 209
17 9 29
17 11 276
17 12 59
17 13 198
17 14 219
17 16 66
18 1 36
18 3 136
18 4 143
18 8 210
18 9 215
18 11 82
18 12 126
18 14 276
18 16 222
18 17 259
19 0 206
19 1 68
19 2 49
19 3 2
19 4 233
19 5 196
19 6 275
19 7 9
19 8 78
19 11 34
19 13 141
19 14 271
19 15 88
19 17 227
20 0 131
20 2 57
20 3 209
20 4 215
20 5 120
20 6 221
20 8 142
20 9 290
20 10 256
20 11 6
20 12 104
20 13 290
20 14 73
20 15 285
20 18 188
20 19 314
21 0 28
21 1 206
21 2 2
21 3 23
21 5 47
21 6 259
21 8 128
21 9 228
21 10 161
21 11 248
21 13 298
21 16 89
21 19 316
21 20 216
22 0 2
22 1 276
22 2 69
22 3 6
22 4 247
22 5 125
22 6 162
22 8 173
22 11 212
22 13 144
22 14 263
22 15 192
22 16 230
22 17 148
22 18 115
22 19 42
22 20 229
22 21 103
23 1 197
23 2 66
23 3 58
23 4 126
23 5 271
23 6 271
23 7 274
23 8 121
23 11 306
23 13 66
23 14 31
23 15 178
23 16 109
23 17 22
23 19 11
23 20 200
23 21 256
23 22 208
24 0 82
24 1 79
24 3 77
24 4 303
24 5 77
24 6 119
24 7 98
24 8 58
24 10 70
24 11 284
24 12 176
24 13 77
24 14 42
24 16 246
24 18 308
24 19 292
24 20 239
24 23 250
25 0 277
25 2 290
25 4 202
25 5 101
25 6 201
25 9 89
25 10 63
25 11 125
25 12 265
25 13 225
25 14 4
25 15 250
25 16 173
25 18 299
25 21 38
25 22 171
25 23 250
26 1 253
26 2 128
26 3 52
26 5 58
26 6 143
26 8 251
26 9 251
26 10 129
26 11 249
26 12 17
26 14 103
26 15 270
26 16 246
26 17 230
26 18 133
26 19 161
26 20 9
26 22 317
26 23 236
26 24 100
26 25 90
27 0 43
27 2 208
27 6 221
27 7 192
27 9 298
27 10 246
27 11 37
27 14 120
27 15 257
27 16 304
27 18 107
27 22 25
27 23 133
27 24 312
27 25 2
27 26 290
28 0 215
28 2 282
28 3 32
28 5 11
28 8 230
28 9 65
28 12 302
28 13 115
28 15 142
28 16 164
28 18 64
28 20 146
28 21 51
28 22 318
28 23 211
28 26 79
29 0 81
29 1 241
29 2 26
29 4 239
29 5 196
29 6 100
29 7 30
29 8 246
29 9 282
29 10 312
29 12 129
29 13 80
29 14 255
29 16 312
29 17 284
29 20 72
29 22 300
29 23 270
29 24 97
29 26 284
