60
1 0 14
2 1 7
3 0 27
4 1 39
4 2 2
5 0 31
6 1 30
6 5 2
7 3 4
9 0 1
9 1 12
9 2 1
9 6 10
10 4 38
11 0 20
12 3 14
12 11 3
13 2 13
13 3 32
13 6 13
13 10 31
13 12 31
14 0 1
14 1 38
14 3 30
14 12 37
15 5 23
15 8 27
15 13 27
15 14 11
16 7 17
16 9 1
16 12 13
17 6 14
17 8 29
17 15 39
18 2 9
18 6 36
18 7 26
18 10 4
18 11 10
18 14 8
18 16 3
19 0 27
19 4 32
19 7 33
19 10 20
19 11 35
19 12 33
19 18 24
20 1 33
20 4 16
20 9 25
20 10 23
20 11 9
20 12 7
20 14 11
20 16 10
20 17 11
20 18 3
20 19 7
21 12 18
21 14 8
22 8 12
22 11 33
22 13 20
22 18 6
22 19 38
23 6 1
23 17 20
24 1 12
24 4 24
24 5 27
24 8 11
24 11 6
25 7 12
25 13 18
25 14 31
25 15 22
25 16 4
25 21 11
25 24 32
26 4 8
26 7 24
26 14 35
27 2 27
27 7 34
27 16 26
27 22 15
27 25 9
28 0 40
28 1 12
28 2 25
28 8 36
28 14 22
28 18 35
28 27 40
29 8 34
29 9 12
29 25 32
29 26 25
29 28 5
30 2 39
30 9 11
30 11 4
30 12 8
30 14 28
30 15 6
30 23 29
30 24 16
30 26 26
31 1 33
31 6 4
31 7 36
31 11 34
31 15 36
31 17 40
31 19 19
31 25 28
32 2 34
32 6 19
32 8 23
32 9 34
32 11 27
32 22 30
32 24 28
33 8 21
33 10 9
33 15 13
33 16 21
33 17 17
33 18 8
33 19 9
34 1 25
34 2 9
34 6 6
34 11 21
34 14 25
34 19 13
34 33 15
35 0 29
35 3 6
35 5 7
35 9 34
35 10 33
35 24 23
35 29 2
36 0 25
36 4 16
36 8 39
36 11 15
36 25 33
36 26 12
36 27 19
36 28 9
36 29 32
36 33 20
36 35 29
37 2 31
37 3 19
37 14 40
37 17 1
37 18 1
37 24 19
37 28 19
37 29 19
37 33 27
37 36 11
38 8 2
38 9 25
38 13 8
38 18 29
38 21 39
38 24 14
38 26 23
38 30 19
38 37 1
39 0 35
39 2 19
39 7 6
39 8 32
39 14 17
39 18 28
39 26 15
39 33 17
40 2 8
40 9 22
40 10 1
40 20 8
40 21 18
40 23 38
40 26 34
40 38 31
41 6 19
41 8 32
41 21 28
41 26 36
41 33 24
41 37 15
41 39 26
42 10 16
42 11 7
42 12 9
42 13 40
42 28 17
43 3 33
43 6 34
43 11 37
43 19 40
43 27 16
43 28 35
43 31 31
43 34 24
43 37 15
44 5 4
44 8 32
44 9 1
44 12 3
44 13 35
44 18 40
44 24 15
44 32 12
44 35 37
44 36 13
45 0 11
45 4 17
45 10 19
45 14 39
45 19 31
45 21 34
45 28 4
45 30 17
45 35 2
45 40 8
45 42 24
45 43 23
45 44 36
46 5 18
46 11 18
46 17 10
46 27 2
46 33 27
47 5 13
47 6 8
47 9 12
47 13 25
47 24 35
47 28 39
47 33 9
47 34 6
47 39 27
47 43 17
47 46 22
48 2 30
48 4 6
48 5 7
48 16 20
48 27 7
48 30 27
48 37 25
48 39 18
48 44 1
48 47 28
49 4 13
49 13 9
50 8 17
50 9 28
50 10 40
50 14 37
50 19 1
50 46 24
51 10 6
51 12 18
51 21 23
51 24 26
51 35 27
51 40 12
51 42 36
51 49 38
52 0 21
52 2 1
52 7 25
52 11 37
52 13 18
52 14 16
52 29 8
52 33 7
52 41 31
52 45 36
52 48 21
53 0 26
53 2 12
53 5 35
53 9 7
53 10 18
53 21 7
53 25 33
53 31 29
53 36 24
53 39 12
53 41 16
53 43 33
53 44 1
53 47 13
53 51 1
53 52 37
54 2 14
54 17 27
54 20 2
54 30 24
54 32 14
54 33 39
54 34 15
54 40 33
54 42 37
55 8 2
55 11 37
55 23 24
55 31 6
55 51 37
55 54 15
56 5 20
56 9 28
56 12 8
56 15 29
56 27 34
56 49 31
56 55 14
57 1 21
57 2 12
57 7 14
57 9 33
57 10 34
57 13 33
57 14 27
57 26 34
57 31 11
57 32 4
57 36 36
57 44 23
58 1 9
58 10 9
58 14 36
58 17 1
58 27 23
58 33 32
58 40 10
58 47 40
58 53 3
58 57 8
59 4 17
59 5 23
59 6 6
59 12 8
59 13 8
59 15 39
59 26 23
59 31 1
59 45 19
59 47 4
59 48 7
