30
1 0 25
2 0 53
2 1 38
3 0 32
3 1 79
3 2 10
4 0 38
5 0 2
5 1 56
5 2 59
5 3 80
5 4 66
6 0 48
6 1 27
6 2 18
6 3 30
6 4 23
6 5 41
7 0 60
7 1 33
7 2 64
7 3 7
7 4 62
7 5 4
7 6 45
8 1 28
8 2 50
8 4 50
8 5 63
8 6 13
8 7 15
9 0 71
9 1 25
9 2 15
9 3 48
9 4 56
9 6 73
9 7 13
10 0 63
10 2 58
10 4 9
10 5 29
10 6 24
10 7 3
10 9 80
11 0 15
11 2 63
11 3 19
11 4 30
11 6 68
11 7 70
11 8 6
11 9 55
11 10 80
12 0 6
12 2 23
12 3 27
12 5 10
12 6 68
12 7 22
12 8 54
12 9 39
12 10 17
13 0 25
13 2 64
13 3 39
13 4 73
13 5 29
13 6 62
13 8 30
13 10 37
13 11 49
13 12 72
14 0 6
14 1 56
14 3 4
14 4 26
14 5 8
14 6 10
14 7 46
14 8 55
14 9 12
14 11 47
14 12 52
14 13 65
15 0 51
15 2 65
15 3 70
15 4 41
15 5 76
15 6 10
15 7 64
15 9 45
15 10 30
15 11 5
15 12 3
15 13 49
15 14 53
16 0 38
16 1 63
16 2 80
16 3 39
16 4 2
16 6 1
16 7 15
16 8 43
16 9 19
16 10 68
16 11 61
16 13 25
16 14 9
16 15 71
17 0 35
17 1 47
17 2 52
17 5 63
17 6 11
17 7 38
17 10 42
17 11 13
17 13 79
17 14 56
17 15 42
17 16 49
18 0 15
18 1 59
18 2 29
18 3 13
18 4 16
18 5 16
18 6 15
18 7 54
18 9 23
18 10 27
18 11 36
18 13 75
18 14 8
18 15 31
18 16 75
18 17 76
19 1 8
19 2 55
19 3 23
19 4 35
19 5 54
19 7 65
19 8 31
19 9 62
19 10 33
19 11 36
19 12 1
19 13 17
19 14 21
19 15 29
19 16 4
19 18 8
20 0 74
20 2 5
20 3 45
20 6 74
20 7 50
20 10 62
20 11 54
20 13 50
20 14 6
20 15 76
20 16 30
20 17 34
20 18 8
20 19 32
21 0 15
21 3 47
21 4 24
21 5 44
21 6 12
21 7 17
21 8 35
21 9 14
21 10 29
21 12 40
21 13 42
21 14 58
21 15 61
21 16 46
21 17 73
21 18 25
21 19 14
21 20 23
22 0 17
22 1 16
22 3 76
22 5 59
22 6 73
22 7 16
22 8 61
22 9 53
22 10 43
22 11 15
22 13 71
22 14 33
22 15 13
22 16 25
22 17 66
22 18 40
22 19 50
22 20 41
22 21 28
23 1 72
23 2 49
23 3 8
23 4 50
23 5 17
23 6 4
23 7 19
23 8 10
23 9 5
23 10 24
23 11 3
23 12 17
23 14 40
23 15 47
23 16 4
23 17 40
23 22 49
24 0 47
24 1 39
24 2 20
24 3 26
24 4 48
24 5 53
24 6 10
24 7 80
24 8 54
24 9 56
24 10 58
24 11 15
24 12 44
24 13 39
24 14 43
24 15 57
24 17 78
24 18 20
24 22 10
24 23 55
25 0 13
25 1 49
25 2 68
25 4 55
25 5 17
25 6 70
25 8 8
25 9 78
25 10 55
25 11 52
25 12 4
25 13 11
25 14 32
25 15 68
25 16 74
25 18 29
25 20 73
25 22 34
25 23 22
26 0 25
26 1 72
26 2 39
26 3 62
26 4 63
26 5 35
26 6 63
26 7 21
26 8 14
26 9 7
26 10 52
26 11 49
26 13 54
26 14 20
26 16 76
26 17 24
26 20 13
26 21 11
26 22 75
26 23 11
26 24 51
26 25 52
27 0 49
27 1 70
27 2 23
27 3 63
27 4 55
27 5 29
27 6 30
27 7 20
27 9 23
27 10 23
27 11 3
27 12 48
27 13 31
27 14 25
27 15 72
27 16 12
27 17 53
27 18 30
27 19 48
27 21 14
27 22 7
27 23 53
27 24 36
27 25 52
27 26 34
28 0 34
28 1 77
28 3 28
28 4 6
28 5 14
28 7 51
28 8 26
28 9 78
28 10 64
28 14 78
28 16 53
28 18 61
28 19 24
28 20 80
28 21 54
28 23 46
28 24 1
28 25 47
28 27 30
29 0 29
29 1 47
29 2 54
29 3 28
29 4 51
29 5 31
29 6 8
29 7 72
29 8 20
29 10 51
29 12 35
29 13 15
29 14 78
29 15 11
29 17 23
29 19 32
29 20 3
29 21 1
29 22 66
29 23 22
29 24 35
29 26 60
29 27 11
29 28 33
