40
1 0 3
2 0 13
3 2 17
4 1 20
5 0 13
5 1 1
5 4 18
6 5 12
7 0 7
7 4 16
8 0 4
8 1 5
8 3 10
9 0 10
9 2 15
9 6 6
9 7 12
10 1 4
10 3 16
10 4 3
10 5 7
10 6 20
10 8 16
10 9 8
11 0 13
11 1 9
11 3 1
11 5 14
11 6 8
11 7 19
12 0 15
12 2 2
12 8 14
12 9 20
12 11 16
13 0 8
13 1 9
13 5 6
13 9 4
13 10 16
13 11 1
14 0 11
14 1 13
14 2 3
14 3 1
14 6 17
14 13 17
15 1 16
15 3 9
15 4 13
15 5 13
15 6 4
15 7 13
15 11 18
15 12 4
15 14 6
16 1 19
16 4 14
16 5 6
16 8 14
16 9 6
16 11 12
17 2 14
17 3 11
17 4 20
17 6 4
17 8 11
17 9 10
17 10 19
18 2 14
18 5 4
18 6 17
18 7 4
18 8 15
18 10 12
18 13 15
18 15 8
18 16 1
19 2 7
19 3 20
19 5 8
19 7 12
19 8 13
19 13 13
19 15 2
19 16 6
19 18 9
20 1 6
20 2 5
20 3 7
20 4 9
20 5 1
20 6 19
20 8 15
20 10 15
20 11 11
20 14 7
20 15 17
20 17 2
20 19 2
21 0 2
21 4 10
21 6 1
21 10 6
21 11 3
21 13 18
21 15 14
21 16 2
21 17 3
21 20 12
22 1 6
22 3 15
22 4 4
22 5 18
22 9 10
22 11 4
22 13 14
22 14 11
23 1 17
23 3 12
23 6 17
23 7 17
23 8 3
23 10 6
23 11 2
23 15 8
23 18 6
23 19 3
23 22 10
24 1 20
24 3 4
24 4 9
24 7 14
24 8 12
24 9 17
24 13 3
24 14 1
24 15 19
24 16 10
24 19 17
24 21 10
24 22 5
25 0 3
25 6 20
25 8 5
25 10 18
25 12 6
25 14 6
25 15 12
25 19 14
25 20 19
25 21 2
26 1 8
26 3 12
26 5 4
26 6 15
26 7 14
26 10 15
26 13 11
26 15 12
26 16 16
26 17 12
26 20 20
26 22 15
26 23 9
26 24 9
26 25 6
27 0 15
27 3 1
27 5 3
27 7 13
27 8 2
27 12 18
27 14 15
27 15 20
27 16 18
27 18 3
27 20 12
27 24 8
27 25 18
28 0 5
28 2 11
28 5 15
28 9 3
28 10 13
28 11 13
28 12 11
28 16 2
28 18 11
28 19 10
28 20 10
28 21 7
28 22 1
28 25 14
28 27 16
29 4 17
29 5 13
29 7 1
29 9 7
29 10 17
29 13 19
29 14 6
29 18 7
29 19 12
29 21 20
29 23 2
29 25 20
29 26 4
29 28 11
30 0 16
30 1 4
30 4 2
30 5 1
30 8 5
30 9 18
30 10 12
30 11 13
30 15 5
30 20 5
30 22 1
30 23 10
30 26 1
30 27 4
31 0 19
31 1 14
31 3 6
31 4 17
31 5 6
31 6 17
31 8 18
31 10 13
31 12 11
31 14 1
31 15 8
31 18 20
31 19 3
31 20 6
31 21 18
31 22 15
31 23 6
31 26 15
31 28 15
32 0 20
32 1 9
32 4 5
32 5 20
32 7 10
32 9 17
32 10 6
32 15 18
32 16 3
32 17 13
32 18 9
32 20 1
32 22 14
32 23 16
32 24 2
32 27 17
32 28 16
33 0 18
33 1 10
33 4 18
33 5 7
33 7 10
33 8 9
33 12 13
33 14 12
33 19 9
33 21 2
33 24 19
33 26 8
33 27 20
33 31 8
33 32 10
34 2 14
34 6 6
34 8 3
34 9 7
34 10 15
34 11 9
34 12 14
34 14 17
34 15 9
34 16 11
34 18 14
34 19 5
34 20 5
34 21 5
34 22 14
34 24 5
34 25 2
34 27 11
34 28 5
34 30 6
34 32 9
34 33 19
35 0 3
35 1 19
35 3 16
35 5 12
35 6 9
35 8 5
35 9 4
35 10 9
35 12 8
35 14 6
35 16 14
35 18 9
35 21 1
35 22 2
35 26 15
35 33 9
35 34 3
36 0 2
36 1 8
36 3 10
36 4 1
36 5 4
36 7 15
36 8 14
36 9 11
36 10 4
36 11 14
36 12 1
36 14 6
36 19 11
36 20 2
36 21 20
36 23 15
36 24 20
36 25 9
36 29 6
36 32 3
37 1 3
37 3 11
37 4 1
37 7 3
37 10 19
37 17 14
37 18 15
37 19 6
37 21 2
37 22 16
37 23 3
37 25 7
37 26 14
37 27 7
37 28 5
37 30 5
37 32 4
37 33 8
37 36 12
38 1 5
38 2 13
38 4 11
38 7 5
38 8 18
38 11 19
38 12 15
38 13 15
38 17 3
38 18 7
38 21 12
38 22 19
38 26 12
38 29 2
38 30 4
38 31 16
38 33 5
39 0 5
39 3 6
39 4 9
39 6 10
39 10 12
39 12 18
39 13 6
39 16 2
39 17 18
39 18 15
39 20 6
39 21 15
39 22 10
39 23 15
39 26 12
39 27 20
39 29 6
39 32 3
39 37 12
