50
1 0 3
2 0 156
2 1 123
3 0 94
3 1 154
4 0 82
4 1 176
4 2 79
4 3 78
5 1 23
5 2 10
5 3 292
5 4 33
6 0 105
6 1 281
6 2 195
6 3 187
6 4 205
6 5 200
7 2 260
7 3 142
7 5 268
7 6 236
8 0 249
8 1 83
8 2 41
8 6 18
8 7 153
9 0 82
9 1 294
9 2 306
9 3 130
9 5 83
9 7 260
9 8 319
10 0 240
10 1 87
10 2 150
10 3 40
10 5 75
10 7 305
10 8 121
10 9 261
11 0 63
11 1 166
11 2 50
11 3 55
11 4 227
11 5 307
11 6 250
11 7 38
11 9 160
11 10 170
12 0 225
12 1 221
12 3 30
12 4 119
12 5 224
12 6 125
12 7 7
12 8 237
12 9 15
12 10 259
13 0 312
13 1 31
13 2 72
13 3 311
13 4 262
13 5 183
13 6 27
13 7 289
13 8 91
13 9 126
13 10 296
13 11 105
13 12 23
14 0 72
14 1 294
14 2 184
14 3 303
14 4 116
14 5 232
14 6 154
14 7 235
14 9 149
14 10 313
14 11 165
14 12 249
14 13 287
15 0 28
15 1 76
15 2 303
15 4 137
15 5 272
15 6 84
15 7 314
15 8 274
15 9 52
15 10 1
15 11 192
15 12 168
15 13 36
15 14 172
16 0 299
16 1 194
16 2 167
16 3 263
16 4 240
16 6 68
16 8 29
16 9 237
16 10 271
16 11 59
16 12 66
16 13 20
16 14 224
16 15 221
17 2 79
17 4 282
17 6 64
17 9 134
17 13 215
17 14 15
17 15 29
17 16 120
18 0 260
18 1 41
18 2 158
18 3 218
18 4 114
18 5 101
18 6 165
18 7 182
18 10 292
18 11 297
18 12 163
18 14 292
18 15 165
18 16 178
18 17 305
19 0 53
19 1 264
19 2 140
19 3 202
19 4 50
19 5 167
19 6 119
19 7 320
19 8 82
19 10 237
19 11 181
19 12 36
19 15 92
19 16 28
19 17 297
20 1 35
20 2 161
20 3 134
20 4 281
20 5 241
20 6 220
20 7 300
20 8 46
20 9 281
20 11 68
20 12 34
20 15 223
20 16 264
20 17 115
20 18 243
21 0 91
21 2 13
21 4 42
21 5 164
21 6 213
21 8 265
21 10 193
21 11 317
21 13 303
21 14 172
21 16 5
21 17 269
21 18 30
21 19 123
21 20 227
22 1 214
22 2 243
22 4 5
22 5 112
22 6 161
22 7 249
22 9 33
22 10 125
22 11 163
22 13 135
22 14 35
22 16 223
22 17 58
22 18 181
22 19 300
22 20 57
22 21 52
23 0 264
23 1 189
23 3 185
23 4 182
23 5 80
23 6 148
23 9 103
23 11 163
23 12 20
23 13 111
23 14 163
23 15 29
23 16 314
23 17 53
23 19 259
23 20 168
23 21 315
23 22 21
24 1 124
24 2 116
24 4 31
24 5 44
24 6 163
24 7 125
24 8 284
24 9 262
24 10 103
24 12 317
24 13 41
24 14 119
24 15 27
24 17 211
24 18 279
24 19 58
24 20 230
24 21 224
24 22 232
24 23 157
25 1 79
25 2 150
25 3 176
25 5 165
25 7 269
25 8 211
25 9 201
25 10 45
25 11 91
25 12 264
25 13 237
25 15 299
25 16 210
25 17 41
25 18 313
25 19 300
25 20 240
25 21 69
25 22 30
26 0 253
26 1 88
26 2 90
26 3 6
26 4 146
26 5 240
26 6 113
26 8 107
26 13 287
26 15 8
26 18 115
26 20 198
26 21 278
26 22 134
26 23 177
26 24 211
26 25 46
27 0 287
27 1 112
27 2 266
27 3 277
27 4 216
27 5 137
27 7 194
27 9 306
27 10 235
27 12 77
27 13 167
27 14 149
27 16 263
27 17 265
27 18 6
27 19 312
27 20 99
27 23 189
27 24 16
27 25 28
28 0 221
28 1 126
28 2 314
28 3 295
28 4 17
28 5 63
28 6 32
28 7 226
28 8 151
28 9 129
28 10 233
28 11 272
28 15 154
28 16 132
28 17 138
28 18 144
28 19 42
28 20 153
28 21 154
28 22 245
28 23 210
28 24 316
28 25 295
28 26 1
28 27 4
29 0 319
29 1 22
29 2 198
29 3 296
29 4 99
29 5 82
29 6 305
29 7 66
29 8 250
29 9 55
29 11 127
29 13 80
29 14 262
29 15 128
29 17 60
29 20 43
29 22 129
29 23 91
29 24 20
29 25 195
29 26 223
29 27 138
29 28 236
30 1 38
30 2 39
30 3 40
30 4 121
30 5 88
30 7 39
30 8 81
30 10 99
30 11 64
30 12 181
30 13 141
30 16 8
30 18 55
30 19 27
30 21 202
30 22 118
30 23 106
30 24 45
30 25 201
30 26 226
30 27 225
30 28 290
30 29 171
31 0 103
31 3 134
31 4 238
31 5 232
31 6 317
31 8 232
31 9 22
31 11 149
31 12 87
31 13 117
31 14 65
31 15 312
31 16 287
31 18 248
31 19 93
31 20 318
31 21 274
31 23 218
31 24 1
31 25 8
31 26 218
31 27 225
31 28 308
31 29 312
31 30 101
32 0 215
32 1 128
32 2 175
32 3 315
32 4 94
32 5 138
32 6 118
32 7 255
32 9 15
32 10 37
32 11 293
32 12 110
32 13 236
32 14 224
32 16 194
32 17 85
32 18 41
32 20 101
32 21 309
32 23 40
32 24 158
32 25 147
32 26 174
32 27 134
32 29 192
32 30 59
32 31 309
33 0 107
33 1 97
33 2 299
33 3 40
33 4 216
33 5 198
33 6 69
33 8 100
33 9 153
33 10 49
33 11 295
33 12 282
33 14 115
33 15 198
33 16 126
33 17 175
33 18 94
33 19 304
33 20 31
33 21 2
33 22 2
33 25 144
33 27 301
33 29 100
33 30 73
33 31 157
33 32 140
34 0 98
34 1 276
34 3 195
34 5 153
34 6 191
34 8 104
34 9 179
34 10 6
34 11 96
34 12 183
34 13 228
34 14 287
34 15 155
34 16 320
34 17 141
34 18 299
34 20 217
34 21 266
34 23 6
34 24 191
34 26 296
34 28 85
34 29 311
34 30 184
34 31 242
34 33 188
35 0 249
35 1 89
35 2 129
35 3 12
35 5 146
35 8 12
35 9 288
35 11 93
35 12 291
35 14 55
35 15 124
35 16 248
35 17 82
35 19 27
35 21 181
35 22 167
35 24 102
35 25 233
35 26 138
35 27 227
35 29 302
35 30 169
35 31 282
35 32 148
35 33 210
35 34 162
36 0 287
36 2 107
36 3 318
36 4 181
36 5 287
36 7 227
36 8 49
36 9 217
36 10 182
36 11 130
36 12 227
36 13 84
36 14 28
36 15 144
36 16 143
36 18 256
36 19 218
36 20 46
36 21 145
36 22 156
36 23 19
36 24 100
36 25 112
36 26 75
36 27 283
36 28 37
36 29 129
36 30 78
36 31 248
36 32 207
36 33 212
36 34 28
36 35 204
37 0 96
37 1 100
37 2 254
37 3 303
37 4 268
37 5 19
37 6 120
37 8 133
37 9 107
37 10 213
37 11 317
37 12 1
37 13 18
37 14 125
37 15 59
37 16 135
37 17 98
37 18 182
37 19 164
37 20 294
37 21 165
37 22 27
37 23 259
37 24 5
37 25 152
37 26 298
37 29 138
37 32 36
37 33 31
37 34 216
37 36 73
38 0 61
38 1 217
38 2 281
38 3 31
38 7 253
38 8 307
38 9 320
38 11 231
38 13 171
38 15 149
38 16 188
38 17 254
38 18 129
38 19 227
38 20 281
38 21 70
38 22 77
38 23 159
38 24 187
38 25 230
38 26 37
38 27 209
38 28 92
38 29 178
38 30 254
38 32 184
38 33 172
38 34 158
38 35 307
38 37 262
39 1 126
39 2 21
39 3 259
39 4 23
39 5 255
39 6 27
39 7 275
39 9 168
39 11 232
39 12 42
39 14 17
39 15 109
39 16 248
39 17 253
39 18 9
39 20 184
39 21 127
39 23 132
39 25 259
39 26 256
39 27 262
39 28 288
39 31 25
39 32 135
39 34 86
39 35 254
39 36 34
39 37 218
39 38 78
40 0 262
40 1 197
40 2 302
40 4 205
40 5 87
40 7 112
40 8 181
40 9 163
40 11 4
40 12 215
40 14 273
40 15 254
40 18 97
40 19 259
40 20 149
40 21 150
40 22 297
40 23 139
40 24 259
40 28 171
40 29 117
40 30 173
40 31 255
40 33 273
40 34 186
40 35 256
40 36 206
40 37 50
40 38 84
41 0 249
41 1 65
41 2 119
41 4 172
41 5 188
41 6 297
41 7 308
41 8 76
41 9 299
41 10 1
41 11 25
41 12 226
41 13 79
41 14 295
41 16 65
41 19 9
41 20 294
41 21 306
41 23 102
41 24 203
41 28 224
41 30 139
41 31 80
41 34 23
41 36 269
41 37 175
41 38 122
41 39 5
41 40 33
42 1 158
42 2 280
42 3 190
42 4 110
42 5 169
42 6 297
42 8 205
42 9 285
42 10 123
42 11 301
42 13 5
42 14 320
42 16 287
42 17 188
42 18 99
42 19 156
42 20 272
42 21 211
42 22 46
42 23 97
42 24 59
42 26 234
42 28 236
42 29 9
42 30 194
42 31 79
42 32 297
42 33 303
42 34 201
42 35 210
42 36 165
42 38 290
42 40 100
42 41 51
43 0 297
43 2 112
43 4 307
43 5 59
43 6 100
43 7 71
43 8 49
43 9 86
43 10 29
43 11 180
43 12 239
43 13 177
43 14 234
43 15 178
43 18 124
43 19 10
43 21 245
43 23 124
43 24 320
43 25 5
43 26 32
43 28 2
43 29 300
43 30 159
43 32 134
43 33 273
43 34 77
43 35 214
43 36 159
43 37 53
43 38 150
43 39 307
43 40 3
43 41 10
43 42 165
44 1 248
44 2 251
44 3 30
44 5 227
44 6 251
44 7 171
44 8 283
44 9 33
44 10 91
44 12 209
44 13 72
44 14 170
44 15 312
44 16 80
44 17 187
44 18 258
44 19 53
44 20 57
44 21 304
44 22 109
44 23 289
44 24 35
44 25 306
44 27 174
44 28 149
44 29 123
44 30 239
44 31 221
44 32 276
44 33 129
44 34 138
44 35 126
44 36 265
44 37 301
44 38 93
44 39 199
44 40 261
44 41 89
44 42 277
45 0 55
45 1 107
45 2 186
45 3 136
45 4 71
45 5 264
45 7 8
45 9 62
45 10 27
45 11 100
45 13 9
45 14 67
45 15 102
45 17 103
45 18 91
45 19 129
45 20 163
45 21 308
45 22 152
45 23 249
45 24 150
45 25 175
45 27 217
45 28 187
45 31 255
45 33 91
45 34 213
45 35 157
45 36 169
45 37 198
45 40 55
45 42 173
45 43 314
45 44 105
46 0 199
46 1 87
46 2 311
46 3 274
46 4 306
46 5 87
46 6 196
46 7 15
46 8 160
46 9 222
46 10 23
46 11 49
46 12 169
46 14 141
46 15 168
46 16 258
46 17 251
46 18 105
46 20 69
46 21 196
46 22 94
46 24 296
46 25 257
46 26 50
46 27 21
46 28 54
46 29 201
46 30 189
46 31 319
46 32 209
46 33 253
46 34 299
46 35 317
46 36 276
46 37 64
46 39 165
46 40 217
46 41 172
46 42 183
46 43 71
46 44 201
46 45 231
47 0 242
47 1 124
47 2 292
47 3 69
47 5 68
47 6 215
47 7 109
47 12 221
47 13 60
47 15 104
47 17 251
47 18 192
47 19 88
47 20 98
47 21 51
47 22 276
47 24 11
47 26 112
47 27 62
47 28 122
47 29 147
47 30 257
47 31 99
47 33 87
47 35 46
47 37 257
47 38 256
47 39 83
47 40 168
47 41 308
47 42 200
47 45 44
47 46 182
48 0 191
48 1 251
48 2 106
48 3 243
48 4 61
48 6 32
48 7 206
48 10 13
48 11 84
48 12 264
48 13 135
48 14 123
48 15 131
48 17 286
48 18 235
48 19 104
48 21 145
48 22 187
48 23 140
48 24 294
48 25 169
48 26 205
48 29 230
48 30 91
48 32 308
48 34 16
48 35 269
48 36 309
48 37 174
48 38 300
48 39 148
48 40 260
48 41 20
48 42 64
48 44 277
48 45 276
48 46 301
49 0 201
49 1 276
49 2 158
49 3 37
49 5 178
49 7 184
49 8 140
49 9 227
49 10 287
49 13 34
49 15 119
49 16 313
49 19 168
49 20 262
49 21 107
49 22 274
49 23 153
49 24 19
49 25 198
49 26 153
49 27 118
49 28 286
49 29 260
49 30 94
49 33 113
49 34 48
49 35 75
49 39 277
49 41 258
49 42 135
49 43 256
49 44 242
49 45 320
49 46 7
49 47 244
49 48 165
