50
1 0 4
2 0 10
2 1 7
3 0 1
3 2 3
4 0 9
4 2 5
4 3 6
5 0 1
5 1 6
5 3 9
5 4 5
6 0 8
6 1 5
6 2 4
6 3 8
6 4 8
7 0 3
7 1 9
7 2 3
7 3 7
7 4 7
7 5 6
7 6 10
8 0 1
8 1 9
8 2 1
8 4 6
8 5 9
8 6 7
9 0 3
9 2 8
9 3 2
9 4 2
9 5 7
9 6 10
9 7 3
9 8 10
10 0 2
10 1 5
10 2 8
10 4 4
10 5 10
10 6 9
10 7 9
10 9 6
11 0 3
11 1 3
11 2 5
11 4 7
11 5 10
11 6 7
11 7 4
11 8 4
11 9 8
11 10 3
12 0 3
12 1 7
12 2 8
12 3 10
12 4 7
12 5 5
12 6 3
12 7 8
12 8 4
12 9 4
12 10 9
12 11 9
13 1 2
13 2 9
13 3 6
13 4 7
13 5 3
13 6 7
13 7 5
13 8 4
13 11 2
13 12 4
14 0 3
14 1 6
14 2 5
14 3 9
14 4 1
14 5 8
14 6 6
14 7 9
14 8 2
14 9 6
14 10 1
14 11 3
14 12 5
14 13 1
15 0 10
15 1 3
15 2 1
15 3 3
15 4 9
15 5 10
15 6 5
15 7 4
15 8 9
15 9 9
15 10 6
15 11 10
15 13 3
15 14 6
16 0 3
16 1 3
16 3 4
16 4 5
16 5 9
16 6 4
16 8 3
16 9 4
16 10 9
16 11 7
16 12 6
16 14 8
16 15 7
17 0 8
17 1 8
17 3 5
17 4 5
17 5 4
17 6 7
17 7 2
17 9 4
17 10 5
17 11 2
17 12 4
17 13 6
17 14 6
17 15 10
17 16 3
18 0 10
18 1 9
18 2 3
18 3 6
18 4 6
18 5 10
18 6 3
18 7 10
18 8 9
18 9 4
18 10 4
18 11 1
18 12 4
18 13 6
18 14 2
18 15 6
18 16 10
18 17 6
19 0 2
19 1 10
19 2 1
19 3 8
19 4 9
19 5 2
19 6 10
19 7 3
19 8 4
19 10 5
19 11 6
19 12 9
19 13 10
19 14 5
19 15 10
19 16 10
19 17 4
19 18 5
20 0 8
20 1 6
20 2 4
20 3 4
20 4 5
20 5 5
20 6 6
20 7 4
20 8 4
20 9 6
20 10 7
20 12 8
20 14 9
20 15 1
20 17 4
20 18 9
20 19 10
21 0 4
21 1 7
21 2 9
21 3 1
21 4 9
21 5 1
21 6 2
21 7 10
21 8 1
21 9 9
21 10 6
21 12 2
21 13 6
21 14 3
21 16 7
21 17 6
21 18 6
21 19 3
21 20 4
22 0 3
22 1 8
22 2 8
22 3 4
22 4 2
22 5 10
22 6 8
22 7 1
22 8 5
22 10 8
22 12 9
22 13 7
22 14 1
22 15 10
22 16 4
22 17 1
22 18 2
22 19 5
22 20 10
22 21 8
23 0 6
23 1 3
23 2 3
23 3 1
23 4 6
23 5 2
23 7 10
23 8 7
23 10 6
23 11 5
23 13 3
23 15 3
23 16 1
23 18 8
23 20 9
23 21 7
23 22 7
24 0 1
24 2 3
24 3 9
24 4 1
24 5 8
24 7 9
24 8 10
24 9 9
24 10 10
24 11 4
24 13 3
24 14 2
24 15 8
24 16 4
24 18 7
24 19 2
24 20 3
24 21 6
24 22 6
24 23 7
25 0 9
25 1 3
25 2 5
25 3 2
25 4 10
25 6 4
25 7 5
25 8 3
25 9 1
25 10 4
25 11 4
25 12 8
25 13 5
25 14 5
25 15 4
25 16 3
25 17 5
25 19 1
25 21 9
25 22 6
25 23 2
25 24 4
26 1 9
26 3 5
26 4 5
26 5 3
26 6 8
26 7 6
26 8 7
26 9 6
26 10 8
26 11 4
26 13 10
26 14 2
26 15 2
26 16 3
26 17 10
26 18 4
26 19 6
26 20 4
26 21 2
26 22 9
26 23 8
26 24 7
27 0 10
27 1 6
27 2 9
27 4 10
27 6 7
27 7 1
27 8 10
27 9 4
27 10 10
27 11 3
27 12 4
27 13 7
27 15 6
27 16 1
27 17 10
27 19 10
27 20 6
27 21 3
27 22 4
27 23 9
27 24 8
27 25 8
27 26 3
28 0 5
28 1 3
28 2 1
28 3 2
28 4 8
28 5 7
28 7 6
28 8 8
28 9 2
28 10 7
28 11 5
28 12 3
28 13 7
28 14 7
28 15 5
28 16 4
28 17 4
28 18 3
28 19 7
28 20 6
28 21 3
28 22 5
28 25 9
28 26 4
28 27 1
29 0 5
29 1 10
29 2 10
29 3 7
29 4 4
29 5 8
29 6 4
29 7 7
29 8 4
29 9 2
29 10 1
29 11 5
29 12 2
29 13 9
29 14 8
29 15 2
29 16 2
29 17 6
29 18 10
29 20 8
29 21 2
29 22 2
29 24 6
29 25 2
29 26 5
29 27 6
29 28 6
30 0 4
30 1 2
30 2 8
30 3 8
30 5 10
30 6 1
30 7 9
30 8 5
30 9 10
30 10 7
30 11 1
30 12 6
30 14 4
30 15 2
30 16 9
30 17 4
30 18 10
30 20 10
30 22 10
30 23 2
30 25 9
30 26 6
30 27 8
30 28 8
30 29 7
31 0 5
31 1 5
31 2 3
31 3 5
31 4 4
31 6 6
31 7 9
31 8 7
31 9 5
31 10 8
31 11 5
31 12 2
31 13 2
31 14 7
31 15 10
31 16 2
31 17 3
31 18 9
31 19 8
31 20 7
31 21 4
31 22 2
31 23 1
31 24 5
31 25 10
31 26 1
31 27 5
31 28 8
31 29 10
31 30 5
32 0 6
32 1 2
32 2 1
32 3 6
32 4 9
32 5 3
32 6 1
32 7 7
32 9 2
32 10 5
32 11 5
32 12 8
32 13 1
32 14 10
32 15 4
32 16 5
32 17 5
32 18 7
32 19 5
32 20 1
32 21 8
32 22 4
32 23 1
32 24 5
32 25 2
32 26 4
32 27 6
32 28 9
32 29 8
32 30 10
32 31 1
33 0 3
33 1 6
33 2 2
33 3 3
33 4 1
33 5 10
33 6 6
33 7 7
33 8 6
33 9 10
33 10 5
33 11 1
33 12 10
33 13 2
33 15 5
33 16 3
33 17 5
33 18 2
33 19 10
33 20 9
33 21 3
33 22 5
33 23 8
33 24 8
33 25 8
33 26 8
33 27 4
33 28 8
33 29 7
33 30 7
33 31 9
33 32 4
34 0 1
34 1 9
34 2 7
34 3 3
34 4 3
34 5 4
34 6 7
34 7 4
34 8 4
34 9 10
34 10 8
34 11 6
34 12 6
34 13 1
34 14 3
34 15 6
34 16 2
34 17 6
34 18 10
34 19 6
34 20 9
34 21 2
34 22 5
34 23 10
34 25 2
34 26 5
34 27 1
34 28 8
34 29 8
34 30 1
34 31 9
34 33 7
35 0 4
35 1 1
35 2 8
35 3 5
35 4 1
35 5 7
35 6 6
35 7 5
35 9 3
35 10 5
35 11 3
35 12 5
35 13 2
35 14 7
35 15 10
35 16 3
35 17 7
35 18 8
35 19 1
35 20 9
35 21 3
35 22 1
35 23 1
35 24 1
35 25 7
35 26 3
35 27 1
35 28 6
35 29 10
35 30 6
35 31 9
35 32 3
35 33 5
36 0 3
36 1 8
36 3 8
36 4 2
36 5 10
36 6 4
36 7 9
36 8 4
36 9 4
36 10 4
36 11 6
36 12 9
36 13 2
36 14 3
36 16 3
36 17 2
36 18 2
36 19 10
36 20 9
36 21 3
36 22 7
36 23 6
36 25 9
36 26 4
36 28 1
36 29 2
36 30 3
36 31 4
36 32 6
36 33 8
36 34 8
36 35 4
37 0 9
37 1 6
37 2 3
37 3 10
37 4 7
37 5 2
37 6 4
37 7 10
37 8 9
37 9 7
37 10 8
37 11 4
37 12 4
37 14 8
37 15 8
37 16 9
37 17 9
37 19 9
37 21 6
37 22 6
37 23 6
37 24 7
37 25 8
37 26 8
37 28 8
37 29 9
37 30 5
37 31 8
37 32 7
37 33 10
37 34 7
37 35 8
37 36 3
38 0 1
38 1 7
38 2 9
38 3 6
38 4 1
38 5 1
38 7 5
38 8 2
38 9 8
38 10 2
38 11 2
38 12 5
38 13 2
38 14 5
38 15 5
38 16 7
38 17 1
38 18 3
38 19 8
38 20 5
38 21 7
38 22 6
38 24 1
38 25 9
38 26 8
38 27 3
38 28 6
38 29 8
38 30 4
38 31 8
38 32 4
38 33 8
38 34 6
38 35 5
38 36 3
38 37 7
39 0 6
39 2 1
39 3 2
39 4 9
39 5 2
39 6 6
39 7 1
39 8 10
39 9 10
39 10 7
39 11 6
39 13 4
39 15 3
39 16 4
39 17 7
39 18 3
39 19 3
39 20 9
39 21 9
39 24 4
39 25 6
39 26 7
39 28 8
39 29 10
39 30 4
39 31 8
39 32 7
39 33 7
39 34 4
39 35 2
39 36 1
39 37 6
39 38 2
40 0 4
40 1 2
40 2 6
40 3 7
40 4 4
40 5 1
40 6 8
40 7 10
40 8 1
40 9 5
40 10 1
40 11 6
40 12 10
40 13 8
40 14 2
40 15 5
40 16 10
40 17 2
40 18 10
40 19 1
40 20 4
40 21 9
40 23 6
40 24 10
40 25 10
40 26 5
40 28 9
40 29 6
40 30 6
40 31 2
40 32 8
40 33 2
40 34 10
40 35 10
40 36 10
40 37 9
40 38 3
40 39 2
41 0 4
41 1 2
41 2 2
41 4 2
41 5 7
41 6 4
41 7 5
41 8 5
41 9 4
41 10 7
41 11 8
41 12 8
41 13 2
41 15 6
41 16 1
41 17 5
41 18 9
41 19 6
41 20 1
41 21 1
41 22 7
41 23 9
41 24 3
41 25 4
41 26 10
41 27 9
41 28 6
41 29 10
41 30 5
41 31 1
41 32 10
41 33 4
41 34 2
41 35 9
41 37 2
41 38 6
41 39 3
41 40 1
42 0 7
42 1 6
42 2 3
42 3 7
42 4 2
42 5 10
42 6 7
42 7 1
42 8 9
42 9 5
42 10 7
42 11 6
42 12 5
42 13 8
42 14 10
42 15 10
42 17 1
42 18 4
42 19 1
42 20 2
42 22 4
42 23 8
42 24 3
42 25 5
42 26 2
42 27 4
42 28 9
42 30 4
42 31 3
42 32 2
42 34 6
42 35 10
42 36 8
42 37 6
42 38 5
42 40 7
42 41 10
43 0 4
43 1 1
43 3 6
43 6 1
43 8 3
43 9 1
43 10 3
43 11 2
43 12 5
43 14 10
43 15 2
43 17 6
43 18 2
43 19 4
43 20 10
43 21 7
43 22 1
43 23 8
43 24 1
43 25 6
43 26 4
43 27 10
43 28 7
43 29 1
43 30 7
43 31 7
43 32 3
43 33 2
43 34 10
43 35 7
43 36 7
43 37 7
43 38 9
43 39 10
43 41 3
43 42 7
44 0 4
44 1 3
44 2 1
44 3 10
44 4 9
44 5 10
44 6 7
44 7 6
44 8 3
44 10 9
44 12 2
44 13 6
44 14 7
44 15 9
44 16 5
44 17 7
44 18 6
44 19 4
44 20 4
44 21 2
44 22 4
44 23 10
44 24 3
44 25 5
44 26 4
44 27 6
44 28 2
44 29 5
44 30 10
44 31 6
44 32 10
44 35 9
44 36 6
44 37 9
44 39 9
44 40 2
44 41 9
44 42 1
44 43 1
45 0 9
45 1 4
45 2 4
45 3 9
45 4 10
45 5 10
45 6 6
45 7 9
45 8 2
45 9 5
45 10 1
45 12 3
45 13 10
45 14 6
45 15 10
45 16 7
45 19 3
45 20 10
45 21 1
45 22 7
45 24 6
45 25 3
45 26 2
45 27 8
45 28 2
45 29 2
45 30 9
45 31 6
45 32 1
45 34 8
45 35 9
45 36 2
45 37 1
45 40 6
45 41 3
45 42 3
45 43 8
45 44 10
46 0 10
46 1 3
46 2 8
46 4 8
46 5 7
46 6 7
46 7 10
46 8 2
46 9 10
46 10 2
46 11 1
46 12 3
46 13 4
46 14 6
46 15 6
46 16 9
46 17 7
46 18 1
46 19 8
46 20 8
46 21 3
46 22 6
46 23 4
46 24 2
46 25 10
46 26 4
46 27 7
46 28 4
46 29 1
46 30 10
46 31 7
46 32 4
46 34 7
46 35 5
46 36 4
46 37 4
46 38 4
46 39 6
46 40 8
46 41 8
46 42 10
46 43 5
46 44 5
46 45 10
47 0 10
47 1 5
47 2 9
47 3 2
47 4 4
47 5 3
47 6 3
47 7 6
47 8 10
47 9 7
47 10 2
47 11 1
47 12 9
47 13 3
47 14 7
47 15 1
47 16 10
47 17 3
47 19 3
47 20 1
47 21 7
47 22 7
47 23 8
47 24 1
47 25 8
47 26 6
47 28 3
47 29 7
47 30 3
47 31 6
47 32 7
47 33 3
47 34 3
47 35 10
47 36 7
47 37 7
47 38 6
47 39 5
47 40 4
47 41 5
47 42 6
47 43 4
47 44 7
47 46 3
48 0 8
48 2 9
48 3 9
48 4 5
48 5 1
48 7 1
48 8 7
48 9 7
48 10 2
48 11 10
48 12 10
48 13 3
48 14 1
48 15 10
48 16 5
48 17 6
48 18 5
48 19 1
48 20 6
48 21 4
48 22 5
48 23 9
48 24 7
48 25 10
48 26 6
48 27 8
48 28 5
48 29 3
48 30 5
48 31 1
48 32 7
48 34 1
48 35 1
48 36 2
48 37 6
48 38 5
48 39 3
48 40 6
48 41 8
48 42 8
48 43 6
48 44 4
48 45 1
48 46 4
48 47 2
49 0 9
49 1 9
49 2 10
49 3 10
49 4 3
49 5 7
49 6 1
49 7 9
49 8 2
49 9 5
49 10 8
49 11 9
49 12 2
49 13 8
49 14 6
49 15 8
49 16 4
49 17 2
49 18 2
49 20 10
49 21 4
49 22 1
49 24 6
49 25 5
49 26 9
49 27 9
49 28 10
49 29 7
49 30 5
49 31 9
49 32 4
49 33 2
49 34 7
49 35 8
49 36 10
49 37 1
49 38 3
49 39 2
49 41 1
49 42 10
49 43 7
49 44 2
49 45 4
49 46 8
49 47 7
49 48 5
