70
2 0 4
2 1 8
3 0 5
3 1 7
3 2 9
4 0 3
4 1 9
5 0 9
5 2 5
6 1 9
6 2 3
6 3 9
6 5 1
7 0 2
7 3 5
7 4 2
8 0 10
8 3 9
8 6 4
8 7 7
9 1 4
9 3 6
9 4 1
9 7 9
9 8 5
10 0 5
10 2 10
10 3 8
10 4 3
10 6 10
10 7 3
10 8 3
10 9 7
11 0 8
11 2 4
11 3 7
11 4 8
11 5 5
11 7 8
11 8 5
11 9 9
11 10 4
12 0 9
12 2 6
12 4 6
12 5 3
12 7 10
12 8 8
12 9 5
12 10 2
12 11 8
13 1 10
13 2 10
13 3 10
13 4 1
13 7 8
13 8 6
13 10 7
13 11 1
13 12 2
14 1 8
14 2 2
14 4 1
14 5 9
14 6 7
14 7 4
14 8 10
14 9 2
14 10 4
14 11 1
14 12 10
15 0 7
15 1 3
15 2 4
15 3 2
15 6 2
15 7 7
15 9 4
15 11 4
15 12 8
16 0 9
16 1 4
16 2 7
16 4 7
16 6 7
16 7 6
16 11 9
16 12 1
16 13 3
16 14 4
17 4 8
17 6 3
17 8 4
17 10 10
17 11 7
17 12 1
17 15 10
18 0 7
18 1 5
18 3 5
18 4 10
18 5 7
18 6 5
18 7 10
18 8 5
18 9 6
18 11 1
18 14 1
18 16 6
19 2 3
19 5 1
19 6 5
19 8 8
19 9 2
19 11 1
19 12 7
19 14 1
19 15 6
19 17 6
19 18 6
20 0 9
20 2 2
20 3 2
20 5 9
20 6 10
20 7 3
20 8 2
20 10 7
20 12 2
20 15 4
20 17 8
20 19 4
21 0 6
21 1 4
21 2 9
21 3 1
21 4 4
21 5 6
21 6 5
21 7 7
21 10 9
21 11 5
21 12 5
21 13 8
21 14 5
21 15 1
21 18 5
21 19 7
21 20 2
22 0 3
22 1 7
22 2 3
22 3 3
22 4 4
22 5 10
22 7 9
22 8 10
22 9 10
22 10 8
22 13 4
22 15 5
22 17 1
22 20 6
22 21 8
23 0 5
23 1 6
23 2 9
23 4 1
23 6 2
23 7 6
23 8 1
23 9 6
23 10 2
23 11 3
23 13 2
23 15 3
23 17 1
23 18 5
23 19 3
23 20 1
24 1 4
24 8 6
24 10 4
24 12 10
24 13 2
24 14 4
24 15 4
24 16 10
24 18 3
24 19 7
24 20 8
24 21 8
24 22 8
24 23 3
25 0 3
25 1 3
25 5 6
25 6 3
25 9 2
25 10 6
25 11 5
25 12 8
25 14 7
25 15 8
25 16 2
25 18 6
25 19 4
25 20 5
25 21 7
25 22 9
25 23 6
26 1 10
26 2 2
26 3 3
26 4 8
26 5 6
26 6 9
26 7 9
26 8 10
26 9 7
26 10 10
26 11 2
26 12 7
26 14 9
26 15 3
26 16 8
26 17 3
26 18 4
26 19 2
26 20 1
26 21 1
26 23 9
26 24 3
27 1 4
27 2 10
27 4 6
27 6 9
27 8 6
27 11 7
27 12 3
27 13 5
27 15 8
27 16 2
27 18 3
27 19 7
27 22 6
27 24 6
27 25 5
27 26 4
28 1 9
28 3 2
28 5 2
28 6 2
28 7 2
28 8 2
28 9 10
28 11 3
28 14 4
28 16 5
28 18 9
28 19 8
28 20 7
28 21 9
28 23 3
28 24 9
28 25 7
28 26 2
29 0 3
29 1 4
29 2 7
29 3 3
29 4 4
29 5 4
29 6 2
29 7 4
29 8 8
29 12 5
29 13 6
29 14 4
29 15 4
29 16 1
29 17 5
29 19 2
29 20 2
29 23 10
29 24 8
29 25 10
29 28 7
30 0 4
30 2 1
30 3 3
30 5 2
30 7 5
30 8 7
30 9 7
30 10 1
30 11 10
30 13 6
30 14 8
30 15 9
30 16 1
30 17 6
30 18 3
30 20 10
30 24 9
30 26 2
30 27 3
30 28 8
31 1 9
31 6 6
31 7 7
31 8 5
31 9 5
31 10 7
31 12 6
31 13 3
31 14 7
31 15 1
31 16 3
31 17 8
31 18 9
31 19 4
31 20 10
31 21 9
31 22 8
31 23 1
31 27 4
32 0 9
32 1 5
32 2 5
32 3 5
32 4 7
32 5 1
32 6 6
32 7 7
32 8 6
32 9 9
32 10 6
32 11 6
32 12 7
32 14 10
32 15 2
32 17 7
32 21 10
32 22 7
32 23 7
32 24 7
32 25 5
32 26 6
32 27 2
32 29 10
32 30 8
32 31 4
33 0 1
33 4 1
33 5 8
33 8 4
33 9 2
33 10 8
33 11 10
33 12 5
33 14 8
33 15 10
33 16 7
33 18 5
33 19 9
33 20 4
33 21 10
33 22 2
33 23 7
33 24 5
33 25 6
33 26 5
33 30 7
33 31 6
33 32 3
34 0 5
34 1 6
34 2 2
34 3 6
34 4 8
34 5 1
34 6 9
34 8 3
34 10 6
34 12 10
34 13 10
34 14 6
34 15 1
34 16 8
34 18 7
34 20 8
34 24 6
34 25 1
34 26 7
34 27 8
34 28 8
34 29 6
34 30 4
34 31 7
34 33 2
35 0 8
35 1 10
35 2 8
35 3 10
35 4 10
35 6 1
35 7 2
35 10 1
35 13 3
35 14 3
35 15 8
35 17 5
35 20 2
35 21 8
35 22 8
35 23 8
35 26 8
35 27 6
35 28 4
35 29 1
35 30 9
35 31 8
35 33 1
35 34 2
36 0 8
36 3 6
36 4 7
36 5 3
36 7 7
36 9 5
36 10 9
36 11 9
36 16 7
36 17 10
36 20 3
36 21 3
36 22 9
36 23 2
36 24 4
36 26 4
36 32 9
36 35 4
37 0 9
37 1 4
37 3 5
37 4 4
37 5 9
37 6 4
37 8 5
37 11 7
37 15 7
37 16 6
37 17 5
37 18 4
37 19 4
37 21 9
37 22 3
37 23 5
37 24 3
37 25 10
37 26 1
37 27 4
37 28 9
37 29 2
37 30 6
37 31 1
37 32 7
37 33 7
37 36 5
38 0 4
38 1 3
38 2 4
38 4 10
38 5 6
38 6 4
38 7 8
38 8 8
38 9 2
38 10 8
38 11 5
38 12 4
38 13 5
38 14 4
38 15 6
38 18 8
38 20 3
38 21 5
38 22 10
38 23 4
38 24 10
38 29 10
38 30 3
38 31 2
38 33 4
38 34 5
38 35 1
39 1 2
39 2 3
39 3 1
39 4 6
39 5 7
39 6 3
39 7 8
39 9 7
39 12 10
39 13 7
39 14 8
39 18 9
39 19 6
39 20 1
39 21 1
39 22 4
39 23 4
39 24 10
39 25 8
39 26 5
39 27 2
39 28 1
39 30 8
39 32 9
39 33 4
39 34 1
39 35 8
39 36 3
39 37 3
39 38 2
40 0 2
40 2 7
40 3 6
40 4 1
40 5 3
40 6 7
40 9 9
40 11 7
40 14 2
40 15 5
40 16 4
40 17 4
40 23 7
40 24 5
40 25 9
40 26 6
40 27 2
40 30 10
40 31 4
40 32 2
40 36 8
40 37 1
40 38 7
40 39 5
41 0 6
41 2 5
41 3 9
41 4 4
41 5 5
41 7 4
41 8 1
41 10 1
41 12 3
41 13 10
41 15 6
41 17 6
41 18 7
41 19 2
41 20 1
41 21 2
41 23 9
41 24 5
41 25 10
41 26 10
41 27 2
41 28 6
41 31 6
41 33 9
41 36 3
41 38 10
41 39 3
41 40 7
42 0 9
42 2 3
42 5 1
42 7 6
42 8 4
42 9 2
42 11 4
42 12 5
42 13 9
42 14 2
42 15 2
42 17 9
42 18 6
42 19 3
42 21 7
42 22 6
42 23 5
42 24 9
42 26 3
42 28 4
42 29 1
42 30 1
42 31 8
42 32 3
42 33 7
42 34 7
42 35 4
42 39 3
42 40 6
42 41 3
43 2 8
43 3 4
43 4 8
43 5 7
43 6 4
43 7 3
43 8 7
43 9 10
43 10 9
43 11 3
43 12 3
43 13 2
43 14 4
43 15 1
43 19 4
43 21 2
43 23 7
43 24 9
43 25 5
43 26 8
43 27 7
43 28 4
43 29 4
43 30 8
43 34 9
43 36 4
43 37 5
43 39 1
43 40 2
43 41 2
43 42 5
44 0 5
44 1 3
44 2 5
44 3 4
44 5 4
44 7 3
44 10 8
44 11 6
44 12 9
44 14 5
44 16 10
44 17 6
44 18 7
44 19 8
44 20 9
44 21 8
44 22 9
44 23 7
44 24 9
44 25 9
44 27 10
44 28 9
44 29 3
44 31 5
44 32 5
44 33 4
44 34 1
44 35 7
44 37 8
44 38 3
44 39 1
44 40 1
44 42 10
45 0 9
45 1 2
45 2 8
45 3 9
45 4 3
45 5 9
45 6 1
45 7 5
45 9 1
45 10 2
45 12 9
45 13 1
45 14 9
45 15 3
45 16 9
45 17 3
45 18 9
45 19 5
45 20 1
45 21 6
45 22 6
45 23 1
45 24 1
45 25 2
45 26 2
45 27 10
45 29 10
45 30 1
45 31 1
45 33 8
45 34 1
45 35 10
45 36 10
45 38 8
45 39 1
45 41 4
45 42 1
46 0 7
46 1 3
46 2 5
46 3 2
46 4 6
46 5 7
46 6 8
46 8 8
46 9 7
46 10 2
46 12 7
46 13 3
46 14 10
46 15 1
46 16 5
46 17 5
46 18 5
46 19 10
46 20 1
46 21 5
46 22 8
46 23 2
46 27 1
46 30 3
46 31 5
46 32 1
46 33 5
46 35 10
46 37 2
46 38 1
46 39 7
46 42 5
46 43 7
47 1 9
47 2 10
47 4 9
47 7 7
47 8 1
47 9 3
47 11 4
47 14 8
47 15 10
47 16 6
47 18 4
47 19 3
47 21 5
47 22 10
47 23 7
47 24 3
47 25 6
47 26 3
47 27 8
47 29 9
47 31 8
47 32 1
47 33 10
47 34 9
47 36 1
47 37 5
47 39 3
47 42 4
47 44 4
47 45 7
48 0 2
48 2 10
48 3 6
48 4 7
48 6 3
48 7 8
48 9 7
48 10 7
48 11 5
48 12 6
48 13 5
48 14 6
48 16 3
48 18 3
48 20 4
48 21 3
48 22 2
48 23 1
48 24 3
48 26 8
48 27 6
48 28 3
48 32 10
48 33 10
48 34 1
48 36 6
48 38 10
48 39 9
48 40 2
48 41 8
48 42 1
48 43 8
48 46 9
49 0 10
49 4 5
49 5 2
49 6 10
49 8 6
49 9 6
49 10 4
49 12 10
49 13 9
49 14 5
49 15 1
49 16 8
49 17 2
49 18 3
49 19 8
49 20 5
49 21 10
49 24 3
49 26 8
49 28 4
49 30 4
49 31 8
49 32 7
49 35 10
49 36 6
49 37 1
49 38 7
49 39 3
49 40 6
49 41 7
49 42 4
49 43 3
49 45 8
49 46 6
49 47 7
49 48 7
50 0 7
50 2 2
50 3 4
50 4 5
50 5 6
50 6 10
50 7 6
50 9 5
50 10 8
50 11 9
50 12 6
50 13 10
50 16 4
50 18 1
50 19 5
50 20 5
50 21 4
50 22 7
50 23 8
50 25 9
50 27 1
50 28 6
50 29 10
50 30 4
50 31 3
50 32 4
50 34 4
50 36 10
50 37 1
50 38 6
50 39 9
50 41 8
50 42 7
50 43 4
50 45 1
50 47 6
50 48 4
50 49 1
51 0 8
51 1 4
51 3 3
51 5 8
51 7 5
51 9 2
51 10 9
51 12 6
51 14 8
51 16 6
51 17 4
51 18 7
51 20 4
51 21 7
51 23 8
51 25 5
51 29 7
51 30 6
51 31 1
51 32 3
51 35 10
51 37 3
51 38 10
51 39 8
51 41 4
51 42 2
51 44 9
51 45 5
51 46 10
51 47 3
51 48 3
51 49 5
51 50 7
52 0 4
52 2 10
52 3 10
52 4 3
52 5 10
52 6 3
52 7 8
52 8 3
52 9 10
52 10 2
52 11 6
52 12 6
52 13 5
52 14 3
52 15 2
52 16 1
52 20 6
52 21 1
52 22 8
52 23 5
52 25 9
52 26 5
52 27 9
52 29 10
52 30 3
52 31 1
52 32 9
52 33 6
52 34 8
52 35 1
52 36 4
52 37 6
52 38 10
52 39 10
52 41 1
52 42 9
52 43 10
52 44 9
52 45 1
52 46 10
52 47 1
52 48 8
52 49 1
52 50 9
52 51 9
53 0 8
53 1 5
53 3 8
53 4 1
53 6 6
53 8 6
53 9 4
53 10 9
53 11 10
53 12 1
53 13 9
53 14 3
53 15 5
53 16 9
53 17 2
53 20 7
53 22 1
53 25 4
53 26 1
53 27 5
53 28 2
53 29 1
53 30 1
53 32 6
53 34 2
53 35 6
53 36 10
53 37 7
53 41 8
53 43 5
53 44 3
53 46 8
53 47 10
53 48 9
53 49 10
53 51 4
53 52 4
54 2 5
54 4 10
54 5 1
54 6 8
54 7 9
54 8 5
54 9 6
54 10 10
54 11 3
54 13 5
54 14 9
54 15 8
54 16 4
54 17 1
54 20 5
54 21 1
54 23 3
54 24 7
54 25 3
54 26 2
54 27 7
54 28 9
54 29 2
54 30 10
54 31 1
54 32 6
54 33 2
54 34 4
54 36 2
54 37 5
54 42 4
54 44 5
54 46 8
54 48 9
54 50 4
54 51 8
54 52 7
54 53 5
55 0 6
55 1 6
55 2 10
55 3 1
55 4 10
55 5 4
55 6 8
55 7 4
55 8 7
55 9 2
55 10 6
55 11 6
55 12 10
55 14 10
55 15 1
55 17 8
55 19 2
55 20 3
55 21 6
55 22 7
55 23 2
55 24 1
55 25 7
55 26 8
55 33 4
55 34 5
55 35 6
55 36 5
55 38 6
55 39 9
55 41 8
55 42 3
55 43 1
55 44 9
55 46 4
55 47 6
55 48 4
55 51 1
55 52 6
55 53 10
55 54 8
56 0 3
56 2 7
56 3 7
56 5 2
56 6 7
56 7 1
56 9 1
56 11 6
56 12 7
56 13 7
56 14 9
56 15 3
56 18 8
56 19 8
56 22 8
56 23 5
56 24 6
56 26 7
56 27 3
56 28 6
56 29 2
56 36 7
56 37 10
56 41 6
56 42 3
56 43 8
56 44 7
56 45 8
56 46 3
56 47 6
56 48 7
56 49 3
56 50 8
56 51 7
56 52 7
56 53 3
56 55 8
57 1 10
57 4 1
57 5 10
57 6 9
57 9 3
57 10 8
57 11 5
57 12 4
57 13 2
57 14 2
57 16 10
57 17 9
57 18 8
57 20 5
57 21 6
57 22 4
57 23 2
57 24 7
57 25 10
57 26 2
57 27 8
57 29 1
57 30 9
57 31 7
57 32 3
57 34 4
57 35 8
57 36 5
57 37 3
57 39 4
57 42 5
57 43 4
57 44 6
57 47 4
57 48 3
57 49 3
57 50 6
57 51 8
57 53 5
57 55 2
58 0 1
58 1 7
58 2 2
58 3 10
58 5 6
58 9 4
58 10 1
58 13 7
58 15 3
58 17 7
58 19 1
58 21 5
58 22 10
58 25 9
58 26 2
58 27 8
58 28 5
58 29 2
58 31 4
58 32 8
58 33 3
58 34 6
58 35 5
58 37 10
58 38 3
58 41 8
58 42 1
58 43 8
58 46 2
58 47 4
58 48 5
58 49 6
58 50 2
58 51 9
58 52 4
58 54 9
58 55 2
58 56 9
59 0 3
59 1 10
59 2 10
59 6 7
59 7 10
59 8 7
59 9 8
59 10 4
59 11 2
59 12 10
59 13 1
59 14 1
59 15 7
59 16 3
59 17 2
59 18 1
59 19 4
59 20 6
59 21 8
59 22 7
59 23 10
59 24 8
59 25 2
59 26 7
59 28 4
59 29 8
59 30 8
59 32 7
59 34 7
59 35 2
59 36 5
59 37 1
59 38 5
59 39 1
59 40 1
59 41 7
59 43 6
59 44 5
59 45 5
59 46 5
59 47 4
59 49 4
59 50 4
59 51 8
59 53 2
59 58 3
60 0 6
60 1 10
60 2 3
60 3 9
60 4 9
60 5 5
60 7 7
60 9 7
60 12 3
60 13 6
60 14 1
60 15 2
60 16 1
60 18 9
60 19 4
60 20 2
60 22 3
60 23 10
60 26 6
60 27 9
60 28 7
60 29 4
60 32 9
60 34 2
60 35 7
60 36 9
60 37 2
60 38 8
60 39 6
60 40 6
60 41 8
60 43 9
60 44 9
60 45 6
60 46 6
60 48 9
60 50 7
60 55 4
60 56 1
60 57 4
60 59 3
61 2 7
61 3 1
61 4 8
61 6 8
61 8 5
61 9 5
61 10 8
61 11 9
61 13 9
61 14 2
61 15 3
61 16 6
61 17 6
61 18 2
61 19 3
61 20 6
61 22 1
61 27 6
61 29 2
61 30 4
61 31 8
61 32 8
61 35 6
61 37 10
61 38 7
61 39 7
61 40 3
61 41 10
61 42 3
61 45 8
61 46 1
61 48 8
61 49 6
61 50 3
61 51 9
61 52 9
61 54 4
61 55 8
61 56 8
61 58 9
61 59 6
61 60 3
62 0 2
62 1 9
62 2 10
62 3 2
62 4 7
62 5 6
62 6 4
62 8 6
62 9 4
62 10 5
62 11 3
62 12 10
62 13 3
62 15 10
62 17 2
62 18 10
62 19 6
62 21 8
62 22 1
62 23 7
62 24 2
62 25 1
62 28 1
62 29 9
62 30 2
62 31 1
62 32 6
62 33 6
62 35 5
62 36 4
62 37 2
62 38 10
62 39 10
62 40 9
62 41 1
62 42 9
62 43 10
62 44 6
62 45 2
62 46 8
62 48 1
62 49 7
62 50 4
62 51 9
62 52 9
62 53 8
62 54 6
62 55 10
62 57 9
62 58 2
62 60 9
62 61 8
63 0 5
63 1 3
63 2 5
63 3 9
63 5 3
63 6 4
63 7 1
63 8 6
63 9 6
63 13 4
63 14 8
63 15 6
63 16 5
63 18 10
63 20 7
63 21 4
63 22 9
63 23 2
63 24 1
63 26 10
63 27 10
63 28 8
63 29 7
63 31 1
63 32 7
63 35 7
63 36 9
63 37 2
63 41 2
63 42 7
63 43 6
63 44 5
63 45 3
63 47 9
63 49 7
63 50 9
63 51 8
63 53 5
63 54 6
63 55 1
63 56 8
63 57 8
63 58 2
63 59 9
63 60 8
63 61 8
63 62 9
64 0 6
64 1 10
64 2 7
64 3 8
64 4 8
64 6 7
64 7 1
64 8 5
64 9 4
64 10 5
64 11 3
64 12 3
64 16 2
64 17 9
64 18 3
64 19 2
64 22 3
64 24 3
64 25 7
64 26 2
64 27 9
64 28 9
64 29 10
64 30 5
64 31 1
64 32 6
64 33 10
64 34 10
64 35 2
64 36 5
64 37 6
64 38 8
64 40 6
64 41 5
64 42 6
64 43 6
64 44 8
64 46 10
64 48 7
64 49 8
64 50 1
64 57 10
64 58 3
64 59 3
64 63 7
65 1 8
65 2 4
65 3 2
65 4 6
65 7 10
65 9 4
65 10 8
65 11 6
65 12 10
65 14 4
65 15 8
65 18 2
65 19 1
65 22 10
65 23 2
65 24 7
65 26 10
65 29 1
65 30 2
65 31 1
65 32 10
65 33 8
65 35 5
65 37 6
65 38 10
65 39 1
65 41 7
65 42 10
65 43 1
65 44 8
65 45 3
65 46 4
65 47 1
65 49 6
65 50 3
65 51 2
65 52 4
65 53 9
65 55 1
65 56 10
65 57 5
65 59 10
65 60 6
65 61 8
65 62 1
65 63 5
65 64 6
66 0 6
66 1 8
66 2 6
66 3 10
66 4 7
66 6 7
66 7 6
66 8 2
66 10 2
66 11 6
66 12 9
66 13 10
66 14 7
66 15 2
66 16 2
66 17 2
66 18 4
66 19 2
66 20 1
66 21 7
66 22 1
66 24 10
66 26 9
66 27 10
66 28 10
66 29 6
66 30 9
66 32 10
66 33 9
66 34 5
66 35 7
66 37 2
66 38 7
66 40 3
66 42 8
66 43 8
66 44 2
66 45 6
66 46 8
66 47 2
66 48 2
66 49 8
66 50 10
66 51 1
66 52 6
66 53 7
66 54 6
66 55 2
66 56 7
66 57 7
66 58 6
66 59 7
66 60 4
66 61 8
66 62 7
67 2 5
67 3 3
67 4 4
67 5 4
67 8 4
67 9 2
67 10 7
67 11 8
67 15 3
67 16 4
67 17 8
67 20 4
67 22 6
67 23 4
67 25 9
67 26 4
67 27 3
67 28 10
67 30 10
67 31 10
67 32 9
67 34 2
67 35 4
67 37 10
67 39 1
67 40 1
67 41 5
67 42 3
67 43 8
67 45 1
67 46 3
67 48 2
67 49 9
67 51 8
67 52 8
67 53 6
67 54 1
67 55 3
67 57 5
67 59 8
67 60 10
67 62 2
67 63 10
67 64 3
67 65 8
67 66 4
68 0 9
68 1 6
68 2 10
68 3 3
68 6 5
68 9 10
68 10 3
68 12 6
68 14 1
68 15 7
68 17 8
68 18 3
68 19 5
68 20 4
68 21 7
68 22 1
68 23 3
68 24 8
68 25 1
68 26 2
68 27 10
68 28 6
68 31 9
68 32 6
68 33 7
68 34 7
68 35 5
68 36 1
68 38 9
68 39 3
68 41 1
68 42 5
68 43 9
68 46 3
68 49 3
68 50 10
68 51 7
68 52 2
68 54 1
68 56 9
68 57 2
68 60 3
68 61 3
68 62 2
68 64 10
68 65 9
68 66 8
69 0 7
69 3 5
69 4 2
69 7 4
69 8 5
69 9 5
69 10 1
69 11 9
69 13 10
69 14 5
69 15 3
69 17 1
69 18 6
69 19 5
69 20 8
69 22 5
69 23 6
69 24 6
69 26 9
69 27 3
69 28 8
69 30 5
69 31 4
69 33 3
69 34 4
69 35 7
69 36 10
69 37 9
69 39 4
69 40 3
69 41 3
69 42 6
69 44 4
69 45 9
69 46 1
69 47 9
69 48 3
69 49 2
69 50 8
69 51 6
69 52 6
69 56 5
69 57 1
69 58 9
69 59 5
69 60 8
69 61 5
69 62 10
69 63 8
69 65 9
69 66 3
69 67 9
