50
1 0 130
4 0 131
4 1 78
4 2 141
4 3 144
5 0 140
5 4 58
6 0 29
6 5 114
7 1 7
7 2 104
7 4 9
8 0 16
8 1 40
8 3 128
8 5 33
8 6 45
8 7 70
9 1 143
9 2 128
9 3 28
9 5 86
9 8 68
10 2 72
10 3 32
10 4 148
10 5 115
10 8 78
10 9 69
11 0 84
11 6 109
11 7 133
11 10 100
12 0 47
12 1 19
12 11 135
13 0 135
13 1 18
13 3 120
13 4 121
13 7 43
13 12 28
14 0 61
14 1 132
14 2 94
14 4 73
14 5 9
14 6 55
14 12 95
14 13 36
15 2 74
15 3 80
15 4 13
15 7 95
15 8 51
15 11 15
15 12 49
16 1 98
16 2 141
16 3 94
16 5 25
16 6 68
16 8 135
16 13 60
16 14 69
17 0 138
17 1 13
17 2 67
17 5 138
17 6 145
17 10 148
17 11 66
17 12 144
17 13 144
17 14 97
17 16 128
18 1 72
18 3 127
18 5 65
18 7 96
18 8 25
18 9 47
18 11 54
18 12 106
18 17 13
19 0 21
19 8 109
19 10 47
19 11 140
19 12 106
19 13 83
19 14 6
20 0 11
20 2 49
20 3 155
20 5 107
20 6 158
20 7 134
20 11 104
20 14 34
20 15 111
20 16 21
20 18 52
21 1 98
21 3 44
21 4 38
21 6 41
21 7 105
21 8 102
21 9 112
21 10 77
21 14 24
21 16 72
21 17 71
21 19 109
22 1 112
22 2 156
22 5 38
22 8 30
22 9 153
22 15 141
22 17 88
22 20 109
23 1 136
23 2 15
23 7 110
23 8 107
23 15 1
23 17 68
23 18 69
23 20 77
24 2 67
24 8 60
24 9 95
24 10 53
24 11 48
24 13 56
24 15 25
24 18 71
24 19 64
24 20 134
24 22 160
25 0 146
25 6 34
25 7 105
25 10 138
25 14 132
25 15 145
25 20 125
25 21 65
25 22 101
25 23 30
26 1 26
26 2 25
26 3 160
26 7 155
26 13 87
26 15 143
26 16 95
26 17 16
26 19 72
26 21 44
26 22 84
26 24 15
26 25 159
27 0 19
27 2 132
27 3 36
27 7 64
27 8 2
27 11 111
27 12 93
27 13 23
27 14 60
27 15 43
27 16 137
27 17 40
27 18 4
27 20 5
27 22 90
27 24 86
28 1 141
28 2 25
28 13 59
28 16 42
28 17 75
28 18 38
28 19 156
28 22 63
28 23 10
28 24 14
28 27 139
29 1 131
29 3 121
29 4 53
29 6 151
29 11 4
29 14 128
29 15 86
29 18 76
29 22 122
29 24 15
29 25 118
30 0 34
30 4 23
30 8 143
30 12 150
30 14 100
30 15 92
30 16 153
30 18 57
30 19 66
30 20 107
30 23 84
30 27 69
30 28 104
30 29 131
31 2 56
31 4 148
31 7 59
31 9 154
31 11 112
31 12 5
31 17 147
31 19 109
31 20 110
31 21 108
31 22 106
31 26 62
31 27 110
31 29 72
32 0 73
32 3 54
32 4 43
32 5 4
32 8 76
32 10 18
32 12 113
32 13 8
32 16 76
32 17 37
32 18 123
32 19 85
32 20 155
32 21 40
32 24 118
32 25 155
32 31 55
33 1 40
33 4 79
33 7 120
33 9 51
33 10 112
33 11 131
33 13 19
33 14 107
33 17 112
33 18 58
33 19 120
33 24 158
33 26 154
33 29 138
34 3 23
34 4 54
34 6 147
34 8 35
34 12 157
34 13 71
34 14 20
34 17 48
34 21 116
34 22 2
34 23 70
34 24 54
34 26 82
34 27 157
34 28 120
34 30 33
34 33 31
35 0 105
35 3 126
35 4 25
35 9 95
35 13 54
35 14 110
35 15 89
35 16 75
35 17 134
35 19 146
35 21 31
35 23 70
35 25 45
35 27 132
35 31 135
35 32 23
35 33 8
35 34 99
36 0 115
36 2 76
36 7 63
36 8 154
36 9 110
36 15 14
36 16 23
36 19 24
36 23 120
36 24 121
36 26 6
36 28 133
36 30 91
36 34 160
36 35 123
37 0 3
37 1 62
37 5 4
37 7 102
37 13 66
37 14 54
37 15 144
37 16 3
37 18 132
37 20 47
37 24 115
37 26 104
37 27 21
37 29 29
37 30 101
37 31 64
37 32 149
37 33 23
38 1 115
38 2 116
38 4 29
38 5 6
38 6 3
38 9 111
38 10 44
38 11 26
38 12 131
38 15 156
38 16 34
38 17 83
38 20 56
38 22 77
38 23 106
38 24 112
38 25 18
38 29 123
38 30 41
38 32 124
38 33 58
38 34 38
38 35 54
39 1 121
39 2 49
39 3 42
39 5 121
39 7 114
39 9 99
39 11 33
39 14 152
39 15 27
39 20 4
39 21 38
39 23 146
39 24 139
39 25 70
39 27 121
39 30 42
39 31 105
39 34 51
39 35 147
39 37 149
40 0 148
40 1 87
40 2 49
40 4 40
40 5 47
40 7 122
40 10 160
40 11 133
40 12 160
40 13 129
40 14 142
40 16 114
40 17 45
40 18 5
40 19 130
40 21 2
40 23 108
40 28 96
40 32 49
40 33 7
40 35 155
40 36 99
40 37 23
40 38 44
41 1 143
41 5 97
41 6 35
41 8 160
41 13 146
41 15 85
41 16 82
41 20 126
41 21 68
41 23 11
41 24 68
41 26 101
41 27 123
41 32 98
41 34 28
41 36 116
41 37 27
41 39 118
42 0 12
42 2 141
42 6 105
42 7 26
42 12 137
42 17 126
42 18 158
42 21 111
42 27 35
42 28 116
42 30 33
42 31 141
42 35 83
42 37 16
42 39 121
42 40 124
42 41 54
43 4 153
43 5 61
43 7 108
43 8 49
43 9 105
43 11 32
43 12 110
43 15 136
43 16 71
43 18 143
43 19 142
43 22 120
43 23 13
43 25 48
43 27 122
43 28 10
43 29 89
43 30 137
43 32 33
43 33 44
43 36 73
43 37 97
43 39 114
43 42 127
44 3 128
44 13 1
44 16 109
44 19 26
44 24 123
44 25 72
44 26 101
44 27 101
44 30 73
44 33 139
44 35 136
44 37 56
44 39 127
44 40 38
44 42 38
45 1 131
45 3 96
45 4 60
45 7 26
45 9 89
45 13 59
45 18 87
45 20 145
45 21 55
45 24 5
45 25 93
45 26 73
45 29 1
45 31 22
45 32 116
45 35 11
45 36 36
46 8 128
46 10 54
46 11 110
46 13 125
46 15 97
46 16 57
46 18 154
46 21 135
46 23 94
46 24 82
46 25 8
46 27 35
46 28 145
46 31 59
46 33 158
46 36 55
46 38 34
46 39 82
46 40 147
46 42 147
46 44 65
46 45 125
47 1 59
47 2 71
47 5 158
47 6 14
47 7 40
47 10 21
47 13 156
47 14 14
47 15 90
47 17 98
47 18 66
47 22 91
47 24 89
47 25 17
47 26 27
47 27 10
47 31 117
47 33 51
47 34 147
47 35 146
47 41 42
47 43 6
48 0 136
48 2 85
48 3 106
48 5 50
48 12 135
48 14 126
48 15 87
48 17 107
48 18 124
48 20 23
48 21 134
48 22 57
48 23 52
48 29 151
48 30 109
48 32 131
48 34 56
48 45 23
48 46 63
48 47 45
49 2 108
49 3 47
49 7 136
49 10 26
49 11 86
49 13 101
49 14 13
49 17 76
49 19 35
49 20 127
49 26 25
49 30 137
49 31 38
49 33 64
49 35 41
49 36 85
49 37 141
49 39 56
49 41 85
49 44 64
49 45 6
