70
1 0 70
3 2 13
4 1 13
4 3 20
5 0 45
7 0 31
7 1 42
7 6 16
8 0 26
8 2 24
8 4 23
9 0 70
9 7 55
10 0 19
10 5 22
10 7 56
10 8 3
11 4 49
11 5 32
11 7 51
11 8 20
12 0 79
12 1 22
12 3 29
12 5 28
12 8 26
12 10 74
13 0 47
13 4 52
13 6 77
13 7 75
13 11 30
14 4 7
14 5 34
14 9 6
14 11 71
15 0 20
15 1 39
15 5 47
15 7 12
15 8 47
15 13 44
16 1 35
16 5 16
16 9 60
16 10 53
16 11 23
16 12 45
16 13 13
17 0 66
17 2 76
17 4 60
17 8 14
17 9 65
17 14 78
17 15 28
18 3 78
18 6 9
18 8 6
18 10 74
18 13 20
18 14 78
18 15 25
19 0 60
19 2 48
19 4 60
19 7 60
19 8 12
19 9 72
19 10 68
19 14 49
19 15 23
19 16 24
19 17 76
20 0 71
20 5 65
20 6 49
20 11 52
20 12 34
20 14 33
20 15 51
20 16 59
20 17 49
20 19 64
21 1 17
21 3 67
21 5 5
21 6 37
21 7 45
21 13 5
21 14 41
21 15 54
22 2 25
22 7 11
22 9 39
22 15 22
22 17 79
22 18 57
22 21 78
23 1 61
23 4 4
23 5 74
23 6 25
23 9 21
23 13 37
23 16 7
23 17 58
23 18 14
23 20 67
24 0 65
24 1 79
24 2 62
24 5 79
24 8 20
24 9 79
24 12 76
24 14 25
24 16 36
24 21 27
25 5 10
25 9 62
25 11 61
25 12 60
25 18 76
25 20 2
25 21 20
25 22 62
25 24 44
26 4 61
26 7 26
26 9 40
26 11 75
26 14 22
26 18 51
26 19 70
26 21 1
27 2 74
27 3 16
27 5 35
27 15 13
27 16 59
27 20 56
27 21 30
27 22 66
27 23 60
27 25 41
28 0 2
28 1 51
28 2 17
28 4 37
28 10 46
28 11 51
28 12 29
28 15 41
28 16 56
28 17 29
28 22 5
28 23 48
28 27 58
29 0 66
29 3 47
29 6 19
29 14 61
29 15 55
29 16 14
29 18 77
29 26 2
29 28 12
30 0 51
30 3 40
30 5 9
30 11 21
30 13 1
30 15 53
30 19 66
30 20 29
30 23 46
30 24 37
30 25 17
30 26 31
31 2 21
31 8 26
31 11 20
31 13 67
31 14 68
31 17 45
31 18 4
31 19 59
31 21 13
31 23 50
31 27 48
32 1 43
32 5 2
32 7 62
32 9 52
32 15 49
32 20 55
32 21 4
32 25 2
32 31 74
33 0 12
33 3 29
33 7 54
33 9 66
33 11 36
33 12 31
33 13 67
33 14 53
33 15 34
33 17 3
33 18 40
33 19 44
33 21 29
33 22 24
33 27 72
33 31 12
33 32 28
34 1 51
34 2 31
34 3 16
34 12 55
34 14 10
34 15 11
34 18 53
34 24 14
34 25 12
34 26 76
34 27 70
34 30 61
35 2 3
35 13 78
35 15 45
35 18 53
35 19 32
35 21 47
35 24 9
35 27 48
35 31 14
35 32 76
35 33 2
36 1 24
36 2 8
36 8 80
36 9 46
36 12 17
36 14 8
36 15 9
36 16 38
36 17 64
36 33 21
37 1 21
37 2 63
37 3 26
37 5 17
37 7 73
37 8 76
37 9 39
37 10 63
37 14 34
37 18 21
37 19 43
37 20 32
37 22 56
37 25 48
37 27 41
37 28 43
37 33 61
37 34 5
38 0 61
38 2 64
38 4 46
38 8 17
38 9 72
38 10 15
38 11 45
38 12 36
38 17 22
38 18 5
38 20 76
38 22 20
38 26 2
38 28 38
38 30 65
38 31 24
38 32 25
38 34 7
38 35 68
38 37 1
39 0 6
39 3 80
39 4 75
39 5 43
39 9 53
39 10 10
39 12 74
39 14 64
39 22 26
39 29 71
39 30 38
39 31 3
39 34 61
39 35 7
40 1 28
40 4 7
40 6 19
40 8 70
40 10 6
40 11 62
40 14 31
40 22 79
40 23 59
40 26 79
40 29 20
40 30 60
40 32 23
40 34 15
40 35 20
40 37 24
40 38 69
40 39 63
41 5 13
41 16 77
41 18 30
41 21 63
41 24 41
41 25 78
41 31 31
41 36 34
41 38 45
42 0 51
42 4 26
42 5 12
42 6 23
42 8 22
42 9 21
42 18 4
42 22 16
42 24 38
42 26 31
42 27 49
42 29 45
42 30 11
42 31 57
42 33 69
42 34 31
42 36 20
42 38 8
42 39 39
42 40 51
43 3 73
43 4 67
43 5 40
43 6 53
43 7 67
43 10 28
43 14 68
43 15 80
43 18 38
43 19 11
43 20 73
43 22 56
43 28 19
43 31 22
43 34 63
43 35 9
43 36 76
43 41 40
44 0 72
44 6 60
44 7 58
44 11 37
44 18 59
44 19 12
44 21 46
44 23 64
44 24 16
44 25 12
44 26 31
44 28 55
44 32 65
44 33 71
44 36 59
44 37 43
44 39 3
44 42 23
44 43 67
45 0 77
45 3 18
45 9 10
45 10 41
45 12 26
45 15 55
45 17 13
45 25 78
45 28 25
45 31 7
45 33 21
45 36 68
45 38 69
45 40 67
45 42 37
46 0 15
46 3 58
46 7 77
46 10 3
46 11 8
46 13 50
46 14 72
46 16 14
46 21 14
46 23 78
46 26 17
46 28 44
46 31 65
46 33 7
46 36 55
46 37 46
46 40 51
46 41 76
47 0 43
47 5 80
47 6 72
47 9 4
47 13 79
47 17 33
47 18 54
47 23 65
47 26 7
47 27 46
47 32 72
47 35 52
47 37 14
47 38 51
48 0 23
48 2 72
48 7 71
48 11 38
48 12 78
48 24 23
48 26 48
48 27 79
48 28 42
48 29 28
48 32 17
48 34 10
48 38 67
48 40 62
48 42 6
48 43 28
48 44 52
49 1 64
49 3 48
49 8 58
49 9 19
49 12 12
49 15 17
49 18 61
49 21 43
49 22 73
49 25 75
49 28 53
49 36 25
49 37 52
49 38 75
49 39 68
49 42 23
49 43 57
49 46 15
49 47 52
50 1 10
50 2 68
50 4 39
50 5 14
50 7 1
50 14 11
50 15 35
50 21 80
50 22 26
50 27 7
50 29 24
50 30 70
50 34 54
50 42 35
50 45 37
51 0 26
51 6 32
51 7 56
51 8 11
51 10 26
51 12 26
51 15 47
51 17 76
51 21 2
51 23 9
51 24 3
51 25 78
51 26 30
51 28 47
51 30 33
51 33 57
51 34 67
51 35 59
51 38 58
51 39 7
51 41 24
51 44 46
51 48 7
52 0 26
52 2 59
52 7 67
52 8 35
52 9 70
52 10 9
52 11 51
52 13 38
52 14 50
52 15 16
52 18 19
52 20 79
52 22 80
52 24 27
52 26 35
52 27 45
52 32 21
52 33 69
52 36 52
52 37 34
52 40 3
52 44 24
52 45 32
52 46 65
52 49 73
53 0 51
53 3 14
53 4 77
53 5 80
53 6 24
53 8 60
53 9 40
53 11 22
53 17 45
53 19 39
53 21 65
53 23 75
53 24 44
53 25 43
53 31 33
53 32 7
53 34 22
53 35 20
53 36 41
53 37 29
53 47 38
53 49 46
53 51 38
54 2 33
54 4 66
54 5 62
54 7 26
54 10 17
54 12 79
54 13 76
54 14 54
54 15 65
54 16 35
54 25 28
54 29 58
54 30 8
54 34 28
54 43 61
54 44 46
54 47 29
54 52 77
55 0 30
55 1 68
55 6 69
55 11 10
55 12 14
55 13 10
55 15 33
55 19 2
55 21 57
55 34 18
55 37 78
55 38 21
55 39 44
55 45 60
55 46 66
55 48 9
55 49 78
55 51 42
56 1 57
56 4 26
56 5 17
56 6 63
56 7 63
56 8 34
56 9 38
56 11 56
56 12 67
56 14 61
56 17 6
56 18 49
56 19 12
56 20 28
56 21 34
56 28 63
56 29 79
56 31 41
56 32 61
56 35 67
56 38 47
56 42 18
56 43 44
56 46 48
56 48 52
56 53 5
57 0 57
57 2 62
57 7 31
57 9 63
57 12 67
57 14 52
57 19 26
57 24 30
57 25 54
57 32 68
57 33 62
57 37 61
57 38 41
57 39 18
57 43 52
57 44 1
57 49 35
57 53 73
57 56 15
58 3 25
58 5 70
58 7 68
58 10 77
58 18 74
58 21 32
58 22 6
58 28 64
58 29 17
58 30 74
58 31 43
58 34 49
58 35 55
58 37 72
58 38 55
58 39 31
58 42 48
58 48 53
58 49 47
58 54 53
58 55 17
58 56 2
58 57 26
59 0 49
59 1 34
59 3 37
59 5 13
59 9 57
59 10 28
59 11 73
59 19 14
59 21 54
59 22 14
59 23 46
59 25 49
59 27 61
59 32 16
59 35 67
59 38 1
59 42 77
59 46 79
59 47 26
59 53 31
59 57 48
59 58 62
60 1 22
60 2 24
60 5 59
60 7 40
60 16 26
60 20 32
60 21 78
60 24 61
60 27 17
60 28 65
60 30 37
60 31 2
60 35 10
60 36 69
60 37 76
60 43 11
60 45 55
60 46 68
60 48 21
60 50 16
60 51 18
60 54 40
60 58 13
61 0 80
61 1 8
61 2 71
61 6 11
61 7 22
61 9 20
61 11 44
61 12 65
61 13 27
61 14 37
61 18 27
61 22 50
61 23 23
61 27 21
61 34 68
61 37 69
61 43 80
61 44 24
61 45 66
61 49 72
61 51 15
61 52 28
61 53 4
61 55 45
61 56 46
61 57 72
61 58 9
61 59 61
62 2 69
62 3 45
62 5 3
62 6 26
62 7 68
62 8 6
62 9 62
62 10 52
62 11 54
62 14 13
62 16 38
62 17 10
62 18 55
62 19 5
62 27 7
62 29 65
62 30 23
62 31 71
62 33 59
62 38 53
62 42 8
62 49 17
62 53 10
62 54 70
62 56 21
62 61 12
63 1 30
63 2 6
63 6 67
63 7 27
63 8 72
63 12 44
63 16 38
63 17 26
63 19 76
63 23 72
63 25 74
63 26 55
63 27 59
63 28 32
63 29 14
63 30 63
63 31 50
63 33 16
63 35 25
63 36 24
63 37 47
63 40 31
63 41 79
63 43 22
63 46 35
63 49 46
63 50 69
63 54 51
63 55 34
63 59 13
63 60 77
63 62 39
64 2 20
64 4 65
64 9 79
64 10 72
64 14 39
64 19 36
64 21 18
64 23 70
64 30 6
64 31 52
64 32 56
64 35 64
64 36 72
64 38 53
64 45 52
64 55 21
64 59 1
64 60 52
64 61 69
65 0 66
65 3 30
65 7 59
65 13 6
65 14 22
65 18 31
65 21 16
65 22 76
65 23 18
65 28 42
65 30 78
65 31 4
65 39 3
65 40 62
65 43 58
65 44 64
65 46 57
65 50 7
65 53 58
65 54 40
65 61 29
65 62 4
66 0 19
66 1 52
66 5 28
66 6 3
66 7 29
66 8 22
66 9 7
66 10 22
66 12 23
66 14 41
66 22 71
66 23 17
66 24 14
66 27 22
66 31 78
66 36 4
66 39 66
66 44 71
66 48 3
66 49 45
66 50 12
66 51 22
66 54 37
66 57 51
66 58 24
66 59 61
66 63 35
67 1 28
67 2 38
67 3 17
67 6 78
67 7 18
67 11 12
67 12 71
67 13 44
67 17 25
67 19 23
67 21 69
67 25 50
67 27 66
67 30 65
67 31 20
67 35 74
67 36 2
67 47 29
67 48 13
67 54 76
67 56 23
67 60 74
67 61 18
67 66 58
68 1 66
68 3 12
68 4 53
68 5 10
68 6 33
68 7 79
68 9 53
68 10 71
68 14 59
68 15 63
68 18 15
68 20 42
68 21 45
68 28 9
68 31 70
68 32 63
68 33 4
68 35 10
68 36 44
68 38 69
68 46 35
68 47 17
68 49 10
68 50 26
68 55 4
68 59 49
68 61 1
68 63 22
68 65 33
68 67 38
69 1 6
69 2 70
69 3 73
69 6 11
69 7 54
69 8 67
69 9 60
69 10 39
69 12 66
69 15 66
69 20 42
69 26 3
69 29 30
69 31 8
69 37 18
69 42 21
69 44 26
69 45 25
69 49 2
69 50 62
69 52 69
69 54 28
69 57 66
69 60 66
69 61 7
69 65 7
69 68 71
