60
2 0 123
2 1 146
5 1 4
8 5 43
9 5 3
10 1 93
10 6 89
11 1 120
11 5 152
12 4 124
12 7 80
12 8 57
13 8 57
14 0 109
14 6 153
15 7 146
16 6 17
17 0 16
17 16 113
19 12 147
19 18 74
20 2 53
20 4 130
20 10 27
20 18 64
20 19 64
21 4 9
21 17 41
22 21 18
23 16 69
23 17 96
24 15 82
25 1 32
26 7 117
26 19 96
27 2 115
28 0 79
28 10 122
29 7 16
29 11 61
30 28 15
30 29 86
31 16 90
31 17 158
32 1 12
32 4 31
32 7 53
32 17 55
32 24 20
33 4 31
33 7 53
33 13 134
33 27 70
33 28 111
34 13 82
34 18 17
34 19 63
34 22 10
34 28 35
34 31 136
35 19 12
35 21 127
35 27 44
35 29 62
35 33 96
36 5 151
36 11 106
36 30 58
37 8 35
37 16 31
37 24 19
37 28 96
38 25 52
39 25 128
39 34 126
40 1 89
40 6 39
40 14 125
40 37 138
41 10 24
41 18 51
41 25 147
41 29 26
41 38 158
42 3 148
42 17 20
42 18 2
42 26 51
42 41 92
43 9 159
43 12 76
43 17 23
43 39 106
44 7 70
44 17 110
44 23 76
44 26 84
45 38 74
45 41 29
46 7 147
46 9 86
46 26 70
46 42 5
47 6 13
47 10 158
47 12 42
47 29 148
47 33 152
47 36 51
48 2 85
48 23 78
48 35 18
48 41 55
49 2 104
49 4 102
49 10 125
49 25 58
49 28 9
49 30 146
49 37 67
50 7 22
50 14 131
50 15 1
50 19 77
50 24 88
51 0 41
52 21 125
52 25 43
52 45 95
52 47 28
52 48 54
53 11 33
53 12 160
53 17 63
53 19 104
53 31 140
54 39 129
54 44 117
54 45 147
54 46 152
55 13 92
55 24 156
55 28 130
55 54 143
56 7 71
56 8 81
56 17 98
56 22 147
56 29 153
56 40 94
56 50 26
56 52 127
57 4 83
57 25 153
57 32 2
57 35 27
57 38 101
57 45 14
57 46 73
57 49 125
58 13 63
58 19 109
58 35 141
58 44 10
58 47 11
59 36 53
59 46 27
59 57 5
59 58 124
