60
2 0 88
2 1 235
3 0 208
3 2 65
4 0 223
4 2 53
4 3 269
5 0 61
5 1 61
5 2 60
5 3 266
6 0 183
6 1 93
6 2 59
6 4 228
6 5 320
7 1 78
7 2 154
7 3 88
7 4 275
7 5 284
7 6 110
8 0 18
8 1 243
8 3 187
8 4 278
8 5 297
8 6 205
8 7 177
9 1 26
9 2 2
9 4 149
9 5 72
9 6 170
9 7 262
9 8 51
10 0 275
10 1 227
10 2 157
10 3 231
10 4 175
10 5 64
10 6 107
10 7 217
10 8 18
10 9 144
11 1 137
11 3 38
11 4 20
11 5 292
11 6 7
11 8 144
11 9 201
12 0 141
12 3 182
12 4 98
12 5 43
12 6 45
12 7 152
12 8 129
12 9 308
13 0 269
13 1 58
13 2 35
13 3 120
13 4 280
13 5 149
13 6 276
13 8 43
13 9 100
13 12 286
14 0 81
14 1 236
14 2 53
14 3 88
14 4 68
14 6 69
14 7 33
14 8 203
14 9 78
14 10 125
14 12 73
14 13 304
15 0 267
15 2 92
15 4 301
15 5 46
15 6 210
15 7 52
15 8 132
15 9 107
15 11 141
15 12 67
15 13 269
16 0 43
16 1 286
16 2 153
16 4 235
16 5 302
16 6 274
16 7 204
16 8 319
16 9 12
16 10 76
16 12 65
16 13 52
16 14 146
16 15 279
17 0 190
17 3 37
17 7 97
17 8 173
17 10 31
17 11 214
17 12 252
17 13 291
17 14 122
17 15 229
17 16 113
18 1 91
18 2 134
18 3 112
18 4 209
18 5 47
18 6 311
18 7 25
18 8 41
18 10 317
18 11 158
18 12 129
18 13 186
18 15 61
18 17 189
19 0 173
19 1 147
19 3 174
19 4 63
19 6 15
19 7 10
19 8 36
19 9 300
19 10 219
19 12 178
19 13 316
19 14 282
19 15 127
19 16 243
19 17 156
19 18 124
20 0 319
20 1 160
20 2 157
20 4 173
20 5 162
20 6 95
20 7 268
20 8 228
20 10 106
20 12 248
20 13 200
20 14 52
20 16 123
20 17 158
20 18 90
20 19 129
21 0 114
21 1 252
21 3 127
21 5 40
21 6 133
21 7 309
21 8 223
21 9 28
21 10 55
21 11 135
21 12 61
21 14 164
21 15 78
21 16 153
21 17 232
21 18 54
21 19 83
21 20 314
22 2 316
22 3 300
22 4 80
22 6 170
22 7 66
22 10 46
22 11 211
22 12 275
22 13 180
22 14 294
22 15 316
22 16 10
22 18 239
22 19 56
22 21 112
23 1 178
23 2 252
23 3 269
23 4 248
23 5 125
23 7 16
23 8 179
23 11 296
23 14 17
23 15 2
23 16 213
23 17 293
23 18 259
23 19 64
23 22 9
24 0 317
24 1 244
24 2 97
24 3 135
24 4 109
24 5 58
24 6 258
24 7 17
24 8 209
24 9 120
24 10 104
24 11 163
24 13 187
24 14 224
24 15 63
24 16 76
24 18 250
24 19 304
24 20 242
24 21 52
24 22 46
24 23 74
25 0 254
25 1 250
25 2 139
25 4 25
25 5 183
25 6 189
25 7 219
25 8 143
25 9 106
25 10 70
25 11 162
25 12 313
25 13 19
25 14 128
25 15 260
25 16 62
25 17 29
25 18 109
25 19 27
25 22 74
25 23 265
26 0 138
26 1 291
26 2 53
26 3 254
26 4 301
26 5 191
26 6 217
26 7 216
26 8 101
26 9 316
26 10 267
26 11 99
26 12 246
26 13 151
26 14 154
26 15 244
26 16 152
26 17 307
26 18 40
26 19 143
26 20 25
26 21 302
26 22 106
26 23 44
26 24 274
26 25 160
27 0 38
27 1 29
27 3 279
27 5 291
27 6 236
27 8 132
27 9 263
27 11 194
27 12 9
27 13 279
27 14 93
27 15 125
27 17 212
27 18 140
27 19 228
27 20 292
27 21 253
27 23 242
27 24 166
27 25 4
27 26 77
28 0 133
28 1 70
28 2 58
28 3 11
28 5 191
28 6 16
28 8 208
28 9 205
28 11 225
28 12 278
28 13 207
28 14 247
28 15 147
28 16 304
28 17 106
28 20 171
28 21 202
28 22 110
28 23 165
28 24 64
28 25 264
28 26 317
28 27 193
29 0 203
29 1 70
29 3 101
29 4 275
29 7 135
29 8 43
29 9 45
29 10 5
29 11 26
29 13 266
29 14 206
29 15 72
29 16 316
29 17 37
29 18 25
29 19 92
29 20 265
29 21 118
29 22 320
29 23 86
29 24 267
29 25 91
29 26 220
29 27 112
30 0 147
30 1 200
30 2 106
30 4 59
30 5 287
30 6 215
30 7 297
30 8 272
30 9 258
30 10 126
30 11 268
30 12 215
30 14 123
30 15 107
30 17 181
30 18 304
30 20 16
30 21 186
30 22 202
30 23 2
30 25 240
30 26 116
30 27 222
30 29 275
31 0 119
31 1 214
31 2 267
31 3 319
31 4 14
31 6 190
31 7 121
31 8 216
31 9 120
31 11 7
31 12 149
31 13 113
31 14 194
31 15 140
31 16 244
31 17 253
31 18 266
31 19 13
31 20 5
31 21 296
31 22 212
31 23 291
31 24 56
31 26 115
31 30 192
32 1 149
32 2 237
32 3 112
32 5 189
32 7 214
32 8 14
32 11 194
32 12 101
32 14 229
32 15 163
32 18 320
32 19 229
32 20 96
32 21 258
32 22 124
32 23 13
32 24 48
32 25 196
32 26 1
32 27 156
32 28 89
32 29 164
32 30 168
33 0 115
33 1 4
33 2 82
33 4 182
33 5 149
33 6 313
33 8 69
33 9 35
33 10 196
33 12 284
33 13 207
33 14 131
33 15 20
33 16 297
33 18 291
33 19 173
33 21 223
33 23 74
33 24 293
33 25 184
33 26 178
33 27 81
33 28 180
33 29 200
33 31 36
33 32 166
34 0 174
34 1 154
34 2 140
34 3 67
34 5 17
34 6 197
34 7 148
34 9 281
34 10 78
34 11 36
34 12 10
34 13 83
34 14 13
34 15 125
34 16 173
34 17 123
34 18 304
34 19 76
34 20 145
34 21 249
34 22 49
34 23 164
34 24 123
34 25 65
34 27 152
34 28 77
34 29 3
34 30 266
34 32 195
35 0 58
35 1 284
35 3 73
35 4 261
35 5 112
35 6 300
35 7 98
35 8 318
35 9 85
35 10 70
35 11 101
35 12 274
35 13 177
35 14 146
35 15 202
35 16 225
35 17 77
35 20 171
35 21 300
35 24 310
35 25 210
35 26 99
35 27 239
35 28 153
35 29 19
35 30 138
35 31 201
35 32 5
35 34 301
36 1 212
36 2 200
36 3 109
36 4 124
36 5 85
36 10 41
36 11 299
36 13 47
36 14 89
36 15 36
36 16 250
36 18 278
36 19 297
36 21 99
36 22 194
36 24 177
36 25 246
36 26 65
36 27 7
36 28 234
36 29 44
36 30 269
36 31 26
36 33 207
36 34 19
36 35 5
37 0 315
37 1 268
37 2 110
37 3 284
37 4 70
37 5 174
37 6 271
37 7 232
37 9 118
37 10 117
37 11 28
37 12 319
37 13 96
37 14 64
37 15 172
37 16 316
37 17 295
37 22 19
37 23 278
37 24 273
37 25 93
37 27 207
37 29 76
37 30 166
37 31 256
37 32 53
37 33 149
37 34 79
37 36 271
38 1 280
38 2 39
38 3 75
38 4 171
38 5 197
38 6 225
38 8 27
38 9 78
38 10 116
38 11 253
38 13 125
38 14 86
38 15 263
38 16 202
38 17 305
38 18 232
38 19 10
38 20 195
38 22 193
38 24 300
38 25 139
38 26 43
38 27 227
38 29 233
38 30 170
38 31 63
38 33 267
38 34 253
38 35 171
38 36 232
38 37 101
39 0 124
39 1 192
39 2 92
39 3 191
39 4 310
39 5 279
39 6 124
39 9 112
39 10 55
39 12 217
39 13 117
39 14 264
39 15 242
39 16 197
39 17 68
39 18 157
39 19 110
39 20 17
39 21 277
39 24 196
39 25 146
39 26 297
39 27 135
39 28 175
39 29 138
39 31 65
39 32 207
39 33 27
39 34 41
39 35 134
39 36 132
39 37 146
39 38 217
40 0 62
40 2 173
40 3 175
40 4 6
40 5 17
40 7 134
40 8 42
40 9 132
40 10 176
40 11 236
40 12 165
40 13 286
40 14 21
40 17 181
40 18 301
40 20 201
40 22 42
40 23 108
40 24 99
40 26 239
40 27 137
40 29 65
40 33 301
40 34 145
40 35 305
40 37 59
40 38 30
40 39 281
41 1 253
41 2 169
41 3 99
41 4 238
41 5 274
41 6 25
41 7 300
41 8 126
41 9 68
41 10 35
41 11 268
41 12 8
41 13 266
41 14 124
41 15 210
41 16 261
41 17 246
41 18 106
41 19 265
41 20 38
41 21 66
41 22 179
41 23 215
41 25 72
41 26 52
41 27 42
41 28 175
41 29 131
41 31 217
41 32 198
41 33 113
41 35 83
41 37 43
41 39 60
42 2 297
42 4 271
42 5 197
42 6 60
42 7 308
42 8 113
42 9 234
42 11 226
42 12 3
42 13 186
42 14 293
42 16 184
42 17 288
42 18 68
42 20 153
42 21 150
42 22 172
42 23 107
42 28 188
42 29 223
42 30 97
42 32 145
42 35 188
42 36 144
42 37 7
42 38 111
42 39 279
42 40 261
42 41 223
43 0 9
43 1 89
43 3 143
43 4 27
43 6 167
43 7 224
43 8 255
43 9 220
43 10 154
43 15 139
43 16 39
43 18 74
43 19 222
43 20 244
43 21 56
43 22 6
43 24 108
43 26 7
43 27 275
43 28 154
43 29 225
43 30 220
43 32 21
43 33 68
43 34 273
43 35 90
43 36 183
43 37 24
43 38 60
43 39 311
43 41 16
43 42 122
44 0 34
44 1 102
44 3 111
44 4 31
44 5 237
44 6 181
44 7 87
44 9 20
44 10 62
44 12 315
44 13 12
44 14 133
44 15 96
44 16 166
44 17 272
44 18 97
44 19 168
44 20 319
44 21 128
44 22 231
44 24 206
44 25 296
44 26 15
44 28 319
44 29 305
44 30 263
44 31 71
44 33 219
44 34 9
44 35 208
44 36 43
44 38 2
44 41 16
44 42 241
44 43 221
45 0 217
45 1 65
45 3 35
45 4 159
45 7 255
45 8 171
45 9 150
45 10 235
45 11 301
45 13 168
45 14 68
45 15 78
45 16 5
45 18 65
45 20 109
45 21 224
45 22 87
45 23 252
45 24 284
45 25 199
45 26 118
45 27 16
45 28 153
45 29 102
45 30 39
45 31 26
45 32 205
45 33 295
45 34 56
45 35 122
45 36 69
45 37 240
45 38 173
45 39 74
45 40 113
45 42 61
45 43 170
45 44 76
46 1 185
46 2 292
46 3 236
46 4 49
46 5 264
46 6 205
46 7 93
46 8 214
46 10 177
46 12 254
46 13 304
46 14 91
46 16 21
46 17 61
46 18 222
46 19 315
46 21 230
46 22 102
46 25 194
46 26 55
46 27 272
46 28 37
46 29 19
46 33 190
46 35 142
46 36 296
46 37 242
46 38 197
46 39 245
46 41 210
46 42 37
46 43 34
46 44 242
46 45 89
47 2 35
47 3 26
47 4 73
47 5 213
47 6 314
47 7 96
47 10 30
47 11 67
47 12 49
47 13 293
47 14 13
47 15 89
47 16 153
47 17 69
47 18 309
47 19 255
47 21 128
47 22 126
47 23 102
47 25 93
47 26 3
47 27 262
47 28 287
47 29 161
47 30 56
47 32 8
47 33 201
47 34 307
47 35 66
47 36 122
47 37 70
47 38 239
47 39 239
47 40 270
47 41 39
47 42 16
47 43 155
47 45 88
47 46 58
48 1 111
48 2 4
48 3 110
48 4 216
48 5 36
48 7 312
48 8 168
48 9 54
48 10 93
48 11 275
48 14 95
48 15 311
48 17 156
48 19 319
48 22 187
48 24 262
48 26 224
48 28 128
48 30 174
48 31 296
48 32 296
48 33 142
48 34 206
48 35 208
48 36 306
48 39 149
48 40 61
48 41 48
48 42 98
48 43 96
48 44 295
48 45 193
48 46 77
49 0 130
49 4 162
49 5 238
49 6 75
49 7 91
49 8 70
49 9 247
49 10 4
49 11 232
49 12 277
49 14 171
49 15 144
49 18 298
49 20 293
49 21 216
49 22 309
49 23 229
49 24 73
49 26 228
49 27 54
49 28 304
49 29 71
49 30 197
49 31 122
49 32 211
49 33 40
49 34 104
49 35 308
49 36 131
49 37 288
49 38 150
49 39 82
49 40 165
49 41 25
49 42 319
49 43 254
49 44 135
49 46 125
49 47 204
49 48 292
50 0 64
50 3 130
50 5 96
50 6 8
50 9 160
50 10 213
50 11 170
50 12 6
50 13 206
50 14 238
50 15 189
50 16 272
50 17 48
50 18 60
50 20 131
50 21 171
50 22 180
50 23 302
50 24 252
50 25 178
50 27 237
50 28 192
50 29 314
50 30 181
50 32 304
50 33 42
50 35 67
50 37 92
50 38 264
50 39 102
50 40 29
50 43 175
50 44 194
50 45 54
50 46 143
50 47 10
50 49 53
51 0 31
51 1 247
51 3 137
51 4 181
51 5 235
51 6 43
51 7 56
51 8 137
51 9 290
51 10 319
51 12 206
51 13 43
51 15 21
51 16 51
51 17 241
51 18 297
51 19 240
51 20 257
51 21 245
51 22 284
51 23 303
51 24 208
51 25 224
51 26 28
51 27 242
51 28 295
51 29 313
51 30 27
51 31 198
51 32 297
51 34 261
51 35 251
51 36 91
51 37 282
51 38 102
51 39 91
51 40 104
51 41 165
51 42 60
51 44 54
51 45 120
51 46 303
51 47 228
51 48 189
51 49 291
52 0 105
52 4 75
52 6 297
52 7 71
52 8 267
52 9 139
52 10 109
52 11 135
52 12 37
52 13 184
52 14 70
52 16 147
52 17 115
52 18 187
52 20 49
52 21 129
52 25 238
52 26 86
52 27 157
52 30 193
52 31 97
52 32 46
52 33 113
52 35 12
52 36 159
52 37 99
52 38 42
52 39 197
52 40 7
52 41 194
52 42 233
52 43 131
52 44 34
52 46 164
52 47 89
52 48 66
52 49 229
52 50 292
52 51 273
53 0 132
53 1 209
53 2 108
53 3 60
53 4 99
53 5 30
53 7 12
53 9 237
53 10 252
53 11 149
53 12 202
53 13 233
53 15 95
53 16 2
53 18 250
53 19 128
53 20 241
53 21 306
53 23 193
53 24 189
53 26 112
53 27 247
53 28 158
53 29 47
53 31 4
53 32 154
53 33 201
53 34 312
53 35 34
53 36 84
53 37 118
53 39 291
53 40 262
53 41 163
53 42 26
53 43 236
53 45 204
53 47 125
53 48 238
53 49 237
53 50 145
53 51 85
53 52 166
54 0 21
54 1 226
54 2 98
54 3 121
54 4 54
54 5 266
54 6 31
54 7 261
54 8 314
54 10 20
54 11 109
54 12 173
54 14 225
54 15 70
54 17 174
54 18 284
54 19 116
54 21 151
54 23 229
54 24 160
54 26 256
54 27 191
54 29 245
54 30 17
54 31 45
54 32 176
54 34 56
54 36 46
54 37 219
54 38 292
54 39 117
54 40 317
54 41 134
54 42 71
54 43 224
54 44 51
54 45 312
54 47 84
54 48 26
54 49 316
54 52 295
54 53 42
55 0 104
55 1 315
55 2 27
55 3 158
55 4 92
55 5 203
55 7 199
55 8 152
55 9 90
55 10 87
55 11 178
55 12 45
55 13 93
55 15 17
55 16 208
55 18 140
55 19 314
55 20 231
55 24 205
55 25 310
55 26 286
55 27 283
55 28 24
55 30 158
55 31 14
55 32 101
55 34 21
55 37 284
55 38 205
55 39 104
55 41 316
55 42 258
55 43 24
55 44 91
55 46 41
55 47 290
55 48 109
55 49 110
55 51 246
55 52 133
55 53 217
55 54 247
56 0 34
56 1 127
56 2 275
56 3 149
56 4 80
56 6 132
56 7 291
56 8 99
56 9 150
56 10 314
56 11 306
56 13 74
56 14 153
56 15 248
56 17 235
56 18 94
56 19 110
56 20 29
56 21 89
56 22 154
56 23 27
56 24 289
56 25 96
56 26 113
56 27 314
56 28 113
56 30 147
56 31 38
56 32 83
56 33 143
56 34 304
56 35 256
56 36 208
56 37 251
56 38 123
56 39 23
56 40 230
56 42 164
56 43 117
56 44 128
56 45 236
56 46 22
56 48 126
56 49 154
56 51 147
56 52 9
56 53 67
56 54 18
56 55 3
57 0 15
57 1 233
57 3 10
57 5 67
57 6 189
57 7 26
57 8 42
57 10 192
57 12 120
57 13 309
57 14 279
57 15 129
57 18 193
57 19 261
57 20 160
57 21 197
57 22 256
57 23 140
57 26 320
57 27 178
57 28 58
57 29 3
57 30 254
57 32 159
57 33 220
57 34 23
57 35 207
57 36 55
57 37 153
57 39 294
57 40 200
57 41 201
57 42 7
57 45 94
57 46 296
57 50 2
57 51 260
57 53 189
57 54 184
57 55 263
57 56 112
58 0 159
58 1 297
58 2 205
58 3 271
58 4 202
58 5 305
58 6 40
58 7 127
58 8 29
58 9 122
58 10 41
58 11 42
58 12 218
58 13 117
58 15 277
58 17 94
58 18 194
58 19 200
58 21 101
58 22 190
58 23 316
58 24 210
58 26 79
58 27 74
58 28 78
58 29 232
58 30 107
58 32 49
58 35 220
58 36 75
58 37 205
58 38 202
58 39 243
58 40 38
58 42 56
58 43 225
58 44 98
58 46 112
58 47 80
58 48 91
58 49 308
58 50 124
58 51 194
58 53 258
58 55 17
58 56 15
58 57 102
59 0 182
59 1 29
59 2 33
59 3 311
59 4 42
59 7 76
59 8 147
59 9 187
59 10 154
59 11 46
59 12 30
59 15 142
59 16 201
59 17 63
59 18 241
59 21 90
59 22 226
59 23 317
59 25 245
59 26 22
59 27 44
59 28 49
59 29 289
59 30 260
59 31 312
59 33 134
59 34 170
59 35 99
59 36 48
59 37 114
59 38 303
59 39 48
59 40 262
59 41 201
59 42 168
59 43 129
59 44 68
59 45 4
59 46 166
59 47 178
59 48 131
59 50 113
59 51 177
59 52 115
59 53 284
59 54 91
59 56 7
59 57 320
59 58 266
