40
1 0 103
2 0 306
3 0 305
3 1 53
4 1 172
4 2 84
5 0 120
5 1 233
6 2 251
6 4 26
7 0 101
7 1 78
7 2 219
7 4 51
7 5 13
8 0 178
8 3 174
9 1 48
9 3 142
9 7 267
10 1 184
10 2 150
10 3 311
10 4 256
10 5 7
10 6 254
10 7 168
10 8 275
11 0 14
11 1 160
11 2 291
11 6 230
11 7 32
11 8 270
11 9 234
12 2 256
12 6 196
12 8 33
13 1 227
13 2 167
13 4 88
13 5 126
13 7 105
13 12 212
14 1 19
14 2 125
14 5 96
14 6 75
14 7 49
14 8 155
14 9 297
14 13 209
15 0 223
15 5 2
15 6 287
15 8 25
15 9 5
15 10 246
15 11 113
15 12 123
15 13 180
15 14 307
16 0 24
16 2 137
16 4 21
16 5 171
16 6 207
16 7 88
16 9 72
16 11 60
16 12 288
17 0 29
17 2 173
17 4 125
17 6 275
17 7 297
17 8 238
17 10 249
17 12 18
17 13 170
17 14 203
17 16 192
18 0 241
18 1 268
18 2 132
18 6 159
18 10 271
18 11 70
18 15 255
18 17 264
19 0 292
19 1 262
19 3 283
19 4 84
19 5 206
19 6 72
19 7 88
19 9 215
19 10 172
19 12 296
19 15 315
19 16 58
19 18 233
20 2 280
20 3 225
20 5 207
20 6 280
20 7 57
20 9 132
20 10 108
20 12 311
20 14 78
20 18 102
20 19 160
21 1 251
21 2 47
21 3 14
21 5 123
21 6 13
21 7 132
21 8 4
21 10 12
21 11 77
21 12 198
21 14 281
21 15 12
21 18 274
22 4 314
22 5 60
22 6 298
22 7 310
22 8 209
22 11 7
22 12 219
22 15 142
22 16 9
22 17 211
22 19 116
22 20 12
23 0 220
23 1 53
23 4 170
23 5 300
23 10 245
23 13 188
23 14 107
23 15 36
23 16 249
23 19 246
23 20 308
24 3 159
24 5 137
24 6 309
24 7 191
24 8 76
24 11 37
24 12 97
24 13 211
24 14 149
24 20 70
24 21 30
24 22 27
25 2 264
25 3 67
25 4 233
25 6 43
25 7 164
25 11 152
25 12 110
25 14 173
25 15 223
25 16 175
25 19 166
25 21 205
25 22 84
25 24 236
26 4 231
26 5 102
26 7 180
26 8 79
26 9 63
26 10 65
26 12 212
26 13 52
26 14 154
26 15 41
26 17 120
26 20 220
26 21 114
26 22 314
26 23 155
27 1 104
27 3 159
27 4 277
27 6 104
27 9 293
27 10 151
27 11 259
27 12 262
27 13 164
27 14 97
27 15 317
27 16 76
27 17 8
27 18 245
27 19 193
27 20 166
27 21 160
27 22 82
27 26 283
28 0 244
28 1 76
28 8 183
28 9 158
28 11 250
28 13 89
28 14 72
28 17 205
28 23 294
28 24 56
28 26 12
28 27 1
29 2 260
29 8 257
29 9 78
29 10 105
29 11 116
29 16 97
29 18 247
29 20 273
29 22 86
29 23 228
29 24 138
29 25 2
29 27 70
30 2 277
30 3 180
30 5 100
30 6 237
30 10 82
30 11 25
30 14 117
30 16 83
30 17 161
30 19 145
30 20 38
30 21 239
30 22 89
30 24 109
30 25 55
30 26 223
30 27 103
30 28 173
31 1 29
31 6 21
31 10 244
31 12 222
31 13 119
31 15 97
31 16 268
31 21 1
31 22 81
31 23 118
31 26 166
31 27 212
31 30 209
32 0 219
32 1 295
32 5 301
32 6 256
32 7 18
32 10 50
32 11 39
32 13 257
32 16 318
32 17 27
32 21 30
32 23 226
32 24 228
32 30 68
32 31 189
33 0 220
33 1 23
33 3 305
33 7 1
33 8 142
33 11 141
33 12 131
33 13 73
33 14 51
33 16 276
33 17 304
33 19 280
33 23 53
33 24 149
33 26 187
33 28 74
33 29 14
33 30 158
33 31 32
33 32 155
34 1 245
34 2 238
34 3 208
34 5 131
34 6 120
34 7 168
34 9 277
34 10 310
34 11 259
34 13 282
34 15 49
34 16 138
34 21 181
34 22 316
34 23 186
34 24 138
34 27 1
34 30 281
34 31 258
34 32 126
35 1 235
35 2 300
35 3 302
35 4 83
35 7 306
35 9 174
35 10 132
35 11 181
35 12 153
35 13 90
35 16 168
35 20 90
35 21 73
35 24 280
35 25 304
35 26 142
35 27 89
35 28 98
35 29 274
35 31 42
35 33 178
36 0 274
36 5 227
36 6 243
36 12 129
36 14 85
36 16 94
36 19 255
36 20 276
36 21 288
36 23 92
36 24 81
36 26 208
36 31 287
36 33 5
36 35 26
37 2 132
37 3 98
37 5 70
37 6 13
37 11 199
37 12 42
37 14 23
37 16 29
37 20 178
37 21 145
37 22 40
37 25 105
37 26 286
37 27 34
37 28 52
37 31 63
37 32 108
37 34 165
37 36 41
38 0 320
38 2 81
38 6 279
38 8 72
38 18 54
38 21 218
38 22 2
38 24 186
38 25 149
38 27 31
38 29 197
38 30 98
38 35 80
38 36 67
39 0 310
39 2 169
39 5 20
39 6 21
39 8 252
39 9 125
39 10 152
39 11 142
39 12 215
39 13 6
39 14 3
39 15 302
39 18 64
39 22 222
39 26 104
39 28 87
39 30 279
39 31 26
39 32 300
39 36 122
39 37 256
