50
1 0 54
2 0 38
2 1 2
3 0 80
3 1 20
3 2 10
4 0 24
4 1 57
4 2 61
4 3 71
5 0 45
5 1 21
5 2 22
5 3 47
5 4 44
6 0 31
6 1 73
6 2 38
6 3 12
6 4 18
6 5 67
7 0 62
7 1 62
7 2 52
7 3 55
7 4 4
7 5 72
7 6 43
8 0 17
8 1 69
8 2 76
8 3 70
8 4 71
8 5 11
8 6 7
8 7 80
9 0 31
9 1 29
9 2 25
9 3 31
9 4 40
9 5 38
9 6 14
9 7 68
9 8 58
10 0 80
10 1 73
10 2 74
10 3 54
10 4 73
10 5 53
10 6 2
10 7 80
10 8 21
10 9 29
11 0 34
11 1 34
11 2 28
11 3 17
11 4 11
11 5 23
11 6 22
11 7 76
11 8 50
11 9 32
11 10 3
12 0 33
12 1 30
12 2 27
12 3 24
12 4 65
12 5 7
12 6 32
12 7 74
12 8 2
12 9 7
12 10 63
12 11 35
13 0 55
13 1 75
13 2 73
13 3 32
13 4 68
13 5 39
13 6 58
13 7 6
13 8 48
13 9 79
13 10 35
13 11 2
13 12 68
14 0 63
14 1 19
14 2 42
14 3 11
14 4 60
14 5 62
14 6 59
14 7 14
14 8 46
14 9 26
14 10 29
14 11 54
14 12 50
14 13 15
15 0 74
15 1 26
15 2 55
15 3 52
15 4 79
15 5 19
15 6 9
15 7 37
15 8 5
15 9 12
15 10 12
15 11 61
15 12 71
15 13 16
15 14 18
16 0 66
16 1 23
16 2 5
16 3 64
16 4 14
16 5 5
16 6 57
16 7 63
16 8 67
16 9 26
16 10 12
16 11 68
16 12 67
16 13 22
16 14 76
16 15 79
17 0 7
17 1 43
17 2 28
17 3 13
17 4 41
17 5 29
17 6 6
17 7 76
17 8 69
17 9 24
17 10 48
17 11 42
17 12 45
17 13 27
17 14 3
17 15 30
17 16 51
18 0 31
18 1 10
18 2 43
18 3 46
18 4 58
18 5 1
18 6 21
18 7 46
18 8 65
18 9 46
18 10 45
18 11 38
18 12 39
18 13 65
18 14 64
18 15 55
18 16 48
18 17 25
19 0 26
19 1 33
19 2 27
19 3 68
19 4 10
19 5 21
19 6 7
19 7 53
19 8 38
19 9 12
19 10 42
19 11 5
19 12 38
19 13 62
19 14 6
19 15 18
19 16 66
19 17 24
19 18 7
20 0 35
20 1 10
20 2 1
20 3 40
20 4 9
20 5 55
20 6 76
20 7 47
20 8 36
20 9 49
20 10 71
20 11 8
20 12 29
20 13 52
20 14 16
20 15 14
20 16 13
20 17 71
20 18 27
20 19 35
21 0 15
21 1 51
21 2 7
21 3 29
21 4 15
21 5 60
21 6 67
21 7 76
21 8 32
21 9 32
21 10 32
21 11 76
21 12 24
21 13 5
21 14 15
21 15 37
21 16 61
21 17 10
21 18 71
21 19 52
21 20 79
22 0 34
22 1 63
22 2 50
22 3 33
22 4 53
22 5 32
22 6 2
22 7 43
22 8 43
22 9 14
22 10 63
22 11 20
22 12 66
22 13 27
22 14 80
22 15 17
22 16 3
22 17 11
22 18 74
22 19 33
22 20 17
22 21 7
23 0 53
23 1 64
23 2 1
23 3 80
23 4 71
23 5 55
23 6 15
23 7 65
23 8 59
23 9 28
23 10 1
23 11 47
23 12 59
23 13 5
23 14 33
23 15 11
23 16 25
23 17 25
23 18 59
23 19 17
23 20 35
23 21 9
23 22 36
24 0 15
24 1 16
24 2 56
24 3 14
24 4 40
24 5 46
24 6 54
24 7 76
24 8 51
24 9 45
24 10 71
24 11 41
24 12 12
24 13 40
24 14 17
24 15 78
24 16 1
24 17 18
24 18 20
24 19 30
24 20 39
24 21 32
24 22 41
24 23 63
25 0 2
25 1 13
25 2 41
25 3 78
25 4 11
25 5 72
25 6 11
25 7 69
25 8 12
25 9 65
25 10 75
25 11 34
25 12 20
25 13 48
25 14 15
25 15 29
25 16 19
25 17 34
25 18 12
25 19 7
25 20 80
25 21 77
25 22 56
25 23 61
25 24 37
26 0 18
26 1 80
26 2 11
26 3 51
26 4 29
26 5 39
26 6 1
26 7 8
26 8 64
26 9 65
26 10 76
26 11 59
26 12 30
26 13 52
26 14 70
26 15 70
26 16 9
26 17 62
26 18 68
26 19 5
26 20 14
26 21 28
26 22 57
26 23 79
26 24 63
26 25 65
27 0 59
27 1 43
27 2 27
27 3 33
27 4 33
27 5 56
27 6 4
27 7 39
27 8 75
27 9 79
27 10 48
27 11 9
27 12 79
27 13 58
27 14 77
27 15 32
27 16 1
27 17 73
27 18 5
27 19 69
27 20 5
27 21 5
27 22 19
27 23 47
27 24 62
27 25 72
27 26 31
28 0 80
28 1 12
28 2 58
28 3 32
28 4 41
28 5 19
28 6 20
28 7 31
28 8 39
28 9 67
28 10 63
28 11 42
28 12 4
28 13 67
28 14 19
28 15 55
28 16 68
28 17 57
28 18 35
28 19 22
28 20 72
28 21 41
28 22 38
28 23 56
28 24 63
28 25 16
28 26 27
28 27 47
29 0 12
29 1 9
29 2 72
29 3 53
29 4 14
29 5 11
29 6 76
29 7 53
29 8 26
29 9 50
29 10 3
29 11 7
29 12 65
29 13 26
29 14 14
29 15 37
29 16 30
29 17 59
29 18 57
29 19 17
29 20 29
29 21 58
29 22 75
29 23 56
29 24 21
29 25 21
29 26 10
29 27 66
29 28 11
30 0 56
30 1 16
30 2 19
30 3 46
30 4 68
30 5 26
30 6 9
30 7 12
30 8 69
30 9 62
30 10 75
30 11 47
30 12 46
30 13 9
30 14 77
30 15 72
30 16 77
30 17 49
30 18 5
30 19 35
30 20 63
30 21 23
30 22 17
30 23 36
30 24 36
30 25 77
30 26 75
30 27 57
30 28 72
30 29 25
31 0 24
31 1 20
31 2 78
31 3 71
31 4 27
31 5 12
31 6 33
31 7 32
31 8 1
31 9 21
31 10 49
31 11 62
31 12 7
31 13 67
31 14 65
31 15 73
31 16 42
31 17 69
31 18 9
31 19 6
31 20 22
31 21 30
31 22 64
31 23 23
31 24 40
31 25 78
31 26 53
31 27 13
31 28 63
31 29 47
31 30 27
32 0 15
32 1 52
32 2 76
32 3 70
32 4 26
32 5 42
32 6 28
32 7 6
32 8 21
32 9 12
32 10 66
32 11 20
32 12 73
32 13 60
32 14 59
32 15 41
32 16 80
32 17 53
32 18 20
32 19 57
32 20 52
32 21 20
32 22 33
32 23 48
32 24 31
32 25 16
32 26 57
32 27 69
32 28 3
32 29 49
32 30 26
32 31 9
33 0 38
33 1 38
33 2 41
33 3 7
33 4 79
33 5 24
33 6 50
33 7 28
33 8 68
33 9 19
33 10 7
33 11 41
33 12 37
33 13 66
33 14 76
33 15 56
33 16 80
33 17 5
33 18 1
33 19 63
33 20 36
33 21 58
33 22 61
33 23 42
33 24 42
33 25 1
33 26 24
33 27 54
33 28 70
33 29 57
33 30 24
33 31 68
33 32 32
34 0 71
34 1 41
34 2 42
34 3 68
34 4 40
34 5 34
34 6 36
34 7 67
34 8 30
34 9 5
34 10 40
34 11 72
34 12 69
34 13 3
34 14 55
34 15 35
34 16 48
34 17 28
34 18 61
34 19 40
34 20 37
34 21 43
34 22 59
34 23 66
34 24 57
34 25 12
34 26 22
34 27 45
34 28 59
34 29 61
34 30 51
34 31 43
34 32 73
34 33 63
35 0 60
35 1 20
35 2 50
35 3 79
35 4 51
35 5 41
35 6 31
35 7 39
35 8 7
35 9 65
35 10 38
35 11 32
35 12 35
35 13 58
35 14 62
35 15 54
35 16 73
35 17 56
35 18 48
35 19 50
35 20 56
35 21 38
35 22 45
35 23 26
35 24 64
35 25 47
35 26 6
35 27 59
35 28 34
35 29 67
35 30 68
35 31 23
35 32 30
35 33 66
35 34 25
36 0 28
36 1 53
36 2 56
36 3 20
36 4 59
36 5 20
36 6 65
36 7 57
36 8 15
36 9 1
36 10 1
36 11 7
36 12 38
36 13 65
36 14 53
36 15 6
36 16 52
36 17 44
36 18 52
36 19 50
36 20 35
36 21 57
36 22 72
36 23 25
36 24 75
36 25 37
36 26 32
36 27 59
36 28 2
36 29 39
36 30 33
36 31 57
36 32 16
36 33 10
36 34 51
36 35 42
37 0 55
37 1 46
37 2 32
37 3 39
37 4 13
37 5 75
37 6 9
37 7 35
37 8 21
37 9 51
37 10 53
37 11 7
37 12 67
37 13 40
37 14 31
37 15 22
37 16 49
37 17 23
37 18 67
37 19 46
37 20 53
37 21 55
37 22 36
37 23 57
37 24 77
37 25 80
37 26 77
37 27 68
37 28 60
37 29 78
37 30 73
37 31 58
37 32 51
37 33 46
37 34 76
37 35 1
37 36 50
38 0 51
38 1 32
38 2 45
38 3 35
38 4 53
38 5 43
38 6 33
38 7 74
38 8 21
38 9 45
38 10 44
38 11 26
38 12 72
38 13 1
38 14 77
38 15 56
38 16 8
38 17 21
38 18 37
38 19 74
38 20 10
38 21 32
38 22 11
38 23 60
38 24 64
38 25 31
38 26 62
38 27 20
38 28 12
38 29 43
38 30 13
38 31 27
38 32 67
38 33 59
38 34 35
38 35 16
38 36 51
38 37 45
39 0 71
39 1 6
39 2 36
39 3 57
39 4 45
39 5 28
39 6 45
39 7 16
39 8 79
39 9 22
39 10 20
39 11 1
39 12 46
39 13 38
39 14 60
39 15 47
39 16 56
39 17 23
39 18 26
39 19 2
39 20 26
39 21 31
39 22 78
39 23 73
39 24 71
39 25 33
39 26 78
39 27 28
39 28 52
39 29 40
39 30 14
39 31 32
39 32 62
39 33 64
39 34 78
39 35 1
39 36 74
39 37 54
39 38 19
40 0 24
40 1 73
40 2 69
40 3 45
40 4 57
40 5 2
40 6 72
40 7 67
40 8 18
40 9 61
40 10 58
40 11 61
40 12 72
40 13 22
40 14 8
40 15 73
40 16 27
40 17 51
40 18 18
40 19 45
40 20 62
40 21 68
40 22 70
40 23 16
40 24 79
40 25 15
40 26 66
40 27 38
40 28 9
40 29 10
40 30 30
40 31 22
40 32 18
40 33 17
40 34 15
40 35 61
40 36 10
40 37 38
40 38 1
40 39 67
41 0 58
41 1 13
41 2 53
41 3 20
41 4 2
41 5 7
41 6 38
41 7 34
41 8 45
41 9 61
41 10 25
41 11 55
41 12 58
41 13 9
41 14 34
41 15 23
41 16 35
41 17 36
41 18 4
41 19 55
41 20 10
41 21 76
41 22 40
41 23 65
41 24 60
41 25 77
41 26 8
41 27 27
41 28 51
41 29 62
41 30 11
41 31 7
41 32 9
41 33 51
41 34 59
41 35 19
41 36 24
41 37 18
41 38 45
41 39 75
41 40 53
42 0 73
42 1 24
42 2 23
42 3 80
42 4 32
42 5 54
42 6 11
42 7 77
42 8 48
42 9 30
42 10 70
42 11 37
42 12 73
42 13 6
42 14 18
42 15 41
42 16 19
42 17 37
42 18 69
42 19 17
42 20 26
42 21 78
42 22 20
42 23 79
42 24 24
42 25 52
42 26 74
42 27 30
42 28 46
42 29 21
42 30 24
42 31 2
42 32 36
42 33 62
42 34 56
42 35 35
42 36 72
42 37 38
42 38 78
42 39 59
42 40 55
42 41 57
43 0 20
43 1 61
43 2 50
43 3 72
43 4 35
43 5 68
43 6 43
43 7 6
43 8 37
43 9 21
43 10 38
43 11 42
43 12 54
43 13 30
43 14 2
43 15 76
43 16 50
43 17 50
43 18 67
43 19 22
43 20 16
43 21 14
43 22 67
43 23 17
43 24 75
43 25 60
43 26 39
43 27 77
43 28 71
43 29 70
43 30 21
43 31 65
43 32 28
43 33 66
43 34 17
43 35 41
43 36 34
43 37 56
43 38 13
43 39 46
43 40 16
43 41 45
43 42 77
44 0 1
44 1 66
44 2 53
44 3 68
44 4 5
44 5 14
44 6 79
44 7 75
44 8 78
44 9 38
44 10 58
44 11 7
44 12 72
44 13 15
44 14 39
44 15 8
44 16 32
44 17 24
44 18 22
44 19 57
44 20 15
44 21 35
44 22 39
44 23 58
44 24 7
44 25 46
44 26 46
44 27 51
44 28 28
44 29 37
44 30 12
44 31 23
44 32 58
44 33 56
44 34 40
44 35 34
44 36 7
44 37 32
44 38 72
44 39 31
44 40 23
44 41 51
44 42 22
44 43 9
45 0 64
45 1 14
45 2 75
45 3 13
45 4 9
45 5 31
45 6 44
45 7 60
45 8 2
45 9 76
45 10 41
45 11 45
45 12 26
45 13 8
45 14 32
45 15 12
45 16 34
45 17 32
45 18 21
45 19 11
45 20 2
45 21 17
45 22 55
45 23 27
45 24 62
45 25 35
45 26 17
45 27 63
45 28 55
45 29 17
45 30 25
45 31 13
45 32 39
45 33 47
45 34 79
45 35 78
45 36 33
45 37 33
45 38 74
45 39 58
45 40 8
45 41 68
45 42 44
45 43 66
45 44 31
46 0 34
46 1 37
46 2 71
46 3 32
46 4 27
46 5 15
46 6 63
46 7 10
46 8 49
46 9 9
46 10 46
46 11 33
46 12 16
46 13 7
46 14 13
46 15 79
46 16 11
46 17 11
46 18 20
46 19 4
46 20 36
46 21 6
46 22 11
46 23 38
46 24 15
46 25 13
46 26 10
46 27 55
46 28 9
46 29 80
46 30 64
46 31 63
46 32 50
46 33 23
46 34 40
46 35 26
46 36 11
46 37 19
46 38 41
46 39 11
46 40 69
46 41 50
46 42 75
46 43 57
46 44 61
46 45 72
47 0 28
47 1 28
47 2 19
47 3 59
47 4 42
47 5 79
47 6 46
47 7 7
47 8 75
47 9 20
47 10 39
47 11 36
47 12 72
47 13 35
47 14 1
47 15 75
47 16 22
47 17 21
47 18 67
47 19 45
47 20 39
47 21 52
47 22 52
47 23 48
47 24 78
47 25 68
47 26 10
47 27 79
47 28 33
47 29 60
47 30 62
47 31 11
47 32 38
47 33 10
47 34 43
47 35 59
47 36 53
47 37 11
47 38 76
47 39 21
47 40 63
47 41 31
47 42 32
47 43 25
47 44 74
47 45 25
47 46 53
48 0 80
48 1 3
48 2 61
48 3 49
48 4 3
48 5 47
48 6 5
48 7 6
48 8 22
48 9 52
48 10 57
48 11 5
48 12 57
48 13 48
48 14 67
48 15 69
48 16 26
48 17 26
48 18 63
48 19 58
48 20 18
48 21 28
48 22 45
48 23 9
48 24 6
48 25 46
48 26 10
48 27 64
48 28 41
48 29 30
48 30 37
48 31 25
48 32 25
48 33 18
48 34 22
48 35 30
48 36 35
48 37 19
48 38 36
48 39 33
48 40 77
48 41 19
48 42 60
48 43 25
48 44 4
48 45 9
48 46 37
48 47 3
49 0 74
49 1 58
49 2 66
49 3 46
49 4 63
49 5 48
49 6 36
49 7 48
49 8 13
49 9 12
49 10 15
49 11 55
49 12 78
49 13 13
49 14 14
49 15 65
49 16 33
49 17 57
49 18 62
49 19 66
49 20 28
49 21 73
49 22 63
49 23 68
49 24 78
49 25 4
49 26 31
49 27 72
49 28 65
49 29 79
49 30 15
49 31 6
49 32 19
49 33 79
49 34 54
49 35 24
49 36 21
49 37 15
49 38 2
49 39 30
49 40 21
49 41 51
49 42 58
49 43 54
49 44 54
49 45 23
49 46 60
49 47 80
49 48 7
