40
1 0 1
2 0 7
2 1 2
3 0 4
3 1 10
3 2 2
4 0 8
4 1 3
4 2 3
4 3 5
5 0 5
5 2 10
6 0 8
6 1 5
6 2 7
6 3 4
7 0 3
7 1 4
7 2 2
7 3 8
7 4 3
7 5 2
7 6 2
8 0 4
8 1 5
8 2 8
8 3 9
8 4 6
8 5 10
8 6 4
9 2 6
9 3 10
9 4 4
9 5 5
9 6 10
9 7 9
10 0 1
10 2 3
10 3 9
10 4 1
10 5 1
10 6 7
10 7 6
10 8 10
10 9 5
11 0 2
11 1 8
11 2 3
11 4 3
11 5 2
11 7 6
11 8 8
11 9 7
11 10 2
12 0 3
12 1 3
12 2 1
12 3 8
12 4 4
12 5 9
12 6 7
12 7 9
12 8 4
12 9 10
12 10 1
12 11 10
13 0 6
13 1 3
13 2 4
13 3 2
13 5 2
13 6 9
13 7 7
13 8 1
13 9 2
13 10 2
13 11 7
13 12 7
14 1 3
14 2 5
14 3 6
14 4 6
14 5 10
14 6 4
14 8 10
14 9 10
14 10 6
15 0 6
15 1 2
15 2 2
15 3 8
15 5 10
15 6 5
15 7 3
15 8 7
15 9 10
15 10 10
15 11 6
15 12 7
15 13 3
15 14 3
16 0 10
16 1 6
16 2 2
16 4 3
16 5 4
16 6 4
16 7 1
16 8 2
16 9 3
16 10 6
16 11 10
16 12 1
16 14 7
16 15 2
17 0 8
17 2 1
17 3 4
17 4 10
17 5 3
17 6 2
17 8 2
17 10 1
17 11 7
17 12 10
17 13 4
17 15 5
18 0 6
18 1 8
18 2 5
18 4 5
18 5 10
18 6 7
18 7 5
18 9 4
18 10 9
18 11 8
18 12 1
18 13 8
18 15 2
18 16 3
18 17 2
19 1 7
19 3 3
19 4 2
19 5 2
19 6 4
19 7 10
19 8 4
19 10 5
19 11 9
19 12 3
19 13 6
19 14 10
19 15 8
19 16 3
19 17 6
19 18 10
20 1 2
20 2 2
20 4 1
20 5 7
20 6 3
20 8 5
20 10 6
20 11 4
20 12 9
20 13 4
20 14 10
20 15 8
20 16 9
20 17 10
20 18 2
20 19 9
21 3 10
21 5 2
21 6 10
21 10 5
21 11 8
21 12 7
21 13 3
21 14 9
21 15 1
21 16 8
21 17 3
21 18 9
21 19 8
21 20 1
22 0 1
22 2 5
22 3 1
22 4 10
22 7 2
22 10 4
22 11 4
22 12 7
22 14 7
22 15 7
22 16 10
22 17 6
22 18 2
22 19 5
22 20 6
23 0 10
23 1 4
23 2 10
23 4 7
23 5 6
23 6 4
23 7 6
23 8 3
23 9 3
23 10 4
23 11 10
23 12 7
23 13 3
23 14 3
23 15 3
23 17 5
23 18 8
23 19 3
23 20 8
23 21 8
23 22 7
24 1 10
24 2 9
24 3 8
24 4 8
24 5 6
24 6 7
24 9 3
24 10 4
24 12 10
24 14 7
24 15 7
24 16 7
24 17 10
24 18 9
24 19 5
24 20 8
24 21 10
25 0 7
25 1 9
25 2 9
25 4 5
25 5 3
25 6 3
25 8 2
25 9 4
25 10 8
25 12 1
25 13 6
25 15 6
25 16 2
25 17 5
25 18 4
25 19 4
25 21 5
25 22 3
25 23 1
25 24 9
26 0 1
26 2 6
26 3 8
26 4 2
26 7 10
26 10 3
26 11 5
26 12 8
26 13 8
26 14 9
26 15 9
26 16 5
26 18 5
26 20 1
26 21 5
26 22 2
26 23 1
26 24 4
26 25 9
27 0 6
27 1 6
27 2 10
27 3 1
27 5 5
27 6 1
27 8 2
27 9 5
27 11 2
27 13 2
27 14 8
27 15 6
27 17 7
27 18 10
27 20 3
27 21 10
27 22 2
27 23 10
27 24 3
28 0 4
28 1 3
28 2 6
28 3 9
28 5 5
28 6 9
28 7 8
28 8 8
28 9 4
28 10 4
28 11 9
28 12 6
28 15 7
28 16 4
28 18 9
28 19 2
28 20 3
28 22 7
28 25 9
28 26 6
28 27 6
29 0 7
29 1 5
29 2 6
29 3 2
29 4 6
29 5 3
29 7 7
29 8 7
29 9 2
29 10 6
29 11 1
29 12 4
29 13 8
29 14 1
29 15 2
29 16 5
29 17 6
29 18 9
29 21 8
29 22 3
29 24 7
29 25 10
29 26 2
29 27 2
29 28 2
30 2 10
30 3 9
30 4 1
30 5 4
30 6 7
30 8 6
30 9 10
30 10 3
30 11 2
30 12 6
30 13 8
30 14 2
30 15 2
30 16 2
30 17 4
30 18 5
30 19 1
30 20 9
30 21 3
30 22 1
30 23 4
30 24 4
30 25 6
30 26 3
30 27 9
30 28 4
30 29 5
31 0 1
31 2 2
31 3 2
31 4 4
31 5 4
31 6 1
31 8 8
31 9 5
31 10 2
31 11 1
31 12 9
31 15 9
31 16 7
31 17 9
31 18 10
31 19 1
31 20 7
31 21 10
31 22 2
31 23 9
31 24 10
31 25 7
31 26 3
31 28 9
31 29 10
32 0 4
32 3 7
32 5 3
32 6 8
32 8 2
32 9 8
32 10 1
32 12 3
32 13 1
32 14 5
32 15 8
32 16 6
32 17 7
32 19 2
32 20 9
32 21 6
32 23 4
32 24 8
32 27 3
32 29 5
32 30 1
32 31 10
33 0 6
33 1 9
33 2 6
33 4 4
33 5 9
33 6 2
33 7 5
33 8 9
33 10 4
33 11 8
33 12 5
33 13 4
33 14 7
33 15 2
33 16 6
33 17 8
33 18 2
33 19 1
33 20 1
33 21 1
33 22 6
33 24 6
33 25 5
33 26 1
33 27 9
33 28 1
33 29 5
33 30 4
33 32 6
34 0 10
34 1 1
34 2 6
34 3 6
34 4 2
34 5 6
34 6 5
34 7 6
34 8 4
34 10 1
34 11 10
34 12 9
34 13 6
34 15 3
34 16 4
34 17 7
34 18 5
34 19 9
34 20 2
34 21 9
34 22 8
34 23 9
34 24 5
34 25 5
34 26 2
34 27 2
34 28 2
34 29 5
34 31 7
34 32 3
34 33 7
35 0 9
35 1 8
35 2 7
35 3 10
35 4 9
35 5 8
35 6 10
35 7 2
35 8 6
35 9 9
35 10 8
35 11 8
35 12 8
35 14 5
35 15 4
35 16 3
35 18 5
35 22 7
35 23 7
35 24 8
35 28 6
35 29 1
35 30 1
35 31 9
35 32 2
35 33 9
35 34 6
36 0 8
36 1 6
36 2 7
36 3 7
36 4 5
36 7 5
36 8 3
36 10 9
36 11 6
36 13 2
36 15 10
36 16 1
36 17 2
36 18 6
36 21 10
36 23 6
36 24 5
36 25 2
36 26 8
36 27 10
36 28 6
36 29 4
36 30 5
36 31 7
36 32 3
36 33 8
36 34 6
36 35 6
37 0 8
37 1 3
37 2 10
37 3 1
37 5 1
37 6 5
37 7 4
37 8 3
37 9 9
37 10 2
37 11 2
37 12 7
37 13 7
37 16 6
37 17 10
37 18 1
37 20 4
37 21 2
37 23 1
37 24 8
37 25 2
37 26 5
37 28 4
37 30 5
37 31 9
37 32 1
37 33 7
37 34 7
37 35 6
38 0 4
38 1 6
38 3 2
38 4 2
38 5 7
38 6 1
38 7 2
38 8 4
38 9 8
38 10 6
38 11 7
38 12 4
38 13 4
38 14 10
38 15 9
38 16 3
38 17 9
38 18 2
38 19 3
38 21 5
38 22 6
38 23 2
38 24 5
38 25 10
38 26 6
38 28 2
38 29 8
38 31 2
38 32 1
38 33 3
38 34 7
38 36 5
38 37 4
39 0 5
39 2 8
39 3 4
39 4 10
39 5 1
39 6 9
39 8 8
39 9 8
39 10 6
39 11 9
39 12 2
39 13 3
39 17 7
39 18 3
39 20 3
39 21 4
39 22 9
39 24 5
39 25 3
39 28 1
39 29 9
39 30 5
39 31 8
39 32 9
39 35 3
39 36 7
39 37 10
