70
1 0 69
2 1 50
3 0 10
3 1 39
3 2 16
4 0 20
4 2 68
5 0 68
5 1 61
5 2 47
5 4 62
6 3 76
6 4 47
6 5 79
7 0 78
7 1 25
7 2 1
7 3 23
7 4 54
7 6 63
8 0 71
8 1 46
8 3 10
8 5 37
9 1 15
9 2 55
9 3 19
9 4 80
9 5 75
9 6 69
9 7 78
9 8 57
10 1 52
10 2 29
10 4 31
10 5 22
10 6 61
10 7 15
10 8 41
11 0 6
11 3 5
11 4 46
11 5 79
11 6 77
11 7 76
11 8 78
12 0 4
12 1 32
12 2 32
12 3 5
12 4 19
12 5 24
12 6 21
12 7 69
12 8 47
12 10 5
12 11 41
13 0 22
13 1 33
13 2 15
13 3 24
13 4 62
13 5 1
13 6 27
13 8 37
13 9 19
13 10 2
14 0 63
14 1 57
14 2 12
14 4 1
14 5 22
14 6 4
14 7 9
14 8 43
14 11 14
14 12 69
14 13 50
15 0 80
15 1 16
15 2 18
15 3 19
15 4 23
15 5 69
15 6 30
15 7 16
15 8 19
15 11 16
15 12 15
15 13 60
16 0 56
16 1 43
16 3 61
16 5 12
16 7 58
16 8 11
16 9 33
16 10 40
16 11 33
16 12 12
16 13 44
16 14 38
16 15 19
17 0 36
17 2 44
17 3 23
17 4 3
17 5 15
17 6 74
17 7 60
17 8 42
17 9 2
17 10 72
17 12 74
17 14 69
17 16 25
18 0 72
18 2 79
18 4 38
18 6 38
18 8 44
18 10 30
18 12 33
18 15 61
18 16 26
18 17 40
19 0 9
19 1 19
19 2 69
19 3 65
19 5 72
19 6 36
19 8 71
19 10 49
19 11 78
19 13 15
19 14 61
19 15 5
19 17 50
19 18 56
20 0 58
20 2 64
20 3 34
20 4 26
20 5 11
20 6 31
20 8 1
20 9 27
20 10 25
20 12 26
20 13 52
20 16 40
20 17 52
20 18 10
21 0 74
21 1 22
21 2 63
21 3 54
21 5 29
21 6 56
21 7 2
21 8 79
21 9 10
21 11 75
21 12 52
21 13 1
21 15 3
21 16 14
21 18 16
22 0 77
22 1 1
22 2 42
22 3 26
22 4 68
22 6 70
22 7 80
22 8 42
22 9 66
22 10 40
22 11 53
22 12 35
22 13 34
22 14 4
22 15 43
22 16 69
22 17 40
22 18 42
22 20 12
23 0 10
23 2 46
23 4 31
23 5 80
23 6 54
23 7 73
23 10 18
23 11 11
23 13 14
23 14 68
23 16 59
23 17 5
23 19 37
23 20 30
23 21 36
23 22 17
24 3 46
24 5 23
24 7 38
24 8 58
24 10 55
24 11 13
24 12 12
24 13 22
24 14 77
24 17 17
24 19 14
24 21 1
25 1 26
25 2 54
25 3 60
25 4 74
25 5 21
25 8 39
25 9 17
25 10 1
25 12 17
25 13 6
25 14 39
25 15 8
25 17 33
25 18 74
25 19 35
25 20 46
25 21 45
25 23 48
25 24 43
26 0 25
26 1 25
26 2 80
26 4 48
26 6 72
26 8 67
26 10 71
26 11 66
26 12 61
26 14 52
26 15 7
26 16 11
26 17 57
26 20 28
26 21 78
26 22 49
26 23 21
27 1 53
27 2 30
27 3 18
27 4 54
27 6 46
27 9 72
27 10 70
27 14 56
27 15 57
27 16 78
27 17 60
27 18 6
27 19 26
27 20 40
27 21 65
27 22 75
27 23 74
27 24 7
27 25 38
27 26 75
28 0 44
28 1 60
28 2 12
28 3 45
28 5 1
28 6 75
28 7 42
28 8 35
28 11 50
28 12 29
28 13 79
28 14 24
28 15 4
28 16 3
28 17 64
28 20 17
28 21 4
28 22 76
28 23 67
28 25 78
28 26 74
28 27 50
29 0 6
29 2 61
29 3 53
29 5 13
29 7 35
29 8 34
29 9 56
29 12 56
29 13 9
29 14 60
29 19 66
29 20 47
29 21 40
29 23 43
29 25 36
29 26 49
29 28 45
30 2 26
30 3 15
30 4 36
30 5 43
30 6 10
30 8 58
30 9 66
30 10 4
30 11 52
30 14 67
30 15 63
30 18 45
30 19 29
30 20 59
30 21 42
30 22 13
30 27 45
30 28 49
30 29 16
31 0 7
31 1 23
31 2 57
31 3 22
31 4 36
31 7 57
31 8 2
31 10 4
31 11 2
31 14 73
31 16 61
31 17 18
31 18 55
31 19 72
31 20 57
31 22 50
31 23 40
31 25 43
31 26 69
31 27 25
31 28 69
31 29 35
31 30 8
32 0 24
32 1 30
32 2 79
32 4 8
32 7 27
32 9 1
32 10 27
32 11 41
32 13 72
32 14 78
32 16 57
32 17 17
32 18 24
32 20 17
32 21 70
32 22 31
32 23 17
32 26 18
32 27 42
32 28 64
32 29 7
32 30 13
33 0 15
33 1 67
33 2 10
33 3 20
33 4 51
33 5 31
33 7 75
33 10 12
33 13 28
33 14 23
33 15 53
33 16 5
33 19 8
33 20 12
33 22 50
33 24 17
33 25 47
33 26 78
33 28 33
33 30 64
34 1 37
34 2 78
34 4 60
34 5 32
34 6 17
34 7 14
34 9 64
34 10 73
34 11 18
34 12 33
34 14 18
34 17 78
34 18 61
34 19 47
34 20 2
34 23 52
34 24 69
34 25 79
34 27 69
34 28 36
34 29 51
34 31 36
35 0 10
35 4 55
35 6 69
35 7 30
35 11 21
35 12 68
35 13 22
35 14 33
35 16 61
35 17 80
35 18 79
35 19 16
35 20 65
35 21 13
35 22 58
35 23 34
35 24 24
35 25 67
35 26 78
35 27 77
35 28 61
35 30 48
35 31 27
35 32 38
35 33 41
35 34 71
36 1 26
36 2 47
36 3 41
36 4 37
36 5 70
36 6 45
36 7 50
36 8 72
36 9 72
36 10 61
36 11 70
36 12 79
36 13 26
36 15 7
36 17 32
36 18 76
36 19 51
36 20 10
36 21 29
36 22 74
36 23 39
36 24 77
36 25 36
36 26 35
36 27 11
36 28 39
36 29 71
36 30 62
36 31 73
36 34 36
36 35 37
37 1 43
37 2 5
37 3 67
37 4 12
37 7 36
37 9 52
37 10 78
37 11 3
37 12 77
37 13 52
37 15 51
37 17 74
37 18 3
37 19 49
37 20 3
37 21 46
37 23 63
37 25 64
37 26 9
37 27 70
37 29 64
37 30 2
37 31 38
37 32 70
37 33 56
37 34 77
37 35 64
38 1 11
38 2 58
38 3 13
38 6 74
38 7 65
38 8 16
38 10 36
38 11 44
38 15 5
38 16 31
38 18 54
38 19 33
38 20 56
38 21 22
38 23 7
38 26 26
38 27 48
38 28 4
38 30 7
38 31 24
38 32 70
38 33 77
38 34 8
38 35 21
38 36 14
39 0 67
39 1 79
39 3 55
39 6 15
39 8 33
39 9 27
39 10 79
39 14 80
39 15 21
39 16 50
39 17 25
39 18 21
39 19 27
39 21 69
39 23 29
39 24 27
39 25 56
39 26 29
39 27 5
39 30 5
39 31 16
39 32 39
39 34 62
39 36 7
39 37 21
39 38 63
40 2 49
40 3 25
40 7 77
40 9 57
40 10 76
40 11 31
40 13 47
40 15 22
40 16 51
40 21 61
40 22 10
40 23 21
40 24 1
40 25 14
40 26 8
40 27 22
40 29 45
40 30 28
40 31 63
40 32 61
40 35 64
40 36 39
40 37 2
40 38 17
40 39 15
41 5 55
41 6 74
41 8 2
41 9 78
41 10 28
41 11 73
41 14 79
41 15 15
41 16 78
41 17 45
41 18 7
41 20 25
41 21 6
41 22 14
41 23 67
41 24 25
41 25 6
41 26 1
41 27 27
41 28 49
41 29 15
41 30 23
41 31 21
41 32 80
41 34 64
41 35 45
41 36 21
41 38 29
41 40 54
42 0 34
42 1 52
42 2 22
42 3 80
42 4 6
42 5 9
42 6 78
42 7 67
42 8 66
42 9 64
42 10 1
42 11 74
42 13 9
42 15 9
42 16 26
42 17 33
42 18 55
42 19 60
42 20 9
42 21 63
42 23 77
42 25 1
42 26 18
42 27 22
42 31 27
42 34 79
42 35 38
42 36 22
42 38 44
42 39 44
42 40 39
42 41 20
43 0 5
43 2 71
43 3 75
43 4 66
43 5 74
43 6 1
43 7 37
43 8 69
43 9 38
43 10 39
43 11 17
43 14 71
43 15 28
43 19 75
43 21 6
43 22 54
43 23 66
43 24 66
43 25 76
43 26 7
43 27 34
43 29 35
43 32 2
43 33 79
43 35 30
43 36 15
43 37 3
43 38 28
43 39 50
43 41 42
43 42 43
44 0 24
44 1 18
44 2 73
44 3 53
44 6 7
44 10 40
44 12 2
44 13 40
44 15 8
44 16 74
44 17 26
44 18 21
44 19 18
44 20 41
44 22 21
44 25 28
44 26 24
44 27 49
44 28 55
44 29 32
44 30 35
44 32 70
44 33 15
44 40 22
44 42 24
44 43 36
45 0 14
45 2 13
45 3 13
45 4 59
45 5 7
45 7 58
45 8 2
45 10 74
45 11 2
45 12 38
45 13 72
45 15 78
45 16 19
45 18 64
45 20 50
45 22 20
45 24 73
45 26 52
45 27 66
45 30 3
45 32 11
45 33 9
45 35 23
45 36 50
45 38 24
45 41 7
45 44 59
46 2 2
46 4 48
46 5 79
46 7 43
46 10 33
46 11 41
46 13 47
46 14 54
46 15 4
46 17 77
46 19 33
46 20 39
46 21 2
46 22 61
46 23 4
46 24 65
46 26 58
46 27 67
46 29 63
46 30 25
46 31 67
46 33 14
46 37 36
46 41 5
46 42 64
46 44 15
46 45 35
47 0 23
47 1 30
47 2 45
47 4 64
47 6 74
47 8 40
47 12 31
47 13 44
47 14 42
47 15 16
47 17 1
47 19 40
47 21 74
47 23 34
47 24 37
47 25 12
47 26 13
47 27 52
47 28 55
47 29 57
47 31 18
47 33 59
47 34 15
47 37 32
47 39 9
47 40 31
47 42 65
47 43 72
47 44 40
47 45 23
48 0 47
48 2 43
48 3 71
48 6 52
48 9 51
48 10 41
48 12 53
48 13 9
48 15 27
48 16 62
48 17 79
48 18 35
48 19 30
48 22 50
48 24 10
48 25 74
48 29 66
48 30 55
48 31 9
48 32 2
48 33 30
48 37 57
48 38 45
48 39 51
48 40 8
48 41 57
48 44 28
48 45 31
49 0 79
49 6 22
49 7 75
49 9 53
49 11 67
49 13 74
49 15 51
49 17 40
49 18 56
49 19 74
49 20 23
49 22 6
49 23 8
49 24 11
49 27 37
49 29 14
49 32 55
49 34 47
49 37 60
49 39 14
49 41 36
49 42 11
49 43 76
49 44 1
49 47 1
49 48 57
50 0 74
50 1 62
50 2 78
50 3 52
50 4 35
50 5 76
50 6 55
50 7 74
50 8 66
50 9 49
50 10 80
50 11 68
50 12 56
50 13 71
50 14 35
50 15 23
50 16 62
50 17 7
50 20 40
50 22 22
50 26 55
50 27 11
50 29 45
50 30 11
50 31 58
50 32 49
50 33 21
50 34 34
50 36 27
50 38 15
50 39 54
50 40 8
50 41 49
50 42 12
50 43 46
50 45 22
50 46 70
50 47 74
50 48 72
51 1 24
51 2 50
51 5 3
51 6 55
51 7 42
51 8 27
51 10 15
51 11 10
51 12 76
51 13 5
51 14 31
51 15 54
51 16 9
51 18 28
51 20 49
51 21 8
51 23 32
51 24 1
51 25 61
51 26 42
51 27 9
51 28 28
51 29 28
51 30 48
51 31 62
51 32 56
51 33 47
51 34 30
51 36 24
51 37 17
51 39 31
51 40 17
51 42 29
51 43 66
51 44 3
51 46 8
51 48 55
51 49 60
52 0 73
52 3 51
52 5 78
52 7 1
52 8 37
52 9 63
52 12 60
52 13 38
52 15 62
52 16 34
52 17 28
52 18 55
52 19 66
52 21 4
52 24 15
52 29 43
52 30 51
52 31 10
52 33 46
52 34 27
52 37 37
52 38 10
52 39 32
52 40 38
52 43 47
52 44 2
52 45 42
52 46 28
52 49 25
52 50 22
53 0 42
53 4 7
53 5 40
53 6 47
53 10 27
53 13 2
53 14 69
53 15 40
53 16 31
53 17 79
53 18 47
53 21 45
53 22 29
53 27 52
53 30 47
53 31 22
53 32 78
53 37 2
53 38 39
53 39 64
53 40 47
53 41 21
53 43 54
53 44 65
53 46 60
53 47 59
53 48 28
53 49 12
53 51 77
53 52 41
54 2 74
54 4 52
54 5 1
54 6 54
54 7 2
54 8 55
54 9 53
54 13 71
54 16 62
54 17 9
54 18 54
54 19 60
54 21 66
54 22 56
54 23 36
54 24 22
54 26 80
54 29 14
54 30 29
54 32 7
54 34 5
54 35 77
54 36 39
54 37 58
54 38 57
54 39 5
54 41 23
54 42 37
54 43 34
54 45 32
54 47 54
54 48 10
54 49 59
54 50 5
54 51 60
54 52 47
55 0 4
55 1 71
55 2 6
55 3 46
55 4 58
55 6 39
55 8 17
55 12 53
55 14 21
55 15 45
55 17 31
55 21 80
55 24 73
55 25 37
55 27 20
55 28 80
55 30 9
55 32 12
55 34 61
55 37 53
55 38 2
55 39 38
55 40 41
55 41 44
55 42 80
55 45 77
55 48 27
55 50 43
55 52 42
55 53 53
55 54 23
56 0 9
56 1 7
56 3 73
56 4 55
56 5 76
56 7 17
56 8 5
56 9 17
56 10 69
56 11 42
56 12 12
56 13 45
56 15 32
56 16 67
56 17 40
56 18 78
56 19 48
56 21 40
56 22 47
56 23 2
56 24 48
56 28 61
56 29 60
56 30 70
56 33 40
56 35 36
56 39 47
56 40 37
56 41 71
56 43 62
56 45 19
56 46 33
56 47 75
56 48 19
56 49 21
56 50 31
56 51 69
56 52 80
56 53 12
56 54 34
57 0 9
57 2 49
57 3 24
57 4 75
57 6 1
57 7 12
57 8 62
57 9 72
57 11 56
57 12 10
57 13 8
57 14 16
57 15 3
57 16 13
57 17 44
57 18 53
57 21 62
57 22 68
57 23 20
57 24 34
57 25 50
57 26 26
57 27 5
57 28 62
57 30 11
57 31 17
57 33 15
57 35 39
57 36 20
57 37 62
57 38 73
57 39 44
57 40 7
57 42 20
57 43 22
57 44 70
57 46 63
57 47 64
57 48 75
57 49 18
57 50 62
57 52 26
57 53 72
57 56 33
58 2 75
58 4 57
58 5 19
58 8 51
58 9 23
58 10 1
58 11 5
58 12 74
58 14 50
58 20 28
58 21 56
58 22 53
58 23 28
58 24 58
58 27 63
58 29 33
58 30 37
58 31 9
58 32 70
58 34 35
58 35 52
58 36 20
58 37 51
58 38 33
58 39 41
58 43 71
58 44 13
58 45 31
58 46 8
58 47 56
58 48 8
58 49 24
58 50 21
58 51 4
58 54 8
58 55 20
58 56 60
58 57 44
59 0 64
59 1 11
59 4 37
59 5 3
59 6 19
59 7 3
59 8 48
59 9 51
59 11 33
59 13 63
59 14 52
59 15 13
59 17 44
59 18 43
59 19 33
59 20 59
59 21 9
59 22 3
59 24 76
59 27 22
59 30 34
59 31 67
59 32 9
59 33 22
59 36 17
59 39 56
59 40 65
59 41 47
59 43 31
59 44 66
59 45 43
59 46 14
59 50 45
59 51 73
59 52 26
59 53 24
59 54 25
59 55 57
59 57 2
59 58 70
60 1 26
60 2 73
60 4 39
60 5 53
60 6 30
60 7 63
60 8 34
60 9 30
60 10 50
60 11 35
60 12 36
60 13 70
60 16 20
60 19 79
60 22 31
60 23 58
60 24 64
60 25 41
60 27 78
60 28 59
60 29 60
60 32 43
60 33 28
60 34 75
60 36 18
60 37 51
60 39 10
60 43 62
60 45 52
60 48 28
60 49 59
60 50 41
60 51 4
60 54 70
60 56 25
60 57 10
60 58 58
60 59 19
61 0 55
61 2 29
61 4 20
61 5 7
61 6 31
61 8 48
61 9 74
61 11 76
61 12 68
61 15 13
61 18 41
61 19 15
61 20 69
61 21 56
61 23 76
61 24 13
61 25 9
61 30 13
61 31 24
61 32 73
61 34 10
61 35 23
61 36 2
61 38 9
61 39 55
61 40 47
61 42 30
61 43 6
61 45 38
61 47 55
61 48 31
61 49 54
61 53 22
61 54 37
61 55 2
61 56 79
61 57 67
61 58 68
61 59 25
61 60 30
62 0 38
62 1 38
62 2 70
62 3 76
62 4 79
62 6 67
62 8 69
62 9 23
62 10 27
62 11 5
62 13 21
62 14 15
62 15 23
62 17 16
62 19 2
62 22 6
62 24 17
62 25 9
62 26 68
62 27 42
62 28 54
62 30 36
62 32 71
62 33 13
62 34 65
62 37 63
62 38 80
62 39 34
62 41 32
62 43 25
62 46 17
62 47 5
62 48 5
62 49 57
62 50 79
62 51 14
62 52 6
62 53 63
62 54 67
62 56 13
62 57 37
62 58 73
62 60 67
62 61 62
63 1 20
63 2 24
63 3 12
63 5 80
63 7 71
63 8 29
63 9 11
63 11 41
63 12 19
63 13 3
63 14 49
63 15 3
63 16 49
63 17 40
63 18 41
63 19 56
63 20 6
63 21 60
63 22 16
63 24 71
63 25 70
63 26 74
63 29 77
63 30 78
63 31 48
63 34 44
63 35 56
63 36 38
63 39 2
63 40 38
63 41 19
63 42 13
63 43 18
63 44 27
63 45 37
63 46 50
63 47 44
63 53 25
63 54 4
63 55 34
63 56 63
63 57 76
63 60 39
63 61 42
63 62 69
64 1 54
64 2 30
64 3 2
64 4 65
64 5 60
64 7 49
64 8 10
64 10 7
64 11 33
64 13 2
64 14 57
64 16 55
64 18 69
64 19 31
64 20 48
64 21 69
64 22 16
64 23 21
64 24 24
64 26 66
64 30 10
64 31 22
64 32 77
64 33 69
64 35 47
64 39 42
64 40 38
64 41 30
64 42 36
64 43 57
64 44 20
64 46 64
64 47 16
64 48 72
64 50 20
64 52 46
64 54 68
64 55 24
64 56 49
64 58 48
64 59 38
64 61 2
64 62 56
65 2 80
65 3 39
65 5 57
65 6 58
65 7 5
65 8 12
65 9 7
65 10 10
65 11 16
65 13 46
65 15 26
65 16 26
65 17 6
65 18 79
65 20 57
65 21 31
65 22 45
65 23 23
65 24 12
65 25 69
65 26 20
65 28 19
65 29 48
65 30 41
65 31 30
65 32 8
65 33 36
65 34 53
65 35 58
65 36 25
65 38 15
65 39 58
65 40 28
65 41 19
65 43 6
65 44 28
65 45 41
65 46 68
65 47 31
65 48 11
65 49 41
65 50 69
65 51 52
65 52 36
65 53 68
65 56 18
65 57 32
65 58 36
65 59 56
65 60 74
65 62 4
66 0 51
66 1 49
66 2 10
66 3 9
66 4 70
66 5 46
66 6 37
66 11 74
66 12 73
66 13 3
66 14 64
66 15 58
66 16 42
66 19 27
66 20 42
66 21 58
66 23 16
66 24 39
66 25 64
66 27 32
66 28 73
66 30 39
66 31 8
66 32 17
66 33 72
66 35 21
66 38 18
66 40 74
66 41 34
66 43 40
66 44 36
66 45 54
66 46 71
66 47 7
66 48 23
66 50 35
66 51 9
66 53 27
66 54 55
66 56 65
66 57 25
66 58 36
66 59 42
66 60 38
66 61 63
66 65 53
67 0 17
67 1 9
67 2 12
67 3 53
67 4 34
67 5 8
67 6 63
67 7 19
67 8 16
67 9 48
67 11 77
67 12 9
67 13 73
67 14 7
67 15 31
67 16 22
67 18 77
67 20 26
67 23 10
67 24 24
67 25 61
67 26 15
67 27 35
67 28 24
67 30 70
67 31 15
67 32 24
67 33 77
67 35 57
67 36 45
67 37 49
67 38 53
67 39 66
67 40 66
67 41 35
67 43 7
67 44 54
67 45 47
67 46 31
67 49 80
67 51 52
67 52 41
67 53 46
67 56 10
67 57 70
67 58 9
67 60 67
67 62 62
67 63 74
67 64 66
67 65 33
67 66 66
68 0 46
68 2 49
68 3 52
68 4 31
68 6 62
68 7 74
68 8 50
68 9 77
68 10 58
68 11 71
68 12 40
68 13 65
68 14 37
68 16 52
68 17 25
68 18 35
68 19 74
68 20 20
68 21 22
68 22 55
68 26 70
68 27 66
68 28 73
68 29 20
68 31 67
68 32 57
68 35 30
68 36 80
68 37 66
68 38 21
68 39 36
68 40 47
68 44 43
68 46 58
68 47 12
68 48 23
68 49 57
68 51 63
68 52 46
68 54 58
68 56 68
68 58 79
68 59 5
68 60 38
68 61 14
68 62 31
68 63 48
68 64 52
68 65 60
68 66 51
69 0 69
69 2 36
69 4 17
69 5 6
69 6 80
69 7 48
69 8 14
69 9 39
69 10 16
69 11 43
69 12 75
69 16 73
69 17 4
69 18 74
69 19 77
69 20 13
69 23 21
69 24 15
69 25 3
69 26 54
69 28 10
69 29 35
69 31 5
69 32 26
69 33 44
69 35 70
69 36 2
69 37 77
69 38 18
69 40 40
69 41 68
69 43 14
69 44 62
69 46 65
69 47 76
69 48 19
69 50 29
69 51 77
69 52 80
69 56 50
69 59 61
69 62 2
69 65 44
69 66 26
