30
1 0 89
2 0 98
2 1 157
4 3 15
5 2 38
5 3 48
6 0 40
6 3 130
6 5 55
7 4 37
8 0 143
8 1 66
8 4 132
8 7 67
9 3 154
9 4 107
9 6 126
10 0 2
10 3 78
10 4 41
10 5 159
10 6 35
10 7 86
11 4 128
11 7 88
11 8 145
11 10 107
12 0 50
12 2 101
12 3 12
12 4 113
12 6 58
13 0 44
13 3 109
13 4 85
13 5 70
13 6 127
13 7 145
13 8 156
13 9 32
13 10 49
13 12 75
14 2 149
14 4 121
14 5 55
14 7 89
14 9 76
14 10 34
14 11 79
14 12 37
15 0 114
15 5 48
15 6 86
15 7 96
15 8 127
15 9 18
15 13 40
16 0 87
16 2 2
16 8 156
16 10 105
16 11 119
16 14 54
17 0 69
17 1 2
17 4 152
17 5 77
17 6 63
17 9 91
17 12 58
17 13 97
17 15 82
18 0 14
18 1 6
18 4 143
18 5 54
18 6 30
18 8 160
18 10 112
18 12 141
18 15 44
18 16 29
19 0 86
19 1 75
19 2 37
19 4 90
19 6 33
19 10 47
19 12 158
19 13 53
19 15 44
20 0 116
20 2 67
20 5 3
20 7 54
20 10 158
20 12 10
20 16 154
20 17 143
21 1 150
21 2 136
21 4 155
21 9 85
21 10 93
21 11 146
21 13 129
21 16 65
21 17 25
21 19 82
22 1 99
22 2 92
22 3 98
22 4 13
22 5 139
22 8 110
22 9 47
22 10 70
22 11 26
22 13 105
22 15 95
22 20 96
22 21 41
23 2 19
23 6 22
23 7 115
23 9 98
23 13 21
23 15 88
23 16 16
23 17 27
23 18 72
23 19 119
23 21 144
24 0 42
24 1 114
24 4 125
24 7 92
24 8 115
24 9 154
24 10 136
24 11 42
24 13 108
24 14 119
24 15 112
24 16 58
24 17 36
24 20 16
24 23 41
25 0 87
25 1 130
25 3 1
25 4 100
25 5 119
25 7 103
25 10 147
25 11 93
25 14 88
25 22 114
25 24 22
26 0 26
26 1 91
26 2 63
26 4 54
26 5 95
26 6 62
26 7 53
26 9 142
26 12 146
26 15 95
26 16 147
26 19 17
26 20 64
26 23 102
26 24 133
27 2 14
27 5 77
27 6 11
27 7 114
27 9 97
27 12 6
27 14 118
27 17 153
27 18 120
27 19 129
27 21 14
27 22 142
27 24 12
27 25 83
28 1 82
28 2 49
28 4 16
28 7 16
28 8 13
28 9 17
28 11 42
28 12 150
28 13 100
28 14 47
28 19 61
28 21 117
28 22 123
28 26 62
28 27 71
29 0 61
29 1 150
29 2 89
29 6 46
29 9 36
29 11 63
29 12 141
29 15 131
29 21 17
29 23 82
29 25 98
29 26 50
29 27 151
