70
2 0 79
2 1 54
3 0 66
3 1 26
3 2 51
4 0 49
4 2 17
4 3 28
5 1 37
5 2 46
5 3 16
5 4 66
7 2 75
7 5 65
7 6 9
8 0 51
8 2 48
8 6 65
8 7 77
9 4 12
9 5 13
9 8 8
10 4 33
10 5 13
10 9 27
11 0 55
11 2 31
11 6 38
11 7 67
11 9 77
11 10 4
12 1 74
12 6 58
12 8 39
12 10 21
12 11 7
13 0 44
13 1 35
13 3 40
13 6 10
13 12 29
14 2 21
14 6 36
14 7 13
14 8 54
14 11 25
15 1 56
15 3 7
15 4 80
15 5 52
15 6 60
15 7 31
15 10 80
15 11 25
15 12 75
15 13 19
16 1 26
16 4 33
16 5 30
16 6 17
16 11 67
16 12 3
16 13 5
16 14 1
16 15 38
17 0 8
17 1 44
17 2 47
17 3 34
17 5 60
17 10 3
17 12 7
18 0 74
18 1 74
18 4 43
18 8 67
18 10 75
18 13 54
18 14 3
18 15 17
18 16 21
19 1 13
19 7 26
19 8 57
19 9 26
19 12 60
19 13 14
19 14 42
19 15 71
19 16 55
19 17 49
20 1 71
20 2 51
20 3 22
20 4 51
20 5 19
20 8 70
20 13 7
20 16 72
20 18 43
21 0 31
21 1 52
21 3 4
21 5 3
21 6 28
21 12 14
21 20 52
22 0 67
22 3 17
22 4 14
22 7 80
22 9 64
22 12 56
22 13 51
22 15 56
22 16 37
22 19 20
22 21 59
23 0 68
23 3 73
23 5 32
23 6 57
23 8 11
23 10 67
23 12 56
23 14 9
23 15 59
23 17 48
23 19 15
23 20 30
24 2 10
24 8 53
24 9 2
24 10 27
24 12 60
24 15 14
24 17 37
24 18 49
24 20 80
24 21 44
24 22 37
24 23 34
25 2 42
25 5 29
25 6 6
25 8 26
25 9 74
25 10 22
25 13 11
25 15 11
25 16 76
25 18 1
25 19 18
25 22 56
26 0 59
26 1 2
26 4 18
26 5 22
26 6 11
26 7 66
26 8 32
26 9 61
26 10 7
26 11 51
26 13 50
26 14 65
26 16 46
26 18 11
26 19 49
26 20 60
26 21 73
26 22 49
26 23 18
27 0 1
27 4 30
27 7 46
27 8 37
27 9 2
27 10 62
27 14 21
27 15 47
27 16 23
27 21 21
27 23 16
27 24 8
28 2 22
28 4 36
28 6 48
28 9 63
28 12 58
28 13 48
28 14 78
28 15 21
28 17 24
28 18 46
28 19 8
28 23 74
28 25 73
29 0 14
29 1 35
29 2 47
29 5 55
29 6 2
29 8 41
29 11 44
29 13 1
29 14 46
29 16 54
29 17 29
29 18 71
29 20 32
29 21 57
29 25 67
29 26 56
30 6 60
30 12 70
30 13 33
30 15 18
30 16 38
30 18 65
30 19 80
30 20 37
30 27 63
30 28 5
30 29 15
31 4 48
31 5 44
31 6 16
31 7 45
31 8 79
31 9 67
31 10 63
31 11 67
31 12 35
31 13 28
31 14 11
31 15 52
31 17 56
31 18 80
31 20 38
31 21 43
31 22 75
31 24 45
31 26 31
31 27 45
31 29 40
32 0 71
32 1 50
32 2 28
32 3 1
32 4 60
32 5 25
32 8 52
32 9 44
32 16 79
32 18 3
32 20 44
32 21 5
32 23 35
32 24 78
32 25 17
32 26 79
32 28 36
32 31 22
33 1 62
33 2 4
33 3 55
33 5 13
33 6 52
33 9 8
33 11 26
33 12 70
33 13 16
33 14 14
33 17 24
33 19 52
33 21 1
33 25 74
33 27 20
33 28 10
33 31 25
34 0 19
34 1 55
34 5 36
34 9 49
34 11 40
34 13 65
34 15 80
34 16 8
34 17 31
34 21 23
34 22 64
34 23 64
34 25 33
34 26 60
34 31 13
34 33 34
35 4 45
35 6 34
35 10 33
35 14 34
35 15 61
35 16 80
35 17 65
35 19 12
35 21 61
35 24 36
35 26 50
35 28 23
35 31 29
35 33 46
35 34 2
36 3 39
36 9 5
36 11 49
36 12 30
36 13 29
36 18 32
36 20 40
36 22 58
36 25 16
36 26 11
36 27 7
36 28 13
36 31 67
36 33 22
36 34 15
36 35 39
37 2 71
37 5 53
37 13 26
37 16 58
37 17 62
37 20 57
37 22 48
37 24 20
37 25 68
37 27 60
37 29 40
37 30 40
37 31 32
37 32 51
37 33 1
38 4 16
38 7 52
38 8 42
38 9 72
38 10 79
38 13 12
38 15 75
38 21 69
38 25 37
38 26 73
38 27 64
38 29 49
38 30 27
38 31 17
38 34 42
38 35 58
38 37 61
39 0 44
39 4 65
39 5 80
39 6 80
39 8 72
39 12 41
39 13 30
39 14 26
39 15 40
39 16 45
39 17 13
39 18 74
39 19 42
39 21 79
39 22 34
39 25 48
39 26 18
39 27 8
39 29 54
39 34 31
39 35 3
39 37 34
40 3 26
40 4 27
40 5 12
40 13 1
40 18 21
40 19 30
40 21 43
40 24 74
40 26 47
40 27 52
40 28 29
40 30 42
40 32 9
40 34 41
40 37 54
40 38 60
41 1 31
41 2 52
41 4 23
41 6 54
41 7 72
41 9 15
41 10 37
41 11 23
41 13 13
41 16 39
41 17 74
41 18 54
41 20 17
41 21 12
41 25 71
41 28 74
41 29 60
41 30 2
41 31 6
41 32 52
41 35 13
41 36 33
41 37 3
41 39 12
42 1 60
42 2 68
42 4 7
42 8 19
42 12 79
42 15 37
42 16 33
42 19 1
42 20 65
42 21 10
42 23 4
42 26 69
42 27 40
42 30 65
42 32 76
42 34 77
42 35 62
43 2 46
43 5 74
43 8 70
43 10 29
43 13 2
43 14 57
43 18 28
43 20 5
43 25 12
43 27 2
43 29 78
43 32 74
43 33 28
43 37 54
43 38 8
43 39 54
43 42 16
44 0 42
44 3 12
44 4 32
44 8 22
44 10 79
44 11 53
44 12 10
44 13 14
44 16 74
44 17 64
44 18 78
44 22 64
44 24 15
44 30 51
44 31 50
44 32 74
44 33 75
44 34 64
44 35 60
44 43 21
45 3 45
45 4 61
45 7 6
45 8 21
45 10 63
45 11 41
45 12 38
45 13 8
45 14 44
45 15 67
45 16 74
45 17 38
45 18 28
45 20 77
45 22 6
45 23 59
45 28 61
45 30 72
45 31 41
45 35 61
45 37 49
45 39 65
45 42 12
46 3 20
46 4 33
46 5 41
46 9 60
46 10 43
46 15 75
46 18 1
46 22 65
46 26 77
46 27 59
46 29 44
46 30 15
46 31 20
46 33 58
46 35 74
46 36 65
46 37 10
46 39 71
46 40 65
46 41 50
46 42 56
46 44 67
47 0 22
47 2 58
47 6 67
47 7 6
47 9 5
47 10 5
47 11 10
47 12 28
47 15 67
47 17 16
47 18 18
47 25 74
47 27 61
47 28 48
47 29 5
47 30 5
47 32 65
47 33 48
47 34 52
47 38 69
47 39 3
47 40 21
47 44 42
47 45 63
48 0 14
48 3 65
48 4 25
48 6 28
48 7 45
48 9 42
48 11 56
48 13 12
48 15 60
48 16 7
48 17 18
48 18 4
48 23 1
48 24 19
48 27 80
48 28 17
48 29 18
48 30 15
48 32 60
48 35 12
48 36 29
48 39 65
48 41 61
48 42 24
48 43 24
48 44 37
48 45 14
48 46 65
48 47 22
49 0 63
49 1 5
49 3 41
49 4 80
49 5 38
49 9 40
49 10 5
49 14 80
49 15 49
49 16 1
49 18 61
49 19 5
49 20 36
49 21 37
49 25 35
49 26 8
49 28 15
49 29 41
49 31 60
49 33 73
49 35 78
49 39 8
49 44 37
49 46 21
49 47 33
49 48 75
50 2 2
50 4 60
50 5 69
50 6 69
50 7 54
50 8 47
50 11 72
50 13 35
50 15 4
50 17 68
50 18 63
50 25 14
50 27 35
50 29 20
50 37 78
50 38 10
50 39 11
50 41 29
50 42 32
50 43 29
50 44 22
50 45 42
50 46 16
50 49 2
51 0 8
51 2 51
51 4 2
51 5 3
51 6 8
51 20 26
51 30 19
51 33 17
51 34 9
51 35 39
51 36 4
51 37 6
51 38 16
51 40 17
51 41 28
51 45 40
51 46 55
51 47 28
51 49 25
52 1 59
52 2 8
52 4 28
52 5 1
52 6 34
52 9 23
52 11 20
52 12 23
52 13 80
52 19 5
52 20 8
52 23 4
52 25 60
52 27 44
52 29 38
52 30 77
52 31 20
52 32 59
52 33 79
52 36 80
52 37 32
52 38 32
52 39 6
52 40 4
52 41 64
52 42 46
52 45 76
52 46 46
52 47 3
52 48 79
52 49 3
52 50 64
52 51 7
53 0 72
53 2 44
53 4 77
53 5 71
53 6 51
53 9 75
53 10 23
53 12 38
53 13 50
53 17 18
53 19 3
53 20 65
53 21 29
53 22 23
53 23 32
53 25 7
53 28 18
53 29 41
53 31 41
53 33 71
53 35 8
53 37 19
53 39 12
53 41 4
53 46 16
53 47 70
53 48 73
53 49 22
53 52 63
54 0 76
54 2 29
54 3 35
54 7 58
54 9 21
54 10 41
54 13 77
54 15 30
54 17 42
54 23 3
54 24 47
54 37 71
54 38 38
54 39 4
54 40 78
54 42 79
54 43 15
54 44 26
54 47 27
54 49 79
54 50 72
54 51 58
55 0 52
55 2 16
55 3 19
55 4 28
55 6 2
55 8 27
55 9 18
55 10 40
55 12 47
55 13 22
55 14 37
55 16 6
55 19 44
55 20 51
55 22 58
55 24 72
55 25 8
55 27 22
55 29 34
55 31 34
55 34 10
55 37 77
55 39 50
55 40 38
55 41 9
55 42 13
55 43 15
55 47 22
55 52 6
55 53 73
55 54 10
56 1 32
56 3 12
56 4 64
56 6 74
56 9 78
56 12 53
56 14 30
56 18 24
56 20 44
56 21 45
56 22 45
56 23 70
56 24 69
56 26 26
56 27 24
56 28 74
56 29 78
56 30 57
56 32 20
56 33 59
56 43 67
56 45 1
56 48 75
56 49 34
56 50 74
56 53 80
57 3 24
57 4 1
57 5 80
57 6 12
57 8 52
57 9 32
57 10 36
57 11 26
57 12 57
57 15 15
57 17 41
57 19 19
57 20 58
57 21 39
57 26 60
57 27 59
57 30 47
57 31 46
57 33 25
57 34 34
57 36 29
57 39 71
57 41 62
57 42 31
57 43 52
57 44 53
57 46 58
57 48 17
57 49 41
57 53 76
57 54 30
57 55 7
57 56 44
58 1 21
58 2 63
58 4 32
58 5 22
58 7 5
58 8 26
58 12 42
58 15 67
58 17 2
58 18 38
58 19 51
58 23 61
58 26 27
58 27 27
58 29 20
58 30 70
58 33 80
58 34 37
58 35 1
58 36 19
58 37 48
58 39 33
58 43 64
58 44 33
58 50 28
58 52 11
58 57 31
59 0 74
59 1 23
59 5 42
59 13 54
59 14 4
59 15 71
59 18 67
59 21 59
59 23 33
59 24 21
59 26 13
59 27 52
59 28 43
59 31 16
59 37 14
59 38 22
59 43 73
59 44 49
59 45 71
59 48 72
59 49 29
59 52 42
59 55 62
59 56 52
59 57 60
60 0 77
60 2 51
60 3 57
60 4 12
60 5 71
60 6 8
60 10 57
60 11 36
60 15 42
60 16 40
60 20 32
60 21 27
60 23 30
60 29 34
60 31 9
60 38 24
60 39 10
60 43 45
60 45 56
60 46 66
60 47 31
60 48 66
60 49 63
60 53 56
60 56 78
61 0 78
61 2 43
61 6 48
61 7 35
61 8 75
61 9 21
61 10 14
61 11 18
61 13 33
61 14 74
61 17 19
61 18 27
61 22 77
61 23 32
61 25 67
61 29 63
61 32 6
61 35 79
61 37 53
61 38 79
61 40 27
61 44 75
61 47 23
61 52 38
61 53 26
61 54 35
61 55 30
61 56 8
61 57 35
61 58 11
61 59 42
62 0 76
62 1 41
62 3 4
62 5 78
62 6 77
62 8 20
62 10 57
62 14 61
62 15 34
62 16 56
62 18 73
62 19 77
62 21 45
62 25 52
62 27 46
62 32 13
62 33 60
62 34 55
62 41 6
62 42 67
62 43 15
62 46 73
62 47 48
62 48 64
62 50 77
62 52 49
62 56 44
62 57 50
62 58 64
62 59 1
63 0 45
63 1 78
63 8 3
63 9 55
63 12 5
63 14 63
63 16 6
63 18 67
63 21 27
63 27 64
63 28 60
63 29 27
63 30 24
63 31 69
63 32 74
63 33 72
63 34 29
63 35 34
63 39 8
63 41 66
63 44 36
63 47 66
63 48 59
63 51 41
63 52 30
63 57 24
63 58 70
63 59 68
63 60 33
63 61 5
63 62 26
64 1 26
64 2 3
64 4 36
64 7 27
64 8 50
64 12 65
64 13 56
64 14 28
64 17 54
64 18 41
64 19 29
64 20 38
64 24 76
64 26 73
64 27 65
64 28 6
64 29 37
64 30 64
64 34 27
64 35 22
64 36 19
64 39 4
64 40 35
64 41 69
64 42 37
64 43 43
64 51 23
64 54 74
64 55 5
64 60 68
64 62 66
65 0 42
65 1 18
65 3 14
65 4 5
65 6 16
65 7 25
65 12 61
65 14 19
65 15 3
65 16 19
65 18 62
65 28 80
65 29 16
65 32 43
65 33 42
65 34 73
65 35 21
65 36 49
65 37 19
65 39 20
65 42 29
65 43 56
65 47 76
65 48 37
65 49 19
65 51 44
65 53 56
65 54 10
65 55 63
65 56 20
65 57 52
65 59 71
65 60 15
66 0 45
66 1 33
66 2 73
66 3 66
66 4 23
66 5 58
66 8 55
66 11 65
66 14 18
66 15 46
66 16 61
66 17 30
66 20 9
66 23 14
66 24 71
66 25 80
66 27 59
66 28 32
66 29 46
66 30 61
66 31 12
66 34 2
66 35 65
66 37 13
66 39 20
66 40 15
66 41 56
66 43 12
66 44 18
66 49 18
66 50 4
66 53 69
66 54 45
66 55 45
66 61 11
66 62 78
66 63 54
67 0 70
67 3 22
67 5 64
67 7 41
67 9 10
67 10 20
67 11 44
67 13 3
67 14 42
67 15 48
67 18 39
67 20 69
67 23 17
67 24 10
67 27 45
67 28 17
67 34 67
67 36 21
67 37 6
67 38 11
67 40 65
67 41 46
67 44 3
67 45 50
67 47 10
67 48 28
67 50 30
67 52 7
67 53 73
67 54 22
67 55 28
67 56 27
67 58 10
67 59 8
67 60 19
67 64 46
67 65 68
67 66 33
68 1 25
68 2 59
68 7 49
68 8 25
68 9 69
68 10 51
68 11 40
68 13 31
68 18 11
68 20 67
68 21 79
68 25 2
68 26 4
68 27 5
68 28 21
68 29 25
68 31 32
68 33 14
68 36 31
68 37 5
68 38 26
68 39 17
68 40 39
68 43 74
68 44 62
68 49 12
68 52 31
68 53 35
68 56 7
68 57 55
68 58 30
68 65 68
68 67 56
69 4 8
69 6 20
69 7 12
69 8 6
69 10 16
69 12 6
69 14 22
69 17 12
69 18 75
69 19 43
69 22 70
69 23 36
69 26 70
69 27 52
69 30 42
69 31 62
69 33 33
69 35 37
69 36 64
69 37 73
69 41 68
69 42 49
69 45 66
69 46 45
69 48 71
69 49 26
69 53 22
69 56 48
69 58 62
69 59 20
69 63 58
69 66 56
69 68 2
