70
2 0 91
3 1 152
3 2 139
4 0 155
4 1 87
4 3 124
5 0 38
5 1 57
5 3 52
5 4 112
6 1 9
6 2 116
6 3 21
6 4 66
6 5 83
7 2 140
7 3 89
7 4 8
7 5 8
7 6 60
8 0 77
8 1 102
8 4 31
8 5 30
8 6 14
9 0 135
9 1 58
9 3 60
9 5 85
9 6 18
9 8 46
10 0 89
10 2 143
10 5 63
10 9 42
11 1 1
11 2 28
11 3 81
11 4 150
11 5 131
11 7 50
11 9 69
11 10 39
12 0 50
12 3 111
12 4 25
12 5 95
12 6 49
12 7 108
12 8 108
12 11 147
13 0 116
13 1 23
13 4 153
13 5 152
13 8 11
13 9 123
13 10 89
13 12 89
14 0 52
14 2 99
14 3 98
14 6 86
14 8 8
14 10 159
14 11 149
14 12 37
15 0 54
15 2 108
15 3 19
15 5 109
15 6 52
15 7 120
15 10 51
15 11 58
15 12 60
16 1 118
16 3 93
16 4 61
16 5 152
16 7 134
16 9 17
16 10 89
16 11 127
16 13 28
16 14 26
17 0 59
17 1 157
17 2 102
17 4 56
17 5 64
17 8 48
17 9 104
17 10 39
17 15 136
17 16 124
18 0 112
18 1 140
18 2 159
18 4 48
18 5 37
18 6 4
18 7 142
18 8 114
18 9 3
18 10 159
18 11 16
18 12 100
18 13 132
18 14 63
18 17 25
19 0 55
19 1 1
19 2 61
19 3 55
19 4 21
19 5 37
19 6 70
19 7 12
19 9 160
19 10 103
19 11 29
19 12 107
19 14 68
19 15 60
19 16 117
19 17 14
20 0 96
20 1 28
20 3 14
20 4 50
20 5 11
20 6 158
20 8 132
20 9 40
20 11 78
20 13 125
20 14 115
20 15 160
20 16 75
20 17 148
20 19 26
21 2 131
21 3 54
21 5 111
21 6 108
21 8 95
21 9 69
21 10 97
21 11 7
21 13 1
21 14 63
21 15 5
21 16 116
21 17 150
21 18 128
21 20 155
22 0 152
22 1 66
22 3 60
22 4 12
22 6 39
22 8 131
22 11 94
22 12 86
22 14 104
22 15 113
22 16 16
22 17 144
22 19 9
22 21 100
23 1 81
23 3 99
23 4 81
23 6 84
23 8 32
23 9 31
23 10 156
23 11 42
23 12 106
23 14 106
23 17 35
23 18 33
23 20 151
24 1 113
24 2 137
24 3 40
24 4 101
24 6 121
24 7 85
24 8 131
24 9 45
24 10 45
24 11 136
24 12 61
24 14 120
24 15 27
24 16 8
24 17 144
24 18 49
24 19 129
24 20 47
24 22 46
24 23 110
25 0 112
25 1 103
25 2 118
25 4 89
25 6 129
25 7 1
25 8 86
25 9 27
25 14 88
25 15 57
25 16 91
25 17 108
25 18 6
25 19 9
25 20 61
25 21 44
25 22 59
25 24 155
26 2 70
26 5 80
26 6 110
26 7 93
26 9 124
26 10 80
26 11 107
26 12 80
26 13 120
26 15 109
26 16 23
26 17 76
26 18 94
26 19 76
26 20 69
26 21 57
26 22 79
26 24 100
26 25 86
27 1 114
27 3 19
27 5 66
27 7 160
27 9 141
27 10 23
27 11 89
27 13 150
27 14 82
27 15 138
27 16 123
27 17 48
27 18 52
27 19 101
27 20 58
27 21 93
27 22 83
27 23 106
27 24 73
27 25 155
27 26 47
28 2 127
28 3 51
28 4 98
28 5 62
28 6 87
28 8 153
28 9 58
28 10 83
28 12 8
28 13 107
28 14 69
28 16 113
28 17 65
28 18 75
28 19 22
28 20 10
28 22 6
28 24 33
28 25 94
28 27 133
29 0 124
29 1 77
29 3 71
29 5 124
29 6 132
29 7 142
29 8 99
29 9 59
29 11 115
29 12 53
29 13 144
29 14 44
29 15 48
29 17 83
29 18 44
29 20 22
29 22 41
29 23 86
29 26 135
29 27 104
29 28 70
30 0 111
30 1 13
30 3 145
30 5 138
30 6 79
30 7 59
30 8 72
30 11 44
30 12 135
30 14 157
30 15 82
30 17 117
30 18 31
30 19 88
30 21 43
30 25 87
30 27 94
30 29 141
31 1 153
31 3 121
31 4 128
31 5 24
31 6 17
31 7 91
31 8 138
31 10 11
31 11 85
31 12 94
31 13 64
31 14 107
31 16 19
31 17 130
31 18 61
31 19 13
31 20 121
31 21 34
31 22 93
31 23 128
31 24 7
31 25 115
31 26 71
31 29 95
32 0 60
32 1 143
32 3 10
32 5 125
32 6 145
32 10 82
32 11 6
32 12 84
32 13 48
32 14 135
32 15 128
32 17 149
32 18 99
32 19 83
32 20 132
32 21 85
32 22 51
32 23 65
32 25 43
32 28 117
32 31 114
33 1 21
33 2 142
33 3 133
33 4 95
33 5 75
33 6 69
33 7 129
33 8 148
33 10 19
33 12 66
33 13 58
33 14 41
33 15 132
33 16 158
33 17 74
33 18 82
33 21 104
33 22 6
33 24 31
33 25 20
33 26 20
33 28 138
33 29 61
33 30 88
33 31 125
33 32 39
34 0 93
34 1 112
34 4 92
34 5 34
34 6 52
34 7 107
34 8 126
34 9 78
34 10 44
34 11 10
34 12 154
34 13 140
34 15 20
34 17 13
34 19 39
34 20 68
34 21 12
34 22 72
34 23 2
34 24 46
34 25 120
34 26 87
34 27 88
34 28 54
34 29 76
34 30 142
34 31 28
34 32 76
34 33 57
35 0 48
35 1 155
35 2 76
35 3 130
35 4 158
35 5 134
35 6 121
35 7 160
35 9 98
35 12 110
35 13 17
35 15 146
35 17 108
35 18 78
35 20 155
35 21 101
35 22 47
35 23 129
35 24 73
35 25 143
35 26 110
35 27 95
35 29 77
35 32 67
35 33 14
35 34 78
36 1 29
36 3 32
36 5 114
36 6 13
36 7 16
36 9 44
36 10 67
36 12 18
36 14 125
36 17 8
36 18 23
36 19 94
36 22 125
36 23 2
36 24 64
36 25 78
36 26 42
36 28 54
36 29 110
36 30 16
36 31 116
36 32 139
36 33 28
36 34 53
36 35 126
37 0 3
37 1 139
37 2 23
37 3 67
37 5 143
37 6 89
37 9 123
37 10 130
37 11 35
37 12 66
37 13 23
37 14 114
37 18 155
37 19 159
37 20 96
37 21 91
37 22 10
37 24 111
37 26 10
37 27 146
37 28 91
37 29 71
37 30 48
37 32 71
37 34 73
37 35 39
38 0 110
38 2 102
38 3 148
38 4 36
38 6 94
38 8 82
38 9 25
38 10 9
38 11 67
38 12 126
38 13 97
38 14 122
38 15 100
38 16 116
38 17 33
38 18 52
38 19 27
38 20 9
38 21 59
38 22 49
38 23 55
38 27 124
38 28 158
38 29 28
38 30 51
38 32 38
38 33 72
38 34 27
38 35 140
39 0 71
39 1 100
39 2 30
39 3 14
39 6 10
39 7 58
39 9 56
39 11 23
39 13 6
39 14 91
39 16 70
39 17 79
39 18 58
39 19 89
39 20 59
39 21 90
39 22 78
39 23 92
39 24 108
39 25 145
39 29 65
39 34 22
39 35 85
39 36 107
39 37 133
39 38 20
40 0 68
40 1 114
40 3 38
40 5 37
40 7 35
40 9 96
40 10 3
40 12 5
40 13 10
40 14 150
40 15 109
40 16 106
40 18 10
40 19 3
40 20 88
40 22 101
40 24 86
40 26 39
40 28 132
40 29 153
40 30 143
40 34 131
40 35 124
40 37 7
40 38 7
40 39 69
41 0 65
41 1 80
41 2 74
41 3 52
41 4 17
41 8 143
41 9 143
41 10 157
41 11 66
41 12 119
41 13 85
41 14 52
41 15 26
41 16 57
41 17 103
41 19 8
41 20 12
41 21 35
41 23 106
41 27 66
41 29 131
41 30 159
41 32 95
41 33 160
41 36 38
41 39 37
41 40 33
42 0 83
42 2 44
42 4 75
42 5 138
42 6 111
42 7 95
42 9 39
42 10 118
42 11 45
42 12 42
42 13 90
42 15 124
42 16 13
42 18 1
42 19 82
42 21 29
42 24 2
42 25 87
42 27 147
42 29 145
42 30 59
42 31 107
42 32 102
42 33 24
42 34 98
42 39 81
42 41 137
43 0 71
43 2 19
43 3 19
43 6 55
43 7 39
43 8 93
43 9 52
43 11 123
43 12 18
43 13 135
43 15 92
43 16 64
43 17 59
43 18 70
43 19 86
43 20 19
43 23 150
43 24 112
43 25 14
43 26 53
43 27 72
43 28 97
43 31 4
43 33 30
43 35 124
43 37 78
43 38 32
43 39 119
43 40 122
43 41 80
44 0 47
44 1 51
44 3 9
44 4 78
44 5 2
44 6 92
44 7 115
44 8 56
44 12 112
44 13 115
44 14 136
44 15 145
44 16 99
44 18 121
44 20 67
44 21 83
44 22 48
44 23 26
44 24 7
44 27 11
44 28 126
44 29 108
44 30 60
44 31 141
44 33 141
44 34 34
44 35 28
44 36 67
44 37 15
44 38 152
44 39 133
44 40 144
44 43 35
45 0 5
45 2 14
45 3 138
45 10 40
45 14 3
45 15 90
45 17 34
45 18 108
45 19 118
45 20 87
45 21 44
45 22 120
45 23 63
45 24 123
45 25 150
45 27 28
45 28 44
45 30 2
45 34 33
45 35 8
45 39 156
45 40 48
45 41 73
46 0 91
46 1 65
46 3 44
46 4 28
46 5 51
46 6 84
46 8 35
46 9 131
46 10 53
46 11 27
46 12 41
46 13 129
46 14 122
46 15 26
46 16 58
46 17 20
46 20 60
46 21 66
46 22 73
46 23 134
46 25 145
46 26 32
46 27 67
46 28 149
46 31 116
46 33 59
46 34 139
46 37 131
46 38 79
46 39 17
46 40 25
46 41 132
46 42 123
46 43 151
46 44 45
47 1 145
47 2 79
47 3 45
47 4 102
47 5 87
47 6 17
47 9 134
47 10 7
47 11 130
47 12 42
47 13 105
47 15 158
47 16 14
47 17 137
47 18 150
47 19 22
47 21 11
47 22 51
47 23 65
47 24 44
47 25 30
47 26 63
47 27 63
47 28 20
47 29 123
47 31 86
47 33 99
47 35 144
47 36 158
47 37 160
47 38 44
47 39 34
47 42 146
47 43 54
47 44 50
47 45 103
47 46 124
48 0 26
48 3 132
48 4 13
48 5 23
48 6 128
48 8 136
48 9 43
48 10 81
48 11 23
48 12 83
48 13 106
48 14 30
48 15 40
48 16 158
48 17 15
48 18 105
48 19 132
48 21 27
48 22 128
48 23 91
48 26 110
48 27 117
48 28 91
48 29 22
48 30 72
48 31 159
48 32 131
48 33 9
48 34 103
48 37 155
48 39 138
48 41 110
48 43 78
48 44 134
48 45 24
48 46 122
49 0 143
49 1 27
49 3 125
49 5 59
49 6 120
49 7 104
49 8 72
49 10 57
49 11 15
49 12 30
49 14 27
49 15 72
49 18 109
49 19 82
49 20 109
49 21 55
49 24 94
49 25 154
49 26 80
49 27 160
49 28 90
49 29 141
49 30 46
49 31 71
49 32 24
49 33 68
49 34 35
49 35 21
49 39 49
49 40 85
49 42 122
49 44 91
49 46 29
50 0 40
50 1 11
50 3 28
50 5 102
50 6 88
50 7 96
50 8 53
50 9 138
50 10 15
50 12 107
50 13 16
50 14 92
50 15 111
50 16 34
50 17 74
50 18 8
50 19 145
50 20 29
50 21 142
50 22 139
50 23 121
50 25 91
50 26 143
50 28 144
50 29 100
50 30 158
50 31 112
50 32 10
50 34 144
50 38 13
50 39 44
50 40 91
50 41 47
50 45 9
50 47 1
50 48 87
51 0 149
51 1 45
51 4 123
51 5 78
51 6 106
51 7 105
51 8 110
51 9 9
51 10 129
51 11 138
51 12 48
51 13 4
51 14 102
51 15 74
51 17 160
51 19 34
51 24 87
51 25 152
51 26 61
51 27 89
51 28 158
51 30 157
51 31 126
51 32 115
51 33 11
51 34 28
51 38 91
51 41 96
51 42 87
51 44 47
51 45 49
51 47 15
51 48 30
52 1 147
52 2 127
52 3 61
52 5 80
52 6 59
52 8 31
52 9 9
52 13 150
52 14 133
52 16 59
52 17 53
52 19 66
52 20 6
52 22 79
52 23 36
52 25 33
52 26 155
52 27 43
52 29 77
52 30 31
52 31 154
52 34 72
52 36 23
52 40 35
52 41 95
52 44 159
52 45 133
52 46 136
52 49 31
52 51 90
53 0 21
53 1 124
53 3 76
53 4 20
53 7 37
53 11 83
53 12 122
53 13 4
53 14 96
53 16 66
53 18 87
53 19 94
53 21 119
53 22 123
53 23 121
53 26 16
53 29 90
53 30 160
53 31 94
53 33 142
53 35 13
53 36 110
53 37 67
53 38 30
53 39 83
53 40 138
53 41 142
53 42 40
53 43 86
53 44 111
53 45 154
53 47 65
53 48 73
53 50 48
53 52 87
54 0 8
54 1 90
54 3 127
54 5 97
54 6 150
54 7 155
54 8 27
54 10 144
54 11 26
54 12 7
54 13 59
54 14 108
54 16 151
54 17 16
54 18 29
54 19 90
54 20 17
54 25 150
54 26 55
54 27 157
54 29 60
54 31 82
54 32 108
54 33 91
54 34 139
54 36 5
54 37 73
54 38 12
54 40 104
54 42 12
54 43 105
54 45 104
54 46 84
54 48 160
54 51 81
54 52 100
54 53 96
55 0 113
55 1 117
55 3 49
55 4 132
55 6 131
55 7 69
55 8 89
55 9 16
55 10 137
55 11 63
55 15 74
55 16 104
55 18 67
55 20 125
55 21 7
55 22 160
55 23 34
55 24 106
55 25 57
55 28 45
55 29 111
55 33 122
55 35 104
55 36 40
55 38 120
55 40 142
55 43 146
55 45 45
55 46 38
55 47 20
55 48 132
55 49 58
55 50 96
55 51 145
55 53 129
55 54 1
56 1 119
56 4 118
56 7 37
56 8 103
56 10 158
56 11 63
56 12 19
56 14 17
56 15 6
56 16 55
56 17 19
56 18 144
56 19 106
56 20 48
56 22 139
56 23 39
56 24 33
56 25 80
56 28 1
56 29 44
56 30 149
56 31 112
56 34 108
56 35 97
56 36 76
56 37 70
56 38 128
56 42 48
56 43 57
56 44 73
56 45 152
56 46 35
56 47 127
56 48 59
56 51 31
56 53 102
56 55 74
57 0 36
57 1 115
57 2 99
57 3 42
57 4 141
57 5 150
57 6 67
57 7 143
57 8 133
57 9 123
57 13 147
57 14 38
57 16 37
57 17 136
57 18 75
57 20 43
57 22 129
57 25 127
57 26 147
57 27 78
57 28 128
57 29 69
57 30 154
57 32 112
57 33 1
57 34 65
57 35 157
57 36 128
57 37 130
57 38 91
57 39 25
57 40 160
57 41 12
57 42 13
57 45 132
57 46 154
57 47 109
57 48 4
57 49 125
57 51 18
57 52 152
57 53 117
57 54 150
57 55 104
57 56 61
58 1 98
58 2 41
58 5 113
58 6 21
58 7 31
58 8 9
58 10 33
58 11 57
58 12 28
58 15 62
58 16 76
58 17 46
58 18 20
58 20 127
58 21 51
58 22 155
58 25 55
58 26 65
58 28 43
58 30 14
58 31 71
58 34 28
58 37 85
58 38 18
58 39 71
58 40 63
58 41 149
58 43 119
58 44 42
58 45 134
58 47 63
58 48 112
58 50 158
58 51 63
58 52 135
58 53 36
58 54 29
58 55 140
58 56 42
58 57 92
59 0 34
59 1 108
59 3 58
59 4 150
59 5 41
59 6 149
59 11 89
59 13 137
59 14 23
59 16 79
59 17 26
59 18 94
59 19 6
59 20 130
59 21 55
59 22 110
59 23 30
59 24 97
59 26 94
59 28 105
59 30 104
59 33 54
59 34 45
59 35 28
59 36 140
59 37 91
59 38 108
59 40 52
59 41 29
59 42 86
59 44 34
59 45 17
59 46 41
59 49 69
59 51 25
59 52 160
59 54 153
59 55 89
59 56 30
59 57 60
60 0 149
60 1 128
60 3 55
60 4 144
60 5 56
60 6 97
60 7 79
60 8 124
60 10 132
60 11 68
60 12 159
60 13 83
60 16 99
60 17 156
60 18 118
60 20 137
60 22 4
60 24 79
60 25 143
60 26 158
60 27 32
60 28 133
60 31 24
60 32 128
60 33 62
60 34 138
60 35 62
60 36 5
60 37 64
60 39 27
60 40 146
60 41 159
60 43 32
60 44 43
60 48 89
60 49 99
60 50 152
60 51 23
60 53 141
60 57 52
60 58 91
60 59 19
61 2 24
61 3 1
61 4 62
61 5 46
61 6 7
61 7 7
61 8 93
61 14 82
61 16 130
61 20 79
61 23 81
61 24 104
61 25 79
61 26 80
61 28 19
61 29 85
61 35 87
61 36 82
61 37 45
61 41 144
61 42 5
61 43 120
61 44 51
61 45 116
61 46 110
61 48 58
61 50 107
61 51 116
61 52 62
61 53 78
61 54 39
61 56 4
61 58 67
62 0 77
62 1 35
62 3 106
62 5 125
62 6 116
62 9 29
62 10 47
62 11 7
62 12 81
62 13 72
62 14 56
62 15 93
62 16 7
62 17 52
62 18 20
62 20 78
62 21 146
62 22 95
62 23 84
62 24 56
62 25 153
62 27 141
62 28 63
62 29 101
62 30 110
62 31 160
62 32 4
62 34 18
62 36 43
62 38 90
62 39 141
62 40 41
62 41 87
62 42 88
62 43 82
62 44 152
62 45 5
62 46 87
62 50 117
62 51 152
62 52 56
62 53 151
62 54 53
62 56 91
62 57 106
62 58 90
62 59 106
62 61 29
63 1 38
63 2 55
63 6 134
63 7 14
63 9 8
63 11 154
63 12 149
63 13 38
63 14 62
63 15 36
63 17 12
63 18 13
63 20 110
63 21 132
63 22 28
63 23 18
63 24 40
63 25 43
63 26 17
63 27 84
63 28 85
63 29 38
63 30 160
63 31 106
63 34 116
63 36 22
63 37 92
63 38 62
63 39 138
63 40 129
63 41 101
63 43 145
63 44 94
63 45 99
63 49 100
63 50 51
63 52 69
63 54 52
63 55 76
63 56 14
63 58 120
63 59 20
63 60 12
63 62 112
64 0 35
64 1 3
64 2 113
64 3 93
64 4 52
64 6 43
64 7 80
64 10 84
64 13 76
64 14 141
64 15 17
64 16 117
64 18 37
64 20 151
64 21 48
64 23 94
64 25 46
64 26 124
64 27 131
64 28 67
64 29 151
64 30 88
64 31 58
64 33 9
64 34 33
64 36 130
64 38 27
64 40 134
64 41 155
64 42 129
64 43 102
64 47 4
64 48 54
64 49 150
64 50 74
64 51 69
64 53 147
64 54 134
64 55 62
64 56 97
64 57 61
64 60 28
64 61 69
64 63 112
65 0 44
65 2 45
65 3 155
65 5 110
65 6 17
65 7 132
65 10 20
65 12 55
65 13 50
65 14 66
65 15 98
65 17 158
65 20 87
65 21 119
65 23 24
65 24 90
65 25 149
65 26 52
65 27 79
65 30 55
65 32 130
65 33 108
65 37 76
65 38 48
65 39 66
65 42 130
65 43 46
65 45 118
65 46 112
65 47 6
65 48 112
65 50 146
65 51 35
65 54 5
65 55 19
65 58 128
65 59 98
65 61 27
65 62 52
65 63 21
65 64 159
66 0 9
66 1 52
66 5 65
66 7 97
66 8 49
66 9 132
66 10 62
66 11 141
66 12 50
66 13 22
66 14 127
66 15 112
66 16 54
66 19 131
66 21 9
66 22 132
66 23 137
66 26 149
66 28 97
66 29 142
66 30 97
66 31 131
66 32 37
66 33 155
66 34 4
66 35 61
66 36 97
66 37 32
66 38 122
66 39 142
66 43 21
66 44 139
66 45 109
66 46 65
66 48 143
66 50 37
66 51 143
66 52 100
66 56 57
66 58 90
66 59 29
66 61 151
66 62 156
66 63 3
66 64 78
66 65 45
67 0 46
67 2 152
67 3 115
67 4 47
67 5 48
67 6 22
67 7 95
67 8 96
67 9 67
67 10 131
67 11 149
67 12 111
67 13 24
67 15 154
67 16 80
67 17 57
67 18 47
67 19 68
67 20 53
67 22 130
67 23 33
67 25 79
67 26 101
67 27 33
67 28 88
67 29 67
67 30 149
67 32 13
67 33 56
67 34 17
67 35 16
67 36 108
67 37 154
67 38 13
67 39 22
67 40 64
67 41 151
67 42 120
67 43 44
67 44 141
67 45 94
67 46 151
67 47 27
67 49 93
67 50 120
67 51 35
67 52 124
67 54 33
67 55 125
67 56 126
67 57 12
67 58 74
67 59 88
67 61 53
67 65 108
67 66 95
68 0 144
68 2 6
68 3 153
68 4 4
68 5 152
68 6 107
68 8 2
68 10 78
68 12 31
68 14 106
68 15 140
68 16 79
68 17 106
68 21 55
68 22 118
68 23 98
68 24 155
68 29 33
68 30 142
68 31 71
68 32 91
68 33 48
68 34 61
68 37 118
68 38 120
68 39 80
68 40 124
68 41 30
68 42 88
68 43 49
68 44 157
68 48 95
68 50 11
68 51 81
68 53 57
68 54 75
68 55 73
68 57 51
68 59 112
68 60 60
68 63 39
68 64 42
68 65 60
68 67 148
69 0 151
69 2 18
69 3 142
69 4 95
69 11 109
69 13 65
69 14 33
69 15 46
69 16 61
69 17 92
69 18 150
69 19 16
69 20 70
69 21 74
69 22 23
69 23 22
69 25 14
69 26 17
69 27 16
69 28 16
69 29 133
69 32 130
69 33 40
69 35 18
69 37 99
69 38 11
69 39 122
69 40 101
69 41 157
69 43 147
69 44 21
69 47 55
69 48 155
69 49 89
69 50 80
69 51 141
69 52 44
69 54 118
69 55 39
69 58 113
69 59 136
69 60 134
69 62 40
69 63 90
69 67 25
