20
1 0 136
2 0 72
3 0 15
3 1 52
3 2 38
4 0 86
4 2 90
5 0 33
5 1 108
5 2 150
5 3 136
6 0 94
6 2 57
6 4 42
6 5 93
7 0 107
7 1 133
7 2 2
7 3 152
7 4 81
7 5 114
7 6 82
8 0 78
8 1 86
8 3 100
8 6 138
8 7 31
9 0 22
9 1 59
9 2 150
9 3 79
9 4 12
9 5 17
9 6 60
9 7 137
10 3 54
10 4 96
10 5 5
10 6 148
10 7 10
10 8 97
11 0 47
11 1 19
11 3 159
11 4 125
11 6 148
11 8 10
11 9 152
12 0 71
12 1 105
12 2 84
12 3 114
12 4 14
12 5 78
12 6 80
12 7 138
12 8 118
12 9 116
12 10 111
12 11 107
13 0 138
13 1 144
13 2 3
13 4 96
13 6 24
13 7 77
13 8 64
13 9 78
13 10 118
13 11 117
13 12 93
14 0 91
14 1 39
14 2 44
14 3 90
14 4 44
14 6 98
14 7 91
14 8 117
14 9 59
14 10 55
14 11 135
14 12 54
15 1 95
15 2 90
15 3 137
15 4 63
15 5 45
15 6 128
15 7 17
15 8 35
15 9 13
15 10 33
15 12 93
16 0 130
16 3 56
16 6 139
16 7 87
16 8 88
16 10 91
16 11 120
16 12 101
16 13 105
16 14 95
16 15 156
17 0 56
17 1 99
17 2 52
17 3 37
17 4 6
17 5 47
17 6 120
17 7 124
17 9 18
17 11 123
17 13 73
17 14 51
18 0 148
18 1 34
18 2 102
18 3 74
18 4 107
18 6 98
18 7 145
18 9 34
18 11 34
18 12 22
18 16 71
18 17 20
19 0 89
19 1 64
19 6 103
19 7 4
19 8 35
19 9 56
19 10 160
19 11 96
19 12 106
19 13 28
19 14 85
19 15 105
19 16 45
19 17 19
19 18 136
