40
3 1 2
6 2 4
7 0 6
7 5 7
8 4 1
10 4 2
10 9 1
15 9 8
15 14 5
16 4 5
17 13 3
18 14 2
19 11 3
20 1 6
21 12 2
22 11 4
23 5 3
23 6 8
23 11 7
23 19 4
23 22 2
24 1 9
24 9 3
24 15 8
24 17 9
24 20 7
25 0 5
25 7 6
26 10 3
26 21 2
26 25 6
28 14 5
28 18 2
29 22 8
30 22 10
30 25 5
31 3 8
31 5 2
31 16 2
31 17 8
31 23 5
32 3 10
32 21 7
32 22 9
32 27 8
33 28 5
34 2 5
34 15 10
34 16 2
34 25 5
34 27 5
35 3 1
35 4 10
35 7 8
35 27 4
35 31 9
36 21 6
36 23 5
37 5 6
37 14 6
37 26 5
37 27 6
37 28 4
38 20 2
38 22 2
39 5 2
39 10 6
39 21 3
39 37 2
