30
2 0 40
3 0 24
4 3 21
5 1 6
5 3 32
6 0 2
6 2 10
7 0 19
7 3 38
7 5 32
7 6 27
8 2 30
8 7 18
9 2 18
9 6 10
10 9 31
11 0 9
11 1 20
11 5 9
11 6 17
11 7 32
11 9 37
11 10 30
12 0 15
12 2 30
12 4 22
12 10 30
12 11 19
13 2 36
13 6 34
13 10 11
13 11 40
13 12 28
14 3 36
14 5 28
14 7 12
14 8 15
14 9 8
14 11 20
15 1 2
15 2 34
15 11 1
15 12 30
15 13 19
16 5 2
16 7 28
16 10 34
16 11 28
16 12 21
17 6 22
17 10 11
17 11 3
17 12 23
17 13 19
17 14 14
17 15 1
17 16 17
18 0 8
18 3 18
18 4 35
18 9 8
19 1 24
19 2 16
19 3 29
19 5 37
19 6 13
19 7 3
19 8 34
19 9 7
19 11 8
19 12 32
19 13 28
19 14 22
19 15 7
20 0 29
20 1 17
20 2 3
20 9 27
20 10 4
20 11 12
20 12 12
20 13 7
20 17 10
20 18 12
21 1 36
21 2 24
21 3 30
21 4 37
21 8 38
21 9 18
21 13 3
21 16 34
21 18 31
21 19 19
21 20 12
22 2 30
22 3 25
22 4 9
22 6 32
22 12 12
22 13 11
22 17 37
22 18 8
22 19 3
23 1 34
23 4 13
23 5 16
23 6 35
23 8 25
23 14 25
23 17 22
24 1 5
24 5 17
24 7 20
24 8 12
24 9 3
24 10 9
24 11 13
24 15 33
24 16 38
24 17 11
25 0 22
25 1 5
25 3 39
25 4 36
25 5 25
25 8 29
25 10 7
25 12 17
25 13 34
25 14 6
25 17 17
25 18 40
25 21 18
25 24 10
26 0 25
26 4 28
26 6 25
26 7 6
26 19 1
26 22 7
26 23 11
27 1 33
27 3 7
27 5 17
27 6 22
27 10 8
27 11 35
27 13 20
27 15 11
27 16 22
27 22 31
27 23 20
27 26 16
28 2 33
28 3 29
28 5 34
28 6 4
28 9 27
28 11 2
28 15 6
28 17 25
28 18 1
28 23 21
28 24 25
28 25 7
29 1 28
29 4 5
29 5 15
29 6 30
29 8 17
29 10 9
29 13 30
29 15 19
29 16 26
29 17 14
29 18 18
29 19 36
29 20 34
29 26 1
