50
1 0 173
2 1 67
3 0 276
3 1 318
3 2 58
4 3 284
5 0 40
5 2 96
6 0 66
6 4 99
7 0 190
7 6 275
8 0 210
8 4 137
9 0 74
9 3 53
9 7 23
9 8 268
10 0 8
10 1 301
10 2 59
10 3 149
10 4 224
10 7 295
11 1 21
11 2 238
11 3 26
11 6 106
11 8 194
11 9 129
12 0 206
12 3 80
12 4 181
12 5 154
12 8 12
12 11 136
13 1 305
13 2 213
13 4 252
13 6 128
13 8 205
13 9 106
13 12 65
14 1 231
14 4 10
14 5 33
14 7 102
14 9 32
14 10 168
14 11 34
14 13 85
15 0 32
15 1 103
15 2 77
15 8 126
15 9 283
15 10 117
15 11 194
16 0 273
16 1 16
16 3 228
16 5 240
16 6 140
16 7 164
16 8 52
16 9 260
16 10 178
16 12 165
16 13 319
17 5 225
17 7 146
17 13 112
18 4 135
18 7 214
18 9 43
18 15 98
19 1 89
19 2 164
19 3 95
19 5 97
19 7 158
19 12 198
19 17 115
20 2 93
20 3 239
20 4 175
20 7 46
20 8 195
20 9 202
20 10 80
20 11 288
20 17 242
20 19 153
21 2 98
21 3 224
21 5 25
21 7 80
21 8 269
21 11 207
21 12 153
21 14 256
21 15 134
21 18 251
22 3 212
22 5 80
22 6 313
22 8 257
22 9 277
22 10 260
22 11 87
22 13 231
22 16 254
22 17 241
22 19 289
22 20 234
22 21 101
23 2 85
23 3 231
23 5 9
23 6 307
23 7 275
23 9 7
23 13 155
23 14 137
23 15 61
23 18 57
23 19 22
23 21 279
23 22 290
24 1 108
24 2 22
24 3 4
24 4 265
24 5 65
24 10 102
24 15 299
24 17 159
24 19 16
24 22 171
25 2 96
25 4 251
25 7 9
25 9 225
25 17 93
25 19 287
25 20 88
25 22 67
26 1 177
26 5 116
26 6 120
26 7 303
26 9 201
26 10 278
26 11 115
26 13 159
26 18 110
26 20 252
26 23 182
27 0 234
27 1 307
27 3 283
27 4 296
27 5 294
27 11 155
27 12 64
27 14 179
27 16 234
27 17 34
27 21 106
27 22 104
27 23 126
27 24 140
27 25 290
28 2 133
28 3 25
28 6 1
28 11 167
28 15 188
28 16 187
28 17 241
28 18 265
28 20 102
28 21 199
28 25 292
28 27 47
29 0 106
29 1 285
29 3 226
29 6 148
29 8 13
29 12 307
29 15 233
29 18 55
29 20 98
29 27 287
30 10 154
30 13 141
30 14 55
30 16 204
30 17 13
30 20 111
30 21 259
30 23 8
30 24 240
30 26 137
30 27 78
31 0 70
31 1 135
31 2 276
31 8 9
31 9 24
31 10 137
31 11 308
31 14 53
31 16 89
31 23 41
31 26 266
31 29 286
32 0 239
32 4 26
32 11 292
32 12 255
32 15 168
32 16 141
32 17 147
32 18 174
32 21 148
32 24 180
32 30 118
32 31 3
33 0 120
33 1 135
33 2 100
33 5 163
33 12 155
33 14 8
33 16 164
33 18 100
33 19 275
33 22 35
33 25 11
33 26 231
33 28 288
33 29 132
33 30 276
34 2 266
34 3 16
34 7 173
34 8 216
34 9 152
34 10 158
34 19 259
34 20 262
34 24 5
34 28 61
34 31 292
34 32 5
35 1 63
35 3 89
35 4 251
35 6 178
35 9 68
35 11 167
35 14 202
35 16 156
35 18 128
35 20 137
35 21 91
35 23 223
35 24 121
35 25 175
35 26 290
35 28 85
35 30 227
35 33 167
35 34 107
36 0 93
36 3 150
36 4 275
36 8 85
36 10 42
36 12 78
36 15 280
36 19 73
36 20 135
36 26 13
36 32 265
36 35 93
37 1 135
37 2 192
37 3 25
37 7 57
37 8 227
37 9 139
37 11 233
37 14 52
37 17 67
37 19 161
37 20 57
37 21 90
37 22 291
37 24 157
37 25 279
37 26 36
37 27 47
37 30 23
38 2 218
38 6 243
38 10 81
38 11 140
38 12 253
38 14 203
38 16 43
38 19 315
38 25 77
38 28 12
38 29 315
38 30 206
38 33 288
39 0 197
39 4 319
39 7 172
39 9 187
39 10 23
39 16 268
39 18 75
39 20 234
39 21 109
39 27 57
39 29 319
39 30 162
39 31 231
40 2 165
40 3 58
40 4 73
40 5 144
40 6 320
40 8 291
40 11 69
40 12 57
40 18 214
40 19 177
40 21 134
40 22 256
40 27 218
40 28 34
40 33 88
40 34 277
40 35 103
40 36 253
40 37 214
40 38 236
41 2 129
41 3 132
41 5 8
41 6 157
41 9 14
41 13 157
41 15 299
41 16 128
41 19 300
41 22 248
41 24 87
41 25 97
41 26 1
41 28 161
41 29 162
41 30 298
41 33 164
41 34 36
41 35 258
41 36 227
41 40 273
42 3 122
42 9 129
42 10 299
42 11 88
42 23 34
42 24 302
42 26 95
42 28 41
42 30 85
42 32 283
42 33 291
42 35 44
42 36 27
42 40 15
42 41 81
43 0 77
43 5 249
43 6 201
43 10 202
43 16 103
43 17 286
43 18 94
43 27 159
43 29 205
43 33 216
43 35 101
43 38 4
43 40 21
44 2 35
44 6 253
44 8 88
44 10 292
44 12 114
44 16 279
44 20 61
44 23 87
44 24 214
44 25 212
44 30 177
44 31 96
44 32 55
44 33 250
44 34 96
44 35 144
44 39 111
45 0 140
45 13 203
45 20 114
45 21 134
45 24 51
45 26 160
45 27 139
45 28 63
45 29 279
45 31 109
45 34 73
45 38 42
45 40 221
45 42 243
45 43 136
45 44 243
46 2 4
46 3 152
46 4 204
46 5 299
46 6 237
46 7 226
46 8 275
46 10 22
46 12 188
46 13 98
46 14 234
46 17 46
46 21 160
46 22 101
46 25 48
46 29 97
46 32 158
46 33 268
46 39 129
46 40 10
46 45 181
47 2 266
47 3 198
47 5 16
47 6 129
47 7 3
47 11 320
47 12 255
47 13 170
47 15 159
47 16 19
47 21 244
47 23 21
47 26 220
47 28 308
47 30 200
47 34 104
47 36 318
47 38 112
47 39 176
47 41 71
47 45 134
47 46 91
48 0 308
48 3 211
48 5 13
48 9 307
48 13 189
48 15 158
48 17 121
48 18 136
48 20 79
48 22 163
48 23 232
48 25 211
48 26 81
48 28 113
48 30 108
48 31 16
48 35 218
48 39 113
48 40 129
48 43 293
48 44 192
48 45 296
48 46 207
49 2 269
49 3 183
49 5 171
49 7 292
49 8 213
49 11 57
49 12 114
49 13 216
49 15 239
49 17 253
49 20 241
49 23 27
49 24 268
49 25 312
49 31 262
49 34 247
49 36 167
49 37 148
49 38 34
49 40 167
49 45 305
