20
1 0 199
2 0 181
2 1 287
3 0 81
3 1 292
3 2 22
4 2 93
4 3 38
5 0 61
5 1 126
5 2 95
5 3 147
5 4 46
6 0 235
6 1 194
6 2 15
6 3 131
6 4 30
6 5 120
7 1 109
7 2 239
7 3 202
7 4 73
7 6 219
8 1 2
8 2 55
8 3 16
8 4 124
8 5 15
8 6 265
8 7 256
9 0 303
9 1 217
9 3 146
9 4 164
9 5 200
9 6 26
9 7 286
10 0 8
10 1 115
10 2 4
10 3 95
10 4 102
10 5 143
10 6 115
10 7 31
10 8 268
10 9 127
11 0 3
11 2 88
11 3 307
11 6 278
11 9 214
12 2 226
12 3 225
12 4 319
12 5 153
12 6 193
12 7 153
12 8 221
12 11 164
13 0 225
13 1 69
13 3 66
13 4 86
13 6 60
13 7 303
13 8 299
13 10 197
13 11 212
13 12 283
14 0 161
14 1 192
14 3 174
14 4 272
14 5 1
14 6 235
14 8 245
14 9 189
14 11 165
14 12 256
14 13 226
15 0 220
15 1 298
15 2 119
15 3 128
15 4 172
15 5 113
15 6 97
15 7 138
15 8 110
15 9 149
15 10 24
15 11 286
15 12 21
15 13 212
15 14 100
16 2 11
16 3 256
16 4 126
16 5 285
16 8 86
16 9 49
16 10 237
16 14 32
16 15 46
17 1 277
17 2 277
17 3 137
17 4 55
17 6 9
17 7 108
17 8 86
17 9 27
17 10 191
17 13 262
17 14 32
18 0 245
18 1 112
18 2 129
18 3 302
18 4 297
18 6 57
18 7 298
18 8 315
18 9 76
18 11 18
18 12 2
18 13 234
18 15 92
18 16 284
19 0 259
19 3 303
19 4 37
19 5 278
19 6 116
19 8 240
19 9 172
19 10 248
19 11 61
19 12 156
19 13 78
19 14 61
19 15 132
19 16 255
19 17 47
19 18 254
