40
2 0 255
3 2 271
4 0 295
4 1 192
4 2 286
4 3 109
5 0 137
5 1 234
5 2 58
5 3 202
5 4 64
6 2 76
6 3 7
6 4 19
7 0 65
7 3 163
7 4 98
7 5 190
8 1 241
8 2 202
8 3 71
8 6 259
8 7 270
9 0 200
9 4 137
9 6 247
9 7 45
9 8 286
10 0 156
10 2 252
10 4 189
10 5 243
10 6 8
10 7 105
10 9 301
11 0 176
11 1 208
11 2 97
11 4 318
11 5 209
11 6 178
11 7 74
11 9 62
11 10 263
12 3 247
12 7 202
12 8 138
12 9 80
12 10 28
13 0 21
13 2 316
13 6 304
13 7 174
13 8 207
13 10 261
13 11 312
13 12 241
14 0 203
14 1 205
14 2 196
14 3 248
14 5 28
14 6 260
14 7 35
14 10 139
14 12 184
15 0 250
15 1 48
15 2 266
15 4 89
15 6 199
15 7 1
15 9 9
15 10 282
15 11 114
15 12 129
15 13 300
15 14 93
16 1 156
16 2 210
16 4 202
16 8 9
16 10 23
16 11 285
16 13 199
16 15 274
17 0 303
17 3 18
17 5 202
17 6 310
17 7 195
17 8 212
17 9 15
17 10 184
17 11 66
17 12 169
17 13 167
17 14 23
17 15 31
18 0 143
18 1 153
18 2 286
18 3 86
18 4 92
18 5 56
18 6 111
18 7 21
18 10 211
18 11 296
18 12 316
18 13 191
18 14 26
18 16 115
18 17 302
19 0 230
19 5 69
19 6 170
19 7 16
19 12 240
19 13 191
19 14 234
19 16 270
19 17 158
19 18 44
20 0 245
20 1 91
20 2 163
20 3 68
20 4 303
20 6 273
20 7 39
20 9 113
20 10 108
20 12 212
20 13 251
20 14 15
20 15 38
20 17 149
21 0 264
21 1 270
21 2 311
21 3 98
21 8 216
21 9 282
21 10 292
21 12 130
21 13 118
21 14 189
21 16 57
21 19 116
21 20 60
22 2 229
22 3 285
22 4 51
22 5 5
22 7 17
22 8 124
22 10 239
22 11 246
22 12 73
22 13 50
22 14 143
22 15 202
22 16 10
22 17 156
22 18 268
22 19 48
22 20 162
22 21 210
23 1 230
23 2 294
23 3 100
23 5 5
23 6 65
23 7 250
23 11 215
23 13 37
23 15 116
23 17 80
23 18 123
23 20 113
23 21 79
23 22 273
24 0 159
24 2 282
24 3 266
24 8 320
24 9 254
24 10 235
24 11 207
24 12 34
24 14 141
24 16 262
24 17 45
24 18 71
24 19 48
24 22 283
25 0 60
25 1 275
25 2 206
25 5 273
25 6 262
25 7 317
25 9 15
25 10 154
25 11 177
25 18 228
25 21 264
25 22 57
25 23 206
25 24 17
26 2 121
26 3 220
26 4 232
26 5 125
26 6 134
26 7 95
26 8 183
26 9 51
26 12 20
26 13 1
26 14 51
26 15 260
26 16 185
26 17 220
26 18 36
26 20 248
26 22 35
26 23 202
26 24 128
26 25 276
27 0 316
27 1 116
27 4 161
27 6 272
27 8 77
27 9 168
27 12 264
27 13 72
27 14 309
27 17 74
27 20 299
27 21 237
27 22 286
27 23 159
27 24 74
28 1 97
28 2 34
28 3 227
28 5 52
28 6 108
28 7 212
28 12 305
28 13 94
28 14 20
28 15 11
28 16 218
28 17 176
28 18 64
28 19 79
28 21 129
28 22 193
28 23 137
28 25 245
28 26 232
28 27 223
29 0 179
29 1 283
29 2 105
29 4 155
29 5 279
29 6 262
29 7 242
29 8 86
29 9 275
29 10 14
29 12 234
29 14 55
29 18 130
29 19 54
29 20 296
29 21 248
29 23 238
29 24 56
29 25 273
30 2 15
30 4 224
30 5 178
30 6 235
30 7 257
30 9 254
30 10 110
30 12 236
30 15 127
30 16 211
30 17 291
30 18 66
30 19 163
30 20 25
30 21 5
30 23 240
30 24 260
30 25 183
30 26 264
30 28 8
31 1 184
31 3 270
31 4 3
31 5 117
31 6 66
31 8 287
31 9 170
31 10 237
31 13 18
31 14 97
31 15 159
31 16 208
31 17 202
31 18 66
31 19 213
31 21 145
31 22 64
31 24 40
31 26 189
31 27 98
31 28 13
31 30 21
32 0 224
32 1 258
32 2 269
32 3 124
32 4 225
32 5 27
32 6 318
32 7 95
32 8 2
32 12 292
32 13 195
32 14 191
32 15 36
32 16 287
32 17 318
32 18 274
32 19 171
32 21 163
32 22 185
32 23 131
32 24 97
32 25 22
32 26 283
32 27 220
32 29 161
32 30 228
33 0 189
33 1 62
33 4 170
33 5 179
33 6 188
33 7 56
33 8 309
33 9 273
33 10 312
33 11 71
33 14 143
33 15 215
33 17 93
33 18 306
33 19 300
33 21 216
33 23 98
33 25 299
33 27 234
33 28 205
33 29 68
33 30 302
33 31 308
33 32 113
34 0 172
34 3 95
34 5 320
34 7 286
34 8 43
34 9 314
34 11 27
34 12 143
34 13 145
34 14 287
34 15 300
34 17 258
34 18 177
34 19 170
34 20 126
34 22 92
34 23 172
34 24 105
34 26 307
34 27 47
34 30 205
34 32 143
35 0 19
35 1 112
35 2 7
35 3 110
35 4 250
35 5 240
35 6 52
35 7 315
35 8 33
35 9 244
35 10 298
35 11 136
35 14 28
35 17 111
35 18 22
35 20 66
35 22 135
35 25 46
35 26 302
35 27 229
35 28 303
35 33 197
35 34 9
36 1 130
36 2 158
36 3 188
36 6 31
36 7 196
36 10 207
36 11 317
36 14 100
36 15 255
36 16 9
36 17 131
36 18 153
36 20 97
36 21 280
36 22 161
36 24 130
36 25 259
36 26 253
36 27 14
36 28 240
36 29 206
36 31 10
36 33 173
36 34 230
36 35 117
37 2 15
37 3 191
37 4 283
37 5 318
37 6 163
37 7 73
37 8 264
37 9 317
37 10 178
37 11 79
37 12 33
37 13 224
37 14 119
37 15 233
37 16 104
37 17 54
37 18 93
37 19 133
37 21 304
37 22 292
37 23 251
37 24 240
37 27 258
37 28 20
37 29 67
37 30 249
37 33 70
37 34 291
37 35 44
37 36 18
38 1 163
38 5 108
38 6 282
38 7 39
38 8 113
38 9 189
38 11 32
38 15 143
38 16 191
38 17 314
38 19 305
38 20 172
38 21 17
38 26 228
38 27 60
38 29 209
38 30 304
38 31 127
38 33 113
38 34 17
38 35 8
39 0 52
39 1 145
39 2 171
39 3 88
39 4 272
39 6 42
39 7 179
39 8 109
39 9 171
39 11 280
39 12 15
39 14 117
39 15 162
39 16 94
39 18 179
39 19 255
39 22 37
39 23 221
39 24 35
39 25 263
39 26 272
39 29 87
39 30 232
39 31 177
39 32 34
39 33 200
39 35 179
39 37 133
39 38 3
