60
2 0 21
2 1 15
3 1 40
3 2 6
4 0 26
4 1 11
4 2 23
4 3 16
5 0 8
5 1 27
5 2 1
5 3 29
5 4 32
6 0 8
6 1 30
6 2 2
6 3 5
6 4 36
6 5 29
7 0 8
7 1 5
7 3 21
7 4 16
7 5 10
8 0 39
8 1 10
8 2 14
8 3 11
8 5 26
8 6 27
8 7 39
9 0 28
9 3 27
9 4 12
9 5 40
9 6 34
9 8 28
10 0 17
10 2 6
10 3 32
10 4 19
10 6 10
10 7 10
10 8 33
10 9 33
11 0 3
11 1 31
11 2 27
11 3 5
11 6 31
11 7 40
11 8 39
11 9 39
11 10 13
12 0 4
12 1 18
12 2 27
12 3 31
12 4 21
12 6 27
12 7 29
12 8 24
12 9 35
12 11 21
13 0 31
13 1 9
13 3 9
13 4 18
13 6 27
13 7 40
13 8 31
13 9 16
13 10 39
13 12 5
14 0 30
14 1 21
14 3 18
14 4 30
14 5 23
14 6 38
14 8 26
14 9 1
14 10 38
14 11 6
14 12 2
14 13 20
15 0 17
15 1 1
15 2 40
15 4 1
15 5 26
15 6 11
15 7 15
15 8 35
15 9 14
15 11 15
15 12 25
15 13 26
15 14 11
16 0 33
16 1 15
16 5 9
16 6 34
16 7 39
16 8 23
16 9 5
16 10 28
16 11 12
16 13 8
16 14 19
16 15 32
17 0 30
17 1 5
17 3 4
17 4 27
17 9 10
17 10 8
17 12 31
17 13 28
17 14 2
17 15 12
17 16 11
18 1 16
18 2 39
18 3 2
18 4 19
18 5 11
18 6 29
18 7 22
18 8 2
18 9 40
18 10 36
18 12 15
18 13 6
18 14 4
18 15 23
18 16 33
18 17 10
19 0 21
19 1 14
19 2 39
19 3 37
19 4 12
19 5 10
19 6 9
19 8 19
19 9 16
19 11 23
19 13 10
19 14 20
19 15 26
19 16 4
19 17 36
20 0 14
20 1 29
20 2 21
20 5 32
20 6 31
20 9 38
20 10 19
20 11 21
20 12 6
20 13 3
20 14 13
20 15 10
20 16 3
20 17 27
20 19 18
21 0 9
21 2 7
21 3 8
21 4 13
21 5 28
21 6 5
21 7 37
21 8 29
21 10 19
21 11 13
21 12 21
21 13 38
21 14 11
21 15 19
21 16 9
21 17 1
21 19 13
21 20 5
22 0 36
22 3 29
22 4 22
22 5 33
22 6 4
22 7 10
22 8 16
22 9 3
22 11 10
22 12 27
22 13 17
22 14 24
22 15 21
22 16 21
22 17 27
22 18 34
22 19 14
22 20 1
23 0 25
23 1 1
23 3 37
23 4 5
23 5 37
23 8 21
23 9 37
23 10 28
23 11 19
23 12 29
23 14 10
23 15 21
23 16 27
23 17 38
23 18 20
23 19 38
23 20 39
23 22 8
24 0 1
24 1 31
24 3 29
24 4 12
24 6 1
24 7 19
24 8 5
24 10 25
24 11 40
24 13 7
24 15 9
24 16 8
24 17 22
24 18 35
24 22 6
25 0 14
25 1 16
25 3 32
25 6 33
25 9 6
25 10 10
25 12 22
25 14 15
25 15 23
25 16 24
25 18 33
25 19 40
25 20 7
25 21 40
25 22 24
25 23 6
25 24 21
26 0 18
26 1 39
26 3 15
26 6 2
26 7 17
26 8 19
26 9 39
26 10 33
26 13 27
26 15 37
26 17 16
26 18 19
26 19 37
26 20 5
26 21 1
26 22 31
26 23 28
26 24 10
26 25 16
27 0 21
27 1 38
27 2 11
27 3 30
27 4 14
27 5 23
27 6 31
27 7 19
27 9 9
27 10 32
27 11 22
27 12 3
27 13 35
27 14 20
27 16 1
27 17 10
27 18 19
27 19 13
27 20 12
27 21 13
27 22 2
27 24 38
27 26 28
28 1 32
28 2 11
28 3 28
28 4 29
28 6 32
28 9 25
28 10 16
28 11 35
28 12 22
28 13 12
28 14 33
28 15 24
28 16 11
28 17 24
28 18 13
28 19 20
28 20 26
28 21 30
28 23 25
28 24 37
28 25 25
28 26 13
29 0 35
29 1 4
29 4 22
29 5 1
29 6 35
29 7 15
29 8 37
29 9 37
29 11 21
29 12 39
29 13 10
29 14 9
29 15 17
29 17 19
29 19 32
29 20 15
29 21 9
29 22 29
29 23 17
29 24 5
29 25 36
29 28 28
30 1 10
30 2 29
30 4 30
30 5 18
30 6 24
30 7 35
30 8 5
30 9 1
30 11 28
30 12 4
30 13 34
30 14 21
30 15 27
30 16 18
30 17 2
30 18 2
30 19 32
30 20 29
30 21 36
30 22 31
30 23 20
30 24 27
30 25 33
30 26 2
30 27 6
30 28 31
31 0 22
31 3 37
31 4 2
31 6 25
31 7 8
31 8 28
31 9 39
31 10 10
31 11 32
31 12 6
31 13 25
31 14 40
31 15 19
31 16 38
31 17 17
31 19 26
31 21 34
31 23 32
31 24 29
31 25 39
31 26 40
31 27 26
31 28 33
31 29 16
31 30 21
32 0 18
32 1 14
32 2 38
32 4 7
32 5 32
32 6 7
32 8 36
32 9 12
32 11 4
32 12 8
32 15 29
32 16 37
32 17 9
32 18 32
32 19 34
32 20 31
32 21 21
32 22 17
32 24 15
32 25 37
32 26 29
32 27 21
32 28 8
32 29 22
32 30 13
33 0 25
33 1 17
33 2 38
33 3 28
33 6 9
33 8 18
33 11 22
33 12 29
33 13 30
33 14 5
33 15 31
33 16 13
33 18 25
33 19 24
33 20 30
33 21 39
33 22 38
33 23 13
33 24 14
33 25 25
33 26 6
33 27 20
33 28 10
33 29 1
33 30 23
33 31 23
33 32 31
34 0 8
34 1 25
34 2 25
34 3 2
34 5 28
34 6 37
34 7 21
34 8 19
34 9 37
34 10 13
34 12 14
34 14 7
34 15 28
34 16 17
34 17 31
34 18 32
34 20 23
34 21 33
34 22 31
34 23 12
34 24 12
34 25 28
34 26 20
34 27 5
34 28 31
34 29 27
34 30 13
34 31 15
34 32 25
34 33 25
35 0 29
35 2 37
35 3 38
35 7 17
35 8 5
35 9 29
35 10 27
35 11 28
35 12 27
35 16 19
35 17 2
35 18 28
35 19 30
35 22 29
35 23 25
35 24 17
35 27 32
35 28 26
35 31 26
35 32 34
35 34 32
36 0 18
36 1 3
36 2 36
36 4 1
36 5 21
36 6 38
36 7 26
36 8 36
36 9 29
36 10 13
36 12 16
36 14 2
36 16 1
36 17 21
36 18 2
36 19 34
36 20 5
36 21 11
36 23 8
36 24 39
36 25 11
36 26 24
36 28 25
36 29 11
36 30 31
36 31 16
36 33 24
36 34 40
36 35 3
37 0 21
37 1 2
37 2 36
37 3 1
37 4 36
37 5 20
37 6 11
37 7 11
37 9 2
37 10 15
37 11 19
37 12 9
37 13 5
37 14 27
37 15 1
37 16 22
37 19 2
37 20 28
37 21 28
37 23 7
37 24 29
37 25 24
37 26 3
37 28 38
37 29 15
37 30 8
37 31 34
37 32 5
37 33 20
37 34 37
37 35 22
37 36 23
38 0 39
38 1 25
38 2 4
38 3 38
38 4 30
38 6 39
38 7 5
38 8 23
38 9 28
38 10 34
38 11 18
38 12 14
38 13 19
38 14 5
38 15 22
38 17 16
38 18 24
38 19 35
38 21 3
38 23 27
38 24 26
38 25 14
38 26 12
38 27 4
38 28 8
38 29 13
38 30 27
38 31 20
38 32 15
38 33 24
38 34 28
38 35 12
38 36 28
38 37 18
39 0 21
39 2 36
39 3 24
39 4 28
39 5 27
39 7 6
39 9 7
39 12 8
39 13 15
39 14 33
39 16 16
39 18 25
39 19 17
39 20 9
39 21 15
39 22 40
39 23 5
39 24 31
39 25 36
39 26 7
39 28 23
39 29 3
39 30 2
39 31 36
39 33 4
39 34 21
39 35 11
39 36 21
39 37 36
39 38 30
40 0 25
40 1 18
40 2 15
40 3 17
40 4 26
40 6 28
40 7 3
40 8 38
40 9 9
40 12 27
40 13 3
40 14 34
40 15 26
40 16 6
40 17 31
40 18 25
40 19 17
40 22 1
40 23 22
40 25 40
40 27 40
40 28 40
40 29 25
40 32 28
40 33 16
40 34 1
40 35 21
40 36 37
40 39 3
41 0 6
41 1 9
41 2 18
41 3 21
41 4 40
41 6 37
41 7 25
41 8 14
41 9 34
41 10 24
41 11 11
41 12 35
41 14 36
41 15 11
41 17 7
41 18 18
41 19 15
41 21 19
41 22 15
41 23 13
41 24 34
41 26 5
41 27 10
41 28 40
41 29 34
41 30 1
41 31 11
41 32 5
41 33 17
41 34 14
41 35 7
41 36 9
41 37 2
41 38 8
41 40 30
42 0 33
42 2 40
42 3 31
42 4 21
42 5 18
42 6 10
42 10 36
42 11 12
42 12 38
42 13 37
42 15 12
42 16 39
42 18 22
42 19 9
42 20 24
42 21 29
42 22 30
42 23 17
42 24 13
42 25 9
42 26 3
42 27 12
42 28 19
42 29 35
42 31 27
42 32 28
42 33 33
42 34 16
42 35 34
42 36 16
42 37 11
42 38 27
42 39 37
42 40 14
42 41 7
43 0 39
43 1 3
43 2 1
43 3 8
43 4 30
43 5 8
43 6 40
43 8 1
43 9 28
43 10 6
43 11 14
43 12 20
43 13 9
43 14 31
43 15 10
43 16 19
43 17 7
43 18 16
43 19 34
43 20 40
43 21 14
43 22 22
43 23 3
43 24 27
43 25 7
43 27 15
43 28 40
43 29 4
43 30 2
43 32 19
43 33 3
43 34 25
43 35 20
43 36 37
43 37 14
43 38 39
43 39 29
43 42 30
44 0 2
44 1 10
44 4 15
44 5 20
44 6 10
44 7 6
44 8 8
44 9 38
44 10 31
44 11 12
44 12 36
44 13 23
44 14 5
44 16 33
44 17 21
44 18 11
44 19 19
44 20 30
44 21 18
44 22 31
44 23 15
44 25 4
44 26 21
44 27 10
44 28 12
44 29 14
44 30 39
44 31 7
44 33 15
44 34 3
44 35 21
44 36 30
44 37 39
44 38 34
44 39 2
44 40 14
44 41 18
44 42 16
44 43 22
45 0 33
45 1 10
45 4 30
45 7 37
45 8 3
45 9 6
45 10 33
45 11 38
45 12 34
45 13 30
45 14 7
45 18 30
45 19 15
45 20 13
45 21 5
45 22 22
45 23 8
45 24 18
45 25 26
45 26 29
45 28 31
45 29 15
45 30 9
45 31 6
45 32 4
45 33 25
45 34 15
45 35 13
45 36 2
45 37 38
45 38 26
45 39 9
45 40 12
45 41 7
45 42 19
45 43 15
45 44 21
46 0 4
46 1 25
46 2 26
46 3 19
46 5 2
46 6 37
46 7 30
46 9 26
46 10 3
46 11 24
46 12 38
46 13 36
46 14 14
46 15 29
46 16 14
46 17 37
46 18 13
46 20 22
46 22 11
46 23 10
46 24 21
46 25 5
46 26 26
46 27 3
46 28 15
46 29 12
46 31 4
46 32 18
46 33 36
46 34 34
46 36 4
46 37 8
46 38 33
46 39 22
46 40 5
46 42 3
46 43 14
46 44 26
46 45 17
47 0 13
47 1 29
47 2 14
47 3 36
47 4 29
47 5 3
47 6 27
47 7 22
47 8 31
47 9 36
47 10 31
47 12 7
47 13 4
47 14 16
47 16 1
47 17 37
47 18 20
47 19 29
47 20 19
47 21 1
47 22 10
47 23 31
47 24 33
47 25 15
47 26 5
47 27 14
47 28 20
47 29 19
47 30 34
47 31 6
47 33 39
47 34 21
47 35 32
47 36 6
47 37 20
47 38 8
47 39 10
47 40 29
47 41 7
47 43 32
47 44 33
47 45 39
47 46 27
48 0 33
48 1 14
48 2 20
48 3 37
48 4 16
48 5 23
48 6 17
48 7 12
48 8 25
48 9 15
48 10 39
48 11 37
48 14 10
48 15 35
48 16 30
48 17 33
48 19 18
48 20 34
48 22 5
48 23 33
48 24 2
48 25 7
48 26 6
48 27 38
48 30 8
48 31 2
48 32 2
48 33 19
48 35 15
48 36 14
48 37 6
48 38 5
48 40 40
48 41 6
48 43 15
48 44 1
48 46 25
48 47 18
49 0 36
49 1 36
49 2 4
49 3 37
49 4 33
49 5 4
49 6 33
49 7 21
49 8 1
49 9 33
49 10 6
49 11 38
49 13 37
49 14 33
49 15 36
49 16 38
49 18 22
49 20 30
49 21 11
49 22 34
49 23 7
49 24 40
49 25 2
49 26 22
49 27 33
49 28 24
49 29 14
49 31 33
49 34 34
49 35 6
49 36 30
49 37 14
49 38 16
49 40 20
49 41 15
49 42 22
49 43 39
49 44 17
49 45 30
49 46 24
49 48 22
50 0 17
50 1 11
50 2 7
50 3 38
50 4 5
50 5 1
50 6 27
50 7 10
50 9 24
50 10 6
50 11 4
50 12 14
50 13 23
50 14 10
50 15 30
50 16 34
50 17 3
50 18 15
50 20 4
50 21 10
50 22 22
50 23 34
50 25 39
50 27 15
50 29 28
50 31 21
50 32 5
50 33 31
50 34 4
50 35 2
50 36 25
50 37 12
50 38 25
50 39 14
50 40 20
50 41 27
50 42 35
50 44 4
50 46 1
50 47 38
50 48 27
51 0 39
51 1 21
51 2 36
51 3 38
51 4 27
51 6 12
51 7 36
51 8 32
51 10 5
51 11 33
51 12 21
51 13 22
51 14 4
51 15 33
51 16 12
51 17 2
51 18 29
51 20 40
51 22 35
51 23 18
51 26 25
51 27 37
51 28 26
51 29 28
51 30 39
51 31 40
51 32 10
51 33 22
51 34 20
51 35 29
51 36 29
51 37 15
51 40 34
51 41 33
51 42 39
51 44 7
51 45 40
51 48 18
51 49 36
51 50 9
52 0 15
52 1 38
52 2 8
52 3 16
52 5 8
52 6 3
52 7 17
52 9 13
52 10 33
52 11 8
52 12 6
52 13 4
52 15 13
52 17 3
52 18 34
52 19 34
52 21 36
52 22 31
52 23 4
52 24 4
52 25 9
52 26 40
52 27 23
52 28 32
52 29 17
52 30 35
52 32 7
52 35 1
52 37 7
52 38 33
52 39 10
52 40 10
52 41 40
52 42 29
52 43 40
52 44 24
52 45 39
52 46 24
52 48 11
52 49 36
52 50 19
52 51 17
53 0 40
53 1 37
53 2 10
53 3 32
53 6 31
53 7 28
53 8 22
53 11 30
53 12 34
53 13 27
53 14 1
53 18 20
53 19 33
53 20 26
53 21 9
53 22 13
53 23 30
53 24 34
53 25 17
53 26 8
53 27 28
53 28 29
53 31 21
53 32 35
53 33 20
53 34 18
53 36 16
53 37 2
53 38 5
53 39 7
53 40 31
53 41 37
53 42 37
53 43 24
53 44 39
53 48 32
53 49 38
53 50 17
53 51 30
54 0 10
54 1 31
54 2 38
54 3 5
54 4 2
54 5 16
54 6 23
54 7 36
54 8 3
54 9 27
54 10 19
54 12 36
54 14 36
54 15 36
54 16 16
54 17 26
54 18 15
54 20 1
54 21 14
54 22 28
54 23 27
54 24 29
54 27 32
54 29 6
54 30 24
54 32 31
54 34 28
54 36 8
54 37 20
54 39 33
54 42 22
54 43 13
54 44 6
54 45 16
54 46 38
54 47 32
54 48 10
54 49 30
54 50 11
54 51 30
54 52 30
54 53 6
55 0 22
55 1 20
55 2 36
55 4 17
55 5 31
55 6 34
55 7 31
55 8 19
55 9 25
55 12 30
55 13 38
55 14 16
55 15 16
55 16 15
55 17 37
55 18 25
55 19 29
55 20 6
55 21 22
55 22 39
55 23 13
55 24 24
55 26 21
55 27 37
55 29 10
55 30 33
55 31 5
55 32 29
55 34 33
55 35 1
55 36 7
55 38 14
55 39 13
55 40 38
55 41 17
55 42 18
55 43 39
55 44 10
55 45 36
55 46 35
55 48 14
55 49 34
55 50 30
55 51 8
55 52 10
55 54 2
56 0 26
56 1 17
56 2 22
56 3 1
56 5 40
56 6 25
56 7 10
56 8 1
56 9 36
56 10 30
56 13 28
56 15 27
56 16 13
56 17 12
56 18 27
56 19 27
56 20 18
56 21 19
56 22 20
56 23 15
56 24 22
56 25 30
56 26 29
56 27 29
56 28 5
56 29 7
56 30 21
56 31 10
56 32 39
56 34 37
56 35 19
56 36 6
56 38 37
56 39 18
56 40 36
56 41 39
56 42 11
56 43 3
56 44 6
56 45 7
56 46 20
56 47 23
56 48 5
56 49 26
56 50 4
56 51 11
56 53 17
56 54 8
56 55 40
57 0 12
57 1 26
57 3 19
57 5 14
57 6 16
57 7 32
57 8 39
57 10 37
57 12 11
57 13 8
57 15 2
57 16 18
57 17 34
57 19 1
57 20 33
57 21 8
57 23 39
57 24 38
57 25 31
57 26 31
57 27 6
57 29 7
57 30 37
57 31 16
57 32 15
57 35 20
57 37 9
57 38 17
57 39 21
57 41 2
57 42 26
57 43 18
57 44 15
57 45 5
57 46 18
57 48 10
57 49 9
57 50 7
57 51 1
57 53 31
57 54 31
57 55 26
57 56 25
58 0 17
58 1 4
58 2 40
58 3 10
58 7 18
58 9 8
58 10 21
58 11 4
58 12 4
58 14 5
58 15 12
58 16 10
58 18 14
58 19 5
58 20 19
58 21 13
58 22 3
58 23 8
58 24 4
58 25 33
58 26 29
58 27 10
58 28 3
58 30 28
58 31 30
58 32 7
58 33 13
58 34 5
58 35 27
58 37 34
58 38 21
58 39 13
58 40 11
58 42 32
58 43 33
58 44 40
58 45 13
58 46 12
58 47 24
58 48 13
58 49 17
58 51 29
58 52 16
58 53 14
58 54 35
58 55 6
58 57 31
59 0 5
59 1 14
59 3 29
59 6 33
59 8 38
59 9 24
59 10 6
59 12 2
59 13 21
59 14 15
59 16 4
59 17 15
59 18 28
59 19 1
59 21 39
59 24 20
59 25 20
59 26 32
59 27 12
59 28 13
59 29 5
59 30 32
59 31 8
59 32 22
59 33 35
59 35 29
59 36 5
59 37 36
59 39 4
59 40 8
59 41 21
59 42 21
59 43 8
59 44 10
59 46 29
59 48 32
59 49 36
59 50 6
59 51 20
59 52 24
59 54 12
59 55 29
59 56 35
59 57 21
