50
3 1 125
4 3 83
5 1 23
7 0 159
8 0 92
8 1 112
8 5 18
9 1 128
10 4 21
10 7 46
11 5 144
12 6 73
12 7 40
13 1 127
14 0 122
14 5 125
15 3 150
15 5 66
15 8 115
15 14 66
16 7 115
16 9 138
16 11 58
16 13 127
16 15 96
17 0 132
17 3 145
17 9 129
17 12 105
17 15 40
18 2 154
18 3 86
18 4 26
18 7 44
18 14 86
19 7 53
19 10 114
20 6 89
20 13 121
20 17 146
21 11 127
21 18 24
22 3 158
23 0 31
23 6 30
23 18 152
24 0 127
24 21 44
24 22 37
25 0 34
25 2 107
25 11 125
25 13 98
25 24 9
26 11 79
26 12 12
26 18 87
26 21 43
27 0 97
27 3 19
27 9 58
27 10 46
27 13 82
27 14 16
27 15 120
27 18 137
27 21 121
28 11 91
28 15 31
28 24 58
28 26 114
29 17 105
29 28 84
30 2 35
30 3 134
30 7 34
30 8 32
30 13 88
30 16 116
30 19 49
30 22 100
30 23 51
30 24 111
31 5 93
31 6 149
31 7 66
31 8 47
31 9 83
31 13 32
31 15 124
31 20 119
31 24 145
31 26 71
31 29 126
32 2 151
32 3 80
32 6 42
32 11 99
32 12 111
32 17 37
32 22 156
32 23 139
32 27 80
32 30 15
33 6 41
33 8 94
33 12 63
33 19 137
33 23 142
34 1 122
34 9 5
34 13 94
34 15 108
34 18 97
34 19 89
34 20 142
34 31 87
35 0 111
35 8 74
35 19 15
35 30 74
35 34 40
36 0 1
36 2 110
36 8 32
36 18 128
36 23 141
36 25 146
36 27 82
36 29 39
36 33 158
36 35 121
37 4 137
37 7 57
37 14 82
37 30 98
37 32 77
37 33 140
37 34 28
38 1 115
38 15 27
38 20 53
38 21 73
38 37 17
39 0 137
39 14 19
39 15 144
39 27 105
39 30 25
39 31 126
40 5 41
40 13 160
40 15 138
40 19 109
40 23 114
40 27 9
40 29 21
40 39 40
41 2 152
41 4 44
41 5 124
41 10 148
41 11 159
41 14 138
41 20 127
41 30 145
41 34 49
41 37 136
42 1 70
42 3 50
42 10 160
42 28 107
42 33 69
42 37 80
42 38 68
43 1 15
43 8 135
43 10 126
43 13 6
43 16 155
43 22 74
43 25 131
43 30 140
43 39 54
43 42 73
44 0 94
44 11 116
44 14 85
44 17 35
44 25 67
44 32 97
44 40 56
44 43 64
45 2 62
45 3 154
45 9 119
45 10 65
45 12 36
45 13 139
45 21 106
45 27 70
45 32 14
45 34 35
46 7 67
46 12 134
46 14 159
46 27 65
46 28 87
47 3 24
47 6 46
47 12 93
47 16 109
47 20 121
47 25 63
47 37 38
47 44 92
47 45 63
48 10 107
48 13 135
48 17 125
48 23 13
48 24 73
48 30 135
48 37 79
48 39 160
48 42 60
48 45 84
48 47 58
49 1 17
49 3 32
49 9 127
49 22 93
49 31 52
49 32 67
49 39 27
49 40 115
