60
1 0 82
2 1 280
3 1 59
3 2 159
4 1 213
4 2 174
5 1 267
5 3 65
5 4 7
6 0 211
6 3 72
6 5 129
7 2 264
7 3 310
7 5 5
7 6 313
8 0 40
8 3 310
8 4 137
8 7 258
9 0 4
9 2 201
9 3 52
9 5 85
9 8 89
10 0 10
10 1 18
10 4 185
10 5 53
10 6 197
10 7 222
11 2 157
11 4 190
11 5 280
11 6 242
11 7 234
11 9 180
12 0 317
12 4 120
12 5 204
12 6 270
12 8 309
12 10 286
13 3 106
13 4 168
13 7 219
13 8 211
14 2 78
14 3 246
14 4 203
14 6 169
14 8 284
14 9 89
14 10 174
14 11 238
14 12 67
14 13 118
15 0 213
15 3 22
15 7 255
15 8 232
15 12 129
16 2 107
16 7 257
16 8 183
16 9 208
16 14 162
16 15 203
17 0 70
17 2 108
17 5 10
17 16 238
18 0 213
18 2 45
18 8 130
18 10 128
18 15 58
19 1 180
19 2 20
19 3 250
19 8 47
19 17 168
20 4 6
20 5 241
20 11 126
20 12 153
20 15 137
21 0 221
21 2 184
21 3 142
21 4 24
21 7 291
21 9 202
21 12 317
21 14 2
21 17 221
21 18 249
21 20 136
22 0 60
22 1 190
22 2 95
22 3 185
22 7 285
22 8 219
22 14 106
22 21 50
23 0 236
23 3 190
23 6 309
23 9 73
23 10 271
23 11 145
23 12 45
23 13 40
23 14 18
23 17 133
23 18 124
23 21 154
24 2 27
24 3 157
24 6 208
24 11 193
24 14 202
24 16 314
24 17 290
24 18 317
24 21 145
25 7 309
25 9 270
25 10 100
25 11 13
25 12 182
25 15 266
25 16 14
25 20 133
25 23 45
25 24 127
26 0 289
26 2 228
26 6 5
26 8 103
26 9 127
26 12 97
26 13 98
26 15 313
26 16 314
26 18 175
27 2 65
27 5 120
27 6 27
27 7 237
27 8 233
27 10 133
27 13 6
27 15 24
27 21 182
28 0 129
28 1 159
28 5 267
28 8 115
28 10 70
28 11 181
28 13 21
28 15 152
28 16 62
28 21 295
29 1 113
29 8 73
29 13 312
29 14 96
29 15 298
29 16 37
29 21 81
29 24 276
29 26 182
29 27 255
29 28 73
30 5 8
30 8 65
30 9 79
30 11 308
30 13 238
30 16 247
30 19 6
30 23 141
30 25 220
30 26 309
30 29 173
31 1 294
31 2 176
31 4 196
31 6 309
31 7 43
31 12 206
31 13 58
31 14 236
31 15 155
31 16 135
31 19 8
31 20 298
31 23 240
31 24 208
31 26 39
31 27 65
31 29 80
32 5 211
32 8 57
32 10 315
32 13 3
32 19 255
32 20 250
32 21 50
32 22 196
32 23 4
32 24 88
32 31 108
33 1 20
33 2 124
33 4 71
33 6 319
33 10 237
33 11 114
33 16 318
33 19 165
33 21 25
33 22 248
33 24 252
33 27 293
33 28 109
33 29 296
34 0 161
34 1 193
34 3 207
34 4 260
34 6 203
34 7 238
34 8 113
34 12 56
34 17 120
34 18 270
34 19 138
34 21 244
34 29 230
34 30 29
34 33 143
35 3 128
35 8 105
35 9 201
35 12 130
35 15 247
35 18 134
35 31 68
35 34 159
36 1 137
36 2 23
36 5 280
36 6 224
36 8 83
36 10 99
36 14 1
36 17 26
36 18 23
36 23 175
36 25 304
36 26 22
36 27 59
36 29 252
36 34 144
37 2 132
37 3 66
37 4 303
37 5 133
37 11 135
37 14 319
37 20 210
37 21 192
37 23 2
37 24 187
37 27 104
37 28 29
37 29 202
37 31 175
37 32 25
37 33 24
38 7 284
38 14 170
38 15 264
38 19 268
38 22 188
38 24 118
38 26 176
38 28 317
38 34 80
38 36 232
39 0 82
39 2 199
39 4 29
39 5 202
39 6 208
39 7 164
39 9 230
39 13 194
39 15 51
39 20 123
39 22 230
39 24 140
39 26 35
39 29 304
39 30 67
39 32 264
39 33 165
39 36 302
40 1 298
40 2 33
40 9 139
40 10 7
40 12 35
40 13 291
40 15 217
40 17 144
40 19 252
40 21 166
40 22 178
40 24 234
40 26 62
40 28 207
40 29 57
40 31 202
40 32 153
40 34 118
40 36 232
40 37 26
40 38 94
41 0 176
41 4 163
41 8 110
41 17 77
41 18 161
41 19 69
41 22 206
41 23 157
41 25 303
41 32 114
41 38 306
42 0 150
42 1 261
42 5 80
42 10 132
42 11 70
42 12 248
42 16 36
42 17 302
42 19 158
42 23 106
42 24 197
42 27 206
42 29 296
42 30 119
42 31 123
42 33 262
42 35 253
42 36 27
42 37 23
43 2 116
43 4 14
43 8 69
43 10 7
43 11 258
43 12 74
43 15 271
43 17 318
43 20 197
43 21 188
43 24 266
43 29 296
43 32 147
43 33 187
43 35 55
44 2 207
44 4 175
44 7 33
44 8 315
44 10 59
44 11 261
44 14 280
44 18 137
44 22 178
44 30 181
44 35 140
44 36 92
45 1 256
45 2 169
45 6 60
45 11 8
45 13 127
45 19 216
45 28 234
45 30 244
45 31 240
45 33 87
45 35 109
45 36 8
45 37 218
45 39 64
45 41 173
45 42 103
45 43 63
46 1 182
46 5 65
46 6 136
46 13 66
46 15 19
46 17 84
46 18 167
46 20 225
46 24 214
46 27 73
46 28 314
46 29 216
46 32 100
46 33 192
46 37 233
46 38 209
46 42 158
47 1 50
47 2 73
47 6 196
47 7 152
47 9 180
47 11 107
47 12 290
47 13 313
47 14 283
47 15 76
47 16 137
47 19 64
47 20 290
47 22 109
47 24 174
47 26 275
47 29 92
47 30 143
47 31 285
47 39 221
47 40 25
47 41 295
47 44 166
48 1 27
48 2 82
48 4 236
48 5 145
48 6 61
48 8 276
48 11 76
48 14 82
48 16 144
48 18 45
48 19 147
48 21 46
48 27 184
48 29 131
48 32 157
48 33 195
48 34 289
48 40 221
48 43 281
48 46 116
48 47 134
49 10 277
49 11 48
49 12 251
49 13 241
49 14 74
49 16 233
49 17 293
49 20 206
49 26 117
49 29 246
49 33 161
49 34 294
49 36 46
49 38 191
49 41 161
49 42 238
49 45 61
49 46 26
49 47 74
49 48 307
50 0 245
50 4 41
50 5 89
50 8 1
50 9 265
50 12 201
50 13 225
50 14 276
50 18 275
50 19 305
50 20 37
50 21 294
50 24 224
50 25 320
50 26 120
50 27 199
50 28 123
50 30 192
50 34 102
50 35 84
50 41 26
50 42 46
50 43 222
50 45 102
50 46 271
51 2 65
51 5 7
51 7 180
51 12 239
51 15 169
51 18 33
51 22 88
51 30 60
51 31 276
51 35 124
51 39 305
51 43 117
51 45 281
51 50 293
52 0 216
52 1 111
52 2 59
52 5 257
52 7 112
52 8 137
52 10 175
52 12 96
52 16 101
52 17 40
52 20 82
52 21 56
52 25 204
52 27 98
52 30 134
52 31 116
52 33 224
52 35 83
52 36 181
52 37 43
52 38 210
52 40 320
52 41 174
52 43 6
52 47 52
52 51 48
53 0 272
53 2 191
53 5 197
53 6 247
53 7 209
53 8 206
53 12 206
53 13 204
53 15 99
53 17 202
53 19 166
53 23 257
53 24 237
53 25 136
53 35 40
53 39 283
53 40 234
53 51 171
53 52 33
54 2 191
54 5 222
54 7 235
54 8 197
54 9 262
54 12 139
54 13 198
54 14 244
54 15 102
54 16 47
54 18 247
54 21 34
54 24 72
54 29 218
54 33 36
54 38 126
54 39 270
54 42 72
54 43 78
54 47 240
54 48 294
54 50 14
54 51 33
54 53 184
55 8 40
55 9 64
55 10 299
55 11 49
55 14 16
55 15 133
55 16 50
55 17 157
55 19 152
55 20 216
55 25 163
55 26 50
55 28 90
55 30 13
55 31 5
55 34 295
55 37 313
55 41 29
55 42 141
55 45 177
55 47 295
55 49 118
55 52 13
55 53 253
56 0 85
56 1 284
56 2 43
56 8 268
56 9 201
56 14 25
56 15 120
56 16 137
56 17 138
56 21 276
56 27 193
56 28 148
56 30 128
56 32 235
56 36 24
56 38 121
56 41 271
56 42 177
56 48 137
56 49 285
56 50 71
56 51 111
56 54 208
57 0 23
57 3 68
57 4 315
57 5 244
57 7 50
57 13 253
57 18 311
57 20 284
57 22 318
57 25 103
57 28 104
57 35 77
57 47 60
57 48 271
57 52 259
58 1 182
58 2 52
58 3 185
58 5 101
58 9 86
58 16 38
58 18 42
58 19 194
58 21 285
58 22 158
58 23 14
58 27 296
58 28 155
58 30 85
58 32 253
58 36 35
58 38 112
58 39 164
58 41 117
58 42 187
58 43 83
58 45 126
58 49 230
58 51 70
58 52 69
59 0 187
59 10 281
59 11 230
59 12 24
59 16 311
59 17 96
59 18 202
59 21 67
59 23 153
59 25 308
59 26 113
59 29 308
59 30 197
59 31 260
59 35 110
59 36 181
59 37 67
59 42 302
59 44 93
59 47 192
59 50 234
59 52 283
59 58 185
