40
1 0 25
2 0 1
2 1 33
3 0 14
3 1 13
3 2 16
4 0 36
4 1 34
4 2 19
4 3 22
5 1 25
5 2 2
5 3 13
6 0 32
6 1 1
6 2 4
6 3 39
6 4 25
6 5 2
7 0 29
7 1 23
7 2 37
7 3 27
7 4 27
7 5 11
7 6 11
8 0 11
8 1 9
8 2 20
8 3 21
8 4 1
8 6 1
8 7 3
9 0 15
9 1 26
9 2 9
9 3 35
9 4 28
9 5 20
9 6 19
9 7 14
9 8 10
10 0 6
10 1 28
10 2 23
10 3 28
10 4 23
10 5 24
10 6 5
10 7 29
10 8 9
10 9 28
11 0 15
11 1 19
11 2 2
11 3 1
11 4 10
11 5 22
11 6 6
11 7 26
11 8 18
11 9 27
11 10 30
12 0 23
12 1 16
12 2 31
12 3 5
12 4 2
12 5 29
12 6 12
12 7 2
12 8 30
12 9 29
12 10 1
12 11 6
13 0 28
13 1 17
13 2 27
13 3 27
13 4 40
13 5 38
13 6 38
13 8 40
13 9 37
13 10 29
13 12 5
14 0 38
14 1 19
14 2 17
14 3 2
14 4 28
14 5 22
14 8 32
14 9 14
14 10 33
14 11 1
14 12 36
15 0 13
15 2 21
15 4 20
15 5 9
15 6 30
15 7 22
15 8 36
15 9 32
15 10 25
15 11 23
15 12 29
15 13 27
15 14 36
16 0 19
16 1 3
16 2 37
16 5 26
16 6 27
16 7 10
16 8 31
16 9 12
16 10 27
16 11 30
16 12 18
16 13 6
17 0 34
17 1 14
17 2 15
17 3 36
17 4 38
17 5 25
17 6 29
17 7 31
17 8 13
17 9 7
17 10 13
17 12 28
17 13 28
17 14 4
17 15 14
17 16 8
18 0 36
18 1 37
18 2 27
18 3 38
18 4 34
18 5 37
18 6 40
18 7 27
18 8 29
18 10 40
18 11 6
18 12 36
18 13 11
18 14 8
18 15 12
18 16 27
18 17 16
19 1 13
19 2 26
19 3 18
19 4 30
19 5 7
19 6 9
19 7 6
19 8 37
19 10 7
19 11 30
19 12 18
19 13 25
19 14 5
19 15 31
19 18 25
20 0 10
20 1 22
20 2 24
20 4 37
20 5 11
20 6 7
20 7 5
20 8 39
20 10 18
20 11 30
20 12 34
20 13 1
20 14 35
20 15 34
20 17 40
20 18 40
20 19 30
21 0 12
21 1 7
21 2 37
21 3 24
21 4 40
21 6 9
21 7 2
21 8 2
21 9 20
21 10 39
21 11 37
21 12 37
21 13 2
21 14 22
21 15 37
21 16 13
21 17 26
21 18 30
21 20 9
22 0 13
22 1 31
22 2 26
22 3 21
22 5 7
22 6 28
22 7 32
22 8 18
22 9 23
22 10 33
22 11 26
22 12 16
22 13 6
22 14 38
22 15 16
22 16 18
22 18 13
22 19 38
22 21 18
23 1 24
23 2 34
23 3 6
23 4 32
23 5 3
23 6 35
23 7 13
23 9 21
23 11 37
23 12 2
23 13 11
23 14 26
23 15 31
23 16 29
23 17 34
23 18 11
23 19 27
23 20 37
23 21 20
23 22 30
24 0 8
24 1 23
24 2 12
24 3 25
24 4 8
24 5 15
24 6 8
24 8 22
24 9 27
24 10 29
24 12 14
24 13 33
24 14 8
24 15 39
24 16 4
24 17 15
24 18 16
24 19 27
24 21 17
25 0 13
25 1 27
25 2 7
25 3 22
25 4 16
25 5 6
25 7 2
25 8 40
25 9 10
25 10 36
25 11 25
25 12 27
25 13 7
25 14 22
25 15 32
25 16 19
25 17 10
25 18 28
25 19 29
25 20 20
25 21 33
25 22 3
25 23 39
25 24 36
26 0 15
26 1 33
26 2 6
26 3 14
26 4 2
26 5 9
26 6 27
26 7 38
26 8 27
26 9 17
26 10 17
26 11 6
26 13 24
26 14 7
26 15 8
26 16 11
26 17 25
26 19 15
26 20 28
26 21 23
26 22 2
26 23 15
26 24 19
26 25 36
27 0 24
27 1 25
27 2 39
27 3 27
27 4 16
27 5 4
27 6 25
27 7 24
27 8 21
27 9 16
27 10 36
27 12 38
27 13 28
27 14 27
27 15 2
27 17 9
27 18 8
27 20 31
27 21 8
27 22 7
27 23 10
27 24 31
27 25 18
27 26 2
28 0 40
28 1 13
28 2 23
28 3 36
28 4 21
28 5 31
28 6 20
28 7 6
28 9 10
28 10 15
28 11 23
28 13 9
28 14 32
28 15 12
28 16 16
28 17 29
28 18 21
28 19 11
28 20 5
28 21 1
28 22 9
28 24 9
28 25 17
28 26 33
28 27 23
29 0 25
29 1 24
29 2 17
29 3 37
29 4 30
29 5 13
29 6 30
29 7 21
29 8 15
29 9 12
29 10 29
29 11 38
29 12 24
29 13 9
29 14 19
29 15 34
29 16 34
29 17 29
29 18 30
29 19 28
29 20 2
29 21 13
29 22 15
29 23 21
29 24 1
29 25 6
29 26 39
29 27 33
29 28 27
30 0 24
30 1 31
30 2 35
30 3 23
30 4 2
30 5 39
30 6 3
30 7 38
30 8 17
30 9 5
30 10 15
30 11 13
30 12 27
30 13 29
30 15 19
30 16 37
30 17 19
30 18 18
30 20 21
30 21 7
30 22 24
30 23 18
30 24 33
30 25 17
30 26 28
30 27 5
30 28 15
30 29 34
31 0 2
31 1 13
31 3 22
31 4 23
31 5 16
31 6 9
31 7 40
31 8 18
31 9 18
31 10 19
31 11 2
31 13 18
31 15 38
31 16 9
31 17 32
31 18 29
31 19 12
31 20 40
31 21 13
31 22 24
31 24 1
31 25 32
31 26 26
31 27 4
31 28 31
31 29 6
31 30 34
32 0 32
32 2 32
32 4 21
32 5 35
32 6 36
32 8 4
32 9 35
32 11 29
32 12 13
32 13 3
32 16 20
32 17 1
32 18 14
32 19 32
32 21 25
32 22 37
32 23 23
32 24 3
32 25 12
32 26 21
32 27 1
32 28 31
32 29 5
32 30 8
33 0 35
33 2 33
33 3 1
33 4 11
33 5 24
33 6 29
33 8 29
33 9 1
33 10 26
33 11 22
33 13 35
33 14 20
33 15 24
33 16 19
33 17 39
33 18 16
33 19 24
33 20 26
33 21 10
33 22 16
33 23 38
33 24 6
33 27 37
33 28 24
33 30 26
33 31 9
33 32 23
34 0 21
34 1 21
34 2 36
34 4 5
34 5 4
34 6 39
34 7 22
34 8 3
34 9 33
34 10 10
34 11 3
34 12 3
34 13 8
34 15 8
34 16 10
34 17 13
34 18 30
34 19 38
34 20 3
34 21 23
34 22 29
34 24 24
34 25 38
34 26 5
34 27 21
34 28 11
34 30 13
34 31 2
34 32 21
35 1 34
35 2 2
35 3 31
35 4 9
35 5 1
35 6 14
35 7 4
35 8 30
35 10 37
35 11 15
35 12 32
35 13 35
35 15 20
35 16 38
35 17 7
35 19 10
35 20 12
35 21 3
35 22 37
35 23 35
35 24 39
35 25 36
35 26 25
35 27 38
35 28 11
35 29 37
35 30 25
35 31 3
35 32 6
35 34 19
36 0 5
36 1 21
36 2 16
36 3 23
36 4 19
36 5 31
36 6 31
36 7 5
36 8 39
36 9 26
36 10 11
36 11 9
36 12 26
36 13 39
36 14 19
36 15 2
36 16 14
36 17 10
36 19 14
36 20 21
36 21 34
36 22 15
36 23 31
36 24 21
36 25 9
36 26 8
36 27 29
36 28 5
36 29 4
36 30 29
36 31 25
36 32 34
36 33 34
36 34 4
36 35 29
37 0 8
37 1 28
37 2 19
37 4 37
37 5 40
37 6 25
37 7 39
37 8 26
37 9 19
37 10 21
37 11 7
37 12 2
37 13 18
37 14 33
37 15 31
37 17 4
37 18 18
37 19 9
37 20 25
37 21 8
37 22 37
37 23 20
37 24 27
37 25 4
37 26 36
37 27 34
37 28 8
37 29 33
37 31 36
37 32 5
37 33 10
37 34 36
37 35 2
37 36 7
38 0 20
38 1 1
38 2 29
38 3 4
38 4 38
38 6 35
38 7 6
38 8 25
38 9 10
38 10 38
38 11 15
38 12 36
38 13 37
38 14 8
38 15 1
38 16 29
38 17 25
38 18 10
38 19 8
38 20 29
38 21 37
38 22 6
38 24 19
38 25 27
38 27 1
38 28 35
38 29 32
38 30 32
38 31 35
38 32 28
38 33 14
38 34 3
38 35 19
38 36 28
38 37 11
39 0 40
39 1 19
39 2 3
39 3 4
39 4 23
39 5 23
39 6 16
39 7 5
39 8 16
39 9 13
39 10 3
39 11 5
39 12 22
39 13 24
39 14 15
39 15 28
39 16 32
39 17 18
39 18 25
39 19 36
39 20 17
39 21 4
39 22 23
39 23 31
39 24 27
39 25 29
39 27 23
39 28 23
39 29 10
39 30 21
39 31 3
39 32 25
39 33 11
39 34 26
39 35 36
39 36 5
39 38 39
