60
1 0 90
2 0 71
2 1 31
3 0 15
3 1 78
3 2 90
4 0 143
4 1 6
4 2 20
4 3 151
5 0 90
5 1 35
5 2 73
5 3 105
5 4 73
6 0 31
6 1 131
6 2 95
6 3 137
6 4 15
6 5 141
7 0 138
7 1 109
7 2 32
7 3 60
7 4 61
7 5 139
7 6 9
8 0 135
8 1 118
8 2 63
8 3 147
8 4 149
8 5 111
8 6 9
8 7 83
9 0 18
9 1 5
9 2 93
9 3 58
9 4 121
9 5 69
9 6 96
9 7 10
9 8 159
10 0 108
10 1 73
10 2 69
10 3 133
10 4 65
10 5 10
10 6 57
10 7 50
10 8 24
10 9 32
11 0 107
11 1 140
11 2 64
11 3 150
11 4 72
11 5 9
11 6 141
11 7 12
11 8 104
11 9 38
11 10 71
12 0 134
12 1 133
12 2 24
12 3 6
12 4 34
12 5 68
12 6 31
12 7 129
12 8 98
12 9 142
12 10 144
12 11 48
13 0 123
13 1 89
13 2 17
13 3 30
13 4 10
13 5 24
13 6 89
13 7 20
13 8 118
13 9 33
13 10 9
13 11 97
13 12 95
14 0 140
14 1 82
14 2 147
14 3 24
14 4 140
14 5 42
14 6 86
14 7 74
14 8 82
14 9 111
14 10 108
14 11 152
14 12 22
14 13 159
15 0 111
15 1 160
15 2 63
15 3 87
15 4 97
15 5 30
15 6 6
15 7 49
15 8 8
15 9 58
15 10 62
15 11 28
15 12 29
15 13 155
15 14 82
16 0 35
16 1 94
16 2 50
16 3 124
16 4 28
16 5 23
16 6 109
16 7 64
16 8 121
16 9 37
16 10 81
16 11 5
16 12 84
16 13 2
16 14 156
16 15 94
17 0 66
17 1 75
17 2 128
17 3 139
17 4 33
17 5 78
17 6 5
17 7 104
17 8 77
17 9 35
17 10 16
17 11 35
17 12 144
17 13 59
17 14 92
17 15 108
17 16 125
18 0 59
18 1 31
18 2 65
18 3 61
18 4 59
18 5 32
18 6 88
18 7 51
18 8 91
18 9 21
18 10 47
18 11 6
18 12 70
18 13 68
18 14 73
18 15 46
18 16 107
18 17 99
19 0 104
19 1 1
19 2 5
19 3 2
19 4 137
19 5 1
19 6 67
19 7 148
19 8 66
19 9 80
19 10 129
19 11 17
19 12 93
19 13 36
19 14 134
19 15 129
19 16 42
19 17 120
19 18 50
20 0 95
20 1 86
20 2 52
20 3 129
20 4 154
20 5 7
20 6 18
20 7 20
20 8 41
20 9 72
20 10 152
20 11 62
20 12 80
20 13 77
20 14 126
20 15 148
20 16 27
20 17 35
20 18 77
20 19 47
21 0 149
21 1 122
21 2 113
21 3 8
21 4 147
21 5 54
21 6 153
21 7 22
21 8 25
21 9 74
21 10 13
21 11 1
21 12 5
21 13 142
21 14 130
21 15 131
21 16 5
21 17 39
21 18 9
21 19 64
21 20 31
22 0 107
22 1 19
22 2 109
22 3 139
22 4 153
22 5 5
22 6 143
22 7 125
22 8 133
22 9 100
22 10 129
22 11 87
22 12 83
22 13 19
22 14 89
22 15 12
22 16 104
22 17 39
22 18 16
22 19 89
22 20 26
22 21 43
23 0 32
23 1 136
23 2 135
23 3 65
23 4 81
23 5 103
23 6 80
23 7 78
23 8 27
23 9 98
23 10 6
23 11 134
23 12 156
23 13 64
23 14 145
23 15 123
23 16 13
23 17 37
23 18 110
23 19 31
23 20 101
23 21 70
23 22 120
24 0 18
24 1 6
24 2 39
24 3 40
24 4 20
24 5 98
24 6 85
24 7 157
24 8 32
24 9 125
24 10 77
24 11 124
24 12 36
24 13 30
24 14 49
24 15 76
24 16 40
24 17 50
24 18 72
24 19 110
24 20 56
24 21 80
24 22 153
24 23 130
25 0 77
25 1 72
25 2 155
25 3 19
25 4 139
25 5 94
25 6 70
25 7 128
25 8 115
25 9 142
25 10 96
25 11 48
25 12 46
25 13 10
25 14 120
25 15 58
25 16 106
25 17 25
25 18 56
25 19 90
25 20 122
25 21 2
25 22 104
25 23 44
25 24 51
26 0 15
26 1 17
26 2 65
26 3 4
26 4 102
26 5 76
26 6 35
26 7 160
26 8 34
26 9 58
26 10 29
26 11 32
26 12 4
26 13 69
26 14 105
26 15 92
26 16 96
26 17 120
26 18 126
26 19 159
26 20 114
26 21 144
26 22 5
26 23 44
26 24 110
26 25 124
27 0 5
27 1 130
27 2 63
27 3 46
27 4 140
27 5 111
27 6 92
27 7 57
27 8 160
27 9 40
27 10 62
27 11 143
27 12 19
27 13 67
27 14 36
27 15 105
27 16 10
27 17 74
27 18 39
27 19 42
27 20 58
27 21 127
27 22 23
27 23 100
27 24 151
27 25 158
27 26 20
28 0 100
28 1 60
28 2 55
28 3 11
28 4 140
28 5 56
28 6 62
28 7 59
28 8 124
28 9 81
28 10 54
28 11 3
28 12 43
28 13 114
28 14 55
28 15 118
28 16 3
28 17 61
28 18 2
28 19 61
28 20 134
28 21 81
28 22 98
28 23 142
28 24 104
28 25 71
28 26 142
28 27 67
29 0 62
29 1 103
29 2 64
29 3 92
29 4 65
29 5 133
29 6 130
29 7 120
29 8 77
29 9 68
29 10 96
29 11 6
29 12 75
29 13 12
29 14 8
29 15 44
29 16 14
29 17 104
29 18 76
29 19 12
29 20 78
29 21 22
29 22 19
29 23 6
29 24 88
29 25 32
29 26 25
29 27 57
29 28 15
30 0 48
30 1 109
30 2 97
30 3 55
30 4 129
30 5 103
30 6 69
30 7 78
30 8 54
30 9 24
30 10 56
30 11 8
30 12 52
30 13 94
30 14 154
30 15 77
30 16 91
30 17 61
30 18 34
30 19 23
30 20 25
30 21 86
30 22 98
30 23 99
30 24 35
30 25 10
30 26 65
30 27 5
30 28 29
30 29 12
31 0 34
31 1 122
31 2 98
31 3 31
31 4 96
31 5 135
31 6 130
31 7 54
31 8 92
31 9 120
31 10 113
31 11 43
31 12 6
31 13 88
31 14 108
31 15 62
31 16 88
31 17 86
31 18 74
31 19 90
31 20 20
31 21 126
31 22 41
31 23 13
31 24 123
31 25 57
31 26 83
31 27 9
31 28 158
31 29 154
31 30 40
32 0 116
32 1 96
32 2 69
32 3 117
32 4 90
32 5 69
32 6 30
32 7 147
32 8 30
32 9 132
32 10 107
32 11 5
32 12 66
32 13 153
32 14 61
32 15 9
32 16 144
32 17 82
32 18 146
32 19 18
32 20 58
32 21 19
32 22 40
32 23 3
32 24 35
32 25 94
32 26 25
32 27 71
32 28 18
32 29 148
32 30 70
32 31 62
33 0 118
33 1 98
33 2 56
33 3 21
33 4 151
33 5 104
33 6 86
33 7 101
33 8 149
33 9 49
33 10 28
33 11 19
33 12 11
33 13 102
33 14 45
33 15 68
33 16 118
33 17 34
33 18 53
33 19 29
33 20 8
33 21 85
33 22 95
33 23 1
33 24 84
33 25 22
33 26 146
33 27 45
33 28 148
33 29 74
33 30 132
33 31 23
33 32 152
34 0 120
34 1 32
34 2 123
34 3 69
34 4 117
34 5 131
34 6 24
34 7 32
34 8 142
34 9 92
34 10 138
34 11 142
34 12 62
34 13 37
34 14 84
34 15 26
34 16 18
34 17 141
34 18 5
34 19 43
34 20 54
34 21 95
34 22 103
34 23 149
34 24 151
34 25 133
34 26 103
34 27 132
34 28 53
34 29 109
34 30 6
34 31 44
34 32 45
34 33 151
35 0 80
35 1 150
35 2 78
35 3 101
35 4 118
35 5 75
35 6 91
35 7 76
35 8 106
35 9 93
35 10 111
35 11 56
35 12 44
35 13 157
35 14 25
35 15 144
35 16 21
35 17 150
35 18 87
35 19 103
35 20 105
35 21 104
35 22 56
35 23 60
35 24 134
35 25 100
35 26 24
35 27 108
35 28 157
35 29 103
35 30 109
35 31 123
35 32 83
35 33 20
35 34 78
36 0 25
36 1 27
36 2 146
36 3 146
36 4 105
36 5 137
36 6 132
36 7 106
36 8 132
36 9 30
36 10 74
36 11 31
36 12 142
36 13 75
36 14 28
36 15 99
36 16 108
36 17 71
36 18 12
36 19 152
36 20 22
36 21 48
36 22 92
36 23 132
36 24 76
36 25 111
36 26 142
36 27 3
36 28 156
36 29 115
36 30 48
36 31 71
36 32 6
36 33 15
36 34 59
36 35 67
37 0 1
37 1 11
37 2 24
37 3 61
37 4 126
37 5 123
37 6 38
37 7 58
37 8 70
37 9 154
37 10 33
37 11 140
37 12 8
37 13 83
37 14 112
37 15 2
37 16 122
37 17 156
37 18 41
37 19 159
37 20 107
37 21 13
37 22 103
37 23 60
37 24 145
37 25 19
37 26 51
37 27 99
37 28 54
37 29 75
37 30 31
37 31 150
37 32 65
37 33 108
37 34 143
37 35 56
37 36 40
38 0 148
38 1 29
38 2 84
38 3 16
38 4 135
38 5 40
38 6 142
38 7 77
38 8 142
38 9 157
38 10 135
38 11 138
38 12 121
38 13 73
38 14 62
38 15 105
38 16 104
38 17 45
38 18 36
38 19 132
38 20 45
38 21 80
38 22 41
38 23 63
38 24 155
38 25 33
38 26 16
38 27 106
38 28 28
38 29 10
38 30 143
38 31 159
38 32 60
38 33 59
38 34 105
38 35 53
38 36 14
38 37 70
39 0 144
39 1 148
39 2 77
39 3 49
39 4 38
39 5 143
39 6 138
39 7 21
39 8 41
39 9 92
39 10 149
39 11 126
39 12 143
39 13 134
39 14 111
39 15 83
39 16 152
39 17 121
39 18 58
39 19 90
39 20 112
39 21 61
39 22 99
39 23 40
39 24 87
39 25 75
39 26 9
39 27 151
39 28 40
39 29 58
39 30 130
39 31 116
39 32 36
39 33 79
39 34 85
39 35 136
39 36 134
39 37 17
39 38 41
40 0 41
40 1 125
40 2 30
40 3 138
40 4 112
40 5 144
40 6 126
40 7 31
40 8 52
40 9 14
40 10 12
40 11 154
40 12 111
40 13 17
40 14 144
40 15 157
40 16 90
40 17 77
40 18 116
40 19 83
40 20 6
40 21 115
40 22 23
40 23 107
40 24 127
40 25 105
40 26 59
40 27 1
40 28 82
40 29 94
40 30 64
40 31 7
40 32 123
40 33 74
40 34 127
40 35 35
40 36 154
40 37 66
40 38 30
40 39 60
41 0 8
41 1 34
41 2 5
41 3 157
41 4 29
41 5 109
41 6 30
41 7 97
41 8 80
41 9 143
41 10 48
41 11 57
41 12 106
41 13 133
41 14 34
41 15 46
41 16 150
41 17 140
41 18 109
41 19 158
41 20 127
41 21 17
41 22 43
41 23 143
41 24 75
41 25 89
41 26 21
41 27 160
41 28 144
41 29 100
41 30 15
41 31 156
41 32 145
41 33 78
41 34 34
41 35 157
41 36 111
41 37 24
41 38 117
41 39 94
41 40 139
42 0 68
42 1 19
42 2 92
42 3 104
42 4 12
42 5 99
42 6 100
42 7 1
42 8 135
42 9 74
42 10 17
42 11 118
42 12 18
42 13 110
42 14 71
42 15 145
42 16 70
42 17 49
42 18 133
42 19 9
42 20 31
42 21 4
42 22 48
42 23 15
42 24 8
42 25 6
42 26 42
42 27 138
42 28 11
42 29 76
42 30 30
42 31 111
42 32 90
42 33 68
42 34 6
42 35 83
42 36 16
42 37 133
42 38 70
42 39 46
42 40 38
42 41 80
43 0 149
43 1 130
43 2 131
43 3 7
43 4 108
43 5 50
43 6 8
43 7 107
43 8 65
43 9 25
43 10 98
43 11 142
43 12 101
43 13 113
43 14 71
43 15 106
43 16 42
43 17 34
43 18 26
43 19 112
43 20 39
43 21 22
43 22 6
43 23 107
43 24 135
43 25 65
43 26 16
43 27 105
43 28 101
43 29 66
43 30 131
43 31 45
43 32 60
43 33 131
43 34 54
43 35 160
43 36 59
43 37 76
43 38 46
43 39 118
43 40 136
43 41 156
43 42 99
44 0 134
44 1 98
44 2 102
44 3 3
44 4 141
44 5 155
44 6 9
44 7 125
44 8 153
44 9 89
44 10 59
44 11 41
44 12 64
44 13 120
44 14 154
44 15 37
44 16 19
44 17 111
44 18 43
44 19 141
44 20 142
44 21 18
44 22 128
44 23 16
44 24 71
44 25 75
44 26 111
44 27 63
44 28 16
44 29 22
44 30 43
44 31 102
44 32 39
44 33 109
44 34 82
44 35 54
44 36 4
44 37 55
44 38 64
44 39 47
44 40 148
44 41 51
44 42 80
44 43 108
45 0 35
45 1 92
45 2 41
45 3 3
45 4 59
45 5 17
45 6 145
45 7 98
45 8 144
45 9 156
45 10 154
45 11 40
45 12 58
45 13 81
45 14 100
45 15 64
45 16 50
45 17 84
45 18 105
45 19 23
45 20 88
45 21 74
45 22 85
45 23 94
45 24 143
45 25 110
45 26 138
45 27 75
45 28 62
45 29 82
45 30 79
45 31 36
45 32 101
45 33 95
45 34 113
45 35 119
45 36 98
45 37 118
45 38 72
45 39 85
45 40 46
45 41 56
45 42 89
45 43 9
45 44 122
46 0 3
46 1 38
46 2 79
46 3 133
46 4 148
46 5 89
46 6 16
46 7 29
46 8 26
46 9 72
46 10 155
46 11 102
46 12 14
46 13 90
46 14 148
46 15 10
46 16 50
46 17 6
46 18 116
46 19 159
46 20 153
46 21 150
46 22 143
46 23 1
46 24 39
46 25 159
46 26 142
46 27 58
46 28 99
46 29 127
46 30 51
46 31 95
46 32 148
46 33 112
46 34 72
46 35 141
46 36 53
46 37 10
46 38 54
46 39 79
46 40 160
46 41 70
46 42 21
46 43 107
46 44 129
46 45 5
47 0 80
47 1 93
47 2 81
47 3 80
47 4 40
47 5 64
47 6 16
47 7 119
47 8 82
47 9 88
47 10 79
47 11 80
47 12 11
47 13 100
47 14 84
47 15 121
47 16 123
47 17 98
47 18 154
47 19 45
47 20 6
47 21 62
47 22 33
47 23 138
47 24 158
47 25 100
47 26 95
47 27 158
47 28 87
47 29 92
47 30 110
47 31 22
47 32 107
47 33 52
47 34 139
47 35 127
47 36 97
47 37 93
47 38 21
47 39 152
47 40 105
47 41 3
47 42 156
47 43 118
47 44 160
47 45 115
47 46 97
48 0 50
48 1 77
48 2 53
48 3 11
48 4 43
48 5 66
48 6 142
48 7 145
48 8 24
48 9 138
48 10 72
48 11 61
48 12 137
48 13 150
48 14 4
48 15 88
48 16 153
48 17 153
48 18 64
48 19 97
48 20 47
48 21 104
48 22 135
48 23 41
48 24 54
48 25 121
48 26 135
48 27 27
48 28 25
48 29 89
48 30 50
48 31 94
48 32 160
48 33 45
48 34 143
48 35 130
48 36 138
48 37 83
48 38 65
48 39 15
48 40 86
48 41 142
48 42 70
48 43 3
48 44 147
48 45 109
48 46 105
48 47 100
49 0 114
49 1 54
49 2 77
49 3 118
49 4 121
49 5 125
49 6 149
49 7 28
49 8 90
49 9 11
49 10 6
49 11 159
49 12 129
49 13 153
49 14 1
49 15 126
49 16 150
49 17 25
49 18 2
49 19 123
49 20 16
49 21 85
49 22 65
49 23 17
49 24 149
49 25 78
49 26 97
49 27 124
49 28 19
49 29 34
49 30 3
49 31 151
49 32 106
49 33 104
49 34 121
49 35 82
49 36 35
49 37 44
49 38 155
49 39 78
49 40 4
49 41 7
49 42 12
49 43 31
49 44 38
49 45 30
49 46 39
49 47 88
49 48 121
50 0 101
50 1 132
50 2 153
50 3 117
50 4 33
50 5 104
50 6 65
50 7 75
50 8 158
50 9 64
50 10 155
50 11 57
50 12 67
50 13 71
50 14 117
50 15 3
50 16 159
50 17 133
50 18 131
50 19 143
50 20 119
50 21 56
50 22 17
50 23 130
50 24 120
50 25 135
50 26 119
50 27 68
50 28 65
50 29 38
50 30 96
50 31 75
50 32 36
50 33 138
50 34 35
50 35 27
50 36 55
50 37 20
50 38 154
50 39 66
50 40 10
50 41 95
50 42 55
50 43 63
50 44 10
50 45 154
50 46 134
50 47 135
50 48 21
50 49 100
51 0 90
51 1 14
51 2 82
51 3 104
51 4 105
51 5 95
51 6 46
51 7 81
51 8 43
51 9 105
51 10 55
51 11 132
51 12 81
51 13 64
51 14 130
51 15 145
51 16 106
51 17 55
51 18 24
51 19 155
51 20 105
51 21 9
51 22 12
51 23 35
51 24 79
51 25 123
51 26 30
51 27 37
51 28 21
51 29 151
51 30 145
51 31 42
51 32 20
51 33 18
51 34 6
51 35 83
51 36 141
51 37 83
51 38 28
51 39 69
51 40 70
51 41 69
51 42 111
51 43 69
51 44 5
51 45 15
51 46 9
51 47 148
51 48 3
51 49 105
51 50 107
52 0 55
52 1 112
52 2 101
52 3 88
52 4 74
52 5 41
52 6 110
52 7 82
52 8 63
52 9 144
52 10 131
52 11 104
52 12 2
52 13 115
52 14 27
52 15 47
52 16 98
52 17 11
52 18 20
52 19 122
52 20 13
52 21 58
52 22 63
52 23 88
52 24 149
52 25 96
52 26 33
52 27 128
52 28 153
52 29 14
52 30 137
52 31 30
52 32 58
52 33 6
52 34 35
52 35 85
52 36 88
52 37 23
52 38 151
52 39 136
52 40 7
52 41 44
52 42 82
52 43 92
52 44 29
52 45 131
52 46 46
52 47 35
52 48 77
52 49 66
52 50 41
52 51 103
53 0 150
53 1 3
53 2 36
53 3 127
53 4 93
53 5 104
53 6 67
53 7 77
53 8 6
53 9 20
53 10 154
53 11 100
53 12 157
53 13 119
53 14 103
53 15 3
53 16 110
53 17 112
53 18 132
53 19 79
53 20 14
53 21 98
53 22 90
53 23 31
53 24 160
53 25 91
53 26 31
53 27 12
53 28 75
53 29 76
53 30 154
53 31 11
53 32 65
53 33 107
53 34 85
53 35 80
53 36 148
53 37 9
53 38 54
53 39 87
53 40 14
53 41 41
53 42 24
53 43 152
53 44 146
53 45 71
53 46 64
53 47 55
53 48 151
53 49 155
53 50 2
53 51 106
53 52 107
54 0 149
54 1 143
54 2 116
54 3 89
54 4 29
54 5 39
54 6 143
54 7 102
54 8 87
54 9 62
54 10 53
54 11 112
54 12 34
54 13 127
54 14 57
54 15 110
54 16 91
54 17 67
54 18 130
54 19 134
54 20 141
54 21 110
54 22 96
54 23 88
54 24 113
54 25 85
54 26 98
54 27 28
54 28 136
54 29 77
54 30 137
54 31 10
54 32 45
54 33 112
54 34 76
54 35 112
54 36 54
54 37 54
54 38 137
54 39 107
54 40 11
54 41 114
54 42 29
54 43 124
54 44 106
54 45 36
54 46 8
54 47 109
54 48 26
54 49 137
54 50 153
54 51 115
54 52 13
54 53 128
55 0 136
55 1 135
55 2 73
55 3 89
55 4 14
55 5 144
55 6 85
55 7 68
55 8 49
55 9 98
55 10 30
55 11 64
55 12 47
55 13 148
55 14 99
55 15 125
55 16 113
55 17 122
55 18 10
55 19 5
55 20 39
55 21 35
55 22 77
55 23 114
55 24 111
55 25 116
55 26 79
55 27 79
55 28 133
55 29 123
55 30 4
55 31 101
55 32 44
55 33 33
55 34 63
55 35 61
55 36 95
55 37 40
55 38 143
55 39 23
55 40 57
55 41 93
55 42 3
55 43 79
55 44 148
55 45 47
55 46 140
55 47 39
55 48 27
55 49 87
55 50 78
55 51 43
55 52 66
55 53 26
55 54 9
56 0 113
56 1 34
56 2 86
56 3 44
56 4 115
56 5 149
56 6 89
56 7 57
56 8 16
56 9 15
56 10 74
56 11 58
56 12 29
56 13 151
56 14 134
56 15 144
56 16 156
56 17 139
56 18 20
56 19 70
56 20 79
56 21 72
56 22 55
56 23 107
56 24 102
56 25 54
56 26 158
56 27 112
56 28 13
56 29 40
56 30 29
56 31 7
56 32 21
56 33 124
56 34 106
56 35 111
56 36 65
56 37 126
56 38 12
56 39 104
56 40 132
56 41 99
56 42 113
56 43 128
56 44 52
56 45 51
56 46 109
56 47 4
56 48 25
56 49 104
56 50 23
56 51 123
56 52 135
56 53 111
56 54 160
56 55 106
57 0 3
57 1 14
57 2 46
57 3 129
57 4 125
57 5 66
57 6 34
57 7 132
57 8 48
57 9 27
57 10 55
57 11 130
57 12 125
57 13 56
57 14 102
57 15 120
57 16 6
57 17 104
57 18 36
57 19 20
57 20 43
57 21 110
57 22 17
57 23 103
57 24 125
57 25 135
57 26 33
57 27 67
57 28 126
57 29 95
57 30 72
57 31 2
57 32 83
57 33 79
57 34 129
57 35 20
57 36 33
57 37 8
57 38 72
57 39 141
57 40 127
57 41 37
57 42 73
57 43 158
57 44 55
57 45 67
57 46 128
57 47 39
57 48 78
57 49 142
57 50 66
57 51 20
57 52 78
57 53 37
57 54 104
57 55 70
57 56 108
58 0 52
58 1 76
58 2 45
58 3 50
58 4 106
58 5 15
58 6 130
58 7 35
58 8 35
58 9 153
58 10 88
58 11 107
58 12 31
58 13 39
58 14 33
58 15 65
58 16 40
58 17 66
58 18 42
58 19 125
58 20 6
58 21 43
58 22 130
58 23 52
58 24 49
58 25 107
58 26 64
58 27 56
58 28 113
58 29 155
58 30 132
58 31 50
58 32 22
58 33 93
58 34 24
58 35 5
58 36 54
58 37 67
58 38 72
58 39 14
58 40 148
58 41 15
58 42 155
58 43 134
58 44 33
58 45 7
58 46 115
58 47 3
58 48 57
58 49 9
58 50 124
58 51 139
58 52 147
58 53 126
58 54 108
58 55 7
58 56 98
58 57 50
59 0 119
59 1 6
59 2 143
59 3 121
59 4 54
59 5 113
59 6 139
59 7 89
59 8 20
59 9 17
59 10 70
59 11 146
59 12 10
59 13 137
59 14 112
59 15 74
59 16 108
59 17 102
59 18 20
59 19 42
59 20 108
59 21 84
59 22 153
59 23 92
59 24 29
59 25 59
59 26 132
59 27 12
59 28 155
59 29 59
59 30 98
59 31 76
59 32 89
59 33 74
59 34 156
59 35 102
59 36 6
59 37 55
59 38 13
59 39 116
59 40 160
59 41 20
59 42 84
59 43 157
59 44 145
59 45 154
59 46 68
59 47 11
59 48 124
59 49 28
59 50 19
59 51 31
59 52 8
59 53 115
59 54 17
59 55 64
59 56 5
59 57 152
59 58 156
