40
3 0 234
4 1 94
6 0 286
6 5 206
7 0 191
7 1 117
7 3 20
7 6 5
8 0 260
8 1 129
8 2 288
9 0 149
9 1 119
9 3 15
9 6 71
9 7 316
10 4 62
10 7 205
10 9 3
11 3 11
11 4 146
11 6 87
11 7 10
11 8 310
11 10 293
12 1 192
12 2 10
12 7 298
12 8 204
12 9 254
13 9 299
14 0 153
14 1 262
14 4 107
14 7 179
15 1 209
15 7 258
15 9 237
15 10 273
15 13 256
16 4 87
16 12 208
16 13 267
17 0 228
17 1 106
17 6 286
17 11 22
17 12 302
18 4 160
18 5 209
18 6 132
18 9 243
18 10 62
18 15 299
18 16 208
18 17 294
19 2 20
19 7 71
19 8 40
19 10 281
19 16 271
20 2 150
20 10 208
20 11 245
20 12 277
20 16 185
20 17 289
21 0 199
21 3 262
21 5 121
21 9 31
21 11 190
21 18 308
21 20 48
22 1 306
22 3 206
22 5 148
22 8 30
22 15 74
22 17 285
22 19 132
22 21 198
23 1 68
23 2 15
23 4 298
23 7 188
23 17 277
23 19 45
24 1 37
24 6 276
24 7 56
24 8 179
24 14 49
24 16 292
24 22 152
25 0 6
25 3 6
25 5 128
25 11 86
25 15 75
25 20 80
25 22 196
25 23 229
26 2 122
26 6 18
26 7 188
26 11 27
26 19 260
26 20 19
26 21 305
27 8 250
27 9 124
27 16 48
27 22 246
27 23 291
27 25 108
28 4 70
28 7 86
28 14 229
28 16 2
28 18 142
28 21 107
28 22 129
29 1 137
29 2 128
29 17 270
29 18 76
29 19 211
29 20 126
29 21 178
29 27 107
30 6 133
30 8 238
30 10 97
30 13 299
30 19 74
30 22 73
30 23 7
30 26 118
30 29 247
31 4 63
31 7 173
31 10 256
31 13 84
31 26 102
32 4 9
32 8 110
32 9 272
32 13 203
32 15 133
32 22 283
32 24 15
32 28 30
32 29 265
32 30 45
33 1 294
33 10 91
33 12 49
33 14 96
33 24 152
33 29 287
34 0 223
34 2 195
34 3 182
34 4 213
34 7 59
34 9 252
34 13 214
34 17 8
34 18 101
34 19 146
34 22 98
34 24 317
34 27 195
34 28 248
34 31 226
34 32 272
35 5 79
35 9 172
35 12 151
35 15 23
35 18 194
35 24 285
35 25 260
35 27 42
35 28 294
35 31 38
36 1 174
36 7 231
36 15 170
36 20 283
36 22 43
36 23 173
36 26 21
36 27 23
36 30 72
36 35 147
37 3 250
37 6 131
37 12 188
37 21 5
37 22 42
37 26 137
37 29 291
37 33 169
37 34 112
37 35 284
37 36 182
38 1 55
38 2 97
38 7 1
38 10 311
38 11 16
38 13 112
38 16 278
38 17 310
38 20 320
38 21 81
38 27 182
38 31 169
38 36 222
39 9 50
39 13 106
39 17 110
39 20 48
