60
1 0 62
2 0 55
2 1 187
3 0 184
3 1 311
3 2 309
4 0 231
4 1 238
4 2 108
4 3 305
5 0 122
5 1 214
5 2 266
5 3 265
5 4 220
6 1 204
6 2 260
6 3 151
6 4 262
6 5 36
7 0 208
7 1 80
7 2 213
7 3 171
7 4 166
7 5 237
7 6 58
8 0 103
8 1 157
8 2 226
8 3 56
8 4 288
8 5 262
8 6 229
8 7 278
9 0 310
9 1 23
9 2 189
9 3 72
9 4 127
9 5 48
9 6 221
9 7 75
9 8 153
10 0 195
10 2 59
10 3 254
10 4 136
10 5 122
10 6 270
10 7 90
10 8 260
10 9 52
11 0 78
11 1 223
11 2 146
11 3 57
11 5 147
11 6 307
11 7 311
11 8 195
11 9 64
11 10 19
12 1 60
12 2 15
12 3 115
12 4 70
12 5 127
12 6 227
12 7 257
12 8 313
12 10 304
12 11 304
13 0 293
13 1 240
13 2 264
13 3 19
13 4 159
13 5 219
13 6 58
13 7 139
13 8 179
13 9 290
13 10 257
13 11 253
13 12 26
14 0 103
14 1 95
14 3 34
14 5 89
14 6 109
14 7 7
14 8 310
14 9 190
14 10 195
14 11 180
14 12 194
14 13 294
15 0 74
15 2 150
15 3 110
15 4 194
15 5 62
15 6 144
15 7 84
15 8 229
15 10 103
15 11 135
15 12 225
15 14 147
16 0 159
16 1 121
16 2 293
16 3 317
16 5 259
16 6 89
16 7 186
16 8 43
16 9 300
16 10 121
16 11 312
16 12 183
16 13 209
16 14 14
16 15 297
17 0 115
17 1 252
17 2 255
17 4 269
17 5 28
17 6 38
17 7 94
17 8 268
17 9 239
17 10 254
17 11 82
17 14 1
17 15 152
17 16 111
18 1 42
18 2 250
18 3 212
18 4 190
18 5 294
18 6 228
18 7 176
18 8 40
18 9 87
18 10 27
18 11 220
18 12 151
18 13 305
18 14 213
18 15 320
18 16 199
18 17 258
19 0 246
19 1 101
19 2 11
19 3 98
19 4 313
19 5 117
19 7 59
19 8 225
19 10 241
19 11 141
19 12 170
19 13 279
19 14 242
19 15 16
19 17 282
19 18 6
20 1 284
20 2 147
20 3 77
20 4 309
20 6 273
20 7 132
20 8 104
20 10 35
20 11 107
20 12 153
20 13 228
20 14 2
20 15 236
20 16 160
20 17 276
20 18 199
20 19 304
21 0 205
21 1 182
21 2 133
21 3 80
21 4 162
21 5 44
21 7 285
21 8 242
21 9 152
21 10 263
21 11 161
21 12 191
21 13 268
21 14 310
21 15 282
21 16 235
21 17 13
21 18 223
21 19 249
21 20 23
22 0 132
22 1 147
22 2 5
22 3 168
22 4 314
22 5 145
22 6 90
22 7 165
22 8 40
22 9 83
22 10 123
22 11 134
22 12 50
22 13 54
22 14 270
22 15 67
22 16 136
22 17 4
22 18 298
22 19 243
22 20 220
22 21 193
23 0 199
23 1 154
23 3 30
23 4 268
23 5 13
23 6 9
23 7 102
23 8 63
23 9 158
23 10 282
23 11 292
23 12 267
23 13 193
23 15 145
23 16 60
23 17 237
23 19 286
23 20 144
23 21 164
23 22 93
24 1 101
24 2 3
24 3 157
24 4 30
24 5 32
24 6 309
24 7 208
24 8 37
24 9 41
24 10 235
24 12 169
24 13 86
24 14 236
24 15 210
24 16 56
24 17 144
24 18 136
24 19 106
24 20 126
24 21 220
24 22 18
24 23 202
25 0 115
25 1 247
25 2 115
25 3 248
25 4 107
25 5 190
25 6 273
25 7 1
25 8 121
25 9 242
25 10 271
25 11 66
25 12 90
25 13 250
25 14 18
25 17 265
25 18 298
25 19 209
25 20 239
25 21 279
25 22 278
25 23 249
26 0 144
26 1 28
26 2 97
26 3 100
26 4 8
26 5 109
26 6 158
26 7 120
26 8 76
26 9 25
26 10 245
26 11 285
26 12 262
26 14 292
26 15 264
26 16 163
26 17 273
26 18 50
26 19 304
26 20 133
26 21 275
26 22 276
26 23 37
26 24 254
26 25 144
27 1 118
27 2 104
27 3 128
27 4 255
27 6 66
27 7 38
27 8 297
27 9 236
27 10 92
27 11 133
27 12 314
27 13 75
27 14 9
27 15 74
27 16 217
27 17 231
27 18 112
27 19 66
27 20 169
27 21 122
27 22 250
27 23 169
27 25 219
27 26 35
28 0 128
28 1 270
28 2 1
28 4 166
28 5 198
28 6 290
28 8 186
28 9 82
28 10 172
28 11 34
28 13 30
28 14 192
28 15 221
28 16 212
28 17 294
28 18 225
28 19 182
28 22 2
28 23 170
28 24 7
28 25 12
28 26 162
28 27 102
29 0 155
29 1 19
29 2 210
29 3 207
29 5 139
29 6 214
29 7 163
29 8 202
29 9 231
29 10 162
29 11 38
29 12 87
29 13 198
29 14 48
29 15 255
29 16 212
29 18 63
29 19 152
29 20 63
29 23 154
29 24 5
29 25 59
29 26 167
29 27 125
29 28 208
30 0 152
30 1 244
30 2 126
30 3 14
30 4 110
30 5 33
30 8 265
30 9 304
30 10 94
30 11 311
30 12 205
30 13 200
30 14 38
30 15 162
30 16 117
30 17 70
30 18 47
30 19 212
30 20 144
30 21 50
30 22 267
30 23 317
30 24 91
30 26 295
30 27 282
30 28 231
30 29 289
31 0 101
31 1 25
31 2 189
31 3 23
31 4 112
31 5 127
31 6 95
31 7 84
31 8 135
31 9 111
31 10 14
31 12 136
31 13 22
31 14 280
31 15 294
31 16 76
31 17 61
31 18 46
31 19 197
31 20 154
31 21 58
31 22 131
31 23 166
31 24 13
31 25 16
31 26 91
31 27 75
31 28 255
31 29 204
31 30 111
32 0 114
32 1 106
32 2 97
32 3 95
32 4 196
32 5 167
32 6 72
32 7 222
32 8 53
32 9 233
32 11 149
32 12 27
32 13 160
32 14 58
32 15 186
32 16 189
32 17 258
32 18 4
32 19 261
32 21 202
32 22 176
32 23 115
32 24 270
32 25 123
32 26 90
32 27 286
32 28 308
32 30 94
32 31 2
33 0 309
33 1 54
33 2 132
33 3 54
33 4 251
33 5 147
33 7 175
33 8 101
33 9 233
33 10 240
33 11 181
33 12 110
33 13 191
33 14 99
33 15 264
33 16 142
33 17 168
33 18 19
33 19 276
33 20 122
33 21 128
33 23 106
33 24 281
33 25 179
33 26 59
33 27 18
33 28 10
33 29 274
33 30 173
33 31 303
33 32 280
34 0 69
34 1 57
34 2 201
34 3 34
34 4 132
34 5 209
34 6 129
34 7 35
34 8 277
34 9 87
34 10 237
34 11 155
34 12 272
34 13 227
34 14 134
34 16 235
34 17 306
34 18 37
34 20 254
34 23 166
34 24 271
34 26 91
34 27 26
34 28 15
34 29 191
34 30 274
34 31 74
34 32 314
34 33 210
35 0 242
35 2 29
35 3 290
35 4 75
35 5 266
35 6 9
35 7 51
35 8 293
35 9 112
35 10 252
35 11 291
35 12 28
35 13 134
35 14 274
35 15 104
35 16 55
35 17 114
35 18 236
35 19 118
35 20 19
35 21 280
35 22 110
35 24 127
35 25 318
35 26 139
35 27 259
35 28 165
35 29 152
35 30 11
35 31 61
35 32 255
35 33 50
35 34 82
36 0 63
36 1 67
36 2 10
36 3 36
36 4 202
36 6 289
36 7 67
36 8 301
36 9 129
36 10 130
36 11 204
36 12 264
36 13 296
36 14 171
36 15 118
36 16 59
36 17 109
36 18 277
36 19 185
36 20 297
36 21 290
36 22 319
36 23 196
36 24 49
36 25 166
36 26 4
36 27 127
36 28 91
36 29 247
36 30 111
36 32 145
36 33 198
36 34 311
37 0 234
37 1 311
37 2 274
37 4 256
37 5 262
37 6 167
37 7 74
37 8 298
37 9 291
37 10 199
37 11 243
37 12 177
37 13 51
37 14 188
37 15 273
37 16 224
37 17 274
37 18 143
37 19 241
37 20 6
37 22 21
37 23 154
37 24 28
37 25 8
37 26 259
37 28 199
37 29 36
37 30 251
37 31 158
37 32 3
37 33 278
37 35 158
37 36 233
38 0 250
38 1 206
38 2 100
38 3 30
38 4 141
38 5 74
38 6 175
38 7 54
38 8 32
38 9 156
38 10 150
38 12 125
38 13 117
38 14 147
38 15 20
38 16 217
38 17 277
38 18 92
38 19 210
38 20 311
38 21 153
38 23 185
38 24 251
38 25 172
38 26 225
38 27 40
38 28 300
38 31 241
38 32 134
38 33 279
38 34 39
38 35 17
38 36 129
38 37 274
39 0 201
39 1 191
39 2 287
39 3 289
39 4 52
39 5 220
39 6 127
39 7 15
39 8 16
39 9 75
39 10 227
39 11 4
39 12 256
39 13 167
39 14 66
39 15 92
39 16 271
39 17 60
39 18 225
39 19 310
39 20 46
39 21 114
39 22 79
39 23 315
39 24 161
39 25 34
39 26 99
39 28 29
39 29 255
39 30 104
39 31 118
39 32 131
39 33 194
39 34 5
39 35 263
39 36 187
39 38 86
40 0 220
40 1 132
40 2 200
40 3 59
40 4 97
40 5 229
40 6 178
40 7 151
40 8 195
40 10 209
40 11 313
40 12 20
40 13 315
40 14 286
40 15 100
40 16 140
40 18 237
40 20 240
40 24 197
40 25 136
40 26 172
40 27 106
40 28 265
40 29 300
40 30 74
40 31 83
40 32 96
40 33 4
40 34 273
40 35 15
40 36 206
40 38 89
40 39 35
41 1 209
41 5 204
41 6 213
41 7 54
41 8 311
41 9 23
41 10 199
41 11 292
41 12 215
41 13 295
41 14 249
41 15 165
41 17 39
41 18 312
41 19 189
41 20 110
41 21 280
41 22 195
41 23 8
41 25 278
41 26 164
41 27 224
41 28 280
41 29 20
41 30 298
41 31 75
41 32 295
41 33 266
41 34 275
41 35 251
41 36 86
41 37 109
41 38 146
41 39 266
41 40 243
42 0 22
42 1 111
42 2 203
42 3 31
42 4 34
42 5 10
42 6 182
42 7 195
42 8 125
42 10 186
42 11 289
42 13 311
42 14 157
42 15 110
42 16 52
42 17 253
42 18 113
42 19 301
42 20 157
42 22 74
42 23 202
42 24 128
42 25 23
42 26 183
42 27 174
42 28 10
42 29 221
42 30 285
42 31 2
42 32 29
42 33 84
42 34 303
42 35 18
42 37 47
42 38 232
42 39 254
42 40 100
42 41 162
43 0 236
43 2 38
43 3 164
43 4 183
43 5 198
43 6 293
43 7 9
43 8 72
43 9 290
43 10 68
43 11 230
43 12 89
43 13 144
43 14 31
43 15 283
43 16 69
43 17 151
43 18 126
43 19 56
43 20 242
43 21 299
43 22 121
43 23 123
43 24 225
43 25 46
43 26 286
43 28 207
43 29 214
43 30 160
43 31 99
43 32 120
43 33 156
43 34 287
43 35 318
43 38 237
43 39 272
43 40 56
43 41 140
43 42 276
44 0 269
44 1 236
44 2 212
44 4 268
44 5 135
44 6 152
44 7 148
44 9 30
44 10 288
44 11 123
44 12 202
44 13 156
44 14 169
44 16 317
44 17 104
44 18 99
44 19 240
44 20 277
44 21 154
44 22 2
44 23 21
44 24 11
44 25 319
44 26 102
44 28 256
44 30 108
44 31 220
44 32 189
44 33 257
44 34 48
44 35 30
44 36 304
44 37 253
44 38 43
44 40 84
44 42 157
44 43 179
45 0 224
45 1 38
45 2 287
45 4 269
45 5 143
45 6 3
45 7 265
45 8 181
45 9 81
45 10 81
45 11 225
45 12 193
45 13 235
45 14 277
45 15 58
45 16 126
45 17 41
45 18 148
45 19 317
45 20 313
45 21 108
45 23 34
45 24 284
45 25 57
45 26 42
45 27 21
45 28 120
45 29 28
45 30 121
45 31 187
45 32 222
45 33 8
45 35 101
45 36 129
45 37 99
45 38 145
45 39 38
45 40 123
45 41 103
45 42 164
45 43 203
45 44 130
46 0 168
46 1 310
46 2 62
46 3 96
46 4 4
46 5 231
46 6 253
46 7 121
46 9 246
46 10 44
46 12 19
46 13 267
46 14 293
46 15 112
46 16 214
46 17 87
46 18 168
46 19 263
46 20 123
46 21 103
46 22 139
46 23 93
46 24 151
46 25 48
46 26 87
46 27 21
46 28 81
46 30 295
46 31 157
46 32 238
46 33 304
46 34 147
46 35 67
46 36 66
46 38 196
46 39 7
46 40 171
46 41 309
46 42 263
46 43 205
46 44 75
46 45 19
47 0 206
47 1 197
47 2 305
47 3 25
47 4 193
47 5 203
47 7 314
47 8 152
47 9 239
47 10 290
47 11 181
47 12 319
47 13 84
47 14 90
47 15 146
47 16 219
47 17 290
47 18 73
47 20 255
47 22 152
47 23 308
47 24 173
47 25 193
47 26 302
47 27 164
47 28 165
47 29 241
47 30 86
47 31 98
47 32 2
47 33 289
47 34 313
47 35 296
47 36 259
47 37 247
47 38 252
47 39 188
47 40 233
47 41 31
47 42 259
47 43 68
47 45 301
47 46 246
48 0 225
48 1 116
48 2 249
48 3 186
48 4 125
48 5 180
48 6 246
48 7 142
48 8 224
48 9 182
48 10 238
48 11 245
48 12 256
48 16 1
48 17 225
48 18 143
48 19 61
48 20 65
48 21 61
48 22 306
48 23 225
48 25 280
48 26 77
48 27 87
48 28 63
48 29 179
48 30 183
48 31 267
48 32 50
48 33 36
48 34 304
48 35 122
48 36 132
48 37 221
48 39 274
48 40 253
48 41 73
48 42 187
48 43 145
48 44 148
48 45 307
48 46 89
48 47 192
49 0 20
49 1 279
49 2 180
49 3 304
49 4 196
49 5 176
49 6 223
49 7 266
49 8 259
49 9 37
49 10 201
49 11 238
49 12 35
49 13 73
49 14 259
49 15 237
49 17 154
49 18 241
49 19 31
49 20 123
49 21 42
49 22 177
49 23 235
49 24 256
49 25 311
49 26 116
49 27 50
49 28 45
49 29 228
49 30 4
49 31 116
49 32 164
49 33 293
49 35 254
49 36 307
49 38 220
49 39 191
49 41 38
49 42 215
49 43 264
49 44 240
49 46 179
49 47 271
49 48 122
50 0 256
50 1 64
50 2 176
50 3 143
50 4 157
50 5 241
50 6 16
50 9 286
50 10 213
50 11 151
50 12 42
50 13 23
50 14 243
50 15 224
50 18 223
50 20 180
50 21 259
50 23 175
50 24 288
50 25 310
50 26 257
50 27 35
50 28 148
50 29 218
50 30 99
50 31 217
50 32 97
50 33 102
50 34 140
50 35 127
50 36 270
50 37 34
50 39 48
50 40 107
50 41 4
50 42 141
50 43 128
50 44 98
50 45 308
50 47 91
50 48 45
50 49 49
51 0 155
51 1 145
51 3 196
51 4 197
51 5 265
51 6 174
51 7 261
51 8 142
51 9 5
51 10 310
51 11 253
51 12 250
51 13 246
51 14 89
51 15 89
51 16 125
51 18 50
51 19 53
51 20 102
51 21 300
51 24 189
51 25 91
51 26 97
51 27 274
51 28 63
51 30 204
51 31 44
51 32 24
51 33 235
51 34 203
51 35 317
51 36 280
51 37 161
51 38 312
51 39 216
51 40 107
51 41 49
51 42 148
51 43 86
51 44 102
51 45 114
51 46 9
51 47 226
51 48 243
51 50 198
52 0 40
52 1 41
52 2 214
52 3 140
52 4 239
52 6 177
52 7 289
52 8 14
52 10 11
52 11 290
52 12 139
52 13 86
52 14 199
52 15 162
52 16 123
52 17 4
52 19 280
52 20 144
52 21 300
52 22 97
52 23 113
52 24 93
52 25 271
52 26 18
52 27 250
52 28 3
52 29 110
52 30 132
52 31 259
52 32 262
52 33 58
52 34 234
52 36 28
52 37 264
52 38 29
52 39 132
52 40 101
52 41 113
52 42 38
52 43 44
52 44 219
52 45 95
52 46 111
52 48 247
52 49 188
52 50 274
52 51 286
53 0 240
53 1 272
53 2 120
53 3 44
53 4 278
53 5 161
53 6 64
53 7 225
53 8 126
53 9 98
53 10 41
53 12 45
53 13 132
53 14 23
53 15 300
53 16 199
53 18 222
53 19 79
53 20 61
53 22 195
53 23 251
53 24 161
53 25 173
53 27 317
53 28 68
53 29 168
53 31 20
53 32 203
53 33 202
53 34 11
53 35 97
53 36 67
53 37 134
53 38 302
53 39 88
53 40 1
53 41 14
53 42 44
53 43 263
53 44 89
53 46 179
53 47 104
53 48 120
53 49 35
53 50 39
53 52 319
54 0 145
54 1 68
54 2 139
54 3 181
54 4 84
54 5 220
54 7 160
54 8 128
54 9 33
54 10 213
54 11 124
54 12 195
54 13 46
54 14 197
54 15 104
54 16 209
54 17 298
54 18 137
54 19 100
54 20 288
54 21 59
54 22 284
54 23 123
54 24 155
54 25 12
54 26 255
54 28 11
54 29 248
54 30 126
54 31 45
54 32 47
54 33 222
54 34 142
54 35 19
54 36 28
54 38 75
54 39 112
54 40 234
54 41 242
54 42 59
54 43 43
54 44 68
54 45 262
54 46 34
54 47 193
54 48 159
54 49 115
54 51 210
54 52 111
54 53 318
55 0 24
55 2 181
55 3 301
55 4 131
55 5 88
55 6 225
55 7 67
55 8 267
55 9 315
55 10 206
55 11 62
55 12 68
55 13 312
55 15 238
55 16 22
55 17 68
55 18 141
55 19 175
55 20 244
55 21 88
55 22 174
55 23 278
55 24 24
55 25 228
55 26 237
55 27 60
55 28 17
55 29 273
55 32 166
55 33 48
55 34 46
55 35 43
55 36 67
55 37 198
55 38 15
55 39 249
55 40 68
55 41 197
55 42 202
55 43 75
55 44 193
55 45 165
55 46 87
55 47 1
55 48 107
55 49 98
55 51 189
55 52 220
55 53 237
55 54 239
56 0 121
56 1 41
56 2 16
56 3 49
56 4 97
56 5 220
56 6 242
56 7 232
56 9 78
56 10 83
56 11 264
56 12 104
56 13 298
56 14 247
56 15 38
56 16 108
56 17 209
56 18 289
56 19 86
56 20 281
56 21 316
56 22 278
56 23 199
56 24 157
56 25 92
56 26 16
56 27 126
56 28 105
56 29 12
56 30 163
56 31 238
56 32 197
56 33 229
56 34 120
56 35 205
56 36 206
56 37 23
56 38 262
56 39 36
56 40 234
56 41 2
56 42 202
56 44 251
56 45 157
56 46 268
56 47 252
56 48 320
56 49 27
56 50 103
56 51 255
56 52 42
56 53 79
56 54 107
56 55 217
57 0 162
57 1 231
57 2 149
57 3 307
57 4 32
57 5 12
57 6 240
57 7 178
57 8 285
57 9 3
57 10 234
57 11 64
57 12 310
57 13 295
57 14 103
57 15 44
57 16 75
57 17 160
57 18 281
57 19 311
57 20 246
57 21 26
57 22 60
57 23 192
57 24 69
57 25 202
57 26 121
57 27 165
57 28 236
57 29 165
57 30 285
57 31 19
57 32 123
57 33 36
57 34 7
57 35 100
57 38 244
57 39 227
57 40 216
57 41 249
57 42 183
57 43 179
57 44 141
57 45 222
57 46 28
57 47 85
57 48 266
57 49 172
57 50 293
57 51 296
57 52 87
57 53 252
57 54 214
57 55 302
57 56 312
58 0 288
58 1 308
58 2 152
58 3 8
58 4 294
58 5 83
58 6 196
58 7 176
58 8 42
58 9 250
58 10 257
58 11 226
58 12 283
58 13 270
58 14 46
58 15 168
58 16 287
58 17 88
58 18 191
58 19 281
58 20 200
58 21 255
58 22 74
58 23 22
58 24 173
58 25 169
58 26 16
58 27 270
58 28 128
58 29 2
58 30 5
58 31 262
58 33 184
58 34 24
58 35 290
58 36 26
58 37 158
58 38 50
58 40 83
58 42 88
58 43 93
58 44 157
58 45 297
58 46 24
58 47 208
58 48 209
58 49 286
58 50 9
58 51 262
58 52 283
58 53 106
58 54 134
58 55 134
58 56 167
58 57 262
59 0 136
59 4 269
59 5 276
59 6 255
59 7 157
59 8 201
59 9 47
59 11 263
59 12 6
59 14 153
59 15 202
59 16 247
59 17 181
59 18 253
59 19 135
59 22 27
59 23 63
59 24 305
59 25 192
59 26 263
59 27 79
59 28 114
59 29 261
59 30 145
59 31 182
59 33 295
59 34 104
59 35 79
59 36 233
59 37 172
59 38 245
59 39 187
59 40 94
59 41 286
59 42 271
59 43 57
59 44 83
59 45 180
59 46 105
59 47 118
59 48 159
59 49 91
59 50 166
59 51 4
59 52 304
59 53 56
59 54 20
59 55 138
59 56 159
59 57 61
59 58 184
