50
1 0 288
2 0 18
3 0 39
3 1 124
4 0 281
4 2 301
4 3 148
6 0 161
6 2 49
6 4 312
7 3 143
7 5 8
7 6 275
8 2 67
8 5 90
9 0 294
9 1 232
9 3 38
9 5 143
9 7 47
10 1 224
10 2 78
10 9 202
11 0 152
11 3 291
11 8 298
12 1 40
12 3 16
12 6 236
12 7 58
12 8 251
13 1 175
13 5 153
13 9 247
13 10 111
14 1 275
14 2 268
14 3 108
14 5 187
14 6 104
14 12 292
15 6 228
15 7 148
15 10 255
16 1 196
16 2 221
16 3 6
16 4 45
16 6 180
16 11 239
16 15 258
17 3 115
17 6 93
17 11 111
17 14 275
17 15 64
17 16 141
18 2 207
18 5 91
18 7 157
18 8 8
18 9 48
18 10 228
18 13 39
18 14 38
18 15 21
19 3 264
19 7 4
19 8 50
19 9 107
19 10 256
19 16 229
20 4 127
20 10 255
20 11 18
20 15 318
20 19 10
21 3 126
21 6 33
21 7 177
21 8 156
21 10 152
21 12 319
21 15 86
21 18 235
21 19 102
21 20 157
22 0 192
22 10 309
22 11 114
22 13 159
23 0 185
23 3 29
23 4 272
23 12 39
23 13 230
23 17 41
23 21 93
24 1 135
24 2 42
24 7 242
24 9 173
24 12 269
24 14 112
24 15 161
24 16 86
24 18 1
24 19 77
24 23 95
25 0 133
25 2 252
25 3 256
25 4 210
25 5 60
25 7 158
25 9 104
25 10 12
25 12 160
25 19 103
25 20 106
25 21 97
26 1 282
26 4 223
26 5 279
26 6 256
26 13 279
26 15 196
26 17 48
26 18 91
26 20 17
26 21 64
26 25 267
27 0 179
27 4 312
27 5 154
27 6 184
27 7 275
27 8 314
27 9 6
27 13 177
27 16 247
27 17 217
27 19 18
27 20 34
27 21 189
27 23 86
28 0 281
28 1 309
28 6 280
28 7 36
28 22 314
28 27 217
29 1 151
29 2 260
29 5 65
29 6 203
29 11 200
29 18 74
29 21 90
29 22 30
29 23 26
29 24 70
29 25 147
29 26 33
29 27 48
30 1 74
30 3 247
30 8 176
30 9 153
30 10 83
30 13 5
30 16 231
30 17 24
30 18 195
30 21 152
30 23 217
30 25 233
30 28 94
30 29 55
31 3 258
31 4 148
31 6 307
31 8 232
31 9 23
31 11 111
31 17 196
31 18 2
31 19 225
31 22 290
31 23 229
31 29 289
32 1 252
32 2 22
32 4 139
32 8 35
32 10 79
32 16 197
32 17 55
32 20 49
32 21 188
32 26 318
32 28 40
32 30 41
33 0 197
33 4 159
33 6 226
33 10 276
33 13 175
33 14 121
33 15 302
33 18 156
33 19 15
33 22 129
33 25 246
33 31 63
34 1 217
34 2 91
34 3 141
34 10 306
34 11 290
34 12 200
34 13 128
34 15 188
34 16 196
34 18 17
34 21 93
34 23 170
34 26 311
34 30 287
35 0 215
35 1 72
35 2 112
35 3 11
35 7 62
35 11 24
35 19 285
35 22 69
35 24 97
35 27 274
35 28 266
35 29 82
35 31 43
35 32 6
36 0 40
36 2 210
36 4 50
36 7 290
36 8 196
36 9 18
36 11 141
36 21 250
36 26 146
36 28 146
36 29 26
36 33 188
36 34 167
36 35 257
37 1 134
37 6 138
37 7 52
37 8 65
37 9 86
37 15 8
37 17 250
37 18 210
37 20 165
37 30 200
37 31 43
37 33 135
37 35 269
37 36 224
38 0 265
38 1 187
38 5 181
38 6 114
38 10 69
38 11 236
38 15 21
38 19 171
38 20 166
38 21 204
38 22 277
38 24 70
38 25 134
38 29 111
38 30 187
38 33 18
38 35 64
38 36 60
38 37 93
39 1 48
39 2 129
39 4 315
39 8 49
39 12 128
39 15 201
39 19 135
39 22 80
39 23 143
39 25 101
39 31 203
39 33 263
39 35 5
39 36 279
39 37 164
39 38 55
40 4 76
40 5 155
40 8 178
40 10 261
40 14 76
40 19 301
40 23 289
40 32 78
40 35 118
40 37 46
40 39 136
41 1 111
41 7 298
41 12 240
41 14 81
41 15 201
41 17 103
41 18 310
41 23 178
41 25 298
41 27 172
41 32 246
41 34 120
41 36 169
41 37 3
41 38 25
41 39 245
42 0 198
42 7 58
42 12 183
42 15 115
42 17 112
42 24 110
42 27 165
42 31 67
42 34 33
42 36 54
42 39 182
43 0 10
43 4 222
43 5 191
43 6 284
43 7 149
43 8 283
43 9 74
43 19 16
43 21 134
43 25 59
43 28 53
43 29 133
43 30 223
43 32 15
43 33 312
43 34 246
43 35 115
43 37 121
43 40 21
44 0 252
44 2 150
44 3 67
44 5 252
44 6 261
44 9 223
44 11 164
44 12 224
44 13 185
44 21 107
44 22 226
44 23 113
44 24 83
44 26 241
44 29 197
44 31 140
44 37 127
45 4 13
45 6 284
45 9 150
45 10 148
45 16 269
45 17 23
45 18 89
45 19 311
45 21 3
45 26 268
45 27 308
45 29 279
45 30 34
45 32 210
45 33 299
45 35 288
45 37 241
45 38 253
45 39 250
45 40 203
45 41 313
45 44 6
46 3 249
46 5 151
46 7 279
46 14 247
46 15 51
46 18 200
46 19 266
46 20 308
46 23 237
46 24 262
46 25 221
46 27 221
46 34 319
46 35 160
46 37 286
46 39 196
46 40 89
46 42 252
46 44 186
46 45 239
47 0 220
47 5 118
47 6 112
47 7 126
47 9 50
47 10 144
47 14 65
47 15 18
47 17 319
47 18 307
47 21 8
47 23 23
47 24 224
47 27 234
47 32 103
47 34 146
47 35 192
47 38 19
47 39 160
47 40 276
48 1 25
48 10 294
48 11 196
48 13 222
48 14 308
48 35 198
48 39 234
48 41 180
48 43 301
48 45 110
49 0 165
49 1 228
49 2 148
49 5 252
49 6 196
49 12 207
49 13 150
49 16 178
49 18 154
49 27 91
49 28 305
49 30 93
49 39 159
49 41 190
49 45 163
49 46 180
49 48 116
