30
2 1 7
3 0 5
3 2 15
4 0 11
4 1 12
4 2 16
5 1 11
5 2 6
5 4 16
6 3 12
6 5 13
8 0 5
8 1 11
8 3 10
8 5 17
8 6 1
9 1 6
9 2 6
9 4 4
9 5 15
10 2 5
10 3 8
10 4 6
10 7 6
10 9 15
11 0 11
11 2 1
11 3 3
11 7 20
11 8 2
12 0 5
12 1 17
12 2 8
12 4 8
12 5 9
12 8 17
12 10 4
12 11 17
13 0 3
13 2 15
13 3 18
13 7 10
13 10 13
13 11 6
14 1 16
14 3 11
14 7 16
14 13 15
15 0 19
15 1 7
15 2 12
15 3 5
15 5 8
15 7 3
15 8 3
15 10 8
15 14 11
16 1 1
16 2 2
16 3 19
16 9 16
16 11 12
16 12 10
16 13 16
17 2 20
17 4 16
17 6 19
17 9 7
17 10 8
17 11 4
17 12 4
17 13 6
17 15 8
18 5 16
18 6 5
18 8 16
18 10 1
18 14 8
19 0 7
19 1 16
19 3 12
19 4 16
19 5 9
19 6 1
19 7 2
19 9 1
19 11 6
19 13 16
19 14 14
19 15 14
19 17 5
20 1 13
20 3 4
20 4 12
20 6 7
20 7 16
20 11 3
20 14 18
20 16 5
20 17 14
20 18 12
20 19 17
21 3 15
21 6 4
21 8 10
21 9 9
21 11 1
21 12 2
21 13 7
21 15 11
22 0 17
22 1 13
22 2 16
22 3 11
22 4 3
22 7 8
22 8 3
22 9 5
22 11 16
22 12 12
22 13 6
22 15 17
22 16 2
22 17 8
22 18 3
22 21 20
23 1 13
23 3 15
23 4 12
23 7 7
23 8 1
23 9 6
23 12 8
23 13 4
23 14 6
23 15 3
23 16 20
23 18 8
23 19 17
23 20 18
24 6 12
24 8 13
24 9 17
24 10 2
24 11 15
24 14 17
24 15 17
24 16 3
24 17 2
24 19 10
24 20 9
24 21 7
24 22 13
24 23 6
25 0 11
25 4 6
25 9 15
25 10 5
25 12 6
25 13 3
25 14 7
25 17 19
25 18 14
25 19 16
25 21 4
25 22 11
25 24 9
26 0 15
26 4 10
26 5 2
26 7 17
26 10 1
26 13 17
26 14 3
26 16 3
26 17 15
26 20 9
26 22 8
26 24 20
26 25 14
27 0 6
27 4 10
27 6 12
27 7 16
27 8 17
27 9 4
27 11 8
27 13 5
27 18 5
27 19 19
27 21 16
27 22 12
27 23 14
27 26 15
28 4 17
28 5 3
28 6 4
28 7 11
28 9 20
28 10 2
28 11 2
28 14 20
28 18 7
28 19 11
28 20 2
28 21 13
28 24 12
28 25 12
28 27 18
29 0 16
29 2 16
29 7 6
29 8 20
29 9 11
29 10 9
29 13 12
29 14 2
29 16 1
29 17 4
29 18 11
29 19 19
29 21 4
29 24 20
29 25 2
29 26 18
29 27 3
