50
2 1 20
3 1 20
4 0 8
4 1 12
4 2 15
5 0 5
5 2 4
5 3 7
5 4 10
6 0 16
6 1 11
6 3 6
6 4 17
7 0 18
7 1 12
7 3 13
7 4 10
7 5 9
7 6 3
8 0 11
8 2 9
8 3 9
8 4 12
8 5 16
9 0 20
9 1 17
10 0 4
10 5 15
10 6 18
10 8 12
11 0 6
11 2 12
11 4 6
11 6 11
11 7 18
11 9 16
11 10 17
12 2 5
12 3 10
12 4 7
12 9 2
13 2 10
13 3 6
13 4 11
13 9 12
13 10 14
13 11 3
13 12 9
14 0 3
14 3 17
14 4 5
14 7 18
14 9 14
14 10 9
14 12 6
14 13 17
15 1 18
15 3 11
15 9 13
15 11 6
15 12 13
16 0 11
16 1 2
16 2 11
16 3 13
16 4 3
16 5 8
16 6 19
16 8 13
16 9 12
16 10 7
16 11 12
16 14 14
16 15 11
17 0 17
17 1 15
17 2 8
17 5 11
17 6 11
17 10 6
17 12 14
17 14 2
17 15 16
17 16 16
18 1 19
18 3 17
18 4 6
18 9 9
18 11 16
18 12 13
18 14 11
18 15 4
18 16 6
18 17 13
19 2 18
19 5 6
19 8 16
19 10 17
19 11 15
19 13 14
19 15 13
19 17 8
20 2 16
20 4 14
20 5 9
20 6 14
20 7 9
20 8 5
20 9 11
20 13 9
20 15 7
20 16 12
20 17 8
20 19 13
21 0 10
21 1 9
21 2 18
21 3 20
21 8 2
21 9 3
21 11 17
21 12 17
21 13 4
21 14 7
21 16 16
21 17 15
21 18 13
22 0 18
22 1 19
22 2 2
22 4 2
22 5 18
22 8 6
22 13 2
22 16 6
22 18 6
23 1 16
23 2 1
23 4 1
23 5 11
23 8 15
23 9 5
23 11 3
23 12 18
23 13 20
23 14 13
23 15 20
23 16 3
23 17 13
23 20 6
23 21 9
24 0 15
24 2 10
24 4 7
24 6 7
24 10 13
24 13 13
24 15 4
24 16 10
24 17 10
24 18 2
24 19 9
24 21 19
24 22 5
24 23 11
25 0 11
25 2 3
25 3 5
25 4 7
25 7 4
25 9 16
25 10 1
25 11 12
25 14 11
25 15 19
25 18 8
25 23 20
25 24 1
26 4 20
26 5 11
26 6 10
26 8 9
26 10 20
26 11 18
26 12 14
26 14 8
26 15 17
26 16 7
26 18 10
26 19 11
26 21 4
26 23 2
26 25 1
27 2 1
27 4 2
27 5 8
27 7 1
27 8 10
27 10 16
27 13 7
27 14 19
27 15 5
27 17 11
27 19 13
27 22 5
27 23 19
27 26 16
28 1 17
28 2 16
28 4 3
28 6 7
28 7 19
28 9 12
28 10 17
28 11 15
28 12 20
28 17 3
28 19 19
28 20 4
28 21 11
28 24 16
28 27 17
29 1 9
29 4 19
29 5 12
29 7 18
29 8 10
29 13 10
29 14 1
29 19 11
29 20 8
29 24 15
29 26 16
29 28 6
30 0 4
30 1 20
30 3 2
30 4 17
30 6 17
30 8 3
30 11 11
30 12 12
30 16 6
30 17 1
30 18 1
30 22 15
30 25 13
30 26 18
30 28 10
30 29 16
31 0 15
31 3 8
31 6 5
31 8 15
31 11 13
31 15 18
31 16 3
31 17 20
31 20 10
31 21 16
31 22 8
31 24 11
31 25 11
31 28 2
31 29 17
31 30 7
32 0 6
32 5 19
32 8 14
32 11 20
32 12 15
32 13 9
32 15 16
32 16 5
32 17 7
32 18 14
32 19 2
32 20 3
32 21 14
32 25 11
32 26 20
32 27 20
32 28 18
32 31 15
33 1 2
33 11 20
33 12 12
33 16 3
33 17 1
33 19 6
33 21 5
33 24 14
33 25 12
33 29 1
34 0 12
34 2 3
34 4 19
34 10 15
34 14 11
34 15 20
34 18 1
34 21 13
34 27 12
34 29 18
34 30 1
34 32 2
34 33 9
35 1 3
35 2 14
35 3 8
35 4 18
35 5 10
35 6 19
35 7 16
35 11 8
35 14 8
35 16 3
35 17 6
35 18 13
35 19 20
35 25 9
35 27 15
35 28 3
35 29 7
35 30 5
35 31 7
35 33 6
35 34 8
36 1 8
36 3 14
36 9 6
36 12 1
36 14 19
36 16 17
36 17 4
36 24 1
36 30 17
36 31 5
36 33 18
36 35 10
37 0 9
37 2 20
37 6 17
37 7 15
37 8 13
37 10 3
37 11 5
37 12 20
37 13 4
37 16 15
37 24 13
37 25 16
37 29 6
37 30 16
37 32 5
37 35 14
38 1 19
38 5 10
38 6 3
38 10 6
38 12 10
38 13 20
38 15 18
38 17 18
38 18 1
38 19 4
38 22 5
38 25 18
38 26 14
39 3 1
39 5 18
39 7 2
39 11 7
39 14 19
39 16 10
39 18 20
39 20 8
39 23 10
39 28 20
39 29 10
39 30 6
39 33 14
40 1 8
40 2 10
40 3 12
40 5 17
40 6 2
40 7 17
40 8 13
40 10 11
40 19 9
40 21 9
40 22 19
40 23 18
40 24 16
40 26 9
40 29 9
40 31 7
40 32 20
40 36 19
40 37 2
40 38 17
40 39 1
41 0 17
41 1 8
41 3 19
41 4 15
41 9 15
41 11 9
41 12 12
41 15 2
41 17 14
41 19 14
41 21 20
41 22 1
41 23 14
41 25 2
41 26 13
41 27 19
41 29 13
41 30 13
41 32 7
41 33 19
41 34 17
41 35 16
41 37 3
41 39 18
42 7 16
42 9 14
42 13 6
42 14 15
42 20 13
42 21 15
42 23 15
42 25 2
42 26 5
42 27 14
42 33 18
42 34 17
42 35 7
42 36 20
42 38 5
42 39 11
42 41 8
43 0 11
43 3 19
43 7 11
43 8 12
43 11 4
43 12 2
43 13 18
43 14 13
43 17 15
43 19 19
43 21 4
43 22 1
43 24 19
43 25 16
43 26 10
43 27 7
43 28 20
43 29 2
43 32 19
43 33 1
43 34 20
43 36 4
43 37 10
43 40 19
43 41 5
43 42 10
44 0 8
44 5 14
44 6 8
44 8 1
44 9 4
44 10 16
44 11 18
44 13 20
44 18 9
44 19 8
44 20 15
44 21 13
44 22 14
44 24 14
44 25 16
44 26 13
44 27 14
44 30 16
44 32 7
44 33 10
44 34 13
44 37 6
44 38 1
44 41 10
44 42 6
45 0 6
45 1 14
45 4 14
45 5 5
45 7 11
45 8 14
45 10 7
45 14 17
45 18 13
45 19 1
45 20 20
45 21 9
45 23 19
45 24 11
45 25 11
45 26 20
45 28 9
45 29 18
45 30 19
45 31 10
45 32 1
45 33 7
45 34 12
45 36 8
45 38 2
45 39 11
45 41 9
45 42 14
45 43 2
45 44 4
46 5 7
46 9 20
46 10 6
46 12 3
46 14 8
46 15 14
46 16 10
46 18 12
46 19 18
46 20 9
46 21 16
46 22 12
46 23 5
46 28 11
46 30 15
46 31 2
46 32 1
46 33 1
46 37 14
46 38 3
46 40 19
46 41 8
46 44 4
47 6 6
47 10 10
47 11 1
47 13 3
47 15 13
47 18 2
47 19 4
47 20 3
47 21 10
47 22 3
47 23 17
47 24 9
47 26 15
47 30 12
47 33 5
47 36 8
47 37 10
47 39 13
47 41 13
47 42 1
47 44 3
47 45 11
48 1 16
48 2 15
48 4 16
48 7 19
48 8 9
48 14 10
48 16 6
48 18 2
48 19 1
48 20 17
48 21 5
48 23 6
48 25 12
48 26 4
48 32 4
48 34 18
48 35 6
48 37 10
48 39 18
48 42 19
48 43 1
48 47 14
49 1 17
49 2 6
49 3 14
49 5 13
49 6 19
49 8 9
49 9 2
49 11 4
49 12 16
49 13 3
49 14 3
49 17 17
49 18 6
49 20 12
49 21 13
49 22 3
49 24 15
49 27 11
49 30 18
49 33 5
49 35 15
49 37 4
49 40 18
49 41 10
49 42 20
49 43 19
49 45 1
49 46 5
49 47 15
49 48 18
