50
1 0 2
2 0 10
3 0 5
5 0 7
5 1 1
5 2 3
5 3 1
6 0 10
6 3 4
6 4 1
6 5 2
8 3 8
8 6 10
8 7 4
9 0 4
9 2 3
9 3 1
9 4 3
9 6 6
9 7 6
9 8 4
10 5 4
10 6 10
10 9 9
11 1 6
11 4 4
11 5 8
11 7 2
11 9 3
12 0 1
12 2 8
12 6 5
12 7 9
12 8 9
13 0 10
13 1 6
13 2 5
13 11 1
13 12 4
14 0 2
14 2 6
14 3 2
14 4 7
14 6 10
14 7 2
14 8 9
14 9 1
14 10 4
14 11 3
15 2 5
15 5 5
15 6 5
15 7 1
15 9 2
15 11 4
15 12 5
15 13 1
15 14 2
16 0 9
16 1 6
16 3 3
16 5 2
16 6 2
16 10 3
16 14 8
17 0 7
17 1 1
17 2 3
17 3 3
17 4 1
17 5 10
17 8 3
17 14 10
18 0 8
18 1 2
18 2 9
18 3 7
18 4 3
18 5 5
18 6 2
18 9 1
18 10 10
18 13 5
18 15 7
18 16 8
18 17 5
19 0 4
19 1 9
19 2 4
19 3 6
19 5 7
19 6 9
19 7 4
19 8 7
19 10 9
19 16 9
20 0 3
20 1 3
20 2 2
20 5 7
20 9 3
20 10 10
20 11 8
20 13 2
20 15 6
20 16 7
20 17 9
21 0 9
21 2 6
21 5 10
21 6 9
21 9 10
21 11 8
21 12 2
21 13 4
21 17 3
21 19 7
21 20 1
22 0 10
22 2 5
22 6 2
22 11 4
22 13 1
22 17 9
22 18 10
22 19 3
22 20 3
23 0 10
23 1 8
23 2 10
23 4 5
23 5 2
23 6 10
23 7 1
23 13 1
23 14 7
23 15 5
23 16 2
23 17 1
23 18 3
24 0 8
24 1 7
24 3 9
24 4 5
24 6 7
24 7 7
24 8 5
24 10 10
24 11 9
24 12 10
24 13 1
24 14 6
24 16 1
24 17 8
24 20 8
24 23 4
25 0 1
25 1 9
25 2 7
25 3 6
25 6 3
25 7 6
25 8 1
25 13 10
25 18 8
25 19 10
25 22 1
25 23 3
26 0 8
26 5 5
26 6 6
26 7 7
26 9 8
26 14 2
26 15 1
26 18 6
26 19 3
26 24 6
26 25 3
27 1 9
27 3 4
27 4 5
27 5 7
27 6 8
27 8 3
27 9 5
27 10 7
27 11 9
27 12 10
27 13 8
27 17 10
27 19 6
27 20 10
27 21 1
27 22 5
27 24 4
28 0 1
28 2 9
28 6 3
28 9 5
28 10 1
28 13 3
28 14 6
28 16 8
28 17 3
28 18 2
28 20 2
28 21 3
28 22 1
28 23 10
28 24 2
28 26 9
29 3 8
29 4 3
29 5 10
29 7 9
29 8 5
29 9 4
29 11 8
29 12 3
29 16 5
29 18 7
29 20 3
29 22 9
29 24 9
29 25 5
30 1 9
30 2 4
30 4 7
30 5 4
30 7 9
30 8 7
30 10 9
30 11 9
30 12 1
30 13 1
30 15 1
30 19 2
30 20 7
30 21 2
30 22 6
30 23 1
30 25 4
30 28 8
30 29 2
31 0 1
31 1 6
31 2 7
31 5 6
31 6 2
31 8 9
31 11 7
31 12 7
31 13 7
31 15 8
31 16 8
31 17 3
31 18 1
31 19 9
31 20 10
31 21 6
31 22 10
31 25 3
31 28 5
32 6 10
32 8 4
32 10 9
32 12 4
32 14 3
32 16 10
32 17 10
32 18 2
32 19 7
32 21 10
32 22 10
32 23 5
32 24 6
32 27 6
32 28 3
32 29 1
32 30 1
33 0 1
33 3 5
33 5 7
33 6 5
33 9 1
33 10 9
33 16 10
33 18 2
33 19 5
33 20 6
33 21 8
33 24 2
33 25 8
33 30 8
33 31 1
34 2 10
34 3 5
34 4 4
34 7 4
34 10 9
34 11 2
34 13 9
34 14 4
34 15 9
34 16 10
34 17 5
34 20 8
34 21 8
34 22 8
34 25 4
34 27 8
34 28 1
34 29 2
34 30 1
34 31 1
34 32 9
34 33 1
35 0 9
35 3 2
35 5 10
35 6 4
35 7 3
35 8 6
35 10 3
35 11 1
35 13 5
35 14 3
35 15 4
35 16 4
35 17 5
35 19 1
35 22 2
35 23 9
35 24 5
35 26 10
35 28 4
35 31 5
35 32 4
35 34 6
36 1 6
36 3 7
36 6 4
36 7 5
36 8 7
36 9 4
36 11 10
36 12 10
36 13 4
36 15 10
36 16 1
36 17 2
36 20 8
36 21 4
36 24 1
36 26 8
36 27 7
36 28 10
36 29 10
36 32 9
36 34 1
37 1 5
37 3 5
37 4 1
37 8 1
37 10 7
37 12 6
37 15 10
37 17 1
37 19 4
37 21 3
37 22 5
37 23 9
37 26 2
37 27 10
37 29 3
37 30 8
37 31 1
37 32 9
37 33 4
37 34 5
38 0 3
38 1 10
38 2 10
38 5 7
38 7 4
38 9 9
38 10 4
38 12 8
38 14 4
38 21 7
38 22 5
38 23 8
38 25 7
38 26 5
38 27 1
38 29 4
38 30 2
38 31 6
38 33 4
38 35 2
38 36 4
39 0 6
39 2 7
39 6 1
39 7 1
39 8 5
39 12 6
39 16 2
39 19 9
39 22 3
39 24 1
39 25 9
39 27 8
39 28 2
39 29 7
39 30 8
39 34 8
39 35 3
39 36 2
40 0 6
40 1 6
40 2 3
40 6 8
40 7 4
40 10 3
40 13 7
40 14 3
40 15 6
40 17 2
40 18 10
40 22 9
40 23 6
40 26 4
40 33 4
40 34 4
40 35 4
40 36 6
40 37 2
41 8 8
41 9 1
41 11 7
41 12 6
41 13 6
41 14 8
41 15 7
41 21 4
41 25 6
41 26 2
41 27 7
41 28 2
41 29 10
41 31 4
41 32 10
41 34 9
41 36 9
41 37 8
42 1 6
42 4 7
42 9 10
42 10 7
42 12 7
42 14 4
42 17 9
42 19 1
42 25 6
42 27 7
42 28 7
42 29 8
42 31 3
42 37 9
43 0 6
43 1 7
43 3 7
43 4 8
43 5 2
43 6 8
43 11 5
43 14 5
43 16 8
43 19 1
43 20 4
43 25 9
43 26 3
43 28 2
43 29 5
43 30 6
43 32 9
43 33 6
43 34 4
43 35 3
43 36 1
43 41 7
44 2 2
44 3 10
44 6 9
44 7 9
44 8 10
44 10 8
44 11 2
44 12 1
44 15 2
44 18 1
44 21 3
44 23 6
44 24 2
44 26 4
44 27 8
44 30 6
44 32 5
44 33 7
44 35 3
44 36 1
44 37 7
44 39 9
44 40 5
44 41 2
45 0 9
45 1 9
45 2 1
45 4 9
45 6 5
45 8 9
45 11 6
45 13 1
45 14 9
45 18 7
45 19 3
45 20 7
45 21 9
45 25 5
45 32 4
45 33 4
45 34 1
45 35 6
45 37 4
45 38 1
45 39 2
45 40 5
45 41 2
45 43 9
45 44 1
46 1 4
46 2 10
46 4 4
46 11 6
46 12 5
46 13 3
46 15 4
46 19 7
46 20 4
46 23 1
46 24 10
46 25 8
46 30 2
46 34 6
46 35 2
46 37 5
46 38 3
46 39 2
46 41 5
46 43 8
46 44 3
47 0 4
47 3 6
47 5 5
47 7 2
47 8 7
47 12 7
47 13 10
47 14 1
47 15 5
47 19 10
47 21 2
47 22 8
47 24 3
47 27 8
47 28 3
47 30 2
47 31 4
47 32 6
47 35 6
47 36 4
47 42 6
47 43 9
48 0 4
48 1 10
48 2 1
48 7 8
48 8 5
48 9 3
48 11 4
48 12 3
48 14 7
48 15 4
48 18 8
48 19 1
48 20 10
48 22 8
48 27 2
48 28 6
48 29 5
48 30 9
48 31 7
48 32 3
48 35 8
48 40 4
48 41 7
48 44 3
48 47 10
49 0 2
49 1 4
49 4 4
49 5 4
49 6 7
49 8 4
49 10 6
49 11 7
49 13 7
49 15 8
49 16 3
49 17 7
49 19 4
49 20 3
49 24 2
49 26 8
49 29 4
49 31 2
49 35 8
49 39 7
49 42 2
49 45 1
49 47 9
