70
2 0 30
2 1 1
4 0 20
4 1 24
5 4 23
6 0 6
6 1 32
6 5 29
7 2 13
7 5 6
8 0 23
8 1 16
8 3 39
9 1 14
9 2 4
9 4 11
9 5 33
9 8 37
10 1 31
10 3 15
10 5 33
10 7 8
10 8 40
11 0 26
11 1 4
11 2 16
11 3 39
11 5 26
11 6 9
11 7 25
11 8 18
12 0 27
12 4 18
12 5 27
12 6 6
12 7 2
12 8 20
12 9 8
12 10 35
12 11 11
13 2 20
13 3 9
13 4 35
13 10 1
14 0 13
14 2 40
14 3 18
14 4 5
14 9 40
14 13 39
15 2 13
15 4 20
15 5 23
15 9 39
15 10 30
15 12 2
15 14 32
16 0 15
16 1 1
16 5 37
16 10 32
16 12 18
17 1 7
17 5 20
17 6 28
17 10 1
17 12 12
17 13 31
17 14 11
17 15 26
18 12 12
18 15 15
19 1 38
19 9 36
19 11 5
19 12 37
19 13 33
19 14 17
19 16 37
20 0 33
20 1 30
20 2 6
20 3 35
20 4 3
20 6 5
20 7 24
20 8 16
20 11 33
20 13 17
20 15 11
20 16 12
20 17 36
20 18 17
21 0 28
21 1 4
21 2 31
21 3 7
21 4 34
21 5 26
21 6 9
21 8 29
21 12 30
21 13 18
21 17 26
21 19 17
21 20 16
22 2 16
22 3 31
22 4 21
22 5 6
22 6 34
22 7 14
22 8 5
22 9 16
22 10 25
22 12 39
22 13 18
22 16 5
23 1 15
23 3 20
23 4 20
23 6 5
23 9 34
23 11 8
23 12 13
23 13 13
23 16 2
23 17 21
23 19 27
24 1 5
24 2 28
24 6 33
24 8 10
24 11 26
24 12 38
24 14 35
24 15 30
24 21 26
24 22 28
24 23 19
25 0 14
25 1 20
25 6 19
25 10 19
25 11 22
25 13 26
25 14 17
25 15 7
25 17 14
25 19 14
25 20 23
25 21 17
25 24 7
26 0 5
26 3 31
26 5 11
26 9 33
26 10 27
26 11 19
26 12 5
26 13 22
26 15 25
26 16 15
26 18 2
26 19 20
26 22 31
26 24 40
27 1 22
27 4 31
27 5 33
27 6 27
27 7 35
27 8 34
27 9 26
27 10 28
27 11 31
27 12 34
27 13 15
27 14 1
27 15 21
27 16 29
27 17 2
27 18 1
27 21 2
27 22 17
27 24 18
27 25 9
28 3 40
28 8 27
28 11 2
28 13 5
28 15 21
28 17 19
28 18 3
28 19 1
28 20 32
28 24 9
29 3 1
29 5 5
29 8 40
29 10 27
29 13 36
29 14 12
29 15 6
29 16 4
29 17 1
29 18 23
29 19 26
29 20 25
29 22 6
29 25 20
29 26 24
29 27 22
30 0 1
30 1 37
30 2 21
30 5 38
30 6 32
30 9 13
30 11 28
30 12 25
30 13 23
30 16 2
30 17 18
30 18 20
30 20 40
30 21 3
30 22 38
30 25 15
30 26 30
30 28 23
30 29 19
31 0 3
31 1 27
31 3 24
31 5 5
31 7 15
31 9 26
31 10 10
31 14 23
31 16 18
31 17 21
31 18 10
31 19 22
31 21 20
31 22 14
31 24 9
31 26 19
31 28 6
32 2 13
32 3 20
32 4 26
32 5 4
32 11 34
32 13 9
32 17 12
32 18 17
32 20 14
32 21 37
32 25 23
32 26 18
32 28 21
32 31 2
33 2 18
33 3 18
33 4 31
33 7 16
33 11 9
33 12 36
33 13 12
33 16 4
33 18 22
33 19 24
33 20 31
33 22 13
33 23 7
33 27 2
33 28 10
33 29 16
33 30 3
33 32 13
34 3 25
34 8 15
34 9 35
34 11 4
34 14 22
34 15 12
34 23 20
34 24 11
34 30 15
35 0 8
35 2 6
35 5 40
35 6 35
35 7 25
35 8 27
35 9 29
35 10 24
35 11 31
35 12 7
35 13 26
35 16 27
35 21 36
35 25 37
35 32 30
35 34 15
36 0 34
36 1 25
36 3 22
36 5 36
36 7 12
36 8 12
36 10 8
36 11 19
36 12 24
36 13 26
36 16 17
36 17 19
36 18 21
36 19 23
36 20 21
36 21 11
36 22 9
36 23 31
36 26 26
36 28 39
36 29 34
36 32 39
36 35 22
37 2 14
37 3 27
37 4 28
37 8 38
37 9 7
37 10 1
37 13 4
37 14 3
37 15 29
37 17 32
37 22 11
37 23 14
37 24 1
37 25 34
37 30 25
37 31 18
37 32 33
37 33 28
37 34 15
38 0 5
38 3 18
38 5 14
38 6 18
38 7 32
38 8 33
38 11 25
38 12 19
38 15 36
38 17 37
38 18 21
38 19 17
38 21 7
38 22 8
38 24 27
38 29 21
38 32 27
38 33 3
38 37 2
39 0 18
39 1 32
39 2 27
39 5 36
39 6 32
39 7 15
39 10 8
39 11 11
39 15 26
39 18 21
39 20 35
39 21 35
39 23 3
39 25 9
39 28 11
39 30 13
39 31 29
39 38 26
40 0 22
40 1 18
40 6 28
40 8 35
40 9 1
40 10 10
40 12 6
40 13 12
40 18 26
40 19 25
40 20 32
40 21 37
40 26 6
40 28 21
40 29 14
40 30 33
40 31 22
40 32 24
40 37 3
40 38 36
41 0 9
41 2 9
41 4 30
41 7 32
41 10 35
41 11 10
41 12 32
41 22 31
41 27 35
41 28 13
41 29 23
41 30 10
41 31 38
41 32 9
41 36 15
41 37 1
41 38 40
42 0 31
42 1 32
42 5 20
42 7 1
42 8 1
42 9 1
42 12 26
42 13 39
42 15 5
42 16 40
42 18 12
42 20 30
42 23 30
42 24 24
42 26 13
42 27 17
42 28 16
42 29 31
42 31 38
42 35 38
42 40 28
42 41 15
43 1 39
43 5 1
43 6 19
43 10 15
43 13 39
43 14 29
43 15 20
43 20 29
43 22 2
43 23 29
43 24 25
43 25 40
43 27 2
43 33 9
43 34 17
43 35 22
43 36 32
43 37 2
43 38 8
43 39 12
43 41 17
43 42 13
44 0 30
44 1 32
44 3 26
44 5 37
44 7 31
44 9 31
44 10 33
44 12 40
44 13 17
44 14 5
44 18 34
44 19 12
44 20 11
44 21 35
44 22 16
44 23 4
44 24 29
44 25 13
44 28 14
44 29 37
44 32 39
44 33 5
44 40 9
44 42 40
45 0 23
45 2 25
45 7 8
45 8 24
45 9 9
45 11 24
45 15 16
45 18 5
45 19 37
45 21 27
45 22 5
45 23 38
45 24 8
45 25 13
45 26 38
45 28 14
45 30 24
45 31 16
45 32 13
45 33 30
45 34 35
45 35 11
45 42 23
45 43 3
46 0 36
46 2 17
46 7 37
46 8 29
46 9 36
46 11 9
46 12 20
46 19 18
46 20 15
46 21 38
46 26 34
46 28 27
46 29 2
46 30 8
46 32 23
46 36 29
46 37 24
46 38 39
46 39 24
46 40 27
46 41 24
46 42 2
46 44 9
47 0 24
47 2 30
47 4 28
47 9 39
47 10 14
47 12 16
47 16 34
47 17 20
47 21 25
47 22 29
47 23 35
47 24 10
47 26 5
47 27 16
47 28 1
47 29 37
47 33 29
47 35 24
47 36 39
47 38 13
47 39 7
47 40 16
47 41 24
47 43 18
47 44 37
48 0 31
48 2 29
48 3 2
48 4 15
48 6 22
48 8 39
48 9 21
48 11 3
48 12 35
48 13 23
48 16 23
48 18 36
48 19 26
48 20 38
48 21 39
48 29 1
48 33 36
48 34 24
48 36 18
48 37 39
48 38 34
48 39 14
48 41 15
48 42 9
48 43 13
48 44 30
48 47 1
49 1 9
49 4 7
49 5 16
49 8 22
49 9 39
49 13 2
49 14 9
49 15 32
49 17 3
49 19 11
49 20 31
49 25 29
49 26 21
49 27 39
49 28 33
49 29 12
49 30 25
49 32 5
49 33 15
49 34 13
49 35 33
49 37 8
49 43 6
49 46 18
49 47 38
50 0 27
50 2 7
50 4 7
50 10 8
50 12 14
50 14 38
50 17 19
50 18 32
50 21 38
50 22 20
50 23 28
50 26 25
50 30 25
50 32 25
50 34 37
50 35 30
50 36 8
50 38 34
50 39 19
50 40 2
50 41 25
50 42 4
50 43 20
50 46 27
51 2 4
51 3 34
51 5 5
51 9 5
51 10 4
51 13 30
51 15 6
51 18 4
51 23 16
51 25 25
51 27 2
51 28 26
51 30 6
51 34 25
51 37 8
51 45 1
52 2 36
52 6 33
52 7 37
52 8 21
52 12 1
52 13 23
52 16 5
52 23 2
52 30 15
52 31 7
52 33 32
52 37 22
52 40 25
52 41 9
52 43 36
52 46 1
52 48 19
52 50 7
52 51 33
53 1 27
53 3 7
53 5 1
53 6 16
53 7 25
53 9 7
53 11 33
53 15 26
53 16 1
53 17 13
53 18 16
53 20 17
53 22 6
53 24 24
53 26 4
53 29 21
53 34 23
53 35 37
53 37 1
53 38 22
53 39 6
53 41 10
53 44 24
53 48 18
53 52 23
54 0 17
54 1 4
54 2 13
54 5 16
54 7 8
54 8 26
54 9 22
54 12 27
54 13 27
54 15 13
54 16 9
54 19 27
54 21 3
54 26 20
54 27 31
54 28 31
54 30 12
54 31 10
54 32 7
54 33 12
54 35 31
54 36 4
54 37 34
54 38 19
54 39 18
54 40 25
54 43 24
54 46 15
54 47 9
54 48 22
54 50 33
54 51 29
54 52 31
54 53 12
55 0 13
55 3 29
55 6 34
55 8 9
55 9 8
55 14 4
55 15 4
55 17 24
55 18 29
55 22 39
55 23 21
55 24 38
55 26 25
55 28 34
55 30 32
55 32 28
55 35 21
55 36 17
55 37 21
55 38 4
55 39 12
55 40 20
55 41 2
55 45 32
55 47 12
55 50 7
55 52 17
55 53 22
56 0 35
56 1 21
56 3 9
56 5 23
56 6 36
56 10 9
56 15 8
56 18 28
56 21 24
56 24 6
56 25 40
56 26 24
56 29 2
56 30 38
56 31 32
56 32 6
56 34 34
56 36 26
56 40 9
56 44 31
56 45 9
56 52 39
56 55 17
57 1 2
57 3 39
57 4 40
57 5 5
57 7 37
57 12 13
57 13 15
57 14 13
57 15 12
57 16 2
57 17 32
57 19 30
57 20 27
57 21 6
57 22 31
57 24 15
57 25 36
57 26 25
57 27 34
57 28 4
57 29 23
57 30 18
57 31 33
57 32 29
57 33 14
57 34 34
57 35 18
57 37 29
57 38 21
57 40 26
57 44 21
57 46 18
57 51 11
57 53 30
57 55 4
58 0 5
58 2 8
58 3 33
58 6 19
58 7 30
58 8 7
58 11 5
58 13 40
58 15 23
58 16 35
58 18 35
58 21 17
58 22 17
58 23 4
58 24 27
58 26 34
58 28 39
58 30 10
58 32 39
58 33 33
58 34 37
58 35 5
58 36 27
58 38 11
58 40 26
58 43 11
58 44 21
58 46 28
58 49 8
58 51 26
58 55 38
58 56 38
58 57 1
59 0 28
59 1 16
59 4 14
59 6 33
59 7 35
59 9 7
59 10 35
59 13 1
59 14 20
59 15 4
59 16 20
59 17 9
59 19 22
59 21 3
59 22 3
59 23 3
59 27 33
59 32 5
59 33 25
59 36 32
59 38 24
59 39 23
59 41 16
59 42 31
59 43 24
59 44 9
59 45 20
59 48 25
59 53 9
59 54 10
59 56 28
59 58 24
60 0 4
60 1 10
60 4 14
60 6 14
60 9 21
60 11 35
60 12 9
60 13 14
60 14 34
60 15 17
60 16 16
60 19 37
60 20 36
60 21 3
60 24 36
60 25 35
60 27 8
60 28 28
60 29 19
60 32 5
60 33 25
60 35 26
60 38 21
60 40 6
60 47 23
60 48 26
60 49 34
60 56 11
60 57 36
61 1 9
61 3 32
61 4 35
61 5 12
61 8 15
61 9 28
61 12 25
61 13 35
61 14 28
61 17 27
61 18 3
61 19 32
61 22 3
61 23 23
61 28 29
61 30 7
61 33 38
61 34 29
61 36 33
61 39 36
61 41 1
61 42 25
61 43 38
61 44 8
61 45 20
61 46 5
61 47 36
61 49 7
61 55 13
61 57 14
61 58 19
61 60 35
62 0 29
62 1 30
62 2 2
62 3 6
62 6 38
62 15 1
62 16 18
62 18 30
62 19 38
62 20 34
62 21 7
62 23 22
62 24 39
62 26 39
62 27 8
62 29 17
62 30 36
62 31 14
62 32 3
62 33 29
62 34 18
62 35 18
62 36 20
62 37 14
62 38 34
62 39 27
62 43 30
62 44 29
62 45 6
62 46 13
62 48 8
62 49 14
62 50 34
62 51 19
62 55 18
62 59 20
62 60 15
62 61 4
63 1 35
63 3 6
63 6 17
63 8 22
63 9 11
63 11 21
63 14 37
63 17 24
63 19 22
63 20 26
63 21 16
63 30 27
63 31 37
63 33 20
63 35 3
63 36 7
63 37 1
63 39 23
63 41 31
63 45 37
63 46 14
63 47 1
63 49 39
63 51 8
63 54 17
63 58 17
63 61 3
64 1 26
64 2 7
64 3 24
64 4 14
64 6 33
64 7 24
64 9 15
64 11 6
64 13 4
64 14 20
64 18 14
64 20 36
64 21 21
64 23 5
64 24 25
64 30 24
64 32 15
64 34 7
64 37 6
64 38 8
64 39 40
64 40 2
64 41 27
64 42 30
64 50 17
64 51 17
64 57 1
64 58 27
64 59 33
64 62 11
65 1 38
65 4 17
65 6 2
65 10 21
65 11 31
65 12 19
65 13 21
65 18 9
65 19 24
65 21 37
65 23 16
65 24 27
65 25 33
65 26 27
65 29 5
65 30 40
65 31 2
65 32 4
65 35 2
65 36 31
65 37 20
65 39 36
65 40 36
65 41 1
65 42 7
65 43 39
65 44 14
65 45 1
65 47 32
65 50 35
65 51 26
65 52 6
65 57 15
65 58 35
65 59 28
65 60 38
65 64 4
66 0 29
66 1 32
66 6 29
66 7 39
66 10 29
66 11 21
66 12 28
66 15 14
66 16 23
66 20 1
66 23 10
66 27 35
66 28 34
66 30 18
66 34 18
66 36 19
66 37 10
66 38 2
66 40 15
66 41 10
66 43 24
66 45 7
66 46 11
66 48 39
66 51 6
66 55 32
66 57 35
66 59 29
66 60 11
66 61 10
67 4 36
67 5 14
67 8 28
67 10 28
67 12 17
67 13 14
67 14 32
67 15 21
67 18 29
67 22 31
67 29 14
67 30 8
67 34 7
67 36 9
67 38 18
67 40 11
67 41 14
67 43 18
67 44 14
67 45 30
67 46 34
67 47 11
67 48 21
67 50 32
67 52 25
67 55 30
67 57 18
67 58 10
67 60 6
67 61 30
67 62 29
67 66 14
68 2 24
68 5 8
68 6 2
68 9 8
68 11 2
68 14 2
68 17 36
68 20 36
68 21 27
68 25 36
68 27 19
68 28 2
68 29 6
68 34 6
68 38 40
68 39 34
68 40 31
68 41 20
68 42 1
68 46 8
68 49 9
68 53 10
68 54 2
68 55 40
68 56 20
68 57 3
68 58 23
68 60 13
68 64 7
68 65 7
68 66 8
68 67 11
69 0 15
69 2 8
69 3 21
69 4 10
69 6 26
69 7 29
69 8 35
69 9 36
69 10 40
69 11 37
69 12 40
69 14 13
69 16 23
69 19 18
69 20 24
69 21 40
69 22 37
69 23 4
69 26 1
69 28 11
69 29 30
69 32 28
69 33 36
69 34 31
69 36 2
69 46 12
69 47 30
69 49 21
69 50 19
69 51 22
69 52 12
69 53 28
69 55 18
69 56 3
69 58 32
69 61 23
69 63 2
69 66 34
69 68 2
