30
1 0 1
2 0 4
3 1 7
4 0 10
4 1 3
4 2 3
4 3 5
5 0 1
5 1 7
5 3 7
6 2 7
6 3 6
6 5 9
7 0 2
7 5 2
8 2 6
8 3 7
8 4 7
8 5 7
8 7 8
9 0 7
9 1 3
9 2 3
9 4 10
9 6 4
9 7 4
10 0 4
10 1 10
10 2 7
10 4 3
10 6 2
10 7 3
10 8 5
11 0 1
11 2 3
11 5 1
11 6 1
11 8 2
11 9 10
12 5 1
12 8 8
12 9 8
12 11 9
13 0 2
13 1 4
13 2 3
13 6 6
13 10 2
13 11 3
14 2 6
14 3 4
14 4 5
14 5 6
14 7 3
14 8 3
14 9 9
14 13 10
15 1 9
15 2 3
15 5 6
15 6 6
15 7 4
15 8 7
15 9 10
15 10 2
15 11 2
15 14 7
16 0 8
16 2 10
16 3 1
16 4 10
16 5 7
16 6 1
16 7 10
16 8 9
16 9 1
16 10 5
17 1 1
17 2 3
17 5 3
17 6 9
17 7 7
17 8 3
17 10 1
17 13 8
17 15 6
18 1 4
18 2 4
18 4 7
18 6 5
18 7 5
18 8 9
18 9 10
18 10 7
18 12 2
18 13 5
18 16 5
19 0 10
19 5 7
19 8 1
19 9 2
19 12 3
19 13 2
19 17 2
19 18 3
20 0 1
20 1 7
20 2 9
20 4 7
20 6 9
20 8 2
20 9 8
20 11 10
20 12 4
20 13 4
20 14 3
20 15 2
20 18 1
20 19 10
21 0 9
21 1 8
21 2 8
21 3 3
21 4 7
21 7 7
21 8 8
21 10 6
21 11 4
21 13 8
21 14 3
21 15 10
21 16 6
21 17 8
21 18 7
21 20 3
22 2 3
22 3 6
22 4 1
22 5 6
22 6 2
22 8 2
22 9 7
22 10 8
22 13 6
22 14 8
22 15 7
22 16 7
22 17 2
22 19 4
22 20 4
23 1 7
23 7 1
23 8 9
23 10 5
23 13 7
23 15 9
23 16 4
23 17 5
23 19 5
23 21 8
24 0 5
24 1 5
24 2 4
24 3 7
24 5 10
24 8 5
24 9 10
24 10 10
24 11 5
24 12 7
24 15 5
24 16 1
24 18 1
24 20 9
24 21 6
24 22 3
24 23 10
25 0 3
25 1 7
25 3 6
25 4 1
25 5 1
25 8 1
25 9 7
25 10 8
25 11 7
25 12 7
25 13 8
25 14 4
25 17 4
25 18 3
25 20 6
26 0 3
26 1 8
26 4 9
26 7 8
26 9 10
26 13 3
26 15 3
26 17 4
26 18 1
26 19 6
26 20 1
26 23 9
26 24 10
26 25 3
27 0 6
27 2 10
27 3 5
27 5 5
27 7 3
27 11 10
27 13 3
27 14 7
27 15 9
27 17 6
27 21 10
27 23 9
27 24 5
27 25 10
28 0 2
28 1 7
28 2 7
28 3 9
28 6 5
28 7 6
28 12 5
28 13 2
28 14 9
28 15 2
28 16 9
28 18 1
28 19 10
28 20 3
28 24 8
28 27 4
29 0 7
29 1 6
29 2 2
29 4 4
29 5 6
29 6 8
29 7 7
29 8 5
29 9 9
29 10 2
29 17 3
29 23 8
29 25 7
29 27 10
29 28 6
