50
1 0 25
2 0 22
2 1 3
3 0 34
3 1 40
3 2 40
4 0 31
4 1 23
4 2 39
4 3 7
5 0 29
5 1 35
5 2 38
5 3 17
5 4 35
6 0 31
6 1 28
6 2 28
6 3 5
6 4 10
6 5 22
7 0 36
7 1 33
7 2 10
7 3 22
7 4 37
7 5 24
7 6 40
8 0 34
8 1 2
8 2 7
8 3 25
8 4 3
8 5 36
8 6 21
8 7 20
9 0 32
9 1 25
9 2 13
9 3 3
9 4 22
9 5 35
9 6 19
9 7 26
9 8 5
10 0 29
10 1 15
10 2 32
10 3 1
10 4 26
10 5 7
10 6 7
10 7 13
10 8 2
10 9 38
11 0 33
11 1 9
11 2 7
11 3 34
11 4 26
11 5 2
11 6 13
11 7 23
11 8 37
11 9 31
11 10 23
12 0 18
12 1 32
12 2 33
12 3 25
12 4 17
12 5 31
12 6 5
12 7 14
12 8 14
12 9 19
12 10 27
12 11 3
13 0 22
13 1 18
13 2 28
13 3 4
13 4 31
13 5 31
13 6 23
13 7 13
13 8 14
13 9 33
13 10 37
13 11 19
13 12 36
14 0 38
14 1 24
14 2 13
14 3 22
14 4 21
14 5 17
14 6 18
14 7 21
14 8 18
14 9 34
14 10 40
14 11 20
14 12 35
14 13 4
15 0 38
15 1 15
15 2 32
15 3 9
15 4 11
15 5 40
15 6 1
15 7 13
15 8 33
15 9 8
15 10 19
15 11 32
15 12 32
15 13 11
15 14 23
16 0 5
16 1 6
16 2 12
16 3 30
16 4 7
16 5 9
16 6 25
16 7 36
16 8 15
16 9 34
16 10 35
16 11 17
16 12 18
16 13 2
16 14 13
16 15 9
17 0 37
17 1 25
17 2 36
17 3 27
17 4 1
17 5 40
17 6 34
17 7 22
17 8 1
17 9 11
17 10 30
17 11 25
17 12 4
17 13 6
17 14 25
17 15 37
17 16 14
18 0 12
18 1 14
18 2 5
18 3 6
18 4 17
18 5 10
18 6 34
18 7 20
18 8 36
18 9 5
18 10 13
18 11 33
18 12 35
18 13 29
18 14 40
18 15 5
18 16 7
18 17 15
19 0 4
19 1 40
19 2 14
19 3 24
19 4 40
19 5 14
19 6 34
19 7 22
19 8 37
19 9 11
19 10 38
19 11 2
19 12 25
19 13 1
19 14 4
19 15 38
19 16 37
19 17 19
19 18 31
20 0 29
20 1 37
20 2 5
20 3 38
20 4 9
20 5 29
20 6 30
20 7 28
20 8 29
20 9 34
20 10 5
20 11 32
20 12 15
20 13 22
20 14 24
20 15 7
20 16 3
20 17 32
20 18 16
20 19 18
21 0 24
21 1 30
21 2 21
21 3 7
21 4 23
21 5 27
21 6 21
21 7 12
21 8 21
21 9 40
21 10 22
21 11 7
21 12 5
21 13 33
21 14 38
21 15 40
21 16 15
21 17 30
21 18 17
21 19 12
21 20 11
22 0 20
22 1 7
22 2 15
22 3 17
22 4 8
22 5 29
22 6 18
22 7 14
22 8 11
22 9 17
22 10 32
22 11 22
22 12 28
22 13 23
22 14 21
22 15 32
22 16 32
22 17 39
22 18 22
22 19 38
22 20 31
22 21 10
23 0 34
23 1 8
23 2 31
23 3 35
23 4 4
23 5 37
23 6 12
23 7 19
23 8 19
23 9 10
23 10 1
23 11 10
23 12 40
23 13 37
23 14 18
23 15 25
23 16 31
23 17 23
23 18 36
23 19 39
23 20 34
23 21 27
23 22 35
24 0 16
24 1 38
24 2 26
24 3 33
24 4 8
24 5 38
24 6 16
24 7 19
24 8 27
24 9 32
24 10 11
24 11 38
24 12 1
24 13 29
24 14 12
24 15 21
24 16 31
24 17 12
24 18 12
24 19 13
24 20 38
24 21 9
24 22 5
24 23 14
25 0 31
25 1 26
25 2 37
25 3 37
25 4 27
25 5 9
25 6 31
25 7 15
25 8 9
25 9 35
25 10 9
25 11 2
25 12 24
25 13 8
25 14 14
25 15 31
25 16 7
25 17 8
25 18 5
25 19 36
25 20 22
25 21 9
25 22 36
25 23 11
25 24 16
26 0 30
26 1 32
26 2 21
26 3 20
26 4 26
26 5 35
26 6 37
26 7 33
26 8 40
26 9 23
26 10 23
26 11 10
26 12 24
26 13 3
26 14 25
26 15 17
26 16 32
26 17 35
26 18 29
26 19 3
26 20 12
26 21 14
26 22 37
26 23 7
26 24 34
26 25 38
27 0 39
27 1 24
27 2 9
27 3 40
27 4 19
27 5 18
27 6 37
27 7 31
27 8 14
27 9 19
27 10 8
27 11 28
27 12 24
27 13 20
27 14 24
27 15 19
27 16 24
27 17 9
27 18 5
27 19 4
27 20 35
27 21 17
27 22 23
27 23 39
27 24 19
27 25 37
27 26 29
28 0 2
28 1 17
28 2 7
28 3 19
28 4 9
28 5 26
28 6 8
28 7 39
28 8 26
28 9 20
28 10 5
28 11 20
28 12 28
28 13 22
28 14 36
28 15 21
28 16 25
28 17 29
28 18 20
28 19 13
28 20 14
28 21 25
28 22 3
28 23 31
28 24 26
28 25 20
28 26 22
28 27 33
29 0 36
29 1 21
29 2 33
29 3 38
29 4 3
29 5 8
29 6 22
29 7 11
29 8 26
29 9 40
29 10 6
29 11 34
29 12 23
29 13 24
29 14 18
29 15 8
29 16 20
29 17 12
29 18 39
29 19 22
29 20 3
29 21 30
29 22 16
29 23 27
29 24 22
29 25 20
29 26 38
29 27 36
29 28 26
30 0 18
30 1 2
30 2 16
30 3 35
30 4 14
30 5 22
30 6 35
30 7 37
30 8 8
30 9 21
30 10 7
30 11 1
30 12 4
30 13 39
30 14 26
30 15 5
30 16 12
30 17 10
30 18 4
30 19 20
30 20 26
30 21 5
30 22 28
30 23 31
30 24 34
30 25 22
30 26 8
30 27 1
30 28 33
30 29 28
31 0 17
31 1 2
31 2 30
31 3 34
31 4 32
31 5 38
31 6 36
31 7 5
31 8 5
31 9 32
31 10 26
31 11 2
31 12 17
31 13 4
31 14 15
31 15 32
31 16 6
31 17 5
31 18 36
31 19 5
31 20 7
31 21 6
31 22 35
31 23 35
31 24 16
31 25 29
31 26 9
31 27 38
31 28 33
31 29 7
31 30 11
32 0 26
32 1 18
32 2 33
32 3 29
32 4 25
32 5 20
32 6 32
32 7 5
32 8 21
32 9 22
32 10 26
32 11 23
32 12 30
32 13 30
32 14 26
32 15 4
32 16 7
32 17 12
32 18 33
32 19 28
32 20 11
32 21 20
32 22 5
32 23 36
32 24 27
32 25 21
32 26 2
32 27 21
32 28 12
32 29 12
32 30 31
32 31 2
33 0 28
33 1 21
33 2 29
33 3 23
33 4 24
33 5 14
33 6 32
33 7 12
33 8 28
33 9 22
33 10 1
33 11 3
33 12 31
33 13 40
33 14 8
33 15 30
33 16 8
33 17 34
33 18 32
33 19 22
33 20 15
33 21 36
33 22 6
33 23 28
33 24 36
33 25 27
33 26 35
33 27 10
33 28 29
33 29 25
33 30 35
33 31 9
33 32 39
34 0 4
34 1 12
34 2 26
34 3 17
34 4 6
34 5 29
34 6 17
34 7 16
34 8 24
34 9 36
34 10 37
34 11 28
34 12 17
34 13 2
34 14 14
34 15 8
34 16 24
34 17 32
34 18 10
34 19 24
34 20 5
34 21 36
34 22 27
34 23 28
34 24 29
34 25 13
34 26 7
34 27 31
34 28 17
34 29 28
34 30 8
34 31 40
34 32 38
34 33 32
35 0 39
35 1 8
35 2 33
35 3 34
35 4 29
35 5 7
35 6 22
35 7 28
35 8 30
35 9 22
35 10 5
35 11 3
35 12 1
35 13 30
35 14 35
35 15 29
35 16 33
35 17 17
35 18 18
35 19 34
35 20 8
35 21 39
35 22 5
35 23 13
35 24 30
35 25 13
35 26 14
35 27 23
35 28 4
35 29 17
35 30 23
35 31 1
35 32 21
35 33 12
35 34 39
36 0 28
36 1 39
36 2 8
36 3 2
36 4 5
36 5 26
36 6 22
36 7 16
36 8 31
36 9 10
36 10 22
36 11 38
36 12 22
36 13 5
36 14 24
36 15 36
36 16 15
36 17 34
36 18 7
36 19 14
36 20 25
36 21 19
36 22 19
36 23 19
36 24 33
36 25 8
36 26 39
36 27 22
36 28 10
36 29 32
36 30 12
36 31 11
36 32 2
36 33 37
36 34 8
36 35 39
37 0 6
37 1 17
37 2 4
37 3 10
37 4 1
37 5 17
37 6 13
37 7 15
37 8 4
37 9 2
37 10 40
37 11 35
37 12 15
37 13 35
37 14 13
37 15 12
37 16 22
37 17 15
37 18 16
37 19 32
37 20 27
37 21 9
37 22 15
37 23 3
37 24 8
37 25 1
37 26 34
37 27 32
37 28 33
37 29 28
37 30 17
37 31 36
37 32 32
37 33 4
37 34 29
37 35 28
37 36 6
38 0 3
38 1 33
38 2 18
38 3 6
38 4 4
38 5 22
38 6 12
38 7 19
38 8 25
38 9 31
38 10 28
38 11 4
38 12 14
38 13 17
38 14 20
38 15 7
38 16 39
38 17 11
38 18 7
38 19 32
38 20 30
38 21 27
38 22 22
38 23 39
38 24 10
38 25 18
38 26 13
38 27 6
38 28 13
38 29 35
38 30 10
38 31 25
38 32 18
38 33 21
38 34 25
38 35 5
38 36 27
38 37 7
39 0 9
39 1 28
39 2 39
39 3 13
39 4 22
39 5 27
39 6 21
39 7 27
39 8 19
39 9 3
39 10 18
39 11 3
39 12 10
39 13 12
39 14 6
39 15 14
39 16 30
39 17 14
39 18 28
39 19 5
39 20 11
39 21 8
39 22 26
39 23 39
39 24 11
39 25 7
39 26 32
39 27 31
39 28 35
39 29 7
39 30 22
39 31 27
39 32 8
39 33 20
39 34 27
39 35 36
39 36 19
39 37 3
39 38 34
40 0 10
40 1 27
40 2 30
40 3 21
40 4 37
40 5 20
40 6 38
40 7 16
40 8 12
40 9 12
40 10 29
40 11 31
40 12 21
40 13 23
40 14 32
40 15 6
40 16 7
40 17 15
40 18 23
40 19 35
40 20 20
40 21 6
40 22 40
40 23 11
40 24 22
40 25 25
40 26 26
40 27 31
40 28 26
40 29 4
40 30 17
40 31 11
40 32 36
40 33 20
40 34 3
40 35 7
40 36 24
40 37 8
40 38 4
40 39 9
41 0 28
41 1 7
41 2 22
41 3 8
41 4 31
41 5 14
41 6 21
41 7 24
41 8 15
41 9 35
41 10 23
41 11 10
41 12 10
41 13 29
41 14 31
41 15 19
41 16 3
41 17 5
41 18 2
41 19 3
41 20 28
41 21 24
41 22 1
41 23 13
41 24 5
41 25 11
41 26 17
41 27 37
41 28 15
41 29 9
41 30 39
41 31 6
41 32 13
41 33 34
41 34 40
41 35 7
41 36 2
41 37 14
41 38 25
41 39 3
41 40 3
42 0 8
42 1 33
42 2 32
42 3 2
42 4 25
42 5 40
42 6 18
42 7 2
42 8 4
42 9 33
42 10 17
42 11 8
42 12 38
42 13 10
42 14 18
42 15 36
42 16 24
42 17 19
42 18 12
42 19 38
42 20 17
42 21 25
42 22 39
42 23 21
42 24 27
42 25 32
42 26 25
42 27 15
42 28 16
42 29 35
42 30 9
42 31 12
42 32 8
42 33 31
42 34 1
42 35 10
42 36 5
42 37 20
42 38 16
42 39 33
42 40 40
42 41 1
43 0 11
43 1 3
43 2 17
43 3 21
43 4 15
43 5 30
43 6 31
43 7 6
43 8 8
43 9 16
43 10 40
43 11 35
43 12 9
43 13 3
43 14 12
43 15 6
43 16 32
43 17 25
43 18 32
43 19 21
43 20 30
43 21 18
43 22 29
43 23 23
43 24 22
43 25 22
43 26 39
43 27 13
43 28 39
43 29 4
43 30 31
43 31 28
43 32 39
43 33 4
43 34 37
43 35 6
43 36 24
43 37 21
43 38 6
43 39 20
43 40 12
43 41 38
43 42 36
44 0 6
44 1 19
44 2 5
44 3 4
44 4 24
44 5 22
44 6 16
44 7 28
44 8 10
44 9 31
44 10 15
44 11 34
44 12 37
44 13 19
44 14 32
44 15 39
44 16 23
44 17 21
44 18 36
44 19 11
44 20 28
44 21 8
44 22 27
44 23 21
44 24 13
44 25 30
44 26 16
44 27 28
44 28 28
44 29 19
44 30 4
44 31 14
44 32 19
44 33 30
44 34 2
44 35 21
44 36 40
44 37 29
44 38 36
44 39 24
44 40 35
44 41 11
44 42 40
44 43 14
45 0 6
45 1 32
45 2 40
45 3 10
45 4 12
45 5 27
45 6 20
45 7 28
45 8 25
45 9 16
45 10 30
45 11 27
45 12 35
45 13 40
45 14 28
45 15 7
45 16 35
45 17 7
45 18 12
45 19 2
45 20 10
45 21 3
45 22 17
45 23 24
45 24 17
45 25 27
45 26 33
45 27 26
45 28 21
45 29 20
45 30 22
45 31 8
45 32 35
45 33 32
45 34 5
45 35 31
45 36 24
45 37 25
45 38 10
45 39 37
45 40 28
45 41 5
45 42 34
45 43 33
45 44 13
46 0 19
46 1 36
46 2 30
46 3 38
46 4 35
46 5 40
46 6 32
46 7 14
46 8 27
46 9 36
46 10 7
46 11 2
46 12 23
46 13 16
46 14 4
46 15 13
46 16 11
46 17 9
46 18 34
46 19 6
46 20 19
46 21 2
46 22 29
46 23 9
46 24 21
46 25 21
46 26 39
46 27 28
46 28 22
46 29 31
46 30 26
46 31 29
46 32 25
46 33 16
46 34 11
46 35 28
46 36 18
46 37 21
46 38 29
46 39 31
46 40 22
46 41 4
46 42 21
46 43 39
46 44 36
46 45 4
47 0 28
47 1 20
47 2 23
47 3 6
47 4 25
47 5 6
47 6 37
47 7 21
47 8 34
47 9 31
47 10 1
47 11 27
47 12 16
47 13 36
47 14 30
47 15 28
47 16 23
47 17 22
47 18 30
47 19 24
47 20 30
47 21 24
47 22 24
47 23 39
47 24 32
47 25 33
47 26 32
47 27 21
47 28 24
47 29 12
47 30 29
47 31 29
47 32 5
47 33 1
47 34 32
47 35 15
47 36 12
47 37 13
47 38 31
47 39 38
47 40 35
47 41 16
47 42 21
47 43 34
47 44 29
47 45 37
47 46 10
48 0 39
48 1 5
48 2 28
48 3 9
48 4 26
48 5 29
48 6 26
48 7 8
48 8 4
48 9 8
48 10 33
48 11 40
48 12 18
48 13 21
48 14 37
48 15 11
48 16 7
48 17 14
48 18 33
48 19 9
48 20 28
48 21 12
48 22 2
48 23 23
48 24 17
48 25 2
48 26 33
48 27 29
48 28 38
48 29 29
48 30 25
48 31 9
48 32 4
48 33 14
48 34 9
48 35 2
48 36 18
48 37 26
48 38 16
48 39 33
48 40 10
48 41 29
48 42 3
48 43 30
48 44 37
48 45 38
48 46 17
48 47 7
49 0 17
49 1 3
49 2 18
49 3 16
49 4 23
49 5 11
49 6 28
49 7 8
49 8 22
49 9 15
49 10 7
49 11 34
49 12 22
49 13 1
49 14 3
49 15 7
49 16 21
49 17 9
49 18 17
49 19 8
49 20 21
49 21 16
49 22 31
49 23 1
49 24 11
49 25 9
49 26 30
49 27 35
49 28 20
49 29 19
49 30 3
49 31 40
49 32 19
49 33 7
49 34 5
49 35 23
49 36 2
49 37 13
49 38 20
49 39 11
49 40 14
49 41 3
49 42 38
49 43 11
49 44 32
49 45 13
49 46 17
49 47 3
49 48 25
