70
2 0 15
4 0 4
5 0 2
5 2 10
5 3 20
5 4 7
6 0 10
7 2 7
7 5 12
8 0 11
8 2 13
8 6 11
8 7 10
10 1 9
10 2 2
10 5 13
10 6 1
11 2 20
11 6 10
11 9 13
11 10 8
12 1 18
12 6 11
13 0 8
13 5 19
13 11 6
13 12 19
14 1 7
14 7 20
14 8 3
14 12 19
15 1 7
15 3 7
15 5 18
15 6 2
15 9 3
15 10 11
15 11 17
15 14 11
16 0 3
16 3 15
16 5 18
16 7 1
16 10 11
16 13 9
16 15 20
17 1 7
17 4 11
17 8 15
17 11 13
17 13 10
18 4 10
18 6 14
18 10 1
18 11 10
18 13 17
18 15 4
18 16 5
19 2 13
19 4 2
19 6 7
19 7 3
19 11 15
19 12 13
19 16 4
19 17 20
20 0 7
20 1 3
20 3 2
20 6 11
20 7 14
20 8 9
20 10 14
20 11 2
20 12 1
20 15 9
20 18 17
21 2 19
21 9 5
21 10 4
21 11 9
21 16 20
21 19 9
21 20 20
22 0 8
22 1 20
22 3 17
22 4 7
22 5 6
22 7 6
22 13 13
22 14 4
22 16 2
22 17 20
22 18 2
23 3 8
23 4 12
23 6 10
23 7 17
23 9 10
23 10 16
23 11 9
23 12 16
23 14 16
23 16 10
23 17 1
23 20 20
24 1 18
24 6 2
24 7 10
24 10 18
24 13 5
24 14 3
24 17 10
24 20 18
24 22 10
25 3 5
25 4 19
25 6 6
25 7 12
25 8 6
25 10 12
25 12 17
25 14 19
25 17 8
25 21 7
26 2 4
26 6 7
26 9 19
26 11 17
26 13 14
26 16 14
26 18 1
26 19 5
26 22 9
27 1 14
27 13 20
27 14 11
27 15 14
27 18 19
27 19 20
27 20 9
27 21 15
27 26 3
28 0 4
28 3 8
28 5 1
28 8 4
28 11 2
28 13 7
28 15 2
28 16 20
28 18 13
28 24 13
29 0 6
29 5 1
29 10 15
29 12 4
29 13 10
29 16 19
29 20 18
29 23 10
29 27 10
30 0 5
30 3 8
30 4 13
30 6 6
30 8 5
30 10 8
30 16 13
30 17 7
30 21 15
30 22 12
30 23 2
30 24 13
30 27 11
30 29 1
31 4 13
31 9 11
31 12 11
31 13 7
31 14 12
31 15 4
31 17 20
31 18 20
31 19 13
31 20 1
31 21 15
31 29 13
31 30 11
32 4 10
32 7 1
32 9 11
32 10 9
32 12 2
32 14 2
32 17 14
32 19 4
32 20 4
32 21 14
32 25 8
32 26 20
32 27 2
32 30 9
33 1 20
33 2 5
33 4 20
33 5 16
33 6 14
33 7 9
33 10 4
33 11 5
33 12 19
33 13 9
33 17 16
33 20 4
33 21 8
33 22 13
33 24 9
33 25 5
33 29 19
33 30 1
33 31 7
33 32 11
34 0 9
34 5 5
34 11 17
34 12 17
34 14 6
34 16 6
34 17 14
34 19 4
34 21 18
34 22 12
34 24 2
34 25 5
34 26 5
34 30 18
34 31 14
34 32 1
35 2 20
35 5 14
35 6 1
35 8 4
35 11 18
35 13 6
35 14 2
35 17 6
35 18 17
35 26 18
35 28 3
35 29 18
36 1 9
36 2 11
36 5 17
36 6 2
36 7 16
36 8 20
36 12 2
36 14 17
36 16 7
36 19 10
36 21 13
36 22 3
36 23 13
36 25 1
36 26 17
36 28 17
36 29 7
36 31 19
36 32 2
36 33 16
36 34 9
37 1 17
37 8 5
37 11 7
37 14 2
37 17 7
37 23 10
37 25 7
37 26 20
37 28 4
37 29 5
37 30 11
37 34 7
37 35 5
37 36 18
38 0 11
38 2 10
38 3 3
38 5 12
38 11 9
38 12 16
38 13 19
38 15 16
38 17 8
38 18 5
38 22 7
38 23 9
38 24 5
38 25 9
38 30 20
38 33 1
38 35 6
38 37 4
39 0 7
39 3 13
39 4 11
39 6 9
39 8 1
39 9 2
39 10 19
39 15 11
39 16 7
39 18 5
39 19 15
39 20 18
39 21 12
39 23 6
39 24 3
39 26 16
39 32 20
39 34 20
39 35 1
39 36 10
40 0 7
40 5 10
40 9 7
40 10 19
40 11 4
40 15 16
40 16 11
40 18 10
40 19 7
40 20 15
40 21 4
40 24 2
40 25 16
40 26 2
40 28 2
40 29 10
40 30 15
40 33 8
40 36 7
41 0 11
41 1 14
41 3 11
41 4 15
41 8 13
41 9 5
41 11 14
41 16 2
41 17 13
41 18 20
41 23 3
41 27 13
41 30 16
41 32 6
41 35 5
41 36 18
41 38 11
42 0 1
42 1 5
42 6 9
42 9 11
42 10 2
42 12 13
42 14 7
42 15 15
42 16 2
42 17 16
42 18 16
42 21 6
42 25 4
42 27 8
42 28 3
42 32 19
42 35 4
42 39 6
43 0 7
43 2 9
43 7 1
43 9 15
43 11 12
43 18 13
43 23 13
43 24 14
43 25 5
43 28 17
43 31 10
43 32 5
43 34 6
43 35 6
43 36 4
43 38 16
43 41 8
44 1 10
44 2 14
44 5 20
44 8 10
44 15 15
44 16 12
44 18 13
44 20 5
44 23 9
44 24 5
44 25 3
44 26 13
44 28 11
44 30 6
44 31 8
44 36 12
44 37 10
44 38 15
44 41 19
44 42 10
45 1 20
45 5 9
45 10 20
45 12 18
45 13 4
45 15 11
45 16 5
45 17 18
45 18 11
45 23 7
45 26 8
45 27 15
45 31 4
45 32 10
45 34 20
45 35 11
45 38 19
45 39 12
45 40 5
45 42 7
46 0 10
46 4 19
46 6 8
46 7 2
46 8 19
46 12 20
46 14 2
46 17 16
46 18 19
46 19 2
46 20 20
46 21 2
46 22 2
46 25 16
46 28 10
46 31 20
46 40 12
46 42 11
46 43 9
47 2 3
47 3 12
47 5 2
47 8 9
47 9 18
47 10 8
47 11 9
47 17 13
47 21 12
47 22 12
47 23 17
47 25 15
47 30 2
47 32 2
47 33 1
47 34 6
47 35 7
47 38 12
47 39 1
47 40 2
47 41 18
47 42 3
47 45 10
48 1 1
48 4 4
48 6 18
48 8 15
48 13 7
48 17 20
48 23 12
48 24 15
48 29 15
48 32 14
48 34 3
48 35 2
48 37 4
48 42 18
48 46 11
48 47 8
49 1 6
49 2 18
49 5 2
49 10 4
49 13 11
49 14 20
49 18 10
49 19 1
49 22 9
49 28 12
49 30 19
49 31 14
49 32 11
49 36 10
49 37 2
49 44 2
49 45 19
49 46 13
49 47 2
50 0 15
50 1 18
50 2 16
50 3 1
50 10 7
50 11 6
50 13 16
50 16 4
50 20 15
50 22 18
50 23 17
50 25 15
50 26 4
50 30 2
50 31 8
50 32 5
50 36 9
50 40 2
50 41 18
50 45 19
50 46 1
50 49 12
51 5 18
51 6 10
51 7 17
51 12 2
51 13 12
51 16 8
51 17 14
51 18 18
51 19 11
51 20 4
51 21 10
51 22 5
51 25 14
51 26 6
51 27 3
51 28 7
51 29 6
51 33 4
51 37 19
51 42 14
51 47 17
51 48 3
51 49 4
51 50 18
52 1 7
52 2 2
52 3 14
52 5 16
52 10 20
52 13 13
52 17 10
52 18 19
52 19 1
52 20 15
52 22 19
52 33 10
52 36 17
52 41 4
52 42 5
52 46 13
52 48 19
53 0 19
53 1 16
53 2 8
53 6 19
53 8 7
53 10 7
53 26 19
53 27 13
53 31 2
53 32 4
53 36 4
53 39 7
53 41 5
53 43 20
53 46 17
53 48 20
53 50 15
53 51 10
54 2 6
54 9 10
54 11 16
54 14 5
54 21 16
54 22 16
54 24 13
54 25 3
54 27 16
54 31 8
54 32 14
54 33 6
54 34 5
54 39 3
54 42 14
54 43 8
54 44 1
54 48 15
54 49 3
54 52 17
55 1 15
55 5 17
55 6 12
55 9 6
55 12 12
55 14 18
55 15 2
55 16 9
55 17 2
55 19 12
55 20 5
55 22 10
55 24 15
55 32 3
55 35 6
55 42 12
55 44 1
55 45 16
55 48 5
55 50 1
55 52 9
56 3 13
56 4 19
56 6 12
56 10 3
56 12 20
56 14 5
56 15 14
56 19 17
56 22 3
56 24 19
56 26 19
56 27 8
56 29 8
56 36 13
56 37 9
56 40 17
56 43 17
56 45 13
56 52 7
57 0 20
57 1 17
57 2 1
57 5 8
57 6 15
57 7 2
57 8 20
57 10 9
57 12 20
57 13 18
57 14 3
57 15 19
57 17 8
57 18 10
57 19 14
57 20 7
57 22 2
57 26 7
57 33 10
57 44 20
57 45 13
57 47 9
57 48 16
57 49 4
57 50 19
57 53 11
58 5 13
58 9 17
58 10 10
58 13 6
58 14 9
58 18 4
58 20 18
58 25 20
58 27 13
58 29 6
58 30 7
58 32 17
58 33 20
58 35 11
58 37 17
58 40 6
58 41 16
58 42 11
58 43 18
58 44 20
58 50 10
58 55 18
59 1 12
59 2 19
59 4 7
59 5 1
59 6 1
59 7 12
59 18 5
59 19 18
59 20 8
59 28 13
59 30 20
59 31 17
59 37 14
59 38 14
59 39 10
59 41 5
59 43 13
59 46 8
59 47 9
59 51 1
59 52 4
59 53 13
59 54 3
60 3 16
60 4 17
60 5 17
60 11 16
60 13 14
60 24 14
60 25 18
60 27 5
60 33 3
60 37 10
60 41 19
60 49 7
60 52 11
60 53 6
60 55 7
60 56 17
61 4 8
61 6 16
61 9 16
61 11 12
61 12 19
61 16 2
61 19 14
61 20 18
61 21 16
61 22 20
61 25 5
61 26 7
61 32 10
61 41 16
61 42 14
61 47 2
61 48 3
61 52 2
61 53 9
61 54 14
61 55 5
62 6 14
62 7 3
62 8 12
62 10 12
62 16 5
62 17 12
62 18 19
62 19 2
62 25 18
62 27 1
62 30 3
62 32 11
62 35 20
62 36 2
62 37 11
62 38 14
62 40 5
62 44 13
62 46 8
62 47 3
62 49 17
62 50 14
62 52 2
62 53 19
62 54 14
62 55 12
63 4 1
63 12 18
63 18 3
63 19 6
63 21 1
63 23 20
63 24 1
63 25 3
63 28 13
63 34 20
63 35 4
63 36 12
63 38 2
63 39 10
63 44 17
63 45 6
63 47 10
63 54 16
63 59 12
63 61 14
64 4 19
64 5 19
64 7 13
64 8 17
64 9 12
64 10 1
64 14 6
64 16 20
64 21 17
64 23 13
64 24 18
64 28 11
64 31 20
64 36 20
64 38 20
64 40 14
64 43 10
64 49 12
64 50 15
64 51 8
64 53 2
64 55 2
64 57 9
64 60 18
65 6 17
65 8 17
65 10 4
65 12 19
65 13 16
65 15 20
65 17 12
65 21 12
65 22 16
65 24 2
65 26 15
65 29 3
65 30 13
65 31 13
65 34 8
65 37 1
65 39 13
65 41 15
65 45 7
65 47 2
65 55 19
65 59 14
65 61 17
65 64 11
66 3 12
66 5 10
66 7 17
66 9 10
66 11 8
66 12 12
66 13 14
66 17 12
66 20 4
66 21 7
66 24 20
66 29 3
66 34 16
66 35 10
66 37 4
66 39 14
66 41 3
66 47 20
66 56 5
66 59 14
66 65 2
67 0 1
67 3 16
67 5 2
67 6 16
67 7 1
67 10 4
67 12 5
67 13 10
67 14 5
67 16 18
67 17 6
67 18 7
67 20 10
67 22 16
67 25 14
67 32 11
67 33 9
67 44 14
67 45 16
67 46 5
67 49 2
67 50 10
67 51 19
67 54 12
67 59 10
67 61 4
67 62 9
67 63 7
68 0 4
68 2 2
68 3 2
68 9 8
68 11 10
68 15 10
68 16 4
68 22 3
68 24 15
68 27 18
68 28 14
68 29 2
68 30 5
68 34 18
68 36 7
68 37 18
68 41 17
68 42 11
68 46 15
68 51 1
68 52 6
68 54 20
68 55 9
68 58 2
68 63 17
68 66 19
69 0 16
69 3 16
69 10 9
69 17 16
69 18 18
69 21 9
69 23 17
69 25 18
69 26 6
69 28 18
69 29 14
69 30 1
69 40 14
69 41 13
69 42 9
69 43 15
69 46 13
69 49 13
69 50 16
69 51 14
69 55 9
69 56 10
69 57 6
69 59 10
69 62 2
69 63 11
69 64 8
69 65 20
69 66 15
69 67 16
