50
4 1 36
5 1 8
5 4 40
6 0 14
6 3 21
6 5 32
7 5 37
7 6 5
8 2 18
8 3 9
8 4 22
9 1 36
9 2 30
9 4 19
9 7 20
10 0 37
10 2 12
10 4 2
10 5 24
10 8 38
10 9 40
11 1 32
11 2 35
11 10 10
12 2 14
12 4 28
12 5 30
12 10 34
13 0 3
13 2 6
13 4 31
13 6 7
13 7 4
13 8 16
13 11 32
13 12 6
14 1 32
14 6 13
14 8 37
14 11 17
15 1 27
15 3 31
15 5 34
15 10 4
15 12 28
16 0 6
16 5 34
16 7 6
16 8 9
16 14 9
17 0 24
17 2 38
17 6 25
17 7 28
17 8 39
17 9 11
17 10 38
17 11 37
17 13 6
17 14 15
17 15 22
18 8 1
18 10 21
18 13 39
18 14 8
19 0 4
19 1 34
19 3 10
19 5 18
19 6 40
19 11 2
19 13 14
19 14 15
19 17 4
19 18 24
20 0 8
20 5 35
20 7 11
20 11 32
20 12 32
20 14 29
20 18 34
20 19 14
21 2 13
21 4 19
21 6 21
21 10 28
21 15 7
21 17 17
22 0 36
22 2 38
22 5 35
22 8 28
22 9 9
22 10 31
22 13 27
22 17 29
22 18 27
22 19 18
23 0 13
23 2 14
23 3 38
23 4 9
23 6 3
23 14 38
23 15 13
23 21 10
23 22 5
24 0 37
24 2 25
24 3 11
24 4 39
24 7 13
24 8 3
24 12 17
24 13 22
24 15 28
24 16 13
24 17 19
24 18 9
24 20 13
24 21 21
24 22 16
25 0 20
25 2 10
25 3 27
25 4 20
25 5 5
25 6 34
25 9 40
25 15 7
25 17 3
25 18 9
25 19 32
25 24 25
26 0 3
26 2 16
26 4 31
26 6 34
26 9 18
26 13 19
26 14 29
26 20 14
26 22 14
26 23 14
26 24 20
26 25 34
27 2 7
27 3 14
27 6 32
27 8 8
27 9 26
27 10 27
27 11 12
27 12 14
27 15 22
27 20 31
27 21 35
27 22 20
27 25 34
28 0 14
28 1 3
28 4 26
28 7 27
28 8 34
28 9 25
28 19 9
28 21 28
28 22 18
28 24 32
28 25 22
29 1 26
29 4 26
29 8 16
29 9 9
29 10 20
29 12 8
29 17 37
29 22 1
29 23 24
29 24 13
29 26 28
29 28 19
30 1 17
30 2 30
30 6 18
30 7 34
30 10 29
30 13 8
30 15 14
30 22 28
30 23 33
30 27 14
31 0 29
31 1 22
31 3 15
31 5 24
31 7 29
31 20 9
31 25 20
31 27 10
31 28 36
31 29 24
32 3 29
32 4 29
32 8 34
32 16 10
32 21 21
32 23 21
32 24 10
32 25 23
32 29 19
32 30 28
33 1 18
33 2 19
33 7 32
33 9 36
33 12 8
33 14 14
33 15 9
33 17 20
33 18 8
33 23 31
33 24 11
33 27 24
33 29 18
33 31 4
33 32 1
34 0 2
34 5 27
34 6 23
34 11 14
34 12 1
34 15 6
34 18 4
34 19 37
34 21 10
34 27 21
34 28 14
34 33 20
35 0 20
35 4 21
35 6 39
35 7 13
35 9 32
35 13 20
35 14 36
35 17 15
35 18 2
35 19 14
35 20 4
35 23 1
35 30 31
35 34 21
36 0 24
36 1 2
36 4 1
36 6 39
36 7 27
36 8 35
36 11 40
36 15 6
36 19 26
36 21 21
36 25 6
36 28 23
36 34 10
37 3 14
37 4 38
37 6 1
37 8 22
37 11 7
37 17 19
37 21 14
37 30 5
37 35 29
38 0 38
38 2 37
38 3 18
38 8 8
38 9 10
38 10 22
38 13 10
38 18 4
38 20 18
38 21 30
38 23 3
38 24 19
38 25 1
38 31 38
38 33 9
38 35 39
39 4 10
39 5 40
39 7 17
39 9 34
39 15 36
39 16 4
39 17 15
39 22 36
39 30 3
39 34 13
39 36 5
39 37 8
39 38 8
40 0 12
40 5 5
40 8 23
40 10 38
40 12 15
40 14 23
40 16 21
40 20 35
40 23 13
40 25 28
40 26 33
40 27 4
40 35 2
40 37 32
40 38 34
40 39 35
41 1 25
41 3 33
41 8 40
41 9 36
41 11 29
41 14 26
41 15 35
41 29 25
41 35 11
41 39 15
42 4 25
42 5 12
42 8 40
42 10 16
42 11 4
42 16 4
42 17 40
42 18 17
42 21 30
42 22 35
42 23 30
42 24 1
42 26 33
42 30 28
42 33 4
42 37 35
42 38 19
42 39 22
43 0 24
43 1 4
43 3 12
43 5 9
43 7 32
43 9 22
43 10 10
43 16 16
43 17 4
43 20 32
43 25 37
43 28 11
43 30 29
43 35 18
43 36 39
43 41 35
44 0 5
44 4 2
44 7 29
44 8 21
44 13 30
44 16 22
44 21 21
44 23 15
44 27 18
44 29 29
44 32 17
44 35 24
44 42 10
45 1 25
45 2 39
45 3 24
45 4 20
45 8 23
45 9 11
45 12 8
45 13 17
45 17 19
45 20 28
45 21 6
45 22 11
45 31 34
45 32 15
45 33 36
45 34 19
45 35 6
45 38 35
45 41 38
45 43 21
45 44 19
46 1 39
46 3 36
46 4 40
46 7 12
46 9 9
46 10 2
46 12 5
46 14 30
46 16 7
46 17 12
46 18 2
46 20 36
46 24 37
46 27 12
46 28 2
46 29 16
46 30 31
46 32 13
46 36 17
46 44 9
46 45 15
47 0 30
47 2 26
47 3 13
47 5 10
47 12 30
47 13 4
47 20 2
47 21 40
47 22 3
47 23 40
47 24 35
47 25 17
47 26 18
47 27 30
47 29 8
47 32 6
47 35 15
47 38 26
47 41 11
47 42 22
47 43 8
47 44 28
48 3 34
48 4 14
48 6 15
48 9 26
48 11 9
48 14 17
48 17 16
48 20 21
48 23 15
48 26 29
48 30 21
48 34 34
48 38 19
48 43 25
48 45 40
48 46 22
49 0 2
49 2 2
49 5 39
49 7 1
49 11 4
49 12 34
49 13 23
49 14 29
49 15 24
49 16 25
49 21 13
49 28 9
49 29 37
49 31 11
49 38 16
49 44 2
49 45 35
