60
1 0 12
3 0 9
3 1 4
4 0 14
4 1 2
4 3 12
5 1 14
5 2 12
5 4 12
6 0 5
6 1 6
6 3 10
6 4 6
7 2 10
8 0 6
8 1 1
8 3 10
8 4 11
8 6 10
9 0 8
9 1 6
9 4 5
9 6 11
10 1 15
10 4 7
10 5 8
10 6 15
10 9 19
11 8 6
11 10 17
12 2 1
12 3 18
12 6 12
12 8 12
12 10 8
13 0 4
13 2 8
13 3 13
13 5 15
13 8 4
13 10 17
13 11 9
13 12 1
14 0 13
14 1 14
14 5 16
14 7 11
14 8 20
14 12 9
15 1 12
15 3 9
15 6 19
15 7 2
15 8 12
15 9 13
15 10 1
15 11 12
15 12 8
15 13 10
15 14 18
16 1 7
16 3 5
16 6 10
16 8 4
16 12 13
16 14 19
17 0 20
17 1 6
17 4 11
17 6 16
17 8 2
17 14 18
17 15 11
17 16 5
18 1 19
18 2 8
18 3 3
18 4 8
18 6 6
18 9 10
18 10 2
18 13 2
18 15 18
19 0 7
19 1 20
19 2 11
19 7 6
19 11 7
19 12 8
19 13 17
19 14 17
20 3 2
20 4 17
20 7 9
20 8 8
20 9 18
20 15 5
20 17 20
20 18 5
20 19 18
21 0 15
21 2 5
21 4 9
21 6 12
21 9 4
21 14 18
21 18 11
21 20 7
22 0 15
22 1 15
22 2 18
22 3 14
22 5 7
22 6 10
22 9 1
22 10 19
22 11 4
22 12 5
22 13 18
22 15 14
22 16 10
22 17 8
22 19 2
22 20 1
23 3 18
23 4 1
23 5 2
23 6 15
23 10 12
23 11 17
23 12 13
23 14 9
23 16 6
23 19 15
23 21 17
23 22 16
24 0 18
24 1 10
24 2 1
24 5 16
24 7 1
24 11 19
24 13 4
24 14 6
24 17 10
24 19 8
24 20 13
24 23 1
25 0 8
25 3 7
25 8 5
25 9 16
25 11 9
25 12 14
25 13 1
25 15 18
25 19 10
25 22 12
25 23 9
25 24 14
26 3 1
26 7 12
26 12 5
26 13 8
26 16 3
26 20 12
26 22 2
26 24 9
27 3 12
27 5 13
27 7 13
27 9 20
27 10 9
27 14 9
27 22 14
27 23 6
27 26 17
28 1 1
28 2 12
28 3 2
28 6 1
28 7 9
28 8 17
28 15 16
28 16 5
28 26 16
29 0 2
29 1 18
29 2 10
29 3 6
29 5 5
29 6 10
29 9 11
29 10 6
29 12 11
29 14 10
29 15 8
29 21 6
29 22 17
29 27 5
30 0 20
30 2 14
30 4 18
30 5 15
30 6 15
30 7 11
30 9 3
30 11 11
30 13 2
30 16 7
30 20 7
30 21 16
30 24 3
30 26 16
30 29 15
31 0 15
31 1 3
31 16 16
31 23 20
31 26 15
31 29 9
31 30 19
32 1 8
32 2 19
32 8 11
32 9 9
32 10 13
32 13 20
32 16 2
32 19 12
32 24 5
32 25 6
32 29 15
33 0 14
33 2 5
33 3 19
33 5 13
33 7 16
33 8 9
33 9 3
33 11 12
33 13 12
33 14 17
33 20 8
33 25 10
33 26 5
33 30 12
34 1 7
34 2 17
34 3 7
34 5 13
34 8 20
34 10 17
34 11 19
34 14 18
34 16 9
34 18 20
34 21 19
34 26 9
34 28 14
34 29 6
34 32 13
34 33 4
35 0 20
35 5 20
35 6 5
35 7 9
35 8 3
35 9 12
35 11 2
35 13 3
35 17 17
35 19 5
35 21 8
35 23 19
35 25 2
35 26 6
35 28 10
35 29 16
35 31 7
35 32 10
35 33 1
35 34 15
36 0 17
36 1 9
36 4 3
36 5 11
36 6 11
36 7 6
36 13 15
36 15 5
36 16 2
36 17 1
36 19 13
36 21 19
36 22 11
36 26 20
36 27 20
36 28 20
36 29 2
36 32 14
36 34 18
36 35 13
37 0 7
37 2 9
37 4 7
37 6 4
37 7 11
37 9 17
37 10 15
37 11 7
37 12 14
37 15 8
37 16 17
37 17 5
37 19 19
37 20 20
37 21 2
37 22 2
37 23 7
37 24 14
37 28 11
37 30 12
37 31 17
37 34 13
37 36 7
38 3 1
38 5 9
38 7 7
38 8 18
38 9 11
38 10 18
38 11 2
38 13 4
38 14 8
38 15 19
38 16 20
38 18 2
38 20 15
38 23 12
38 24 5
38 27 19
38 30 7
38 33 20
38 34 10
38 35 7
38 36 4
39 1 14
39 2 12
39 3 19
39 5 9
39 7 16
39 10 4
39 12 9
39 16 13
39 17 19
39 19 4
39 21 19
39 26 20
39 28 17
39 29 1
39 33 4
39 34 10
39 36 5
39 37 18
39 38 15
40 1 10
40 2 4
40 3 3
40 4 2
40 5 9
40 6 10
40 14 15
40 15 18
40 17 1
40 20 8
40 25 12
40 26 6
40 27 5
40 30 13
40 32 18
40 33 7
40 34 10
40 36 11
41 5 2
41 7 16
41 10 6
41 11 1
41 12 20
41 13 3
41 15 19
41 24 2
41 27 14
41 29 9
41 30 3
41 31 9
41 32 10
41 33 9
41 35 13
41 36 10
41 39 10
42 1 9
42 4 1
42 8 13
42 9 18
42 10 3
42 11 2
42 13 20
42 14 18
42 15 20
42 16 5
42 18 4
42 24 14
42 27 7
42 29 13
42 31 10
42 32 1
42 33 18
42 34 12
42 35 20
42 36 5
42 37 9
42 38 8
42 39 5
42 41 12
43 1 19
43 7 18
43 11 6
43 14 4
43 15 15
43 16 18
43 20 4
43 22 17
43 23 11
43 25 18
43 29 12
43 30 20
43 33 7
43 35 8
43 37 5
43 38 20
44 0 20
44 1 6
44 4 15
44 8 20
44 12 1
44 13 20
44 14 12
44 16 19
44 17 14
44 18 19
44 19 3
44 22 1
44 25 12
44 26 13
44 27 14
44 28 2
44 29 4
44 30 15
44 33 15
44 34 9
44 35 15
44 37 5
44 39 6
44 40 11
44 43 17
45 0 12
45 2 19
45 3 14
45 4 20
45 5 9
45 6 17
45 11 20
45 13 10
45 14 3
45 15 6
45 20 1
45 23 14
45 24 14
45 25 13
45 26 18
45 28 6
45 29 14
45 31 20
45 33 9
45 34 1
45 35 18
45 37 7
45 38 18
45 39 13
45 40 3
46 2 12
46 3 1
46 4 8
46 5 10
46 6 11
46 7 18
46 14 5
46 17 10
46 18 14
46 21 2
46 22 11
46 26 19
46 27 16
46 28 3
46 31 19
46 33 17
46 35 19
46 36 5
46 37 19
46 38 1
46 42 16
46 44 3
47 3 10
47 5 8
47 7 9
47 10 20
47 12 5
47 17 5
47 18 18
47 19 1
47 22 20
47 23 8
47 27 17
47 28 9
47 29 17
47 30 4
47 33 20
47 34 10
47 35 5
47 38 9
47 39 15
47 40 13
47 44 3
48 2 7
48 5 10
48 6 15
48 8 18
48 9 10
48 12 15
48 14 4
48 20 4
48 21 17
48 23 12
48 25 1
48 28 19
48 29 6
48 30 3
48 31 14
48 33 14
48 34 17
48 35 8
48 36 15
48 37 10
48 38 19
48 39 11
48 41 3
48 43 4
48 47 2
49 0 14
49 1 20
49 4 14
49 6 8
49 7 18
49 10 17
49 11 17
49 12 8
49 13 9
49 15 4
49 18 13
49 20 8
49 22 14
49 24 12
49 28 10
49 29 12
49 36 15
49 39 6
49 41 11
49 44 18
49 47 9
50 0 4
50 1 7
50 2 7
50 4 3
50 7 1
50 8 12
50 9 18
50 10 18
50 14 4
50 16 1
50 17 18
50 20 8
50 21 7
50 22 8
50 23 13
50 25 11
50 27 16
50 28 18
50 31 9
50 32 14
50 33 1
50 34 12
50 36 1
50 38 5
50 39 20
50 40 8
50 43 3
50 44 2
50 46 18
50 48 7
50 49 17
51 0 2
51 1 1
51 3 20
51 4 6
51 5 15
51 6 17
51 7 6
51 8 3
51 9 11
51 10 18
51 12 5
51 13 18
51 14 12
51 15 11
51 16 2
51 17 9
51 19 7
51 20 11
51 21 15
51 22 2
51 24 20
51 25 10
51 31 16
51 32 17
51 34 4
51 37 18
51 39 16
51 40 7
51 41 1
51 42 18
51 44 20
51 47 19
51 48 11
51 49 5
52 0 15
52 1 6
52 5 10
52 6 5
52 7 13
52 8 4
52 12 16
52 15 7
52 16 8
52 20 16
52 24 14
52 25 14
52 27 6
52 33 6
52 36 19
52 37 18
52 38 15
52 39 8
52 40 16
52 41 8
52 42 11
52 47 13
52 48 7
53 1 19
53 3 17
53 4 16
53 5 2
53 6 18
53 8 18
53 13 20
53 15 10
53 16 3
53 17 20
53 20 18
53 22 19
53 24 14
53 25 12
53 28 12
53 29 18
53 30 18
53 31 10
53 35 10
53 36 19
53 37 8
53 39 8
53 41 8
53 42 7
53 43 3
53 46 15
53 48 15
53 49 16
53 52 9
54 0 15
54 1 20
54 3 10
54 4 1
54 6 6
54 7 11
54 8 15
54 9 12
54 10 20
54 12 2
54 18 2
54 19 11
54 20 6
54 23 15
54 25 16
54 26 8
54 27 16
54 29 1
54 32 5
54 37 16
54 38 20
54 40 15
54 41 2
54 45 11
54 48 1
55 1 20
55 2 18
55 4 8
55 5 3
55 8 4
55 10 5
55 11 20
55 12 1
55 13 6
55 15 3
55 16 6
55 17 9
55 18 1
55 19 1
55 21 18
55 23 8
55 24 17
55 25 7
55 26 5
55 27 14
55 28 1
55 30 12
55 38 19
55 40 9
55 42 6
55 47 20
55 50 20
55 53 5
55 54 13
56 0 7
56 3 20
56 5 15
56 7 20
56 8 12
56 9 15
56 12 3
56 13 16
56 16 12
56 18 14
56 20 20
56 21 12
56 22 7
56 25 5
56 28 2
56 31 5
56 34 3
56 36 13
56 38 20
56 39 12
56 41 6
56 44 10
56 45 13
56 48 5
56 50 12
56 51 19
56 52 7
56 54 2
56 55 17
57 4 6
57 5 20
57 6 13
57 8 12
57 10 9
57 11 18
57 13 5
57 14 3
57 15 11
57 16 10
57 18 9
57 19 11
57 24 14
57 31 2
57 34 11
57 37 18
57 38 2
57 39 10
57 42 11
57 45 3
57 46 10
57 47 6
57 48 1
57 50 13
57 51 1
57 52 14
57 54 9
57 56 9
58 0 18
58 1 10
58 2 15
58 3 20
58 4 12
58 6 13
58 7 2
58 10 15
58 11 12
58 14 5
58 20 4
58 21 5
58 26 3
58 28 19
58 29 9
58 31 15
58 34 11
58 35 17
58 37 5
58 38 9
58 39 17
58 42 17
58 48 2
58 49 18
58 50 4
58 52 18
58 53 3
58 54 1
58 55 19
58 57 4
59 3 7
59 4 7
59 5 14
59 6 20
59 8 15
59 10 9
59 13 5
59 15 2
59 16 7
59 18 4
59 19 18
59 21 5
59 22 6
59 23 10
59 24 12
59 25 7
59 27 7
59 29 8
59 31 2
59 32 20
59 34 4
59 37 9
59 38 8
59 40 8
59 42 9
59 44 12
59 46 18
59 47 14
59 48 3
59 49 14
59 50 12
59 52 11
59 53 8
59 54 11
59 56 12
59 57 20
