50
2 0 5
2 1 6
5 2 7
7 2 5
8 1 4
9 0 9
9 2 2
9 3 8
9 6 4
10 5 9
10 6 9
10 7 4
10 9 3
11 3 1
11 4 7
11 6 10
11 7 5
11 8 1
11 10 5
12 2 10
12 4 1
12 8 9
13 0 5
13 3 9
13 4 10
13 5 4
13 9 10
13 11 8
13 12 2
14 1 4
14 5 1
14 6 1
14 10 7
15 2 6
15 3 8
15 4 4
15 5 3
15 8 8
15 10 6
15 12 7
16 0 10
16 2 7
16 3 1
16 6 2
16 8 10
16 11 8
16 14 1
17 1 6
17 3 3
17 4 6
17 8 5
18 1 9
18 2 4
18 4 5
18 8 2
18 9 9
18 10 6
18 12 6
18 15 2
19 1 7
19 6 6
19 14 1
19 17 1
20 2 2
20 4 9
20 5 9
20 7 10
20 10 1
20 12 6
20 19 7
21 0 5
21 2 9
21 5 6
21 6 3
21 7 4
21 8 7
21 13 8
21 15 5
21 20 6
22 0 9
22 1 4
22 2 4
22 8 4
22 14 9
22 15 10
22 19 1
22 20 5
23 7 10
23 11 3
23 15 10
23 19 1
23 20 2
23 22 4
24 4 1
24 10 2
24 13 2
24 14 4
24 16 7
24 17 3
24 20 1
25 2 5
25 4 5
25 12 1
25 13 10
25 18 5
25 19 7
25 24 3
26 6 8
26 8 9
26 10 9
26 11 7
26 12 1
26 16 3
26 23 10
26 24 2
27 1 8
27 10 2
27 13 10
27 20 4
27 23 10
27 26 7
28 1 1
28 2 10
28 3 10
28 5 9
28 6 2
28 8 5
28 11 9
28 16 9
28 20 5
28 23 3
28 24 10
29 0 8
29 2 8
29 14 3
29 16 2
29 21 5
29 28 4
30 1 2
30 4 6
30 5 1
30 7 5
30 8 3
30 12 8
30 15 3
30 17 2
30 18 7
30 22 9
30 25 4
30 27 1
31 0 2
31 2 4
31 7 6
31 8 8
31 10 3
31 12 4
31 14 6
31 19 10
31 20 5
31 21 2
31 23 4
32 0 4
32 7 4
32 8 3
32 9 6
32 13 9
32 15 10
32 21 8
32 25 9
32 26 6
33 1 4
33 3 8
33 9 10
33 16 1
33 17 1
33 20 10
33 22 8
33 23 9
33 26 6
34 5 4
34 6 6
34 7 6
34 8 7
34 11 5
34 15 6
34 19 1
34 20 9
34 29 7
34 30 9
34 31 3
34 33 2
35 0 6
35 4 5
35 5 6
35 7 10
35 10 5
35 11 8
35 12 4
35 15 4
35 30 10
35 33 1
36 1 8
36 6 4
36 7 10
36 15 9
36 16 4
36 18 8
36 19 7
36 20 10
36 23 4
36 24 2
37 0 9
37 2 3
37 5 5
37 8 5
37 11 9
37 16 2
37 19 10
37 21 8
37 25 4
37 28 8
37 32 4
38 0 8
38 4 2
38 6 7
38 7 2
38 10 6
38 11 3
38 13 1
38 14 9
38 15 3
38 16 4
38 19 8
38 20 10
38 21 5
38 24 5
38 27 5
38 31 10
38 32 6
38 33 1
38 35 2
39 1 1
39 13 9
39 24 9
39 25 8
39 27 5
39 29 4
39 32 5
39 33 8
39 34 6
39 35 1
40 0 10
40 1 6
40 3 6
40 6 3
40 7 5
40 10 4
40 11 10
40 20 7
40 21 1
40 23 3
40 26 10
40 28 5
40 30 9
40 31 4
40 33 6
40 34 8
40 36 9
41 0 7
41 2 10
41 3 8
41 9 6
41 16 1
41 23 8
41 26 6
41 27 3
41 30 7
41 36 6
41 39 10
42 3 5
42 5 9
42 6 7
42 8 2
42 15 10
42 16 5
42 17 8
42 20 4
42 22 4
42 24 8
42 26 8
42 28 10
42 29 10
42 31 3
42 32 9
42 33 5
42 34 8
42 35 4
42 39 4
43 1 9
43 2 4
43 13 8
43 15 5
43 17 8
43 18 10
43 19 7
43 24 9
43 27 8
43 30 4
43 33 10
43 37 1
44 0 4
44 3 3
44 6 5
44 9 6
44 10 8
44 15 9
44 16 10
44 22 10
44 23 5
44 24 8
44 25 5
44 28 5
44 34 1
44 35 2
44 43 5
45 1 4
45 2 8
45 3 9
45 14 4
45 22 2
45 29 8
45 33 9
45 37 2
45 38 2
45 41 9
45 43 3
45 44 3
46 1 8
46 4 10
46 6 6
46 8 9
46 10 2
46 11 1
46 12 3
46 18 3
46 23 10
46 28 3
46 32 1
46 38 8
46 39 6
46 41 8
46 42 4
46 43 6
46 44 1
47 1 7
47 3 4
47 15 7
47 21 5
47 24 2
47 27 1
47 29 8
47 31 7
47 36 6
47 40 5
48 0 4
48 2 2
48 4 8
48 5 7
48 6 4
48 12 1
48 18 2
48 24 5
48 25 5
48 30 10
48 32 2
48 34 8
48 37 1
48 38 7
48 46 9
48 47 3
49 2 7
49 5 7
49 10 3
49 12 1
49 15 2
49 18 5
49 27 7
49 35 2
49 36 7
49 41 6
49 45 2
49 46 8
49 47 8
49 48 3
