40
1 0 5
2 0 10
2 1 5
3 0 2
3 1 3
3 2 7
4 0 2
4 1 6
4 2 4
4 3 8
5 0 8
5 1 9
5 3 8
5 4 2
6 0 4
6 1 8
6 2 3
6 3 1
6 4 3
6 5 6
7 1 4
7 2 4
7 4 1
7 5 6
7 6 10
8 0 4
8 1 1
8 2 10
8 3 9
8 4 2
8 5 1
8 6 10
8 7 8
9 0 3
9 1 2
9 2 3
9 3 10
9 4 9
9 5 10
9 6 7
9 7 2
9 8 4
10 0 1
10 1 7
10 3 10
10 4 3
10 5 1
10 6 1
10 7 5
10 8 10
10 9 1
11 1 10
11 2 5
11 3 6
11 4 1
11 5 1
11 6 5
11 7 10
11 8 4
11 10 9
12 0 8
12 2 6
12 3 3
12 5 10
12 6 10
12 7 3
12 8 2
12 10 5
12 11 2
13 0 8
13 1 4
13 2 7
13 3 8
13 4 4
13 5 3
13 6 4
13 7 8
13 8 7
13 10 1
13 11 7
13 12 1
14 0 3
14 1 2
14 2 5
14 3 2
14 4 7
14 5 8
14 6 2
14 7 5
14 8 9
14 9 2
14 10 6
14 11 2
14 12 6
14 13 9
15 0 5
15 1 8
15 2 7
15 3 1
15 4 4
15 5 7
15 6 10
15 7 9
15 8 7
15 9 6
15 10 5
15 11 5
15 12 1
15 13 10
16 0 9
16 1 8
16 2 7
16 3 10
16 4 5
16 5 2
16 6 6
16 7 3
16 8 8
16 10 3
16 11 1
16 12 9
16 13 9
16 14 1
16 15 1
17 1 5
17 3 6
17 4 2
17 5 1
17 6 8
17 7 5
17 8 9
17 9 10
17 10 6
17 11 8
17 12 9
17 13 10
17 15 1
17 16 6
18 0 2
18 1 9
18 2 2
18 3 1
18 4 9
18 5 10
18 6 9
18 7 7
18 8 1
18 10 6
18 11 9
18 12 6
18 13 8
18 15 9
18 16 8
18 17 4
19 0 10
19 1 8
19 2 8
19 3 5
19 4 5
19 5 7
19 6 3
19 7 1
19 8 3
19 9 5
19 12 5
19 13 5
19 14 10
19 15 3
19 17 8
19 18 9
20 1 9
20 2 10
20 3 1
20 4 8
20 5 3
20 6 1
20 8 8
20 9 3
20 10 7
20 11 8
20 12 10
20 13 3
20 14 1
20 15 5
20 16 7
20 17 4
20 18 9
20 19 4
21 0 1
21 1 8
21 2 7
21 3 1
21 4 9
21 6 8
21 7 8
21 8 10
21 9 9
21 10 5
21 11 8
21 12 10
21 13 4
21 14 9
21 15 3
21 16 5
21 17 6
21 18 3
21 19 2
21 20 5
22 0 5
22 1 3
22 2 10
22 3 7
22 4 5
22 5 3
22 6 1
22 7 5
22 8 6
22 9 9
22 10 4
22 11 10
22 12 6
22 13 6
22 14 4
22 15 6
22 16 4
22 17 2
22 18 6
22 19 1
22 20 4
22 21 9
23 0 2
23 2 10
23 3 1
23 4 4
23 5 8
23 6 10
23 7 6
23 8 10
23 9 8
23 10 2
23 12 10
23 14 10
23 15 8
23 16 10
23 17 8
23 18 8
23 19 10
23 20 3
23 21 2
23 22 8
24 0 7
24 1 6
24 2 1
24 3 6
24 4 8
24 8 1
24 9 8
24 10 6
24 11 3
24 13 4
24 14 7
24 15 9
24 16 10
24 17 9
24 18 3
24 19 7
24 20 5
24 21 3
24 22 5
24 23 4
25 0 4
25 1 2
25 2 10
25 3 10
25 4 8
25 5 7
25 6 9
25 7 6
25 8 3
25 9 6
25 10 2
25 11 9
25 12 4
25 13 9
25 14 10
25 15 10
25 16 4
25 17 9
25 18 7
25 19 9
25 20 8
25 21 7
25 23 10
25 24 4
26 0 10
26 1 1
26 2 1
26 3 9
26 4 10
26 5 10
26 6 6
26 7 2
26 8 8
26 9 1
26 10 8
26 11 1
26 12 10
26 14 9
26 15 7
26 16 8
26 17 8
26 18 10
26 19 1
26 20 10
26 21 1
26 22 8
26 23 3
26 24 10
26 25 3
27 0 10
27 1 9
27 2 4
27 3 4
27 4 5
27 5 6
27 6 9
27 7 4
27 8 7
27 9 10
27 10 1
27 11 8
27 12 5
27 13 5
27 14 5
27 15 6
27 16 1
27 17 2
27 18 7
27 19 2
27 20 5
27 21 4
27 23 7
27 24 9
27 25 6
27 26 3
28 0 4
28 1 8
28 2 10
28 3 6
28 4 3
28 6 7
28 8 4
28 9 10
28 10 1
28 11 9
28 12 7
28 13 6
28 14 5
28 15 6
28 16 7
28 17 5
28 18 4
28 19 6
28 20 5
28 21 8
28 23 9
28 24 9
28 25 5
28 26 5
28 27 6
29 1 7
29 2 7
29 3 5
29 4 1
29 5 6
29 6 2
29 9 10
29 10 3
29 11 6
29 12 4
29 14 2
29 15 5
29 16 10
29 17 10
29 18 3
29 19 2
29 20 10
29 22 1
29 23 4
29 24 3
29 25 9
29 26 2
29 27 10
29 28 8
30 0 6
30 1 1
30 2 8
30 3 7
30 4 10
30 5 10
30 6 1
30 7 3
30 8 3
30 9 9
30 11 2
30 12 9
30 13 9
30 14 4
30 15 6
30 16 8
30 17 5
30 19 10
30 20 9
30 21 7
30 23 2
30 24 9
30 25 3
30 26 7
30 27 2
30 28 9
30 29 9
31 0 8
31 3 5
31 4 5
31 5 6
31 6 7
31 7 1
31 8 1
31 9 8
31 10 4
31 11 4
31 12 4
31 13 8
31 14 7
31 15 4
31 16 2
31 17 2
31 20 7
31 21 7
31 22 4
31 23 1
31 24 6
31 25 2
31 26 7
31 27 6
31 28 4
31 29 5
31 30 6
32 0 6
32 1 7
32 2 2
32 3 2
32 4 3
32 5 1
32 6 1
32 7 5
32 8 9
32 9 1
32 10 3
32 11 10
32 12 6
32 13 5
32 14 7
32 15 8
32 16 2
32 17 4
32 18 6
32 19 5
32 20 7
32 21 9
32 22 4
32 23 2
32 24 9
32 26 8
32 27 4
32 28 7
32 29 8
32 30 9
32 31 3
33 0 1
33 1 2
33 2 5
33 4 5
33 5 8
33 6 7
33 8 9
33 9 8
33 10 10
33 11 3
33 12 7
33 14 2
33 15 7
33 16 8
33 17 2
33 19 2
33 20 2
33 21 6
33 22 1
33 23 9
33 24 9
33 25 4
33 26 2
33 27 3
33 28 2
33 29 9
33 30 5
34 0 1
34 1 2
34 2 1
34 3 9
34 5 7
34 6 4
34 7 8
34 8 1
34 9 10
34 10 8
34 11 5
34 12 3
34 13 6
34 14 6
34 15 4
34 16 4
34 17 2
34 18 2
34 19 2
34 20 1
34 21 4
34 22 9
34 23 1
34 24 3
34 25 9
34 26 9
34 27 1
34 29 1
34 30 6
34 31 1
34 33 7
35 0 4
35 1 2
35 2 3
35 3 9
35 4 4
35 5 3
35 6 10
35 7 7
35 8 4
35 9 2
35 10 8
35 11 6
35 12 4
35 13 2
35 14 8
35 15 1
35 16 6
35 18 5
35 19 8
35 20 5
35 21 1
35 23 1
35 24 10
35 25 9
35 26 9
35 27 1
35 28 4
35 29 10
35 30 8
35 31 9
35 32 6
35 33 9
36 0 1
36 1 6
36 2 9
36 3 9
36 4 10
36 6 3
36 8 7
36 9 6
36 10 3
36 11 10
36 12 6
36 14 8
36 15 2
36 16 10
36 17 4
36 18 8
36 19 4
36 20 3
36 22 2
36 23 4
36 24 10
36 25 8
36 26 5
36 27 5
36 28 5
36 29 1
36 30 7
36 31 4
36 32 2
36 33 3
36 34 1
36 35 8
37 0 8
37 1 8
37 2 3
37 3 2
37 4 8
37 5 1
37 6 3
37 7 9
37 9 4
37 11 8
37 12 1
37 13 1
37 14 5
37 16 10
37 17 10
37 18 8
37 19 3
37 20 2
37 21 9
37 22 7
37 23 9
37 24 10
37 25 5
37 26 6
37 27 6
37 28 3
37 29 7
37 30 3
37 32 4
37 35 10
38 0 10
38 1 3
38 2 4
38 3 4
38 4 8
38 5 10
38 7 4
38 8 4
38 10 8
38 11 9
38 12 4
38 13 8
38 14 9
38 15 7
38 16 4
38 17 10
38 18 1
38 19 8
38 20 5
38 21 7
38 22 4
38 23 10
38 24 5
38 25 8
38 26 3
38 27 5
38 28 7
38 29 6
38 30 2
38 31 8
38 32 8
38 33 9
38 34 3
38 35 4
38 36 7
38 37 5
39 0 7
39 1 9
39 2 3
39 3 5
39 4 1
39 5 3
39 6 10
39 7 6
39 8 9
39 9 6
39 10 10
39 11 4
39 12 10
39 13 4
39 14 1
39 15 1
39 16 10
39 17 7
39 19 8
39 20 2
39 21 2
39 22 3
39 23 2
39 24 3
39 25 6
39 26 10
39 27 10
39 28 2
39 29 1
39 30 6
39 31 5
39 33 4
39 34 6
39 35 8
39 36 9
39 37 3
39 38 10
