30
1 0 3
3 0 2
3 1 1
4 1 9
5 0 10
5 1 3
5 2 3
5 4 7
6 1 8
6 2 7
6 4 8
7 1 5
7 2 3
7 4 5
7 5 6
7 6 9
8 0 2
8 1 4
8 2 3
8 3 1
8 4 8
8 7 9
9 0 5
9 2 9
9 6 3
9 7 9
9 8 6
10 0 2
10 7 3
10 8 4
11 3 2
11 10 7
12 1 1
12 2 9
12 4 4
13 0 5
13 1 3
13 2 1
13 4 8
13 5 10
13 7 1
13 8 3
13 9 10
13 11 3
13 12 6
14 0 2
14 1 4
14 2 7
14 4 8
14 5 6
14 8 5
14 11 3
14 12 2
14 13 10
15 0 2
15 1 8
15 2 7
15 6 1
15 7 2
15 8 7
15 12 10
15 13 10
15 14 7
16 3 1
16 4 3
16 5 9
16 7 4
16 9 3
16 10 2
16 11 5
16 13 3
16 14 1
16 15 1
17 1 9
17 3 1
17 6 8
17 11 7
17 13 2
17 14 5
17 16 10
18 0 1
18 1 8
18 4 7
18 5 2
18 8 1
18 10 7
18 12 8
18 13 6
18 16 2
18 17 2
19 0 6
19 1 9
19 2 5
19 3 4
19 5 4
19 6 5
19 8 7
19 10 8
19 14 8
19 15 5
20 0 8
20 2 9
20 4 8
20 5 2
20 11 10
20 14 5
20 15 3
20 16 9
21 0 2
21 2 7
21 3 10
21 4 3
21 6 10
21 7 8
21 8 10
21 9 5
21 11 6
21 15 5
21 16 2
21 19 6
21 20 9
22 3 5
22 4 3
22 8 8
22 12 3
22 15 2
22 16 2
22 17 9
22 19 8
23 2 6
23 4 6
23 5 3
23 9 6
23 15 7
23 16 6
23 17 7
23 20 1
23 21 9
24 0 3
24 3 1
24 7 9
24 9 8
24 10 2
24 12 8
24 14 2
24 17 4
24 18 5
24 19 8
24 22 7
24 23 7
25 4 2
25 5 6
25 6 10
25 7 9
25 9 9
25 10 8
25 11 5
25 13 9
25 15 7
25 20 7
25 21 3
25 22 6
25 23 1
25 24 4
26 0 9
26 1 3
26 2 10
26 4 9
26 5 2
26 10 3
26 13 7
26 14 6
26 17 4
26 18 8
26 20 9
26 22 1
26 23 5
26 24 6
26 25 1
27 1 2
27 3 5
27 4 3
27 5 2
27 6 7
27 9 2
27 12 10
27 13 3
27 14 10
27 15 8
27 17 10
27 21 8
27 23 9
27 25 6
27 26 5
28 6 8
28 9 9
28 10 1
28 13 1
28 15 9
28 17 9
28 20 2
28 21 5
28 22 7
28 25 4
28 26 9
28 27 1
29 0 10
29 4 6
29 5 8
29 10 8
29 12 3
29 13 10
29 16 5
29 25 7
29 26 6
29 27 2
