30
1 0 6
2 0 6
2 1 1
3 0 4
3 1 9
3 2 4
4 0 6
4 1 4
4 2 7
4 3 9
5 0 7
5 1 3
5 2 6
5 3 10
5 4 7
6 0 9
6 1 4
6 2 9
6 3 8
6 4 3
6 5 9
7 0 5
7 1 5
7 2 7
7 3 4
7 4 8
7 5 8
7 6 5
8 0 7
8 1 1
8 2 2
8 3 8
8 4 6
8 5 10
8 6 2
8 7 10
9 0 9
9 1 1
9 2 3
9 3 1
9 4 3
9 5 3
9 6 1
9 7 3
9 8 2
10 0 6
10 1 2
10 2 3
10 3 4
10 4 9
10 5 5
10 6 10
10 7 4
10 8 4
10 9 4
11 0 7
11 1 10
11 2 5
11 3 7
11 4 8
11 5 9
11 6 7
11 7 4
11 8 1
11 9 2
11 10 1
12 0 2
12 1 10
12 2 1
12 3 4
12 4 8
12 5 5
12 6 1
12 7 1
12 8 5
12 9 3
12 10 10
12 11 1
13 0 1
13 1 10
13 2 3
13 3 9
13 4 7
13 5 8
13 6 10
13 7 2
13 8 8
13 9 1
13 10 2
13 11 4
13 12 10
14 0 2
14 1 3
14 2 8
14 3 1
14 4 2
14 5 5
14 6 10
14 7 9
14 8 1
14 9 2
14 10 9
14 11 1
14 12 2
14 13 1
15 0 2
15 1 9
15 2 6
15 3 6
15 4 7
15 5 6
15 6 10
15 7 2
15 8 4
15 9 3
15 10 2
15 11 9
15 12 10
15 13 10
15 14 6
16 0 10
16 1 3
16 2 8
16 3 1
16 4 9
16 5 3
16 6 1
16 7 10
16 8 9
16 9 4
16 10 2
16 11 9
16 12 9
16 13 7
16 14 3
16 15 1
17 0 2
17 1 6
17 2 10
17 3 4
17 4 4
17 5 2
17 6 9
17 7 2
17 8 6
17 9 6
17 10 2
17 11 5
17 12 2
17 13 1
17 14 5
17 15 3
17 16 4
18 0 6
18 1 3
18 2 9
18 3 4
18 4 4
18 5 6
18 6 5
18 7 9
18 8 4
18 9 8
18 10 1
18 11 3
18 12 7
18 13 5
18 14 6
18 15 10
18 16 8
18 17 7
19 0 9
19 1 7
19 2 8
19 3 1
19 4 5
19 5 7
19 6 9
19 7 9
19 8 2
19 9 10
19 10 4
19 11 5
19 12 9
19 13 9
19 14 1
19 15 1
19 16 4
19 17 10
19 18 5
20 0 2
20 1 5
20 2 7
20 3 2
20 4 1
20 5 5
20 6 4
20 7 7
20 8 6
20 9 7
20 10 6
20 11 6
20 12 9
20 13 7
20 14 7
20 15 9
20 16 8
20 17 8
20 18 2
20 19 1
21 0 3
21 1 2
21 2 9
21 3 1
21 4 6
21 5 6
21 6 2
21 7 3
21 8 1
21 9 4
21 10 10
21 11 5
21 12 7
21 13 1
21 14 7
21 15 4
21 16 5
21 17 5
21 18 2
21 19 10
21 20 3
22 0 10
22 1 8
22 2 8
22 3 9
22 4 7
22 5 1
22 6 5
22 7 8
22 8 5
22 9 9
22 10 4
22 11 4
22 12 6
22 13 3
22 14 5
22 15 4
22 16 6
22 17 6
22 18 1
22 19 2
22 20 4
22 21 7
23 0 5
23 1 3
23 2 10
23 3 4
23 4 10
23 5 1
23 6 9
23 7 2
23 8 8
23 9 5
23 10 2
23 11 4
23 12 8
23 13 4
23 14 5
23 15 7
23 16 9
23 17 6
23 18 3
23 19 7
23 20 7
23 21 5
23 22 3
24 0 7
24 1 4
24 2 3
24 3 1
24 4 2
24 5 9
24 6 5
24 7 5
24 8 4
24 9 4
24 10 3
24 11 1
24 12 9
24 13 1
24 14 7
24 15 9
24 16 9
24 17 2
24 18 5
24 19 10
24 20 1
24 21 10
24 22 8
24 23 1
25 0 8
25 1 5
25 2 2
25 3 6
25 4 6
25 5 5
25 6 5
25 7 10
25 8 9
25 9 1
25 10 2
25 11 4
25 12 10
25 13 4
25 14 10
25 15 5
25 16 8
25 17 2
25 18 7
25 19 1
25 20 5
25 21 1
25 22 1
25 23 1
25 24 4
26 0 4
26 1 10
26 2 3
26 3 2
26 4 10
26 5 3
26 6 8
26 7 5
26 8 2
26 9 8
26 10 6
26 11 10
26 12 6
26 13 1
26 14 1
26 15 8
26 16 5
26 17 7
26 18 1
26 19 8
26 20 4
26 21 7
26 22 4
26 23 5
26 24 6
26 25 4
27 0 8
27 1 7
27 2 10
27 3 8
27 4 5
27 5 6
27 6 10
27 7 4
27 8 4
27 9 7
27 10 7
27 11 10
27 12 5
27 13 8
27 14 5
27 15 1
27 16 3
27 17 8
27 18 4
27 19 6
27 20 2
27 21 10
27 22 5
27 23 4
27 24 2
27 25 1
27 26 3
28 0 8
28 1 10
28 2 10
28 3 6
28 4 6
28 5 5
28 6 4
28 7 5
28 8 9
28 9 8
28 10 2
28 11 9
28 12 5
28 13 3
28 14 7
28 15 6
28 16 1
28 17 7
28 18 3
28 19 6
28 20 7
28 21 9
28 22 8
28 23 10
28 24 8
28 25 2
28 26 5
28 27 10
29 0 10
29 1 5
29 2 1
29 3 6
29 4 3
29 5 6
29 6 3
29 7 3
29 8 10
29 9 2
29 10 8
29 11 9
29 12 5
29 13 5
29 14 5
29 15 8
29 16 5
29 17 4
29 18 8
29 19 5
29 20 10
29 21 10
29 22 3
29 23 7
29 24 8
29 25 8
29 26 3
29 27 6
29 28 10
