60
2 1 5
3 2 8
4 0 1
4 3 7
5 1 1
5 2 7
5 3 9
6 0 8
6 4 3
7 0 3
7 2 1
7 4 9
7 5 3
8 0 9
8 2 9
8 7 7
9 4 5
9 7 5
10 0 8
10 4 7
10 5 2
10 7 3
10 8 10
11 4 7
11 5 9
11 7 3
11 10 3
12 1 1
12 5 7
12 8 8
12 9 5
13 0 6
13 1 10
13 3 8
13 4 5
13 5 2
13 7 5
13 11 8
13 12 6
14 1 1
14 2 4
14 3 10
14 4 6
14 8 5
14 10 1
15 1 3
15 2 6
15 4 10
15 7 7
15 8 2
15 9 9
15 10 8
15 11 1
15 13 6
15 14 10
16 0 2
16 1 5
16 2 3
16 3 7
16 9 7
16 10 2
16 11 3
16 12 4
16 13 1
16 15 8
17 2 10
17 4 3
17 9 6
17 10 2
17 11 4
17 15 3
17 16 9
18 0 3
18 1 6
18 5 8
18 8 7
18 9 5
18 10 10
18 11 8
18 12 7
18 15 10
18 17 1
19 0 6
19 3 10
19 4 4
19 5 7
19 6 10
19 7 3
19 9 9
19 11 4
19 12 2
19 13 9
19 16 6
19 18 7
20 0 1
20 1 6
20 2 8
20 6 6
20 11 1
20 14 4
20 17 8
21 0 8
21 4 8
21 7 6
21 9 4
21 10 10
21 14 2
21 19 3
22 0 4
22 1 6
22 7 6
22 11 9
22 12 1
22 15 4
22 18 8
22 20 7
22 21 4
23 0 2
23 1 4
23 5 7
23 6 3
23 8 9
23 10 8
23 14 6
23 18 10
24 0 9
24 2 7
24 3 4
24 8 10
24 9 8
24 15 6
24 16 2
24 20 1
24 21 7
24 23 5
25 0 7
25 1 8
25 3 6
25 5 8
25 6 9
25 8 10
25 11 5
25 15 10
25 21 1
25 22 4
25 24 2
26 0 7
26 2 5
26 4 4
26 7 5
26 9 8
26 10 1
26 13 3
26 15 8
26 18 8
26 19 4
26 20 7
26 24 1
26 25 7
27 3 1
27 5 7
27 6 6
27 7 10
27 10 6
27 11 6
27 14 4
27 15 9
27 17 2
27 21 3
27 22 4
27 23 3
27 24 10
27 26 5
28 0 3
28 4 5
28 6 8
28 8 9
28 10 4
28 17 5
28 18 1
28 21 7
28 22 5
28 23 6
28 24 3
28 26 3
28 27 6
29 0 1
29 1 4
29 2 4
29 4 2
29 5 8
29 6 9
29 8 3
29 14 10
29 16 4
29 18 8
29 20 9
29 21 6
29 22 9
29 23 2
29 25 5
29 26 7
29 27 3
30 1 9
30 4 7
30 7 7
30 8 10
30 9 5
30 13 8
30 14 7
30 17 1
30 19 5
30 20 10
30 22 4
30 23 7
30 26 9
30 27 8
31 1 1
31 3 6
31 6 9
31 7 1
31 8 1
31 9 9
31 12 1
31 13 9
31 16 5
31 18 7
31 19 5
31 22 9
31 24 1
31 27 1
31 28 3
31 29 2
31 30 9
32 4 3
32 5 9
32 6 8
32 10 7
32 12 2
32 18 3
32 19 9
32 20 8
32 25 3
32 26 8
32 28 10
32 30 7
33 9 4
33 11 2
33 12 2
33 13 7
33 14 2
33 15 1
33 17 4
33 18 9
33 19 7
33 20 3
33 22 9
33 28 6
33 29 5
33 31 2
33 32 5
34 0 2
34 1 2
34 2 1
34 3 6
34 7 8
34 12 10
34 14 2
34 15 10
34 16 3
34 18 2
34 21 3
34 24 6
34 25 5
34 26 8
34 27 4
34 28 10
34 29 6
34 32 5
35 1 2
35 3 8
35 4 3
35 6 8
35 10 9
35 11 3
35 16 2
35 20 10
35 21 2
35 22 6
35 23 9
35 25 5
35 26 5
35 30 4
35 33 7
35 34 7
36 2 8
36 3 5
36 6 1
36 8 6
36 9 7
36 10 6
36 11 2
36 12 6
36 13 1
36 16 4
36 19 6
36 20 8
36 22 4
36 24 7
36 26 3
36 27 5
36 29 2
36 30 4
36 34 6
37 0 3
37 1 6
37 2 1
37 3 1
37 4 10
37 5 7
37 7 9
37 8 1
37 9 8
37 16 10
37 17 9
37 19 6
37 22 5
37 24 4
37 25 10
37 26 2
37 27 5
37 28 10
37 29 3
37 33 6
37 34 9
38 0 1
38 2 1
38 3 7
38 6 4
38 7 1
38 8 5
38 10 6
38 11 7
38 12 5
38 13 3
38 14 4
38 16 10
38 18 6
38 19 3
38 20 10
38 23 5
38 24 10
38 26 4
38 29 8
38 31 5
38 32 6
38 33 9
38 36 8
38 37 9
39 1 6
39 2 3
39 3 8
39 5 10
39 6 1
39 7 3
39 8 5
39 9 8
39 10 10
39 11 6
39 16 8
39 17 10
39 18 9
39 19 1
39 22 10
39 23 3
39 24 8
39 27 7
39 31 1
39 34 8
39 35 2
39 38 4
40 0 8
40 2 7
40 5 10
40 10 6
40 12 2
40 17 10
40 21 8
40 22 10
40 23 5
40 24 8
40 25 1
40 27 2
40 29 2
40 30 4
40 31 8
40 32 1
40 34 2
40 35 8
40 36 4
40 37 9
40 38 4
41 1 5
41 3 2
41 8 4
41 10 7
41 12 1
41 13 8
41 15 2
41 16 2
41 17 5
41 18 5
41 19 8
41 20 5
41 21 4
41 23 4
41 25 6
41 29 5
41 31 4
41 34 6
41 35 8
41 36 10
41 40 4
42 0 2
42 1 10
42 2 3
42 4 1
42 5 7
42 7 2
42 8 10
42 9 3
42 10 6
42 14 2
42 16 2
42 17 4
42 19 5
42 20 10
42 22 5
42 25 8
42 26 5
42 30 2
42 31 8
42 33 7
42 37 9
42 38 8
42 39 9
42 40 1
43 0 10
43 2 8
43 3 7
43 5 9
43 7 6
43 8 5
43 10 7
43 11 2
43 13 5
43 14 5
43 15 8
43 16 10
43 19 7
43 20 1
43 21 7
43 22 6
43 24 9
43 28 3
43 30 4
43 31 4
43 34 6
43 39 4
43 40 2
44 1 3
44 4 3
44 5 9
44 7 3
44 11 4
44 14 4
44 15 8
44 18 9
44 20 1
44 24 4
44 26 9
44 33 10
44 34 5
45 1 1
45 3 10
45 4 9
45 6 3
45 8 8
45 12 7
45 13 9
45 15 7
45 17 7
45 18 6
45 26 8
45 27 8
45 28 7
45 30 3
45 32 7
45 33 9
45 34 1
45 35 4
45 37 10
45 38 3
45 39 9
45 41 2
45 43 7
45 44 6
46 0 6
46 2 7
46 3 6
46 5 7
46 6 2
46 8 6
46 9 8
46 12 2
46 13 7
46 14 6
46 18 10
46 20 6
46 21 8
46 24 5
46 26 9
46 27 1
46 29 9
46 30 8
46 32 10
46 33 6
46 34 5
46 35 4
46 37 6
46 38 4
46 41 5
46 42 6
46 45 4
47 0 8
47 1 8
47 2 2
47 3 2
47 6 9
47 7 4
47 8 8
47 10 1
47 11 3
47 15 6
47 16 5
47 17 4
47 18 6
47 19 8
47 20 1
47 23 2
47 24 4
47 26 4
47 28 2
47 29 9
47 30 4
47 31 6
47 33 7
47 34 9
47 37 3
47 40 10
47 43 2
47 44 8
47 45 10
47 46 5
48 7 1
48 8 7
48 11 6
48 14 5
48 16 7
48 17 6
48 18 4
48 19 8
48 23 1
48 26 10
48 27 5
48 31 4
48 32 2
48 34 10
48 35 8
48 37 3
48 38 2
48 42 9
48 45 3
48 46 1
48 47 9
49 1 8
49 2 7
49 4 6
49 7 7
49 10 1
49 13 3
49 15 4
49 16 5
49 17 4
49 19 1
49 22 5
49 26 4
49 27 6
49 28 3
49 29 5
49 30 8
49 36 8
49 40 1
49 42 10
49 43 5
49 44 7
49 48 5
50 0 1
50 1 1
50 2 2
50 3 1
50 4 8
50 7 5
50 9 7
50 10 1
50 15 10
50 17 5
50 22 2
50 23 3
50 25 10
50 26 3
50 28 2
50 30 4
50 31 9
50 33 2
50 35 3
50 38 6
50 39 10
50 42 3
50 43 10
50 44 9
50 45 6
50 46 2
50 49 4
51 1 4
51 2 5
51 6 9
51 7 3
51 8 10
51 9 4
51 10 5
51 13 6
51 15 6
51 16 6
51 17 10
51 18 10
51 19 10
51 20 8
51 21 5
51 24 3
51 26 2
51 27 1
51 28 9
51 29 4
51 30 9
51 33 6
51 36 2
51 37 6
51 38 2
51 39 6
51 41 7
51 45 6
51 46 7
51 47 2
52 0 6
52 1 5
52 2 2
52 5 7
52 6 6
52 7 10
52 8 2
52 9 2
52 11 7
52 12 6
52 13 6
52 16 5
52 19 10
52 21 2
52 24 3
52 25 6
52 27 3
52 28 2
52 30 6
52 31 3
52 36 9
52 37 1
52 38 7
52 39 2
52 41 6
52 42 10
52 50 7
53 1 2
53 2 4
53 3 7
53 8 6
53 14 2
53 16 4
53 23 9
53 24 7
53 25 5
53 26 6
53 27 10
53 28 3
53 29 9
53 31 5
53 33 3
53 34 4
53 36 3
53 38 8
53 40 5
53 44 1
53 45 5
53 48 7
53 50 8
53 52 8
54 0 6
54 2 8
54 3 4
54 4 10
54 5 2
54 6 3
54 7 7
54 8 7
54 9 10
54 12 10
54 15 1
54 16 3
54 20 7
54 21 7
54 23 7
54 24 5
54 26 10
54 30 2
54 31 2
54 32 10
54 33 9
54 35 3
54 41 1
54 43 10
54 44 7
54 46 5
54 48 2
54 49 2
54 51 4
55 0 7
55 1 10
55 2 1
55 3 8
55 4 10
55 5 3
55 6 9
55 7 7
55 8 1
55 12 4
55 13 10
55 16 1
55 17 7
55 18 10
55 24 7
55 25 10
55 28 4
55 30 10
55 31 2
55 33 6
55 34 10
55 35 7
55 36 9
55 37 7
55 38 4
55 41 2
55 42 8
55 43 9
55 46 3
55 50 4
55 51 9
55 54 5
56 1 10
56 2 8
56 3 4
56 4 2
56 6 1
56 9 4
56 10 8
56 11 2
56 12 7
56 13 3
56 15 3
56 19 1
56 21 7
56 22 8
56 25 3
56 27 4
56 29 7
56 32 2
56 33 3
56 34 4
56 36 8
56 37 6
56 38 1
56 39 7
56 40 5
56 44 1
56 46 3
56 47 7
56 48 9
56 49 4
56 50 1
56 52 10
57 3 5
57 5 6
57 7 3
57 8 9
57 9 6
57 10 10
57 11 4
57 12 3
57 13 9
57 18 4
57 20 9
57 21 6
57 23 2
57 25 8
57 29 10
57 32 3
57 33 9
57 37 1
57 40 6
57 41 5
57 44 10
57 47 4
57 49 5
57 50 8
57 52 6
57 55 7
58 1 9
58 2 6
58 5 3
58 6 8
58 8 1
58 13 1
58 14 4
58 19 3
58 23 7
58 26 2
58 30 8
58 32 9
58 33 6
58 34 8
58 35 3
58 38 3
58 39 10
58 41 6
58 42 6
58 44 7
58 45 4
58 48 8
58 49 4
58 51 4
58 52 6
58 53 9
58 54 7
58 57 7
59 0 1
59 1 4
59 2 7
59 8 9
59 11 7
59 13 1
59 14 7
59 15 2
59 17 6
59 19 3
59 20 9
59 21 9
59 22 7
59 26 10
59 27 5
59 28 8
59 29 4
59 31 3
59 34 1
59 35 2
59 36 1
59 37 2
59 39 7
59 40 2
59 43 1
59 48 7
59 50 9
59 54 2
59 57 9
59 58 1
