70
2 0 15
2 1 8
3 1 78
3 2 25
4 0 77
4 1 47
4 2 18
4 3 8
5 1 15
5 2 34
5 3 39
5 4 46
6 0 71
6 1 11
6 3 55
6 4 47
6 5 30
7 0 75
7 1 42
7 2 50
7 3 15
7 4 67
7 6 40
8 0 47
8 3 15
8 4 69
8 5 14
8 6 11
8 7 25
9 0 2
9 1 46
9 3 48
9 4 54
9 5 46
9 6 66
9 7 50
9 8 41
10 0 5
10 1 42
10 2 43
10 4 68
10 5 63
10 6 24
10 8 49
11 0 42
11 1 74
11 3 80
11 4 57
11 5 25
11 6 37
11 7 34
11 10 76
12 0 40
12 2 10
12 3 70
12 4 9
12 5 52
12 7 1
12 8 79
12 9 14
12 10 74
12 11 33
13 0 31
13 1 56
13 2 69
13 3 31
13 4 64
13 5 69
13 7 73
13 8 28
13 9 58
13 11 4
13 12 72
14 1 7
14 3 72
14 4 11
14 5 20
14 6 71
14 7 76
14 8 18
14 9 15
14 11 12
14 12 69
15 0 30
15 1 59
15 2 61
15 3 15
15 4 39
15 5 68
15 6 45
15 7 21
15 8 23
15 10 42
15 12 44
15 13 66
15 14 54
16 3 2
16 4 78
16 5 73
16 6 70
16 7 64
16 8 8
16 9 61
16 10 42
16 11 41
16 12 79
16 13 1
16 14 29
16 15 41
17 0 11
17 1 73
17 2 32
17 3 54
17 5 63
17 6 70
17 7 56
17 8 9
17 9 72
17 10 67
17 11 26
17 12 71
17 13 6
17 15 2
17 16 25
18 1 14
18 2 42
18 4 67
18 5 12
18 6 62
18 7 52
18 8 77
18 9 73
18 10 77
18 11 6
18 12 44
18 14 20
18 15 69
18 16 54
18 17 22
19 0 53
19 1 48
19 2 3
19 4 37
19 5 35
19 7 78
19 8 71
19 10 13
19 11 28
19 12 43
19 14 25
19 15 50
19 16 35
19 17 18
19 18 77
20 0 3
20 1 10
20 3 5
20 4 3
20 6 41
20 7 59
20 8 56
20 9 30
20 10 73
20 11 3
20 12 30
20 14 22
20 15 79
20 16 74
20 17 27
20 18 61
20 19 51
21 0 31
21 2 59
21 3 44
21 5 11
21 6 18
21 7 64
21 8 3
21 9 28
21 11 21
21 12 13
21 13 74
21 14 39
21 15 71
21 17 40
21 18 27
21 19 53
21 20 21
22 1 7
22 2 8
22 3 31
22 4 68
22 5 11
22 7 12
22 10 73
22 11 16
22 12 45
22 13 19
22 14 44
22 15 66
22 17 13
22 19 66
22 20 54
22 21 76
23 0 44
23 1 59
23 3 38
23 5 56
23 6 66
23 8 35
23 9 39
23 13 52
23 16 44
23 17 55
23 18 19
23 19 48
23 20 20
23 21 39
23 22 61
24 1 6
24 3 31
24 4 19
24 5 66
24 6 12
24 7 18
24 8 50
24 9 26
24 10 13
24 11 17
24 12 28
24 13 71
24 14 4
24 16 75
24 17 18
24 18 55
24 19 1
24 22 10
25 0 10
25 1 14
25 2 67
25 4 13
25 5 44
25 6 30
25 8 6
25 9 41
25 10 6
25 11 35
25 12 12
25 13 6
25 14 20
25 15 18
25 16 31
25 17 64
25 18 60
25 19 30
25 21 42
25 22 17
26 0 40
26 1 33
26 2 72
26 3 30
26 4 31
26 5 63
26 6 56
26 7 39
26 8 75
26 10 29
26 11 51
26 12 3
26 13 46
26 14 73
26 16 62
26 17 71
26 19 37
26 20 57
26 21 67
26 23 60
26 24 7
26 25 33
27 1 21
27 3 19
27 4 11
27 5 45
27 6 74
27 7 8
27 8 44
27 9 62
27 10 2
27 11 54
27 15 15
27 16 31
27 17 25
27 18 33
27 19 56
27 20 73
27 21 34
27 22 71
27 23 35
27 25 48
27 26 43
28 1 63
28 2 33
28 3 13
28 4 55
28 5 34
28 6 9
28 7 10
28 9 3
28 11 68
28 12 3
28 13 62
28 14 38
28 15 10
28 16 19
28 18 28
28 19 13
28 20 57
28 21 29
28 22 15
28 23 60
28 25 19
28 26 65
28 27 22
29 0 18
29 1 56
29 2 52
29 3 62
29 5 21
29 7 29
29 9 78
29 14 52
29 15 51
29 16 41
29 17 25
29 18 80
29 19 9
29 20 71
29 21 63
29 22 47
29 23 79
29 24 32
29 26 17
29 27 45
29 28 8
30 0 71
30 1 51
30 3 35
30 4 69
30 5 61
30 7 45
30 8 2
30 10 41
30 11 14
30 12 21
30 13 5
30 14 1
30 16 64
30 18 73
30 19 20
30 20 12
30 21 25
30 23 73
30 26 17
30 27 46
30 28 67
30 29 48
31 0 45
31 1 15
31 2 12
31 3 3
31 4 48
31 5 5
31 6 59
31 7 72
31 9 60
31 10 18
31 11 58
31 12 20
31 13 48
31 14 4
31 15 72
31 16 80
31 17 31
31 18 25
31 21 72
31 22 24
31 23 11
31 24 49
31 25 35
31 26 22
31 27 70
31 28 14
31 30 67
32 0 45
32 1 77
32 2 1
32 3 33
32 4 19
32 5 70
32 6 26
32 8 72
32 9 12
32 10 64
32 11 55
32 12 29
32 13 9
32 15 31
32 16 39
32 17 13
32 18 19
32 19 64
32 20 68
32 21 56
32 23 8
32 24 32
32 25 40
32 26 74
32 27 31
32 28 48
32 29 51
32 30 58
32 31 44
33 1 28
33 3 3
33 4 33
33 5 48
33 6 11
33 8 74
33 9 75
33 10 61
33 11 69
33 13 31
33 14 63
33 16 28
33 17 79
33 18 60
33 19 37
33 21 8
33 22 12
33 24 50
33 25 57
33 26 48
33 27 13
33 30 46
33 31 37
33 32 13
34 1 60
34 2 43
34 3 54
34 4 18
34 5 57
34 8 68
34 9 31
34 10 61
34 11 53
34 12 38
34 13 2
34 14 3
34 15 29
34 16 33
34 17 68
34 18 58
34 19 2
34 20 23
34 22 7
34 23 80
34 24 31
34 25 29
34 26 22
34 27 3
34 28 56
34 30 56
34 31 40
34 32 16
34 33 31
35 2 17
35 3 78
35 4 12
35 5 5
35 6 38
35 7 52
35 8 70
35 9 42
35 10 15
35 11 61
35 12 5
35 13 65
35 14 6
35 15 62
35 16 75
35 17 56
35 18 7
35 19 38
35 20 57
35 21 22
35 22 17
35 23 13
35 26 59
35 27 15
35 28 77
35 29 20
35 30 56
35 31 18
35 32 23
35 33 76
35 34 60
36 0 55
36 1 2
36 2 34
36 3 32
36 5 18
36 6 55
36 7 41
36 9 22
36 10 59
36 12 37
36 13 40
36 14 16
36 16 7
36 17 66
36 18 64
36 19 13
36 20 23
36 22 38
36 24 80
36 25 79
36 27 11
36 28 20
36 29 76
36 30 20
36 31 32
36 32 65
36 34 32
37 0 26
37 3 25
37 4 5
37 5 74
37 6 62
37 8 7
37 11 69
37 12 56
37 13 18
37 14 60
37 15 43
37 16 52
37 17 1
37 18 59
37 19 21
37 20 25
37 21 56
37 24 72
37 25 25
37 26 5
37 27 21
37 28 76
37 30 43
37 31 60
37 32 7
37 34 6
37 35 17
37 36 13
38 1 40
38 3 79
38 4 19
38 5 73
38 6 30
38 7 44
38 8 44
38 9 55
38 10 36
38 11 79
38 12 52
38 13 55
38 14 19
38 15 58
38 16 37
38 17 57
38 18 40
38 19 66
38 20 20
38 21 29
38 22 18
38 24 74
38 25 38
38 26 28
38 28 26
38 29 17
38 30 70
38 32 54
38 33 74
38 34 2
38 35 48
38 36 40
38 37 13
39 0 22
39 1 30
39 3 79
39 4 66
39 5 22
39 6 77
39 7 6
39 8 17
39 9 48
39 12 7
39 13 69
39 14 15
39 15 1
39 16 43
39 17 75
39 19 49
39 20 67
39 21 44
39 22 41
39 23 62
39 24 14
39 25 48
39 27 34
39 29 32
39 30 49
39 31 72
39 32 7
39 33 17
39 36 58
39 37 76
40 1 27
40 3 68
40 5 74
40 6 67
40 7 50
40 9 64
40 11 21
40 12 62
40 13 40
40 14 28
40 15 60
40 18 41
40 20 10
40 21 10
40 22 52
40 23 65
40 24 27
40 25 43
40 26 64
40 27 27
40 28 24
40 29 57
40 30 50
40 31 58
40 32 78
40 33 48
40 34 65
40 35 28
40 37 28
40 38 63
40 39 70
41 0 37
41 1 20
41 2 28
41 3 69
41 4 66
41 5 25
41 6 27
41 7 40
41 8 8
41 9 50
41 11 15
41 13 47
41 14 78
41 15 26
41 16 46
41 17 33
41 18 57
41 19 31
41 20 42
41 22 75
41 23 63
41 24 67
41 26 2
41 27 15
41 28 41
41 29 36
41 31 21
41 32 25
41 33 63
41 34 24
41 35 18
41 36 22
41 37 59
41 38 27
41 40 30
42 0 55
42 1 67
42 2 56
42 4 55
42 5 35
42 7 11
42 8 46
42 9 4
42 10 73
42 11 26
42 13 42
42 14 28
42 16 1
42 17 68
42 18 6
42 19 54
42 20 41
42 22 20
42 25 2
42 26 69
42 27 14
42 28 19
42 29 39
42 30 26
42 33 80
42 34 31
42 35 58
42 36 22
42 37 22
42 38 37
42 39 49
42 40 62
42 41 49
43 0 11
43 1 12
43 3 43
43 4 31
43 6 62
43 7 36
43 9 51
43 10 5
43 12 17
43 15 61
43 16 56
43 17 21
43 18 2
43 19 33
43 20 67
43 21 68
43 22 55
43 24 75
43 25 76
43 26 39
43 27 58
43 28 9
43 29 38
43 30 9
43 31 65
43 32 35
43 33 55
43 34 79
43 35 31
43 36 26
43 37 37
43 39 76
43 41 58
43 42 17
44 0 46
44 2 39
44 3 19
44 4 8
44 5 21
44 8 17
44 10 54
44 11 9
44 12 12
44 13 1
44 14 19
44 15 52
44 17 15
44 18 64
44 19 25
44 20 44
44 21 60
44 23 32
44 24 55
44 25 62
44 26 70
44 27 31
44 29 80
44 30 45
44 32 45
44 33 15
44 34 14
44 35 5
44 36 33
44 37 10
44 39 48
44 41 19
44 43 35
45 0 35
45 1 34
45 2 42
45 3 40
45 4 51
45 5 44
45 8 65
45 9 58
45 11 42
45 12 33
45 13 50
45 14 14
45 16 62
45 17 73
45 18 45
45 19 36
45 20 27
45 21 54
45 22 24
45 23 41
45 24 57
45 25 39
45 26 41
45 28 53
45 29 30
45 30 14
45 31 55
45 32 77
45 33 78
45 35 20
45 36 72
45 37 3
45 39 19
45 40 18
45 42 52
45 43 79
45 44 54
46 0 17
46 1 12
46 3 80
46 4 61
46 5 23
46 6 73
46 7 34
46 8 36
46 10 71
46 11 49
46 12 18
46 14 14
46 15 63
46 16 20
46 17 56
46 18 74
46 19 5
46 20 16
46 22 78
46 23 66
46 24 55
46 25 19
46 26 59
46 27 51
46 28 10
46 29 53
46 30 21
46 31 4
46 34 43
46 35 48
46 36 28
46 37 22
46 38 21
46 39 56
46 40 34
46 41 55
46 44 4
46 45 69
47 0 35
47 2 70
47 3 65
47 4 80
47 5 64
47 6 79
47 7 80
47 8 67
47 9 47
47 10 52
47 12 70
47 13 80
47 14 55
47 16 21
47 17 25
47 18 51
47 20 49
47 21 33
47 22 33
47 23 56
47 24 71
47 25 59
47 26 57
47 27 45
47 28 75
47 29 24
47 31 34
47 32 76
47 33 10
47 34 1
47 35 77
47 36 68
47 37 39
47 38 63
47 41 25
47 42 34
47 44 16
47 45 20
47 46 69
48 0 80
48 3 33
48 5 20
48 6 2
48 7 2
48 8 36
48 9 38
48 10 58
48 11 19
48 12 30
48 14 37
48 15 4
48 16 11
48 17 30
48 18 29
48 19 24
48 20 73
48 21 3
48 23 64
48 25 48
48 26 40
48 28 34
48 31 56
48 32 17
48 34 68
48 35 24
48 37 3
48 38 41
48 39 52
48 40 75
48 42 24
48 43 13
48 44 21
48 46 41
49 0 13
49 1 23
49 2 52
49 3 59
49 4 9
49 5 15
49 6 3
49 7 42
49 8 76
49 9 67
49 10 72
49 11 74
49 12 49
49 13 26
49 14 26
49 16 48
49 19 62
49 20 39
49 21 16
49 22 52
49 23 57
49 25 44
49 26 55
49 27 19
49 29 7
49 30 51
49 31 15
49 32 80
49 33 11
49 34 47
49 35 52
49 36 48
49 37 6
49 38 54
49 39 74
49 40 48
49 41 45
49 42 64
49 43 35
49 44 77
49 45 12
49 46 12
49 47 20
49 48 36
50 1 18
50 2 69
50 3 44
50 6 15
50 7 63
50 8 33
50 9 2
50 10 34
50 11 39
50 12 76
50 14 61
50 16 61
50 17 32
50 18 11
50 19 79
50 20 37
50 22 6
50 23 70
50 24 34
50 25 43
50 26 25
50 27 65
50 28 39
50 30 14
50 31 73
50 32 79
50 33 40
50 34 45
50 36 42
50 38 12
50 39 70
50 40 61
50 41 12
50 42 41
50 43 20
50 44 55
50 46 72
50 47 37
50 49 72
51 0 5
51 1 10
51 2 64
51 3 57
51 4 72
51 5 58
51 6 16
51 8 40
51 9 76
51 10 9
51 11 43
51 12 27
51 13 43
51 15 47
51 16 46
51 18 67
51 19 40
51 20 19
51 21 14
51 22 6
51 23 54
51 24 43
51 25 50
51 27 39
51 28 77
51 29 67
51 30 15
51 31 37
51 32 41
51 33 9
51 34 38
51 35 73
51 37 67
51 40 46
51 42 55
51 43 43
51 44 22
51 45 45
51 46 55
51 47 76
51 48 22
51 49 50
51 50 36
52 1 33
52 2 26
52 3 59
52 4 69
52 5 23
52 6 32
52 7 32
52 12 8
52 13 37
52 14 52
52 15 35
52 16 56
52 17 70
52 18 75
52 19 29
52 21 39
52 22 21
52 23 78
52 24 48
52 25 17
52 26 73
52 27 53
52 30 61
52 31 29
52 32 11
52 33 79
52 34 18
52 35 6
52 36 4
52 38 43
52 39 31
52 40 25
52 42 35
52 43 13
52 45 39
52 46 71
52 48 32
52 49 46
52 50 23
53 0 43
53 1 7
53 5 76
53 6 57
53 7 28
53 8 79
53 9 65
53 10 73
53 13 12
53 14 52
53 15 32
53 16 61
53 17 24
53 18 55
53 19 69
53 20 8
53 21 11
53 22 73
53 23 41
53 26 1
53 28 21
53 30 25
53 31 19
53 33 56
53 35 27
53 37 29
53 38 74
53 39 63
53 41 16
53 42 22
53 43 32
53 44 46
53 45 20
53 46 48
53 48 35
53 52 29
54 0 2
54 1 18
54 2 8
54 3 16
54 4 10
54 5 38
54 6 61
54 7 29
54 9 77
54 10 55
54 11 75
54 12 30
54 13 56
54 14 49
54 15 16
54 16 68
54 18 39
54 19 10
54 20 16
54 21 46
54 22 17
54 23 8
54 25 77
54 26 49
54 27 72
54 28 14
54 29 55
54 30 14
54 31 47
54 32 67
54 33 31
54 34 72
54 35 9
54 36 50
54 37 76
54 38 37
54 39 11
54 40 30
54 41 8
54 42 80
54 43 16
54 44 7
54 45 56
54 46 14
54 47 24
54 49 52
54 50 2
54 52 69
54 53 55
55 0 24
55 1 18
55 2 57
55 3 37
55 5 38
55 6 29
55 7 38
55 8 39
55 9 65
55 10 26
55 11 49
55 12 12
55 13 3
55 14 22
55 15 54
55 16 22
55 17 56
55 19 63
55 21 39
55 22 79
55 24 3
55 25 22
55 26 62
55 28 5
55 29 75
55 30 47
55 31 62
55 33 78
55 35 16
55 36 8
55 37 67
55 38 56
55 39 5
55 40 65
55 42 77
55 45 74
55 46 58
55 47 15
55 48 59
55 50 26
55 51 65
55 52 31
55 53 46
55 54 15
56 2 1
56 4 10
56 7 20
56 8 24
56 10 67
56 11 22
56 13 29
56 14 18
56 15 74
56 16 14
56 17 36
56 18 1
56 19 27
56 20 67
56 21 33
56 23 24
56 25 59
56 26 33
56 27 35
56 28 41
56 29 61
56 30 19
56 31 38
56 32 9
56 33 71
56 34 6
56 36 37
56 37 64
56 38 67
56 39 9
56 40 5
56 42 56
56 43 34
56 44 46
56 46 71
56 47 24
56 50 18
56 52 20
56 53 27
56 54 62
57 0 57
57 1 76
57 3 8
57 4 23
57 6 50
57 7 8
57 9 60
57 10 48
57 11 15
57 12 54
57 13 49
57 14 27
57 15 19
57 16 16
57 17 2
57 18 66
57 19 42
57 21 14
57 23 16
57 24 7
57 27 15
57 28 35
57 30 76
57 31 11
57 32 58
57 33 27
57 34 56
57 35 12
57 36 34
57 37 24
57 38 46
57 39 31
57 41 8
57 42 22
57 43 42
57 44 47
57 45 23
57 46 40
57 47 39
57 48 71
57 50 33
57 51 58
57 52 25
57 53 9
57 54 34
57 55 22
57 56 15
58 0 59
58 1 57
58 2 63
58 3 80
58 4 14
58 5 10
58 7 64
58 9 25
58 10 47
58 11 38
58 12 20
58 13 18
58 15 73
58 16 19
58 17 6
58 18 24
58 19 46
58 21 56
58 23 48
58 25 80
58 26 55
58 27 65
58 28 21
58 29 1
58 32 11
58 33 19
58 35 40
58 36 32
58 37 19
58 39 34
58 40 55
58 41 1
58 42 11
58 44 56
58 46 13
58 47 50
58 48 37
58 49 58
58 51 27
58 52 70
58 53 20
58 54 4
58 55 44
58 56 61
58 57 69
59 0 40
59 1 54
59 5 1
59 6 8
59 7 8
59 8 76
59 9 40
59 10 10
59 12 79
59 13 48
59 14 41
59 16 59
59 17 59
59 19 64
59 20 56
59 21 58
59 23 16
59 24 73
59 26 49
59 28 2
59 29 18
59 30 24
59 31 23
59 32 38
59 34 26
59 35 26
59 36 23
59 37 56
59 38 13
59 39 50
59 40 32
59 42 15
59 43 17
59 44 1
59 45 70
59 46 10
59 48 74
59 49 29
59 50 64
59 51 57
59 52 54
59 53 50
59 54 41
59 55 29
59 56 43
59 57 14
59 58 57
60 1 71
60 2 66
60 3 69
60 4 23
60 5 66
60 6 50
60 8 13
60 10 38
60 11 33
60 12 63
60 13 2
60 14 58
60 15 28
60 16 30
60 18 61
60 19 49
60 20 50
60 21 3
60 22 50
60 24 35
60 25 55
60 26 5
60 27 65
60 28 13
60 29 4
60 31 24
60 32 48
60 33 42
60 34 34
60 35 36
60 37 60
60 38 60
60 39 79
60 41 60
60 42 1
60 43 24
60 44 22
60 45 15
60 46 15
60 47 41
60 49 76
60 50 6
60 51 31
60 52 33
60 53 79
60 54 51
60 55 32
60 56 2
60 57 8
60 58 38
60 59 15
61 2 41
61 3 13
61 4 22
61 6 39
61 7 9
61 8 79
61 9 36
61 11 62
61 13 52
61 14 49
61 15 49
61 16 16
61 17 80
61 18 49
61 19 62
61 20 8
61 21 70
61 22 69
61 23 51
61 24 12
61 25 45
61 26 40
61 27 57
61 28 15
61 29 76
61 32 42
61 33 24
61 34 36
61 35 40
61 36 73
61 37 19
61 38 27
61 40 34
61 41 46
61 43 1
61 44 18
61 45 58
61 46 25
61 48 46
61 49 24
61 50 34
61 51 5
61 52 62
61 53 53
61 54 59
61 56 68
61 57 45
61 58 5
61 59 12
61 60 34
62 0 74
62 1 75
62 2 26
62 3 15
62 4 77
62 5 33
62 6 27
62 7 1
62 8 67
62 10 25
62 12 6
62 13 35
62 14 46
62 15 66
62 16 55
62 17 48
62 19 8
62 22 62
62 23 19
62 24 80
62 25 53
62 26 37
62 27 56
62 28 50
62 29 9
62 31 19
62 32 26
62 33 51
62 34 16
62 35 47
62 36 77
62 37 25
62 38 65
62 39 78
62 40 12
62 42 43
62 43 45
62 48 14
62 49 1
62 50 27
62 54 1
62 55 34
62 56 40
62 57 6
62 58 33
62 59 25
62 60 29
62 61 67
63 0 60
63 1 38
63 3 52
63 4 19
63 7 58
63 8 13
63 9 63
63 10 32
63 11 47
63 13 14
63 15 51
63 16 70
63 17 36
63 18 79
63 19 71
63 20 32
63 21 69
63 22 45
63 24 1
63 25 47
63 27 70
63 30 76
63 31 77
63 32 27
63 33 29
63 34 60
63 35 19
63 38 38
63 39 25
63 40 20
63 41 17
63 42 32
63 43 69
63 44 41
63 45 48
63 46 1
63 47 25
63 48 75
63 49 69
63 50 26
63 51 47
63 52 64
63 53 36
63 54 31
63 55 52
63 57 50
63 58 11
63 59 10
63 60 4
63 61 41
64 0 9
64 2 67
64 3 80
64 5 26
64 6 65
64 7 10
64 8 29
64 9 51
64 10 51
64 11 77
64 12 51
64 13 16
64 14 5
64 15 25
64 16 21
64 17 70
64 18 69
64 19 61
64 20 64
64 21 13
64 22 60
64 23 36
64 24 2
64 25 16
64 26 9
64 27 57
64 29 50
64 30 36
64 31 78
64 32 8
64 34 52
64 35 72
64 37 27
64 38 30
64 39 31
64 41 65
64 42 11
64 43 49
64 44 17
64 48 72
64 49 67
64 50 16
64 51 78
64 52 54
64 53 52
64 55 40
64 56 20
64 57 43
64 60 66
64 61 1
64 62 77
64 63 21
65 1 15
65 2 38
65 4 67
65 5 70
65 6 11
65 7 55
65 8 7
65 9 26
65 11 66
65 12 60
65 14 59
65 15 9
65 16 10
65 17 72
65 18 17
65 19 66
65 20 46
65 21 65
65 22 78
65 23 58
65 24 63
65 25 51
65 26 19
65 29 79
65 30 33
65 31 57
65 33 56
65 34 41
65 35 10
65 36 6
65 37 23
65 38 75
65 39 52
65 40 43
65 41 27
65 42 15
65 43 74
65 44 59
65 45 68
65 46 11
65 47 68
65 48 75
65 49 74
65 51 78
65 52 21
65 53 3
65 54 66
65 55 36
65 56 74
65 58 7
65 59 34
65 60 62
65 61 48
65 63 53
66 0 10
66 1 6
66 2 16
66 3 53
66 4 29
66 5 73
66 6 24
66 7 37
66 8 73
66 9 44
66 10 15
66 11 32
66 12 67
66 13 75
66 14 50
66 15 62
66 17 65
66 18 1
66 19 35
66 20 3
66 21 22
66 22 36
66 23 51
66 25 25
66 26 14
66 27 53
66 28 72
66 29 71
66 30 71
66 32 56
66 34 4
66 35 62
66 36 27
66 37 79
66 38 70
66 39 58
66 40 47
66 41 18
66 46 33
66 48 42
66 50 6
66 51 56
66 52 14
66 53 55
66 54 80
66 55 70
66 56 64
66 58 53
66 59 28
66 60 41
66 62 45
66 63 60
66 64 75
67 0 57
67 1 52
67 2 56
67 3 51
67 5 10
67 6 3
67 7 41
67 8 72
67 9 38
67 10 68
67 11 11
67 12 11
67 13 47
67 14 13
67 16 32
67 17 63
67 19 75
67 20 6
67 21 71
67 22 1
67 23 32
67 24 79
67 27 16
67 28 48
67 30 14
67 31 29
67 32 33
67 33 22
67 34 53
67 35 18
67 36 66
67 37 7
67 38 64
67 39 52
67 40 73
67 41 39
67 42 77
67 43 63
67 44 51
67 45 60
67 46 70
67 47 2
67 48 30
67 49 25
67 51 15
67 52 18
67 54 35
67 55 38
67 56 25
67 57 59
67 58 28
67 59 43
67 61 15
67 62 57
67 64 78
67 66 4
68 0 38
68 1 76
68 2 42
68 3 19
68 4 79
68 5 17
68 6 56
68 8 40
68 9 12
68 10 45
68 13 36
68 15 66
68 19 56
68 20 4
68 23 16
68 24 5
68 25 1
68 26 57
68 27 26
68 28 36
68 30 34
68 31 79
68 32 2
68 33 75
68 34 80
68 35 48
68 36 41
68 38 74
68 39 14
68 40 41
68 41 64
68 42 58
68 43 53
68 44 67
68 46 66
68 49 65
68 50 19
68 51 70
68 52 13
68 53 54
68 54 31
68 55 34
68 56 10
68 57 57
68 58 12
68 59 77
68 60 2
68 61 31
68 62 53
68 63 11
68 64 32
68 65 31
68 66 79
68 67 18
69 0 73
69 1 33
69 2 36
69 3 61
69 4 15
69 5 6
69 7 59
69 9 39
69 10 2
69 11 18
69 12 61
69 14 33
69 16 67
69 17 58
69 19 27
69 20 65
69 21 27
69 22 11
69 24 42
69 26 5
69 27 70
69 28 37
69 31 73
69 33 66
69 34 65
69 35 14
69 36 22
69 37 33
69 38 56
69 40 7
69 41 54
69 43 52
69 44 40
69 45 3
69 46 1
69 47 46
69 49 51
69 50 57
69 51 34
69 52 63
69 53 68
69 54 63
69 56 68
69 57 43
69 58 68
69 59 33
69 60 25
69 61 50
69 62 13
69 63 67
69 64 3
69 65 66
69 66 55
69 67 80
