30
1 0 4
2 0 8
3 0 14
3 2 7
4 2 18
5 3 7
5 4 2
6 0 10
6 4 20
7 2 12
7 5 20
7 6 10
8 2 10
8 5 10
8 6 18
10 0 19
10 1 1
10 4 11
10 9 17
11 6 17
11 7 8
11 10 7
12 0 6
12 3 13
12 8 2
12 9 10
12 11 19
13 0 5
13 1 19
13 2 7
13 6 7
13 7 10
13 10 19
14 2 3
14 6 11
14 13 12
15 1 4
15 2 5
15 12 5
16 6 11
16 10 16
16 15 8
17 8 14
17 11 9
17 12 11
17 13 2
18 1 4
18 2 7
18 6 2
18 9 19
18 11 20
18 13 10
18 14 20
18 17 5
19 4 18
19 7 19
19 14 5
20 2 7
20 9 6
20 18 1
21 0 15
21 6 3
21 9 15
22 0 15
22 5 17
22 6 20
22 8 16
22 10 8
22 11 3
22 13 16
22 14 1
22 18 20
22 20 19
23 0 1
23 2 14
23 4 10
23 13 4
23 19 14
24 1 20
24 5 12
24 12 1
24 15 20
24 16 13
24 17 4
24 18 8
25 1 1
25 3 14
25 6 5
25 7 6
25 23 15
26 0 3
26 1 20
26 2 1
26 7 6
26 8 1
26 9 11
26 11 17
26 14 16
26 17 20
26 18 7
26 20 3
26 21 11
26 25 16
27 1 4
27 3 5
27 4 7
27 13 19
27 14 3
27 19 3
27 21 8
27 23 19
28 0 12
28 6 18
28 7 12
28 13 11
28 16 16
28 21 9
28 22 20
28 24 6
29 1 8
29 12 6
29 16 14
29 17 18
29 19 20
29 20 12
29 22 10
29 25 17
