20
1 0 33
2 0 13
3 0 60
3 1 15
3 2 25
4 0 18
4 1 63
4 2 27
4 3 60
5 2 44
5 3 19
5 4 39
6 0 42
6 1 30
6 2 35
6 3 77
6 5 78
7 0 51
7 1 57
7 3 50
7 5 5
7 6 36
8 0 64
8 1 17
8 2 5
8 4 29
8 5 75
8 7 50
9 0 12
9 1 41
9 2 61
9 3 64
9 6 35
9 7 41
9 8 32
10 0 56
10 1 38
10 2 3
10 3 12
10 5 39
10 6 56
10 7 49
10 9 14
11 0 49
11 1 56
11 2 68
11 5 57
11 6 1
11 7 9
11 8 25
11 9 4
11 10 46
12 0 62
12 1 70
12 2 25
12 5 80
12 6 46
12 8 26
12 10 34
12 11 31
13 0 48
13 1 46
13 2 51
13 3 2
13 4 54
13 9 55
13 10 29
13 12 63
14 0 1
14 1 80
14 4 32
14 5 67
14 6 55
14 7 62
14 8 33
14 9 63
14 10 51
14 11 52
14 12 13
14 13 6
15 1 42
15 2 38
15 3 15
15 4 69
15 5 76
15 6 35
15 7 51
15 8 63
15 9 52
15 14 5
16 0 26
16 2 38
16 3 32
16 4 75
16 5 4
16 6 73
16 7 45
16 8 70
16 11 60
16 12 68
16 13 73
16 14 34
16 15 58
17 0 61
17 1 59
17 2 30
17 4 58
17 5 29
17 8 48
17 9 37
17 10 56
17 13 39
17 15 54
17 16 51
18 0 59
18 1 23
18 3 5
18 4 45
18 5 79
18 6 2
18 7 42
18 8 4
18 10 41
18 11 55
18 15 7
18 16 10
19 0 6
19 1 26
19 3 17
19 4 46
19 5 49
19 6 2
19 7 14
19 8 11
19 10 49
19 12 16
19 14 51
19 15 28
19 16 61
19 18 56
