70
1 0 77
2 0 30
2 1 80
3 0 20
3 1 40
3 2 30
4 0 54
4 1 71
4 2 60
4 3 78
5 0 47
5 1 46
5 2 79
5 3 75
5 4 9
6 1 66
6 2 63
6 3 80
6 4 53
6 5 56
7 2 56
7 3 4
7 4 8
7 5 5
7 6 8
8 0 2
8 1 63
8 2 67
8 3 20
8 4 26
8 5 36
8 6 40
8 7 19
9 0 36
9 1 13
9 2 61
9 4 2
9 5 61
9 6 42
9 7 1
9 8 63
10 0 44
10 1 11
10 2 1
10 5 21
10 6 10
10 7 54
10 8 29
10 9 10
11 1 40
11 2 51
11 4 7
11 5 14
11 6 25
11 7 53
11 8 48
11 10 21
12 0 56
12 2 1
12 4 20
12 5 18
12 6 14
12 7 74
12 9 19
12 10 12
12 11 28
13 0 9
13 1 66
13 2 43
13 3 63
13 5 71
13 6 46
13 7 48
13 8 2
13 9 62
13 10 13
13 11 3
13 12 32
14 0 73
14 1 79
14 2 78
14 3 68
14 4 29
14 8 64
14 9 30
14 13 24
15 0 73
15 1 61
15 2 40
15 4 1
15 5 78
15 6 17
15 7 77
15 8 63
15 10 7
15 12 60
15 13 57
15 14 6
16 0 4
16 1 62
16 2 56
16 3 44
16 4 36
16 5 79
16 6 47
16 7 48
16 10 11
16 11 73
16 13 78
16 14 4
16 15 67
17 0 14
17 1 57
17 2 12
17 3 43
17 5 42
17 6 25
17 7 20
17 8 9
17 9 71
17 10 41
17 11 58
17 13 69
17 14 74
17 15 69
17 16 56
18 0 35
18 1 32
18 2 76
18 3 68
18 4 66
18 5 25
18 7 27
18 8 68
18 10 16
18 12 40
18 13 3
18 14 44
18 15 73
18 16 39
18 17 52
19 0 26
19 1 34
19 3 31
19 5 52
19 6 10
19 8 33
19 10 30
19 11 1
19 12 78
19 13 30
19 14 66
19 15 41
19 16 16
19 17 73
20 0 63
20 1 37
20 2 9
20 3 66
20 4 41
20 5 30
20 6 77
20 7 10
20 8 6
20 9 12
20 11 33
20 14 14
20 15 67
20 19 1
21 1 10
21 4 77
21 5 60
21 6 56
21 7 72
21 10 16
21 11 38
21 12 49
21 13 40
21 15 39
21 17 75
21 18 12
21 19 27
22 1 70
22 2 30
22 3 43
22 4 44
22 5 63
22 6 31
22 8 76
22 11 76
22 12 53
22 14 77
22 15 69
22 16 27
22 17 56
22 18 46
22 19 64
22 20 66
22 21 70
23 0 21
23 1 18
23 4 44
23 6 23
23 7 58
23 8 36
23 10 52
23 13 77
23 14 72
23 15 69
23 17 71
23 18 12
23 19 2
23 20 64
23 21 39
23 22 39
24 0 37
24 1 49
24 2 21
24 3 42
24 4 2
24 5 13
24 6 53
24 7 5
24 8 57
24 9 10
24 10 78
24 11 17
24 12 47
24 13 47
24 14 5
24 15 5
24 17 40
24 18 78
24 19 10
24 21 30
24 22 77
24 23 55
25 0 15
25 1 37
25 2 41
25 3 59
25 5 36
25 6 55
25 8 79
25 9 38
25 11 64
25 13 12
25 15 74
25 17 71
25 18 75
25 19 32
25 20 69
25 21 50
25 22 36
25 23 40
25 24 56
26 0 51
26 2 50
26 3 14
26 4 48
26 7 17
26 8 53
26 9 75
26 10 32
26 11 79
26 12 2
26 13 73
26 14 42
26 16 5
26 17 55
26 18 33
26 21 23
26 22 25
26 24 47
26 25 36
27 0 24
27 2 2
27 3 62
27 4 70
27 5 21
27 6 8
27 7 51
27 8 71
27 9 76
27 10 21
27 12 65
27 13 11
27 16 37
27 17 33
27 18 20
27 19 61
27 20 25
27 21 33
27 22 19
27 24 8
27 25 67
27 26 52
28 0 51
28 1 2
28 2 41
28 3 72
28 4 5
28 5 57
28 7 45
28 8 27
28 9 78
28 10 66
28 11 5
28 12 41
28 13 30
28 14 71
28 15 51
28 16 54
28 17 62
28 19 31
28 20 79
28 21 55
28 22 1
28 23 26
28 25 57
28 26 16
28 27 69
29 0 78
29 1 40
29 2 79
29 3 61
29 4 80
29 6 5
29 7 69
29 8 67
29 9 4
29 10 54
29 12 8
29 13 78
29 14 13
29 16 42
29 17 75
29 18 45
29 19 6
29 21 1
29 24 73
29 25 21
29 26 72
29 28 50
30 0 65
30 1 77
30 2 23
30 3 35
30 4 9
30 5 55
30 6 32
30 7 12
30 8 42
30 9 52
30 10 42
30 11 11
30 12 78
30 13 72
30 14 53
30 15 34
30 17 33
30 19 73
30 20 3
30 21 51
30 22 73
30 24 51
30 26 1
30 27 3
30 28 2
30 29 37
31 0 25
31 1 64
31 2 65
31 4 3
31 6 36
31 7 7
31 8 22
31 9 44
31 11 58
31 12 20
31 13 35
31 14 61
31 15 22
31 16 5
31 17 24
31 18 11
31 20 2
31 21 64
31 22 13
31 23 58
31 25 7
31 26 62
31 27 63
31 28 70
31 30 24
32 0 48
32 2 50
32 3 4
32 5 77
32 6 79
32 10 27
32 11 75
32 13 63
32 14 60
32 15 53
32 16 47
32 17 34
32 18 14
32 20 19
32 21 37
32 22 46
32 23 76
32 25 9
32 26 72
32 27 15
32 28 3
32 29 35
32 31 37
33 0 14
33 1 68
33 2 74
33 3 4
33 4 66
33 5 51
33 6 20
33 7 72
33 8 4
33 9 18
33 10 23
33 12 63
33 14 16
33 16 16
33 17 55
33 18 20
33 19 46
33 20 54
33 22 61
33 23 1
33 24 21
33 25 26
33 26 67
33 27 60
33 28 15
33 31 60
33 32 54
34 0 34
34 1 23
34 2 29
34 3 14
34 4 31
34 5 70
34 6 35
34 7 69
34 8 22
34 9 77
34 12 10
34 13 13
34 14 77
34 15 27
34 17 39
34 18 41
34 19 51
34 20 69
34 21 50
34 22 58
34 23 71
34 25 57
34 27 31
34 28 53
34 29 68
34 30 47
34 31 60
34 33 25
35 1 29
35 2 53
35 5 71
35 6 69
35 7 18
35 8 51
35 9 73
35 10 44
35 12 49
35 13 48
35 15 42
35 16 36
35 17 19
35 19 10
35 20 67
35 23 11
35 24 45
35 25 54
35 27 74
35 28 38
35 29 63
35 30 23
35 32 23
35 33 49
35 34 24
36 0 34
36 1 23
36 2 32
36 3 80
36 4 20
36 6 6
36 7 20
36 8 9
36 9 11
36 10 4
36 11 68
36 12 66
36 13 73
36 14 8
36 16 65
36 20 18
36 21 54
36 23 67
36 24 13
36 25 24
36 27 55
36 29 51
36 30 39
36 32 11
36 34 61
36 35 39
37 0 5
37 1 8
37 4 69
37 5 28
37 9 59
37 10 42
37 11 12
37 12 38
37 15 63
37 16 63
37 17 27
37 18 48
37 19 75
37 20 79
37 21 8
37 22 32
37 23 13
37 24 6
37 25 61
37 26 76
37 27 73
37 30 51
37 31 32
37 32 2
37 33 62
37 34 29
37 35 59
38 0 31
38 1 77
38 2 57
38 4 30
38 5 61
38 6 6
38 7 33
38 8 71
38 9 45
38 10 6
38 11 26
38 12 75
38 13 51
38 14 66
38 15 52
38 16 43
38 17 64
38 18 19
38 20 79
38 21 62
38 22 10
38 24 6
38 25 40
38 27 46
38 28 63
38 30 8
38 31 54
38 32 38
38 33 75
38 34 53
38 35 26
38 37 56
39 0 24
39 1 17
39 3 27
39 4 72
39 5 7
39 6 50
39 7 26
39 8 63
39 9 5
39 10 38
39 11 60
39 12 50
39 13 34
39 14 54
39 15 55
39 16 47
39 17 61
39 18 4
39 19 50
39 20 42
39 21 26
39 22 61
39 23 34
39 24 21
39 25 21
39 26 54
39 27 52
39 28 28
39 29 38
39 30 63
39 32 76
39 33 66
39 34 16
39 36 64
39 37 75
40 0 57
40 1 39
40 2 50
40 3 28
40 4 66
40 6 69
40 7 61
40 8 12
40 9 63
40 10 54
40 11 15
40 12 65
40 13 38
40 14 22
40 15 51
40 16 61
40 17 74
40 18 11
40 19 37
40 20 12
40 21 44
40 23 11
40 24 7
40 25 63
40 26 43
40 27 34
40 29 35
40 32 70
40 33 69
40 38 11
40 39 56
41 0 18
41 1 21
41 2 38
41 3 64
41 5 17
41 7 41
41 8 76
41 9 39
41 10 66
41 12 62
41 13 18
41 14 74
41 15 21
41 17 75
41 18 77
41 19 60
41 20 72
41 21 20
41 25 7
41 27 53
41 29 38
41 30 27
41 31 8
41 32 77
41 33 3
41 34 20
41 35 78
41 36 17
41 37 55
41 38 59
41 39 63
41 40 75
42 0 30
42 1 44
42 2 31
42 3 50
42 4 66
42 6 12
42 7 74
42 8 80
42 9 71
42 10 22
42 12 76
42 13 37
42 15 66
42 18 63
42 19 51
42 20 2
42 21 38
42 22 12
42 23 77
42 24 50
42 26 70
42 30 38
42 31 48
42 32 31
42 33 49
42 34 17
42 35 79
42 36 1
42 37 4
42 39 72
42 40 44
42 41 20
43 1 76
43 2 39
43 3 75
43 4 26
43 5 56
43 6 27
43 7 4
43 8 79
43 9 66
43 10 48
43 11 20
43 12 72
43 13 29
43 14 58
43 16 14
43 17 58
43 19 70
43 20 17
43 21 49
43 22 71
43 24 4
43 27 62
43 28 41
43 29 28
43 30 52
43 31 3
43 32 5
43 33 27
43 34 64
43 37 3
43 38 28
43 39 80
43 41 11
43 42 75
44 0 9
44 3 41
44 5 28
44 6 44
44 7 57
44 8 75
44 10 44
44 11 66
44 12 74
44 13 36
44 15 56
44 16 49
44 17 29
44 18 19
44 22 46
44 24 78
44 25 2
44 26 65
44 27 69
44 28 78
44 29 48
44 30 76
44 31 80
44 33 20
44 34 11
44 37 35
44 38 78
44 39 44
44 40 22
44 41 77
44 42 62
44 43 17
45 0 78
45 1 8
45 3 32
45 5 3
45 6 33
45 7 45
45 9 27
45 12 30
45 13 23
45 14 53
45 16 36
45 18 10
45 19 56
45 20 69
45 22 17
45 23 58
45 25 67
45 26 56
45 27 7
45 28 17
45 29 64
45 32 28
45 33 29
45 34 72
45 35 67
45 36 13
45 37 29
45 38 22
45 39 70
45 40 50
45 42 33
45 43 35
46 0 26
46 4 1
46 5 27
46 6 45
46 7 6
46 9 58
46 10 28
46 11 71
46 13 17
46 14 54
46 15 26
46 16 40
46 17 21
46 18 74
46 19 68
46 20 4
46 22 4
46 23 10
46 25 23
46 26 17
46 29 10
46 31 42
46 32 67
46 33 47
46 34 51
46 35 1
46 36 8
46 37 62
46 38 44
46 40 64
46 41 30
46 42 58
46 43 54
46 44 65
46 45 16
47 0 50
47 1 59
47 2 36
47 3 40
47 5 22
47 6 6
47 7 19
47 8 51
47 9 62
47 11 35
47 12 23
47 13 66
47 15 40
47 17 13
47 18 27
47 19 11
47 20 41
47 22 55
47 24 78
47 25 76
47 26 6
47 27 68
47 28 16
47 29 29
47 30 45
47 31 64
47 32 9
47 33 78
47 34 50
47 35 65
47 37 4
47 38 53
47 39 48
47 40 71
47 41 17
47 42 74
47 44 56
47 45 67
47 46 59
48 0 46
48 1 28
48 2 1
48 4 3
48 5 34
48 6 57
48 7 68
48 8 76
48 9 41
48 10 29
48 11 22
48 12 36
48 15 8
48 16 53
48 17 36
48 18 21
48 19 50
48 20 70
48 21 9
48 22 79
48 23 45
48 25 38
48 26 32
48 27 26
48 28 33
48 29 61
48 30 25
48 31 36
48 32 6
48 33 73
48 35 64
48 36 3
48 37 43
48 38 12
48 39 31
48 40 11
48 41 65
48 42 37
48 43 22
48 44 69
48 45 70
48 47 9
49 0 42
49 2 2
49 3 72
49 4 19
49 6 2
49 7 5
49 8 19
49 9 28
49 10 66
49 11 19
49 12 7
49 13 7
49 14 16
49 15 28
49 16 48
49 17 69
49 18 19
49 19 6
49 21 79
49 23 63
49 24 56
49 25 15
49 26 14
49 27 12
49 28 18
49 29 23
49 30 20
49 31 49
49 32 56
49 35 17
49 37 20
49 39 45
49 40 76
49 41 58
49 42 41
49 43 70
49 45 55
49 47 27
49 48 55
50 0 5
50 1 64
50 2 3
50 3 72
50 4 16
50 5 44
50 6 26
50 7 13
50 9 59
50 10 72
50 12 59
50 13 40
50 14 65
50 16 77
50 17 80
50 18 29
50 19 15
50 20 16
50 21 51
50 22 62
50 23 75
50 25 76
50 26 11
50 27 2
50 28 9
50 29 58
50 30 66
50 31 18
50 32 38
50 33 63
50 34 27
50 35 61
50 36 65
50 37 12
50 38 27
50 39 76
50 40 31
50 41 19
50 43 18
50 44 32
50 45 18
50 46 10
50 47 44
50 49 27
51 0 74
51 1 36
51 2 6
51 3 2
51 4 36
51 5 46
51 6 2
51 7 56
51 9 2
51 10 42
51 11 59
51 13 24
51 14 72
51 16 8
51 17 55
51 18 46
51 19 45
51 20 77
51 21 50
51 22 34
51 23 36
51 24 54
51 25 46
51 27 2
51 29 47
51 30 67
51 31 50
51 32 7
51 33 1
51 34 10
51 35 22
51 36 12
51 37 40
51 38 70
51 40 4
51 41 58
51 42 61
51 43 3
51 44 47
51 45 19
51 46 51
51 47 58
51 48 31
51 49 46
51 50 60
52 0 66
52 1 27
52 2 33
52 5 18
52 6 6
52 7 39
52 10 28
52 11 29
52 12 44
52 14 35
52 16 79
52 17 32
52 19 77
52 20 70
52 21 63
52 22 75
52 23 52
52 25 63
52 27 33
52 28 21
52 29 22
52 30 19
52 31 41
52 32 37
52 34 41
52 35 41
52 37 13
52 38 33
52 39 40
52 40 71
52 41 48
52 42 6
52 43 7
52 44 78
52 45 8
52 46 58
52 47 65
52 49 11
52 51 64
53 1 35
53 2 57
53 4 28
53 6 67
53 7 78
53 8 14
53 9 79
53 10 17
53 12 43
53 13 80
53 14 43
53 15 28
53 16 34
53 17 10
53 18 17
53 19 19
53 22 65
53 23 59
53 24 50
53 25 33
53 26 71
53 28 20
53 29 51
53 30 31
53 32 74
53 34 68
53 35 10
53 36 21
53 37 51
53 38 51
53 40 45
53 41 57
53 42 78
53 43 11
53 44 4
53 45 75
53 46 9
53 47 75
53 48 7
53 49 49
53 50 41
53 52 26
54 0 11
54 1 76
54 2 41
54 4 25
54 5 31
54 6 9
54 8 3
54 9 1
54 10 24
54 11 27
54 13 57
54 14 20
54 15 32
54 16 72
54 17 67
54 18 57
54 19 42
54 20 46
54 21 22
54 22 32
54 23 32
54 25 77
54 26 67
54 28 30
54 30 11
54 32 51
54 33 1
54 34 49
54 35 27
54 36 60
54 37 70
54 38 10
54 39 80
54 40 8
54 43 63
54 44 5
54 45 49
54 46 6
54 47 7
54 48 47
54 49 14
54 50 19
54 51 19
54 53 53
55 0 14
55 1 12
55 2 6
55 3 61
55 4 70
55 6 45
55 9 4
55 10 30
55 11 76
55 12 11
55 13 39
55 15 28
55 16 55
55 17 38
55 20 68
55 21 40
55 22 17
55 24 66
55 25 71
55 26 29
55 27 15
55 28 56
55 29 77
55 30 22
55 31 27
55 32 80
55 33 52
55 34 70
55 35 22
55 36 25
55 38 69
55 42 36
55 44 67
55 45 20
55 46 1
55 47 52
55 48 44
55 49 13
55 50 75
55 52 65
55 53 46
55 54 36
56 1 25
56 2 12
56 3 26
56 4 57
56 5 47
56 6 66
56 7 26
56 8 13
56 9 36
56 10 30
56 11 60
56 12 39
56 13 32
56 14 6
56 16 9
56 17 77
56 18 12
56 19 26
56 20 75
56 21 7
56 22 39
56 23 55
56 24 77
56 25 68
56 26 61
56 27 3
56 28 38
56 29 15
56 30 48
56 32 78
56 33 62
56 34 14
56 35 43
56 36 75
56 37 8
56 38 7
56 39 9
56 40 8
56 41 68
56 42 28
56 43 9
56 44 56
56 45 60
56 47 18
56 48 3
56 51 42
56 52 25
56 53 79
56 54 66
56 55 34
57 0 66
57 1 64
57 2 37
57 3 22
57 4 76
57 5 50
57 6 18
57 7 61
57 8 21
57 9 80
57 11 63
57 12 29
57 13 8
57 14 60
57 15 13
57 16 12
57 18 22
57 19 11
57 20 2
57 21 45
57 22 19
57 23 12
57 25 46
57 26 48
57 27 44
57 28 59
57 29 20
57 30 48
57 31 4
57 32 74
57 33 13
57 34 34
57 35 18
57 36 80
57 37 45
57 38 64
57 39 34
57 41 1
57 42 18
57 44 69
57 45 15
57 46 22
57 47 38
57 48 37
57 50 67
57 51 69
57 52 66
57 53 35
57 55 55
58 0 65
58 1 66
58 2 46
58 4 57
58 5 38
58 6 59
58 7 68
58 9 78
58 10 19
58 11 68
58 12 45
58 14 41
58 16 28
58 17 8
58 19 29
58 20 5
58 21 44
58 24 49
58 27 29
58 28 43
58 29 43
58 31 61
58 32 53
58 33 13
58 35 41
58 36 39
58 37 44
58 38 43
58 39 3
58 40 55
58 41 4
58 42 54
58 43 15
58 44 14
58 48 79
58 49 44
58 50 68
58 52 63
58 53 51
58 54 75
58 55 29
58 56 79
59 0 27
59 1 47
59 2 43
59 3 79
59 4 29
59 6 56
59 8 69
59 9 72
59 10 76
59 12 29
59 13 13
59 15 37
59 16 50
59 18 59
59 19 18
59 20 27
59 21 39
59 22 41
59 23 53
59 24 37
59 25 60
59 27 79
59 28 5
59 29 8
59 33 18
59 36 57
59 37 59
59 38 43
59 39 59
59 40 66
59 41 71
59 42 27
59 43 74
59 44 11
59 46 37
59 47 4
59 49 20
59 50 39
59 51 79
59 55 37
59 56 60
59 57 64
60 0 15
60 1 66
60 3 50
60 4 48
60 5 41
60 6 49
60 8 34
60 9 49
60 10 23
60 11 22
60 12 6
60 13 1
60 14 34
60 15 57
60 16 14
60 18 15
60 19 14
60 20 24
60 22 8
60 23 6
60 25 80
60 26 33
60 27 50
60 28 80
60 31 54
60 32 12
60 33 58
60 34 41
60 35 56
60 36 14
60 37 33
60 39 12
60 41 29
60 42 67
60 43 56
60 44 42
60 45 32
60 46 64
60 47 77
60 48 38
60 49 50
60 50 77
60 51 74
60 52 69
60 53 3
60 54 54
60 55 70
60 56 54
60 57 2
60 59 5
61 0 54
61 1 10
61 3 73
61 4 49
61 5 31
61 6 46
61 7 43
61 9 14
61 10 55
61 11 41
61 12 12
61 13 23
61 15 13
61 16 38
61 17 60
61 18 8
61 19 6
61 21 49
61 22 62
61 23 14
61 24 24
61 25 71
61 27 75
61 28 16
61 30 67
61 31 35
61 32 42
61 33 53
61 34 3
61 35 53
61 36 64
61 39 13
61 40 15
61 42 8
61 43 53
61 45 56
61 47 41
61 48 51
61 49 72
61 50 66
61 51 47
61 52 9
61 53 70
61 54 2
61 56 9
61 57 31
61 58 44
62 0 47
62 1 71
62 2 37
62 3 22
62 4 12
62 5 40
62 6 51
62 8 45
62 9 59
62 10 4
62 11 49
62 12 63
62 13 28
62 14 21
62 15 3
62 16 16
62 17 32
62 19 9
62 20 23
62 21 48
62 23 29
62 24 26
62 25 15
62 26 45
62 27 75
62 28 62
62 29 15
62 30 47
62 31 26
62 33 47
62 35 39
62 36 18
62 37 17
62 38 48
62 39 67
62 40 17
62 41 22
62 42 52
62 43 61
62 44 48
62 45 9
62 46 71
62 47 5
62 48 46
62 49 22
62 51 26
62 52 59
62 53 61
62 54 68
62 57 37
62 61 26
63 0 19
63 1 7
63 2 63
63 4 70
63 5 77
63 6 58
63 7 31
63 9 56
63 10 71
63 11 45
63 12 14
63 13 17
63 15 18
63 16 80
63 17 31
63 18 43
63 20 57
63 21 12
63 22 47
63 23 73
63 24 67
63 25 34
63 27 77
63 28 40
63 30 38
63 34 26
63 35 14
63 36 19
63 37 10
63 38 71
63 40 6
63 41 78
63 43 5
63 44 63
63 45 63
63 46 28
63 47 64
63 48 9
63 49 60
63 50 11
63 51 22
63 52 74
63 53 31
63 54 49
63 56 5
63 57 74
63 58 51
63 59 6
63 61 59
63 62 21
64 0 38
64 1 65
64 3 28
64 5 46
64 7 64
64 8 76
64 9 30
64 10 67
64 11 52
64 13 44
64 14 35
64 15 9
64 16 66
64 17 20
64 18 55
64 19 44
64 21 23
64 22 40
64 23 67
64 24 35
64 26 2
64 28 73
64 31 65
64 32 6
64 33 58
64 35 80
64 36 29
64 37 58
64 38 79
64 39 64
64 40 57
64 41 47
64 42 69
64 43 4
64 44 42
64 45 13
64 46 42
64 48 7
64 49 12
64 50 40
64 52 64
64 53 78
64 55 80
64 56 9
64 57 68
64 58 4
64 61 72
64 62 43
64 63 36
65 0 65
65 2 74
65 3 78
65 4 48
65 5 73
65 6 43
65 7 46
65 9 19
65 10 4
65 11 71
65 12 6
65 13 25
65 14 63
65 15 38
65 16 33
65 17 57
65 19 35
65 20 59
65 22 44
65 24 75
65 25 28
65 26 31
65 27 32
65 28 70
65 29 33
65 30 54
65 31 45
65 32 40
65 33 48
65 34 31
65 35 32
65 36 2
65 37 41
65 38 4
65 39 55
65 40 63
65 41 6
65 42 40
65 43 4
65 45 4
65 46 74
65 47 4
65 48 20
65 49 43
65 50 6
65 51 45
65 53 25
65 54 50
65 55 57
65 57 75
65 58 30
65 59 1
65 60 65
65 61 72
65 62 63
65 63 42
65 64 77
66 0 75
66 1 59
66 2 30
66 3 51
66 4 43
66 5 73
66 6 64
66 7 42
66 8 53
66 9 19
66 12 2
66 14 73
66 15 24
66 16 15
66 17 76
66 18 8
66 19 73
66 21 28
66 23 8
66 24 51
66 25 53
66 28 21
66 29 50
66 32 7
66 33 64
66 34 37
66 35 66
66 36 64
66 37 56
66 38 43
66 39 1
66 40 36
66 41 65
66 42 13
66 43 9
66 44 73
66 45 39
66 46 40
66 47 71
66 48 75
66 49 70
66 50 18
66 52 15
66 53 15
66 54 61
66 55 4
66 56 30
66 58 61
66 59 51
66 60 57
66 61 41
66 62 40
66 63 51
66 64 64
66 65 54
67 0 63
67 1 25
67 2 22
67 3 5
67 4 49
67 5 46
67 6 32
67 7 41
67 8 2
67 9 26
67 10 66
67 11 10
67 12 4
67 13 78
67 14 34
67 16 65
67 17 5
67 18 72
67 19 58
67 22 38
67 23 24
67 24 33
67 25 42
67 27 3
67 28 52
67 29 59
67 30 26
67 31 74
67 32 22
67 34 66
67 36 46
67 37 77
67 38 42
67 39 80
67 41 40
67 43 8
67 44 49
67 45 13
67 47 54
67 49 69
67 50 18
67 51 67
67 52 61
67 53 47
67 54 67
67 56 4
67 57 6
67 58 74
67 61 54
67 62 58
67 63 57
67 66 29
68 1 38
68 2 9
68 3 75
68 4 74
68 5 68
68 7 62
68 8 68
68 9 68
68 10 1
68 11 3
68 12 58
68 14 77
68 15 5
68 18 23
68 19 44
68 20 47
68 21 39
68 22 17
68 23 65
68 24 57
68 25 55
68 26 11
68 28 16
68 29 44
68 31 15
68 32 25
68 33 27
68 34 3
68 35 34
68 36 46
68 38 72
68 39 11
68 40 28
68 42 62
68 43 38
68 44 13
68 46 43
68 49 10
68 50 46
68 51 3
68 53 32
68 54 43
68 55 73
68 57 32
68 58 58
68 59 25
68 61 56
68 64 42
68 65 46
68 66 30
68 67 11
69 0 18
69 1 56
69 3 70
69 5 70
69 6 63
69 7 55
69 8 75
69 9 52
69 10 35
69 11 57
69 12 34
69 13 66
69 14 5
69 15 69
69 16 59
69 17 43
69 18 47
69 19 69
69 20 60
69 21 13
69 22 48
69 23 44
69 24 11
69 25 73
69 26 59
69 27 2
69 28 43
69 29 6
69 30 31
69 31 20
69 32 23
69 34 36
69 36 38
69 38 47
69 39 6
69 40 68
69 41 21
69 42 13
69 43 57
69 45 28
69 46 13
69 47 1
69 48 52
69 49 59
69 50 79
69 53 44
69 54 24
69 56 41
69 57 45
69 58 12
69 62 47
69 63 26
69 64 35
69 65 62
69 67 44
69 68 62
