40
1 0 9
2 0 78
3 2 22
4 1 6
5 1 5
7 4 50
7 5 11
8 1 33
8 3 69
8 4 62
8 5 33
8 7 58
9 4 9
9 6 57
10 3 33
10 4 36
10 5 65
10 6 28
10 7 21
10 8 66
10 9 13
11 0 77
11 3 55
11 8 32
12 0 68
12 2 11
12 5 29
12 6 40
12 9 56
12 10 11
13 0 30
13 5 27
13 9 69
13 10 25
14 0 12
14 1 31
14 2 47
14 3 54
14 8 26
14 9 3
14 12 77
15 0 32
15 2 57
15 7 40
15 8 18
15 9 44
15 13 35
16 1 53
16 2 9
16 4 39
16 5 1
16 6 52
16 8 69
16 9 38
17 4 36
17 5 34
17 6 11
17 9 63
17 10 20
17 13 70
17 15 67
17 16 14
18 0 22
18 1 2
18 2 47
18 4 58
18 7 77
18 8 5
18 9 29
18 10 26
18 11 25
18 15 55
18 17 36
19 1 71
19 2 29
19 3 13
19 4 20
19 6 30
19 7 16
19 16 20
19 17 32
20 0 4
20 1 57
20 2 40
20 3 48
20 5 31
20 11 73
20 12 78
20 13 72
20 15 28
20 18 33
20 19 48
21 0 72
21 3 50
21 5 66
21 9 29
21 10 15
21 16 59
21 17 25
21 18 5
21 20 56
22 0 57
22 1 55
22 4 7
22 5 52
22 6 67
22 8 33
22 11 77
22 14 58
22 15 61
22 16 7
22 17 4
22 18 23
22 19 29
22 21 7
23 2 1
23 8 59
23 9 24
23 11 70
23 12 76
23 15 33
23 20 46
23 22 48
24 0 62
24 2 72
24 5 2
24 6 64
24 7 63
24 8 48
24 9 53
24 10 18
24 11 20
24 13 67
24 15 21
24 20 39
24 21 37
24 23 64
25 5 47
25 6 7
25 11 42
25 17 48
25 18 38
25 20 60
26 0 51
26 1 2
26 2 68
26 3 16
26 4 22
26 6 19
26 7 79
26 9 24
26 11 62
26 15 7
26 20 39
26 22 63
26 24 38
26 25 76
27 2 65
27 3 32
27 8 52
27 9 59
27 10 41
27 14 64
27 16 48
28 0 30
28 4 6
28 6 69
28 7 8
28 9 7
28 15 35
28 18 44
28 20 29
28 22 46
28 24 55
29 1 36
29 11 41
29 13 15
29 14 38
29 17 37
29 19 59
29 25 32
29 28 22
30 1 74
30 3 39
30 5 2
30 6 15
30 8 11
30 9 30
30 14 49
30 17 18
31 1 35
31 3 70
31 4 52
31 11 16
31 12 79
31 14 53
31 15 18
31 16 76
31 23 16
31 24 23
31 25 29
31 26 14
32 1 1
32 2 40
32 3 1
32 4 17
32 5 58
32 6 4
32 8 6
32 10 55
32 11 49
32 14 60
32 15 73
32 20 31
32 22 73
32 25 66
32 27 10
32 28 12
32 31 21
33 1 69
33 2 24
33 4 79
33 5 8
33 7 20
33 8 35
33 10 19
33 14 1
33 18 77
33 25 68
33 26 69
33 31 6
33 32 40
34 3 7
34 4 56
34 5 5
34 6 69
34 7 38
34 8 30
34 15 21
34 20 65
34 21 8
34 22 55
34 23 67
34 28 69
34 29 32
34 30 5
35 0 50
35 2 28
35 4 4
35 6 11
35 8 72
35 11 37
35 12 46
35 16 32
35 17 43
35 18 46
35 19 39
35 20 76
35 21 17
35 24 39
35 28 11
35 30 3
36 1 30
36 5 76
36 13 9
36 20 56
36 21 42
36 24 61
36 25 79
36 26 61
36 27 43
36 28 38
36 29 32
36 32 70
36 33 62
37 4 4
37 6 11
37 7 45
37 9 40
37 12 67
37 14 58
37 19 47
37 20 33
37 21 46
37 22 79
37 23 47
37 28 10
37 30 53
37 32 29
37 34 4
38 0 60
38 5 28
38 6 44
38 8 12
38 9 53
38 10 31
38 13 64
38 15 47
38 16 8
38 20 28
38 24 63
38 25 27
38 29 16
38 30 24
38 34 31
38 37 38
39 2 60
39 7 66
39 10 25
39 11 46
39 13 69
39 14 25
39 16 62
39 18 64
39 22 44
39 28 60
39 29 8
39 31 57
39 32 47
39 33 13
39 34 24
