40
1 0 5
3 0 16
3 2 6
4 0 15
4 1 12
4 3 7
5 0 14
5 2 10
5 3 5
5 4 7
6 0 14
6 1 13
6 2 1
6 3 19
7 0 5
7 1 2
7 2 10
7 3 16
7 4 16
7 6 13
8 0 17
8 3 3
8 4 11
8 5 20
8 6 10
8 7 6
9 0 7
9 2 2
9 3 11
9 6 4
9 7 5
10 0 14
10 2 7
10 3 17
10 5 20
10 6 17
10 7 6
10 8 17
10 9 6
11 0 2
11 2 2
11 4 11
11 6 14
11 7 5
11 8 20
11 9 10
11 10 16
12 1 5
12 2 4
12 3 7
12 4 19
12 5 18
12 7 6
12 8 15
12 9 18
12 10 6
12 11 9
13 0 20
13 1 8
13 2 4
13 3 6
13 5 8
13 6 15
13 7 7
13 8 14
13 9 1
13 11 17
13 12 14
14 1 14
14 2 9
14 3 5
14 4 10
14 5 4
14 7 18
14 8 8
14 10 16
14 11 7
14 12 9
14 13 13
15 0 19
15 1 10
15 2 9
15 4 12
15 6 3
15 8 9
15 9 9
15 10 20
15 11 13
15 12 13
15 13 3
15 14 7
16 0 19
16 1 11
16 2 15
16 4 10
16 5 13
16 6 7
16 7 4
16 8 13
16 9 20
16 10 14
16 11 18
16 12 16
16 14 15
16 15 12
17 0 1
17 1 19
17 2 19
17 3 11
17 5 13
17 6 1
17 7 3
17 9 15
17 11 4
17 12 6
17 13 16
17 14 11
17 15 6
17 16 7
18 0 19
18 1 9
18 2 20
18 3 15
18 4 10
18 5 5
18 6 13
18 7 19
18 8 14
18 9 11
18 10 19
18 11 17
18 12 10
18 13 7
18 15 3
18 17 12
19 0 15
19 2 20
19 3 7
19 4 1
19 5 11
19 8 2
19 9 16
19 10 7
19 11 16
19 13 18
19 14 2
19 15 6
19 16 4
19 17 17
19 18 20
20 0 12
20 1 2
20 2 20
20 3 9
20 4 15
20 7 8
20 9 17
20 10 15
20 12 3
20 13 13
20 14 4
20 15 1
20 16 16
20 17 11
21 0 16
21 1 6
21 2 15
21 3 13
21 5 18
21 6 7
21 7 4
21 9 3
21 10 7
21 11 12
21 13 14
21 14 1
21 15 12
21 16 18
21 18 10
21 19 12
21 20 5
22 0 13
22 1 5
22 2 10
22 3 7
22 6 2
22 7 6
22 8 19
22 9 5
22 10 6
22 12 9
22 13 19
22 17 9
22 19 16
23 0 2
23 1 15
23 2 2
23 3 12
23 4 3
23 5 15
23 6 11
23 7 1
23 8 2
23 9 20
23 10 7
23 11 10
23 12 1
23 15 5
23 16 3
23 17 11
23 18 17
23 19 9
23 20 1
24 0 18
24 1 18
24 2 8
24 3 12
24 4 6
24 5 17
24 7 8
24 8 15
24 9 16
24 10 18
24 11 1
24 12 2
24 13 17
24 14 1
24 15 1
24 16 9
24 17 11
24 18 14
24 19 18
24 20 4
24 21 3
24 23 6
25 0 16
25 1 17
25 2 2
25 3 9
25 4 8
25 5 16
25 7 10
25 8 4
25 9 10
25 10 2
25 11 16
25 14 11
25 15 17
25 16 20
25 17 5
25 18 20
25 19 9
25 21 10
25 23 19
25 24 18
26 0 12
26 1 16
26 2 3
26 3 9
26 4 14
26 6 20
26 7 6
26 8 8
26 9 14
26 12 8
26 13 20
26 15 20
26 16 19
26 17 5
26 19 17
26 20 18
26 21 8
26 23 11
26 24 14
26 25 2
27 0 13
27 1 8
27 2 15
27 3 5
27 4 2
27 6 17
27 7 2
27 8 2
27 9 2
27 11 19
27 12 16
27 13 14
27 14 13
27 15 3
27 16 15
27 17 4
27 18 16
27 19 17
27 20 11
27 22 17
27 23 9
27 24 8
27 25 19
27 26 18
28 0 1
28 1 17
28 2 12
28 4 14
28 5 19
28 7 9
28 8 4
28 9 3
28 10 4
28 11 19
28 12 2
28 13 11
28 14 2
28 16 8
28 17 14
28 18 10
28 19 7
28 20 7
28 21 1
28 22 10
28 24 14
28 25 12
28 26 8
28 27 2
29 0 20
29 1 14
29 2 17
29 3 18
29 4 6
29 5 4
29 6 14
29 8 10
29 9 11
29 10 15
29 11 5
29 12 6
29 13 16
29 14 1
29 15 5
29 16 7
29 17 19
29 19 9
29 20 10
29 22 20
29 23 9
29 25 12
29 26 5
30 0 6
30 1 17
30 3 6
30 4 10
30 5 19
30 7 19
30 8 20
30 9 16
30 10 11
30 11 20
30 12 20
30 13 20
30 14 4
30 15 14
30 17 2
30 18 19
30 19 1
30 20 4
30 21 11
30 22 6
30 23 16
30 24 11
30 25 17
30 27 6
30 28 13
30 29 19
31 1 16
31 2 20
31 5 15
31 6 17
31 7 8
31 8 8
31 9 5
31 10 3
31 12 3
31 13 3
31 15 6
31 16 6
31 17 10
31 18 16
31 19 5
31 20 17
31 21 19
31 22 17
31 24 3
31 25 12
31 26 17
31 27 1
31 28 4
31 29 1
31 30 2
32 0 7
32 2 7
32 4 2
32 5 1
32 6 12
32 7 18
32 8 2
32 9 1
32 10 8
32 11 6
32 13 16
32 14 13
32 15 16
32 16 17
32 18 8
32 19 6
32 20 1
32 21 12
32 22 16
32 23 3
32 25 10
32 26 5
32 27 18
32 28 1
32 30 14
32 31 20
33 0 4
33 1 15
33 3 7
33 4 8
33 5 17
33 6 17
33 7 10
33 8 13
33 9 3
33 10 18
33 11 20
33 12 16
33 13 16
33 15 4
33 16 5
33 17 17
33 18 16
33 19 12
33 20 14
33 21 20
33 22 13
33 24 8
33 25 9
33 26 3
33 30 18
33 31 6
33 32 20
34 0 13
34 1 6
34 2 1
34 3 11
34 4 14
34 5 19
34 6 15
34 7 3
34 8 3
34 9 15
34 10 2
34 11 12
34 13 2
34 14 12
34 15 15
34 16 10
34 17 20
34 18 6
34 19 10
34 20 14
34 23 2
34 25 1
34 26 19
34 28 20
34 29 17
34 30 20
34 31 3
34 32 2
34 33 13
35 0 6
35 1 15
35 2 9
35 3 19
35 4 18
35 5 17
35 7 2
35 8 6
35 9 18
35 10 2
35 11 8
35 12 8
35 13 14
35 14 19
35 15 12
35 16 19
35 17 1
35 18 13
35 19 7
35 20 5
35 22 3
35 25 4
35 27 8
35 28 9
35 29 2
35 30 1
35 31 12
35 32 5
35 34 16
36 0 19
36 1 20
36 2 1
36 4 16
36 5 6
36 6 17
36 7 20
36 8 12
36 9 20
36 10 7
36 11 2
36 12 4
36 13 8
36 14 14
36 16 19
36 18 2
36 19 16
36 20 4
36 21 3
36 23 18
36 26 15
36 27 14
36 28 14
36 29 5
36 30 2
36 32 1
36 34 7
36 35 14
37 0 8
37 1 6
37 2 9
37 3 14
37 5 1
37 6 6
37 7 2
37 8 14
37 12 9
37 13 6
37 16 12
37 17 2
37 18 6
37 19 11
37 20 16
37 22 7
37 23 8
37 24 20
37 25 18
37 26 9
37 27 7
37 30 20
37 31 13
37 32 2
37 33 10
37 36 12
38 2 10
38 4 9
38 5 13
38 7 9
38 9 2
38 10 9
38 11 7
38 12 11
38 14 18
38 15 20
38 16 8
38 17 13
38 18 11
38 19 3
38 20 13
38 21 9
38 23 20
38 24 13
38 27 6
38 29 8
38 31 9
38 32 10
38 33 2
38 34 10
38 35 3
38 36 12
38 37 4
39 0 19
39 1 2
39 2 20
39 3 2
39 4 10
39 5 13
39 6 11
39 7 19
39 8 1
39 9 9
39 10 16
39 12 18
39 13 2
39 14 8
39 15 17
39 16 9
39 17 2
39 18 15
39 19 8
39 21 17
39 22 5
39 23 2
39 24 8
39 25 11
39 26 4
39 27 3
39 28 2
39 29 20
39 30 18
39 31 15
39 33 3
39 34 3
39 35 8
39 36 19
39 37 10
39 38 7
