50
1 0 4
2 0 20
2 1 9
3 0 19
3 1 18
3 2 1
4 0 6
4 1 5
4 2 10
4 3 8
5 0 4
5 1 15
5 2 10
5 3 15
5 4 13
6 0 16
6 1 2
6 2 11
6 3 5
6 4 4
6 5 16
7 0 19
7 1 7
7 2 3
7 3 15
7 4 5
7 5 16
7 6 3
8 0 4
8 1 3
8 2 7
8 3 19
8 4 2
8 5 7
8 6 14
8 7 1
9 0 6
9 1 11
9 2 18
9 3 8
9 4 13
9 5 14
9 6 7
9 7 12
9 8 18
10 0 10
10 1 10
10 2 19
10 3 4
10 4 4
10 5 11
10 6 15
10 7 2
10 8 15
10 9 5
11 0 20
11 1 7
11 2 18
11 3 5
11 4 10
11 5 8
11 6 18
11 7 15
11 8 17
11 9 11
11 10 2
12 0 9
12 1 8
12 2 14
12 3 2
12 4 19
12 5 15
12 6 2
12 7 12
12 8 4
12 9 15
12 10 8
12 11 2
13 0 7
13 1 15
13 2 15
13 3 1
13 4 16
13 5 12
13 6 14
13 7 17
13 8 1
13 9 10
13 10 4
13 11 6
13 12 7
14 0 8
14 1 9
14 2 2
14 3 2
14 4 1
14 5 6
14 6 3
14 7 16
14 8 3
14 9 13
14 10 12
14 11 5
14 12 13
14 13 1
15 0 8
15 1 7
15 2 14
15 3 7
15 4 9
15 5 4
15 6 10
15 7 7
15 8 3
15 9 19
15 10 4
15 11 1
15 12 18
15 13 15
15 14 4
16 0 8
16 1 18
16 2 1
16 3 20
16 4 16
16 5 9
16 6 12
16 7 14
16 8 7
16 9 18
16 10 9
16 11 6
16 12 12
16 13 5
16 14 5
16 15 11
17 0 19
17 1 15
17 2 18
17 3 10
17 4 7
17 5 16
17 6 11
17 7 17
17 8 13
17 9 9
17 10 1
17 11 8
17 12 12
17 13 4
17 14 16
17 15 5
17 16 2
18 0 9
18 1 8
18 2 14
18 3 8
18 4 7
18 5 7
18 6 18
18 7 12
18 8 18
18 9 5
18 10 20
18 11 18
18 12 18
18 13 8
18 14 6
18 15 3
18 16 15
18 17 12
19 0 8
19 1 12
19 2 4
19 3 9
19 4 8
19 5 8
19 6 2
19 7 12
19 8 18
19 9 14
19 10 16
19 11 13
19 12 3
19 13 8
19 14 12
19 15 8
19 16 15
19 17 10
19 18 2
20 0 12
20 1 8
20 2 20
20 3 20
20 4 6
20 5 18
20 6 17
20 7 10
20 8 13
20 9 15
20 10 19
20 11 11
20 12 10
20 13 18
20 14 8
20 15 17
20 16 8
20 17 18
20 18 3
20 19 15
21 0 19
21 1 16
21 2 7
21 3 1
21 4 2
21 5 17
21 6 5
21 7 2
21 8 20
21 9 9
21 10 10
21 11 7
21 12 5
21 13 19
21 14 3
21 15 16
21 16 17
21 17 15
21 18 4
21 19 9
21 20 13
22 0 17
22 1 7
22 2 14
22 3 1
22 4 9
22 5 6
22 6 9
22 7 4
22 8 16
22 9 4
22 10 4
22 11 20
22 12 16
22 13 4
22 14 1
22 15 17
22 16 7
22 17 6
22 18 9
22 19 17
22 20 13
22 21 1
23 0 11
23 1 4
23 2 10
23 3 11
23 4 5
23 5 1
23 6 13
23 7 9
23 8 20
23 9 12
23 10 8
23 11 6
23 12 12
23 13 19
23 14 14
23 15 17
23 16 18
23 17 17
23 18 11
23 19 11
23 20 11
23 21 20
23 22 14
24 0 11
24 1 18
24 2 14
24 3 20
24 4 19
24 5 19
24 6 8
24 7 3
24 8 14
24 9 9
24 10 18
24 11 16
24 12 5
24 13 17
24 14 3
24 15 8
24 16 11
24 17 15
24 18 20
24 19 6
24 20 2
24 21 16
24 22 20
24 23 20
25 0 14
25 1 4
25 2 10
25 3 20
25 4 18
25 5 15
25 6 13
25 7 16
25 8 20
25 9 5
25 10 3
25 11 20
25 12 3
25 13 12
25 14 13
25 15 3
25 16 20
25 17 5
25 18 8
25 19 17
25 20 19
25 21 2
25 22 20
25 23 5
25 24 19
26 0 1
26 1 13
26 2 18
26 3 14
26 4 11
26 5 1
26 6 13
26 7 6
26 8 9
26 9 8
26 10 20
26 11 7
26 12 20
26 13 19
26 14 8
26 15 13
26 16 13
26 17 13
26 18 14
26 19 7
26 20 20
26 21 20
26 22 11
26 23 7
26 24 5
26 25 5
27 0 1
27 1 15
27 2 19
27 3 8
27 4 15
27 5 6
27 6 4
27 7 14
27 8 9
27 9 11
27 10 2
27 11 1
27 12 11
27 13 19
27 14 16
27 15 13
27 16 11
27 17 8
27 18 2
27 19 20
27 20 20
27 21 18
27 22 19
27 23 3
27 24 4
27 25 6
27 26 1
28 0 9
28 1 8
28 2 17
28 3 2
28 4 8
28 5 17
28 6 20
28 7 3
28 8 12
28 9 15
28 10 11
28 11 4
28 12 6
28 13 10
28 14 7
28 15 3
28 16 12
28 17 7
28 18 11
28 19 19
28 20 5
28 21 8
28 22 18
28 23 19
28 24 2
28 25 17
28 26 3
28 27 14
29 0 5
29 1 10
29 2 3
29 3 7
29 4 4
29 5 9
29 6 7
29 7 7
29 8 4
29 9 2
29 10 10
29 11 16
29 12 11
29 13 7
29 14 16
29 15 17
29 16 13
29 17 10
29 18 20
29 19 4
29 20 3
29 21 1
29 22 15
29 23 16
29 24 19
29 25 6
29 26 20
29 27 17
29 28 10
30 0 6
30 1 1
30 2 11
30 3 2
30 4 20
30 5 5
30 6 10
30 7 13
30 8 7
30 9 3
30 10 12
30 11 20
30 12 7
30 13 4
30 14 11
30 15 11
30 16 10
30 17 2
30 18 4
30 19 1
30 20 15
30 21 14
30 22 20
30 23 19
30 24 5
30 25 12
30 26 10
30 27 4
30 28 9
30 29 17
31 0 18
31 1 6
31 2 8
31 3 4
31 4 16
31 5 2
31 6 1
31 7 18
31 8 11
31 9 8
31 10 20
31 11 2
31 12 6
31 13 9
31 14 9
31 15 19
31 16 3
31 17 6
31 18 10
31 19 10
31 20 5
31 21 8
31 22 7
31 23 12
31 24 1
31 25 14
31 26 16
31 27 13
31 28 3
31 29 19
31 30 2
32 0 13
32 1 11
32 2 9
32 3 18
32 4 1
32 5 10
32 6 2
32 7 3
32 8 11
32 9 8
32 10 2
32 11 7
32 12 7
32 13 16
32 14 4
32 15 14
32 16 17
32 17 15
32 18 14
32 19 2
32 20 18
32 21 20
32 22 9
32 23 3
32 24 17
32 25 16
32 26 11
32 27 18
32 28 15
32 29 2
32 30 15
32 31 14
33 0 13
33 1 17
33 2 14
33 3 1
33 4 18
33 5 4
33 6 20
33 7 10
33 8 12
33 9 5
33 10 5
33 11 6
33 12 8
33 13 18
33 14 16
33 15 11
33 16 14
33 17 9
33 18 19
33 19 6
33 20 20
33 21 19
33 22 15
33 23 10
33 24 8
33 25 5
33 26 4
33 27 13
33 28 20
33 29 4
33 30 8
33 31 6
33 32 17
34 0 1
34 1 5
34 2 16
34 3 15
34 4 3
34 5 19
34 6 7
34 7 3
34 8 19
34 9 6
34 10 12
34 11 19
34 12 6
34 13 11
34 14 15
34 15 3
34 16 12
34 17 4
34 18 9
34 19 2
34 20 13
34 21 3
34 22 7
34 23 1
34 24 5
34 25 10
34 26 11
34 27 11
34 28 10
34 29 20
34 30 5
34 31 20
34 32 13
34 33 20
35 0 6
35 1 4
35 2 13
35 3 2
35 4 7
35 5 3
35 6 9
35 7 7
35 8 15
35 9 15
35 10 19
35 11 14
35 12 17
35 13 11
35 14 4
35 15 13
35 16 15
35 17 1
35 18 19
35 19 4
35 20 20
35 21 7
35 22 18
35 23 13
35 24 15
35 25 14
35 26 10
35 27 20
35 28 6
35 29 11
35 30 4
35 31 4
35 32 4
35 33 9
35 34 14
36 0 8
36 1 1
36 2 20
36 3 3
36 4 6
36 5 18
36 6 10
36 7 7
36 8 19
36 9 14
36 10 20
36 11 6
36 12 7
36 13 15
36 14 5
36 15 10
36 16 14
36 17 3
36 18 5
36 19 20
36 20 16
36 21 11
36 22 14
36 23 9
36 24 15
36 25 3
36 26 10
36 27 11
36 28 8
36 29 4
36 30 20
36 31 5
36 32 14
36 33 7
36 34 18
36 35 7
37 0 10
37 1 17
37 2 18
37 3 5
37 4 13
37 5 14
37 6 17
37 7 11
37 8 4
37 9 11
37 10 9
37 11 1
37 12 16
37 13 12
37 14 8
37 15 10
37 16 7
37 17 14
37 18 12
37 19 18
37 20 15
37 21 15
37 22 8
37 23 2
37 24 10
37 25 6
37 26 15
37 27 10
37 28 14
37 29 14
37 30 6
37 31 13
37 32 16
37 33 14
37 34 7
37 35 14
37 36 12
38 0 7
38 1 3
38 2 10
38 3 13
38 4 8
38 5 13
38 6 20
38 7 15
38 8 8
38 9 14
38 10 16
38 11 7
38 12 19
38 13 5
38 14 5
38 15 8
38 16 19
38 17 20
38 18 11
38 19 9
38 20 6
38 21 18
38 22 12
38 23 12
38 24 14
38 25 2
38 26 8
38 27 10
38 28 5
38 29 3
38 30 14
38 31 20
38 32 10
38 33 1
38 34 17
38 35 20
38 36 2
38 37 3
39 0 14
39 1 19
39 2 10
39 3 8
39 4 3
39 5 18
39 6 8
39 7 3
39 8 14
39 9 16
39 10 12
39 11 9
39 12 18
39 13 7
39 14 4
39 15 15
39 16 14
39 17 2
39 18 9
39 19 8
39 20 20
39 21 1
39 22 4
39 23 2
39 24 12
39 25 5
39 26 18
39 27 3
39 28 2
39 29 17
39 30 4
39 31 4
39 32 17
39 33 17
39 34 20
39 35 1
39 36 5
39 37 15
39 38 18
40 0 8
40 1 4
40 2 19
40 3 2
40 4 3
40 5 6
40 6 4
40 7 14
40 8 11
40 9 13
40 10 12
40 11 18
40 12 10
40 13 7
40 14 5
40 15 17
40 16 9
40 17 8
40 18 19
40 19 12
40 20 20
40 21 20
40 22 7
40 23 14
40 24 3
40 25 1
40 26 15
40 27 12
40 28 3
40 29 9
40 30 5
40 31 8
40 32 12
40 33 8
40 34 8
40 35 18
40 36 9
40 37 19
40 38 19
40 39 6
41 0 13
41 1 7
41 2 11
41 3 7
41 4 16
41 5 8
41 6 17
41 7 3
41 8 1
41 9 2
41 10 18
41 11 3
41 12 7
41 13 12
41 14 18
41 15 4
41 16 6
41 17 20
41 18 15
41 19 1
41 20 7
41 21 3
41 22 9
41 23 8
41 24 13
41 25 8
41 26 4
41 27 14
41 28 17
41 29 20
41 30 4
41 31 1
41 32 6
41 33 19
41 34 18
41 35 16
41 36 13
41 37 5
41 38 14
41 39 11
41 40 1
42 0 6
42 1 15
42 2 5
42 3 16
42 4 20
42 5 2
42 6 9
42 7 14
42 8 20
42 9 15
42 10 8
42 11 6
42 12 8
42 13 15
42 14 8
42 15 18
42 16 17
42 17 18
42 18 20
42 19 12
42 20 12
42 21 8
42 22 15
42 23 7
42 24 11
42 25 14
42 26 7
42 27 5
42 28 17
42 29 11
42 30 1
42 31 15
42 32 11
42 33 2
42 34 3
42 35 18
42 36 12
42 37 17
42 38 14
42 39 2
42 40 9
42 41 2
43 0 14
43 1 5
43 2 3
43 3 18
43 4 6
43 5 14
43 6 14
43 7 8
43 8 11
43 9 19
43 10 10
43 11 8
43 12 10
43 13 9
43 14 7
43 15 1
43 16 12
43 17 14
43 18 5
43 19 20
43 20 13
43 21 14
43 22 12
43 23 7
43 24 16
43 25 18
43 26 12
43 27 19
43 28 3
43 29 20
43 30 2
43 31 19
43 32 20
43 33 10
43 34 14
43 35 20
43 36 14
43 37 15
43 38 5
43 39 17
43 40 10
43 41 14
43 42 9
44 0 15
44 1 19
44 2 16
44 3 6
44 4 1
44 5 3
44 6 13
44 7 1
44 8 5
44 9 18
44 10 11
44 11 20
44 12 12
44 13 12
44 14 15
44 15 7
44 16 3
44 17 7
44 18 7
44 19 10
44 20 12
44 21 3
44 22 14
44 23 20
44 24 4
44 25 9
44 26 11
44 27 16
44 28 12
44 29 4
44 30 8
44 31 8
44 32 5
44 33 17
44 34 3
44 35 5
44 36 15
44 37 18
44 38 10
44 39 17
44 40 4
44 41 6
44 42 16
44 43 8
45 0 14
45 1 10
45 2 20
45 3 12
45 4 2
45 5 9
45 6 10
45 7 11
45 8 19
45 9 20
45 10 5
45 11 6
45 12 18
45 13 19
45 14 12
45 15 1
45 16 19
45 17 4
45 18 1
45 19 3
45 20 2
45 21 5
45 22 10
45 23 11
45 24 17
45 25 9
45 26 1
45 27 11
45 28 8
45 29 12
45 30 18
45 31 1
45 32 16
45 33 13
45 34 13
45 35 5
45 36 6
45 37 19
45 38 6
45 39 13
45 40 20
45 41 16
45 42 1
45 43 8
45 44 7
46 0 12
46 1 6
46 2 6
46 3 8
46 4 19
46 5 3
46 6 15
46 7 12
46 8 5
46 9 8
46 10 8
46 11 19
46 12 11
46 13 11
46 14 17
46 15 13
46 16 3
46 17 2
46 18 1
46 19 13
46 20 12
46 21 3
46 22 9
46 23 14
46 24 16
46 25 14
46 26 6
46 27 18
46 28 14
46 29 3
46 30 18
46 31 16
46 32 3
46 33 14
46 34 1
46 35 2
46 36 1
46 37 11
46 38 12
46 39 7
46 40 1
46 41 7
46 42 4
46 43 3
46 44 12
46 45 14
47 0 12
47 1 4
47 2 10
47 3 4
47 4 18
47 5 5
47 6 18
47 7 4
47 8 5
47 9 1
47 10 16
47 11 18
47 12 9
47 13 20
47 14 2
47 15 2
47 16 1
47 17 4
47 18 6
47 19 9
47 20 9
47 21 2
47 22 15
47 23 5
47 24 6
47 25 17
47 26 11
47 27 2
47 28 20
47 29 20
47 30 17
47 31 3
47 32 4
47 33 12
47 34 15
47 35 17
47 36 17
47 37 18
47 38 6
47 39 13
47 40 14
47 41 9
47 42 6
47 43 4
47 44 19
47 45 8
47 46 20
48 0 10
48 1 12
48 2 6
48 3 17
48 4 18
48 5 9
48 6 3
48 7 6
48 8 12
48 9 14
48 10 11
48 11 14
48 12 8
48 13 20
48 14 13
48 15 19
48 16 19
48 17 3
48 18 9
48 19 15
48 20 18
48 21 5
48 22 20
48 23 7
48 24 13
48 25 12
48 26 9
48 27 7
48 28 16
48 29 16
48 30 7
48 31 11
48 32 3
48 33 13
48 34 8
48 35 3
48 36 13
48 37 9
48 38 12
48 39 7
48 40 17
48 41 10
48 42 16
48 43 20
48 44 19
48 45 16
48 46 9
48 47 7
49 0 2
49 1 4
49 2 9
49 3 18
49 4 16
49 5 3
49 6 2
49 7 15
49 8 4
49 9 12
49 10 17
49 11 1
49 12 16
49 13 17
49 14 12
49 15 6
49 16 14
49 17 18
49 18 7
49 19 16
49 20 18
49 21 12
49 22 7
49 23 9
49 24 5
49 25 11
49 26 12
49 27 15
49 28 6
49 29 17
49 30 20
49 31 13
49 32 11
49 33 20
49 34 7
49 35 2
49 36 5
49 37 9
49 38 11
49 39 12
49 40 5
49 41 19
49 42 12
49 43 6
49 44 2
49 45 16
49 46 17
49 47 16
49 48 16
