40
2 0 64
3 1 11
3 2 35
4 0 1
4 1 73
4 2 71
5 1 14
5 2 14
5 3 57
5 4 34
6 0 55
6 1 60
6 2 19
6 3 23
6 4 71
6 5 11
7 0 76
7 1 70
7 2 46
7 4 49
7 6 51
8 1 68
8 2 15
8 4 2
8 6 5
9 0 64
9 1 69
9 2 43
9 4 4
9 5 61
9 6 40
9 8 8
10 0 44
10 2 25
10 3 37
10 4 32
10 6 15
10 7 42
11 1 59
11 2 68
11 4 44
11 5 18
11 6 71
11 7 5
11 8 51
11 9 20
11 10 41
12 0 11
12 2 15
12 3 42
12 4 2
12 6 4
12 7 71
12 8 5
12 11 44
13 1 10
13 4 25
13 5 58
13 6 20
13 7 33
13 8 11
13 9 14
13 11 63
13 12 40
14 1 44
14 2 9
14 5 66
14 6 39
14 10 24
14 11 5
15 2 73
15 3 5
15 5 73
15 6 58
15 7 52
15 10 29
15 13 64
15 14 62
16 0 44
16 2 44
16 3 74
16 5 64
16 6 54
16 8 18
16 9 79
16 10 18
16 11 79
16 13 12
17 0 75
17 1 70
17 2 8
17 3 9
17 4 77
17 5 66
17 6 10
17 8 41
17 9 49
17 10 35
17 12 4
17 13 52
18 0 35
18 1 63
18 2 31
18 3 46
18 4 23
18 5 47
18 6 6
18 8 25
18 9 29
18 10 73
18 15 11
18 16 77
18 17 28
19 0 51
19 2 75
19 4 46
19 6 17
19 8 43
19 11 36
19 13 18
19 16 72
19 17 14
19 18 30
20 1 36
20 2 67
20 3 66
20 4 35
20 6 7
20 8 22
20 10 41
20 11 56
20 12 8
20 13 51
20 14 4
20 15 44
21 0 37
21 1 13
21 2 30
21 4 47
21 5 3
21 7 57
21 9 27
21 10 46
21 14 18
21 17 1
21 18 69
21 19 57
21 20 16
22 0 37
22 2 26
22 4 39
22 5 46
22 11 14
22 12 11
22 13 36
22 15 38
22 16 3
22 17 47
22 18 18
22 19 30
22 20 11
22 21 18
23 0 37
23 1 52
23 2 22
23 3 19
23 5 14
23 6 79
23 7 37
23 8 34
23 9 77
23 10 65
23 12 53
23 13 32
23 15 62
23 17 24
23 18 78
23 20 27
23 21 7
23 22 45
24 1 42
24 2 21
24 3 67
24 4 18
24 7 80
24 8 3
24 11 38
24 12 47
24 13 43
24 17 21
24 18 19
24 19 3
24 20 73
24 22 48
24 23 57
25 0 42
25 2 6
25 4 2
25 5 76
25 7 74
25 8 18
25 11 37
25 12 58
25 13 32
25 15 50
25 16 56
25 17 35
25 19 51
25 20 34
25 21 6
25 24 19
26 3 80
26 5 49
26 6 13
26 7 18
26 8 24
26 9 78
26 10 11
26 12 54
26 13 27
26 14 80
26 18 53
26 20 35
26 21 73
26 23 44
26 24 62
27 0 73
27 1 12
27 2 16
27 4 60
27 6 77
27 7 7
27 8 39
27 9 29
27 11 3
27 12 1
27 13 79
27 14 9
27 15 21
27 18 36
27 19 54
27 20 76
27 21 76
27 24 17
27 26 24
28 0 75
28 1 58
28 2 52
28 4 41
28 6 19
28 7 31
28 8 21
28 11 45
28 13 69
28 14 25
28 15 33
28 16 33
28 17 12
28 18 60
28 20 53
28 21 8
28 24 60
29 0 9
29 1 35
29 3 76
29 4 58
29 5 9
29 7 63
29 8 55
29 11 19
29 13 77
29 14 51
29 16 42
29 19 12
29 20 49
29 21 39
29 23 5
29 24 24
29 25 37
29 26 25
29 27 9
29 28 55
30 0 47
30 2 67
30 3 45
30 4 7
30 5 5
30 7 44
30 8 68
30 9 59
30 12 80
30 14 29
30 15 8
30 16 68
30 17 5
30 18 68
30 20 55
30 21 70
30 23 51
30 24 34
30 25 50
30 26 47
30 27 40
30 28 45
31 0 6
31 1 40
31 2 26
31 3 39
31 4 71
31 7 5
31 8 9
31 9 55
31 10 70
31 12 12
31 14 69
31 15 7
31 17 4
31 19 6
31 20 63
31 21 47
31 22 80
31 25 45
31 26 51
31 28 16
32 0 69
32 1 18
32 3 42
32 4 46
32 5 13
32 7 39
32 11 16
32 12 77
32 14 6
32 18 67
32 19 14
32 20 79
32 22 46
32 23 12
32 24 41
32 25 27
32 26 11
32 27 74
32 28 10
32 29 26
32 31 12
33 1 78
33 2 29
33 3 62
33 5 53
33 9 63
33 10 43
33 11 3
33 13 77
33 14 41
33 15 12
33 16 48
33 18 33
33 19 40
33 20 64
33 21 70
33 22 77
33 24 23
33 25 42
33 26 10
33 27 21
33 28 31
33 29 32
33 30 62
33 31 52
33 32 62
34 0 35
34 1 69
34 2 58
34 3 68
34 4 39
34 6 60
34 7 9
34 8 72
34 10 69
34 15 30
34 18 79
34 19 14
34 20 79
34 21 32
34 23 19
34 25 41
34 26 49
34 27 75
34 28 37
34 29 45
34 30 23
34 31 73
35 0 12
35 2 72
35 5 2
35 6 35
35 7 14
35 8 77
35 10 55
35 11 10
35 12 51
35 13 9
35 14 3
35 15 23
35 16 61
35 17 80
35 18 30
35 20 71
35 21 29
35 22 48
35 23 61
35 24 25
35 25 6
35 29 2
35 30 31
35 31 13
35 32 14
35 33 26
35 34 24
36 2 4
36 3 79
36 4 29
36 6 35
36 8 58
36 10 54
36 11 26
36 14 5
36 15 17
36 17 74
36 18 4
36 19 20
36 20 2
36 21 80
36 22 45
36 24 16
36 25 45
36 26 48
36 27 20
36 28 30
36 30 7
36 31 74
36 32 57
36 33 67
36 34 65
36 35 6
37 1 59
37 2 49
37 3 35
37 4 7
37 5 57
37 9 12
37 10 46
37 11 27
37 12 31
37 14 22
37 16 61
37 17 43
37 18 3
37 24 38
37 25 29
37 26 70
37 28 71
37 30 13
37 32 58
37 33 56
37 34 74
38 0 62
38 1 62
38 2 74
38 7 17
38 8 7
38 9 15
38 10 12
38 11 44
38 12 66
38 13 6
38 15 48
38 16 15
38 17 39
38 18 5
38 19 79
38 20 59
38 21 29
38 22 74
38 24 65
38 28 79
38 29 74
38 31 38
38 32 28
38 33 37
38 35 15
38 36 48
39 1 77
39 2 36
39 4 4
39 7 60
39 9 44
39 10 47
39 12 23
39 13 26
39 14 57
39 15 65
39 16 8
39 17 25
39 19 72
39 20 69
39 21 43
39 23 6
39 24 43
39 26 33
39 27 12
39 28 55
39 30 26
39 33 58
39 35 76
39 36 24
39 37 54
39 38 63
