20
3 2 99
4 2 19
5 0 97
5 3 13
6 3 49
7 1 154
7 4 80
7 5 91
7 6 79
8 0 157
8 2 23
8 4 154
8 6 31
9 0 116
9 2 93
9 3 1
9 4 135
9 6 21
9 7 155
10 2 157
10 3 143
10 7 49
10 9 125
11 2 61
11 3 1
11 4 72
11 6 110
11 8 63
11 9 138
12 6 159
12 8 48
12 11 23
13 3 137
13 4 86
13 10 95
13 12 94
14 1 153
14 4 156
14 8 29
14 9 115
14 11 114
14 12 150
14 13 102
15 1 41
15 2 34
15 5 12
15 9 8
16 1 19
16 3 102
16 4 97
16 5 41
16 8 145
16 9 87
16 14 105
16 15 129
17 0 90
17 7 133
17 8 140
17 12 43
17 13 28
18 1 21
18 4 113
18 13 76
18 14 124
18 15 155
19 0 142
19 4 4
19 5 16
19 8 143
19 9 132
19 10 109
19 14 97
19 15 131
19 17 133
19 18 19
