40
2 0 10
5 3 3
5 4 6
6 3 1
7 3 4
8 5 7
8 7 10
9 1 7
10 2 9
10 4 7
12 3 7
12 6 8
12 9 6
13 2 4
13 4 8
15 0 4
15 7 8
15 11 1
16 1 2
16 2 9
16 4 5
16 7 9
16 12 5
16 14 5
17 9 6
17 13 10
18 1 1
18 15 2
18 16 4
18 17 7
19 0 8
19 10 3
20 12 5
20 13 6
20 18 9
21 13 3
22 11 6
22 19 2
22 21 2
23 1 1
23 4 6
23 7 3
23 8 10
23 16 7
23 18 7
23 20 6
24 5 8
24 9 3
24 18 1
24 21 8
25 4 3
25 5 2
25 15 6
25 16 7
25 17 1
25 20 10
25 24 3
26 2 3
26 3 9
26 12 8
26 15 2
26 18 9
26 20 4
26 23 3
26 25 3
27 4 9
27 5 8
27 10 3
27 14 9
27 20 7
27 21 7
27 25 3
28 4 1
29 3 2
29 4 3
29 8 9
29 14 1
29 24 9
30 3 8
30 10 7
30 12 2
30 13 8
30 19 4
30 26 3
31 17 2
31 25 10
32 8 8
32 10 2
32 12 5
32 13 7
32 18 3
32 29 1
33 1 6
33 7 8
33 11 3
33 15 8
33 17 8
33 24 2
34 26 8
34 29 6
35 6 4
35 9 10
35 14 4
35 15 5
35 18 4
35 20 7
35 32 9
36 4 1
36 12 3
36 16 7
36 18 1
36 19 7
36 24 3
36 27 10
36 32 1
36 33 3
37 0 7
37 3 3
37 5 1
37 6 10
37 8 1
37 9 5
37 15 4
37 22 2
37 25 3
37 26 10
37 32 3
37 33 9
37 34 6
38 2 5
38 4 2
38 11 6
38 12 1
38 13 5
38 14 4
38 18 9
38 19 7
38 36 6
38 37 3
39 5 1
39 7 4
39 13 5
39 15 9
39 24 5
39 25 7
39 32 2
39 33 5
39 38 2
