40
1 0 1
2 0 6
2 1 7
4 1 8
4 2 10
5 0 7
5 2 6
5 3 3
6 1 5
6 2 2
6 3 8
7 0 7
7 1 3
7 3 4
7 4 4
7 6 10
8 0 9
8 1 1
8 5 5
8 6 1
8 7 1
9 0 7
9 5 10
9 6 2
9 7 8
9 8 6
10 5 9
10 6 4
11 0 2
11 1 7
11 3 8
11 5 5
12 0 5
12 1 9
12 3 6
12 6 9
12 7 9
12 8 1
12 9 6
13 0 9
13 2 2
13 3 2
13 5 4
13 6 4
13 7 3
13 10 8
13 11 5
14 2 9
14 3 3
14 4 4
14 5 9
14 6 8
14 7 9
14 8 10
14 9 2
14 10 5
14 11 2
14 12 7
14 13 4
15 0 4
15 1 4
15 4 3
15 5 5
15 6 3
15 7 9
15 9 3
15 11 9
15 13 4
15 14 6
16 0 3
16 2 10
16 3 10
16 4 5
16 6 8
16 7 5
16 12 5
16 13 1
16 15 3
17 0 6
17 6 8
17 14 1
17 16 9
18 3 10
18 4 2
18 5 10
18 6 2
18 11 6
18 15 10
18 17 2
19 6 2
19 8 1
19 9 2
19 10 8
19 11 3
19 12 9
19 14 6
19 16 3
20 1 10
20 7 4
20 9 7
21 0 5
21 2 3
21 7 10
21 8 6
21 10 5
21 12 10
21 13 9
21 14 2
21 16 7
21 18 7
21 19 10
21 20 7
22 0 2
22 2 3
22 3 6
22 4 1
22 6 3
22 7 7
22 8 2
22 11 3
22 12 5
22 14 5
22 15 7
22 17 4
22 18 8
22 19 6
22 20 8
23 0 6
23 1 1
23 2 2
23 3 3
23 7 3
23 10 10
23 15 1
23 16 8
23 17 1
23 18 9
23 21 5
23 22 8
24 1 5
24 3 5
24 4 1
24 5 7
24 6 3
24 7 7
24 8 7
24 10 8
24 12 10
24 13 1
24 15 2
24 16 8
24 17 1
24 18 1
24 19 4
24 21 4
24 22 3
25 5 1
25 7 2
25 8 2
25 11 8
25 16 4
25 17 3
25 19 2
25 20 5
25 24 3
26 0 5
26 5 5
26 6 1
26 8 1
26 12 5
26 13 3
26 14 3
26 15 1
26 16 6
26 17 3
26 21 10
26 23 5
26 25 10
27 5 4
27 7 7
27 9 1
27 12 4
27 13 8
27 16 2
27 17 7
27 19 6
27 20 3
27 21 6
27 24 8
27 25 4
28 2 9
28 3 9
28 5 2
28 7 6
28 8 7
28 9 7
28 16 9
28 17 9
28 19 9
28 20 2
28 21 1
28 23 3
28 24 10
28 27 9
29 2 7
29 4 7
29 5 1
29 6 9
29 7 2
29 8 5
29 9 3
29 11 10
29 13 8
29 14 8
29 16 4
29 18 9
29 21 8
29 22 9
29 23 6
29 26 6
29 27 7
30 0 5
30 2 5
30 4 8
30 7 8
30 11 3
30 12 1
30 13 5
30 17 8
30 20 2
30 22 4
30 23 9
30 25 9
30 28 6
30 29 2
31 0 1
31 1 8
31 9 2
31 12 8
31 13 6
31 17 10
31 18 4
31 20 4
31 21 4
31 23 5
31 24 5
31 25 3
31 27 5
31 28 7
31 30 7
32 1 3
32 4 3
32 6 1
32 7 2
32 8 7
32 13 3
32 14 2
32 15 9
32 18 4
32 21 4
32 22 9
32 24 2
32 28 5
32 30 9
33 0 2
33 2 8
33 3 9
33 5 4
33 6 5
33 7 3
33 12 8
33 14 10
33 15 3
33 16 9
33 17 3
33 18 1
33 20 4
33 21 10
33 24 5
33 26 4
33 27 10
33 29 9
33 31 6
34 1 1
34 4 1
34 5 5
34 11 4
34 13 10
34 17 6
34 18 9
34 19 9
34 26 5
34 27 3
34 28 1
34 30 1
34 31 6
34 32 4
35 0 2
35 1 4
35 2 8
35 5 9
35 7 6
35 8 4
35 10 10
35 11 4
35 14 5
35 15 4
35 16 3
35 17 3
35 19 9
35 21 1
35 23 7
35 24 4
35 25 7
35 27 10
35 29 6
35 31 9
35 32 8
35 33 7
35 34 1
36 1 10
36 3 1
36 4 4
36 7 7
36 9 7
36 11 8
36 12 4
36 13 7
36 15 7
36 16 1
36 19 9
36 20 6
36 21 9
36 22 10
36 24 7
36 28 2
36 29 8
36 31 4
36 34 10
36 35 1
37 1 4
37 2 5
37 9 5
37 11 3
37 12 5
37 16 1
37 17 3
37 18 6
37 19 4
37 20 6
37 21 8
37 23 7
37 26 8
37 27 5
37 29 4
37 30 5
37 31 1
37 33 5
37 36 4
38 0 9
38 1 6
38 4 10
38 5 3
38 6 1
38 7 1
38 8 1
38 9 3
38 10 2
38 12 3
38 14 1
38 16 9
38 18 5
38 20 10
38 23 5
38 25 5
38 27 8
38 30 9
38 31 4
38 33 8
38 35 5
38 36 7
38 37 2
39 0 1
39 1 10
39 6 7
39 13 4
39 15 1
39 19 4
39 20 7
39 23 10
39 24 1
39 28 8
39 30 3
39 33 1
39 37 6
39 38 4
