20
1 0 8
2 0 6
3 1 1
3 2 6
4 1 6
4 2 6
5 0 1
5 1 8
5 2 3
5 3 5
6 2 2
7 1 1
7 2 6
7 3 2
7 4 1
7 5 10
8 3 3
8 4 7
8 7 4
9 0 3
9 2 8
9 4 9
9 6 9
9 7 5
10 0 1
10 1 9
10 5 6
10 6 6
10 8 3
11 2 9
11 3 10
11 4 2
11 5 5
11 6 1
11 10 8
12 9 6
13 1 8
13 2 3
13 4 2
13 5 6
13 10 9
13 11 9
13 12 6
14 0 4
14 3 4
14 5 6
14 6 2
14 7 7
15 3 3
15 4 4
15 11 9
15 13 2
16 0 1
16 2 3
16 4 2
16 6 6
16 7 8
16 10 9
16 11 2
17 1 10
17 3 6
17 4 10
17 11 1
17 12 3
17 13 8
17 14 9
17 15 9
17 16 5
18 0 9
18 7 10
18 8 5
18 9 5
18 10 1
18 11 6
18 15 9
19 9 7
19 13 3
19 14 5
19 15 1
19 18 6
