70
1 0 3
2 1 8
3 0 9
3 2 3
4 1 4
4 2 6
5 0 8
5 1 3
5 2 7
5 3 7
5 4 5
6 0 6
6 2 8
6 3 3
6 5 10
7 0 2
7 1 5
7 2 1
7 3 5
7 4 3
7 5 4
7 6 10
8 0 8
8 3 2
8 4 7
8 5 5
8 6 9
8 7 3
9 4 10
9 5 1
9 6 9
9 7 7
9 8 3
10 0 10
10 1 4
10 2 3
10 4 8
10 5 9
10 8 3
10 9 1
11 0 9
11 1 1
11 2 8
11 3 3
11 5 9
11 7 9
11 8 1
11 9 8
12 1 4
12 5 3
12 6 8
12 7 6
12 9 6
12 10 10
13 0 3
13 2 2
13 4 4
13 5 2
13 6 7
13 7 1
13 8 5
13 11 10
13 12 1
14 1 8
14 2 7
14 3 4
14 4 4
14 8 7
14 9 6
14 10 9
14 12 6
15 2 8
15 5 5
15 6 2
15 8 3
15 11 9
16 0 5
16 1 6
16 6 9
16 7 5
16 8 2
16 9 5
16 10 2
16 15 8
17 0 4
17 2 8
17 3 10
17 4 9
17 5 1
17 7 7
17 8 7
17 9 5
17 11 4
17 12 10
17 13 3
18 0 1
18 1 8
18 2 3
18 3 7
18 4 1
18 6 2
18 8 1
18 12 2
18 13 9
18 15 7
18 16 10
19 2 1
19 3 8
19 4 3
19 5 6
19 7 4
19 10 3
19 11 5
19 12 4
19 14 9
19 15 4
19 17 4
20 0 9
20 3 10
20 5 6
20 6 5
20 7 2
20 9 1
20 10 3
20 11 9
20 14 1
20 15 9
20 17 4
20 19 6
21 0 9
21 3 10
21 6 7
21 9 8
21 10 7
21 12 4
21 13 1
21 14 8
21 15 2
21 16 7
21 19 8
22 0 7
22 1 5
22 3 9
22 9 7
22 11 7
22 13 8
22 14 8
22 17 5
22 19 1
22 20 6
23 0 10
23 3 7
23 4 6
23 7 9
23 8 4
23 9 4
23 11 4
23 13 1
23 14 2
23 15 9
23 17 4
23 19 10
23 20 2
23 21 1
23 22 7
24 0 1
24 2 10
24 3 8
24 8 9
24 9 8
24 10 10
24 12 8
24 16 9
24 17 7
24 18 2
24 19 7
24 20 4
25 0 3
25 1 1
25 2 3
25 3 7
25 5 1
25 9 8
25 10 8
25 15 3
25 18 2
25 19 6
25 20 1
25 22 7
25 23 5
26 0 10
26 1 7
26 2 6
26 4 6
26 5 7
26 7 7
26 11 10
26 13 2
26 16 5
26 18 10
26 19 8
26 20 6
26 21 3
26 22 7
26 23 7
26 25 10
27 0 2
27 1 3
27 4 1
27 5 3
27 7 6
27 8 8
27 9 3
27 11 10
27 12 5
27 13 2
27 14 2
27 16 8
27 17 9
27 18 5
27 19 2
27 20 4
27 24 6
27 26 3
28 0 8
28 2 7
28 4 9
28 7 1
28 8 8
28 9 2
28 10 9
28 11 2
28 14 9
28 15 2
28 16 9
28 20 2
28 21 10
28 23 8
28 24 6
28 25 10
28 27 5
29 1 10
29 2 4
29 3 7
29 5 5
29 7 8
29 8 3
29 9 5
29 13 4
29 14 4
29 16 4
29 17 3
29 20 9
29 21 3
29 22 3
29 23 10
29 24 5
29 25 9
29 27 6
29 28 1
30 0 5
30 2 1
30 3 8
30 4 3
30 5 4
30 7 6
30 9 6
30 11 5
30 15 9
30 16 8
30 18 3
30 19 5
30 20 2
30 21 3
30 22 5
30 25 10
30 26 2
30 28 2
30 29 8
31 0 9
31 1 10
31 2 1
31 3 1
31 5 9
31 7 9
31 8 2
31 9 6
31 10 4
31 13 8
31 15 6
31 17 5
31 18 9
31 19 2
31 20 7
31 21 9
31 22 4
31 23 3
31 26 9
31 28 5
31 30 8
32 0 4
32 1 7
32 2 6
32 4 9
32 7 7
32 8 4
32 10 10
32 12 9
32 13 6
32 15 9
32 19 8
32 20 10
32 22 1
32 24 8
32 25 1
32 29 8
32 31 9
33 0 3
33 1 4
33 4 1
33 6 3
33 9 7
33 10 5
33 12 4
33 15 5
33 16 5
33 17 2
33 20 8
33 24 8
33 25 1
33 26 8
33 27 6
33 28 10
33 29 1
33 31 10
34 2 9
34 3 7
34 4 8
34 5 3
34 8 8
34 9 6
34 10 8
34 12 8
34 14 1
34 16 7
34 18 1
34 19 1
34 20 6
34 21 8
34 23 9
34 24 4
34 25 10
34 26 7
34 28 3
34 29 3
34 30 7
34 31 10
34 32 6
34 33 9
35 0 7
35 1 1
35 4 3
35 6 9
35 7 1
35 9 10
35 10 5
35 11 2
35 13 7
35 14 3
35 18 5
35 20 6
35 21 7
35 22 3
35 23 3
35 24 9
35 25 7
35 26 6
35 31 8
35 33 9
35 34 6
36 1 2
36 4 8
36 5 1
36 6 4
36 7 6
36 8 10
36 9 6
36 10 7
36 11 3
36 12 9
36 13 4
36 15 1
36 16 1
36 17 4
36 18 3
36 19 10
36 20 8
36 21 10
36 22 7
36 23 8
36 27 9
36 28 8
36 30 2
36 31 9
36 32 6
36 34 7
37 1 3
37 2 7
37 3 1
37 5 8
37 7 6
37 8 6
37 11 1
37 12 4
37 14 10
37 16 7
37 17 3
37 18 5
37 23 5
37 25 7
37 27 1
37 28 7
37 31 9
37 34 9
37 35 1
38 1 10
38 3 6
38 4 2
38 6 2
38 7 5
38 8 6
38 11 8
38 13 5
38 14 10
38 15 4
38 16 1
38 17 6
38 19 1
38 20 1
38 23 8
38 24 5
38 25 3
38 26 7
38 28 2
38 29 5
38 30 6
38 33 10
38 34 4
38 35 10
38 36 1
38 37 10
39 0 2
39 5 8
39 7 6
39 8 2
39 9 9
39 10 9
39 14 7
39 15 2
39 17 3
39 18 4
39 19 7
39 21 8
39 24 1
39 25 6
39 26 9
39 27 1
39 28 7
39 30 6
39 32 9
39 33 7
39 34 6
39 35 7
39 38 10
40 1 9
40 2 10
40 3 3
40 4 9
40 5 4
40 6 7
40 7 4
40 8 3
40 9 4
40 10 3
40 12 3
40 17 10
40 18 2
40 20 10
40 22 8
40 23 10
40 26 1
40 27 5
40 28 4
40 29 8
40 30 4
40 31 4
40 35 8
40 36 1
40 38 5
40 39 10
41 1 8
41 2 8
41 3 3
41 4 2
41 7 3
41 9 3
41 11 10
41 13 8
41 14 10
41 15 4
41 16 5
41 17 8
41 20 9
41 21 6
41 23 2
41 25 7
41 26 1
41 27 3
41 28 2
41 29 5
41 30 6
41 32 5
41 33 8
41 36 7
41 37 6
41 40 2
42 0 1
42 1 5
42 4 9
42 6 9
42 7 3
42 10 3
42 11 1
42 12 6
42 14 10
42 15 5
42 16 2
42 17 7
42 18 8
42 20 2
42 21 10
42 22 2
42 24 3
42 27 10
42 28 6
42 30 9
42 31 6
42 32 1
42 33 4
42 36 9
43 0 6
43 1 8
43 3 8
43 4 9
43 6 8
43 7 9
43 8 7
43 9 1
43 11 9
43 13 2
43 14 2
43 15 3
43 16 6
43 19 4
43 20 8
43 21 2
43 23 2
43 24 8
43 25 2
43 27 7
43 29 8
43 32 2
43 34 5
43 37 8
43 38 2
43 40 1
44 2 8
44 3 10
44 4 9
44 7 9
44 8 4
44 10 5
44 15 6
44 17 3
44 18 3
44 19 6
44 21 3
44 22 3
44 23 1
44 26 6
44 27 6
44 30 1
44 31 8
44 32 9
44 33 5
44 37 1
44 38 10
44 39 10
44 40 4
44 41 4
45 0 3
45 1 1
45 3 1
45 4 5
45 5 8
45 7 2
45 8 8
45 9 3
45 10 3
45 11 9
45 12 2
45 13 8
45 14 1
45 15 4
45 16 4
45 18 5
45 22 7
45 24 1
45 25 7
45 26 8
45 27 7
45 28 7
45 29 1
45 30 3
45 32 5
45 35 10
45 36 4
45 37 6
45 39 9
45 40 6
45 42 6
45 43 1
45 44 1
46 2 7
46 3 8
46 5 10
46 6 7
46 7 8
46 8 2
46 9 7
46 10 4
46 11 7
46 12 3
46 13 8
46 15 3
46 17 2
46 22 6
46 23 10
46 24 10
46 27 4
46 28 8
46 30 3
46 32 8
46 36 10
46 37 6
46 38 3
46 40 10
46 41 9
46 44 8
46 45 6
47 0 7
47 1 10
47 2 10
47 3 4
47 4 2
47 6 6
47 7 6
47 8 7
47 12 2
47 13 10
47 14 8
47 15 10
47 16 6
47 17 5
47 19 6
47 20 6
47 21 4
47 24 8
47 25 1
47 26 1
47 27 3
47 28 3
47 31 2
47 32 6
47 33 8
47 36 1
47 37 9
47 41 8
47 42 8
47 46 5
48 0 1
48 1 9
48 2 4
48 3 8
48 4 1
48 6 1
48 7 3
48 8 5
48 10 5
48 11 6
48 12 5
48 13 6
48 14 10
48 15 5
48 16 10
48 17 9
48 18 3
48 21 4
48 23 8
48 24 5
48 29 6
48 30 3
48 31 8
48 33 5
48 35 1
48 36 6
48 37 6
48 38 10
48 39 6
48 41 7
48 45 4
48 46 9
48 47 8
49 1 3
49 4 10
49 5 10
49 6 7
49 10 1
49 11 7
49 16 8
49 18 10
49 19 10
49 20 5
49 21 5
49 22 6
49 23 4
49 24 2
49 26 7
49 28 3
49 31 6
49 32 3
49 34 6
49 36 2
49 37 3
49 38 5
49 39 6
49 40 5
49 41 4
49 42 7
49 43 8
49 44 10
49 45 4
49 46 10
49 47 2
49 48 8
50 0 1
50 2 8
50 3 9
50 6 10
50 7 5
50 8 6
50 9 6
50 10 9
50 11 4
50 12 7
50 13 6
50 14 8
50 15 1
50 16 5
50 17 3
50 21 8
50 22 6
50 25 1
50 26 3
50 27 2
50 28 8
50 29 5
50 30 6
50 31 7
50 32 5
50 34 9
50 38 1
50 39 10
50 41 1
50 44 7
50 45 7
50 46 3
50 48 5
50 49 10
51 0 6
51 1 10
51 4 8
51 5 4
51 6 2
51 7 3
51 8 2
51 10 7
51 11 6
51 12 8
51 14 7
51 15 1
51 16 2
51 17 10
51 21 7
51 23 7
51 24 9
51 26 8
51 27 10
51 29 3
51 31 10
51 33 7
51 34 7
51 36 1
51 37 7
51 40 8
51 41 10
51 42 3
51 43 10
51 45 7
51 46 5
51 47 7
51 48 10
51 49 1
52 1 9
52 5 3
52 6 5
52 7 6
52 8 6
52 10 2
52 15 8
52 17 7
52 18 1
52 20 2
52 21 8
52 22 2
52 26 8
52 27 4
52 28 4
52 31 2
52 32 9
52 34 10
52 35 7
52 36 9
52 39 3
52 42 3
52 43 9
52 44 5
52 48 7
52 49 5
52 51 5
53 0 2
53 1 3
53 2 4
53 3 2
53 5 7
53 6 5
53 9 6
53 10 10
53 13 4
53 14 1
53 16 7
53 17 8
53 19 7
53 21 4
53 23 8
53 24 9
53 25 2
53 26 4
53 28 4
53 29 10
53 30 5
53 33 7
53 34 4
53 35 10
53 37 8
53 38 7
53 39 6
53 41 8
53 42 9
53 43 5
53 48 4
53 49 10
53 51 3
53 52 4
54 0 10
54 1 6
54 4 10
54 5 1
54 7 6
54 9 9
54 10 8
54 11 5
54 12 6
54 16 2
54 17 5
54 19 4
54 22 8
54 23 8
54 24 4
54 25 2
54 26 1
54 27 10
54 33 6
54 36 8
54 37 8
54 38 2
54 42 3
54 44 6
54 46 3
54 47 2
54 48 3
54 49 10
54 50 10
54 53 4
55 0 6
55 3 6
55 5 6
55 6 4
55 8 6
55 9 6
55 11 8
55 12 10
55 14 5
55 16 8
55 18 8
55 19 6
55 20 5
55 21 5
55 22 10
55 23 6
55 24 2
55 26 8
55 27 4
55 29 2
55 30 8
55 31 7
55 32 7
55 34 7
55 35 10
55 38 8
55 39 7
55 40 7
55 41 2
55 43 7
55 44 1
55 45 9
55 46 4
55 47 6
55 51 6
55 52 7
55 53 1
55 54 10
56 0 5
56 1 6
56 2 4
56 3 4
56 4 2
56 5 4
56 8 1
56 10 4
56 11 8
56 15 3
56 16 7
56 17 9
56 20 10
56 21 1
56 25 2
56 26 7
56 27 10
56 28 1
56 31 4
56 32 2
56 34 4
56 36 5
56 41 7
56 48 9
56 49 7
56 51 1
57 0 5
57 2 9
57 3 1
57 4 3
57 5 2
57 7 4
57 8 2
57 9 3
57 10 4
57 11 4
57 12 6
57 14 1
57 15 5
57 16 8
57 17 8
57 18 1
57 19 2
57 20 3
57 22 1
57 23 7
57 24 1
57 26 9
57 27 3
57 29 6
57 30 5
57 31 6
57 35 5
57 40 7
57 43 7
57 45 3
57 46 2
57 48 6
57 49 9
57 50 4
57 53 6
57 55 10
57 56 3
58 0 3
58 1 8
58 2 3
58 3 3
58 6 6
58 8 10
58 9 5
58 10 4
58 13 6
58 15 2
58 16 10
58 18 1
58 19 2
58 20 5
58 21 4
58 22 8
58 23 5
58 24 8
58 25 8
58 26 8
58 27 4
58 29 1
58 30 2
58 33 9
58 34 3
58 35 10
58 36 8
58 38 9
58 39 7
58 40 6
58 42 7
58 44 6
58 45 6
58 47 10
58 48 9
58 49 10
58 50 2
58 51 3
58 52 4
58 54 2
58 55 2
58 56 10
58 57 8
59 2 2
59 6 4
59 8 5
59 9 10
59 10 3
59 11 7
59 12 9
59 17 8
59 18 9
59 21 2
59 22 8
59 25 2
59 29 8
59 32 6
59 33 3
59 34 7
59 35 5
59 36 5
59 37 6
59 38 8
59 41 1
59 43 4
59 45 10
59 46 7
59 47 10
59 48 9
59 49 7
59 52 2
59 53 3
59 54 4
59 55 7
59 56 1
60 4 9
60 5 8
60 6 8
60 9 4
60 10 6
60 11 3
60 12 5
60 13 7
60 15 10
60 16 5
60 18 2
60 20 9
60 21 2
60 23 2
60 26 7
60 27 5
60 31 8
60 32 1
60 33 3
60 34 9
60 35 2
60 42 10
60 43 7
60 44 3
60 46 9
60 48 5
60 49 9
60 50 5
60 51 1
60 52 6
60 56 10
60 57 7
60 59 5
61 2 3
61 3 1
61 4 7
61 5 6
61 9 10
61 11 2
61 12 4
61 14 10
61 15 9
61 17 10
61 19 3
61 20 7
61 21 6
61 25 10
61 26 1
61 27 7
61 28 9
61 29 3
61 30 8
61 32 4
61 33 5
61 35 5
61 36 8
61 37 3
61 38 7
61 39 10
61 40 3
61 41 1
61 42 2
61 44 3
61 45 9
61 47 6
61 48 10
61 51 1
61 52 5
61 55 6
61 56 6
61 58 7
61 60 2
62 0 6
62 1 2
62 4 6
62 5 3
62 6 6
62 7 2
62 9 4
62 11 8
62 12 9
62 15 7
62 16 4
62 17 6
62 18 9
62 19 7
62 22 5
62 23 3
62 24 2
62 25 2
62 26 3
62 27 10
62 28 7
62 30 10
62 32 3
62 34 5
62 39 1
62 42 4
62 44 5
62 46 8
62 47 4
62 48 4
62 49 4
62 50 4
62 52 9
62 53 1
62 54 2
62 55 1
62 56 3
62 57 6
62 60 3
62 61 6
63 2 2
63 7 8
63 8 3
63 9 9
63 10 3
63 11 9
63 14 9
63 15 2
63 17 10
63 20 4
63 21 7
63 22 1
63 23 5
63 24 5
63 25 6
63 26 4
63 27 7
63 28 6
63 29 9
63 32 10
63 33 8
63 36 8
63 37 5
63 38 8
63 39 8
63 41 2
63 42 10
63 45 1
63 46 2
63 47 5
63 49 4
63 50 4
63 51 8
63 52 7
63 54 1
63 57 8
63 59 6
63 61 4
63 62 7
64 0 10
64 1 3
64 2 5
64 6 9
64 7 5
64 8 2
64 9 3
64 13 5
64 14 6
64 15 3
64 16 1
64 17 10
64 18 8
64 19 6
64 20 1
64 23 3
64 27 3
64 29 2
64 30 8
64 38 5
64 39 7
64 41 5
64 42 9
64 46 5
64 47 2
64 48 7
64 51 8
64 53 5
64 54 8
64 57 5
64 58 9
64 59 5
64 60 3
64 62 2
64 63 10
65 0 4
65 1 8
65 2 9
65 3 3
65 5 2
65 7 5
65 11 2
65 12 9
65 13 4
65 14 1
65 17 10
65 26 7
65 27 3
65 28 9
65 30 3
65 31 4
65 32 4
65 37 2
65 38 2
65 39 9
65 40 10
65 41 6
65 42 7
65 43 9
65 44 3
65 45 4
65 46 5
65 47 5
65 48 4
65 49 2
65 50 9
65 51 5
65 52 5
65 53 3
65 55 5
65 57 1
65 58 6
65 59 5
65 60 10
65 63 7
65 64 3
66 3 10
66 4 1
66 6 1
66 7 4
66 8 5
66 9 7
66 12 8
66 13 6
66 14 1
66 15 7
66 16 1
66 19 1
66 20 8
66 21 7
66 22 5
66 23 6
66 24 1
66 27 3
66 29 9
66 31 8
66 32 2
66 33 8
66 34 9
66 35 1
66 39 6
66 41 6
66 45 3
66 47 4
66 49 7
66 51 9
66 52 8
66 55 8
66 56 1
66 59 3
66 60 7
66 62 10
66 63 2
66 65 2
67 6 1
67 7 8
67 9 8
67 11 10
67 12 2
67 14 2
67 19 10
67 23 9
67 25 5
67 26 6
67 27 6
67 29 1
67 32 1
67 34 10
67 35 3
67 36 2
67 37 7
67 40 10
67 44 1
67 45 4
67 47 7
67 48 5
67 50 5
67 54 3
67 55 9
67 56 1
67 58 4
67 59 10
67 61 5
67 64 2
67 66 6
68 0 8
68 1 1
68 4 3
68 5 3
68 7 7
68 8 4
68 16 9
68 21 9
68 22 2
68 23 8
68 26 2
68 28 5
68 29 4
68 30 4
68 31 3
68 32 4
68 33 3
68 34 4
68 37 3
68 38 8
68 41 2
68 43 9
68 46 3
68 47 6
68 49 8
68 50 5
68 51 7
68 52 8
68 53 6
68 54 1
68 56 6
68 57 9
68 60 10
68 62 7
68 64 7
68 65 1
68 66 4
68 67 3
69 1 5
69 2 4
69 3 6
69 4 6
69 6 7
69 7 6
69 10 8
69 12 4
69 16 1
69 17 7
69 18 4
69 19 3
69 21 6
69 22 8
69 23 1
69 26 4
69 28 8
69 29 4
69 31 3
69 32 5
69 33 7
69 34 2
69 35 2
69 39 8
69 41 8
69 42 5
69 43 9
69 44 9
69 45 7
69 48 10
69 49 6
69 50 2
69 51 7
69 52 10
69 54 8
69 55 9
69 57 2
69 58 5
69 59 6
69 60 6
69 63 5
69 64 2
69 65 9
69 66 1
69 67 7
