40
3 1 3
3 2 5
4 0 8
5 1 20
5 3 14
5 4 9
6 0 10
6 2 19
6 3 20
6 4 9
7 3 9
7 5 19
7 6 11
8 1 5
8 3 3
8 6 10
8 7 5
9 2 10
9 3 4
9 5 12
10 1 1
10 9 12
11 7 12
11 9 14
12 3 9
12 5 4
12 6 19
12 7 2
12 9 9
12 11 20
13 2 17
13 4 1
13 7 18
14 0 17
14 3 3
14 8 13
14 10 6
14 11 15
14 12 13
15 2 1
15 7 1
15 12 15
15 14 15
16 0 18
16 1 2
16 2 17
16 6 9
16 8 1
16 12 16
16 15 14
17 0 4
17 2 16
17 3 17
17 4 2
17 5 12
17 6 13
17 7 19
17 8 3
17 9 17
17 11 8
17 14 19
18 0 16
18 1 19
18 2 5
18 3 9
18 4 10
18 5 4
18 8 15
18 11 18
18 13 1
18 14 13
18 17 18
19 1 7
19 2 1
19 6 2
19 7 1
19 11 20
19 13 8
19 14 1
19 18 14
20 4 8
20 5 10
20 13 12
20 18 13
20 19 12
21 0 1
21 4 19
21 5 16
21 7 5
21 9 3
21 10 1
21 12 14
21 13 18
21 14 2
21 17 9
21 20 12
22 2 11
22 5 17
22 7 3
22 8 16
22 9 14
22 10 6
22 11 15
22 12 2
22 17 19
22 19 13
22 21 13
23 1 19
23 2 5
23 3 20
23 5 3
23 6 20
23 9 5
23 12 19
23 13 18
23 14 12
23 15 13
23 17 15
23 19 9
23 22 15
24 0 8
24 3 12
24 5 16
24 10 19
24 15 16
24 18 12
24 22 16
24 23 8
25 0 4
25 3 9
25 4 15
25 6 6
25 9 1
25 11 5
25 13 10
25 16 7
25 18 11
25 19 4
25 22 2
25 23 16
26 0 6
26 2 16
26 15 1
26 17 7
26 22 4
27 1 11
27 3 5
27 5 16
27 6 3
27 7 3
27 9 15
27 11 3
27 15 3
27 21 18
27 24 19
27 25 16
28 0 19
28 3 19
28 9 20
28 10 2
28 12 13
28 15 3
28 19 5
28 23 2
28 27 17
29 1 1
29 10 18
29 11 17
29 12 7
29 18 12
29 20 18
29 26 15
30 4 15
30 5 8
30 7 19
30 9 14
30 10 17
30 12 4
30 18 16
30 20 10
30 26 20
30 29 6
31 0 1
31 5 20
31 7 15
31 8 3
31 9 17
31 12 5
31 13 11
31 15 14
31 16 12
31 17 18
31 22 10
31 23 6
31 25 15
31 29 18
32 2 3
32 3 3
32 5 12
32 6 4
32 8 16
32 10 13
32 12 19
32 13 2
32 14 16
32 15 7
32 18 2
32 21 17
32 26 13
32 27 18
33 3 19
33 6 16
33 8 5
33 10 20
33 12 16
33 13 16
33 14 20
33 15 5
33 16 18
33 17 14
33 18 16
33 21 13
33 23 18
33 24 13
33 25 1
33 26 15
33 27 12
33 31 19
34 1 14
34 3 2
34 7 1
34 11 18
34 18 6
34 23 14
34 24 20
34 25 7
34 26 16
34 27 12
34 28 20
34 29 10
34 31 4
34 33 9
35 2 4
35 4 1
35 5 16
35 7 6
35 8 6
35 9 5
35 11 18
35 13 13
35 17 5
35 19 7
35 24 2
35 25 2
35 26 11
35 29 15
35 34 18
36 0 15
36 2 4
36 5 19
36 10 19
36 15 17
36 16 7
36 17 14
36 20 6
36 27 1
36 28 14
36 30 15
36 33 7
36 34 2
37 0 14
37 1 11
37 3 2
37 5 7
37 8 14
37 9 14
37 13 17
37 15 3
37 17 2
37 24 11
37 29 1
37 32 18
37 33 16
38 2 2
38 3 5
38 4 20
38 6 13
38 8 18
38 9 8
38 14 5
38 17 16
38 20 20
38 24 2
38 25 15
38 26 14
38 27 8
38 28 19
38 30 6
38 32 14
38 35 7
38 37 10
39 0 1
39 5 18
39 6 1
39 8 3
39 12 3
39 15 7
39 17 17
39 20 20
39 22 15
39 23 15
39 25 16
39 26 5
39 28 1
39 32 6
39 33 3
