60
1 0 130
2 0 144
3 0 39
3 2 126
4 1 90
4 3 7
5 2 60
6 0 78
6 1 8
6 2 89
6 3 158
6 5 69
7 1 11
7 3 58
7 4 1
7 5 31
8 1 67
8 2 153
8 3 29
8 4 134
8 5 58
8 6 74
9 2 27
9 3 150
9 5 17
9 6 108
9 7 140
9 8 82
10 0 74
10 1 64
10 2 13
10 3 118
10 4 75
10 6 116
10 8 89
10 9 66
11 0 8
11 1 147
11 2 148
11 3 20
11 4 145
11 5 72
11 6 131
11 7 105
11 8 108
11 10 136
12 0 89
12 1 126
12 3 108
12 4 140
12 7 156
12 8 43
12 9 60
12 10 84
12 11 49
13 1 158
13 3 52
13 5 52
13 9 74
13 11 38
14 0 58
14 4 66
14 5 151
14 6 143
14 9 4
14 11 50
14 12 2
14 13 145
15 0 96
15 1 12
15 2 116
15 3 1
15 4 117
15 5 46
15 6 124
15 7 50
15 8 80
15 11 35
15 12 72
15 14 18
16 1 139
16 2 127
16 3 3
16 4 58
16 5 25
16 6 16
16 7 145
16 8 26
16 9 120
16 10 87
16 12 83
16 14 78
17 0 112
17 1 79
17 2 87
17 3 6
17 5 96
17 6 139
17 7 136
17 9 105
17 10 13
17 12 121
17 13 118
17 14 71
17 15 65
17 16 71
18 0 82
18 1 47
18 2 23
18 3 23
18 4 99
18 6 85
18 7 52
18 8 13
18 9 159
18 10 73
18 11 63
18 13 34
18 14 45
18 16 89
19 0 55
19 2 75
19 3 84
19 5 56
19 8 45
19 10 78
19 11 99
19 13 74
19 14 71
19 17 75
19 18 106
20 0 81
20 1 117
20 2 26
20 6 32
20 7 88
20 9 91
20 10 9
20 11 105
20 12 136
20 14 80
20 16 127
20 17 84
20 19 88
21 0 150
21 1 39
21 3 92
21 4 51
21 5 107
21 6 105
21 7 41
21 8 148
21 10 63
21 11 18
21 12 54
21 13 67
21 15 119
21 16 89
21 17 72
21 19 83
21 20 148
22 3 17
22 8 12
22 9 29
22 11 152
22 12 31
22 13 148
22 14 53
22 15 103
22 17 52
22 18 90
22 20 83
22 21 26
23 0 6
23 2 85
23 3 158
23 4 119
23 6 151
23 7 21
23 8 47
23 11 111
23 13 96
23 14 109
23 15 123
23 17 72
23 18 27
23 20 65
23 21 138
23 22 51
24 0 117
24 1 67
24 3 57
24 4 143
24 6 120
24 7 121
24 8 5
24 9 82
24 10 68
24 11 98
24 13 78
24 14 108
24 16 123
24 17 14
24 18 12
24 19 17
24 20 20
24 21 123
24 22 143
24 23 140
25 0 69
25 3 101
25 4 109
25 5 19
25 7 113
25 8 3
25 13 78
25 15 86
25 16 144
25 19 126
25 20 60
25 21 36
25 23 81
25 24 21
26 0 50
26 1 2
26 4 16
26 6 105
26 7 119
26 10 153
26 11 114
26 12 108
26 13 100
26 16 145
26 17 132
26 18 70
26 20 116
26 23 137
26 24 135
26 25 99
27 0 158
27 3 160
27 6 123
27 7 110
27 8 13
27 10 44
27 11 126
27 12 144
27 13 143
27 14 42
27 16 80
27 17 116
27 18 120
27 19 80
27 21 145
27 22 101
27 23 136
27 25 132
27 26 59
28 0 157
28 1 24
28 2 105
28 3 52
28 4 18
28 6 136
28 7 6
28 8 65
28 9 61
28 10 151
28 11 114
28 12 52
28 13 6
28 15 81
28 16 34
28 18 22
28 19 37
28 21 46
28 22 109
28 24 22
29 0 79
29 2 41
29 3 71
29 5 132
29 7 122
29 9 20
29 10 51
29 13 18
29 14 58
29 15 88
29 16 100
29 18 154
29 19 121
29 20 9
29 21 61
29 24 159
29 26 125
29 28 89
30 0 74
30 2 33
30 3 9
30 4 42
30 7 116
30 10 30
30 11 147
30 13 121
30 14 140
30 18 157
30 19 144
30 20 141
30 23 74
30 25 45
30 26 138
30 27 3
30 29 28
31 0 149
31 2 128
31 4 128
31 10 151
31 11 82
31 12 81
31 13 133
31 14 11
31 15 135
31 16 36
31 18 110
31 20 112
31 21 110
31 22 105
31 23 64
31 24 147
31 25 96
31 26 45
31 27 52
31 28 43
31 29 35
32 0 160
32 2 69
32 4 13
32 6 35
32 7 102
32 8 20
32 9 137
32 10 104
32 11 36
32 12 107
32 14 100
32 17 101
32 19 108
32 20 67
32 23 53
32 27 76
32 29 123
32 30 88
32 31 93
33 0 50
33 1 22
33 2 38
33 3 80
33 5 44
33 6 156
33 7 6
33 9 51
33 10 13
33 11 92
33 12 31
33 13 22
33 14 95
33 15 24
33 16 9
33 17 98
33 18 158
33 19 154
33 21 88
33 22 27
33 24 105
33 25 44
33 26 126
33 28 138
33 29 50
33 30 25
33 31 23
34 0 17
34 1 30
34 3 76
34 8 97
34 10 144
34 11 84
34 12 109
34 13 155
34 14 131
34 15 113
34 16 73
34 18 78
34 22 64
34 25 47
34 26 69
34 27 38
34 29 78
34 31 77
34 32 119
34 33 121
35 0 141
35 3 89
35 4 100
35 6 111
35 7 144
35 9 62
35 11 100
35 13 92
35 14 124
35 16 148
35 17 123
35 18 10
35 19 63
35 20 133
35 21 84
35 23 88
35 24 137
35 25 80
35 28 3
35 29 26
35 31 38
35 32 140
35 33 151
35 34 76
36 0 92
36 1 77
36 2 40
36 4 13
36 5 11
36 7 41
36 8 71
36 9 85
36 11 119
36 12 68
36 13 110
36 15 116
36 17 86
36 20 65
36 23 109
36 24 4
36 25 150
36 26 148
36 31 98
36 32 26
36 33 70
36 34 18
36 35 76
37 1 97
37 2 141
37 3 23
37 5 29
37 6 28
37 7 33
37 9 37
37 10 124
37 11 145
37 14 154
37 15 8
37 17 129
37 18 6
37 20 117
37 21 58
37 22 31
37 26 111
37 27 99
37 28 109
37 32 144
37 34 1
37 35 118
38 0 144
38 2 39
38 3 141
38 4 24
38 5 147
38 6 128
38 7 114
38 8 71
38 9 52
38 10 71
38 11 154
38 13 86
38 14 50
38 15 35
38 16 25
38 17 64
38 18 96
38 19 28
38 21 41
38 23 9
38 26 51
38 29 5
38 30 86
38 31 148
38 32 34
38 33 128
38 34 137
38 35 152
38 37 3
39 0 141
39 1 109
39 2 110
39 3 34
39 4 121
39 5 139
39 6 116
39 10 86
39 11 108
39 12 10
39 13 17
39 14 11
39 15 72
39 17 129
39 18 99
39 19 2
39 20 41
39 21 103
39 22 152
39 23 139
39 25 47
39 26 96
39 27 157
39 30 22
39 31 12
39 32 105
39 33 50
39 34 7
39 35 18
39 36 95
39 37 112
40 0 146
40 1 154
40 2 33
40 4 9
40 5 147
40 6 19
40 9 141
40 11 141
40 15 13
40 16 94
40 17 12
40 20 69
40 21 76
40 22 6
40 23 45
40 27 60
40 28 26
40 29 125
40 31 116
40 32 126
40 33 26
40 35 39
40 36 71
40 37 159
40 38 93
40 39 83
41 0 10
41 1 110
41 2 113
41 4 120
41 6 40
41 8 73
41 9 99
41 10 69
41 11 7
41 12 50
41 13 139
41 14 69
41 15 26
41 16 23
41 17 74
41 18 134
41 19 136
41 20 7
41 21 136
41 22 85
41 23 1
41 24 98
41 25 107
41 27 119
41 28 94
41 29 70
41 30 113
41 31 10
41 32 96
41 33 23
41 34 27
41 35 47
41 37 21
41 38 112
41 39 121
42 0 93
42 2 65
42 3 78
42 4 117
42 6 83
42 7 32
42 9 119
42 10 63
42 11 28
42 13 24
42 14 59
42 15 114
42 17 135
42 18 98
42 19 106
42 20 138
42 21 69
42 22 143
42 24 107
42 25 137
42 29 79
42 30 145
42 31 121
42 33 160
42 34 17
42 35 40
42 36 149
42 37 35
42 38 26
42 39 140
42 40 96
42 41 115
43 0 100
43 3 44
43 4 129
43 6 96
43 7 46
43 8 90
43 10 52
43 11 41
43 12 30
43 14 22
43 15 37
43 16 2
43 17 139
43 18 23
43 23 97
43 24 17
43 27 131
43 28 91
43 29 141
43 30 7
43 31 145
43 32 47
43 33 10
43 34 12
43 35 47
43 37 115
43 40 148
43 42 145
44 0 26
44 1 132
44 2 83
44 3 139
44 4 117
44 5 132
44 7 49
44 10 10
44 11 9
44 14 1
44 15 147
44 17 131
44 18 68
44 20 2
44 22 82
44 23 111
44 24 54
44 26 44
44 27 41
44 28 59
44 29 97
44 33 101
44 34 6
44 35 104
44 38 130
44 39 61
44 40 2
44 42 91
44 43 144
45 0 108
45 1 106
45 2 48
45 3 12
45 5 61
45 6 46
45 10 114
45 11 88
45 12 149
45 13 91
45 14 122
45 15 32
45 16 50
45 17 95
45 18 14
45 20 28
45 21 79
45 22 78
45 23 42
45 24 112
45 28 122
45 29 41
45 32 122
45 33 142
45 34 68
45 35 18
45 37 124
45 38 98
45 39 4
45 40 48
45 41 122
45 42 148
45 43 14
45 44 140
46 0 123
46 1 31
46 2 38
46 3 48
46 4 69
46 5 31
46 6 10
46 7 48
46 8 24
46 12 109
46 13 54
46 15 83
46 16 68
46 17 97
46 19 37
46 21 14
46 22 36
46 23 114
46 24 73
46 25 119
46 26 32
46 27 11
46 28 83
46 29 29
46 31 147
46 33 158
46 34 26
46 35 141
46 36 63
46 37 20
46 38 74
46 39 88
46 40 106
46 41 49
46 42 63
46 43 76
46 44 26
47 0 127
47 2 30
47 3 57
47 5 56
47 9 112
47 10 111
47 11 22
47 12 88
47 13 159
47 14 59
47 15 69
47 16 116
47 17 110
47 18 30
47 19 44
47 20 156
47 22 72
47 26 9
47 27 86
47 28 31
47 29 137
47 30 22
47 31 3
47 32 145
47 34 110
47 35 113
47 36 26
47 37 127
47 38 35
47 42 147
47 43 110
47 44 116
47 46 82
48 0 88
48 5 120
48 6 56
48 7 84
48 8 23
48 9 149
48 10 8
48 11 13
48 12 31
48 13 49
48 14 99
48 15 84
48 23 83
48 24 22
48 25 6
48 26 11
48 27 45
48 28 122
48 29 43
48 30 59
48 31 151
48 32 112
48 34 48
48 35 99
48 36 124
48 37 124
48 38 159
48 39 75
48 40 121
48 41 22
48 42 45
48 44 133
48 45 70
48 46 80
48 47 132
49 0 91
49 1 10
49 3 7
49 5 99
49 6 23
49 7 64
49 8 157
49 9 83
49 11 126
49 13 126
49 14 62
49 15 19
49 16 24
49 17 140
49 18 107
49 20 136
49 21 109
49 22 142
49 23 118
49 24 100
49 25 50
49 27 127
49 28 43
49 29 116
49 30 52
49 31 56
49 32 144
49 33 147
49 34 129
49 35 157
49 37 29
49 38 75
49 39 23
49 42 29
49 43 125
49 44 117
49 45 9
49 47 14
49 48 116
50 0 78
50 1 31
50 2 34
50 3 67
50 5 119
50 6 137
50 7 152
50 8 128
50 10 64
50 11 142
50 18 56
50 19 77
50 20 97
50 21 23
50 22 74
50 24 109
50 25 102
50 27 135
50 28 65
50 30 18
50 31 95
50 33 94
50 34 2
50 35 63
50 38 122
50 39 81
50 40 39
50 43 14
50 44 68
50 45 10
50 46 21
50 47 47
50 49 134
51 0 117
51 1 58
51 5 150
51 6 46
51 7 24
51 9 80
51 10 133
51 11 65
51 12 61
51 14 107
51 15 73
51 17 21
51 18 16
51 19 32
51 21 56
51 22 30
51 23 116
51 25 124
51 26 48
51 27 21
51 28 49
51 30 133
51 31 69
51 32 58
51 33 96
51 35 153
51 37 159
51 38 90
51 39 3
51 40 82
51 41 106
51 42 134
51 43 112
51 45 136
51 46 107
51 49 142
52 0 30
52 1 85
52 2 9
52 3 107
52 4 124
52 5 43
52 7 114
52 8 115
52 9 86
52 10 149
52 11 68
52 12 41
52 13 136
52 15 141
52 16 112
52 18 80
52 19 12
52 20 100
52 21 23
52 24 26
52 25 133
52 28 28
52 29 99
52 30 22
52 31 148
52 36 58
52 38 33
52 39 20
52 40 139
52 41 128
52 42 63
52 43 159
52 44 133
52 45 41
52 46 21
52 47 94
52 48 147
52 50 88
52 51 143
53 2 117
53 4 33
53 5 157
53 6 110
53 7 101
53 9 128
53 10 14
53 11 143
53 12 109
53 14 53
53 15 155
53 17 53
53 18 40
53 20 116
53 21 92
53 23 83
53 24 98
53 26 81
53 27 22
53 28 131
53 29 75
53 30 88
53 32 56
53 35 38
53 37 85
53 38 1
53 39 91
53 40 132
53 41 159
53 42 114
53 43 8
53 44 31
53 46 97
53 47 22
53 48 77
54 1 106
54 2 148
54 3 11
54 4 19
54 6 69
54 7 39
54 9 115
54 10 106
54 11 106
54 12 159
54 13 131
54 14 70
54 15 140
54 16 42
54 17 160
54 18 140
54 19 145
54 20 39
54 23 103
54 24 115
54 25 88
54 27 56
54 28 115
54 29 24
54 30 143
54 31 136
54 33 35
54 34 8
54 36 62
54 37 147
54 40 86
54 41 91
54 42 147
54 43 129
54 45 22
54 46 5
54 48 11
54 49 50
54 50 121
54 52 109
54 53 126
55 0 147
55 1 143
55 2 131
55 5 19
55 8 120
55 9 26
55 11 130
55 12 107
55 13 92
55 14 121
55 16 69
55 17 57
55 19 59
55 22 152
55 23 93
55 28 76
55 30 147
55 31 118
55 32 137
55 33 9
55 36 148
55 37 135
55 38 151
55 39 68
55 40 106
55 41 102
55 42 103
55 43 28
55 44 150
55 46 44
55 47 91
55 49 152
55 51 78
55 52 149
55 54 54
56 0 113
56 1 17
56 3 130
56 4 84
56 6 111
56 8 2
56 9 146
56 12 95
56 14 51
56 15 45
56 16 158
56 17 2
56 18 36
56 19 84
56 20 14
56 21 87
56 23 74
56 25 51
56 26 160
56 27 131
56 28 33
56 29 7
56 30 3
56 31 49
56 32 131
56 34 13
56 35 104
56 37 37
56 39 19
56 40 33
56 43 102
56 44 57
56 46 64
56 49 148
56 50 37
56 51 152
56 52 22
56 53 91
56 54 51
56 55 141
57 0 139
57 1 138
57 3 134
57 4 19
57 5 152
57 8 61
57 9 127
57 10 81
57 11 159
57 12 63
57 13 47
57 15 89
57 16 10
57 18 122
57 19 131
57 20 133
57 21 89
57 22 10
57 23 26
57 24 60
57 26 123
57 28 60
57 29 148
57 31 139
57 32 64
57 33 6
57 35 99
57 36 139
57 37 24
57 38 76
57 39 97
57 40 98
57 41 106
57 48 68
57 50 155
57 51 154
57 53 13
57 54 88
57 55 81
57 56 133
58 0 136
58 1 133
58 2 91
58 3 127
58 5 147
58 6 154
58 8 154
58 9 5
58 10 81
58 13 41
58 14 23
58 15 42
58 18 108
58 19 12
58 20 24
58 21 79
58 22 150
58 23 38
58 26 60
58 28 50
58 29 130
58 32 21
58 33 117
58 34 154
58 35 44
58 36 78
58 38 160
58 39 101
58 40 50
58 41 29
58 42 22
58 43 29
58 45 51
58 46 120
58 47 33
58 48 115
58 49 136
58 53 145
58 54 130
58 55 144
58 56 1
59 0 64
59 1 42
59 2 160
59 4 146
59 6 14
59 7 14
59 8 8
59 9 97
59 10 143
59 11 4
59 12 48
59 13 49
59 14 104
59 15 42
59 16 7
59 17 85
59 20 4
59 21 94
59 22 52
59 25 3
59 26 103
59 27 146
59 28 66
59 29 71
59 30 99
59 32 69
59 33 40
59 35 44
59 36 54
59 39 14
59 40 73
59 41 51
59 42 93
59 44 32
59 46 29
59 49 28
59 51 44
59 52 81
59 53 153
59 54 158
59 55 14
59 56 8
