40
1 0 7
2 0 9
2 1 9
3 0 4
4 1 3
6 2 5
6 3 4
7 1 2
7 4 5
8 0 2
8 1 10
8 3 4
8 5 2
8 7 4
9 0 7
9 1 8
9 6 8
10 0 4
10 2 6
10 4 9
10 5 5
10 9 2
11 0 3
11 4 5
11 6 8
12 5 9
12 6 1
12 11 1
13 2 5
13 4 7
13 11 6
14 4 1
14 7 10
14 9 7
14 12 3
14 13 8
15 0 9
15 3 8
15 5 3
15 6 1
15 7 9
15 9 1
15 13 6
16 0 5
16 1 1
16 7 5
16 10 2
16 11 2
17 0 1
17 1 1
17 3 6
17 4 2
17 5 4
17 8 9
17 9 5
17 10 3
17 12 9
17 13 4
17 15 7
18 0 8
18 3 6
18 5 1
18 9 7
18 11 4
18 12 5
18 13 1
18 15 1
19 0 1
19 1 6
19 4 9
19 5 3
19 7 8
19 8 6
19 13 2
19 14 8
19 15 2
19 18 4
20 1 6
20 5 3
20 9 8
20 14 5
20 15 9
21 2 7
21 5 3
21 11 1
21 12 10
21 13 10
21 15 2
21 17 4
21 20 1
22 5 8
22 6 10
22 11 7
22 13 4
22 20 6
22 21 1
23 1 1
23 2 6
23 3 2
23 6 4
23 10 9
23 11 1
23 14 2
23 19 9
23 20 7
24 0 3
24 1 9
24 4 10
24 5 9
24 9 5
24 13 2
24 14 5
24 18 5
24 21 9
24 22 10
25 0 9
25 10 7
25 13 2
25 17 2
25 18 8
25 19 5
25 21 1
25 22 9
26 1 4
26 2 1
26 10 3
26 12 1
26 15 4
26 16 10
26 19 10
26 20 7
26 24 4
26 25 4
27 0 2
27 1 1
27 4 2
27 5 8
27 8 6
27 10 5
27 12 6
27 14 10
27 25 6
28 0 2
28 1 5
28 2 1
28 5 2
28 9 6
28 11 9
28 15 1
28 16 8
28 17 9
28 20 10
28 22 10
28 23 6
28 24 8
29 1 7
29 2 1
29 3 5
29 4 3
29 5 2
29 7 5
29 17 7
29 22 3
29 23 1
29 25 4
29 28 7
30 1 6
30 4 3
30 5 5
30 11 6
30 14 7
30 15 7
30 16 8
30 17 6
30 18 9
30 20 1
30 22 10
30 27 2
30 28 4
31 4 4
31 5 7
31 8 10
31 9 9
31 10 5
31 13 6
31 17 6
31 19 8
31 20 8
31 22 4
31 24 10
31 30 3
32 0 5
32 1 5
32 2 9
32 3 2
32 5 5
32 11 1
32 12 7
32 15 7
32 22 6
32 27 7
32 29 7
32 30 7
33 6 4
33 8 6
33 11 10
33 13 7
33 14 6
33 18 6
33 21 10
33 22 6
33 24 8
33 25 2
33 26 9
33 27 7
33 28 10
33 30 9
34 1 9
34 3 9
34 6 2
34 8 6
34 10 7
34 11 1
34 12 4
34 14 10
34 16 6
34 17 10
34 18 4
34 21 5
34 23 4
34 24 6
34 26 8
34 27 9
34 30 9
34 33 5
35 1 3
35 3 8
35 4 5
35 6 1
35 7 2
35 14 9
35 15 8
35 28 9
35 29 10
35 31 8
35 32 3
35 33 5
35 34 3
36 1 7
36 3 7
36 4 10
36 5 10
36 6 7
36 8 10
36 11 6
36 13 10
36 15 2
36 17 2
36 20 1
36 21 2
36 26 1
36 29 3
36 33 6
36 34 4
37 1 2
37 2 6
37 3 6
37 4 4
37 5 1
37 6 3
37 7 3
37 8 1
37 9 1
37 10 2
37 11 10
37 12 5
37 18 5
37 19 8
37 24 2
37 25 8
37 27 4
37 29 6
37 30 10
37 32 9
38 0 6
38 1 6
38 4 4
38 5 9
38 6 2
38 7 7
38 8 1
38 12 6
38 13 4
38 18 9
38 22 4
38 25 4
38 26 3
38 30 2
38 32 5
38 33 10
38 34 9
38 36 9
38 37 2
39 1 2
39 2 2
39 3 4
39 4 5
39 6 2
39 9 3
39 10 6
39 13 6
39 14 10
39 15 4
39 16 2
39 18 3
39 20 9
39 23 2
39 24 4
39 27 1
39 29 7
39 33 7
39 35 9
39 36 1
