70
1 0 121
2 0 265
3 0 315
3 1 58
3 2 259
4 0 167
4 2 208
4 3 9
5 0 181
5 3 105
5 4 287
6 5 180
7 0 18
7 2 54
7 4 161
8 0 14
8 2 223
8 3 290
8 4 179
8 5 100
9 1 250
9 5 216
9 6 253
10 0 61
10 1 285
10 6 83
10 7 53
10 8 116
11 1 81
11 5 18
11 7 64
11 8 81
11 9 291
11 10 236
12 3 259
12 5 273
12 6 315
12 7 277
12 8 108
12 9 274
12 11 306
13 2 93
13 6 185
13 9 89
13 12 37
14 0 77
14 1 246
14 2 303
14 3 5
14 6 169
14 9 286
14 11 25
14 13 85
15 0 126
15 1 242
15 2 81
15 3 240
15 4 279
15 7 263
15 8 44
15 12 155
15 13 133
15 14 159
16 0 273
16 1 112
16 5 215
16 7 236
16 8 32
16 11 170
16 12 15
16 15 246
17 0 30
17 2 2
17 3 119
17 5 281
17 7 133
17 8 158
17 9 284
17 11 153
17 15 70
17 16 180
18 0 98
18 3 198
18 6 296
18 7 47
18 8 188
18 9 289
18 13 252
19 2 305
19 5 132
19 6 83
19 8 43
19 9 277
19 11 213
19 14 201
19 15 307
19 17 47
20 8 147
20 12 26
20 15 170
20 16 234
21 0 272
21 2 73
21 3 216
21 6 79
21 9 309
21 12 81
21 19 201
22 0 284
22 1 253
22 6 286
22 8 7
22 10 136
22 15 213
22 17 222
22 18 123
22 19 87
23 0 108
23 5 61
23 6 60
23 11 93
23 12 88
23 13 184
23 15 125
23 16 28
23 17 206
23 18 220
23 20 297
23 21 91
24 0 268
24 3 110
24 6 126
24 7 203
24 9 275
24 13 136
24 14 155
24 16 291
24 17 268
24 20 41
24 21 12
24 22 48
24 23 147
25 1 131
25 4 237
25 6 193
25 10 247
25 11 11
25 16 19
25 17 145
25 18 120
25 19 196
25 22 222
26 0 19
26 2 44
26 3 204
26 6 167
26 7 148
26 8 17
26 10 196
26 12 95
26 13 9
26 23 253
26 24 147
27 0 292
27 3 15
27 4 230
27 7 47
27 12 167
27 13 260
27 14 274
27 16 13
27 17 293
27 19 270
27 22 117
27 23 68
27 24 236
27 26 264
28 0 151
28 1 278
28 2 57
28 5 46
28 8 221
28 9 284
28 10 147
28 11 162
28 14 269
28 15 273
28 17 200
28 18 315
28 20 182
28 21 209
28 24 170
28 25 233
28 27 221
29 5 251
29 6 211
29 7 47
29 8 103
29 9 146
29 11 284
29 14 201
29 16 257
29 18 133
29 19 174
29 23 34
29 24 239
29 25 147
30 0 281
30 1 187
30 2 152
30 4 19
30 6 194
30 8 148
30 9 140
30 11 172
30 12 71
30 13 86
30 16 187
30 17 112
30 23 185
30 24 221
30 26 122
30 28 122
30 29 289
31 0 91
31 1 110
31 3 1
31 8 146
31 9 187
31 10 56
31 11 251
31 12 207
31 13 171
31 15 15
31 17 171
31 18 249
31 19 133
31 20 30
31 23 293
31 24 276
31 25 147
31 26 210
31 27 186
31 29 63
31 30 73
32 0 124
32 2 246
32 5 287
32 8 267
32 9 128
32 10 181
32 12 154
32 16 23
32 17 285
32 19 276
32 20 45
32 21 94
32 24 191
32 26 84
32 29 50
33 0 277
33 2 269
33 3 175
33 4 301
33 6 59
33 7 110
33 8 34
33 9 272
33 10 316
33 14 67
33 15 250
33 16 16
33 19 98
33 20 232
33 21 310
33 27 88
33 31 244
34 1 183
34 2 186
34 3 43
34 4 110
34 5 29
34 8 29
34 10 160
34 11 317
34 15 77
34 16 130
34 17 233
34 18 55
34 19 30
34 21 213
34 24 200
34 25 287
34 27 98
34 28 185
34 29 289
35 1 65
35 5 261
35 6 104
35 12 161
35 13 232
35 14 179
35 15 183
35 19 121
35 20 170
35 21 290
35 25 269
35 26 86
35 27 298
35 28 29
35 29 164
35 32 133
35 33 246
35 34 57
36 3 8
36 6 193
36 7 36
36 8 122
36 9 231
36 12 112
36 13 320
36 14 115
36 15 249
36 18 269
36 22 203
36 23 93
36 24 155
36 25 261
36 28 259
36 29 121
36 30 154
36 32 40
36 33 66
37 1 34
37 2 309
37 4 83
37 5 117
37 8 109
37 9 63
37 11 190
37 12 135
37 16 176
37 17 26
37 18 284
37 20 77
37 21 141
37 22 4
37 23 152
37 27 283
37 29 26
37 32 160
37 34 115
37 35 92
37 36 83
38 2 5
38 5 308
38 7 300
38 11 52
38 15 121
38 18 74
38 20 217
38 24 247
38 26 291
38 27 85
38 30 90
38 35 123
38 36 94
39 0 268
39 3 293
39 5 91
39 6 14
39 8 178
39 14 46
39 19 52
39 22 58
39 23 146
39 24 150
39 26 18
39 30 292
39 31 120
39 36 89
40 1 131
40 2 277
40 3 100
40 5 312
40 6 207
40 9 47
40 12 151
40 13 224
40 16 74
40 17 110
40 19 316
40 23 15
40 30 157
40 31 210
40 32 127
40 33 118
41 0 175
41 3 304
41 7 8
41 11 195
41 15 212
41 16 17
41 17 80
41 22 16
41 23 213
41 27 298
41 28 176
41 30 79
41 33 280
41 37 216
41 38 128
41 39 129
41 40 170
42 0 314
42 2 71
42 3 38
42 4 83
42 5 294
42 6 244
42 10 92
42 11 163
42 15 214
42 20 171
42 21 175
42 22 270
42 28 106
42 30 169
42 31 311
42 34 83
42 37 176
42 38 231
42 41 83
43 0 227
43 1 156
43 2 237
43 4 103
43 7 81
43 8 147
43 10 158
43 11 248
43 12 257
43 13 311
43 15 255
43 19 208
43 20 244
43 21 276
43 22 251
43 23 299
43 25 273
43 26 263
43 27 267
43 30 277
43 33 298
43 36 97
43 37 255
43 38 95
43 40 148
43 41 23
44 0 113
44 1 216
44 3 146
44 5 15
44 6 45
44 7 311
44 10 127
44 12 81
44 13 220
44 14 155
44 15 101
44 16 88
44 19 12
44 21 163
44 23 56
44 29 226
44 31 48
44 40 192
45 0 128
45 4 284
45 5 318
45 6 320
45 14 256
45 15 164
45 16 307
45 19 75
45 20 66
45 22 297
45 25 3
45 30 195
45 33 212
45 36 51
45 37 15
45 39 198
45 43 52
45 44 93
46 2 213
46 4 283
46 5 107
46 6 175
46 8 22
46 13 159
46 14 117
46 17 4
46 18 120
46 20 210
46 21 183
46 22 193
46 23 148
46 25 242
46 26 188
46 31 287
46 32 185
46 33 240
46 35 235
46 36 67
46 43 209
46 44 163
47 0 195
47 1 314
47 8 166
47 10 312
47 11 13
47 12 29
47 13 196
47 14 224
47 15 167
47 16 301
47 17 64
47 18 146
47 22 53
47 26 69
47 27 199
47 29 162
47 32 113
47 34 139
47 36 266
47 37 178
47 38 143
47 42 298
47 43 238
47 46 199
48 2 311
48 3 88
48 6 199
48 9 256
48 10 126
48 11 202
48 12 172
48 14 6
48 15 6
48 16 197
48 18 19
48 20 148
48 21 208
48 22 171
48 24 71
48 27 278
48 29 277
48 33 284
48 35 41
48 36 144
48 37 22
48 39 247
48 44 222
49 0 264
49 2 110
49 3 245
49 6 122
49 8 84
49 12 240
49 13 298
49 17 314
49 20 128
49 21 9
49 22 180
49 23 268
49 26 174
49 27 86
49 28 272
49 29 112
49 30 313
49 35 214
49 38 151
49 40 256
49 42 209
49 43 269
49 45 263
49 46 129
50 0 193
50 2 289
50 10 278
50 12 162
50 16 103
50 17 250
50 19 165
50 20 150
50 22 303
50 24 192
50 26 3
50 27 101
50 29 252
50 31 78
50 35 126
50 36 103
50 37 233
50 39 260
50 40 230
50 45 86
50 47 31
50 49 101
51 4 100
51 5 105
51 7 261
51 11 223
51 13 299
51 14 77
51 17 293
51 20 3
51 21 194
51 23 236
51 24 272
51 25 32
51 29 307
51 30 232
51 31 320
51 33 110
51 36 27
51 37 304
51 40 157
51 42 269
51 46 118
51 48 274
51 50 117
52 0 222
52 1 41
52 4 34
52 6 140
52 8 270
52 9 229
52 10 32
52 11 220
52 12 228
52 13 147
52 15 221
52 17 123
52 19 304
52 21 82
52 23 188
52 26 205
52 28 194
52 30 264
52 31 39
52 32 56
52 34 110
52 35 19
52 36 123
52 37 101
52 40 99
52 41 13
52 44 110
52 45 10
52 46 22
52 47 242
52 48 69
52 50 8
53 1 98
53 2 265
53 6 252
53 7 12
53 10 132
53 13 275
53 14 265
53 15 292
53 17 300
53 18 13
53 19 26
53 21 121
53 23 162
53 24 164
53 26 250
53 28 84
53 32 293
53 34 41
53 35 104
53 38 101
53 41 154
53 47 165
54 3 188
54 6 176
54 9 111
54 11 178
54 13 20
54 14 8
54 19 72
54 21 5
54 22 86
54 23 81
54 27 288
54 30 88
54 31 218
54 33 291
54 35 140
54 37 18
54 38 164
54 40 190
54 41 210
54 43 35
54 44 172
54 47 3
54 49 317
55 0 174
55 4 252
55 5 126
55 8 109
55 9 100
55 10 285
55 11 12
55 12 98
55 18 153
55 20 208
55 21 242
55 24 201
55 25 202
55 26 211
55 28 163
55 29 74
55 30 309
55 31 148
55 34 98
55 37 309
55 38 199
55 39 279
55 41 81
55 44 149
55 45 124
55 47 110
55 48 282
55 51 78
55 52 1
56 1 3
56 3 35
56 6 232
56 8 81
56 9 45
56 12 156
56 13 125
56 15 198
56 20 39
56 21 103
56 23 217
56 27 147
56 28 246
56 29 38
56 30 20
56 31 67
56 32 37
56 35 22
56 36 108
56 38 28
56 40 184
56 44 203
56 46 283
56 48 241
56 55 16
57 2 27
57 4 171
57 5 240
57 10 133
57 12 204
57 13 147
57 16 87
57 17 204
57 18 189
57 19 180
57 20 10
57 21 96
57 23 173
57 26 146
57 29 249
57 30 237
57 32 148
57 34 97
57 37 171
57 39 282
57 41 96
57 42 135
57 43 16
57 44 219
57 45 254
57 48 68
57 50 66
57 51 121
57 53 248
57 55 78
57 56 189
58 0 272
58 1 108
58 3 200
58 4 104
58 9 41
58 10 159
58 12 155
58 13 119
58 14 92
58 15 155
58 28 156
58 29 320
58 31 260
58 34 311
58 35 252
58 38 55
58 41 2
58 42 108
58 44 1
58 45 247
58 46 250
58 47 163
58 50 240
58 51 213
58 52 108
58 54 84
58 55 228
59 0 245
59 3 214
59 7 124
59 8 128
59 9 80
59 13 106
59 14 225
59 17 113
59 20 208
59 23 170
59 26 193
59 27 267
59 28 206
59 29 261
59 30 3
59 33 212
59 34 113
59 35 60
59 38 157
59 39 90
59 40 139
59 41 213
59 44 186
59 45 25
59 46 191
59 48 76
59 50 103
59 52 124
59 53 172
59 54 127
59 55 95
59 57 250
60 3 200
60 6 315
60 7 250
60 9 304
60 11 282
60 12 191
60 14 280
60 15 241
60 21 164
60 22 126
60 23 131
60 24 24
60 25 27
60 26 109
60 27 78
60 28 249
60 30 126
60 31 116
60 33 202
60 36 227
60 41 200
60 42 8
60 44 197
60 47 23
60 52 148
60 53 22
60 59 198
61 0 113
61 1 312
61 3 77
61 4 262
61 8 261
61 10 148
61 11 259
61 12 1
61 13 268
61 14 218
61 15 19
61 18 319
61 22 3
61 23 179
61 24 292
61 25 6
61 27 19
61 28 153
61 30 296
61 34 30
61 38 235
61 39 236
61 41 37
61 43 63
61 46 155
61 47 86
61 48 237
61 49 73
61 50 246
61 51 47
61 52 82
61 54 262
61 55 42
61 56 60
61 57 53
61 59 15
62 3 131
62 5 48
62 6 26
62 7 199
62 8 210
62 9 124
62 10 200
62 13 36
62 16 88
62 17 220
62 18 273
62 21 65
62 22 218
62 24 165
62 26 288
62 31 54
62 35 257
62 36 201
62 38 214
62 41 181
62 42 168
62 43 237
62 44 176
62 45 270
62 47 163
62 50 242
62 58 20
62 59 263
62 60 82
63 2 18
63 3 71
63 5 106
63 6 73
63 8 105
63 9 182
63 12 287
63 13 221
63 16 11
63 18 201
63 21 128
63 22 108
63 25 227
63 28 83
63 30 176
63 32 270
63 36 162
63 37 268
63 47 90
63 50 160
63 51 280
63 52 97
63 54 302
63 56 264
63 60 212
63 61 101
64 0 132
64 3 64
64 4 290
64 5 166
64 7 318
64 8 176
64 9 142
64 13 313
64 21 1
64 22 234
64 23 129
64 24 221
64 25 102
64 26 285
64 28 245
64 33 211
64 34 52
64 35 283
64 37 266
64 38 178
64 40 307
64 41 297
64 42 310
64 43 78
64 44 134
64 45 238
64 47 68
64 49 39
64 50 61
64 52 207
64 55 91
64 57 38
64 59 169
64 61 160
64 63 104
65 0 182
65 1 217
65 2 13
65 3 54
65 4 118
65 6 140
65 8 155
65 10 196
65 11 96
65 13 269
65 15 155
65 17 24
65 19 69
65 20 200
65 21 191
65 24 165
65 27 268
65 32 249
65 33 230
65 34 95
65 35 36
65 36 253
65 37 163
65 38 108
65 39 235
65 40 196
65 49 276
65 51 182
65 57 298
65 59 251
65 60 241
65 61 190
65 62 212
66 0 40
66 1 242
66 4 46
66 6 77
66 8 291
66 10 192
66 16 317
66 19 117
66 21 153
66 23 105
66 25 94
66 26 181
66 30 244
66 31 121
66 32 16
66 33 284
66 37 283
66 38 207
66 39 25
66 40 169
66 41 143
66 42 221
66 43 68
66 45 73
66 46 183
66 47 181
66 49 77
66 52 80
66 54 124
66 55 83
66 57 36
66 60 162
66 62 74
67 3 147
67 4 23
67 6 109
67 8 115
67 10 130
67 11 228
67 13 100
67 17 147
67 18 285
67 21 138
67 22 242
67 25 167
67 26 19
67 27 49
67 28 239
67 29 177
67 30 188
67 33 297
67 35 184
67 39 268
67 40 306
67 41 163
67 44 199
67 48 78
67 54 130
67 55 131
67 56 40
67 57 161
67 58 305
67 61 136
67 64 287
67 65 133
68 0 279
68 7 100
68 9 184
68 11 249
68 14 251
68 15 42
68 16 207
68 17 88
68 19 270
68 22 301
68 25 282
68 26 37
68 27 53
68 29 208
68 30 45
68 33 171
68 34 81
68 35 262
68 36 150
68 37 60
68 39 100
68 40 46
68 41 260
68 42 38
68 43 144
68 45 131
68 46 247
68 47 114
68 51 83
68 53 131
68 55 130
68 56 169
68 58 132
68 62 168
68 65 311
69 1 3
69 2 141
69 4 85
69 5 282
69 6 94
69 8 269
69 9 117
69 10 295
69 12 247
69 13 262
69 19 192
69 23 165
69 24 10
69 25 310
69 26 235
69 27 71
69 28 71
69 29 113
69 31 45
69 32 14
69 33 29
69 36 82
69 39 307
69 43 190
69 44 52
69 46 98
69 48 183
69 49 153
69 52 137
69 55 122
69 58 174
69 59 119
69 60 3
69 63 240
69 64 189
