70
1 0 121
3 0 39
3 1 7
5 0 91
5 4 81
7 6 56
8 0 141
8 2 2
8 7 117
9 8 14
10 7 134
11 0 43
11 9 43
12 8 76
13 2 151
14 3 4
14 5 42
14 12 110
15 0 52
15 1 41
15 2 73
15 6 13
15 12 124
16 4 30
16 7 6
16 8 13
16 9 105
16 11 35
16 15 135
17 10 87
17 14 64
18 1 138
18 7 56
18 9 27
18 14 154
18 15 42
19 6 87
19 15 117
20 4 34
20 5 147
20 12 49
20 14 115
20 18 91
21 11 5
21 14 117
22 4 89
22 17 129
23 2 64
23 12 114
23 22 54
24 1 51
24 2 58
24 7 48
24 9 108
25 0 100
25 8 95
25 9 67
25 10 26
25 14 105
25 20 158
25 21 135
25 23 146
26 5 6
26 6 59
26 12 154
26 15 59
26 18 139
26 19 49
26 24 113
26 25 143
27 1 138
27 3 87
27 4 7
27 5 52
27 20 108
28 1 16
28 3 92
28 4 104
28 11 104
28 18 46
28 20 53
28 27 3
29 1 112
29 6 72
29 15 59
29 20 142
29 24 149
29 27 98
30 2 94
30 4 31
30 5 35
30 7 83
30 12 26
30 20 72
30 22 153
30 25 2
31 0 148
31 4 117
31 8 103
31 12 112
31 16 142
31 22 84
31 25 3
31 28 74
32 1 129
32 2 80
32 9 108
32 22 24
32 30 38
33 11 22
33 14 1
33 16 134
33 18 63
33 24 153
34 2 61
34 27 9
34 30 41
35 2 85
35 6 125
35 9 67
35 10 102
35 11 112
35 14 104
35 17 153
35 18 46
35 20 111
35 21 13
35 23 149
35 34 32
36 4 119
36 5 13
36 6 23
36 11 69
36 21 160
36 25 41
36 26 133
36 27 149
36 29 2
36 30 99
36 32 101
36 33 131
37 1 137
37 10 69
37 17 46
37 18 124
37 26 6
37 31 146
37 35 53
38 0 17
38 3 89
38 4 96
38 16 56
38 20 156
38 22 136
38 23 87
38 27 91
38 28 88
38 29 73
38 36 48
38 37 136
39 6 101
39 7 140
39 8 150
39 22 28
39 35 37
40 1 122
40 11 87
40 14 72
40 16 119
40 18 116
40 20 8
40 21 93
40 31 140
40 32 31
40 36 38
40 37 153
40 39 34
41 2 87
41 12 144
41 13 63
41 15 14
41 20 9
41 24 55
41 26 141
41 30 96
42 0 49
42 4 104
42 7 7
42 10 132
42 14 7
42 15 139
42 16 84
42 20 150
42 27 34
42 33 81
42 39 40
42 41 94
43 0 94
43 7 27
43 8 97
43 10 37
43 23 30
43 33 9
43 36 152
43 39 71
44 0 55
44 3 60
44 4 71
44 7 105
44 9 125
44 15 79
44 25 93
44 27 122
44 32 46
44 39 104
45 1 138
45 19 119
45 30 32
45 33 60
45 37 54
45 43 150
45 44 7
46 2 145
46 4 88
46 7 147
46 8 39
46 11 3
46 12 153
46 13 159
46 16 140
46 27 73
46 32 54
46 34 108
46 37 92
46 40 46
47 3 134
47 5 115
47 7 66
47 13 92
47 15 150
47 21 109
47 23 100
47 29 1
47 30 110
47 35 120
47 36 1
47 37 133
47 43 46
47 46 52
48 6 116
48 15 35
48 18 72
48 25 13
48 30 40
48 34 75
48 36 31
48 37 99
48 39 14
48 41 96
48 43 17
48 45 133
49 7 140
49 9 58
49 11 6
49 24 114
49 25 139
49 32 159
50 1 25
50 4 44
50 6 145
50 7 137
50 25 32
50 30 48
50 36 146
50 39 8
50 45 156
51 4 68
51 10 138
51 15 96
51 18 20
51 23 59
51 33 71
51 41 9
51 42 158
51 46 88
52 12 39
52 14 132
52 22 5
52 27 48
52 28 32
52 29 56
52 36 56
52 46 156
52 49 41
52 51 147
53 22 94
53 25 115
53 35 97
53 39 110
53 41 118
53 49 2
53 50 50
54 12 39
54 14 157
54 16 43
54 17 136
54 21 85
54 30 51
54 38 63
54 47 139
55 8 109
55 9 73
55 10 95
55 13 55
55 15 22
55 23 139
55 26 128
55 36 75
55 37 133
55 38 44
55 41 12
55 42 50
55 50 141
55 54 2
56 5 98
56 11 43
56 13 54
56 14 17
56 15 114
56 16 32
56 24 123
56 33 131
56 36 84
56 47 11
56 48 159
56 49 138
57 3 115
57 8 101
57 11 55
57 13 28
57 16 32
57 20 153
57 25 27
57 31 95
57 32 141
57 45 63
57 46 79
57 48 30
57 51 51
57 52 118
58 0 106
58 1 17
58 8 47
58 20 106
58 21 100
58 23 22
58 39 149
58 42 130
58 50 1
58 51 133
58 52 83
59 2 107
59 9 92
59 11 58
59 12 13
59 16 38
59 17 98
59 23 66
59 34 8
59 37 73
59 43 99
59 47 131
59 48 119
59 50 81
59 55 154
59 57 26
59 58 7
60 0 149
60 4 32
60 6 142
60 17 78
60 43 5
60 52 17
60 53 116
61 3 113
61 4 45
61 6 53
61 9 73
61 16 138
61 20 13
61 21 4
61 28 102
61 39 98
61 47 57
61 48 126
61 49 152
61 51 116
62 7 121
62 8 127
62 15 83
62 18 65
62 22 71
62 32 5
62 37 94
62 39 125
62 56 47
63 5 49
63 7 84
63 15 67
63 17 134
63 20 111
63 21 62
63 27 46
63 31 156
63 33 16
63 35 68
63 36 109
63 37 18
63 38 59
63 43 3
63 44 151
63 49 32
63 51 131
63 61 123
64 1 131
64 5 66
64 7 17
64 8 107
64 15 117
64 40 76
64 45 111
64 46 138
64 60 36
64 63 21
65 0 86
65 7 52
65 11 136
65 12 35
65 13 124
65 20 145
65 22 140
65 29 53
65 30 28
65 34 93
65 46 110
65 51 123
65 56 55
65 58 114
65 59 93
65 60 86
66 0 67
66 10 29
66 16 89
66 23 65
66 26 111
66 27 51
66 42 33
66 45 31
66 52 154
66 54 53
66 55 66
66 65 147
67 10 108
67 12 24
67 14 26
67 16 15
67 23 137
67 25 41
67 26 38
67 41 110
67 44 72
67 57 53
67 63 144
68 0 52
68 9 120
68 20 86
68 31 83
68 34 130
68 37 86
68 38 86
68 43 145
68 47 79
68 48 147
68 50 104
68 53 55
68 62 24
69 7 68
69 8 126
69 9 97
69 12 135
69 23 48
69 28 113
69 41 160
69 46 26
69 51 20
69 62 1
69 65 111
