50
2 1 20
3 1 21
4 1 7
4 3 33
5 2 24
6 0 21
6 3 9
6 5 36
7 2 6
7 3 15
7 5 25
8 0 30
8 2 18
8 4 29
8 5 31
8 6 26
8 7 7
9 0 16
9 1 21
9 2 34
9 4 35
9 5 38
10 0 24
10 1 4
10 3 36
10 4 31
10 6 35
10 7 36
10 8 10
11 0 33
11 2 28
11 3 30
11 4 7
11 6 16
11 8 22
11 10 5
12 0 28
12 1 29
12 2 34
12 6 40
12 7 4
12 8 8
12 9 2
12 11 6
13 3 10
13 4 8
13 5 10
13 7 24
13 8 32
13 9 24
13 10 15
13 11 12
14 2 15
14 3 12
14 4 1
14 5 1
14 6 15
14 7 36
14 8 26
14 9 13
14 10 10
14 12 30
14 13 5
15 0 33
15 1 12
15 2 1
15 3 33
15 5 38
15 7 29
15 9 15
15 11 17
15 14 29
16 0 17
16 1 20
16 2 35
16 3 34
16 6 8
16 8 26
16 13 7
16 15 5
17 2 39
17 4 34
17 5 12
17 8 7
17 9 33
17 10 31
17 11 8
17 13 17
17 14 19
17 15 15
17 16 13
18 4 14
18 5 18
18 6 7
18 7 25
18 9 19
18 10 29
18 11 15
18 12 6
18 13 29
18 14 32
18 15 9
18 17 22
19 0 16
19 1 32
19 2 38
19 4 3
19 6 39
19 7 25
19 8 28
19 10 12
19 14 32
19 15 16
19 17 3
19 18 21
20 1 21
20 2 14
20 4 30
20 5 1
20 6 3
20 8 30
20 9 30
20 12 11
20 13 28
20 14 19
20 15 6
20 16 39
20 18 29
21 2 25
21 4 11
21 5 6
21 9 5
21 10 4
21 11 3
21 13 17
21 15 16
21 17 40
21 19 7
21 20 2
22 1 21
22 3 29
22 4 36
22 5 21
22 6 23
22 9 31
22 11 19
22 12 17
22 13 7
22 14 9
22 15 23
22 18 40
22 21 9
23 0 8
23 2 38
23 4 32
23 6 37
23 7 35
23 9 5
23 11 6
23 12 36
23 13 31
23 14 14
23 15 15
23 16 13
23 18 2
23 19 9
23 20 16
23 21 22
24 0 21
24 2 34
24 3 39
24 4 23
24 5 30
24 6 15
24 7 40
24 8 32
24 10 13
24 13 10
24 14 18
24 16 4
24 18 3
24 19 26
24 21 10
25 1 20
25 4 20
25 5 13
25 6 5
25 8 24
25 9 25
25 10 40
25 11 9
25 12 5
25 13 16
25 14 14
25 17 8
25 19 18
25 22 8
25 24 12
26 0 18
26 2 5
26 4 16
26 6 27
26 7 16
26 9 28
26 11 23
26 12 1
26 13 6
26 16 22
26 17 13
26 18 30
26 19 5
26 20 2
26 22 25
26 23 28
26 25 8
27 0 19
27 1 25
27 6 40
27 7 3
27 9 29
27 10 24
27 12 21
27 13 14
27 14 30
27 15 7
27 20 21
27 21 28
27 22 14
27 23 31
27 24 31
27 25 11
27 26 37
28 2 26
28 4 23
28 8 21
28 9 29
28 10 24
28 12 28
28 13 23
28 14 17
28 15 17
28 17 8
28 18 38
28 22 9
28 23 29
28 24 40
28 27 33
29 1 5
29 2 2
29 5 34
29 6 35
29 7 2
29 10 7
29 11 1
29 14 34
29 18 13
29 19 24
29 22 34
29 23 14
29 26 25
30 1 27
30 4 14
30 6 10
30 8 31
30 9 9
30 10 8
30 11 1
30 12 13
30 15 16
30 16 32
30 17 23
30 20 8
30 23 2
30 24 21
30 25 33
30 26 40
30 28 30
30 29 21
31 0 23
31 1 28
31 2 9
31 3 6
31 4 27
31 7 7
31 9 12
31 10 39
31 13 8
31 14 33
31 15 21
31 16 36
31 17 29
31 20 30
31 21 16
31 24 30
31 25 18
31 26 30
31 28 40
31 30 40
32 0 12
32 1 23
32 2 8
32 3 8
32 5 19
32 7 33
32 9 39
32 11 10
32 13 35
32 15 13
32 18 18
32 19 9
32 21 1
32 23 2
32 24 27
32 26 24
32 27 11
32 30 30
32 31 10
33 0 8
33 2 35
33 4 27
33 5 24
33 6 22
33 7 1
33 8 28
33 9 30
33 10 28
33 14 10
33 16 4
33 18 17
33 19 34
33 20 25
33 21 3
33 22 26
33 23 26
33 24 23
33 26 36
33 27 7
33 28 17
33 29 8
33 30 39
33 31 27
34 0 19
34 1 12
34 4 8
34 6 26
34 7 35
34 8 35
34 9 40
34 10 1
34 11 34
34 12 6
34 13 9
34 15 36
34 17 33
34 18 13
34 19 1
34 20 11
34 21 5
34 22 6
34 27 31
34 28 40
34 30 38
34 31 22
34 32 8
34 33 11
35 0 4
35 1 34
35 3 4
35 4 20
35 6 6
35 7 26
35 10 20
35 17 21
35 18 11
35 19 34
35 21 38
35 24 10
35 25 40
35 27 25
35 28 17
35 29 30
35 30 19
35 33 29
36 1 18
36 2 22
36 4 2
36 6 20
36 8 32
36 11 24
36 12 36
36 13 22
36 16 25
36 18 31
36 19 24
36 20 20
36 21 37
36 22 17
36 24 10
36 27 12
36 28 18
36 30 18
36 31 27
36 32 26
36 33 23
36 34 19
36 35 32
37 0 17
37 1 18
37 2 18
37 3 3
37 8 29
37 9 18
37 10 34
37 11 10
37 12 2
37 13 7
37 14 2
37 15 9
37 17 40
37 19 14
37 20 25
37 21 35
37 22 29
37 23 9
37 24 38
37 25 33
37 26 6
37 28 32
37 33 16
37 34 28
37 35 4
38 1 1
38 4 21
38 5 13
38 8 33
38 9 18
38 10 30
38 11 38
38 12 40
38 13 32
38 14 19
38 15 8
38 16 21
38 17 16
38 19 9
38 20 13
38 21 31
38 23 28
38 26 22
38 29 2
38 30 9
38 31 36
38 32 7
38 37 18
39 1 7
39 2 15
39 8 13
39 10 7
39 11 26
39 12 1
39 13 12
39 15 20
39 17 9
39 19 26
39 21 16
39 24 39
39 25 6
39 26 21
39 27 6
39 29 40
39 31 32
39 33 19
39 34 17
39 35 23
39 36 39
39 37 38
39 38 23
40 0 5
40 1 5
40 3 35
40 4 7
40 5 21
40 7 34
40 10 37
40 11 23
40 13 16
40 14 1
40 15 24
40 16 18
40 17 11
40 18 20
40 19 30
40 20 23
40 22 17
40 24 19
40 25 22
40 26 21
40 28 36
40 29 22
40 33 21
40 36 21
40 37 16
41 2 9
41 3 34
41 4 27
41 5 34
41 7 9
41 10 23
41 12 25
41 13 39
41 14 14
41 15 30
41 16 36
41 17 33
41 18 5
41 20 6
41 21 27
41 24 22
41 31 37
41 32 32
41 33 34
41 34 18
41 35 26
41 37 6
41 38 32
41 39 24
42 0 12
42 1 20
42 2 10
42 5 6
42 6 5
42 8 14
42 10 23
42 11 25
42 13 22
42 14 36
42 15 36
42 18 15
42 19 28
42 20 20
42 23 3
42 24 7
42 26 31
42 27 32
42 30 34
42 32 22
42 33 38
42 36 21
42 37 36
42 38 36
42 41 20
43 0 21
43 2 37
43 3 30
43 4 6
43 5 6
43 7 39
43 10 2
43 11 27
43 12 1
43 13 9
43 14 3
43 16 26
43 18 21
43 19 20
43 20 18
43 21 7
43 22 39
43 23 2
43 25 18
43 26 16
43 27 22
43 29 13
43 30 20
43 32 9
43 35 8
43 38 35
43 39 19
43 40 21
43 41 33
44 0 20
44 1 23
44 2 1
44 3 33
44 4 30
44 5 27
44 6 34
44 7 13
44 11 36
44 13 40
44 14 15
44 15 2
44 16 4
44 17 13
44 18 12
44 20 24
44 22 1
44 23 15
44 24 27
44 25 15
44 26 25
44 27 31
44 28 22
44 29 40
44 33 2
44 35 2
44 36 17
44 37 1
44 38 34
44 39 4
44 41 1
44 42 5
44 43 40
45 0 32
45 1 3
45 5 11
45 6 15
45 7 11
45 8 20
45 9 22
45 11 18
45 13 35
45 14 18
45 15 31
45 17 16
45 18 24
45 19 15
45 23 21
45 24 2
45 25 39
45 26 25
45 27 33
45 28 4
45 29 30
45 30 4
45 32 19
45 33 32
45 34 9
45 35 17
45 37 5
45 40 25
45 42 34
45 44 8
46 0 31
46 3 6
46 4 19
46 5 23
46 6 37
46 8 9
46 9 33
46 11 8
46 13 30
46 14 27
46 16 25
46 17 28
46 18 29
46 19 26
46 20 28
46 23 9
46 25 30
46 26 30
46 27 12
46 28 3
46 29 22
46 30 12
46 32 39
46 33 14
46 35 7
46 36 7
46 37 21
46 38 24
46 39 40
46 40 19
46 41 34
46 42 35
46 43 21
47 0 4
47 2 28
47 5 20
47 10 40
47 13 5
47 15 20
47 17 6
47 18 25
47 22 22
47 24 35
47 25 22
47 26 21
47 28 19
47 29 20
47 31 20
47 32 3
47 33 10
47 34 3
47 39 1
47 40 7
47 42 3
47 43 10
47 45 6
48 0 37
48 1 1
48 3 17
48 5 33
48 6 16
48 8 8
48 9 10
48 15 11
48 16 32
48 18 18
48 23 3
48 24 7
48 26 32
48 29 23
48 31 20
48 33 35
48 34 17
48 36 38
48 37 19
48 38 9
48 40 15
48 42 27
48 45 38
48 46 30
48 47 31
49 0 35
49 1 7
49 2 38
49 3 11
49 4 13
49 5 30
49 6 40
49 7 29
49 8 34
49 10 2
49 12 39
49 13 36
49 14 38
49 15 18
49 16 29
49 17 18
49 20 2
49 21 40
49 22 15
49 23 19
49 25 37
49 26 3
49 27 25
49 28 30
49 29 36
49 30 8
49 31 28
49 32 9
49 34 9
49 36 38
49 37 3
49 38 33
49 39 6
49 40 11
49 41 3
49 42 1
49 43 17
49 44 1
49 45 34
49 46 38
49 48 10
