40
1 0 3
2 0 11
2 1 13
3 0 29
3 1 21
3 2 20
4 0 1
4 1 37
4 2 23
4 3 10
5 0 25
5 1 12
5 2 7
5 3 29
5 4 34
6 0 27
6 1 13
6 2 34
6 3 12
6 4 29
6 5 28
7 0 30
7 1 34
7 2 25
7 3 6
7 4 22
7 5 20
7 6 39
8 0 20
8 1 27
8 2 18
8 3 34
8 4 14
8 5 10
8 6 28
8 7 1
9 0 39
9 1 14
9 2 22
9 3 36
9 4 28
9 5 22
9 6 6
9 7 13
9 8 17
10 0 37
10 1 27
10 2 29
10 3 19
10 4 36
10 5 31
10 6 38
10 7 3
10 8 22
10 9 21
11 0 31
11 1 14
11 2 24
11 3 32
11 4 4
11 5 13
11 6 36
11 7 3
11 8 10
11 9 25
11 10 20
12 0 37
12 1 38
12 2 21
12 3 2
12 4 28
12 5 23
12 6 39
12 7 25
12 8 4
12 9 4
12 10 18
12 11 6
13 0 39
13 1 39
13 2 24
13 3 23
13 4 3
13 5 11
13 6 23
13 7 12
13 8 29
13 9 11
13 10 1
13 11 22
13 12 8
14 0 18
14 1 11
14 2 16
14 3 15
14 4 38
14 5 10
14 6 20
14 7 15
14 8 27
14 9 11
14 10 8
14 11 27
14 12 5
14 13 18
15 0 27
15 1 3
15 2 34
15 3 18
15 4 2
15 5 1
15 6 1
15 7 4
15 8 18
15 9 12
15 10 19
15 11 32
15 12 7
15 13 27
15 14 17
16 0 31
16 1 18
16 2 4
16 3 14
16 4 26
16 5 22
16 6 36
16 7 11
16 8 4
16 9 37
16 10 27
16 11 37
16 12 5
16 13 8
16 14 38
16 15 26
17 0 24
17 1 22
17 2 38
17 3 7
17 4 34
17 5 11
17 6 33
17 7 28
17 8 26
17 9 14
17 10 8
17 11 25
17 12 35
17 13 15
17 14 4
17 15 35
17 16 11
18 0 4
18 1 25
18 2 40
18 3 33
18 4 27
18 5 14
18 6 11
18 7 2
18 8 36
18 9 8
18 10 13
18 11 16
18 12 19
18 13 27
18 14 10
18 15 34
18 16 5
18 17 29
19 0 11
19 1 35
19 2 18
19 3 37
19 4 5
19 5 34
19 6 26
19 7 23
19 8 3
19 9 8
19 10 4
19 11 35
19 12 40
19 13 6
19 14 14
19 15 7
19 16 35
19 17 34
19 18 10
20 0 10
20 1 39
20 2 31
20 3 39
20 4 38
20 5 15
20 6 19
20 7 25
20 8 23
20 9 13
20 10 13
20 11 10
20 12 38
20 13 3
20 14 12
20 15 16
20 16 38
20 17 38
20 18 33
20 19 9
21 0 6
21 1 31
21 2 2
21 3 34
21 4 26
21 5 38
21 6 18
21 7 7
21 8 9
21 9 26
21 10 2
21 11 2
21 12 21
21 13 19
21 14 15
21 15 19
21 16 40
21 17 27
21 18 19
21 19 23
21 20 18
22 0 23
22 1 18
22 2 1
22 3 24
22 4 15
22 5 38
22 6 15
22 7 15
22 8 20
22 9 39
22 10 31
22 11 5
22 12 12
22 13 14
22 14 23
22 15 22
22 16 32
22 17 15
22 18 33
22 19 34
22 20 23
22 21 31
23 0 11
23 1 12
23 2 1
23 3 39
23 4 20
23 5 12
23 6 4
23 7 38
23 8 30
23 9 35
23 10 9
23 11 26
23 12 37
23 13 25
23 14 3
23 15 22
23 16 5
23 17 2
23 18 34
23 19 25
23 20 37
23 21 33
23 22 4
24 0 5
24 1 27
24 2 32
24 3 30
24 4 38
24 5 3
24 6 21
24 7 17
24 8 39
24 9 31
24 10 15
24 11 17
24 12 16
24 13 7
24 14 11
24 15 36
24 16 18
24 17 7
24 18 34
24 19 9
24 20 38
24 21 40
24 22 22
24 23 9
25 0 10
25 1 2
25 2 39
25 3 6
25 4 23
25 5 12
25 6 16
25 7 23
25 8 16
25 9 14
25 10 14
25 11 10
25 12 26
25 13 9
25 14 23
25 15 32
25 16 38
25 17 4
25 18 2
25 19 34
25 20 36
25 21 30
25 22 17
25 23 39
25 24 10
26 0 29
26 1 19
26 2 14
26 3 28
26 4 38
26 5 10
26 6 9
26 7 13
26 8 17
26 9 34
26 10 22
26 11 34
26 12 35
26 13 18
26 14 12
26 15 26
26 16 27
26 17 24
26 18 7
26 19 3
26 20 16
26 21 2
26 22 11
26 23 34
26 24 30
26 25 26
27 0 13
27 1 29
27 2 34
27 3 5
27 4 34
27 5 40
27 6 8
27 7 26
27 8 13
27 9 5
27 10 12
27 11 23
27 12 1
27 13 34
27 14 19
27 15 33
27 16 25
27 17 14
27 18 36
27 19 28
27 20 5
27 21 23
27 22 29
27 23 1
27 24 38
27 25 24
27 26 26
28 0 9
28 1 17
28 2 21
28 3 10
28 4 12
28 5 27
28 6 32
28 7 20
28 8 6
28 9 40
28 10 14
28 11 19
28 12 24
28 13 3
28 14 5
28 15 26
28 16 38
28 17 9
28 18 11
28 19 26
28 20 5
28 21 11
28 22 20
28 23 8
28 24 26
28 25 16
28 26 29
28 27 31
29 0 35
29 1 31
29 2 39
29 3 4
29 4 14
29 5 5
29 6 2
29 7 16
29 8 19
29 9 28
29 10 18
29 11 14
29 12 14
29 13 37
29 14 27
29 15 31
29 16 25
29 17 33
29 18 34
29 19 29
29 20 2
29 21 9
29 22 8
29 23 25
29 24 28
29 25 1
29 26 34
29 27 13
29 28 10
30 0 2
30 1 5
30 2 17
30 3 27
30 4 26
30 5 5
30 6 3
30 7 9
30 8 27
30 9 16
30 10 15
30 11 29
30 12 18
30 13 36
30 14 35
30 15 16
30 16 11
30 17 23
30 18 27
30 19 32
30 20 10
30 21 12
30 22 21
30 23 20
30 24 20
30 25 37
30 26 22
30 27 32
30 28 7
30 29 33
31 0 28
31 1 19
31 2 31
31 3 39
31 4 33
31 5 4
31 6 28
31 7 26
31 8 15
31 9 38
31 10 36
31 11 5
31 12 35
31 13 12
31 14 10
31 15 6
31 16 17
31 17 14
31 18 4
31 19 30
31 20 13
31 21 19
31 22 26
31 23 4
31 24 23
31 25 20
31 26 22
31 27 7
31 28 10
31 29 34
31 30 37
32 0 12
32 1 27
32 2 4
32 3 10
32 4 12
32 5 29
32 6 18
32 7 9
32 8 22
32 9 11
32 10 20
32 11 14
32 12 2
32 13 12
32 14 32
32 15 39
32 16 15
32 17 18
32 18 12
32 19 38
32 20 19
32 21 28
32 22 5
32 23 3
32 24 4
32 25 40
32 26 20
32 27 9
32 28 30
32 29 10
32 30 33
32 31 21
33 0 11
33 1 33
33 2 12
33 3 7
33 4 23
33 5 28
33 6 19
33 7 33
33 8 37
33 9 32
33 10 17
33 11 18
33 12 33
33 13 36
33 14 34
33 15 2
33 16 35
33 17 28
33 18 5
33 19 40
33 20 14
33 21 22
33 22 34
33 23 22
33 24 40
33 25 30
33 26 32
33 27 34
33 28 4
33 29 1
33 30 6
33 31 19
33 32 25
34 0 3
34 1 11
34 2 21
34 3 18
34 4 13
34 5 33
34 6 28
34 7 21
34 8 32
34 9 19
34 10 26
34 11 27
34 12 36
34 13 31
34 14 31
34 15 17
34 16 11
34 17 2
34 18 11
34 19 37
34 20 29
34 21 4
34 22 7
34 23 3
34 24 27
34 25 12
34 26 12
34 27 5
34 28 7
34 29 8
34 30 24
34 31 23
34 32 31
34 33 38
35 0 26
35 1 11
35 2 12
35 3 36
35 4 27
35 5 20
35 6 8
35 7 13
35 8 24
35 9 1
35 10 31
35 11 9
35 12 14
35 13 7
35 14 34
35 15 15
35 16 31
35 17 15
35 18 11
35 19 14
35 20 11
35 21 30
35 22 30
35 23 3
35 24 9
35 25 27
35 26 19
35 27 3
35 28 13
35 29 22
35 30 37
35 31 25
35 32 19
35 33 37
35 34 21
36 0 16
36 1 14
36 2 2
36 3 2
36 4 6
36 5 12
36 6 5
36 7 10
36 8 33
36 9 7
36 10 7
36 11 33
36 12 2
36 13 24
36 14 4
36 15 26
36 16 27
36 17 23
36 18 14
36 19 7
36 20 2
36 21 10
36 22 14
36 23 7
36 24 3
36 25 28
36 26 27
36 27 15
36 28 24
36 29 24
36 30 14
36 31 18
36 32 39
36 33 14
36 34 40
36 35 30
37 0 11
37 1 7
37 2 32
37 3 21
37 4 34
37 5 32
37 6 3
37 7 17
37 8 17
37 9 8
37 10 20
37 11 29
37 12 21
37 13 15
37 14 26
37 15 22
37 16 26
37 17 1
37 18 2
37 19 2
37 20 25
37 21 26
37 22 20
37 23 33
37 24 36
37 25 21
37 26 8
37 27 2
37 28 39
37 29 18
37 30 20
37 31 8
37 32 37
37 33 16
37 34 38
37 35 19
37 36 35
38 0 11
38 1 32
38 2 38
38 3 33
38 4 15
38 5 18
38 6 5
38 7 10
38 8 27
38 9 26
38 10 5
38 11 23
38 12 17
38 13 27
38 14 21
38 15 25
38 16 5
38 17 28
38 18 6
38 19 33
38 20 30
38 21 23
38 22 3
38 23 39
38 24 28
38 25 31
38 26 37
38 27 34
38 28 37
38 29 15
38 30 30
38 31 17
38 32 8
38 33 4
38 34 34
38 35 9
38 36 25
38 37 8
39 0 10
39 1 35
39 2 14
39 3 5
39 4 31
39 5 8
39 6 31
39 7 31
39 8 39
39 9 16
39 10 8
39 11 25
39 12 20
39 13 30
39 14 40
39 15 27
39 16 6
39 17 23
39 18 22
39 19 25
39 20 10
39 21 34
39 22 25
39 23 13
39 24 35
39 25 27
39 26 38
39 27 15
39 28 39
39 29 38
39 30 6
39 31 30
39 32 21
39 33 27
39 34 13
39 35 13
39 36 12
39 37 21
39 38 34
