30
2 1 94
3 1 24
3 2 98
4 2 139
4 3 74
5 1 30
5 2 36
5 3 22
5 4 110
6 0 13
6 1 121
6 2 113
6 3 130
6 4 19
7 1 125
7 2 39
7 4 51
7 5 65
7 6 56
8 0 127
8 3 117
8 5 131
8 7 14
9 0 16
9 2 63
9 3 101
9 4 141
9 5 119
9 7 145
9 8 23
10 1 87
10 2 4
10 3 131
10 4 17
10 5 62
10 6 6
10 9 154
11 4 89
11 5 24
11 7 6
11 10 12
12 1 134
12 2 147
12 3 136
12 4 118
12 5 155
12 7 81
12 11 124
13 0 71
13 1 144
13 6 55
13 7 139
13 10 26
13 11 121
14 0 71
14 2 110
14 4 88
14 5 122
14 7 82
14 10 16
14 11 40
14 12 38
14 13 101
15 1 120
15 2 43
15 3 99
15 4 99
15 7 76
15 8 80
15 13 61
15 14 160
16 3 101
16 4 122
16 6 14
16 8 71
16 9 44
16 10 149
16 11 88
16 12 151
16 13 64
16 14 30
16 15 49
17 1 1
17 2 116
17 3 152
17 6 92
17 9 24
17 10 3
17 12 131
17 14 20
17 15 46
17 16 42
18 0 149
18 3 88
18 5 16
18 6 10
18 7 140
18 8 96
18 9 152
18 10 58
18 11 159
18 12 151
18 13 87
18 14 11
18 15 3
18 16 101
18 17 28
19 4 156
19 6 84
19 7 108
19 8 31
19 11 87
19 13 46
19 16 160
19 17 19
20 1 100
20 2 134
20 3 155
20 4 24
20 5 149
20 7 139
20 8 106
20 10 3
20 12 69
20 13 124
20 14 132
20 15 140
20 16 130
20 18 87
20 19 36
21 1 11
21 3 85
21 4 61
21 5 74
21 6 74
21 7 122
21 8 27
21 10 126
21 11 37
21 12 64
21 13 2
21 14 101
21 15 65
21 16 90
21 17 85
21 19 158
21 20 95
22 0 40
22 1 69
22 2 91
22 3 82
22 4 112
22 6 51
22 7 93
22 8 70
22 9 63
22 10 123
22 11 158
22 12 60
22 13 75
22 14 14
22 15 129
22 17 113
22 20 72
22 21 149
23 0 70
23 1 88
23 2 154
23 3 39
23 4 68
23 5 75
23 7 12
23 8 107
23 13 45
23 15 67
23 17 158
23 19 160
23 22 118
24 1 28
24 2 40
24 3 115
24 4 118
24 5 94
24 6 83
24 7 62
24 8 54
24 12 3
24 13 155
24 15 97
24 17 53
24 18 14
24 19 145
24 20 100
24 21 14
25 0 89
25 1 55
25 3 143
25 7 146
25 8 136
25 11 72
25 12 150
25 13 119
25 14 60
25 15 35
25 19 109
25 20 33
25 21 60
26 0 67
26 1 137
26 2 148
26 3 156
26 5 25
26 8 62
26 9 60
26 10 55
26 11 103
26 12 86
26 14 115
26 15 3
26 20 152
26 23 115
26 25 145
27 3 94
27 5 152
27 6 148
27 7 113
27 8 1
27 9 6
27 10 140
27 12 135
27 14 106
27 16 132
27 17 141
27 19 8
27 20 77
27 21 79
27 22 119
27 24 44
27 26 143
28 1 87
28 2 46
28 3 14
28 4 37
28 6 133
28 7 57
28 9 29
28 10 151
28 12 105
28 14 129
28 16 58
28 17 159
28 18 135
28 20 8
28 21 141
28 22 118
28 23 106
28 25 152
28 26 68
28 27 111
29 0 131
29 1 4
29 2 10
29 4 138
29 6 92
29 7 16
29 8 24
29 11 129
29 12 5
29 14 44
29 15 103
29 17 12
29 18 33
29 19 67
29 20 66
29 21 12
29 22 118
29 23 104
29 24 68
29 25 48
29 28 105
