70
4 2 23
5 2 9
5 3 17
6 3 17
7 0 23
7 2 22
7 5 29
8 2 8
8 5 11
9 1 58
9 3 17
9 4 30
9 7 36
10 1 56
10 2 72
10 3 80
10 5 58
10 6 58
11 1 37
11 2 72
11 4 4
11 7 17
11 8 52
11 10 17
12 2 18
12 3 9
12 8 68
12 11 1
13 1 31
13 3 28
13 6 60
13 8 41
13 10 51
13 11 73
13 12 67
14 0 21
14 1 1
14 2 13
14 7 20
14 10 62
14 12 34
15 0 35
15 2 62
15 4 51
15 6 6
15 7 26
15 8 76
15 9 59
15 12 19
15 13 1
16 0 55
16 2 80
16 5 23
16 7 21
16 10 66
16 11 42
16 13 63
16 15 36
17 1 1
17 4 62
17 5 34
17 7 61
17 9 62
17 10 15
17 11 59
17 12 31
17 14 25
18 0 22
18 1 29
18 3 24
18 5 6
18 6 3
18 7 75
18 9 39
18 16 24
19 1 70
19 3 21
19 9 7
19 13 43
19 17 34
20 4 29
20 5 27
20 6 77
20 10 10
20 12 72
20 13 54
20 15 8
21 6 75
21 8 57
21 13 30
21 15 15
21 18 47
21 20 22
22 0 58
22 4 61
22 5 77
22 8 70
22 9 39
22 11 18
22 12 31
22 15 55
22 17 5
22 19 31
23 0 72
23 1 23
23 7 42
23 13 35
23 15 44
23 20 42
24 9 15
24 12 38
24 13 10
24 15 1
24 19 28
24 20 11
24 22 69
25 1 4
25 2 80
25 4 79
25 8 70
25 11 19
25 16 34
25 18 70
25 19 15
25 20 18
25 21 25
25 23 80
25 24 70
26 2 15
26 3 35
26 5 51
26 11 59
26 17 60
26 22 7
26 23 74
27 1 61
27 2 70
27 3 64
27 6 65
27 7 34
27 12 60
27 14 49
27 15 54
27 16 68
27 18 11
27 20 25
27 21 35
28 1 57
28 2 66
28 5 50
28 9 8
28 10 31
28 13 35
28 20 15
28 22 62
28 23 50
28 24 7
28 25 56
28 26 18
28 27 44
29 0 1
29 4 54
29 5 18
29 7 75
29 12 24
29 14 31
29 16 68
29 17 16
29 20 69
29 22 3
30 0 67
30 4 66
30 7 42
30 9 67
30 10 7
30 12 73
30 16 23
30 20 60
30 22 58
30 23 12
30 25 41
31 2 45
31 4 17
31 10 11
31 11 61
31 19 10
31 20 2
31 22 47
31 28 73
32 2 60
32 8 64
32 13 11
32 18 40
32 24 33
32 25 10
32 29 70
33 2 51
33 3 2
33 8 24
33 13 4
33 15 50
33 16 78
33 19 64
33 20 16
33 21 8
33 23 19
33 26 30
33 27 70
33 28 78
33 30 33
33 31 32
34 1 1
34 2 76
34 4 47
34 5 1
34 8 39
34 10 40
34 13 5
34 14 64
34 17 40
34 18 44
34 19 71
34 21 32
34 27 42
34 29 54
34 30 62
34 31 8
35 1 77
35 5 68
35 6 34
35 14 56
35 16 19
35 20 46
35 21 52
35 24 55
35 26 31
35 28 41
35 34 14
36 2 31
36 11 1
36 15 32
36 18 59
36 19 72
36 22 32
36 24 65
36 27 44
36 28 78
36 31 38
36 34 8
37 1 71
37 3 37
37 4 57
37 6 45
37 10 56
37 11 59
37 12 5
37 17 63
37 20 64
37 25 31
37 29 78
37 30 69
37 32 23
37 34 24
38 3 26
38 11 21
38 12 69
38 14 17
38 17 66
38 19 48
38 24 6
38 28 56
38 30 41
38 35 30
38 37 27
39 5 42
39 7 1
39 9 42
39 10 60
39 12 12
39 13 51
39 14 27
39 15 77
39 16 6
39 17 79
39 20 65
39 22 13
39 24 55
39 30 44
39 34 47
39 35 33
39 36 27
40 2 62
40 8 68
40 9 21
40 11 74
40 13 47
40 16 53
40 18 34
40 20 6
40 21 33
40 22 13
40 24 8
40 26 10
40 27 11
40 29 52
40 32 27
40 35 35
40 36 9
40 37 67
40 38 46
41 2 79
41 3 18
41 4 16
41 8 72
41 9 20
41 13 35
41 19 42
41 22 50
41 23 18
41 25 57
41 26 69
41 27 80
41 29 78
41 31 66
41 34 2
41 35 52
41 38 62
42 4 55
42 7 57
42 8 80
42 10 24
42 11 35
42 13 42
42 14 9
42 16 1
42 19 11
42 21 66
42 22 5
42 24 26
42 26 28
42 27 34
42 30 55
42 31 59
42 32 25
42 37 23
43 0 74
43 2 49
43 6 65
43 8 31
43 13 62
43 15 70
43 16 68
43 17 65
43 19 6
43 22 12
43 29 44
43 30 11
43 32 64
43 35 59
43 37 17
43 39 49
43 41 33
44 1 48
44 3 44
44 7 7
44 8 59
44 9 57
44 10 55
44 12 54
44 13 73
44 14 14
44 19 5
44 21 13
44 22 72
44 24 14
44 26 38
44 27 41
44 29 70
44 30 23
44 31 6
44 34 36
44 35 27
44 36 50
44 39 56
44 42 24
45 2 76
45 3 35
45 5 59
45 9 11
45 10 9
45 11 49
45 14 47
45 16 19
45 17 57
45 22 46
45 23 21
45 24 30
45 26 54
45 30 60
45 31 32
45 32 17
45 36 50
45 38 7
45 41 60
46 6 14
46 13 2
46 14 67
46 16 17
46 19 70
46 21 67
46 23 52
46 24 62
46 26 75
46 27 2
46 32 42
46 39 27
46 40 78
46 43 44
47 3 24
47 4 45
47 5 54
47 8 16
47 9 59
47 11 1
47 12 63
47 13 39
47 17 10
47 18 50
47 19 74
47 25 70
47 30 36
47 34 77
47 35 52
47 37 13
47 39 26
47 45 38
48 3 17
48 4 4
48 5 18
48 6 29
48 13 73
48 15 26
48 18 3
48 21 18
48 28 48
48 29 41
48 31 20
48 34 4
48 36 41
48 39 18
48 41 5
48 44 23
48 45 53
48 47 41
49 1 27
49 2 46
49 4 57
49 7 5
49 9 44
49 10 56
49 11 54
49 12 19
49 15 57
49 16 27
49 17 39
49 20 3
49 28 46
49 30 42
49 32 7
49 34 17
49 37 80
49 38 17
49 43 62
49 45 55
49 46 79
49 48 79
50 0 58
50 3 80
50 9 35
50 17 48
50 18 62
50 21 76
50 22 60
50 24 47
50 27 63
50 33 54
50 36 41
50 40 57
50 45 49
50 48 16
50 49 17
51 2 79
51 5 66
51 7 46
51 14 71
51 19 3
51 22 64
51 24 60
51 25 27
51 27 23
51 31 22
51 32 6
51 34 35
51 37 27
51 39 65
51 42 74
51 49 56
52 5 52
52 7 5
52 8 71
52 9 56
52 10 6
52 11 44
52 12 15
52 16 51
52 18 73
52 20 61
52 21 68
52 24 2
52 26 44
52 30 58
52 32 45
52 35 33
52 38 28
52 40 39
52 41 14
52 46 40
52 49 24
53 0 58
53 1 2
53 3 50
53 6 29
53 8 32
53 11 29
53 12 59
53 19 55
53 21 19
53 23 41
53 24 4
53 26 30
53 27 34
53 30 28
53 31 22
53 32 3
53 33 79
53 35 59
53 36 27
53 37 66
53 39 71
53 40 80
53 41 72
53 44 41
53 46 38
53 47 60
53 50 21
53 51 72
53 52 15
54 3 46
54 4 66
54 5 63
54 7 47
54 8 11
54 11 26
54 18 3
54 19 36
54 26 23
54 28 24
54 34 10
54 36 57
54 37 16
54 40 6
54 41 77
54 46 29
54 48 13
54 50 40
54 53 28
55 3 75
55 7 61
55 9 59
55 10 18
55 11 16
55 12 41
55 16 74
55 18 5
55 20 63
55 21 51
55 22 30
55 23 66
55 24 1
55 29 55
55 32 75
55 39 58
55 43 51
55 45 30
55 46 47
55 48 43
55 52 2
56 0 50
56 6 37
56 7 80
56 12 19
56 14 14
56 17 27
56 20 29
56 22 61
56 24 31
56 25 77
56 26 2
56 29 65
56 31 15
56 32 60
56 33 13
56 37 30
56 39 10
56 40 30
56 42 29
56 44 7
56 45 79
56 46 56
56 51 67
56 52 51
57 0 71
57 2 67
57 5 51
57 8 24
57 13 25
57 15 74
57 18 59
57 26 6
57 27 46
57 28 3
57 29 46
57 30 61
57 31 9
57 35 8
57 37 68
57 39 16
57 40 35
57 45 61
57 46 67
57 48 33
57 49 22
57 52 72
57 53 10
57 55 39
58 0 23
58 1 33
58 7 51
58 12 8
58 14 56
58 15 29
58 17 52
58 21 78
58 23 34
58 24 37
58 26 69
58 31 48
58 33 79
58 35 65
58 38 21
58 40 34
58 43 49
58 45 37
58 47 27
58 51 65
58 56 43
59 3 14
59 6 8
59 8 36
59 9 65
59 10 42
59 11 31
59 12 51
59 13 64
59 14 72
59 17 46
59 18 58
59 21 10
59 22 28
59 27 58
59 29 28
59 33 72
59 34 56
59 42 55
59 43 9
59 47 39
59 49 8
59 51 2
59 54 63
59 55 29
59 57 54
60 7 2
60 8 64
60 9 3
60 12 19
60 15 9
60 17 34
60 23 39
60 34 54
60 37 28
60 40 69
60 42 3
60 43 20
60 44 77
60 46 31
60 49 67
60 50 71
60 53 47
61 1 14
61 4 31
61 10 11
61 16 22
61 17 62
61 18 20
61 26 50
61 27 66
61 29 32
61 33 33
61 40 76
61 42 75
61 44 76
61 45 80
61 46 70
61 48 47
61 51 44
61 55 57
61 56 23
61 57 54
61 58 50
61 60 79
62 0 27
62 4 1
62 6 54
62 7 69
62 11 4
62 12 24
62 14 44
62 16 11
62 19 8
62 22 30
62 24 22
62 28 2
62 31 28
62 33 60
62 37 72
62 40 25
62 42 68
62 47 38
62 48 9
62 49 67
62 50 42
62 51 35
62 55 7
62 59 58
63 0 39
63 1 74
63 2 1
63 4 39
63 5 35
63 9 4
63 14 11
63 15 65
63 16 69
63 17 39
63 18 49
63 19 50
63 21 30
63 30 3
63 31 46
63 34 60
63 35 4
63 45 40
63 47 2
63 50 16
63 51 60
63 53 43
63 54 66
63 55 10
63 56 18
64 0 2
64 2 14
64 3 4
64 4 62
64 5 77
64 6 14
64 10 7
64 11 73
64 13 54
64 18 74
64 21 1
64 23 64
64 28 55
64 31 24
64 32 47
64 33 30
64 34 2
64 41 61
64 42 7
64 45 50
64 50 65
64 53 64
64 61 45
64 62 40
65 6 71
65 10 21
65 11 65
65 12 57
65 16 59
65 20 22
65 29 52
65 30 28
65 34 20
65 37 46
65 39 22
65 40 57
65 42 38
65 44 72
65 46 62
65 48 56
65 51 51
65 53 79
65 56 20
65 59 12
66 5 22
66 18 23
66 19 16
66 20 40
66 22 45
66 23 21
66 26 52
66 27 1
66 30 12
66 34 63
66 35 11
66 38 75
66 39 61
66 42 69
66 44 74
66 46 36
66 50 80
66 52 76
66 58 11
66 60 69
66 62 27
67 1 39
67 2 1
67 4 39
67 5 38
67 13 20
67 15 52
67 16 46
67 19 60
67 20 49
67 22 45
67 30 71
67 33 58
67 36 77
67 38 35
67 39 70
67 41 8
67 43 51
67 48 23
67 52 19
67 55 30
67 56 44
67 59 26
67 60 67
67 61 56
68 0 2
68 1 42
68 2 58
68 6 43
68 8 75
68 12 52
68 13 54
68 14 51
68 15 34
68 25 21
68 28 55
68 30 35
68 31 20
68 41 16
68 44 39
68 45 15
68 50 13
68 52 19
68 53 1
68 55 51
68 60 51
68 61 15
68 64 77
68 65 13
68 66 37
68 67 12
69 0 4
69 3 62
69 5 48
69 6 58
69 8 5
69 11 36
69 12 60
69 13 12
69 16 26
69 19 10
69 21 59
69 22 59
69 23 23
69 26 47
69 27 20
69 31 59
69 34 18
69 35 7
69 36 61
69 37 18
69 38 55
69 40 4
69 41 8
69 44 55
69 45 26
69 46 69
69 48 3
69 51 1
69 55 53
69 59 4
69 60 77
69 62 22
69 64 42
69 65 73
69 67 4
69 68 59
