60
1 0 19
2 0 3
2 1 13
3 0 5
3 1 18
3 2 11
4 0 1
4 1 3
4 2 15
4 3 3
5 0 4
5 1 13
5 2 16
5 3 5
5 4 8
6 0 11
6 1 5
6 2 20
6 3 1
6 4 1
6 5 4
7 0 17
7 1 20
7 2 13
7 3 13
7 4 19
7 5 3
7 6 7
8 0 2
8 1 3
8 2 4
8 3 8
8 4 5
8 5 14
8 6 15
8 7 6
9 0 1
9 1 11
9 2 2
9 3 2
9 4 18
9 5 5
9 6 3
9 7 3
9 8 17
10 0 12
10 1 18
10 2 19
10 3 17
10 4 14
10 5 14
10 6 20
10 7 18
10 8 18
10 9 16
11 0 20
11 1 1
11 2 18
11 3 16
11 4 1
11 5 4
11 6 3
11 7 11
11 8 16
11 9 10
11 10 16
12 0 6
12 1 4
12 2 11
12 3 4
12 4 16
12 5 5
12 6 20
12 7 1
12 8 7
12 9 16
12 10 13
12 11 5
13 0 13
13 1 3
13 2 1
13 3 12
13 4 15
13 5 11
13 6 6
13 7 16
13 8 12
13 9 1
13 10 5
13 11 7
13 12 8
14 0 19
14 1 12
14 2 11
14 3 5
14 4 10
14 5 13
14 6 1
14 7 13
14 8 4
14 9 3
14 10 17
14 11 10
14 12 2
14 13 11
15 0 2
15 1 6
15 2 7
15 3 6
15 4 11
15 5 12
15 6 7
15 7 15
15 8 8
15 9 18
15 10 13
15 11 7
15 12 15
15 13 14
15 14 17
16 0 14
16 1 15
16 2 11
16 3 16
16 4 17
16 5 9
16 6 20
16 7 1
16 8 19
16 9 8
16 10 16
16 11 3
16 12 20
16 13 4
16 14 14
16 15 3
17 0 9
17 1 17
17 2 9
17 3 20
17 4 14
17 5 3
17 6 12
17 7 3
17 8 5
17 9 11
17 10 4
17 11 6
17 12 5
17 13 6
17 14 1
17 15 3
17 16 3
18 0 16
18 1 4
18 2 12
18 3 5
18 4 11
18 5 19
18 6 16
18 7 5
18 8 15
18 9 8
18 10 17
18 11 8
18 12 5
18 13 2
18 14 6
18 15 19
18 16 6
18 17 20
19 0 16
19 1 11
19 2 4
19 3 7
19 4 13
19 5 3
19 6 7
19 7 14
19 8 10
19 9 8
19 10 14
19 11 5
19 12 16
19 13 16
19 14 17
19 15 13
19 16 17
19 17 14
19 18 3
20 0 13
20 1 12
20 2 9
20 3 3
20 4 13
20 5 11
20 6 15
20 7 20
20 8 7
20 9 2
20 10 9
20 11 7
20 12 1
20 13 2
20 14 20
20 15 18
20 16 6
20 17 4
20 18 6
20 19 15
21 0 9
21 1 4
21 2 7
21 3 5
21 4 7
21 5 18
21 6 18
21 7 7
21 8 9
21 9 2
21 10 14
21 11 19
21 12 14
21 13 1
21 14 14
21 15 7
21 16 6
21 17 8
21 18 13
21 19 16
21 20 2
22 0 4
22 1 14
22 2 1
22 3 7
22 4 19
22 5 16
22 6 20
22 7 12
22 8 10
22 9 13
22 10 9
22 11 9
22 12 19
22 13 10
22 14 18
22 15 15
22 16 11
22 17 19
22 18 2
22 19 5
22 20 3
22 21 5
23 0 4
23 1 18
23 2 17
23 3 7
23 4 2
23 5 6
23 6 14
23 7 10
23 8 14
23 9 17
23 10 16
23 11 6
23 12 2
23 13 3
23 14 8
23 15 3
23 16 18
23 17 18
23 18 4
23 19 5
23 20 7
23 21 10
23 22 3
24 0 6
24 1 8
24 2 4
24 3 19
24 4 7
24 5 16
24 6 15
24 7 15
24 8 13
24 9 4
24 10 3
24 11 8
24 12 12
24 13 13
24 14 18
24 15 7
24 16 12
24 17 17
24 18 15
24 19 2
24 20 20
24 21 6
24 22 7
24 23 2
25 0 10
25 1 8
25 2 8
25 3 6
25 4 19
25 5 2
25 6 2
25 7 15
25 8 17
25 9 20
25 10 12
25 11 1
25 12 9
25 13 11
25 14 11
25 15 16
25 16 10
25 17 15
25 18 2
25 19 1
25 20 11
25 21 3
25 22 12
25 23 10
25 24 19
26 0 1
26 1 14
26 2 13
26 3 4
26 4 20
26 5 20
26 6 11
26 7 12
26 8 16
26 9 13
26 10 6
26 11 14
26 12 8
26 13 7
26 14 4
26 15 2
26 16 11
26 17 2
26 18 17
26 19 8
26 20 17
26 21 4
26 22 13
26 23 14
26 24 8
26 25 9
27 0 12
27 1 2
27 2 19
27 3 19
27 4 11
27 5 6
27 6 19
27 7 3
27 8 14
27 9 6
27 10 4
27 11 15
27 12 10
27 13 6
27 14 11
27 15 11
27 16 2
27 17 18
27 18 9
27 19 18
27 20 7
27 21 11
27 22 2
27 23 13
27 24 15
27 25 3
27 26 11
28 0 17
28 1 19
28 2 20
28 3 20
28 4 9
28 5 12
28 6 19
28 7 2
28 8 8
28 9 17
28 10 18
28 11 11
28 12 1
28 13 13
28 14 6
28 15 9
28 16 4
28 17 11
28 18 10
28 19 11
28 20 2
28 21 16
28 22 16
28 23 5
28 24 17
28 25 8
28 26 5
28 27 6
29 0 6
29 1 20
29 2 5
29 3 16
29 4 10
29 5 10
29 6 9
29 7 2
29 8 2
29 9 16
29 10 7
29 11 16
29 12 8
29 13 20
29 14 11
29 15 14
29 16 13
29 17 10
29 18 14
29 19 17
29 20 4
29 21 5
29 22 2
29 23 10
29 24 9
29 25 14
29 26 4
29 27 4
29 28 14
30 0 13
30 1 12
30 2 14
30 3 17
30 4 5
30 5 15
30 6 15
30 7 11
30 8 1
30 9 14
30 10 4
30 11 20
30 12 14
30 13 1
30 14 13
30 15 2
30 16 6
30 17 8
30 18 7
30 19 10
30 20 6
30 21 12
30 22 10
30 23 12
30 24 18
30 25 15
30 26 9
30 27 16
30 28 6
30 29 7
31 0 7
31 1 20
31 2 15
31 3 9
31 4 6
31 5 16
31 6 14
31 7 5
31 8 16
31 9 20
31 10 12
31 11 10
31 12 9
31 13 2
31 14 14
31 15 5
31 16 5
31 17 8
31 18 2
31 19 16
31 20 1
31 21 8
31 22 7
31 23 9
31 24 4
31 25 4
31 26 10
31 27 20
31 28 1
31 29 3
31 30 15
32 0 17
32 1 16
32 2 13
32 3 3
32 4 16
32 5 16
32 6 9
32 7 13
32 8 11
32 9 20
32 10 2
32 11 15
32 12 2
32 13 13
32 14 16
32 15 14
32 16 9
32 17 7
32 18 16
32 19 5
32 20 9
32 21 6
32 22 4
32 23 17
32 24 2
32 25 11
32 26 12
32 27 10
32 28 19
32 29 2
32 30 10
32 31 10
33 0 11
33 1 5
33 2 11
33 3 8
33 4 17
33 5 3
33 6 10
33 7 20
33 8 16
33 9 13
33 10 11
33 11 1
33 12 10
33 13 2
33 14 14
33 15 8
33 16 9
33 17 12
33 18 6
33 19 10
33 20 1
33 21 1
33 22 16
33 23 1
33 24 10
33 25 10
33 26 2
33 27 2
33 28 8
33 29 17
33 30 7
33 31 9
33 32 12
34 0 5
34 1 11
34 2 15
34 3 17
34 4 16
34 5 3
34 6 7
34 7 8
34 8 9
34 9 1
34 10 13
34 11 3
34 12 15
34 13 13
34 14 15
34 15 2
34 16 13
34 17 7
34 18 17
34 19 6
34 20 19
34 21 17
34 22 20
34 23 16
34 24 12
34 25 14
34 26 13
34 27 10
34 28 9
34 29 2
34 30 10
34 31 5
34 32 13
34 33 8
35 0 9
35 1 19
35 2 6
35 3 19
35 4 17
35 5 13
35 6 20
35 7 12
35 8 9
35 9 20
35 10 9
35 11 12
35 12 9
35 13 9
35 14 14
35 15 14
35 16 2
35 17 18
35 18 20
35 19 1
35 20 11
35 21 1
35 22 14
35 23 19
35 24 1
35 25 19
35 26 8
35 27 8
35 28 17
35 29 11
35 30 2
35 31 10
35 32 2
35 33 6
35 34 11
36 0 14
36 1 2
36 2 20
36 3 8
36 4 20
36 5 14
36 6 7
36 7 17
36 8 9
36 9 3
36 10 6
36 11 17
36 12 7
36 13 1
36 14 5
36 15 12
36 16 12
36 17 3
36 18 9
36 19 2
36 20 17
36 21 2
36 22 11
36 23 15
36 24 12
36 25 9
36 26 15
36 27 7
36 28 4
36 29 3
36 30 13
36 31 5
36 32 9
36 33 1
36 34 13
36 35 6
37 0 4
37 1 4
37 2 13
37 3 7
37 4 20
37 5 19
37 6 10
37 7 12
37 8 7
37 9 2
37 10 12
37 11 7
37 12 10
37 13 18
37 14 16
37 15 20
37 16 15
37 17 1
37 18 9
37 19 18
37 20 6
37 21 11
37 22 14
37 23 13
37 24 3
37 25 4
37 26 12
37 27 7
37 28 4
37 29 20
37 30 14
37 31 11
37 32 14
37 33 19
37 34 11
37 35 12
37 36 16
38 0 19
38 1 12
38 2 4
38 3 20
38 4 11
38 5 14
38 6 3
38 7 4
38 8 5
38 9 17
38 10 1
38 11 6
38 12 18
38 13 17
38 14 11
38 15 6
38 16 17
38 17 1
38 18 6
38 19 14
38 20 13
38 21 4
38 22 8
38 23 2
38 24 5
38 25 17
38 26 11
38 27 19
38 28 6
38 29 18
38 30 2
38 31 5
38 32 9
38 33 15
38 34 18
38 35 6
38 36 1
38 37 20
39 0 15
39 1 11
39 2 5
39 3 17
39 4 9
39 5 7
39 6 16
39 7 20
39 8 10
39 9 12
39 10 2
39 11 2
39 12 16
39 13 11
39 14 14
39 15 1
39 16 19
39 17 1
39 18 9
39 19 9
39 20 15
39 21 19
39 22 12
39 23 6
39 24 10
39 25 6
39 26 9
39 27 16
39 28 14
39 29 6
39 30 19
39 31 4
39 32 4
39 33 16
39 34 18
39 35 14
39 36 17
39 37 14
39 38 12
40 0 1
40 1 15
40 2 8
40 3 8
40 4 12
40 5 12
40 6 13
40 7 4
40 8 3
40 9 20
40 10 17
40 11 20
40 12 8
40 13 15
40 14 3
40 15 9
40 16 7
40 17 17
40 18 8
40 19 19
40 20 1
40 21 9
40 22 14
40 23 14
40 24 11
40 25 2
40 26 9
40 27 16
40 28 14
40 29 4
40 30 7
40 31 20
40 32 20
40 33 2
40 34 14
40 35 13
40 36 17
40 37 2
40 38 5
40 39 14
41 0 15
41 1 10
41 2 19
41 3 6
41 4 18
41 5 3
41 6 11
41 7 1
41 8 9
41 9 4
41 10 9
41 11 13
41 12 4
41 13 7
41 14 18
41 15 9
41 16 8
41 17 2
41 18 4
41 19 5
41 20 12
41 21 11
41 22 19
41 23 4
41 24 10
41 25 10
41 26 9
41 27 19
41 28 9
41 29 9
41 30 12
41 31 2
41 32 9
41 33 9
41 34 7
41 35 11
41 36 14
41 37 10
41 38 10
41 39 18
41 40 12
42 0 1
42 1 13
42 2 19
42 3 3
42 4 10
42 5 19
42 6 4
42 7 7
42 8 8
42 9 13
42 10 17
42 11 6
42 12 6
42 13 4
42 14 2
42 15 19
42 16 9
42 17 9
42 18 1
42 19 4
42 20 13
42 21 3
42 22 18
42 23 15
42 24 12
42 25 14
42 26 14
42 27 10
42 28 2
42 29 11
42 30 16
42 31 9
42 32 9
42 33 11
42 34 14
42 35 3
42 36 20
42 37 5
42 38 5
42 39 1
42 40 18
42 41 12
43 0 20
43 1 2
43 2 13
43 3 6
43 4 19
43 5 4
43 6 7
43 7 1
43 8 13
43 9 2
43 10 4
43 11 4
43 12 13
43 13 9
43 14 17
43 15 20
43 16 3
43 17 6
43 18 4
43 19 8
43 20 13
43 21 3
43 22 17
43 23 14
43 24 8
43 25 10
43 26 15
43 27 14
43 28 16
43 29 3
43 30 17
43 31 12
43 32 19
43 33 2
43 34 19
43 35 5
43 36 11
43 37 14
43 38 1
43 39 8
43 40 19
43 41 6
43 42 5
44 0 17
44 1 10
44 2 19
44 3 8
44 4 11
44 5 2
44 6 3
44 7 7
44 8 19
44 9 12
44 10 4
44 11 1
44 12 18
44 13 14
44 14 10
44 15 8
44 16 8
44 17 3
44 18 1
44 19 5
44 20 18
44 21 12
44 22 14
44 23 2
44 24 7
44 25 15
44 26 1
44 27 2
44 28 19
44 29 17
44 30 15
44 31 6
44 32 19
44 33 5
44 34 16
44 35 8
44 36 20
44 37 16
44 38 20
44 39 20
44 40 17
44 41 8
44 42 9
44 43 19
45 0 14
45 1 15
45 2 8
45 3 4
45 4 14
45 5 4
45 6 3
45 7 19
45 8 12
45 9 11
45 10 18
45 11 3
45 12 12
45 13 15
45 14 6
45 15 6
45 16 16
45 17 12
45 18 9
45 19 6
45 20 3
45 21 5
45 22 2
45 23 6
45 24 20
45 25 6
45 26 12
45 27 15
45 28 17
45 29 4
45 30 1
45 31 16
45 32 13
45 33 13
45 34 5
45 35 2
45 36 2
45 37 17
45 38 8
45 39 11
45 40 7
45 41 18
45 42 15
45 43 9
45 44 1
46 0 13
46 1 10
46 2 19
46 3 2
46 4 2
46 5 1
46 6 7
46 7 8
46 8 6
46 9 13
46 10 5
46 11 7
46 12 9
46 13 13
46 14 16
46 15 8
46 16 9
46 17 3
46 18 12
46 19 20
46 20 17
46 21 19
46 22 5
46 23 2
46 24 7
46 25 8
46 26 6
46 27 4
46 28 7
46 29 18
46 30 3
46 31 4
46 32 17
46 33 20
46 34 8
46 35 10
46 36 4
46 37 20
46 38 18
46 39 8
46 40 8
46 41 15
46 42 7
46 43 14
46 44 12
46 45 5
47 0 8
47 1 11
47 2 14
47 3 19
47 4 13
47 5 17
47 6 12
47 7 18
47 8 11
47 9 19
47 10 16
47 11 4
47 12 19
47 13 15
47 14 12
47 15 13
47 16 13
47 17 13
47 18 7
47 19 19
47 20 7
47 21 11
47 22 5
47 23 6
47 24 3
47 25 20
47 26 3
47 27 6
47 28 8
47 29 15
47 30 16
47 31 7
47 32 5
47 33 2
47 34 16
47 35 13
47 36 14
47 37 12
47 38 4
47 39 1
47 40 16
47 41 20
47 42 9
47 43 6
47 44 14
47 45 16
47 46 20
48 0 16
48 1 20
48 2 19
48 3 3
48 4 8
48 5 7
48 6 20
48 7 8
48 8 7
48 9 13
48 10 10
48 11 17
48 12 9
48 13 18
48 14 15
48 15 9
48 16 3
48 17 16
48 18 5
48 19 6
48 20 5
48 21 11
48 22 9
48 23 11
48 24 20
48 25 4
48 26 3
48 27 4
48 28 13
48 29 3
48 30 9
48 31 15
48 32 12
48 33 5
48 34 14
48 35 15
48 36 6
48 37 2
48 38 10
48 39 5
48 40 3
48 41 10
48 42 4
48 43 6
48 44 12
48 45 16
48 46 15
48 47 9
49 0 8
49 1 16
49 2 14
49 3 20
49 4 9
49 5 10
49 6 15
49 7 11
49 8 9
49 9 18
49 10 19
49 11 20
49 12 3
49 13 4
49 14 19
49 15 7
49 16 13
49 17 18
49 18 8
49 19 12
49 20 4
49 21 18
49 22 10
49 23 16
49 24 18
49 25 17
49 26 13
49 27 19
49 28 9
49 29 15
49 30 6
49 31 15
49 32 20
49 33 12
49 34 8
49 35 5
49 36 15
49 37 12
49 38 6
49 39 9
49 40 11
49 41 4
49 42 12
49 43 3
49 44 1
49 45 14
49 46 8
49 47 2
49 48 16
50 0 5
50 1 4
50 2 7
50 3 7
50 4 5
50 5 5
50 6 7
50 7 1
50 8 8
50 9 7
50 10 6
50 11 14
50 12 10
50 13 12
50 14 16
50 15 4
50 16 12
50 17 10
50 18 8
50 19 2
50 20 2
50 21 1
50 22 6
50 23 12
50 24 3
50 25 11
50 26 16
50 27 12
50 28 18
50 29 1
50 30 7
50 31 20
50 32 18
50 33 1
50 34 6
50 35 10
50 36 16
50 37 14
50 38 12
50 39 3
50 40 10
50 41 13
50 42 11
50 43 1
50 44 5
50 45 20
50 46 16
50 47 5
50 48 13
50 49 7
51 0 2
51 1 18
51 2 18
51 3 3
51 4 5
51 5 18
51 6 15
51 7 18
51 8 8
51 9 19
51 10 15
51 11 18
51 12 1
51 13 7
51 14 3
51 15 8
51 16 18
51 17 14
51 18 5
51 19 7
51 20 2
51 21 17
51 22 19
51 23 16
51 24 13
51 25 2
51 26 5
51 27 7
51 28 3
51 29 8
51 30 11
51 31 7
51 32 18
51 33 20
51 34 19
51 35 13
51 36 4
51 37 16
51 38 10
51 39 14
51 40 18
51 41 3
51 42 5
51 43 14
51 44 1
51 45 16
51 46 5
51 47 4
51 48 1
51 49 9
51 50 8
52 0 3
52 1 14
52 2 13
52 3 2
52 4 13
52 5 1
52 6 5
52 7 1
52 8 12
52 9 2
52 10 18
52 11 5
52 12 15
52 13 10
52 14 9
52 15 13
52 16 12
52 17 17
52 18 12
52 19 16
52 20 9
52 21 11
52 22 18
52 23 2
52 24 18
52 25 11
52 26 5
52 27 20
52 28 16
52 29 13
52 30 9
52 31 16
52 32 8
52 33 2
52 34 20
52 35 9
52 36 17
52 37 18
52 38 13
52 39 19
52 40 17
52 41 14
52 42 16
52 43 8
52 44 15
52 45 4
52 46 12
52 47 4
52 48 18
52 49 11
52 50 5
52 51 5
53 0 9
53 1 15
53 2 13
53 3 17
53 4 9
53 5 11
53 6 8
53 7 1
53 8 19
53 9 15
53 10 12
53 11 20
53 12 17
53 13 17
53 14 20
53 15 17
53 16 7
53 17 10
53 18 20
53 19 7
53 20 3
53 21 12
53 22 16
53 23 15
53 24 4
53 25 7
53 26 16
53 27 2
53 28 4
53 29 4
53 30 10
53 31 5
53 32 5
53 33 20
53 34 10
53 35 8
53 36 17
53 37 3
53 38 11
53 39 6
53 40 9
53 41 5
53 42 14
53 43 1
53 44 5
53 45 6
53 46 9
53 47 5
53 48 15
53 49 14
53 50 12
53 51 6
53 52 13
54 0 6
54 1 7
54 2 10
54 3 14
54 4 11
54 5 8
54 6 9
54 7 15
54 8 2
54 9 15
54 10 3
54 11 2
54 12 18
54 13 17
54 14 9
54 15 17
54 16 1
54 17 13
54 18 9
54 19 6
54 20 2
54 21 13
54 22 15
54 23 11
54 24 9
54 25 15
54 26 12
54 27 17
54 28 7
54 29 2
54 30 15
54 31 2
54 32 12
54 33 7
54 34 17
54 35 8
54 36 10
54 37 14
54 38 11
54 39 8
54 40 2
54 41 17
54 42 17
54 43 2
54 44 18
54 45 12
54 46 17
54 47 13
54 48 19
54 49 2
54 50 2
54 51 11
54 52 16
54 53 2
55 0 5
55 1 15
55 2 16
55 3 16
55 4 17
55 5 14
55 6 14
55 7 11
55 8 1
55 9 3
55 10 18
55 11 5
55 12 3
55 13 17
55 14 18
55 15 17
55 16 20
55 17 8
55 18 1
55 19 1
55 20 3
55 21 1
55 22 7
55 23 18
55 24 1
55 25 10
55 26 18
55 27 14
55 28 12
55 29 2
55 30 15
55 31 11
55 32 9
55 33 14
55 34 11
55 35 15
55 36 16
55 37 13
55 38 14
55 39 5
55 40 6
55 41 20
55 42 15
55 43 14
55 44 10
55 45 2
55 46 3
55 47 11
55 48 8
55 49 9
55 50 7
55 51 1
55 52 4
55 53 9
55 54 4
56 0 1
56 1 8
56 2 16
56 3 15
56 4 13
56 5 20
56 6 14
56 7 14
56 8 3
56 9 4
56 10 1
56 11 1
56 12 2
56 13 18
56 14 19
56 15 11
56 16 10
56 17 16
56 18 10
56 19 2
56 20 15
56 21 4
56 22 8
56 23 16
56 24 6
56 25 13
56 26 10
56 27 3
56 28 14
56 29 16
56 30 2
56 31 6
56 32 12
56 33 15
56 34 20
56 35 11
56 36 6
56 37 14
56 38 17
56 39 4
56 40 11
56 41 18
56 42 5
56 43 2
56 44 12
56 45 9
56 46 17
56 47 1
56 48 18
56 49 9
56 50 16
56 51 19
56 52 11
56 53 18
56 54 5
56 55 13
57 0 1
57 1 3
57 2 13
57 3 18
57 4 20
57 5 18
57 6 9
57 7 14
57 8 20
57 9 13
57 10 6
57 11 18
57 12 1
57 13 18
57 14 16
57 15 17
57 16 20
57 17 16
57 18 6
57 19 11
57 20 1
57 21 3
57 22 11
57 23 19
57 24 15
57 25 3
57 26 11
57 27 10
57 28 8
57 29 7
57 30 3
57 31 11
57 32 4
57 33 13
57 34 2
57 35 11
57 36 19
57 37 19
57 38 2
57 39 4
57 40 10
57 41 18
57 42 19
57 43 9
57 44 8
57 45 18
57 46 3
57 47 19
57 48 1
57 49 12
57 50 17
57 51 12
57 52 4
57 53 7
57 54 19
57 55 10
57 56 9
58 0 3
58 1 12
58 2 12
58 3 10
58 4 11
58 5 14
58 6 9
58 7 11
58 8 6
58 9 1
58 10 8
58 11 14
58 12 6
58 13 20
58 14 17
58 15 9
58 16 18
58 17 14
58 18 6
58 19 17
58 20 10
58 21 3
58 22 12
58 23 13
58 24 10
58 25 19
58 26 3
58 27 15
58 28 11
58 29 12
58 30 14
58 31 20
58 32 12
58 33 20
58 34 8
58 35 18
58 36 3
58 37 9
58 38 1
58 39 20
58 40 2
58 41 13
58 42 18
58 43 20
58 44 14
58 45 3
58 46 19
58 47 13
58 48 2
58 49 20
58 50 6
58 51 13
58 52 8
58 53 5
58 54 7
58 55 16
58 56 18
58 57 18
59 0 7
59 1 6
59 2 16
59 3 16
59 4 16
59 5 4
59 6 16
59 7 17
59 8 7
59 9 12
59 10 1
59 11 12
59 12 3
59 13 15
59 14 8
59 15 14
59 16 13
59 17 11
59 18 13
59 19 14
59 20 20
59 21 14
59 22 5
59 23 18
59 24 10
59 25 15
59 26 15
59 27 6
59 28 11
59 29 14
59 30 16
59 31 8
59 32 17
59 33 1
59 34 2
59 35 4
59 36 12
59 37 7
59 38 14
59 39 6
59 40 1
59 41 2
59 42 14
59 43 5
59 44 19
59 45 1
59 46 7
59 47 19
59 48 7
59 49 14
59 50 15
59 51 12
59 52 12
59 53 14
59 54 1
59 55 17
59 56 15
59 57 18
59 58 7
