40
2 1 3
3 0 12
3 1 2
3 2 20
4 0 7
4 1 1
4 2 1
4 3 4
5 0 16
5 1 16
5 2 15
5 3 9
5 4 11
6 0 13
6 1 6
6 2 15
6 3 20
6 4 1
6 5 7
7 1 14
7 2 10
7 3 20
7 4 19
7 5 19
7 6 15
8 0 18
8 1 7
8 2 1
8 3 10
8 4 3
8 5 16
8 6 1
8 7 20
9 0 16
9 1 14
9 2 1
9 3 12
9 4 3
9 5 2
9 6 3
9 7 10
9 8 18
10 0 7
10 1 3
10 2 10
10 3 16
10 4 2
10 5 17
10 6 18
10 7 7
10 9 5
11 0 20
11 3 14
11 4 5
11 5 14
11 6 16
11 7 4
11 8 11
11 10 20
12 0 19
12 1 9
12 2 13
12 3 18
12 4 8
12 5 1
12 8 4
12 9 1
12 10 9
12 11 13
13 0 17
13 1 6
13 3 8
13 4 6
13 5 8
13 6 11
13 7 12
13 8 1
13 9 15
13 11 6
13 12 6
14 0 1
14 2 8
14 3 19
14 4 19
14 5 3
14 6 18
14 7 17
14 8 19
14 9 11
14 11 18
14 12 16
14 13 13
15 0 10
15 1 18
15 2 12
15 3 1
15 4 4
15 5 16
15 7 19
15 8 11
15 9 5
15 10 17
15 11 15
15 12 7
15 13 4
15 14 15
16 0 15
16 1 1
16 2 3
16 3 12
16 4 3
16 5 6
16 6 18
16 7 12
16 8 1
16 9 17
16 10 2
16 11 7
16 12 4
16 13 4
16 14 20
16 15 1
17 0 5
17 1 12
17 3 7
17 4 3
17 5 5
17 7 2
17 8 15
17 9 15
17 10 3
17 11 17
17 12 8
17 13 4
17 14 16
17 15 5
17 16 5
18 0 3
18 1 19
18 2 17
18 3 10
18 4 20
18 5 11
18 6 12
18 7 1
18 8 1
18 9 2
18 10 2
18 12 7
18 13 2
18 14 9
18 15 19
18 16 3
18 17 1
19 0 2
19 1 20
19 2 9
19 3 19
19 4 8
19 5 1
19 7 18
19 8 5
19 9 14
19 10 6
19 11 7
19 12 18
19 13 18
19 14 1
19 15 6
19 16 4
19 17 7
20 0 7
20 1 9
20 2 16
20 3 9
20 4 19
20 5 16
20 6 7
20 7 8
20 9 7
20 10 9
20 11 20
20 12 9
20 13 7
20 14 1
20 15 14
20 16 3
20 17 7
20 18 20
20 19 17
21 0 18
21 1 18
21 2 13
21 3 20
21 4 5
21 5 5
21 6 6
21 7 11
21 9 12
21 10 13
21 11 13
21 12 7
21 13 20
21 14 10
21 15 13
21 16 6
21 17 4
21 18 4
21 19 4
21 20 2
22 0 11
22 1 5
22 2 2
22 3 20
22 4 1
22 5 15
22 6 15
22 7 3
22 8 10
22 10 2
22 11 15
22 12 5
22 13 15
22 14 2
22 15 17
22 16 20
22 17 9
22 18 15
22 19 13
22 20 14
22 21 12
23 0 11
23 1 6
23 3 13
23 4 2
23 5 4
23 6 15
23 7 19
23 8 2
23 9 19
23 10 19
23 11 2
23 12 5
23 13 7
23 14 3
23 15 7
23 16 20
23 17 9
23 18 17
23 19 3
23 20 2
23 21 20
23 22 19
24 1 6
24 2 19
24 3 19
24 4 2
24 5 1
24 6 14
24 7 1
24 8 8
24 9 19
24 10 10
24 11 2
24 13 11
24 14 3
24 15 9
24 17 15
24 18 11
24 19 20
24 20 14
24 21 2
24 22 4
24 23 11
25 0 12
25 1 3
25 2 14
25 3 7
25 4 10
25 5 2
25 6 17
25 7 7
25 8 20
25 9 15
25 10 8
25 11 13
25 12 2
25 13 9
25 14 3
25 15 2
25 16 20
25 17 15
25 18 14
25 19 19
25 20 14
25 21 16
25 22 9
25 23 13
25 24 3
26 0 6
26 1 3
26 2 9
26 3 5
26 4 15
26 5 1
26 6 1
26 7 5
26 8 6
26 9 8
26 10 2
26 11 2
26 12 13
26 13 1
26 14 1
26 16 12
26 17 11
26 18 11
26 19 8
26 20 18
26 21 2
26 22 14
26 25 5
27 0 7
27 1 11
27 2 12
27 3 13
27 4 7
27 6 4
27 7 3
27 8 2
27 9 11
27 10 20
27 11 17
27 12 7
27 13 18
27 14 12
27 15 20
27 16 3
27 17 7
27 18 11
27 19 15
27 20 9
27 21 6
27 22 1
27 23 2
27 24 15
27 25 10
27 26 17
28 0 4
28 1 14
28 2 17
28 3 19
28 4 1
28 5 9
28 6 18
28 7 4
28 8 8
28 9 6
28 10 15
28 11 7
28 12 3
28 14 13
28 15 15
28 16 17
28 17 6
28 18 20
28 21 8
28 22 2
28 23 6
28 24 11
28 25 17
28 26 8
28 27 10
29 0 11
29 1 18
29 2 18
29 3 4
29 4 15
29 5 5
29 6 7
29 7 5
29 9 6
29 10 12
29 11 20
29 12 10
29 14 15
29 15 13
29 16 9
29 18 14
29 19 3
29 20 10
29 21 5
29 23 13
29 24 17
29 25 11
29 26 6
29 28 7
30 0 12
30 1 10
30 2 13
30 5 16
30 6 4
30 7 17
30 8 7
30 9 15
30 10 12
30 11 1
30 13 2
30 14 7
30 15 18
30 16 16
30 17 12
30 18 12
30 19 1
30 20 1
30 21 8
30 22 9
30 23 5
30 24 12
30 25 16
30 26 19
30 27 12
30 29 2
31 1 11
31 2 16
31 3 8
31 4 20
31 5 9
31 6 11
31 7 10
31 8 14
31 9 7
31 10 1
31 11 4
31 12 16
31 13 6
31 14 8
31 15 1
31 16 17
31 17 9
31 19 6
31 20 14
31 21 20
31 22 12
31 23 2
31 24 4
31 25 1
31 26 11
31 27 10
31 28 14
31 29 19
31 30 4
32 0 16
32 1 13
32 2 11
32 3 4
32 4 20
32 5 9
32 6 19
32 7 12
32 8 14
32 9 3
32 10 12
32 11 16
32 12 11
32 13 5
32 14 12
32 15 17
32 16 3
32 17 19
32 18 19
32 20 16
32 21 9
32 22 10
32 23 6
32 24 8
32 25 7
32 26 6
32 27 1
32 28 1
32 29 14
32 30 19
32 31 12
33 0 17
33 1 17
33 2 1
33 3 17
33 4 14
33 5 3
33 6 13
33 7 11
33 8 20
33 9 14
33 10 6
33 11 20
33 12 6
33 13 16
33 14 14
33 15 8
33 16 13
33 17 2
33 18 16
33 19 4
33 20 5
33 21 5
33 22 4
33 23 8
33 25 10
33 26 8
33 27 11
33 28 19
33 30 7
33 31 12
33 32 4
34 0 7
34 1 18
34 3 5
34 4 19
34 5 13
34 6 8
34 7 8
34 8 19
34 9 11
34 10 16
34 11 1
34 12 16
34 13 2
34 14 3
34 15 9
34 17 20
34 18 10
34 19 4
34 20 18
34 21 7
34 22 20
34 23 16
34 24 20
34 26 2
34 27 7
34 29 10
34 30 15
34 31 17
34 32 13
34 33 18
35 0 3
35 1 9
35 2 3
35 3 6
35 4 16
35 5 18
35 6 3
35 7 1
35 8 20
35 9 6
35 10 2
35 11 17
35 12 3
35 13 18
35 14 11
35 15 1
35 16 2
35 17 18
35 18 17
35 20 5
35 21 12
35 22 9
35 23 7
35 24 1
35 25 17
35 26 20
35 27 9
35 28 14
35 29 4
35 30 18
35 31 8
35 32 9
35 33 18
35 34 4
36 0 6
36 2 7
36 3 5
36 4 2
36 5 10
36 6 9
36 7 9
36 8 7
36 9 20
36 10 1
36 11 15
36 12 13
36 13 11
36 14 20
36 15 2
36 16 7
36 17 1
36 18 14
36 19 5
36 20 18
36 21 16
36 22 6
36 23 7
36 24 4
36 25 4
36 26 9
36 27 17
36 29 16
36 30 1
36 31 7
36 32 19
36 33 1
36 35 4
37 1 8
37 2 10
37 3 16
37 4 8
37 5 10
37 6 11
37 7 9
37 9 7
37 10 17
37 11 12
37 12 13
37 13 7
37 14 3
37 15 10
37 16 4
37 17 18
37 18 19
37 19 3
37 20 13
37 21 10
37 22 11
37 23 12
37 24 12
37 25 11
37 26 20
37 27 2
37 28 5
37 30 13
37 31 1
37 32 13
37 33 17
37 35 14
37 36 1
38 0 5
38 1 5
38 4 1
38 5 8
38 7 9
38 8 19
38 9 9
38 10 9
38 11 19
38 12 6
38 13 14
38 14 12
38 15 12
38 16 20
38 17 2
38 18 10
38 19 5
38 20 12
38 21 2
38 22 20
38 23 2
38 24 13
38 25 18
38 26 20
38 27 6
38 28 4
38 29 1
38 30 15
38 31 16
38 32 9
38 33 9
38 34 15
38 35 7
38 36 16
38 37 12
39 0 4
39 1 19
39 2 9
39 3 11
39 4 10
39 5 14
39 6 11
39 7 13
39 8 7
39 9 2
39 10 3
39 11 4
39 12 8
39 13 3
39 14 5
39 15 11
39 17 2
39 18 12
39 19 10
39 20 19
39 21 5
39 22 9
39 23 20
39 24 9
39 25 11
39 26 9
39 27 13
39 28 2
39 30 16
39 31 4
39 32 4
39 34 5
39 35 13
39 36 10
39 37 12
39 38 11
