50
2 0 11
2 1 144
3 0 89
3 2 137
4 0 131
4 1 115
4 2 15
4 3 143
5 0 155
5 1 151
5 2 37
5 3 107
5 4 106
6 0 80
6 1 111
6 2 121
6 3 132
6 4 133
6 5 83
7 0 125
7 1 107
7 2 48
7 3 151
7 5 147
7 6 63
8 0 54
8 1 88
8 2 55
8 3 88
8 4 116
8 7 56
9 0 95
9 1 124
9 2 35
9 3 50
9 4 97
9 5 151
9 6 31
9 7 133
9 8 5
10 0 145
10 1 72
10 2 89
10 3 126
10 5 59
10 6 155
10 7 2
10 8 31
10 9 40
11 0 41
11 1 38
11 2 44
11 3 148
11 4 52
11 5 15
11 6 39
11 7 57
11 9 136
12 0 19
12 2 4
12 3 103
12 4 73
12 6 50
12 8 81
12 9 7
12 10 72
12 11 92
13 0 81
13 1 4
13 2 47
13 4 63
13 5 70
13 6 152
13 8 85
13 9 117
13 10 118
13 11 127
13 12 96
14 0 101
14 1 12
14 2 68
14 3 153
14 4 2
14 7 149
14 8 156
14 10 149
14 11 43
14 12 67
14 13 30
15 0 51
15 1 152
15 2 41
15 5 90
15 6 80
15 7 34
15 8 112
15 10 8
15 11 22
15 12 14
15 14 104
16 1 35
16 3 110
16 5 84
16 6 125
16 7 81
16 9 128
16 10 17
16 12 107
16 13 13
16 15 49
17 0 109
17 1 144
17 2 112
17 4 30
17 5 118
17 7 113
17 9 26
17 10 68
17 11 151
17 12 114
17 14 41
17 16 157
18 0 101
18 1 128
18 2 13
18 5 87
18 7 36
18 8 20
18 9 100
18 10 3
18 11 150
18 13 49
18 14 141
18 15 112
18 16 35
18 17 141
19 0 26
19 2 114
19 3 105
19 4 88
19 5 147
19 6 37
19 9 32
19 11 132
19 12 50
19 13 28
19 14 144
19 15 83
19 17 136
19 18 36
20 0 70
20 1 28
20 2 149
20 4 146
20 5 25
20 6 151
20 8 59
20 10 122
20 11 22
20 13 100
20 14 82
20 15 142
20 17 143
20 18 28
20 19 27
21 0 108
21 1 53
21 3 47
21 4 77
21 6 116
21 7 96
21 8 109
21 9 105
21 10 22
21 11 133
21 13 108
21 14 37
21 15 60
21 16 141
21 18 24
21 19 43
21 20 28
22 0 136
22 1 21
22 2 91
22 3 14
22 4 9
22 5 121
22 7 13
22 8 78
22 9 117
22 10 84
22 12 2
22 13 8
22 14 26
22 17 135
22 18 28
22 19 135
22 20 148
22 21 96
23 0 16
23 1 84
23 2 18
23 3 41
23 4 117
23 5 152
23 6 129
23 7 71
23 8 82
23 9 49
23 10 56
23 11 147
23 12 64
23 13 23
23 17 71
23 18 24
23 20 149
23 21 98
24 0 121
24 1 113
24 2 141
24 4 88
24 5 97
24 6 36
24 7 160
24 9 93
24 10 127
24 11 10
24 12 145
24 13 91
24 14 65
24 15 9
24 16 125
24 19 32
24 20 112
24 21 51
24 22 10
24 23 156
25 0 145
25 2 159
25 3 119
25 4 130
25 5 112
25 6 132
25 7 84
25 8 137
25 9 57
25 10 45
25 12 33
25 14 93
25 15 87
25 16 127
25 18 15
25 19 69
25 20 97
25 21 62
25 22 9
25 24 104
26 0 145
26 1 80
26 2 112
26 3 146
26 4 154
26 6 155
26 7 99
26 8 6
26 9 54
26 10 7
26 11 29
26 12 153
26 13 85
26 14 108
26 16 148
26 18 82
26 19 148
26 20 84
26 21 50
26 22 46
26 23 137
26 25 95
27 0 43
27 1 96
27 2 136
27 3 160
27 4 34
27 5 108
27 7 136
27 8 119
27 9 101
27 10 80
27 11 83
27 13 107
27 14 160
27 15 23
27 18 34
27 19 115
27 21 133
27 23 133
27 24 82
27 25 92
27 26 95
28 0 158
28 1 89
28 2 50
28 4 158
28 5 140
28 6 45
28 7 35
28 8 72
28 11 114
28 12 141
28 13 78
28 14 148
28 16 91
28 17 142
28 18 38
28 19 96
28 20 142
28 21 11
28 22 86
28 23 110
28 24 83
28 25 45
28 26 8
28 27 131
29 0 132
29 1 141
29 2 148
29 3 152
29 4 141
29 5 148
29 7 105
29 8 108
29 9 87
29 12 77
29 13 152
29 14 34
29 15 48
29 17 3
29 18 154
29 20 123
29 21 65
29 22 51
29 23 158
29 24 59
29 25 59
29 26 73
29 27 40
29 28 3
30 0 84
30 3 128
30 5 11
30 7 9
30 8 94
30 9 111
30 10 118
30 12 66
30 13 94
30 14 160
30 15 39
30 16 122
30 17 49
30 18 100
30 19 154
30 20 125
30 21 117
30 22 11
30 23 32
30 24 12
30 25 76
30 26 121
30 27 134
30 28 94
30 29 149
31 0 111
31 1 4
31 2 160
31 4 24
31 5 18
31 6 42
31 7 50
31 8 63
31 9 93
31 10 21
31 11 90
31 12 134
31 13 99
31 15 53
31 16 158
31 17 34
31 18 148
31 19 106
31 22 118
31 23 11
31 24 48
31 25 25
31 26 62
31 27 40
31 28 103
31 29 23
31 30 60
32 1 28
32 3 82
32 4 1
32 5 104
32 6 103
32 7 143
32 8 125
32 9 154
32 10 48
32 11 45
32 12 145
32 15 149
32 19 53
32 20 96
32 22 72
32 23 88
32 25 124
32 26 65
32 27 25
32 29 97
33 0 119
33 1 27
33 2 109
33 3 105
33 4 34
33 5 37
33 6 64
33 7 26
33 8 92
33 9 132
33 11 155
33 12 1
33 13 32
33 15 126
33 16 119
33 17 98
33 18 133
33 19 129
33 20 139
33 21 11
33 22 126
33 23 71
33 24 31
33 25 57
33 27 138
33 28 13
33 29 98
33 30 26
33 31 53
33 32 156
34 0 30
34 1 35
34 2 116
34 3 127
34 4 83
34 7 64
34 8 76
34 9 74
34 10 86
34 11 132
34 12 19
34 13 122
34 14 72
34 15 64
34 16 159
34 17 92
34 18 76
34 19 135
34 20 125
34 23 75
34 24 25
34 25 143
34 26 144
34 27 104
34 28 76
34 29 147
34 32 16
35 0 66
35 1 97
35 2 55
35 3 23
35 4 36
35 5 39
35 6 43
35 7 54
35 8 33
35 9 118
35 10 49
35 12 142
35 15 103
35 16 116
35 17 109
35 18 48
35 20 62
35 21 110
35 22 121
35 24 11
35 25 9
35 26 93
35 27 133
35 28 124
35 29 120
35 31 46
35 32 113
35 33 8
35 34 55
36 0 48
36 1 80
36 2 57
36 3 148
36 5 129
36 6 34
36 7 11
36 8 129
36 9 26
36 10 138
36 12 42
36 13 33
36 15 61
36 16 120
36 18 109
36 19 149
36 20 125
36 21 142
36 22 110
36 23 7
36 24 102
36 27 71
36 28 74
36 29 100
36 32 17
36 33 59
36 34 128
36 35 50
37 0 28
37 1 37
37 4 102
37 5 3
37 6 11
37 7 157
37 8 84
37 9 153
37 10 157
37 11 46
37 13 13
37 14 141
37 16 101
37 17 146
37 18 125
37 19 41
37 20 98
37 21 53
37 22 142
37 25 48
37 26 122
37 27 154
37 29 155
37 30 67
37 31 87
37 32 36
37 33 73
37 34 50
37 35 33
37 36 63
38 0 37
38 1 98
38 2 18
38 3 21
38 4 130
38 5 50
38 6 130
38 7 22
38 8 92
38 9 153
38 11 58
38 12 41
38 13 44
38 14 146
38 15 1
38 16 14
38 18 13
38 20 101
38 22 122
38 23 154
38 24 154
38 25 51
38 27 66
38 28 67
38 30 37
38 31 76
38 33 7
38 34 18
38 35 96
38 37 1
39 0 48
39 2 44
39 4 41
39 5 145
39 6 153
39 8 59
39 9 104
39 10 150
39 12 109
39 13 107
39 14 85
39 15 138
39 16 157
39 17 123
39 18 120
39 23 68
39 24 11
39 25 76
39 26 133
39 29 38
39 30 25
39 31 110
39 32 82
39 33 71
39 34 45
39 35 47
39 36 118
39 38 43
40 2 144
40 3 79
40 4 115
40 5 106
40 7 73
40 8 22
40 10 20
40 11 83
40 12 41
40 13 105
40 14 74
40 16 12
40 19 37
40 20 54
40 22 143
40 23 152
40 24 57
40 25 8
40 26 126
40 27 104
40 29 116
40 30 133
40 31 129
40 33 27
40 34 8
40 35 83
40 36 108
40 37 151
40 38 105
40 39 41
41 1 12
41 2 33
41 3 123
41 5 154
41 6 47
41 7 140
41 8 151
41 9 129
41 10 147
41 11 54
41 12 75
41 14 72
41 15 28
41 18 156
41 19 25
41 20 144
41 21 143
41 22 126
41 23 103
41 24 44
41 25 59
41 26 61
41 28 37
41 31 150
41 32 110
41 33 117
41 34 18
41 35 155
41 37 77
41 39 134
41 40 124
42 0 79
42 3 28
42 4 88
42 5 133
42 6 2
42 7 4
42 9 94
42 10 8
42 11 18
42 12 126
42 14 88
42 16 85
42 17 93
42 18 66
42 19 7
42 20 159
42 22 70
42 23 59
42 24 1
42 25 107
42 26 158
42 27 78
42 28 9
42 29 29
42 30 11
42 31 69
42 32 155
42 34 135
42 35 98
42 36 18
42 37 99
42 40 130
42 41 47
43 0 148
43 1 9
43 2 92
43 3 22
43 4 34
43 5 132
43 6 10
43 7 105
43 8 123
43 10 27
43 12 135
43 13 64
43 14 56
43 15 77
43 16 87
43 17 70
43 18 90
43 19 37
43 20 106
43 21 89
43 22 97
43 23 15
43 24 84
43 25 155
43 26 55
43 27 50
43 28 86
43 29 13
43 30 66
43 31 68
43 33 5
43 34 90
43 35 50
43 36 130
43 37 67
43 39 145
43 40 108
43 41 109
43 42 26
44 0 58
44 1 94
44 2 111
44 3 124
44 4 131
44 5 118
44 6 27
44 7 93
44 8 28
44 9 12
44 10 1
44 11 90
44 12 132
44 13 100
44 14 67
44 15 153
44 17 130
44 18 51
44 20 29
44 21 68
44 22 130
44 23 51
44 24 119
44 26 55
44 27 151
44 28 70
44 29 4
44 30 35
44 33 106
44 34 115
44 37 7
44 38 19
44 39 58
44 40 32
44 41 116
44 42 44
44 43 78
45 0 124
45 1 116
45 2 46
45 3 115
45 4 146
45 5 140
45 6 26
45 8 81
45 10 153
45 11 83
45 12 114
45 13 111
45 14 46
45 15 30
45 16 125
45 17 107
45 18 52
45 19 146
45 21 102
45 22 111
45 23 85
45 25 88
45 26 105
45 27 66
45 28 92
45 30 46
45 31 114
45 33 123
45 34 107
45 35 68
45 36 52
45 37 25
45 38 131
45 39 48
45 40 125
45 41 14
45 42 105
45 43 131
45 44 156
46 0 134
46 2 44
46 3 160
46 4 85
46 5 46
46 6 64
46 7 6
46 8 65
46 9 128
46 10 34
46 11 141
46 12 36
46 13 89
46 14 52
46 15 103
46 16 113
46 17 49
46 18 132
46 19 57
46 20 109
46 21 67
46 22 121
46 23 99
46 24 111
46 26 126
46 28 132
46 29 65
46 30 68
46 31 128
46 32 49
46 33 149
46 34 99
46 36 145
46 38 57
46 39 130
46 40 152
46 41 77
46 43 106
46 44 61
46 45 96
47 0 35
47 1 10
47 2 38
47 3 114
47 4 43
47 5 59
47 6 30
47 7 43
47 8 1
47 11 51
47 12 8
47 13 96
47 14 115
47 15 115
47 16 69
47 17 115
47 18 76
47 19 153
47 20 145
47 21 117
47 22 107
47 27 115
47 29 116
47 31 42
47 32 55
47 33 26
47 34 155
47 36 123
47 38 14
47 40 5
47 41 160
47 42 58
47 43 127
47 44 77
47 45 65
47 46 156
48 3 110
48 4 159
48 5 119
48 6 150
48 8 122
48 10 150
48 11 132
48 13 26
48 14 135
48 15 104
48 16 79
48 17 26
48 18 70
48 19 30
48 20 104
48 21 125
48 23 141
48 24 104
48 25 88
48 26 146
48 27 15
48 28 43
48 29 67
48 30 100
48 32 97
48 33 155
48 35 159
48 36 88
48 37 109
48 40 75
48 41 138
48 42 27
48 45 59
48 46 118
48 47 133
49 1 72
49 2 99
49 3 139
49 6 145
49 7 14
49 8 101
49 9 102
49 10 146
49 13 66
49 14 102
49 16 108
49 17 65
49 19 125
49 20 111
49 21 117
49 23 13
49 24 116
49 25 133
49 26 116
49 29 120
49 30 42
49 31 44
49 33 37
49 34 68
49 35 8
49 36 63
49 37 158
49 38 113
49 39 149
49 40 106
49 41 139
49 43 23
49 44 54
49 45 53
49 46 118
49 47 144
49 48 71
