40
2 0 147
2 1 82
3 0 58
3 1 45
4 1 126
4 3 44
5 1 4
5 4 71
6 0 142
6 2 113
6 3 136
6 4 9
7 0 71
7 1 133
7 2 66
7 3 33
7 5 98
7 6 117
8 1 20
8 2 110
8 4 31
8 5 143
8 7 24
9 0 88
9 2 74
9 3 160
9 4 151
9 5 11
9 6 156
9 7 36
9 8 100
10 0 18
10 1 49
10 2 50
10 3 29
10 4 5
10 6 160
10 7 46
10 8 157
10 9 89
11 1 118
11 2 134
11 3 125
11 4 126
11 5 89
11 6 145
11 8 158
11 9 122
11 10 60
12 0 100
12 1 77
12 2 155
12 4 37
12 5 36
12 7 75
12 8 1
12 9 20
12 10 13
13 0 123
13 2 78
13 3 81
13 4 74
13 5 92
13 7 65
13 8 1
13 9 17
13 10 1
13 12 123
14 0 20
14 1 118
14 5 129
14 6 90
14 7 44
14 8 143
14 10 90
14 11 39
14 12 46
14 13 113
15 0 52
15 1 47
15 2 128
15 3 149
15 4 126
15 5 95
15 6 106
15 7 159
15 9 22
15 11 28
15 13 6
15 14 159
16 0 40
16 1 16
16 2 119
16 3 55
16 4 47
16 7 109
16 8 152
16 9 75
16 11 59
16 12 84
16 13 76
16 14 45
16 15 57
17 0 138
17 1 88
17 2 36
17 4 57
17 5 7
17 6 13
17 7 121
17 9 107
17 10 152
17 13 146
17 14 94
18 0 91
18 1 26
18 2 89
18 4 95
18 5 24
18 7 79
18 8 17
18 9 130
18 11 35
18 13 127
18 14 79
18 15 108
18 16 31
18 17 127
19 0 11
19 1 157
19 2 105
19 3 15
19 5 76
19 7 59
19 8 123
19 9 103
19 10 93
19 11 77
19 15 50
19 16 61
19 17 146
20 0 152
20 1 83
20 2 76
20 3 23
20 4 105
20 6 103
20 7 155
20 8 1
20 10 70
20 11 4
20 12 122
20 13 102
20 14 156
20 15 32
20 16 111
20 17 129
20 18 1
20 19 40
21 0 57
21 1 109
21 2 40
21 3 45
21 4 59
21 6 77
21 7 43
21 8 76
21 9 15
21 10 72
21 11 152
21 12 39
21 13 97
21 14 5
21 15 53
21 16 14
21 17 40
21 18 10
21 19 80
22 0 45
22 1 3
22 2 146
22 3 53
22 4 70
22 6 97
22 8 9
22 9 59
22 12 27
22 13 148
22 14 107
22 15 107
22 16 3
22 17 50
22 18 43
22 20 70
23 0 7
23 1 105
23 5 64
23 7 156
23 10 136
23 12 42
23 13 93
23 14 54
23 15 127
23 16 44
23 17 31
23 18 156
23 19 156
23 20 134
23 21 45
23 22 82
24 1 72
24 2 38
24 3 122
24 4 145
24 5 93
24 6 57
24 7 25
24 10 96
24 12 17
24 13 54
24 15 13
24 16 98
24 17 5
24 18 127
24 19 110
24 20 19
24 21 42
24 22 41
24 23 26
25 0 16
25 1 107
25 2 48
25 3 49
25 5 131
25 6 29
25 8 63
25 9 65
25 11 142
25 13 144
25 14 19
25 15 69
25 16 84
25 17 69
25 18 146
25 19 143
25 20 114
25 21 46
25 23 2
25 24 75
26 0 128
26 2 107
26 4 114
26 5 19
26 6 72
26 9 45
26 10 143
26 11 116
26 14 113
26 17 8
26 18 73
26 19 70
26 20 46
26 22 126
26 23 121
26 24 132
26 25 64
27 0 58
27 1 44
27 2 58
27 3 98
27 5 6
27 6 34
27 9 69
27 10 128
27 11 143
27 13 90
27 14 11
27 15 7
27 16 90
27 20 60
27 21 30
27 23 70
27 24 91
27 25 81
27 26 130
28 0 144
28 1 16
28 2 15
28 3 76
28 4 5
28 6 85
28 7 137
28 8 99
28 9 82
28 10 75
28 11 28
28 15 48
28 16 115
28 18 13
28 19 144
28 20 103
28 22 44
28 23 155
28 24 132
28 26 78
28 27 46
29 0 37
29 1 37
29 3 133
29 4 77
29 5 91
29 6 20
29 8 142
29 9 11
29 10 71
29 11 73
29 12 137
29 13 112
29 14 6
29 15 65
29 16 160
29 18 6
29 19 65
29 20 13
29 21 24
29 22 50
29 26 70
29 27 76
29 28 15
30 0 51
30 2 36
30 5 88
30 6 142
30 8 129
30 9 28
30 10 63
30 11 149
30 12 71
30 13 145
30 14 127
30 15 160
30 16 20
30 17 42
30 18 150
30 19 108
30 20 41
30 21 51
30 22 23
30 23 46
30 24 74
30 25 5
30 27 25
30 28 65
30 29 136
31 0 122
31 1 84
31 2 43
31 3 52
31 4 104
31 5 106
31 6 152
31 8 4
31 9 123
31 10 25
31 13 78
31 14 109
31 18 39
31 19 116
31 20 70
31 21 14
31 22 9
31 24 112
31 25 158
31 26 4
31 27 123
31 29 44
31 30 115
32 0 151
32 1 16
32 2 22
32 3 14
32 4 85
32 5 96
32 6 2
32 7 113
32 8 45
32 9 54
32 10 83
32 11 154
32 15 53
32 17 12
32 19 80
32 20 156
32 21 95
32 22 20
32 24 102
32 25 152
32 26 6
32 28 138
32 29 114
32 30 108
32 31 21
33 0 160
33 2 79
33 3 69
33 4 59
33 5 145
33 6 131
33 7 144
33 9 18
33 10 126
33 11 158
33 13 89
33 14 59
33 15 104
33 16 1
33 17 141
33 18 1
33 19 136
33 20 146
33 21 113
33 22 96
33 24 129
33 25 134
33 26 46
33 27 102
33 28 56
33 29 103
33 30 55
33 31 33
33 32 147
34 0 60
34 2 93
34 3 16
34 4 23
34 5 78
34 7 117
34 10 127
34 11 110
34 12 54
34 13 34
34 14 9
34 15 103
34 17 22
34 18 56
34 19 9
34 20 134
34 21 3
34 22 54
34 23 87
34 24 126
34 26 39
34 27 88
34 28 102
34 29 91
34 30 38
34 32 23
34 33 30
35 0 133
35 1 1
35 2 145
35 3 141
35 4 81
35 5 101
35 6 135
35 8 28
35 9 48
35 10 34
35 11 103
35 12 148
35 14 14
35 17 120
35 18 34
35 19 74
35 21 32
35 22 130
35 23 89
35 24 125
35 25 76
35 26 2
35 28 128
35 29 149
35 30 146
35 31 8
35 32 146
35 33 29
35 34 138
36 0 129
36 2 45
36 3 19
36 4 65
36 5 141
36 6 137
36 7 154
36 8 135
36 9 34
36 10 160
36 12 19
36 13 108
36 14 40
36 15 70
36 16 31
36 17 68
36 18 107
36 19 71
36 20 22
36 21 4
36 22 38
36 23 16
36 25 97
36 26 124
36 27 122
36 29 3
36 30 118
36 32 158
36 33 138
36 35 137
37 0 48
37 1 27
37 3 55
37 4 101
37 5 55
37 6 57
37 9 122
37 11 65
37 12 24
37 13 141
37 14 29
37 17 74
37 19 53
37 21 10
37 23 57
37 24 18
37 25 99
37 26 149
37 27 104
37 28 136
37 29 38
37 30 29
37 31 133
37 32 92
37 34 29
37 35 64
38 0 135
38 2 114
38 4 72
38 5 81
38 6 130
38 7 122
38 8 20
38 9 26
38 10 29
38 11 54
38 12 117
38 13 109
38 14 155
38 15 152
38 16 117
38 18 143
38 19 13
38 20 155
38 21 156
38 25 84
38 26 65
38 27 143
38 28 74
38 29 132
38 30 98
38 31 107
38 32 143
38 34 10
38 35 25
38 37 154
39 0 87
39 1 114
39 2 123
39 3 55
39 4 28
39 5 34
39 7 120
39 8 34
39 10 52
39 11 123
39 12 78
39 13 143
39 14 146
39 15 29
39 16 73
39 17 135
39 18 159
39 19 69
39 20 120
39 21 140
39 22 56
39 23 113
39 25 127
39 27 131
39 30 54
39 32 110
39 33 126
39 34 142
39 35 80
39 36 61
39 38 60
