60
1 0 83
2 0 3
3 0 123
3 1 68
4 0 79
4 1 85
4 2 77
5 1 111
5 2 67
5 3 104
6 0 106
6 3 19
6 5 155
7 1 88
7 2 90
7 4 60
7 5 70
7 6 71
8 0 134
8 1 148
8 2 49
8 6 110
8 7 108
9 0 1
9 2 110
9 3 135
9 5 115
9 6 121
10 1 156
10 2 80
10 3 78
10 4 10
10 5 153
10 6 39
10 7 96
11 0 106
11 1 96
11 2 106
11 3 154
11 4 22
11 6 117
11 7 71
11 8 15
12 1 33
12 2 105
12 3 70
12 5 46
12 8 63
12 11 48
13 0 99
13 2 138
13 4 153
13 6 61
13 7 87
13 8 14
13 9 60
13 11 50
14 1 127
14 2 156
14 3 91
14 5 85
14 6 123
14 7 53
14 8 141
14 9 72
14 10 138
14 12 123
15 1 101
15 2 67
15 3 83
15 5 16
15 6 15
15 7 68
15 8 44
15 11 115
15 12 155
15 13 158
15 14 22
16 2 155
16 3 97
16 6 37
16 7 18
16 9 143
16 10 46
16 11 143
16 13 42
16 15 62
17 1 143
17 2 110
17 3 88
17 5 14
17 7 150
17 8 36
17 10 53
17 11 137
17 12 114
17 13 126
17 14 116
17 15 2
17 16 8
18 1 23
18 3 75
18 5 41
18 6 140
18 7 54
18 8 149
18 9 108
18 11 70
18 12 53
18 13 131
18 15 70
18 16 158
19 0 102
19 1 47
19 3 62
19 4 49
19 7 47
19 10 101
19 13 10
19 14 141
19 15 147
19 16 55
19 17 11
20 0 156
20 1 21
20 2 94
20 3 131
20 5 72
20 6 78
20 7 94
20 10 139
20 11 36
20 14 91
20 15 52
20 17 149
21 0 81
21 1 16
21 2 124
21 3 45
21 4 30
21 5 17
21 6 113
21 7 105
21 8 68
21 9 124
21 10 77
21 13 5
21 15 95
21 16 100
21 17 17
21 18 133
21 19 50
22 1 111
22 3 77
22 4 5
22 5 27
22 6 93
22 7 38
22 9 110
22 11 113
22 12 151
22 14 62
22 16 136
22 17 84
22 19 47
22 20 140
22 21 20
23 0 121
23 1 142
23 2 139
23 3 16
23 8 44
23 9 97
23 10 55
23 13 52
23 16 158
23 18 8
23 20 149
23 21 146
23 22 68
24 1 72
24 2 28
24 3 100
24 4 105
24 5 81
24 6 107
24 11 160
24 12 88
24 13 133
24 14 114
24 15 11
24 16 25
24 17 93
24 18 112
24 22 60
24 23 35
25 1 134
25 2 55
25 3 140
25 4 5
25 7 86
25 8 48
25 10 33
25 12 116
25 13 54
25 15 61
25 16 9
25 17 63
25 18 55
25 19 29
25 22 114
25 24 122
26 0 139
26 1 98
26 2 82
26 4 120
26 5 30
26 8 46
26 9 127
26 14 74
26 17 39
26 18 116
26 20 37
26 24 118
26 25 26
27 0 63
27 1 16
27 3 53
27 4 43
27 5 160
27 6 21
27 8 124
27 9 35
27 11 126
27 13 59
27 14 51
27 15 6
27 16 122
27 20 112
27 22 92
28 0 32
28 1 48
28 2 136
28 3 115
28 7 83
28 8 133
28 10 34
28 12 143
28 13 86
28 15 7
28 16 93
28 18 8
28 19 31
28 20 134
28 22 151
28 25 92
28 26 139
28 27 24
29 0 150
29 1 115
29 2 124
29 3 135
29 4 27
29 5 78
29 10 120
29 11 113
29 13 42
29 14 87
29 16 12
29 18 9
29 23 62
29 25 27
29 28 4
30 0 156
30 1 48
30 3 15
30 6 87
30 7 75
30 8 95
30 11 116
30 12 146
30 17 67
30 22 80
30 23 130
30 24 69
30 25 111
30 27 53
30 28 128
30 29 159
31 1 89
31 3 62
31 4 21
31 7 148
31 8 70
31 9 127
31 12 157
31 13 3
31 15 71
31 17 122
31 19 55
31 22 95
31 24 131
31 28 129
31 29 73
32 0 76
32 2 155
32 3 147
32 4 35
32 5 160
32 6 17
32 8 153
32 9 9
32 10 21
32 17 13
32 18 36
32 19 135
32 21 45
32 22 94
32 24 47
32 27 55
32 28 52
32 29 130
32 30 134
32 31 126
33 0 80
33 1 128
33 3 53
33 4 14
33 5 33
33 6 67
33 10 118
33 11 1
33 12 52
33 13 83
33 15 29
33 17 123
33 18 68
33 19 9
33 20 65
33 21 59
33 25 39
33 28 101
33 30 39
33 31 36
33 32 6
34 0 135
34 1 79
34 3 31
34 7 127
34 8 35
34 9 75
34 10 147
34 11 24
34 12 83
34 14 58
34 15 66
34 16 83
34 19 64
34 21 23
34 22 91
34 23 32
34 25 77
34 26 48
34 27 141
34 30 19
34 31 21
34 32 16
34 33 8
35 0 88
35 1 151
35 2 79
35 3 61
35 4 156
35 6 139
35 9 89
35 11 91
35 12 147
35 13 22
35 14 114
35 15 32
35 16 82
35 17 124
35 18 105
35 20 146
35 22 77
35 24 50
35 25 32
35 27 97
35 30 52
35 31 60
35 33 53
35 34 44
36 1 6
36 4 81
36 6 144
36 7 74
36 9 77
36 10 13
36 13 6
36 15 159
36 17 96
36 18 135
36 19 147
36 22 46
36 23 68
36 24 10
36 25 34
36 26 33
36 27 31
36 28 71
36 29 52
36 30 4
36 31 133
37 2 6
37 4 93
37 5 94
37 6 94
37 8 49
37 10 111
37 12 39
37 16 47
37 18 99
37 20 83
37 23 156
37 24 157
37 25 68
37 26 16
37 27 142
37 28 152
37 29 11
37 30 81
37 31 122
37 32 36
37 33 158
37 36 1
38 2 112
38 5 94
38 7 65
38 8 46
38 9 85
38 10 139
38 11 130
38 14 18
38 19 16
38 22 91
38 24 29
38 28 96
38 29 17
38 31 57
38 32 47
38 33 74
38 34 42
39 1 45
39 2 112
39 3 116
39 4 94
39 5 85
39 7 17
39 8 106
39 10 123
39 11 122
39 13 103
39 14 147
39 18 65
39 19 52
39 20 14
39 21 98
39 22 52
39 24 51
39 26 146
39 27 71
39 28 106
39 29 32
39 31 11
39 33 27
39 37 80
40 0 138
40 1 55
40 3 79
40 7 156
40 8 79
40 10 14
40 11 117
40 12 16
40 13 120
40 14 58
40 16 101
40 17 93
40 18 50
40 19 39
40 21 140
40 22 35
40 24 126
40 26 50
40 31 74
40 33 89
40 34 84
40 35 113
40 36 53
40 37 60
40 38 12
41 2 131
41 3 11
41 8 146
41 9 35
41 12 108
41 14 59
41 15 105
41 16 17
41 17 107
41 19 108
41 21 148
41 22 25
41 23 148
41 25 129
41 26 90
41 27 108
41 28 145
41 30 107
41 31 14
41 34 8
41 35 35
41 36 15
41 38 3
41 40 140
42 0 101
42 2 125
42 4 12
42 5 148
42 6 44
42 8 140
42 12 28
42 13 155
42 16 66
42 17 33
42 18 125
42 20 141
42 22 56
42 23 42
42 24 31
42 25 86
42 26 66
42 27 117
42 29 9
42 30 31
42 32 58
42 35 106
42 37 128
42 38 32
42 40 23
42 41 142
43 0 133
43 3 3
43 7 146
43 8 139
43 9 100
43 10 22
43 11 71
43 12 29
43 13 92
43 14 60
43 15 114
43 16 4
43 17 160
43 19 150
43 20 64
43 21 146
43 23 113
43 27 131
43 28 63
43 30 46
43 36 122
43 37 9
43 38 87
43 39 108
43 40 128
43 42 136
44 0 114
44 2 131
44 3 5
44 5 139
44 7 128
44 8 124
44 10 65
44 12 30
44 14 25
44 15 22
44 16 27
44 18 73
44 19 22
44 20 116
44 23 99
44 25 100
44 26 3
44 27 72
44 28 124
44 29 19
44 30 73
44 32 52
44 33 63
44 36 95
44 39 76
44 40 3
44 42 112
45 0 18
45 3 44
45 5 93
45 6 160
45 7 44
45 9 59
45 11 156
45 12 88
45 16 73
45 23 149
45 24 2
45 25 21
45 26 103
45 28 129
45 30 160
45 31 107
45 32 80
45 33 155
45 34 59
45 35 129
45 36 21
45 39 43
45 43 76
45 44 71
46 2 56
46 4 24
46 6 134
46 7 117
46 8 22
46 10 147
46 11 3
46 12 116
46 14 19
46 16 19
46 17 56
46 21 61
46 22 147
46 23 133
46 26 118
46 28 11
46 29 56
46 30 105
46 31 143
46 33 60
46 34 43
46 38 75
46 40 65
46 43 58
46 44 34
46 45 119
47 0 45
47 1 125
47 7 74
47 9 35
47 11 159
47 12 57
47 14 18
47 18 124
47 19 76
47 22 146
47 23 1
47 24 141
47 25 158
47 26 87
47 28 24
47 29 31
47 30 12
47 31 141
47 32 134
47 33 129
47 34 157
47 35 11
47 37 23
47 40 64
47 41 31
47 45 101
48 0 148
48 1 64
48 2 68
48 4 22
48 6 89
48 7 129
48 8 119
48 10 129
48 12 92
48 15 159
48 17 21
48 18 87
48 20 104
48 21 29
48 22 45
48 23 112
48 24 28
48 25 127
48 26 7
48 30 23
48 31 57
48 32 47
48 33 155
48 36 63
48 37 39
48 38 94
48 40 141
48 46 4
48 47 48
49 1 42
49 2 30
49 4 94
49 6 4
49 7 57
49 8 6
49 11 8
49 12 39
49 14 88
49 15 5
49 16 102
49 18 15
49 21 151
49 22 91
49 25 158
49 26 69
49 30 102
49 33 11
49 37 76
49 39 11
49 41 2
49 42 52
49 45 114
49 46 51
49 47 54
49 48 65
50 0 133
50 2 137
50 3 122
50 5 48
50 9 23
50 10 154
50 12 132
50 13 97
50 14 39
50 15 72
50 16 87
50 17 137
50 21 155
50 23 45
50 24 102
50 25 100
50 26 39
50 27 56
50 28 56
50 29 65
50 30 141
50 31 158
50 32 20
50 33 82
50 34 67
50 36 52
50 37 81
50 38 96
50 39 3
50 40 142
50 41 99
50 42 68
50 45 17
50 46 19
51 5 89
51 8 136
51 11 129
51 15 37
51 22 85
51 24 152
51 27 54
51 28 153
51 29 42
51 30 149
51 31 104
51 34 62
51 35 115
51 36 156
51 37 118
51 39 80
51 40 29
51 42 100
51 43 69
51 44 146
51 45 14
51 48 5
51 50 29
52 1 11
52 2 158
52 3 17
52 4 54
52 5 94
52 8 130
52 9 134
52 10 16
52 11 85
52 12 106
52 13 26
52 14 64
52 15 48
52 16 88
52 19 134
52 20 49
52 22 125
52 25 102
52 26 55
52 30 155
52 32 23
52 35 97
52 37 123
52 38 43
52 40 86
52 41 64
52 42 27
52 43 86
52 46 94
52 47 115
52 48 95
52 51 132
53 2 116
53 3 103
53 5 134
53 6 77
53 7 140
53 8 40
53 10 141
53 11 31
53 13 30
53 14 158
53 15 80
53 17 16
53 18 124
53 20 102
53 22 139
53 24 35
53 26 4
53 27 21
53 28 117
53 32 2
53 33 151
53 34 6
53 35 84
53 36 70
53 38 151
53 40 44
53 41 46
53 46 81
53 47 11
53 48 133
53 50 28
53 51 155
53 52 149
54 2 48
54 3 58
54 4 87
54 5 73
54 7 92
54 8 130
54 9 41
54 10 25
54 11 143
54 13 29
54 14 34
54 15 32
54 17 7
54 18 114
54 20 25
54 21 115
54 22 67
54 24 9
54 26 152
54 27 118
54 29 31
54 30 143
54 32 117
54 34 26
54 38 147
54 40 84
54 42 124
54 45 13
54 46 154
54 47 137
54 48 141
54 49 124
54 50 85
54 53 78
55 1 44
55 2 62
55 4 15
55 6 42
55 7 79
55 8 153
55 9 58
55 10 4
55 12 4
55 14 66
55 16 16
55 18 151
55 20 39
55 21 43
55 22 59
55 24 84
55 25 82
55 26 111
55 27 3
55 29 106
55 30 143
55 32 149
55 34 18
55 36 9
55 37 90
55 40 29
55 41 26
55 42 134
55 44 132
55 46 33
55 47 21
55 50 71
55 53 32
55 54 34
56 0 21
56 6 152
56 7 46
56 9 146
56 10 145
56 11 28
56 12 59
56 14 45
56 15 137
56 16 13
56 17 68
56 18 151
56 19 82
56 20 30
56 22 55
56 23 79
56 25 121
56 26 85
56 28 56
56 29 100
56 31 120
56 34 157
56 35 141
56 36 52
56 38 22
56 39 61
56 40 86
56 42 116
56 43 86
56 44 61
56 51 19
56 55 115
57 0 130
57 2 33
57 3 101
57 4 101
57 5 157
57 6 150
57 7 45
57 8 135
57 9 115
57 11 87
57 13 96
57 14 100
57 17 133
57 18 16
57 19 88
57 20 24
57 21 112
57 22 66
57 26 136
57 27 132
57 28 69
57 32 11
57 35 109
57 38 62
57 39 121
57 40 157
57 46 75
57 47 158
57 48 75
57 49 93
57 51 22
57 52 126
57 54 77
57 56 107
58 0 110
58 2 68
58 3 148
58 5 154
58 6 65
58 7 139
58 8 65
58 10 65
58 11 6
58 13 104
58 14 33
58 15 8
58 16 45
58 17 11
58 19 102
58 20 27
58 23 149
58 24 20
58 28 45
58 29 36
58 34 54
58 35 74
58 36 33
58 37 5
58 41 62
58 43 64
58 48 81
58 49 86
58 50 19
58 52 112
58 53 69
58 55 125
58 56 66
59 3 22
59 6 135
59 7 92
59 8 154
59 10 33
59 11 160
59 12 39
59 14 31
59 15 155
59 16 81
59 18 107
59 20 120
59 22 99
59 23 66
59 24 5
59 26 119
59 27 21
59 28 23
59 29 157
59 30 16
59 32 69
59 38 32
59 41 158
59 42 106
59 44 103
59 45 64
59 46 112
59 48 134
59 50 2
59 51 147
59 52 90
59 53 56
59 54 82
59 57 124
