50
2 0 2
3 0 6
3 1 1
3 2 2
4 0 3
4 1 2
4 3 6
5 0 1
5 1 9
5 2 8
5 3 9
6 0 2
6 1 7
6 2 1
6 3 10
6 4 5
7 2 5
7 3 10
7 5 1
7 6 1
8 0 2
8 1 7
8 2 7
8 3 9
8 4 10
8 5 5
8 6 2
9 1 6
9 3 9
9 6 10
9 7 10
9 8 7
10 0 6
10 1 1
10 2 10
10 3 8
10 4 10
10 5 3
10 6 2
10 7 5
10 8 5
10 9 8
11 0 9
11 1 10
11 3 5
11 4 6
11 5 3
11 7 3
11 8 5
11 9 7
11 10 5
12 1 6
12 3 10
12 4 5
12 5 2
12 9 9
12 10 10
12 11 4
13 0 7
13 2 4
13 5 5
13 6 4
13 7 7
13 8 5
13 9 6
13 10 5
13 11 5
13 12 2
14 0 10
14 1 3
14 2 8
14 3 2
14 5 9
14 6 8
14 7 10
14 8 8
14 9 2
14 10 10
14 11 8
15 0 7
15 1 8
15 2 1
15 3 3
15 4 5
15 5 4
15 6 1
15 7 5
15 9 6
15 10 1
15 12 5
15 14 5
16 0 3
16 1 9
16 2 6
16 3 2
16 5 2
16 6 4
16 7 5
16 8 6
16 10 8
16 11 7
16 12 6
16 13 8
16 14 3
16 15 4
17 0 3
17 1 1
17 2 9
17 4 5
17 5 10
17 6 2
17 8 5
17 11 3
17 12 9
17 13 2
17 14 5
17 15 10
17 16 5
18 1 5
18 2 4
18 3 4
18 4 10
18 5 1
18 6 10
18 8 7
18 9 1
18 10 6
18 11 2
18 13 8
18 14 10
18 15 1
18 16 2
18 17 8
19 0 8
19 1 5
19 3 4
19 5 6
19 7 4
19 8 9
19 9 3
19 11 3
19 13 8
19 16 1
19 17 4
19 18 2
20 0 2
20 1 8
20 4 10
20 7 8
20 11 4
20 12 9
20 13 2
20 14 6
20 15 8
20 16 10
20 18 8
20 19 1
21 0 1
21 1 5
21 3 9
21 8 6
21 9 7
21 10 5
21 11 8
21 12 1
21 13 7
21 14 1
21 16 4
21 17 3
21 20 7
22 0 4
22 1 8
22 2 10
22 3 3
22 4 1
22 6 9
22 7 8
22 10 8
22 14 1
22 15 6
22 18 2
22 19 6
22 20 10
22 21 9
23 0 10
23 1 5
23 2 9
23 3 7
23 5 6
23 6 1
23 9 3
23 10 9
23 11 4
23 12 5
23 14 1
23 15 1
23 16 2
23 18 1
23 19 4
23 20 8
23 22 9
24 1 8
24 2 6
24 3 10
24 5 1
24 8 3
24 10 4
24 12 3
24 13 7
24 15 1
24 17 4
24 20 7
24 21 3
24 22 7
24 23 8
25 1 2
25 5 4
25 6 10
25 9 9
25 10 6
25 11 7
25 12 3
25 13 6
25 14 4
25 15 3
25 17 5
25 18 10
25 19 2
25 20 8
25 21 6
25 22 8
25 23 8
25 24 2
26 0 9
26 1 3
26 2 3
26 3 1
26 4 10
26 6 10
26 7 3
26 8 10
26 9 4
26 11 10
26 13 9
26 14 7
26 15 4
26 17 3
26 18 1
26 21 7
26 22 6
26 23 8
27 0 10
27 1 5
27 2 8
27 3 9
27 4 10
27 6 7
27 7 7
27 9 5
27 12 7
27 13 6
27 14 4
27 15 1
27 16 10
27 18 8
27 21 1
27 23 10
27 24 4
27 25 8
28 0 5
28 2 5
28 3 9
28 4 1
28 8 3
28 10 3
28 11 6
28 15 7
28 16 8
28 17 6
28 18 8
28 19 4
28 23 4
28 24 1
28 25 4
28 26 2
29 0 3
29 3 3
29 6 4
29 7 10
29 8 6
29 9 3
29 10 4
29 16 7
29 17 9
29 18 2
29 19 10
29 20 10
29 21 1
29 22 2
29 23 3
29 26 7
29 27 7
29 28 8
30 0 4
30 5 2
30 7 1
30 11 8
30 12 6
30 13 8
30 14 6
30 16 8
30 17 4
30 19 3
30 20 10
30 21 6
30 22 5
30 23 5
30 24 10
30 26 3
31 1 3
31 3 8
31 4 7
31 5 6
31 7 8
31 8 3
31 10 10
31 11 10
31 12 3
31 13 5
31 14 6
31 15 5
31 16 9
31 17 3
31 18 8
31 19 2
31 20 4
31 21 3
31 23 8
31 24 8
31 25 2
31 26 4
31 28 2
31 30 4
32 0 9
32 1 7
32 2 1
32 3 2
32 4 1
32 5 10
32 6 4
32 8 7
32 9 3
32 10 8
32 11 9
32 13 1
32 14 9
32 16 9
32 17 5
32 18 9
32 19 7
32 20 9
32 21 8
32 22 4
32 24 5
32 25 4
32 28 3
32 29 2
32 30 7
32 31 2
33 1 5
33 2 1
33 3 3
33 4 7
33 5 3
33 6 5
33 7 5
33 8 7
33 9 10
33 10 1
33 11 9
33 12 3
33 14 7
33 15 4
33 16 4
33 17 7
33 19 8
33 21 2
33 22 4
33 23 6
33 26 6
33 27 5
33 29 2
33 30 8
33 31 9
33 32 8
34 0 10
34 1 6
34 2 3
34 5 4
34 6 9
34 8 2
34 9 2
34 10 2
34 11 5
34 12 6
34 13 8
34 14 8
34 15 5
34 16 9
34 18 8
34 19 5
34 22 10
34 23 2
34 27 9
34 28 1
34 29 7
34 30 3
34 33 10
35 0 9
35 1 9
35 3 7
35 4 9
35 6 2
35 7 3
35 8 7
35 10 9
35 13 5
35 15 1
35 17 4
35 18 9
35 19 3
35 21 1
35 22 8
35 25 5
35 26 2
35 29 7
35 30 5
35 31 10
36 0 1
36 1 7
36 2 8
36 7 3
36 8 4
36 10 1
36 11 5
36 12 8
36 13 3
36 15 10
36 16 1
36 17 8
36 19 7
36 20 3
36 21 8
36 22 8
36 23 7
36 25 1
36 26 2
36 27 3
36 28 8
36 29 1
36 30 2
36 31 9
36 32 4
37 1 3
37 2 7
37 3 10
37 4 10
37 6 6
37 7 7
37 8 5
37 9 9
37 10 5
37 11 2
37 12 9
37 13 1
37 14 6
37 16 10
37 17 9
37 19 7
37 20 3
37 21 2
37 22 10
37 23 5
37 25 8
37 27 6
37 29 1
37 30 10
37 31 6
37 32 3
37 33 1
37 34 3
38 1 6
38 3 7
38 4 7
38 5 8
38 6 8
38 7 7
38 8 6
38 9 3
38 12 5
38 13 2
38 14 9
38 15 1
38 16 1
38 18 7
38 19 7
38 20 8
38 21 4
38 22 8
38 23 7
38 24 2
38 25 2
38 26 9
38 27 6
38 29 1
38 30 9
38 31 10
38 33 2
38 34 3
38 35 4
38 36 1
39 1 3
39 2 4
39 3 3
39 4 2
39 5 4
39 6 2
39 8 3
39 9 4
39 10 7
39 11 7
39 13 9
39 14 5
39 16 3
39 18 10
39 20 5
39 21 3
39 22 2
39 24 7
39 26 8
39 28 10
39 29 4
39 30 5
39 34 3
39 35 8
39 37 10
40 0 8
40 1 5
40 3 2
40 4 2
40 5 7
40 7 1
40 8 7
40 9 3
40 10 10
40 11 9
40 12 8
40 14 3
40 15 3
40 16 3
40 18 7
40 19 5
40 21 4
40 22 5
40 23 4
40 24 4
40 25 2
40 27 10
40 28 1
40 29 7
40 30 6
40 31 8
40 35 5
40 37 1
40 38 1
41 0 7
41 1 6
41 2 2
41 3 8
41 4 7
41 6 8
41 7 10
41 8 6
41 9 3
41 10 7
41 11 3
41 12 7
41 15 2
41 16 3
41 17 10
41 18 9
41 19 6
41 21 2
41 22 10
41 23 7
41 24 9
41 26 7
41 28 10
41 29 5
41 33 7
41 34 2
41 35 10
41 36 7
41 37 5
41 38 6
41 40 6
42 1 5
42 2 1
42 4 8
42 5 2
42 6 2
42 7 6
42 8 6
42 9 4
42 10 1
42 11 2
42 12 2
42 15 1
42 17 5
42 19 7
42 20 8
42 21 9
42 22 5
42 25 1
42 26 9
42 27 10
42 31 9
42 32 8
42 36 5
42 37 1
42 38 6
42 41 9
43 0 10
43 1 7
43 2 4
43 3 9
43 4 10
43 5 10
43 6 8
43 7 9
43 9 10
43 10 8
43 11 5
43 12 3
43 13 1
43 15 8
43 16 4
43 18 10
43 21 5
43 23 1
43 24 4
43 25 6
43 27 10
43 28 5
43 29 2
43 30 3
43 31 8
43 32 10
43 33 1
43 34 8
43 35 4
43 38 10
43 39 4
44 0 4
44 1 2
44 2 7
44 3 5
44 4 4
44 5 1
44 7 8
44 8 3
44 9 4
44 14 9
44 15 9
44 19 1
44 20 9
44 21 5
44 22 1
44 23 8
44 24 2
44 25 1
44 26 7
44 27 2
44 29 7
44 31 4
44 32 6
44 33 10
44 34 3
44 35 1
44 36 8
44 37 6
44 38 9
44 40 8
44 41 2
44 43 8
45 0 10
45 1 5
45 4 3
45 5 10
45 6 3
45 7 7
45 10 5
45 11 9
45 12 10
45 14 10
45 15 3
45 17 1
45 18 5
45 19 5
45 20 5
45 21 4
45 22 4
45 24 5
45 26 6
45 28 2
45 29 1
45 30 2
45 31 9
45 32 1
45 33 2
45 34 7
45 36 9
45 37 8
45 38 6
45 40 7
45 41 8
45 43 3
46 2 5
46 6 4
46 9 1
46 12 8
46 13 9
46 14 3
46 15 9
46 16 9
46 18 10
46 19 6
46 20 10
46 22 2
46 23 7
46 25 2
46 26 4
46 29 8
46 30 7
46 32 5
46 34 9
46 36 8
46 37 7
46 39 8
46 43 5
46 45 10
47 0 2
47 2 5
47 4 4
47 5 2
47 7 1
47 8 7
47 10 9
47 11 5
47 12 9
47 14 7
47 16 9
47 17 5
47 18 10
47 20 6
47 21 5
47 22 1
47 23 1
47 24 8
47 25 9
47 26 3
47 27 4
47 28 1
47 29 3
47 30 3
47 31 2
47 33 6
47 35 7
47 36 9
47 37 3
47 38 9
47 39 4
47 41 10
47 42 10
47 44 5
47 45 8
47 46 3
48 0 7
48 1 6
48 2 5
48 3 6
48 6 7
48 7 2
48 10 5
48 11 2
48 13 6
48 14 7
48 16 3
48 17 5
48 19 9
48 20 6
48 21 3
48 22 6
48 24 8
48 25 3
48 27 4
48 28 9
48 30 8
48 31 3
48 35 6
48 37 6
48 38 8
48 39 2
48 40 9
48 42 1
48 43 3
48 46 3
49 0 7
49 1 9
49 3 4
49 4 3
49 6 2
49 7 4
49 8 5
49 9 3
49 12 8
49 13 2
49 17 4
49 18 8
49 23 6
49 25 8
49 27 4
49 31 6
49 33 9
49 34 2
49 35 1
49 37 1
49 38 5
49 39 6
49 40 1
49 46 8
49 48 8
