40
1 0 56
2 0 140
3 0 155
3 1 19
4 0 25
5 3 59
6 2 87
7 2 122
7 3 12
7 4 110
8 1 81
8 5 64
9 1 65
9 3 42
9 4 95
9 5 16
9 8 73
10 1 115
10 2 80
10 5 124
10 9 126
11 1 111
11 2 151
11 3 91
11 5 90
11 10 21
12 0 113
12 4 113
12 6 65
12 7 70
12 8 11
12 9 21
12 11 53
13 1 129
13 5 141
13 7 138
13 9 106
13 10 17
13 12 13
14 0 4
14 1 39
14 2 16
14 4 82
14 5 95
14 6 71
14 8 18
14 11 113
14 12 115
14 13 93
15 0 3
15 3 48
15 4 24
15 5 146
15 9 104
15 10 44
15 14 2
16 2 123
16 4 126
16 5 59
16 6 48
16 7 42
16 10 96
16 11 41
16 13 1
17 2 39
17 4 78
17 5 3
17 7 129
17 10 145
17 12 38
17 14 133
17 16 115
18 0 146
18 3 53
18 4 69
18 6 4
18 7 82
18 8 21
18 14 45
18 15 156
18 16 29
18 17 154
19 0 123
19 1 42
19 2 97
19 6 102
19 7 114
19 10 104
19 12 139
19 13 118
19 14 71
19 15 62
19 16 85
19 17 81
20 1 126
20 3 21
20 4 89
20 6 39
20 9 93
20 10 49
20 11 148
20 13 118
20 14 118
20 16 64
20 17 46
20 18 72
21 2 54
21 3 140
21 6 120
21 7 69
21 9 103
21 10 121
21 12 50
21 14 36
21 16 143
21 18 106
21 19 139
21 20 37
22 0 22
22 3 45
22 4 64
22 6 109
22 7 10
22 9 36
22 11 71
22 12 118
22 14 76
22 18 78
22 19 47
22 21 99
23 0 122
23 1 149
23 3 102
23 4 57
23 7 101
23 12 139
23 14 60
23 15 60
23 16 80
23 17 141
23 18 25
23 19 19
23 20 122
24 0 35
24 3 47
24 5 85
24 8 151
24 11 34
24 17 78
24 18 11
24 19 144
25 4 108
25 5 145
25 7 96
25 8 141
25 9 81
25 14 82
25 15 7
25 17 56
25 20 145
25 21 12
25 22 80
25 23 70
25 24 86
26 0 100
26 2 112
26 3 72
26 7 11
26 8 89
26 9 152
26 12 142
26 13 113
26 17 98
26 20 83
26 22 89
26 23 76
26 24 157
26 25 9
27 0 151
27 4 7
27 5 87
27 7 56
27 8 135
27 10 113
27 14 45
27 15 151
27 16 76
27 17 50
27 19 114
27 26 160
28 3 61
28 7 65
28 8 104
28 12 72
28 13 114
28 16 7
28 17 137
28 18 89
28 21 29
28 22 116
28 24 30
28 25 78
29 0 59
29 1 104
29 2 50
29 4 151
29 8 34
29 10 79
29 11 117
29 12 84
29 14 22
29 17 94
29 21 32
29 22 16
29 25 149
29 26 123
30 1 94
30 3 54
30 9 139
30 11 138
30 13 150
30 15 143
30 16 20
30 17 84
30 18 55
30 20 4
30 23 9
30 25 155
30 26 146
30 29 8
31 5 117
31 8 160
31 12 94
31 15 15
31 16 74
31 17 124
31 18 113
31 19 88
31 20 127
31 24 39
31 26 44
31 28 109
31 30 88
32 1 97
32 3 78
32 7 27
32 8 65
32 10 151
32 11 11
32 13 54
32 14 70
32 18 94
32 19 62
32 21 116
32 23 112
32 25 27
32 29 60
32 31 160
33 2 18
33 3 88
33 4 90
33 7 150
33 9 47
33 10 133
33 14 67
33 15 2
33 17 79
33 18 1
33 19 107
33 22 141
33 24 64
33 26 127
33 28 94
33 31 32
34 2 66
34 4 99
34 8 16
34 10 99
34 12 31
34 15 151
34 17 138
34 19 10
34 22 61
34 25 36
34 26 56
34 27 113
34 28 11
34 29 3
34 30 13
34 33 8
35 3 112
35 4 153
35 5 19
35 6 89
35 7 125
35 9 115
35 11 13
35 13 7
35 16 125
35 18 88
35 19 99
35 21 115
35 22 69
35 24 45
35 25 16
35 26 36
35 27 41
35 29 93
35 30 105
35 31 43
35 32 106
35 33 157
35 34 89
36 1 11
36 2 123
36 3 98
36 4 75
36 5 125
36 7 22
36 8 22
36 9 152
36 11 159
36 13 88
36 16 26
36 17 8
36 18 72
36 21 115
36 22 29
36 25 126
36 26 135
36 32 13
37 3 157
37 4 123
37 9 67
37 10 85
37 13 56
37 16 112
37 18 24
37 24 59
37 25 2
37 27 56
37 31 21
37 33 83
37 34 1
37 35 72
37 36 147
38 3 20
38 5 75
38 7 121
38 8 141
38 9 128
38 11 77
38 13 51
38 16 121
38 19 111
38 20 160
38 21 78
38 24 139
38 27 48
38 28 38
38 30 27
38 31 12
38 32 60
38 33 49
38 34 26
38 35 116
38 36 35
38 37 141
39 0 39
39 1 136
39 2 45
39 4 158
39 5 93
39 6 137
39 7 123
39 11 132
39 12 138
39 14 134
39 15 126
39 20 117
39 21 5
39 22 93
39 25 122
39 28 19
39 29 53
39 31 122
39 32 15
39 34 81
39 37 125
