40
1 0 13
2 0 11
2 1 9
3 0 3
3 1 20
3 2 15
4 0 19
4 1 4
4 2 17
4 3 1
5 0 10
5 1 15
5 2 8
5 3 10
5 4 9
6 0 8
6 1 1
6 2 2
6 3 18
6 4 11
6 5 9
7 0 5
7 1 18
7 2 5
7 3 8
7 4 6
7 5 4
7 6 14
8 0 18
8 1 10
8 2 17
8 3 13
8 4 10
8 5 17
8 6 9
8 7 1
9 0 19
9 1 7
9 2 11
9 3 10
9 4 17
9 5 14
9 6 18
9 7 12
9 8 20
10 0 17
10 1 17
10 2 12
10 3 4
10 4 6
10 5 20
10 6 13
10 7 4
10 8 12
10 9 7
11 0 2
11 1 14
11 2 16
11 3 8
11 4 1
11 5 7
11 6 20
11 7 12
11 8 12
11 9 12
11 10 14
12 0 7
12 1 1
12 2 4
12 3 19
12 4 20
12 5 4
12 6 6
12 7 16
12 8 10
12 9 15
12 10 13
12 11 4
13 0 3
13 1 18
13 2 18
13 3 3
13 4 19
13 5 8
13 6 9
13 7 4
13 8 19
13 9 15
13 10 7
13 11 12
13 12 3
14 0 1
14 1 4
14 2 12
14 3 19
14 4 1
14 5 17
14 6 11
14 7 1
14 8 10
14 9 6
14 10 4
14 11 6
14 12 10
14 13 20
15 0 4
15 1 8
15 2 17
15 3 9
15 4 7
15 5 7
15 6 14
15 7 8
15 8 10
15 9 19
15 10 8
15 11 19
15 12 5
15 13 18
15 14 20
16 0 8
16 1 5
16 2 4
16 3 13
16 4 20
16 5 6
16 6 4
16 7 3
16 8 1
16 9 14
16 10 14
16 11 14
16 12 5
16 13 11
16 14 19
16 15 8
17 0 11
17 1 3
17 2 17
17 3 13
17 4 10
17 5 5
17 6 20
17 7 13
17 8 6
17 9 3
17 10 15
17 11 17
17 12 20
17 13 3
17 14 6
17 15 18
17 16 6
18 0 16
18 1 4
18 2 8
18 3 6
18 4 7
18 5 4
18 6 14
18 7 4
18 8 8
18 9 6
18 10 1
18 11 7
18 12 16
18 13 16
18 14 17
18 15 15
18 16 10
18 17 7
19 0 13
19 1 12
19 2 18
19 3 11
19 4 11
19 5 10
19 6 20
19 7 7
19 8 16
19 9 14
19 10 9
19 11 20
19 12 1
19 13 13
19 14 18
19 15 19
19 16 5
19 17 19
19 18 4
20 0 1
20 1 4
20 2 10
20 3 4
20 4 9
20 5 9
20 6 11
20 7 17
20 8 16
20 9 19
20 10 6
20 11 15
20 12 19
20 13 11
20 14 14
20 15 16
20 16 20
20 17 10
20 18 15
20 19 2
21 0 10
21 1 3
21 2 18
21 3 4
21 4 1
21 5 14
21 6 14
21 7 1
21 8 9
21 9 19
21 10 19
21 11 17
21 12 1
21 13 7
21 14 13
21 15 16
21 16 17
21 17 3
21 18 11
21 19 5
21 20 8
22 0 18
22 1 12
22 2 6
22 3 2
22 4 9
22 5 14
22 6 17
22 7 17
22 8 8
22 9 7
22 10 20
22 11 12
22 12 19
22 13 19
22 14 17
22 15 11
22 16 20
22 17 5
22 18 12
22 19 6
22 20 1
22 21 2
23 0 14
23 1 19
23 2 17
23 3 16
23 4 12
23 5 2
23 6 4
23 7 2
23 8 4
23 9 10
23 10 12
23 11 3
23 12 14
23 13 5
23 14 14
23 15 2
23 16 15
23 17 10
23 18 12
23 19 12
23 20 16
23 21 1
23 22 8
24 0 19
24 1 15
24 2 6
24 3 3
24 4 3
24 5 1
24 6 10
24 7 3
24 8 10
24 9 3
24 10 17
24 11 13
24 12 2
24 13 9
24 14 5
24 15 7
24 16 14
24 17 10
24 18 17
24 19 5
24 20 11
24 21 9
24 22 11
24 23 8
25 0 14
25 1 17
25 2 18
25 3 10
25 4 15
25 5 7
25 6 4
25 7 3
25 8 16
25 9 20
25 10 5
25 11 9
25 12 18
25 13 5
25 14 19
25 15 1
25 16 8
25 17 6
25 18 17
25 19 5
25 20 4
25 21 2
25 22 11
25 23 7
25 24 10
26 0 2
26 1 17
26 2 19
26 3 15
26 4 12
26 5 9
26 6 6
26 7 20
26 8 13
26 9 7
26 10 10
26 11 12
26 12 5
26 13 19
26 14 7
26 15 13
26 16 14
26 17 7
26 18 9
26 19 10
26 20 6
26 21 6
26 22 16
26 23 14
26 24 8
26 25 12
27 0 15
27 1 5
27 2 6
27 3 2
27 4 1
27 5 14
27 6 19
27 7 4
27 8 14
27 9 1
27 10 11
27 11 6
27 12 3
27 13 6
27 14 15
27 15 20
27 16 1
27 17 17
27 18 7
27 19 3
27 20 18
27 21 13
27 22 5
27 23 3
27 24 5
27 25 19
27 26 1
28 0 9
28 1 2
28 2 16
28 3 18
28 4 20
28 5 18
28 6 5
28 7 17
28 8 7
28 9 13
28 10 4
28 11 4
28 12 9
28 13 10
28 14 12
28 15 8
28 16 4
28 17 15
28 18 18
28 19 20
28 20 15
28 21 3
28 22 4
28 23 11
28 24 12
28 25 9
28 26 12
28 27 5
29 0 10
29 1 12
29 2 19
29 3 18
29 4 4
29 5 2
29 6 20
29 7 13
29 8 18
29 9 10
29 10 16
29 11 15
29 12 19
29 13 15
29 14 10
29 15 12
29 16 16
29 17 10
29 18 1
29 19 3
29 20 11
29 21 1
29 22 2
29 23 14
29 24 13
29 25 1
29 26 13
29 27 1
29 28 11
30 0 16
30 1 10
30 2 17
30 3 1
30 4 20
30 5 11
30 6 7
30 7 2
30 8 19
30 9 8
30 10 20
30 11 15
30 12 6
30 13 17
30 14 12
30 15 8
30 16 9
30 17 3
30 18 6
30 19 13
30 20 6
30 21 6
30 22 12
30 23 10
30 24 9
30 25 13
30 26 16
30 27 11
30 28 18
30 29 9
31 0 13
31 1 5
31 2 18
31 3 6
31 4 18
31 5 3
31 6 17
31 7 16
31 8 14
31 9 17
31 10 11
31 11 7
31 12 1
31 13 4
31 14 7
31 15 4
31 16 9
31 17 10
31 18 16
31 19 9
31 20 5
31 21 7
31 22 1
31 23 1
31 24 17
31 25 2
31 26 17
31 27 10
31 28 1
31 29 2
31 30 10
32 0 8
32 1 17
32 2 16
32 3 18
32 4 11
32 5 20
32 6 5
32 7 14
32 8 9
32 9 14
32 10 4
32 11 3
32 12 5
32 13 12
32 14 15
32 15 3
32 16 5
32 17 2
32 18 5
32 19 10
32 20 1
32 21 5
32 22 14
32 23 8
32 24 9
32 25 1
32 26 8
32 27 19
32 28 7
32 29 1
32 30 18
32 31 12
33 0 19
33 1 16
33 2 14
33 3 11
33 4 1
33 5 13
33 6 16
33 7 6
33 8 12
33 9 5
33 10 9
33 11 20
33 12 3
33 13 13
33 14 11
33 15 11
33 16 15
33 17 5
33 18 7
33 19 11
33 20 17
33 21 3
33 22 17
33 23 20
33 24 17
33 25 20
33 26 10
33 27 2
33 28 11
33 29 9
33 30 13
33 31 3
33 32 10
34 0 16
34 1 11
34 2 5
34 3 11
34 4 12
34 5 13
34 6 18
34 7 5
34 8 16
34 9 1
34 10 20
34 11 9
34 12 3
34 13 17
34 14 6
34 15 3
34 16 14
34 17 19
34 18 20
34 19 6
34 20 1
34 21 14
34 22 9
34 23 10
34 24 20
34 25 20
34 26 17
34 27 8
34 28 5
34 29 9
34 30 7
34 31 1
34 32 3
34 33 13
35 0 2
35 1 5
35 2 16
35 3 19
35 4 4
35 5 3
35 6 12
35 7 8
35 8 12
35 9 9
35 10 10
35 11 15
35 12 18
35 13 13
35 14 9
35 15 3
35 16 8
35 17 6
35 18 6
35 19 14
35 20 9
35 21 19
35 22 2
35 23 17
35 24 17
35 25 4
35 26 15
35 27 11
35 28 16
35 29 5
35 30 11
35 31 15
35 32 4
35 33 13
35 34 12
36 0 13
36 1 14
36 2 6
36 3 12
36 4 11
36 5 17
36 6 4
36 7 12
36 8 19
36 9 16
36 10 10
36 11 16
36 12 19
36 13 13
36 14 17
36 15 16
36 16 9
36 17 20
36 18 1
36 19 5
36 20 14
36 21 19
36 22 11
36 23 16
36 24 4
36 25 15
36 26 12
36 27 1
36 28 11
36 29 16
36 30 1
36 31 20
36 32 4
36 33 15
36 34 12
36 35 16
37 0 14
37 1 17
37 2 17
37 3 16
37 4 5
37 5 15
37 6 19
37 7 13
37 8 11
37 9 11
37 10 11
37 11 4
37 12 10
37 13 12
37 14 4
37 15 9
37 16 18
37 17 13
37 18 5
37 19 1
37 20 1
37 21 2
37 22 6
37 23 6
37 24 12
37 25 7
37 26 7
37 27 14
37 28 6
37 29 15
37 30 11
37 31 4
37 32 16
37 33 14
37 34 14
37 35 7
37 36 6
38 0 16
38 1 13
38 2 9
38 3 7
38 4 12
38 5 8
38 6 16
38 7 14
38 8 6
38 9 10
38 10 19
38 11 18
38 12 20
38 13 16
38 14 17
38 15 16
38 16 16
38 17 19
38 18 14
38 19 13
38 20 15
38 21 12
38 22 7
38 23 7
38 24 5
38 25 2
38 26 5
38 27 10
38 28 14
38 29 9
38 30 10
38 31 5
38 32 7
38 33 11
38 34 13
38 35 5
38 36 7
38 37 9
39 0 1
39 1 5
39 2 20
39 3 19
39 4 6
39 5 2
39 6 17
39 7 3
39 8 15
39 9 3
39 10 13
39 11 5
39 12 14
39 13 11
39 14 9
39 15 14
39 16 12
39 17 5
39 18 3
39 19 17
39 20 16
39 21 11
39 22 10
39 23 4
39 24 9
39 25 7
39 26 12
39 27 7
39 28 12
39 29 14
39 30 9
39 31 7
39 32 8
39 33 20
39 34 9
39 35 8
39 36 13
39 37 5
39 38 19
