20
1 0 35
2 0 14
2 1 2
3 0 9
3 1 37
3 2 2
4 1 21
4 3 16
5 0 33
5 1 4
5 2 14
5 3 13
5 4 19
6 0 28
6 3 20
7 0 4
7 3 24
7 5 9
7 6 37
8 2 31
8 3 27
8 4 20
8 5 33
8 7 20
9 1 40
9 3 25
9 5 38
9 7 15
10 0 35
10 2 13
10 4 11
10 5 33
10 8 17
11 0 11
11 3 9
11 4 9
11 5 15
11 6 4
11 9 33
12 1 30
12 2 10
12 3 31
12 10 38
13 0 16
13 2 34
13 3 3
13 10 39
13 12 36
14 1 31
14 2 38
14 3 37
14 4 8
14 5 21
14 6 21
14 9 2
14 10 8
14 11 35
14 12 2
15 0 34
15 1 17
15 3 26
15 4 28
15 5 21
15 7 3
15 10 1
15 12 6
15 13 32
16 1 38
16 2 17
16 3 12
16 4 36
16 5 25
16 7 14
16 13 26
16 14 14
16 15 11
17 0 24
17 1 24
17 2 8
17 3 34
17 4 22
17 5 27
17 7 31
17 11 16
17 14 34
17 15 1
17 16 40
18 0 18
18 1 29
18 4 35
18 5 8
18 6 33
18 10 14
18 11 2
18 12 15
18 13 11
19 0 39
19 1 25
19 2 19
19 3 12
19 4 11
19 6 6
19 8 7
19 9 9
19 10 40
19 12 24
19 13 21
19 15 23
19 17 33
19 18 18
