70
1 0 59
2 0 167
4 0 24
5 3 254
5 4 151
6 1 258
7 0 270
7 1 116
7 5 219
7 6 258
8 1 263
8 4 290
9 3 211
9 5 272
9 7 159
10 0 192
10 2 290
10 3 238
10 4 97
10 5 7
10 6 82
11 1 261
11 3 284
11 6 3
11 7 214
11 10 7
12 1 133
12 2 224
12 3 1
12 4 319
12 8 1
12 9 256
12 10 132
12 11 295
13 0 245
13 1 56
13 3 145
13 5 38
13 7 144
13 8 148
13 10 211
14 0 140
14 3 231
14 4 262
14 8 294
14 10 195
15 1 244
15 2 276
15 4 140
15 5 186
15 8 242
15 11 310
15 12 252
15 13 277
15 14 140
16 0 118
16 1 47
16 4 125
16 8 257
16 15 277
17 1 51
17 3 1
17 6 102
17 11 246
17 13 93
18 4 319
18 6 114
18 9 15
19 1 62
19 2 139
19 3 318
19 4 273
19 5 303
19 7 320
19 9 194
19 10 54
19 11 57
19 13 119
19 15 167
19 17 245
19 18 269
20 0 100
20 6 155
20 7 244
20 10 276
20 12 278
20 13 302
20 14 105
20 15 44
20 16 50
20 17 307
21 6 63
21 8 185
21 10 84
21 12 274
21 13 65
21 16 19
21 18 214
22 0 286
22 2 66
22 4 96
22 6 109
22 7 137
22 8 55
22 12 263
22 13 251
22 14 312
22 18 314
22 21 289
23 1 104
23 5 207
23 7 58
23 8 304
23 11 88
23 13 232
23 14 280
23 15 118
23 16 162
23 18 136
23 20 133
24 5 308
24 6 137
24 7 215
24 9 203
24 11 286
24 12 282
24 13 165
24 15 188
24 16 18
24 21 85
25 0 17
25 5 57
25 8 88
25 9 52
25 12 9
25 14 270
25 15 6
25 16 291
25 20 115
25 21 246
25 23 179
25 24 230
26 0 141
26 1 189
26 3 133
26 4 168
26 5 192
26 7 186
26 12 54
26 19 70
26 21 41
26 22 25
27 0 38
27 5 282
27 17 273
27 18 224
27 21 154
27 23 186
28 1 243
28 2 90
28 3 164
28 7 124
28 9 15
28 10 177
28 12 285
28 13 234
28 16 307
28 17 165
28 20 293
28 21 30
28 25 315
29 11 246
29 19 102
29 20 232
29 24 278
29 25 162
30 0 108
30 3 129
30 8 124
30 12 103
30 13 96
30 15 61
30 18 226
30 19 276
30 20 160
30 22 17
30 29 9
31 7 232
31 8 62
31 12 117
31 17 183
31 18 49
31 24 116
31 25 51
31 26 57
31 27 85
31 29 295
32 9 89
32 10 95
32 11 48
32 12 124
32 17 233
32 20 196
32 21 179
32 24 124
32 30 311
32 31 187
33 0 14
33 1 170
33 6 208
33 9 117
33 14 14
33 19 159
33 21 316
33 22 188
33 24 143
33 25 211
33 26 245
33 30 219
33 31 60
33 32 146
34 0 108
34 6 210
34 8 32
34 17 312
34 24 288
34 25 276
34 26 285
34 28 209
34 30 24
34 31 60
35 3 10
35 6 288
35 8 91
35 9 169
35 12 90
35 14 227
35 15 2
35 17 253
35 18 296
35 20 193
35 21 129
35 28 8
35 29 117
36 0 193
36 4 278
36 7 249
36 8 146
36 9 152
36 14 230
36 15 3
36 16 33
36 17 230
36 19 163
36 20 63
36 24 266
36 30 152
36 32 51
36 35 131
37 3 5
37 4 210
37 6 163
37 8 243
37 10 219
37 16 248
37 17 205
37 18 203
37 21 112
37 28 35
38 0 240
38 1 201
38 3 111
38 5 256
38 7 170
38 11 290
38 12 242
38 13 287
38 15 299
38 16 214
38 19 282
38 21 211
38 27 15
38 31 289
38 32 174
38 35 28
39 1 288
39 3 27
39 4 43
39 5 97
39 7 47
39 10 318
39 13 60
39 18 128
39 29 172
39 30 101
39 31 110
39 32 288
39 37 11
40 3 292
40 5 312
40 7 22
40 9 75
40 16 291
40 17 35
40 20 292
40 21 46
40 25 130
40 30 44
40 31 105
40 33 313
40 34 112
40 35 189
40 37 31
40 38 235
40 39 292
41 0 64
41 1 250
41 3 206
41 5 103
41 8 126
41 10 88
41 12 130
41 14 194
41 15 103
41 17 275
41 18 294
41 26 318
41 27 74
41 28 199
41 30 107
41 34 101
41 35 106
41 36 316
41 37 76
41 39 3
42 2 141
42 6 103
42 7 271
42 8 209
42 9 122
42 11 261
42 12 164
42 16 88
42 18 126
42 29 110
42 33 132
42 36 286
42 37 157
42 40 318
42 41 133
43 5 82
43 8 112
43 11 272
43 16 318
43 18 94
43 20 88
43 21 172
43 26 8
43 28 5
43 32 302
43 33 155
43 34 185
43 35 155
43 36 246
43 37 233
43 38 18
43 40 156
43 42 47
44 0 148
44 11 205
44 13 142
44 14 222
44 18 172
44 19 55
44 20 308
44 23 155
44 24 204
44 25 229
44 26 266
44 28 102
44 29 170
44 31 145
44 32 93
44 35 30
44 38 149
45 0 291
45 1 148
45 5 245
45 9 42
45 10 176
45 14 275
45 15 313
45 16 221
45 30 200
45 35 178
45 38 252
45 40 114
45 43 13
46 9 234
46 10 138
46 11 62
46 13 112
46 16 227
46 17 1
46 18 34
46 20 281
46 26 155
46 29 265
46 32 231
46 37 239
46 38 32
46 39 29
46 40 162
46 42 116
46 43 81
46 44 248
47 0 306
47 1 315
47 8 211
47 16 21
47 18 117
47 19 38
47 21 197
47 22 225
47 27 136
47 28 268
47 30 88
47 31 24
47 34 19
47 38 128
47 39 196
47 44 70
47 46 216
48 3 276
48 4 68
48 5 111
48 6 153
48 11 20
48 14 287
48 16 112
48 17 158
48 18 316
48 20 110
48 22 13
48 23 286
48 29 190
48 33 13
48 36 301
48 37 309
48 39 35
48 45 202
48 46 80
48 47 186
49 0 265
49 4 79
49 9 112
49 11 121
49 12 56
49 13 156
49 15 251
49 16 263
49 20 80
49 21 270
49 26 268
49 32 167
49 33 33
49 34 100
49 41 214
49 43 142
49 45 259
50 6 58
50 7 289
50 8 160
50 11 80
50 13 213
50 15 232
50 17 49
50 19 225
50 23 266
50 25 303
50 27 32
50 29 161
50 31 55
50 35 190
50 39 10
50 43 249
50 44 63
51 10 55
51 12 34
51 13 120
51 20 136
51 21 108
51 23 170
51 24 135
51 29 285
51 33 117
51 36 30
51 41 110
51 43 277
51 46 176
51 47 1
51 49 283
51 50 31
52 5 317
52 13 55
52 14 268
52 15 100
52 16 159
52 17 21
52 18 292
52 22 100
52 23 129
52 24 58
52 26 210
52 30 270
52 37 228
52 39 235
52 41 46
52 43 313
52 44 303
52 45 58
52 50 116
53 3 247
53 5 47
53 7 236
53 16 297
53 17 281
53 18 90
53 20 88
53 22 179
53 23 90
53 24 213
53 27 229
53 33 52
53 34 11
53 35 196
53 38 285
53 42 160
53 45 101
53 47 15
54 1 88
54 3 85
54 5 88
54 6 186
54 8 253
54 9 8
54 12 179
54 14 298
54 16 96
54 18 140
54 22 55
54 24 112
54 25 121
54 26 104
54 28 126
54 37 171
54 39 277
54 43 108
54 44 257
54 46 241
54 49 201
54 50 271
54 51 318
55 6 38
55 8 84
55 15 110
55 16 103
55 20 11
55 24 195
55 25 224
55 26 93
55 37 187
55 38 237
55 39 96
55 42 158
55 43 213
55 46 85
55 51 105
55 52 319
55 54 201
56 0 244
56 4 222
56 6 157
56 7 313
56 9 291
56 13 135
56 17 226
56 18 92
56 21 41
56 26 220
56 29 308
56 39 175
56 41 141
56 42 259
56 44 184
56 45 293
56 47 14
56 51 93
56 52 291
56 53 98
56 54 278
57 4 307
57 7 314
57 8 94
57 12 319
57 13 245
57 15 273
57 16 57
57 17 155
57 20 258
57 24 85
57 26 203
57 27 281
57 35 43
57 37 15
57 38 132
57 42 313
57 44 39
57 47 112
57 51 236
57 53 77
57 54 220
57 56 288
58 3 3
58 4 113
58 5 209
58 7 295
58 8 66
58 10 231
58 14 81
58 18 188
58 21 155
58 23 18
58 24 148
58 25 235
58 26 145
58 28 235
58 29 251
58 34 251
58 36 313
58 42 15
58 43 54
58 44 179
58 45 51
58 47 266
58 48 233
58 49 56
58 51 58
58 53 253
58 57 104
59 1 10
59 4 193
59 11 144
59 12 28
59 13 63
59 14 74
59 15 88
59 19 276
59 20 303
59 25 1
59 27 263
59 31 146
59 32 227
59 34 44
59 39 194
59 42 141
59 47 48
59 48 123
59 52 148
59 55 80
59 58 296
60 1 29
60 4 290
60 5 194
60 6 150
60 8 219
60 9 43
60 12 64
60 16 130
60 18 200
60 19 162
60 22 119
60 23 256
60 24 163
60 26 136
60 27 171
60 35 62
60 36 216
60 39 289
60 45 277
60 51 83
60 53 211
60 55 48
60 56 300
60 58 316
61 0 141
61 2 313
61 3 30
61 10 224
61 11 165
61 12 218
61 14 164
61 17 35
61 18 39
61 22 71
61 23 137
61 24 96
61 25 106
61 28 46
61 29 272
61 31 224
61 35 55
61 36 17
61 40 186
61 41 114
61 46 146
61 47 195
61 48 319
61 49 291
61 50 223
61 55 21
61 59 286
61 60 74
62 0 308
62 4 19
62 7 213
62 10 148
62 13 221
62 15 8
62 18 36
62 19 210
62 20 197
62 21 228
62 22 130
62 24 304
62 30 32
62 31 110
62 32 233
62 34 203
62 36 131
62 40 62
62 44 106
62 45 4
62 46 229
62 50 266
62 52 77
62 53 243
62 56 127
62 57 142
62 59 80
62 60 130
62 61 107
63 1 5
63 2 65
63 5 147
63 6 240
63 12 65
63 13 307
63 14 74
63 15 95
63 17 82
63 18 21
63 19 316
63 20 150
63 22 265
63 23 52
63 26 176
63 29 189
63 34 299
63 36 246
63 40 195
63 43 256
63 44 232
63 49 41
63 57 23
63 58 175
63 60 85
63 62 186
64 0 104
64 4 134
64 5 152
64 6 153
64 10 150
64 13 2
64 16 6
64 19 236
64 21 27
64 22 42
64 24 37
64 26 171
64 28 272
64 29 128
64 34 233
64 36 58
64 37 207
64 40 203
64 42 188
64 43 51
64 45 10
64 46 6
64 59 303
64 60 228
65 2 67
65 6 238
65 8 179
65 9 304
65 10 1
65 11 74
65 12 111
65 17 211
65 20 141
65 21 7
65 23 67
65 24 275
65 26 183
65 28 138
65 29 84
65 31 61
65 32 171
65 33 183
65 34 192
65 39 163
65 41 166
65 43 266
65 46 198
65 53 320
65 56 44
65 58 47
65 61 71
65 63 41
66 3 20
66 6 229
66 10 222
66 13 59
66 14 5
66 17 231
66 18 191
66 19 61
66 27 220
66 30 37
66 31 17
66 36 289
66 38 75
66 39 178
66 40 97
66 42 107
66 43 275
66 44 284
66 45 271
66 52 215
66 58 45
66 59 267
67 1 251
67 2 120
67 3 134
67 4 170
67 5 237
67 6 289
67 7 294
67 12 171
67 15 49
67 21 211
67 22 61
67 23 10
67 29 140
67 38 280
67 50 112
67 55 27
67 56 17
67 60 200
67 62 81
67 64 55
67 65 262
68 0 54
68 2 246
68 7 148
68 10 273
68 14 64
68 16 76
68 22 313
68 24 280
68 30 93
68 31 217
68 32 35
68 33 264
68 34 207
68 36 25
68 38 138
68 40 235
68 41 294
68 43 193
68 44 107
68 47 119
68 54 17
68 55 91
68 59 221
68 60 245
68 62 160
69 5 232
69 7 54
69 9 23
69 10 21
69 11 239
69 16 90
69 21 102
69 22 200
69 23 244
69 25 160
69 26 211
69 28 218
69 29 127
69 30 204
69 33 14
69 40 147
69 43 65
69 44 66
69 45 150
69 48 198
69 51 35
69 61 107
69 62 17
69 63 31
69 64 11
