20
1 0 19
2 0 13
2 1 23
3 0 19
3 1 17
3 2 7
4 1 16
4 3 11
5 0 23
5 1 4
5 2 10
5 3 24
5 4 18
6 0 21
6 2 22
6 3 35
6 4 20
6 5 15
7 0 14
7 1 39
7 2 9
7 3 9
7 4 21
7 5 16
7 6 2
8 0 1
8 1 4
8 2 22
8 3 27
8 4 6
8 5 28
8 6 11
8 7 2
9 0 36
9 1 20
9 6 17
9 8 35
10 0 23
10 1 12
10 2 4
10 3 18
10 5 27
10 6 1
10 7 27
10 8 35
10 9 26
11 0 35
11 1 13
11 2 3
11 3 4
11 6 31
11 7 14
11 10 10
12 1 13
12 2 14
12 3 3
12 4 4
12 5 5
12 6 21
12 7 9
12 8 7
12 9 33
12 10 26
13 0 38
13 1 29
13 2 8
13 4 7
13 5 32
13 7 4
13 8 4
13 9 37
13 10 24
13 11 25
13 12 15
14 0 25
14 3 30
14 4 8
14 6 12
14 7 27
14 8 18
14 10 40
14 11 29
14 13 18
15 0 15
15 2 30
15 3 37
15 4 31
15 5 13
15 6 7
15 7 29
15 9 11
15 10 3
15 11 33
15 12 11
15 14 30
16 1 20
16 3 7
16 4 10
16 7 2
16 9 26
16 10 19
16 11 16
16 12 18
16 13 37
16 14 13
16 15 31
17 0 23
17 1 27
17 2 36
17 3 12
17 5 5
17 6 10
17 8 4
17 10 25
17 11 21
17 12 19
17 13 32
17 14 23
17 15 5
17 16 33
18 0 16
18 1 19
18 3 24
18 4 12
18 5 8
18 7 23
18 8 36
18 9 38
18 10 35
18 11 22
18 12 7
18 13 29
18 14 38
18 16 36
18 17 29
19 2 31
19 4 11
19 5 9
19 7 19
19 8 29
19 9 33
19 10 4
19 11 22
19 13 30
19 14 17
19 15 32
19 18 36
