50
1 0 24
3 0 72
3 1 15
4 1 11
4 2 17
4 3 21
5 0 65
5 1 65
5 3 46
5 4 29
7 3 10
8 0 55
8 2 58
8 6 43
9 0 29
9 5 65
9 6 24
9 8 11
10 1 16
10 4 64
10 5 70
10 6 76
10 9 22
11 0 73
11 2 27
11 3 78
11 7 34
11 8 44
11 10 49
12 1 49
12 4 66
12 6 70
12 7 47
12 8 65
12 11 17
13 1 58
13 2 50
13 3 54
13 6 23
13 7 49
13 8 70
14 0 27
14 1 46
14 2 3
14 5 14
14 6 23
14 7 62
14 11 40
15 0 44
15 5 78
15 6 53
15 14 22
16 1 79
16 4 53
16 8 11
16 9 57
16 11 1
17 1 29
17 2 58
17 5 55
17 8 50
17 9 53
17 10 77
17 13 22
17 14 68
17 16 66
18 0 9
18 3 78
18 5 72
18 7 54
18 12 63
18 13 51
18 15 15
18 17 12
19 4 13
19 5 78
19 6 39
19 7 49
19 11 28
19 18 47
20 1 24
20 7 56
20 9 18
20 11 60
20 13 28
20 16 2
20 17 73
21 0 65
21 1 27
21 6 22
21 8 33
21 12 77
21 14 79
21 17 77
21 18 74
21 20 65
22 1 43
22 2 72
22 3 64
22 5 1
22 8 70
22 10 64
22 11 78
22 15 38
22 18 31
22 19 72
22 20 65
22 21 18
23 1 60
23 3 55
23 7 57
23 8 68
23 11 80
23 12 47
23 16 9
23 20 74
23 22 65
24 0 2
24 1 11
24 2 54
24 4 32
24 7 23
24 9 21
24 13 19
24 19 42
24 23 47
25 2 76
25 6 52
25 7 67
25 8 1
25 10 14
25 14 27
25 15 22
25 17 31
25 18 79
25 21 19
25 22 4
26 0 29
26 4 71
26 5 13
26 6 46
26 7 34
26 8 33
26 13 69
26 16 42
26 18 77
26 22 19
26 23 58
27 1 8
27 3 37
27 5 5
27 13 66
27 14 10
27 19 14
27 23 41
27 26 71
28 1 8
28 4 14
28 6 38
28 11 7
28 13 30
28 14 79
28 15 6
28 17 19
28 18 20
28 20 37
28 23 32
29 1 12
29 7 76
29 10 42
29 16 6
29 17 45
29 19 71
29 20 50
29 22 21
29 26 16
29 27 58
29 28 74
30 0 39
30 2 56
30 3 23
30 4 2
30 6 12
30 8 22
30 11 62
30 12 56
30 13 22
30 15 67
30 19 23
30 23 47
30 24 33
30 29 36
31 0 71
31 4 69
31 6 68
31 7 47
31 8 43
31 10 54
31 13 33
31 16 79
31 17 34
31 18 59
31 22 52
31 26 13
31 28 35
32 0 61
32 1 37
32 2 44
32 3 17
32 5 43
32 6 46
32 7 15
32 8 4
32 9 50
32 10 62
32 14 70
32 16 78
32 18 73
32 28 33
32 31 70
33 2 68
33 3 50
33 6 5
33 9 54
33 13 44
33 14 32
33 15 51
33 19 51
33 21 8
33 24 44
33 27 25
33 28 55
33 30 35
34 3 11
34 14 77
34 18 29
34 19 48
34 23 7
34 26 41
34 28 25
34 29 32
34 31 19
35 1 74
35 3 38
35 6 19
35 12 64
35 13 8
35 14 71
35 17 23
35 18 44
35 22 42
35 23 71
35 26 45
35 27 49
35 30 8
36 0 3
36 3 49
36 7 6
36 9 14
36 10 18
36 11 42
36 15 20
36 17 69
36 20 35
36 24 14
36 25 43
36 26 62
36 29 77
36 31 47
36 32 39
36 33 20
37 0 57
37 1 18
37 5 13
37 6 34
37 7 74
37 10 43
37 13 50
37 15 65
37 16 8
37 19 34
37 20 5
37 21 32
37 22 64
37 23 29
37 24 40
37 29 7
37 30 44
37 31 14
37 33 63
37 35 9
37 36 74
38 0 10
38 4 47
38 9 1
38 12 50
38 13 78
38 14 79
38 16 62
38 18 47
38 20 53
38 21 6
38 22 8
38 23 33
38 24 64
38 25 21
38 32 37
38 34 23
38 35 14
39 4 72
39 5 35
39 7 10
39 8 4
39 9 53
39 10 46
39 16 62
39 17 15
39 24 59
39 26 76
39 30 54
39 31 28
39 32 26
39 33 46
39 34 57
40 1 48
40 3 3
40 5 77
40 13 39
40 15 63
40 18 57
40 19 52
40 20 66
40 21 80
40 28 2
40 33 71
40 36 25
40 39 28
41 0 22
41 1 79
41 2 8
41 4 8
41 5 46
41 6 15
41 7 71
41 10 20
41 11 25
41 15 64
41 20 9
41 26 12
41 33 11
41 34 13
41 35 1
41 38 49
41 39 10
42 0 32
42 1 40
42 2 2
42 5 44
42 9 4
42 14 3
42 22 52
42 24 1
42 28 4
42 30 27
42 31 32
42 32 61
42 33 48
42 34 63
42 35 14
42 36 24
42 39 25
42 40 3
42 41 38
43 0 39
43 1 72
43 3 23
43 11 36
43 13 33
43 16 48
43 17 68
43 19 74
43 20 64
43 23 37
43 26 40
43 28 43
43 29 71
43 32 32
43 33 37
43 35 12
43 36 62
43 37 17
43 41 34
43 42 10
44 3 68
44 5 11
44 6 59
44 8 23
44 9 1
44 11 11
44 14 78
44 20 44
44 22 17
44 25 39
44 26 50
44 27 2
44 30 23
44 38 5
44 42 64
45 0 29
45 4 24
45 12 23
45 13 79
45 14 8
45 15 23
45 16 74
45 17 20
45 19 62
45 21 61
45 25 37
45 26 26
45 29 42
45 32 20
45 39 66
45 40 7
45 43 67
46 3 70
46 4 52
46 6 3
46 11 6
46 12 16
46 16 16
46 17 44
46 18 44
46 20 70
46 22 24
46 24 75
46 28 68
46 29 33
46 35 64
46 39 25
46 40 29
46 41 45
46 43 41
47 1 66
47 4 13
47 6 1
47 9 44
47 10 32
47 14 9
47 15 51
47 17 4
47 18 47
47 20 76
47 28 24
47 38 79
47 39 4
48 0 16
48 1 18
48 2 69
48 3 38
48 4 47
48 9 71
48 12 71
48 13 70
48 14 19
48 16 36
48 18 78
48 22 58
48 24 6
48 26 29
48 28 67
48 30 6
48 31 11
48 32 38
48 33 37
48 34 4
48 35 76
48 46 29
49 0 11
49 3 38
49 6 55
49 8 48
49 11 63
49 13 3
49 14 78
49 17 62
49 18 41
49 20 45
49 21 47
49 22 18
49 24 46
49 25 8
49 30 40
49 31 74
49 34 21
49 35 34
49 39 24
49 40 42
49 42 19
49 44 8
49 45 39
