60
1 0 78
3 0 156
3 1 77
5 0 79
5 4 129
6 2 87
6 3 61
6 4 52
6 5 87
7 1 104
7 2 148
7 3 41
7 5 18
8 0 123
8 1 90
9 2 87
9 3 26
9 6 48
9 8 21
10 0 110
10 3 44
10 4 95
10 5 28
10 6 159
11 0 67
11 1 12
11 3 63
11 4 25
11 6 77
11 8 118
11 9 147
12 1 154
12 3 1
12 6 88
12 7 118
12 10 19
12 11 110
13 6 121
13 7 130
13 9 58
14 0 38
14 3 13
14 4 92
14 5 61
14 6 85
14 7 18
14 8 44
14 10 106
14 11 153
14 12 143
15 1 47
15 3 83
15 4 42
15 6 128
15 8 7
15 10 113
15 11 72
15 12 94
16 2 9
16 3 10
16 4 112
16 8 83
16 9 156
16 10 141
16 11 129
16 12 141
16 13 64
16 14 124
16 15 90
17 1 154
17 4 88
17 5 96
17 7 77
17 10 99
18 0 158
18 2 73
18 3 107
18 4 147
18 6 3
18 8 87
18 9 21
18 13 15
18 15 108
18 17 33
19 0 16
19 2 41
19 4 107
19 5 72
19 6 150
19 8 146
19 9 23
19 10 127
19 11 142
19 12 97
19 14 116
19 15 158
19 17 125
20 0 68
20 1 64
20 2 135
20 4 60
20 6 133
20 7 116
20 11 145
20 13 83
20 18 131
21 0 56
21 1 114
21 2 92
21 3 111
21 4 114
21 6 115
21 7 109
21 8 144
21 12 109
21 13 143
22 3 55
22 5 84
22 6 48
22 7 56
22 9 154
22 10 77
22 15 149
22 16 64
22 17 83
22 18 49
22 20 74
22 21 22
23 2 87
23 4 101
23 5 100
23 7 86
23 9 147
23 12 131
23 13 79
23 16 106
23 17 95
23 18 90
23 20 32
23 22 83
24 4 35
24 5 160
24 7 61
24 8 33
24 10 18
24 12 29
24 14 64
24 17 129
24 19 14
24 20 152
25 0 93
25 2 84
25 5 73
25 8 62
25 9 49
25 10 54
25 12 76
25 13 37
25 14 64
25 16 130
25 20 132
25 22 26
25 24 139
26 4 76
26 6 60
26 7 47
26 10 22
26 12 130
26 15 54
26 17 16
26 18 120
26 20 65
26 22 48
26 23 44
26 25 42
27 2 31
27 4 44
27 7 64
27 8 80
27 9 140
27 11 91
27 13 22
27 14 104
27 16 85
27 17 148
27 20 15
27 21 12
27 24 79
27 25 88
28 2 129
28 5 110
28 9 109
28 10 156
28 13 145
28 16 140
28 17 122
28 18 117
28 19 45
28 20 21
28 21 68
28 22 35
28 25 92
28 26 63
28 27 23
29 2 55
29 5 37
29 6 105
29 10 138
29 11 89
29 12 47
29 13 103
29 14 110
29 20 109
29 22 29
29 23 43
29 24 85
29 25 19
29 27 125
29 28 101
30 1 144
30 2 14
30 3 66
30 5 14
30 6 33
30 8 14
30 10 41
30 11 122
30 13 60
30 14 72
30 19 82
30 20 12
30 22 138
30 24 26
30 25 110
30 26 37
30 29 53
31 4 38
31 5 86
31 6 110
31 7 2
31 9 48
31 10 103
31 11 60
31 12 150
31 13 150
31 18 145
31 19 155
31 24 101
31 25 22
31 26 98
31 28 22
31 29 44
32 0 91
32 1 6
32 2 96
32 3 3
32 7 69
32 8 45
32 10 94
32 11 92
32 14 85
32 17 90
32 19 58
32 20 108
32 21 72
32 22 122
32 25 138
32 26 38
32 27 54
32 29 90
32 31 13
33 4 151
33 5 130
33 6 92
33 8 35
33 13 66
33 15 125
33 16 2
33 18 71
33 24 108
33 29 84
33 30 33
33 31 20
34 1 145
34 4 135
34 6 158
34 8 136
34 9 148
34 11 154
34 14 24
34 16 130
34 19 132
34 24 95
34 25 160
34 27 6
34 28 85
34 29 79
34 32 118
34 33 140
35 0 47
35 1 86
35 3 62
35 4 141
35 7 28
35 8 138
35 11 150
35 16 41
35 17 73
35 18 35
35 19 145
35 20 140
35 22 119
35 23 129
35 24 149
35 25 63
35 29 155
35 31 85
35 32 46
36 1 99
36 4 122
36 5 80
36 6 1
36 7 33
36 8 18
36 9 150
36 11 54
36 14 109
36 15 44
36 16 132
36 17 110
36 19 58
36 20 20
36 22 110
36 25 103
36 29 117
36 32 121
36 33 118
36 34 15
36 35 151
37 2 21
37 4 147
37 5 13
37 10 32
37 11 133
37 15 67
37 16 77
37 17 92
37 21 49
37 25 13
37 27 149
37 33 99
37 34 78
37 35 6
38 5 137
38 6 36
38 12 71
38 14 1
38 15 45
38 16 12
38 17 29
38 18 35
38 19 2
38 21 80
38 23 63
38 24 88
38 25 122
38 28 26
38 31 72
38 32 150
39 0 43
39 5 33
39 9 125
39 10 38
39 11 96
39 13 14
39 17 110
39 19 79
39 20 139
39 23 56
39 29 47
39 30 61
39 34 37
39 35 24
39 37 136
40 1 154
40 5 94
40 7 7
40 8 160
40 9 93
40 10 88
40 12 100
40 14 136
40 15 136
40 16 78
40 17 118
40 18 63
40 19 2
40 20 95
40 22 54
40 25 83
40 27 145
40 30 34
40 31 113
40 33 24
40 34 86
40 36 148
40 37 91
40 39 50
41 1 129
41 2 99
41 3 131
41 4 91
41 5 125
41 6 75
41 7 105
41 8 111
41 9 106
41 12 136
41 17 142
41 18 50
41 20 106
41 21 37
41 23 43
41 24 7
41 29 130
41 35 122
41 36 73
41 37 119
41 40 17
42 2 152
42 3 92
42 5 52
42 6 102
42 10 77
42 11 115
42 12 146
42 16 81
42 17 105
42 18 25
42 20 66
42 24 89
42 26 120
42 29 82
42 32 19
42 33 39
42 35 116
42 36 77
42 38 48
42 39 81
43 1 146
43 4 57
43 7 105
43 9 158
43 12 25
43 14 36
43 15 32
43 21 125
43 25 82
43 28 123
43 29 72
43 31 126
43 33 22
43 36 54
43 39 69
43 41 27
43 42 82
44 0 106
44 2 15
44 4 157
44 7 17
44 8 160
44 9 8
44 13 137
44 14 95
44 17 14
44 18 114
44 20 124
44 21 41
44 23 13
44 24 47
44 25 127
44 27 96
44 28 157
44 29 97
44 30 120
44 34 134
44 35 122
44 36 25
44 37 92
44 39 63
44 40 107
44 41 48
44 43 34
45 0 148
45 1 104
45 2 72
45 3 38
45 6 55
45 7 137
45 10 23
45 12 153
45 13 49
45 14 5
45 15 123
45 16 63
45 19 144
45 21 156
45 26 103
45 28 127
45 33 105
45 35 84
45 36 17
45 37 53
45 38 118
45 40 85
45 41 26
45 43 47
46 0 118
46 3 89
46 4 132
46 6 62
46 8 94
46 9 155
46 11 21
46 13 87
46 14 130
46 16 61
46 17 99
46 22 92
46 23 114
46 24 117
46 26 42
46 27 77
46 31 78
46 32 79
46 34 157
46 35 20
46 38 56
46 40 129
46 41 44
46 42 155
46 43 116
46 45 23
47 0 150
47 3 135
47 5 34
47 11 25
47 12 12
47 14 57
47 15 64
47 16 39
47 17 146
47 19 101
47 20 20
47 21 53
47 23 78
47 24 37
47 27 80
47 28 36
47 36 108
47 40 45
47 41 7
47 44 54
47 45 43
48 0 92
48 5 64
48 6 8
48 8 98
48 11 22
48 12 115
48 13 131
48 16 137
48 17 139
48 18 125
48 19 54
48 20 28
48 23 121
48 27 88
48 29 79
48 30 18
48 31 86
48 32 79
48 34 40
48 35 9
48 38 59
48 39 156
48 41 155
48 43 144
48 46 90
49 0 111
49 2 55
49 4 118
49 5 21
49 6 127
49 7 42
49 8 55
49 9 69
49 14 120
49 18 93
49 19 70
49 20 99
49 21 40
49 22 16
49 23 40
49 24 98
49 27 150
49 30 103
49 31 126
49 32 66
49 35 122
49 38 61
49 39 74
49 40 51
49 41 25
49 43 53
49 44 36
49 46 137
49 47 125
49 48 96
50 1 61
50 4 110
50 5 40
50 6 10
50 7 92
50 10 101
50 11 84
50 13 21
50 16 147
50 25 123
50 28 134
50 29 17
50 34 27
50 36 87
50 38 117
50 40 101
50 41 14
50 42 63
50 46 9
50 48 14
51 3 53
51 4 21
51 5 53
51 6 55
51 8 148
51 9 80
51 10 8
51 11 160
51 13 90
51 14 82
51 16 79
51 18 155
51 19 14
51 20 139
51 21 94
51 23 34
51 25 32
51 29 106
51 33 155
51 35 104
51 36 65
51 39 93
51 40 106
51 41 150
51 42 27
51 44 121
51 45 140
51 46 62
51 47 39
51 48 120
52 0 23
52 1 154
52 5 45
52 8 40
52 9 126
52 10 157
52 11 26
52 12 96
52 13 86
52 16 97
52 17 111
52 21 10
52 22 154
52 23 102
52 24 10
52 26 157
52 27 17
52 29 62
52 30 99
52 32 45
52 33 148
52 34 28
52 35 142
52 38 56
52 40 66
52 41 30
52 47 139
52 50 141
52 51 22
53 0 144
53 1 81
53 2 17
53 4 140
53 5 122
53 7 9
53 9 137
53 10 142
53 11 136
53 13 45
53 14 19
53 18 29
53 19 70
53 20 130
53 21 122
53 22 144
53 23 34
53 25 39
53 26 151
53 30 142
53 32 20
53 33 18
53 34 86
53 35 124
53 37 57
53 38 139
53 40 52
53 42 31
53 44 73
53 45 140
53 46 99
53 47 137
53 48 146
53 49 97
53 52 125
54 1 141
54 2 93
54 3 118
54 4 90
54 5 50
54 8 122
54 11 48
54 12 86
54 15 70
54 20 69
54 22 79
54 23 14
54 24 4
54 26 124
54 31 20
54 32 144
54 33 89
54 34 12
54 37 68
54 38 102
54 39 109
54 40 91
54 42 18
54 45 52
54 46 51
54 47 89
54 49 110
54 50 120
54 52 4
54 53 41
55 0 67
55 1 140
55 6 46
55 8 9
55 9 82
55 10 143
55 12 108
55 13 109
55 14 48
55 15 151
55 16 147
55 18 62
55 20 129
55 21 108
55 22 58
55 23 40
55 24 139
55 30 2
55 34 4
55 37 113
55 39 60
55 44 16
55 49 106
55 50 159
55 53 104
56 0 29
56 2 139
56 3 106
56 4 32
56 6 64
56 7 80
56 8 59
56 9 1
56 11 98
56 12 52
56 13 134
56 16 34
56 17 22
56 18 93
56 19 64
56 20 113
56 21 112
56 23 50
56 28 51
56 29 35
56 37 160
56 38 147
56 40 30
56 41 14
56 43 42
56 52 29
56 55 121
57 1 4
57 2 123
57 5 105
57 8 142
57 12 105
57 15 123
57 16 54
57 17 24
57 18 131
57 23 46
57 24 126
57 29 97
57 30 110
57 31 129
57 32 53
57 36 96
57 37 155
57 39 8
57 40 22
57 41 70
57 42 22
57 43 91
57 45 106
57 48 83
57 49 52
57 52 106
57 53 56
57 54 58
57 55 129
58 1 61
58 4 21
58 11 99
58 12 73
58 15 48
58 16 57
58 19 126
58 20 57
58 21 48
58 22 143
58 23 93
58 26 137
58 28 103
58 29 45
58 30 58
58 31 5
58 32 74
58 34 27
58 35 74
58 38 117
58 39 73
58 45 65
58 46 24
58 47 5
58 52 156
58 57 68
59 1 84
59 2 18
59 4 11
59 5 154
59 6 30
59 8 89
59 9 4
59 13 92
59 14 48
59 17 35
59 18 90
59 19 138
59 21 66
59 22 9
59 23 6
59 24 43
59 25 158
59 27 41
59 28 27
59 29 101
59 31 37
59 36 123
59 38 52
59 40 107
59 41 21
59 43 94
59 44 74
59 45 72
59 46 16
59 48 159
59 53 63
59 56 158
59 58 72
