50
1 0 6
2 0 20
3 0 10
3 1 17
3 2 5
4 0 8
4 1 14
4 3 6
5 1 4
5 2 7
5 3 14
5 4 1
6 0 16
6 2 17
6 3 3
6 4 20
6 5 4
7 0 17
7 1 8
7 2 6
7 3 19
7 5 18
8 1 6
8 3 20
8 4 13
8 6 12
8 7 1
9 0 9
9 1 5
9 2 16
9 3 11
9 4 13
9 7 4
9 8 9
10 0 20
10 1 9
10 2 15
10 3 14
10 4 13
10 5 7
10 6 11
10 7 3
10 9 5
11 1 14
11 2 2
11 3 5
11 4 7
11 7 18
11 9 8
11 10 19
12 0 4
12 1 20
12 2 2
12 3 16
12 4 17
12 5 9
12 6 3
12 7 4
12 8 14
12 9 7
12 10 2
12 11 11
13 0 8
13 1 20
13 2 2
13 3 18
13 4 16
13 5 5
13 6 20
13 7 7
13 10 13
13 11 6
13 12 4
14 0 16
14 1 2
14 2 19
14 3 2
14 4 2
14 5 9
14 6 6
14 7 15
14 8 14
14 9 3
14 11 15
14 12 15
14 13 2
15 0 1
15 1 14
15 2 14
15 3 2
15 4 4
15 6 10
15 7 3
15 8 13
15 9 13
15 10 2
15 12 6
15 13 6
15 14 12
16 1 5
16 2 20
16 3 17
16 4 2
16 5 11
16 6 16
16 7 7
16 9 20
16 12 13
16 13 14
16 15 17
17 1 4
17 3 10
17 4 14
17 5 11
17 6 11
17 7 12
17 8 16
17 10 7
17 11 14
17 12 15
17 14 10
17 15 2
17 16 19
18 0 14
18 1 20
18 2 2
18 3 18
18 4 3
18 5 2
18 6 2
18 8 5
18 9 5
18 10 4
18 11 15
18 13 20
18 14 19
18 15 5
18 17 2
19 0 18
19 1 14
19 2 7
19 4 1
19 5 10
19 6 14
19 7 11
19 8 7
19 10 14
19 11 7
19 12 13
19 13 14
19 14 9
19 15 18
19 16 18
19 17 14
19 18 10
20 0 14
20 1 10
20 2 10
20 3 3
20 4 18
20 5 7
20 6 20
20 7 6
20 8 8
20 9 7
20 10 10
20 13 10
20 14 13
20 16 2
20 17 4
20 18 8
20 19 20
21 0 13
21 1 5
21 3 19
21 4 16
21 5 2
21 6 19
21 7 18
21 8 16
21 9 8
21 10 10
21 11 19
21 13 12
21 15 15
21 16 7
21 17 13
21 18 4
21 19 10
21 20 6
22 0 18
22 1 19
22 2 11
22 3 2
22 4 19
22 5 20
22 6 2
22 7 13
22 8 10
22 9 13
22 10 19
22 11 3
22 12 11
22 13 1
22 15 20
22 16 3
22 18 16
22 19 11
22 20 12
22 21 16
23 0 9
23 1 10
23 3 5
23 4 14
23 5 16
23 7 18
23 8 12
23 9 20
23 10 8
23 11 2
23 12 19
23 13 5
23 14 11
23 15 2
23 18 18
23 21 16
24 0 17
24 1 16
24 2 5
24 3 9
24 4 4
24 5 10
24 6 3
24 7 16
24 8 7
24 9 11
24 10 20
24 11 7
24 14 15
24 15 1
24 16 20
24 17 10
24 18 18
24 19 13
24 20 1
24 21 19
24 22 1
24 23 1
25 0 8
25 1 6
25 2 1
25 4 15
25 5 14
25 6 2
25 7 3
25 8 5
25 9 18
25 11 14
25 12 20
25 13 1
25 14 12
25 15 4
25 16 9
25 18 4
25 19 5
25 20 18
25 21 4
25 22 1
25 23 12
25 24 10
26 0 16
26 1 11
26 3 19
26 4 20
26 5 17
26 6 20
26 7 11
26 9 19
26 10 8
26 11 11
26 12 5
26 13 16
26 14 18
26 15 5
26 16 10
26 18 19
26 19 12
26 20 16
26 21 13
26 22 16
26 23 8
26 24 14
26 25 2
27 0 18
27 1 8
27 3 16
27 4 5
27 5 19
27 7 2
27 8 15
27 9 2
27 10 14
27 11 19
27 12 19
27 13 1
27 14 13
27 15 15
27 16 11
27 17 1
27 18 14
27 19 14
27 20 14
27 21 15
27 22 2
27 23 12
27 24 7
27 25 1
27 26 1
28 0 6
28 1 5
28 2 8
28 3 18
28 5 6
28 6 20
28 7 14
28 8 19
28 9 19
28 10 14
28 11 20
28 12 6
28 13 17
28 14 5
28 15 15
28 16 12
28 17 19
28 18 15
28 19 17
28 20 3
28 23 12
28 24 1
28 25 16
28 26 11
28 27 3
29 0 1
29 3 14
29 4 2
29 5 7
29 6 13
29 7 14
29 8 11
29 9 11
29 11 13
29 12 18
29 13 16
29 14 19
29 15 5
29 16 12
29 17 2
29 18 18
29 19 6
29 20 12
29 21 4
29 22 16
29 23 9
29 24 19
29 27 9
29 28 6
30 0 10
30 1 5
30 2 19
30 3 9
30 4 17
30 5 6
30 7 17
30 8 14
30 10 1
30 11 8
30 13 19
30 14 9
30 15 20
30 16 2
30 17 3
30 18 1
30 19 5
30 20 19
30 21 3
30 22 6
30 23 14
30 24 18
30 25 8
30 26 10
30 28 11
30 29 11
31 0 10
31 1 4
31 2 14
31 3 10
31 4 19
31 5 9
31 6 20
31 7 18
31 8 6
31 9 18
31 10 6
31 11 20
31 13 5
31 14 10
31 15 10
31 16 12
31 17 10
31 18 14
31 19 14
31 20 6
31 21 12
31 23 3
31 24 17
31 25 11
31 26 10
31 27 20
31 28 20
31 29 12
32 0 5
32 1 3
32 2 12
32 3 19
32 4 16
32 5 18
32 6 8
32 7 4
32 8 18
32 9 12
32 10 16
32 11 6
32 12 14
32 13 2
32 14 9
32 15 4
32 16 8
32 17 10
32 18 8
32 19 20
32 20 7
32 21 6
32 22 4
32 23 17
32 24 4
32 25 8
32 26 1
32 27 5
32 28 9
32 30 9
32 31 10
33 1 16
33 2 12
33 4 19
33 5 15
33 6 1
33 10 11
33 11 8
33 13 20
33 14 7
33 15 6
33 16 1
33 17 20
33 19 4
33 20 15
33 21 9
33 22 17
33 23 20
33 24 6
33 26 12
33 27 11
33 28 17
33 29 4
33 32 6
34 0 2
34 2 10
34 6 20
34 8 2
34 9 11
34 10 14
34 11 8
34 12 1
34 13 12
34 14 2
34 15 11
34 16 6
34 17 13
34 18 15
34 19 18
34 20 19
34 21 12
34 22 15
34 23 19
34 25 12
34 26 16
34 28 13
34 29 16
34 30 18
34 32 18
34 33 5
35 0 1
35 1 3
35 3 19
35 5 10
35 8 6
35 9 13
35 10 15
35 11 14
35 12 11
35 13 3
35 14 7
35 15 8
35 16 14
35 17 7
35 18 10
35 20 10
35 21 7
35 23 10
35 24 18
35 25 18
35 26 13
35 28 19
35 29 17
35 30 18
35 31 13
35 32 18
35 33 20
35 34 8
36 0 7
36 4 15
36 7 18
36 8 6
36 10 19
36 11 6
36 12 17
36 13 9
36 15 19
36 16 3
36 17 15
36 18 18
36 20 18
36 22 20
36 23 3
36 24 2
36 26 10
36 27 3
36 28 6
36 29 9
36 30 4
36 31 18
36 32 20
36 33 7
36 34 15
36 35 5
37 0 7
37 1 18
37 3 7
37 4 7
37 5 13
37 6 2
37 7 5
37 8 9
37 9 3
37 10 1
37 12 15
37 13 4
37 14 20
37 15 2
37 16 20
37 18 14
37 19 12
37 20 16
37 21 18
37 22 17
37 23 10
37 24 11
37 25 7
37 26 6
37 27 8
37 28 5
37 29 15
37 30 19
37 31 4
37 33 4
37 34 20
37 36 6
38 0 8
38 1 2
38 2 5
38 4 20
38 5 20
38 7 7
38 8 4
38 10 12
38 11 15
38 13 2
38 14 17
38 15 19
38 16 19
38 17 4
38 18 19
38 19 9
38 20 15
38 21 1
38 22 15
38 23 16
38 24 1
38 26 11
38 27 19
38 28 3
38 29 18
38 30 10
38 31 11
38 32 19
38 33 19
38 36 8
38 37 14
39 2 15
39 3 15
39 5 7
39 6 8
39 7 15
39 8 5
39 9 14
39 10 3
39 11 3
39 13 9
39 14 13
39 15 5
39 18 10
39 19 9
39 20 9
39 21 10
39 22 7
39 23 11
39 26 6
39 27 8
39 28 14
39 29 8
39 30 2
39 31 11
39 32 8
39 33 19
39 34 9
39 35 19
39 36 18
40 2 16
40 3 17
40 4 14
40 5 17
40 6 15
40 8 6
40 9 15
40 11 12
40 12 18
40 14 8
40 15 9
40 17 14
40 18 2
40 19 1
40 20 18
40 22 15
40 23 3
40 24 20
40 25 8
40 27 19
40 28 3
40 29 16
40 30 7
40 31 10
40 32 3
40 33 4
40 34 2
40 35 16
40 36 13
40 37 16
40 38 17
40 39 2
41 0 15
41 1 14
41 3 18
41 4 17
41 5 9
41 6 1
41 7 2
41 8 19
41 9 18
41 10 8
41 11 19
41 12 14
41 14 3
41 15 9
41 16 1
41 18 17
41 19 1
41 21 14
41 24 6
41 26 9
41 27 17
41 28 9
41 29 5
41 30 20
41 31 8
41 32 17
41 34 18
41 35 15
41 36 19
41 37 14
41 38 16
41 39 19
41 40 15
42 0 20
42 1 11
42 2 14
42 3 11
42 4 8
42 6 16
42 7 7
42 11 5
42 14 6
42 15 16
42 16 20
42 18 9
42 20 20
42 21 19
42 22 8
42 23 1
42 24 17
42 25 19
42 28 7
42 29 7
42 32 16
42 33 8
42 34 4
42 35 17
42 36 3
42 37 11
42 40 5
43 0 13
43 1 16
43 2 11
43 3 15
43 4 15
43 5 14
43 6 9
43 7 12
43 8 14
43 9 2
43 10 20
43 11 3
43 12 17
43 13 6
43 14 15
43 18 9
43 19 13
43 21 4
43 22 16
43 24 19
43 25 13
43 26 18
43 28 14
43 29 12
43 31 10
43 32 20
43 34 16
43 35 13
43 36 12
43 37 13
43 38 20
43 40 3
43 41 3
43 42 17
44 1 4
44 2 10
44 3 9
44 4 19
44 5 9
44 7 3
44 8 3
44 9 13
44 10 19
44 11 14
44 12 3
44 13 10
44 15 14
44 16 17
44 17 11
44 18 5
44 20 16
44 23 20
44 24 1
44 25 18
44 26 6
44 27 14
44 28 6
44 29 12
44 30 15
44 31 18
44 32 17
44 33 19
44 34 4
44 35 19
44 36 13
44 37 13
44 38 13
44 39 5
44 40 13
44 41 14
44 42 4
44 43 8
45 0 15
45 3 5
45 5 17
45 6 10
45 7 16
45 8 12
45 9 6
45 10 1
45 11 9
45 12 10
45 13 3
45 14 4
45 15 16
45 16 5
45 17 10
45 18 13
45 19 8
45 20 18
45 21 10
45 23 20
45 24 15
45 25 5
45 26 10
45 27 9
45 28 14
45 29 14
45 30 20
45 31 2
45 32 9
45 33 12
45 34 6
45 35 10
45 36 19
45 37 12
45 38 17
45 41 13
45 42 8
45 43 11
45 44 1
46 0 15
46 1 13
46 2 20
46 3 15
46 4 17
46 5 14
46 6 15
46 7 14
46 8 15
46 9 16
46 12 6
46 13 6
46 15 17
46 16 16
46 17 10
46 18 6
46 19 12
46 20 20
46 21 5
46 23 6
46 24 8
46 25 1
46 26 4
46 27 3
46 28 12
46 32 12
46 33 9
46 34 10
46 35 3
46 37 16
46 38 18
46 40 5
46 42 19
47 0 20
47 1 3
47 2 18
47 4 4
47 5 17
47 6 5
47 7 13
47 8 11
47 10 8
47 11 2
47 12 17
47 13 9
47 14 2
47 16 12
47 17 1
47 18 12
47 19 2
47 20 7
47 22 6
47 23 17
47 24 14
47 26 16
47 27 14
47 30 11
47 31 10
47 33 16
47 34 14
47 36 9
47 38 12
47 39 15
47 40 16
47 42 1
47 44 1
47 46 20
48 1 19
48 2 3
48 3 2
48 4 18
48 5 5
48 6 4
48 8 5
48 9 9
48 10 19
48 12 5
48 13 5
48 14 8
48 15 2
48 17 20
48 19 1
48 20 20
48 23 14
48 24 7
48 25 7
48 26 18
48 27 19
48 28 17
48 29 7
48 30 12
48 31 9
48 32 1
48 33 9
48 34 3
48 35 3
48 36 9
48 37 13
48 39 18
48 40 2
48 41 17
48 44 20
48 46 6
48 47 16
49 0 11
49 1 11
49 2 3
49 3 20
49 4 13
49 5 2
49 6 14
49 7 14
49 8 14
49 9 13
49 10 19
49 11 14
49 12 17
49 13 9
49 19 10
49 20 17
49 21 2
49 23 3
49 24 20
49 25 4
49 27 12
49 29 13
49 30 15
49 31 14
49 32 12
49 33 12
49 34 8
49 35 20
49 37 7
49 40 15
49 41 15
49 42 13
49 43 16
49 45 8
49 46 17
49 47 4
49 48 19
