20
1 0 225
2 0 56
2 1 295
3 0 104
3 1 215
3 2 185
4 0 78
4 1 160
4 2 220
4 3 6
5 0 129
5 1 83
5 2 148
6 1 128
6 2 278
7 1 143
7 3 251
7 5 258
7 6 296
8 1 46
8 2 250
8 4 20
8 6 45
8 7 55
9 0 184
9 1 42
9 3 62
9 5 320
9 6 156
9 7 271
9 8 232
10 0 52
10 1 291
10 2 293
10 4 140
10 6 320
10 9 273
11 1 7
11 4 146
11 6 173
11 7 76
11 8 237
11 10 7
12 1 171
12 3 232
12 4 120
12 5 104
12 6 274
12 7 248
12 8 220
12 10 105
12 11 162
13 1 44
13 4 317
13 5 168
13 6 286
13 7 312
13 8 306
13 10 213
13 11 211
14 1 51
14 3 106
14 4 188
14 5 81
14 6 112
14 8 197
14 9 197
15 2 80
15 3 230
15 4 42
15 6 161
15 8 250
15 10 67
16 2 302
16 4 264
16 6 38
16 7 181
16 9 251
16 11 95
16 12 204
16 14 122
16 15 133
17 0 183
17 2 315
17 3 276
17 5 184
17 7 61
17 9 157
17 10 175
17 12 273
17 16 114
18 0 106
18 1 161
18 2 236
18 4 231
18 5 285
18 6 229
18 12 206
18 13 170
18 14 102
18 16 207
18 17 93
19 1 102
19 2 79
19 3 320
19 4 4
19 7 39
19 8 187
19 9 196
19 10 280
19 13 240
19 17 26
19 18 6
