60
1 0 6
2 0 5
2 1 4
3 0 9
3 1 4
3 2 6
4 0 2
4 1 1
4 2 10
4 3 10
5 0 8
5 1 4
5 2 7
5 3 8
5 4 9
6 1 10
6 2 6
6 3 9
6 4 10
6 5 1
7 0 2
7 1 4
7 2 3
7 3 6
7 4 1
7 5 4
7 6 9
8 0 7
8 3 9
8 4 10
8 6 1
8 7 5
9 1 3
9 2 4
9 3 4
9 4 6
9 6 7
10 0 5
10 1 6
10 2 6
10 4 7
10 5 1
10 6 1
10 7 6
10 9 6
11 0 4
11 1 6
11 2 1
11 3 1
11 5 2
11 9 10
11 10 10
12 0 4
12 1 1
12 3 10
12 4 9
12 5 3
12 6 9
12 7 4
12 8 2
12 9 9
12 10 6
12 11 2
13 0 9
13 1 9
13 3 2
13 4 2
13 5 9
13 7 10
13 8 6
13 9 8
13 10 4
13 12 10
14 0 1
14 1 9
14 2 8
14 5 7
14 6 2
14 7 1
14 8 9
14 10 10
14 12 5
14 13 2
15 1 1
15 2 9
15 3 2
15 4 3
15 5 2
15 6 5
15 8 10
15 9 6
15 10 5
15 11 6
15 12 6
15 13 1
16 0 10
16 1 10
16 3 3
16 5 10
16 6 8
16 7 6
16 8 2
16 9 6
16 10 6
16 12 2
16 13 4
16 14 7
16 15 4
17 0 10
17 1 8
17 2 10
17 3 2
17 4 3
17 5 9
17 6 6
17 7 5
17 8 8
17 9 7
17 10 2
17 11 9
17 12 7
17 13 10
17 14 10
17 15 1
17 16 6
18 0 2
18 1 1
18 2 3
18 3 6
18 5 10
18 6 10
18 8 5
18 12 8
18 13 9
18 14 8
18 15 5
18 16 1
18 17 4
19 1 3
19 2 6
19 3 4
19 4 5
19 5 7
19 8 1
19 9 1
19 10 6
19 11 6
19 12 7
19 15 5
19 17 1
19 18 1
20 0 7
20 1 7
20 2 3
20 3 1
20 4 6
20 6 2
20 9 1
20 11 1
20 12 6
20 13 4
20 14 1
20 15 6
20 17 9
20 18 5
20 19 6
21 0 6
21 1 1
21 3 4
21 4 5
21 7 1
21 9 2
21 10 3
21 13 10
21 14 4
21 15 3
21 16 7
21 17 5
21 19 5
21 20 6
22 0 5
22 1 4
22 3 6
22 4 8
22 5 10
22 6 4
22 7 2
22 8 7
22 9 5
22 10 3
22 11 10
22 12 7
22 14 8
22 15 6
22 16 6
22 17 3
22 19 9
22 20 2
22 21 4
23 0 5
23 1 3
23 2 7
23 3 6
23 4 6
23 5 7
23 6 2
23 7 2
23 8 10
23 9 5
23 10 7
23 12 3
23 13 2
23 14 4
23 15 7
23 17 2
23 18 3
23 19 10
23 22 6
24 0 5
24 1 9
24 2 3
24 3 9
24 4 5
24 5 2
24 6 3
24 7 7
24 8 6
24 9 6
24 10 2
24 11 5
24 12 10
24 13 5
24 14 6
24 15 8
24 16 7
24 17 10
24 18 5
24 19 4
24 20 8
24 22 6
24 23 2
25 1 9
25 2 1
25 3 1
25 4 7
25 5 3
25 6 8
25 7 3
25 8 4
25 10 6
25 11 7
25 12 9
25 13 9
25 14 1
25 16 2
25 17 3
25 18 2
25 19 8
25 20 4
25 22 8
25 23 7
25 24 7
26 0 3
26 1 10
26 2 10
26 6 8
26 9 2
26 10 3
26 11 4
26 12 4
26 13 2
26 14 9
26 15 4
26 16 5
26 17 2
26 18 6
26 19 3
26 20 3
26 22 7
26 23 6
26 25 7
27 0 7
27 1 10
27 3 4
27 4 6
27 5 3
27 6 5
27 7 10
27 8 5
27 9 9
27 10 2
27 11 2
27 12 9
27 13 10
27 14 10
27 15 8
27 16 4
27 17 7
27 18 9
27 19 2
27 21 4
27 23 5
27 24 10
27 25 1
27 26 1
28 0 10
28 1 8
28 2 6
28 3 10
28 5 7
28 6 4
28 7 10
28 8 2
28 9 5
28 10 6
28 11 1
28 12 3
28 13 2
28 16 4
28 17 9
28 18 1
28 20 6
28 21 2
28 22 5
28 23 2
28 24 4
28 27 2
29 1 2
29 2 8
29 3 4
29 4 9
29 5 2
29 8 9
29 9 3
29 11 9
29 12 7
29 13 8
29 14 5
29 15 2
29 16 4
29 17 3
29 18 6
29 20 1
29 21 3
29 22 9
29 23 3
29 24 3
29 25 5
29 26 7
29 27 9
30 0 9
30 1 5
30 2 10
30 3 9
30 4 9
30 5 3
30 6 3
30 7 1
30 8 8
30 10 6
30 11 7
30 12 9
30 14 7
30 15 3
30 17 3
30 18 3
30 19 2
30 20 1
30 22 3
30 23 5
30 24 6
30 26 5
30 28 4
30 29 9
31 0 6
31 1 9
31 2 7
31 4 6
31 5 5
31 6 4
31 7 5
31 8 9
31 9 8
31 10 6
31 11 1
31 13 3
31 14 2
31 15 6
31 17 9
31 18 5
31 19 9
31 20 1
31 21 10
31 22 10
31 23 8
31 24 8
31 25 1
31 26 9
31 27 1
31 28 7
31 29 4
32 3 7
32 4 6
32 5 4
32 6 10
32 7 7
32 8 5
32 9 3
32 10 1
32 11 9
32 13 4
32 14 8
32 15 3
32 16 9
32 18 3
32 19 6
32 20 3
32 21 3
32 22 6
32 23 3
32 25 9
32 26 8
32 27 6
32 28 1
32 29 9
32 30 4
33 0 8
33 1 6
33 3 2
33 4 8
33 5 6
33 6 10
33 7 2
33 8 10
33 9 8
33 10 2
33 11 10
33 12 7
33 13 1
33 14 1
33 15 4
33 16 3
33 17 5
33 18 7
33 19 2
33 20 2
33 21 9
33 22 6
33 23 8
33 24 4
33 25 2
33 26 4
33 27 5
33 28 9
33 29 2
33 31 3
33 32 3
34 0 3
34 1 10
34 2 9
34 3 4
34 4 1
34 5 4
34 6 6
34 7 2
34 8 5
34 9 9
34 11 2
34 12 9
34 13 8
34 14 4
34 15 2
34 16 7
34 18 3
34 19 3
34 20 5
34 21 4
34 22 5
34 23 5
34 24 10
34 25 2
34 26 6
34 27 4
34 28 5
34 29 7
34 30 6
34 31 1
34 33 3
35 0 2
35 1 8
35 2 5
35 3 2
35 4 2
35 5 3
35 6 3
35 7 3
35 8 10
35 9 7
35 10 1
35 11 5
35 12 7
35 13 1
35 14 4
35 16 2
35 18 2
35 19 3
35 20 5
35 21 10
35 22 10
35 23 7
35 24 7
35 25 8
35 27 1
35 29 4
35 30 1
35 31 10
35 32 10
35 34 7
36 0 1
36 1 2
36 2 2
36 4 6
36 5 5
36 6 8
36 7 6
36 9 10
36 10 2
36 11 8
36 12 9
36 13 4
36 14 9
36 15 2
36 16 6
36 17 9
36 18 10
36 19 8
36 20 8
36 21 5
36 22 5
36 23 1
36 25 3
36 27 4
36 28 9
36 32 10
36 33 6
36 34 3
36 35 9
37 0 5
37 1 5
37 2 7
37 4 10
37 5 4
37 6 9
37 7 6
37 8 5
37 9 3
37 12 10
37 13 8
37 14 7
37 15 4
37 16 9
37 17 5
37 18 5
37 19 8
37 20 4
37 22 10
37 23 8
37 24 4
37 25 6
37 27 10
37 28 8
37 29 10
37 30 1
37 31 9
37 32 9
37 33 1
37 34 1
37 35 5
38 0 1
38 2 7
38 3 2
38 5 1
38 7 8
38 8 8
38 9 7
38 10 9
38 12 5
38 14 1
38 15 4
38 19 6
38 20 6
38 21 2
38 23 7
38 26 3
38 30 7
38 31 9
38 32 4
38 33 1
38 34 4
38 35 1
38 36 7
39 0 1
39 1 7
39 2 8
39 4 9
39 5 10
39 7 9
39 8 7
39 10 9
39 11 3
39 12 1
39 13 10
39 15 1
39 16 7
39 17 5
39 21 10
39 22 6
39 23 10
39 24 2
39 25 1
39 26 5
39 27 10
39 28 1
39 29 3
39 30 2
39 31 6
39 32 10
39 33 10
39 34 9
39 36 3
39 37 3
39 38 6
40 0 1
40 1 6
40 2 6
40 3 6
40 4 5
40 5 5
40 6 4
40 7 4
40 8 4
40 9 2
40 12 8
40 14 4
40 15 4
40 17 1
40 18 4
40 19 8
40 20 7
40 21 3
40 22 6
40 23 6
40 26 3
40 27 6
40 29 10
40 30 2
40 31 2
40 32 4
40 33 1
40 34 6
40 35 4
40 37 8
40 38 6
40 39 5
41 0 3
41 1 10
41 2 7
41 3 3
41 4 6
41 6 8
41 7 5
41 9 2
41 10 1
41 12 10
41 13 8
41 14 9
41 15 5
41 16 3
41 17 3
41 19 4
41 20 6
41 21 5
41 22 3
41 23 9
41 24 7
41 26 4
41 27 6
41 28 8
41 29 6
41 30 7
41 31 4
41 32 1
41 33 1
41 34 5
41 36 4
41 38 3
41 40 5
42 0 4
42 1 10
42 2 4
42 3 8
42 4 7
42 5 8
42 6 2
42 7 6
42 8 2
42 9 3
42 10 7
42 11 4
42 12 10
42 13 5
42 14 2
42 15 2
42 17 5
42 18 9
42 19 3
42 20 6
42 21 10
42 22 10
42 23 4
42 24 10
42 26 8
42 27 9
42 28 9
42 29 3
42 30 10
42 31 2
42 32 2
42 33 10
42 35 8
42 36 3
42 37 5
42 38 6
42 39 5
42 40 3
42 41 3
43 0 7
43 3 2
43 4 6
43 5 2
43 6 6
43 7 2
43 8 9
43 9 3
43 10 10
43 11 10
43 12 1
43 14 7
43 15 1
43 16 7
43 17 5
43 18 3
43 19 6
43 20 8
43 21 7
43 22 9
43 24 8
43 25 7
43 26 10
43 28 9
43 30 5
43 31 10
43 32 2
43 33 7
43 34 7
43 35 6
43 36 5
43 37 4
43 38 2
43 41 8
43 42 2
44 0 10
44 1 7
44 2 5
44 6 9
44 7 10
44 10 3
44 11 10
44 12 2
44 13 2
44 14 7
44 16 4
44 17 5
44 18 6
44 20 7
44 21 2
44 23 9
44 24 6
44 25 9
44 26 6
44 27 6
44 28 1
44 29 6
44 30 9
44 31 5
44 32 1
44 33 2
44 34 5
44 35 4
44 37 8
44 39 8
44 40 8
44 41 3
44 42 5
44 43 9
45 0 7
45 1 2
45 2 9
45 3 1
45 5 1
45 6 4
45 7 10
45 8 3
45 9 7
45 11 2
45 12 5
45 13 4
45 14 8
45 15 3
45 16 5
45 17 2
45 19 7
45 20 9
45 21 7
45 23 7
45 24 2
45 25 10
45 26 9
45 27 4
45 28 3
45 29 9
45 30 1
45 31 2
45 33 5
45 34 3
45 35 7
45 37 2
45 38 2
45 40 5
45 41 9
45 42 10
45 44 3
46 0 9
46 1 6
46 3 2
46 4 1
46 5 5
46 6 9
46 7 10
46 8 2
46 9 8
46 10 10
46 11 8
46 13 4
46 14 1
46 16 3
46 17 10
46 18 5
46 20 9
46 21 9
46 22 1
46 23 1
46 24 2
46 26 4
46 30 2
46 31 4
46 32 7
46 33 8
46 34 7
46 35 1
46 36 7
46 37 4
46 38 1
46 40 5
46 41 8
46 42 4
46 43 6
46 44 9
46 45 2
47 0 7
47 1 5
47 2 1
47 3 2
47 5 9
47 9 4
47 10 7
47 11 2
47 12 9
47 13 3
47 14 5
47 15 7
47 16 8
47 17 7
47 18 8
47 19 4
47 21 8
47 22 2
47 23 10
47 27 6
47 28 6
47 29 6
47 30 1
47 31 10
47 32 3
47 33 4
47 34 3
47 35 2
47 36 8
47 37 6
47 39 8
47 40 1
47 41 9
47 42 1
47 43 2
47 44 4
47 45 10
47 46 2
48 0 9
48 1 8
48 2 7
48 3 4
48 4 9
48 9 8
48 10 10
48 11 7
48 12 8
48 15 1
48 16 1
48 18 9
48 19 8
48 20 8
48 21 9
48 22 10
48 23 9
48 25 3
48 26 8
48 28 6
48 30 9
48 31 4
48 32 9
48 33 9
48 34 7
48 35 8
48 36 4
48 37 5
48 39 4
48 40 9
48 41 1
48 42 2
48 43 9
48 44 2
48 45 7
48 46 3
48 47 9
49 1 10
49 2 1
49 3 7
49 4 9
49 5 6
49 6 3
49 7 10
49 8 6
49 9 10
49 10 10
49 11 5
49 12 2
49 13 6
49 14 5
49 15 3
49 16 6
49 17 5
49 18 3
49 19 1
49 20 1
49 21 2
49 22 7
49 23 3
49 24 10
49 25 1
49 26 10
49 27 9
49 29 2
49 31 5
49 32 1
49 33 4
49 34 6
49 35 6
49 36 2
49 38 8
49 39 5
49 40 5
49 41 7
49 42 6
49 45 8
49 46 1
49 47 4
49 48 3
50 0 5
50 1 4
50 2 7
50 3 3
50 4 3
50 5 3
50 6 10
50 7 10
50 8 10
50 10 2
50 12 2
50 13 9
50 14 8
50 15 8
50 16 9
50 17 5
50 18 9
50 19 8
50 20 2
50 21 4
50 22 10
50 23 4
50 24 7
50 25 1
50 26 2
50 27 5
50 28 1
50 29 2
50 32 5
50 34 3
50 35 5
50 36 9
50 37 6
50 38 6
50 39 6
50 40 7
50 41 4
50 42 9
50 43 10
50 44 6
50 45 7
50 46 1
50 47 3
50 48 6
50 49 5
51 0 5
51 1 5
51 2 6
51 3 4
51 4 3
51 5 8
51 6 4
51 7 7
51 8 3
51 9 3
51 11 9
51 12 2
51 13 8
51 14 5
51 16 8
51 18 2
51 19 4
51 20 1
51 22 2
51 23 8
51 24 10
51 25 3
51 26 10
51 27 1
51 28 5
51 29 4
51 30 5
51 32 1
51 33 8
51 34 8
51 35 9
51 36 10
51 37 5
51 38 4
51 39 3
51 41 9
51 42 1
51 45 10
51 46 10
51 47 8
51 48 7
51 49 3
51 50 5
52 0 1
52 1 2
52 2 6
52 4 1
52 6 3
52 7 8
52 8 4
52 9 1
52 10 5
52 11 7
52 13 7
52 14 4
52 15 8
52 18 4
52 20 4
52 21 2
52 22 8
52 23 6
52 25 10
52 26 10
52 27 9
52 28 6
52 29 4
52 30 7
52 31 4
52 33 3
52 34 7
52 36 10
52 37 4
52 38 1
52 39 4
52 41 5
52 42 9
52 43 5
52 44 3
52 45 8
52 46 9
52 47 1
52 48 6
52 50 10
52 51 10
53 1 10
53 3 4
53 5 10
53 6 3
53 7 7
53 8 7
53 9 5
53 11 5
53 12 7
53 14 1
53 15 9
53 16 6
53 17 3
53 18 3
53 20 8
53 21 7
53 23 10
53 24 2
53 25 9
53 26 6
53 27 6
53 28 5
53 30 7
53 32 8
53 33 8
53 34 4
53 36 1
53 37 1
53 38 6
53 39 1
53 40 3
53 42 7
53 44 5
53 45 10
53 46 7
53 47 1
53 48 7
53 49 2
53 51 6
53 52 2
54 0 2
54 2 3
54 3 2
54 4 3
54 5 10
54 6 1
54 7 8
54 10 2
54 11 10
54 12 9
54 14 5
54 16 1
54 18 3
54 19 8
54 20 7
54 21 4
54 22 3
54 23 10
54 24 10
54 25 2
54 26 2
54 27 7
54 28 8
54 29 5
54 31 5
54 33 1
54 34 1
54 35 4
54 37 8
54 38 8
54 40 4
54 41 1
54 42 2
54 43 6
54 45 6
54 46 5
54 47 4
54 48 8
54 49 3
54 50 7
54 52 6
54 53 7
55 0 3
55 2 2
55 3 5
55 4 6
55 6 5
55 8 10
55 9 4
55 10 4
55 11 3
55 12 9
55 14 1
55 16 4
55 18 7
55 19 7
55 20 10
55 21 5
55 22 7
55 23 4
55 25 9
55 26 1
55 27 5
55 28 8
55 29 10
55 30 4
55 31 8
55 32 3
55 33 5
55 34 10
55 35 2
55 36 5
55 37 3
55 38 9
55 39 6
55 40 5
55 41 9
55 43 9
55 44 8
55 45 10
55 46 3
55 48 10
55 49 4
56 0 7
56 1 1
56 2 4
56 3 9
56 4 3
56 5 5
56 6 5
56 9 7
56 10 9
56 11 9
56 12 10
56 13 8
56 14 4
56 16 7
56 17 2
56 18 2
56 19 8
56 20 1
56 22 2
56 23 4
56 24 1
56 25 3
56 27 9
56 28 8
56 29 6
56 32 2
56 33 4
56 34 2
56 36 7
56 37 1
56 38 4
56 39 5
56 40 10
56 41 9
56 42 7
56 43 9
56 44 9
56 45 6
56 46 7
56 47 5
56 48 9
56 49 9
56 50 3
56 51 7
56 52 7
56 53 9
56 54 3
56 55 2
57 0 5
57 1 9
57 2 7
57 3 1
57 4 6
57 6 8
57 7 4
57 8 3
57 9 7
57 10 4
57 11 2
57 12 9
57 13 4
57 14 9
57 15 6
57 16 7
57 18 10
57 19 7
57 20 7
57 21 1
57 23 9
57 24 6
57 25 3
57 26 10
57 28 4
57 29 2
57 30 5
57 31 6
57 33 3
57 34 6
57 35 1
57 36 10
57 37 7
57 38 7
57 40 6
57 41 2
57 43 5
57 45 3
57 46 4
57 47 7
57 48 10
57 49 6
57 50 6
57 51 3
57 52 2
57 53 4
57 54 6
57 55 10
57 56 9
58 0 10
58 1 10
58 3 7
58 5 3
58 6 1
58 7 6
58 8 8
58 9 7
58 10 7
58 11 10
58 14 6
58 15 8
58 16 4
58 18 9
58 19 10
58 20 8
58 21 6
58 22 4
58 23 6
58 24 1
58 25 9
58 28 2
58 29 10
58 30 10
58 31 5
58 32 7
58 35 8
58 36 7
58 37 2
58 38 2
58 41 7
58 42 8
58 43 1
58 44 6
58 45 6
58 46 7
58 48 4
58 49 9
58 50 8
58 52 5
58 53 9
58 54 1
58 55 8
58 57 2
59 0 5
59 1 9
59 4 10
59 5 7
59 6 5
59 7 1
59 8 10
59 9 1
59 10 5
59 11 7
59 12 8
59 13 9
59 14 9
59 15 6
59 16 9
59 17 2
59 18 4
59 19 9
59 20 8
59 21 8
59 22 4
59 23 5
59 24 6
59 25 1
59 26 9
59 28 10
59 29 2
59 30 5
59 31 4
59 32 3
59 34 2
59 35 10
59 36 10
59 37 1
59 40 4
59 41 7
59 42 3
59 43 7
59 45 10
59 46 7
59 49 4
59 50 4
59 51 9
59 52 3
59 53 5
59 54 10
59 56 8
59 57 9
59 58 2
