70
1 0 75
2 0 20
2 1 55
3 0 11
3 1 66
3 2 77
4 0 53
4 1 20
4 3 25
5 0 61
5 1 54
5 2 6
5 3 44
5 4 68
6 0 75
6 2 17
6 3 28
6 4 29
6 5 8
7 0 34
7 1 10
7 2 45
7 3 64
7 4 4
7 5 73
7 6 25
8 1 45
8 2 19
8 3 18
8 5 80
8 7 43
9 0 19
9 1 30
9 2 76
9 3 11
9 4 32
9 6 32
9 7 9
9 8 30
10 0 47
10 1 42
10 2 30
10 4 9
10 5 43
10 6 65
10 7 70
10 8 48
10 9 41
11 0 42
11 1 22
11 2 55
11 3 80
11 4 80
11 5 6
11 6 22
11 7 25
11 8 73
11 9 34
11 10 28
12 0 28
12 1 46
12 3 72
12 4 39
12 5 80
12 6 32
12 7 77
12 8 42
12 9 27
12 10 70
12 11 64
13 0 1
13 1 21
13 3 10
13 4 51
13 5 48
13 6 6
13 7 39
13 8 59
13 9 29
13 10 13
13 11 16
13 12 1
14 0 73
14 2 50
14 3 42
14 4 27
14 5 50
14 6 50
14 9 13
14 10 43
14 11 79
14 12 44
14 13 60
15 0 16
15 1 71
15 2 51
15 3 18
15 4 31
15 5 47
15 6 55
15 7 5
15 8 80
15 9 63
15 10 18
15 11 49
15 12 15
15 13 33
16 0 29
16 1 38
16 2 57
16 3 80
16 5 70
16 6 29
16 7 42
16 9 63
16 10 26
16 11 7
16 12 23
16 13 15
16 14 14
16 15 68
17 0 69
17 1 69
17 2 52
17 3 45
17 4 16
17 5 77
17 6 46
17 7 51
17 9 36
17 10 16
17 11 68
17 12 32
17 14 46
17 16 43
18 0 71
18 1 24
18 2 5
18 3 16
18 4 60
18 6 24
18 7 51
18 8 35
18 9 62
18 11 7
18 15 46
18 16 59
18 17 75
19 0 7
19 1 49
19 2 35
19 3 25
19 4 31
19 5 77
19 6 47
19 10 77
19 11 45
19 12 45
19 13 32
19 14 70
19 15 68
19 16 29
19 18 78
20 0 69
20 1 62
20 2 8
20 3 74
20 4 65
20 6 51
20 7 61
20 8 44
20 9 40
20 10 45
20 11 68
20 12 23
20 13 78
20 14 74
20 15 56
20 19 70
21 0 76
21 1 26
21 2 29
21 3 78
21 5 77
21 6 5
21 7 9
21 8 4
21 9 34
21 10 28
21 11 10
21 12 14
21 13 19
21 14 58
21 15 33
21 16 13
21 17 77
21 18 40
21 19 9
21 20 67
22 0 24
22 1 28
22 2 45
22 3 78
22 4 35
22 5 9
22 6 5
22 8 55
22 9 58
22 11 75
22 12 9
22 13 49
22 14 36
22 15 42
22 16 42
22 17 24
22 18 26
22 19 37
22 20 43
22 21 39
23 0 4
23 1 44
23 2 76
23 4 26
23 5 49
23 6 34
23 7 67
23 8 70
23 9 2
23 10 16
23 11 23
23 12 14
23 13 8
23 14 7
23 15 39
23 16 76
23 17 18
23 18 42
23 19 4
23 20 59
23 21 6
24 0 31
24 1 54
24 2 68
24 3 26
24 4 67
24 5 5
24 6 45
24 7 80
24 8 1
24 9 51
24 10 40
24 11 66
24 12 37
24 13 47
24 14 58
24 15 50
24 16 15
24 17 6
24 18 25
24 19 55
24 20 38
24 21 80
24 23 72
25 0 42
25 1 13
25 2 56
25 3 49
25 5 14
25 6 40
25 8 9
25 9 3
25 10 2
25 11 69
25 12 53
25 13 80
25 14 28
25 15 3
25 16 11
25 17 51
25 18 65
25 19 31
25 20 47
25 21 27
25 22 54
25 23 13
25 24 61
26 0 75
26 1 62
26 2 58
26 3 36
26 4 71
26 5 53
26 6 64
26 7 35
26 9 1
26 10 6
26 11 58
26 12 78
26 13 41
26 15 14
26 16 72
26 17 30
26 18 39
26 19 32
26 20 35
26 21 62
26 22 73
26 23 51
26 24 80
26 25 35
27 0 10
27 1 23
27 2 57
27 3 3
27 5 14
27 6 78
27 7 15
27 8 79
27 9 49
27 10 44
27 12 53
27 13 53
27 14 26
27 15 70
27 16 53
27 18 52
27 19 67
27 20 22
27 21 4
27 22 45
27 23 49
27 24 55
27 25 80
27 26 65
28 0 63
28 1 60
28 2 41
28 3 27
28 4 65
28 6 20
28 7 76
28 8 53
28 9 58
28 10 64
28 11 2
28 12 65
28 13 51
28 14 79
28 15 50
28 17 68
28 18 46
28 19 28
28 20 42
28 21 75
28 22 62
28 23 29
28 24 31
28 25 53
28 26 51
28 27 35
29 0 7
29 2 73
29 3 42
29 4 53
29 5 1
29 6 10
29 7 40
29 8 30
29 9 29
29 10 71
29 11 38
29 12 46
29 13 77
29 14 7
29 15 3
29 16 19
29 17 14
29 18 39
29 19 37
29 20 15
29 21 25
29 22 35
29 23 27
29 24 47
29 26 55
29 27 20
29 28 11
30 0 65
30 2 68
30 3 60
30 4 41
30 5 40
30 6 46
30 7 36
30 8 60
30 9 66
30 10 19
30 11 72
30 13 66
30 14 34
30 15 35
30 16 25
30 17 61
30 18 31
30 19 28
30 20 68
30 21 73
30 22 53
30 23 61
30 24 62
30 25 40
30 26 50
30 28 70
30 29 64
31 1 59
31 2 30
31 3 17
31 4 42
31 5 31
31 6 37
31 7 31
31 8 54
31 9 48
31 10 32
31 11 34
31 12 16
31 13 22
31 14 4
31 15 16
31 16 4
31 17 57
31 18 66
31 19 34
31 20 25
31 21 44
31 22 28
31 23 13
31 24 40
31 25 40
31 26 17
31 27 40
31 28 77
31 29 21
31 30 6
32 0 50
32 1 32
32 2 62
32 3 10
32 4 48
32 5 70
32 6 43
32 7 24
32 8 56
32 9 45
32 10 49
32 12 36
32 13 42
32 14 38
32 15 3
32 16 43
32 17 42
32 18 60
32 19 72
32 20 23
32 21 34
32 22 80
32 23 26
32 24 72
32 27 77
32 28 44
32 29 55
32 31 27
33 0 27
33 1 63
33 2 6
33 3 11
33 4 73
33 5 66
33 6 50
33 7 47
33 8 16
33 9 20
33 10 54
33 11 57
33 13 48
33 14 78
33 15 22
33 17 9
33 18 42
33 19 69
33 20 42
33 21 74
33 22 14
33 23 58
33 24 67
33 25 19
33 26 8
33 27 61
33 28 41
33 29 67
33 30 5
33 31 6
33 32 51
34 0 73
34 1 31
34 2 71
34 3 1
34 5 45
34 6 30
34 7 57
34 8 2
34 9 31
34 10 76
34 11 17
34 13 5
34 14 6
34 15 54
34 16 34
34 17 29
34 18 66
34 19 11
34 20 43
34 21 3
34 23 63
34 24 11
34 25 33
34 26 63
34 27 33
34 28 65
34 29 24
34 30 68
34 33 25
35 0 20
35 1 66
35 2 46
35 4 25
35 5 2
35 6 26
35 8 66
35 10 46
35 11 20
35 12 35
35 13 34
35 14 59
35 15 40
35 16 40
35 18 80
35 19 2
35 20 70
35 21 10
35 22 80
35 23 66
35 24 49
35 25 10
35 27 66
35 28 27
35 29 44
35 30 26
35 31 47
35 32 2
35 33 16
35 34 33
36 0 31
36 1 66
36 2 4
36 3 39
36 4 65
36 5 50
36 6 14
36 7 74
36 8 31
36 9 49
36 10 54
36 12 10
36 13 69
36 14 7
36 15 67
36 16 33
36 17 62
36 19 75
36 20 62
36 22 55
36 23 80
36 24 9
36 25 49
36 26 70
36 27 15
36 28 52
36 30 17
36 31 40
36 32 71
36 33 21
36 35 50
37 0 72
37 1 29
37 2 10
37 3 58
37 4 28
37 5 42
37 6 40
37 7 72
37 8 19
37 9 50
37 10 61
37 11 74
37 12 2
37 13 30
37 14 66
37 15 6
37 16 22
37 17 42
37 18 6
37 19 19
37 20 36
37 21 24
37 22 62
37 23 15
37 24 29
37 25 48
37 26 4
37 27 47
37 28 10
37 29 39
37 30 38
37 31 5
37 32 24
37 33 46
38 0 11
38 1 68
38 2 33
38 3 9
38 4 19
38 5 47
38 6 6
38 7 64
38 8 38
38 9 66
38 10 55
38 11 26
38 12 8
38 13 16
38 14 33
38 15 79
38 16 36
38 17 20
38 18 45
38 19 54
38 20 39
38 21 48
38 22 42
38 23 57
38 24 48
38 25 73
38 26 9
38 27 54
38 29 29
38 30 66
38 32 76
38 33 69
38 34 72
38 35 26
38 36 4
38 37 65
39 1 35
39 2 63
39 3 13
39 4 22
39 5 39
39 6 6
39 7 43
39 8 3
39 9 73
39 10 44
39 11 43
39 12 30
39 13 67
39 14 24
39 15 24
39 16 7
39 17 44
39 18 64
39 19 18
39 20 64
39 21 49
39 22 66
39 23 6
39 24 31
39 25 65
39 26 28
39 27 23
39 28 54
39 29 78
39 30 31
39 31 79
39 32 73
39 33 57
39 34 61
39 35 58
39 36 47
39 37 61
39 38 2
40 0 69
40 1 56
40 2 55
40 3 19
40 5 68
40 6 68
40 7 26
40 8 20
40 9 25
40 10 78
40 11 18
40 12 67
40 14 22
40 15 47
40 16 18
40 17 20
40 18 74
40 20 64
40 21 33
40 22 69
40 23 4
40 24 32
40 25 16
40 26 76
40 27 38
40 28 20
40 29 71
40 30 54
40 31 68
40 33 80
40 34 73
40 35 28
40 36 21
40 37 56
40 38 79
40 39 42
41 0 26
41 1 2
41 2 28
41 3 23
41 4 66
41 5 79
41 7 1
41 8 15
41 9 62
41 10 32
41 11 12
41 12 26
41 13 1
41 14 10
41 15 37
41 16 21
41 17 66
41 18 15
41 19 52
41 20 31
41 21 61
41 22 41
41 23 10
41 24 65
41 25 26
41 26 42
41 27 23
41 28 9
41 29 53
41 30 32
41 31 57
41 32 63
41 33 21
41 34 67
41 35 70
41 36 2
41 37 19
41 38 73
41 39 64
41 40 71
42 0 69
42 2 63
42 3 33
42 4 46
42 5 37
42 6 76
42 7 10
42 8 52
42 9 3
42 10 54
42 11 74
42 12 33
42 13 58
42 14 55
42 15 15
42 16 19
42 17 46
42 18 38
42 19 45
42 21 41
42 22 72
42 23 29
42 25 69
42 26 54
42 28 77
42 29 25
42 30 5
42 31 77
42 32 59
42 33 3
42 34 4
42 35 23
42 36 61
42 37 23
42 38 6
42 39 60
42 40 63
42 41 74
43 0 66
43 1 38
43 2 40
43 3 67
43 5 9
43 6 51
43 7 20
43 8 66
43 9 31
43 10 26
43 11 42
43 12 67
43 13 68
43 15 3
43 16 46
43 17 21
43 18 39
43 19 33
43 20 68
43 21 2
43 22 40
43 23 27
43 24 60
43 25 29
43 26 13
43 27 55
43 28 51
43 29 48
43 30 26
43 31 38
43 32 5
43 33 29
43 34 8
43 35 35
43 36 51
43 37 34
43 38 35
43 39 76
43 40 2
43 41 45
43 42 38
44 0 36
44 1 5
44 2 71
44 3 24
44 4 8
44 5 45
44 6 32
44 7 33
44 8 45
44 9 30
44 13 68
44 14 11
44 15 31
44 16 26
44 17 55
44 18 66
44 21 56
44 22 14
44 24 75
44 25 1
44 26 35
44 27 28
44 28 79
44 29 8
44 30 34
44 31 6
44 32 52
44 33 57
44 35 10
44 36 76
44 37 72
44 38 67
44 39 75
44 40 29
44 41 2
44 42 38
44 43 77
45 0 23
45 1 48
45 2 19
45 3 14
45 4 53
45 5 69
45 6 72
45 7 47
45 8 62
45 9 69
45 10 56
45 11 72
45 12 21
45 13 54
45 14 16
45 15 45
45 16 55
45 17 72
45 18 59
45 19 42
45 20 31
45 22 20
45 23 11
45 24 48
45 25 47
45 26 21
45 27 54
45 28 17
45 29 9
45 31 26
45 32 37
45 33 24
45 34 64
45 35 9
45 36 38
45 37 27
45 41 68
45 42 14
45 44 32
46 0 62
46 1 41
46 2 49
46 3 27
46 4 50
46 5 6
46 6 53
46 7 11
46 9 3
46 10 43
46 11 46
46 12 1
46 14 58
46 15 40
46 16 22
46 17 18
46 18 1
46 19 74
46 20 75
46 21 53
46 23 21
46 24 24
46 25 37
46 26 78
46 27 39
46 31 8
46 32 61
46 33 49
46 36 73
46 37 71
46 38 44
46 39 10
46 40 25
46 41 35
46 42 78
46 44 5
47 0 45
47 1 30
47 2 32
47 3 41
47 4 4
47 5 29
47 6 25
47 7 53
47 8 30
47 9 68
47 10 18
47 11 34
47 12 51
47 14 25
47 15 49
47 16 66
47 17 8
47 18 71
47 19 59
47 20 14
47 21 11
47 22 42
47 23 32
47 24 7
47 25 26
47 26 38
47 27 41
47 28 11
47 29 23
47 30 46
47 32 63
47 33 70
47 34 63
47 35 31
47 36 46
47 37 3
47 39 15
47 41 41
47 42 14
47 43 68
47 44 50
47 45 40
47 46 31
48 0 21
48 1 51
48 2 50
48 3 31
48 4 51
48 5 34
48 6 67
48 7 79
48 8 24
48 9 66
48 10 11
48 11 53
48 12 11
48 13 65
48 14 9
48 15 71
48 16 62
48 17 25
48 18 67
48 19 2
48 20 47
48 21 43
48 22 43
48 23 1
48 24 46
48 25 42
48 26 35
48 27 4
48 29 64
48 31 54
48 32 80
48 33 35
48 34 19
48 35 23
48 36 28
48 37 49
48 38 80
48 39 52
48 40 68
48 41 17
48 42 57
48 43 63
48 44 13
48 46 31
48 47 80
49 0 44
49 1 62
49 2 46
49 3 63
49 4 37
49 5 23
49 6 26
49 7 50
49 8 46
49 9 55
49 11 2
49 12 15
49 13 71
49 14 19
49 15 25
49 16 45
49 17 58
49 18 10
49 19 17
49 20 37
49 21 14
49 23 12
49 24 57
49 25 17
49 26 57
49 28 28
49 29 33
49 30 39
49 31 41
49 32 19
49 33 53
49 34 44
49 36 4
49 37 26
49 38 72
49 39 74
49 40 57
49 41 68
49 42 41
49 43 63
49 45 13
49 46 35
49 47 19
49 48 63
50 0 57
50 1 37
50 2 1
50 3 58
50 4 61
50 5 48
50 6 69
50 7 44
50 9 29
50 11 33
50 12 61
50 13 26
50 15 26
50 16 15
50 17 33
50 18 4
50 19 79
50 20 6
50 21 27
50 22 69
50 24 74
50 25 30
50 26 80
50 27 17
50 28 69
50 29 67
50 30 76
50 32 43
50 33 29
50 34 57
50 35 33
50 36 54
50 38 7
50 39 37
50 40 62
50 41 67
50 42 50
50 44 53
50 45 27
50 46 41
50 47 76
50 48 59
50 49 31
51 1 66
51 2 15
51 3 11
51 5 47
51 6 70
51 7 39
51 8 20
51 9 60
51 10 38
51 11 23
51 12 24
51 13 54
51 14 77
51 15 35
51 16 42
51 17 2
51 18 69
51 19 76
51 20 22
51 21 37
51 22 34
51 23 79
51 24 76
51 25 26
51 26 41
51 27 10
51 29 67
51 30 47
51 31 24
51 32 80
51 33 14
51 34 26
51 36 53
51 37 46
51 38 16
51 40 27
51 41 63
51 42 79
51 43 32
51 44 58
51 45 72
51 46 51
51 47 74
51 48 18
51 49 69
51 50 25
52 0 66
52 1 56
52 2 76
52 3 37
52 4 26
52 5 69
52 6 72
52 7 66
52 8 53
52 9 8
52 10 57
52 11 45
52 12 17
52 13 33
52 14 51
52 15 7
52 16 71
52 17 56
52 19 37
52 21 6
52 22 25
52 23 57
52 24 3
52 25 3
52 26 56
52 28 49
52 29 44
52 30 50
52 31 44
52 32 21
52 33 68
52 34 56
52 35 3
52 36 63
52 38 28
52 39 15
52 40 11
52 41 35
52 42 24
52 43 44
52 45 73
52 46 62
52 47 39
52 48 68
52 49 33
52 50 55
52 51 22
53 0 47
53 1 13
53 2 5
53 3 31
53 4 32
53 5 53
53 7 49
53 8 24
53 9 52
53 10 50
53 11 19
53 12 50
53 13 77
53 14 35
53 15 27
53 16 71
53 17 51
53 18 58
53 19 20
53 20 59
53 21 65
53 22 26
53 23 53
53 24 15
53 26 21
53 27 20
53 28 24
53 29 78
53 30 63
53 31 59
53 32 58
53 33 76
53 35 72
53 36 16
53 37 63
53 38 2
53 40 7
53 41 60
53 42 43
53 43 43
53 44 65
53 45 22
53 46 27
53 47 19
53 48 38
53 49 36
53 50 20
53 51 33
54 0 62
54 1 78
54 2 47
54 3 8
54 4 21
54 5 2
54 6 54
54 7 29
54 8 9
54 9 20
54 11 31
54 12 18
54 13 77
54 15 27
54 16 65
54 17 51
54 18 69
54 19 78
54 20 25
54 21 4
54 22 54
54 23 65
54 24 15
54 25 35
54 26 5
54 27 56
54 28 75
54 29 72
54 30 7
54 31 21
54 32 79
54 33 42
54 34 15
54 36 65
54 37 32
54 38 37
54 39 1
54 40 77
54 41 66
54 42 7
54 44 27
54 45 65
54 46 77
54 47 61
54 49 40
54 50 7
54 51 15
54 52 20
54 53 53
55 0 22
55 1 72
55 2 63
55 3 79
55 4 75
55 5 19
55 7 56
55 8 57
55 9 52
55 10 36
55 11 28
55 12 49
55 13 72
55 14 72
55 15 17
55 16 38
55 17 53
55 18 1
55 19 44
55 20 48
55 21 21
55 23 16
55 24 56
55 25 62
55 26 40
55 28 66
55 29 26
55 30 64
55 31 6
55 32 59
55 34 47
55 35 25
55 36 9
55 38 76
55 39 64
55 40 54
55 41 54
55 42 63
55 43 60
55 44 44
55 45 48
55 46 38
55 47 3
55 48 15
55 49 18
55 50 17
55 52 78
55 54 80
56 0 40
56 2 43
56 3 64
56 5 8
56 6 1
56 7 51
56 9 66
56 10 28
56 11 73
56 12 70
56 13 22
56 14 67
56 15 12
56 17 46
56 18 31
56 19 72
56 20 78
56 21 71
56 22 54
56 23 42
56 24 36
56 25 22
56 27 66
56 28 53
56 29 16
56 30 69
56 32 75
56 33 51
56 34 36
56 35 80
56 36 46
56 38 37
56 39 73
56 40 77
56 41 38
56 42 27
56 43 7
56 44 7
56 45 69
56 46 55
56 47 25
56 48 21
56 49 70
56 50 50
56 51 35
56 52 42
56 53 6
56 54 15
56 55 57
57 0 23
57 1 9
57 2 55
57 3 14
57 4 4
57 6 38
57 7 72
57 8 47
57 9 59
57 10 15
57 11 26
57 12 37
57 14 70
57 15 44
57 16 53
57 17 57
57 18 19
57 19 18
57 20 76
57 21 40
57 22 25
57 23 20
57 24 24
57 25 34
57 26 61
57 27 25
57 28 30
57 30 41
57 32 51
57 33 9
57 34 40
57 35 42
57 36 74
57 37 43
57 38 6
57 39 42
57 40 54
57 42 4
57 43 10
57 44 11
57 45 68
57 46 16
57 47 55
57 48 63
57 49 23
57 51 2
57 52 42
57 53 33
57 54 33
57 55 39
57 56 42
58 0 4
58 1 30
58 2 63
58 4 32
58 5 42
58 6 1
58 7 19
58 8 74
58 9 70
58 10 66
58 11 20
58 13 6
58 14 43
58 15 6
58 16 1
58 17 51
58 18 60
58 19 22
58 20 57
58 21 42
58 23 71
58 25 48
58 26 25
58 27 50
58 28 54
58 29 26
58 30 31
58 31 62
58 32 38
58 34 40
58 35 79
58 36 24
58 37 11
58 38 38
58 39 39
58 40 35
58 41 59
58 42 37
58 44 27
58 45 35
58 47 53
58 48 31
58 49 11
58 50 6
58 51 34
58 52 45
58 53 52
58 54 61
58 55 70
58 56 13
58 57 73
59 0 47
59 1 63
59 2 23
59 3 34
59 4 34
59 5 37
59 6 42
59 7 47
59 8 70
59 9 18
59 11 58
59 12 62
59 13 68
59 14 34
59 15 32
59 16 19
59 19 58
59 20 20
59 21 69
59 22 21
59 23 20
59 25 76
59 26 42
59 27 6
59 28 4
59 29 48
59 30 48
59 31 48
59 32 48
59 33 69
59 34 43
59 35 10
59 36 66
59 37 80
59 38 50
59 39 5
59 40 1
59 41 13
59 42 29
59 43 22
59 44 17
59 45 42
59 46 28
59 47 15
59 48 71
59 50 38
59 51 35
59 52 72
59 53 57
59 54 1
59 55 30
59 56 57
59 57 74
59 58 16
60 0 35
60 1 67
60 2 2
60 3 73
60 5 31
60 7 16
60 8 48
60 9 67
60 10 46
60 11 40
60 12 62
60 13 56
60 14 47
60 15 7
60 16 10
60 17 49
60 18 38
60 20 26
60 21 40
60 22 8
60 23 7
60 24 46
60 25 5
60 26 21
60 27 68
60 28 11
60 29 10
60 30 36
60 31 37
60 32 46
60 33 57
60 34 79
60 35 47
60 36 44
60 38 61
60 39 79
60 40 74
60 41 29
60 42 33
60 43 64
60 44 26
60 45 43
60 47 53
60 50 5
60 51 53
60 52 79
60 53 23
60 54 18
60 55 27
60 56 8
60 57 68
60 58 12
60 59 29
61 0 39
61 1 52
61 2 18
61 3 49
61 4 80
61 6 16
61 7 17
61 8 8
61 9 12
61 10 36
61 11 11
61 12 46
61 13 14
61 14 13
61 15 69
61 16 72
61 17 20
61 18 70
61 19 77
61 20 32
61 21 11
61 22 34
61 23 11
61 24 3
61 25 72
61 26 77
61 27 76
61 28 24
61 29 65
61 31 64
61 34 36
61 36 33
61 37 62
61 38 40
61 39 18
61 41 9
61 43 59
61 44 9
61 45 30
61 46 68
61 47 54
61 48 71
61 49 20
61 50 71
61 51 56
61 52 32
61 53 51
61 54 63
61 56 17
61 57 1
61 58 52
61 59 24
61 60 12
62 0 53
62 1 29
62 2 54
62 5 77
62 6 58
62 7 58
62 8 25
62 9 73
62 10 73
62 11 43
62 12 25
62 13 2
62 14 65
62 15 72
62 16 39
62 17 21
62 18 68
62 19 32
62 20 27
62 21 17
62 22 50
62 24 77
62 25 65
62 26 76
62 27 3
62 28 28
62 29 44
62 31 76
62 32 75
62 34 41
62 35 21
62 36 45
62 37 20
62 38 43
62 39 27
62 42 63
62 43 30
62 44 51
62 46 39
62 47 11
62 48 13
62 50 73
62 51 18
62 52 71
62 53 79
62 54 63
62 56 37
62 57 42
62 58 9
62 59 79
62 60 71
62 61 63
63 0 25
63 1 52
63 2 4
63 3 23
63 4 26
63 5 18
63 6 27
63 7 54
63 8 72
63 9 25
63 10 37
63 11 43
63 12 80
63 13 47
63 14 62
63 15 5
63 17 55
63 18 38
63 19 9
63 20 38
63 21 41
63 22 61
63 23 4
63 24 49
63 26 47
63 27 35
63 28 47
63 29 6
63 30 77
63 31 29
63 33 55
63 35 17
63 36 26
63 37 58
63 39 74
63 40 29
63 41 54
63 42 54
63 43 44
63 44 30
63 45 60
63 46 66
63 47 35
63 48 76
63 49 22
63 50 16
63 51 29
63 52 79
63 53 20
63 54 49
63 55 64
63 56 45
63 58 4
63 59 33
63 60 51
63 61 32
63 62 27
64 0 77
64 1 25
64 2 4
64 3 38
64 4 40
64 5 45
64 7 46
64 8 56
64 9 39
64 10 52
64 11 34
64 12 60
64 13 43
64 14 20
64 15 43
64 16 64
64 17 19
64 18 16
64 19 11
64 20 76
64 21 58
64 22 17
64 23 30
64 24 59
64 25 76
64 26 9
64 27 18
64 28 54
64 29 29
64 30 75
64 31 63
64 32 23
64 33 71
64 34 53
64 35 70
64 36 39
64 37 43
64 38 59
64 39 20
64 40 33
64 44 23
64 45 32
64 47 57
64 50 2
64 51 56
64 52 45
64 53 77
64 54 55
64 55 70
64 57 21
64 58 62
64 59 12
64 60 37
64 61 1
64 62 24
65 0 51
65 1 78
65 2 2
65 4 76
65 5 69
65 6 10
65 7 64
65 9 67
65 11 78
65 12 10
65 13 60
65 14 43
65 15 3
65 17 56
65 18 7
65 19 53
65 20 68
65 21 74
65 22 19
65 23 50
65 24 28
65 25 58
65 26 66
65 27 10
65 28 53
65 29 49
65 30 28
65 31 11
65 32 18
65 33 25
65 34 47
65 35 18
65 36 79
65 37 57
65 38 69
65 39 64
65 40 40
65 41 13
65 42 8
65 43 26
65 44 19
65 46 77
65 47 80
65 48 72
65 49 59
65 50 30
65 52 7
65 53 15
65 54 28
65 55 18
65 56 8
65 57 21
65 59 63
65 60 7
65 61 62
65 62 15
65 63 46
66 0 3
66 1 6
66 2 39
66 3 45
66 4 1
66 5 30
66 6 17
66 7 29
66 8 14
66 9 38
66 10 15
66 11 67
66 12 12
66 13 52
66 14 70
66 15 79
66 16 26
66 17 30
66 19 32
66 20 60
66 21 47
66 22 14
66 23 46
66 24 43
66 25 40
66 26 2
66 27 63
66 28 78
66 29 67
66 31 66
66 32 9
66 33 66
66 34 46
66 35 15
66 36 34
66 37 70
66 38 9
66 40 66
66 41 29
66 42 63
66 43 21
66 44 19
66 45 67
66 46 1
66 47 61
66 48 12
66 49 30
66 50 43
66 52 24
66 53 36
66 54 75
66 55 53
66 57 73
66 58 52
66 59 31
66 60 62
66 61 12
66 62 44
66 63 17
66 64 60
66 65 11
67 0 68
67 1 12
67 2 36
67 3 58
67 6 8
67 7 55
67 8 14
67 9 50
67 10 5
67 11 19
67 12 39
67 13 44
67 14 61
67 15 47
67 16 78
67 17 28
67 18 18
67 20 50
67 21 39
67 22 33
67 23 66
67 24 39
67 25 22
67 26 56
67 27 53
67 28 43
67 29 74
67 30 24
67 31 4
67 32 41
67 33 20
67 34 33
67 35 63
67 36 42
67 38 37
67 39 37
67 40 67
67 41 56
67 42 49
67 43 62
67 44 19
67 45 19
67 47 30
67 48 37
67 49 20
67 50 37
67 51 2
67 52 62
67 53 70
67 55 39
67 56 13
67 57 61
67 59 8
67 60 6
67 61 36
67 63 64
67 64 30
67 65 39
67 66 62
68 1 68
68 2 53
68 3 7
68 4 77
68 5 80
68 6 36
68 7 8
68 8 29
68 9 75
68 10 56
68 11 43
68 12 76
68 13 32
68 14 80
68 15 70
68 16 76
68 18 52
68 20 49
68 22 77
68 23 15
68 24 71
68 25 7
68 26 15
68 27 26
68 28 68
68 30 26
68 31 65
68 32 46
68 33 55
68 34 58
68 35 41
68 36 1
68 37 44
68 38 67
68 39 22
68 41 58
68 42 14
68 43 34
68 44 23
68 45 76
68 46 76
68 47 20
68 48 14
68 49 12
68 50 64
68 51 70
68 52 71
68 53 63
68 54 77
68 56 39
68 58 50
68 59 71
68 60 22
68 61 36
68 62 37
68 63 69
68 64 48
68 65 54
68 66 74
68 67 46
69 0 16
69 1 48
69 2 2
69 3 68
69 4 26
69 5 29
69 6 76
69 7 6
69 8 73
69 9 22
69 11 31
69 12 48
69 14 38
69 15 57
69 16 15
69 19 2
69 20 64
69 21 29
69 23 76
69 24 69
69 25 29
69 27 31
69 28 4
69 29 25
69 30 63
69 31 55
69 33 18
69 34 34
69 35 79
69 36 5
69 37 29
69 39 69
69 40 9
69 41 37
69 42 36
69 43 53
69 44 79
69 45 35
69 46 77
69 48 5
69 50 61
69 51 4
69 52 75
69 53 52
69 54 4
69 55 29
69 56 34
69 57 16
69 58 57
69 59 70
69 60 46
69 61 65
69 62 26
69 63 73
69 65 44
69 66 70
69 67 3
69 68 70
