30
2 0 26
3 0 23
3 1 2
3 2 37
4 0 15
4 1 13
4 2 19
4 3 9
5 0 21
5 1 21
5 2 25
5 3 37
5 4 10
6 0 4
6 1 38
6 2 25
6 3 1
6 4 29
7 0 8
7 1 7
7 2 36
7 4 16
7 5 22
8 2 28
8 4 14
8 5 11
8 6 16
8 7 37
9 0 39
9 2 10
9 5 12
9 6 27
9 7 27
9 8 35
10 0 29
10 2 35
10 3 6
10 4 36
10 7 27
10 8 5
11 0 12
11 1 26
11 2 26
11 5 22
11 6 7
11 8 39
11 10 28
12 1 22
12 2 13
12 3 3
12 4 11
12 7 20
12 8 3
12 9 9
12 10 14
13 1 3
13 2 5
13 6 27
13 7 38
13 9 21
13 11 25
13 12 23
14 0 14
14 2 6
14 5 32
14 7 12
14 9 4
14 10 40
14 13 18
15 0 37
15 1 1
15 3 13
15 4 38
15 7 16
15 8 1
15 14 20
16 0 37
16 3 37
16 4 34
16 5 5
16 6 21
16 7 10
16 8 11
16 9 2
16 11 39
16 12 6
16 13 32
16 15 39
17 0 27
17 2 7
17 4 23
17 6 7
17 7 8
17 8 38
17 10 31
17 11 39
17 12 25
17 13 25
17 14 35
18 1 32
18 5 19
18 7 39
18 11 40
18 12 1
18 14 24
18 15 16
18 16 37
18 17 27
19 0 33
19 1 18
19 2 34
19 5 18
19 9 23
19 10 30
19 12 32
19 13 19
19 14 5
19 15 22
19 16 6
19 18 9
20 0 5
20 2 19
20 6 39
20 7 3
20 8 6
20 9 33
20 13 38
20 16 36
20 18 38
20 19 34
21 0 27
21 3 21
21 4 40
21 6 30
21 7 28
21 8 29
21 10 15
21 11 38
21 13 9
21 14 2
21 15 12
21 16 15
21 17 21
21 18 11
22 0 1
22 2 6
22 5 39
22 6 23
22 7 37
22 8 21
22 9 40
22 11 34
22 12 38
22 13 11
22 15 1
22 16 39
22 18 6
22 19 38
22 20 5
22 21 40
23 0 21
23 1 23
23 5 20
23 7 10
23 9 1
23 10 18
23 11 32
23 12 19
23 15 8
23 17 4
23 18 31
23 19 21
23 20 40
23 21 36
24 0 5
24 1 14
24 2 34
24 3 10
24 4 28
24 5 2
24 8 36
24 9 27
24 10 30
24 11 13
24 15 22
24 16 16
24 17 22
24 19 19
24 22 34
25 0 29
25 1 30
25 2 14
25 4 33
25 7 22
25 8 28
25 9 1
25 12 29
25 13 4
25 14 19
25 17 27
25 19 32
25 20 3
25 21 18
25 23 33
26 5 6
26 6 16
26 7 10
26 9 1
26 10 1
26 11 13
26 12 25
26 13 40
26 14 32
26 15 20
26 16 27
26 17 15
26 18 24
26 19 19
26 20 18
26 22 3
26 24 8
27 1 32
27 3 14
27 4 39
27 6 14
27 8 20
27 9 8
27 12 34
27 15 22
27 24 35
27 25 22
28 0 1
28 1 1
28 2 32
28 3 29
28 4 27
28 10 37
28 12 3
28 14 25
28 15 26
28 16 21
28 17 27
28 19 15
28 20 3
28 22 25
28 24 20
29 1 18
29 2 2
29 3 33
29 4 7
29 5 32
29 6 5
29 7 32
29 10 5
29 11 10
29 13 24
29 14 32
29 15 15
29 16 2
29 17 1
29 19 25
29 21 6
29 22 9
29 23 3
29 27 13
29 28 22
