70
1 0 4
2 0 7
3 0 22
3 1 40
4 2 5
4 3 27
5 0 2
5 1 36
5 2 17
6 0 29
6 3 40
6 4 24
6 5 4
7 1 27
7 3 16
7 5 24
8 2 21
8 4 33
8 6 29
9 0 12
9 1 26
9 5 13
10 0 37
10 1 25
10 4 16
10 6 28
11 1 16
11 3 25
11 10 26
12 0 16
12 1 27
12 2 38
12 3 35
12 4 23
12 5 32
12 6 15
12 8 17
12 9 26
13 0 27
13 1 23
13 2 29
13 3 15
13 5 23
13 6 12
13 10 30
13 11 25
13 12 39
14 0 2
14 1 17
14 4 12
14 5 13
14 6 26
14 7 7
14 8 23
14 9 3
14 12 9
15 1 38
15 3 5
15 8 17
15 12 23
15 13 39
15 14 33
16 0 3
16 1 17
16 2 29
16 5 35
16 6 34
16 7 17
16 8 35
16 9 14
16 10 21
16 11 38
16 15 10
17 0 13
17 1 21
17 2 5
17 3 8
17 4 22
17 6 34
17 7 9
17 8 5
17 11 5
17 12 18
17 13 33
17 15 13
18 0 10
18 3 12
18 5 11
18 6 15
18 8 23
18 9 32
18 12 31
18 14 24
18 16 13
19 1 23
19 2 8
19 3 34
19 6 2
19 7 4
19 8 10
19 9 28
19 10 34
19 11 34
19 12 14
19 15 16
19 16 10
19 17 34
20 1 18
20 3 33
20 4 27
20 7 34
20 9 32
20 10 36
20 12 16
20 14 21
20 15 16
20 17 39
20 18 16
20 19 26
21 0 36
21 1 29
21 2 11
21 4 35
21 5 31
21 8 9
21 9 37
21 10 10
21 12 22
21 16 37
21 17 25
21 18 39
21 19 27
21 20 24
22 0 28
22 2 40
22 3 25
22 5 17
22 6 15
22 7 15
22 9 29
22 10 21
22 11 21
22 13 35
22 14 7
22 17 8
22 18 19
22 19 39
22 20 28
22 21 21
23 0 27
23 3 23
23 5 4
23 9 32
23 10 17
23 12 6
23 14 14
23 16 27
23 19 36
23 20 7
23 22 4
24 0 17
24 2 31
24 3 40
24 5 19
24 7 34
24 8 39
24 9 32
24 10 27
24 11 24
24 12 38
24 13 36
24 14 26
24 15 7
24 16 29
24 19 39
24 20 26
24 21 29
24 22 16
24 23 36
25 1 26
25 2 33
25 3 15
25 6 11
25 7 23
25 8 12
25 9 18
25 11 31
25 12 29
25 14 36
25 16 21
25 17 12
25 18 23
25 22 17
25 23 15
26 0 19
26 3 37
26 4 14
26 5 10
26 8 9
26 11 20
26 15 24
26 16 24
26 18 9
26 19 9
26 21 34
27 7 9
27 8 3
27 10 9
27 12 30
27 13 39
27 14 4
27 15 36
27 16 8
27 19 3
27 21 39
27 23 17
27 24 32
27 26 38
28 1 34
28 5 18
28 8 32
28 9 14
28 10 12
28 11 24
28 12 32
28 13 26
28 14 34
28 15 26
28 17 12
28 18 21
28 19 12
28 20 30
28 21 3
28 23 12
28 24 8
28 26 16
28 27 7
29 0 15
29 3 4
29 7 7
29 8 3
29 10 34
29 11 15
29 12 38
29 13 33
29 15 9
29 16 37
29 19 19
29 20 40
29 22 33
29 24 40
29 25 26
29 27 28
29 28 19
30 0 38
30 1 15
30 2 39
30 3 21
30 4 20
30 6 18
30 10 19
30 12 21
30 13 31
30 14 20
30 15 19
30 16 23
30 19 10
30 20 37
30 21 5
30 23 37
30 24 10
30 26 2
30 29 11
31 0 35
31 2 19
31 3 7
31 4 22
31 5 3
31 6 12
31 7 29
31 9 31
31 13 4
31 14 1
31 15 24
31 16 31
31 17 36
31 18 8
31 20 32
31 21 20
31 22 24
31 23 22
31 25 12
31 26 21
31 27 6
31 28 1
31 29 22
32 3 16
32 5 11
32 6 25
32 8 15
32 9 26
32 10 15
32 11 36
32 13 32
32 14 31
32 18 11
32 19 9
32 22 37
32 24 6
32 25 29
32 28 27
32 29 14
32 31 34
33 0 37
33 2 21
33 3 40
33 4 22
33 5 16
33 6 4
33 8 4
33 9 14
33 10 27
33 11 21
33 12 23
33 13 17
33 14 28
33 16 12
33 17 28
33 19 40
33 20 39
33 25 30
33 26 34
33 31 26
34 0 3
34 2 1
34 6 13
34 7 38
34 9 9
34 10 28
34 11 4
34 13 3
34 14 14
34 15 35
34 16 39
34 17 3
34 18 2
34 19 6
34 21 35
34 22 35
34 23 22
34 24 31
34 26 32
34 27 37
34 30 32
34 31 31
35 0 4
35 2 21
35 3 13
35 4 29
35 7 29
35 8 15
35 9 32
35 11 20
35 12 30
35 13 33
35 16 33
35 21 22
35 23 9
35 24 35
35 25 10
35 31 1
36 0 16
36 2 6
36 3 38
36 4 20
36 8 8
36 9 3
36 13 14
36 16 27
36 17 5
36 19 28
36 21 24
36 22 23
36 23 29
36 27 10
36 28 23
36 29 40
36 31 12
36 32 17
36 33 6
36 34 14
36 35 7
37 0 26
37 1 4
37 3 22
37 6 30
37 7 25
37 9 15
37 14 1
37 16 15
37 18 4
37 21 15
37 22 36
37 23 16
37 26 1
37 27 15
37 28 31
37 29 4
37 30 3
37 32 21
37 33 15
37 34 5
38 2 10
38 3 32
38 4 37
38 5 38
38 7 10
38 8 34
38 11 4
38 14 9
38 15 12
38 16 6
38 19 19
38 20 35
38 25 28
38 28 5
38 29 2
38 30 3
38 31 5
38 32 18
38 33 9
38 34 9
38 35 19
38 36 19
38 37 38
39 0 27
39 1 31
39 2 19
39 3 35
39 5 20
39 6 21
39 12 29
39 13 32
39 15 18
39 18 21
39 19 15
39 20 32
39 22 9
39 23 39
39 25 15
39 27 29
39 28 30
39 31 30
39 32 22
39 34 9
39 35 39
39 36 3
39 38 2
40 0 7
40 2 8
40 3 14
40 4 13
40 6 29
40 9 32
40 10 37
40 11 24
40 13 26
40 15 30
40 17 11
40 18 11
40 19 11
40 20 20
40 21 26
40 22 2
40 23 14
40 24 34
40 25 10
40 26 23
40 27 32
40 29 17
40 30 27
40 31 3
40 32 29
40 36 25
40 39 38
41 0 1
41 3 22
41 5 30
41 7 9
41 8 13
41 9 13
41 10 4
41 11 25
41 12 13
41 13 22
41 14 33
41 17 40
41 18 22
41 19 40
41 21 26
41 22 12
41 23 15
41 25 25
41 26 23
41 27 9
41 29 4
41 30 7
41 32 29
41 34 37
41 36 11
41 37 24
41 39 3
41 40 11
42 2 30
42 3 20
42 5 31
42 6 9
42 7 31
42 8 33
42 10 1
42 12 26
42 13 30
42 14 5
42 15 15
42 16 37
42 17 8
42 18 6
42 20 19
42 21 37
42 22 13
42 23 19
42 25 15
42 26 22
42 28 14
42 29 5
42 31 10
42 33 9
42 34 21
42 36 20
42 37 2
42 41 28
43 3 35
43 4 35
43 5 26
43 6 14
43 7 35
43 9 6
43 10 15
43 11 27
43 12 12
43 15 24
43 16 30
43 17 32
43 19 11
43 20 21
43 22 35
43 24 31
43 26 29
43 27 37
43 28 19
43 29 8
43 30 14
43 33 3
43 36 20
43 37 34
43 38 23
43 40 2
43 41 7
44 1 1
44 5 24
44 8 15
44 10 16
44 11 6
44 13 3
44 16 7
44 17 24
44 18 10
44 20 15
44 22 26
44 23 24
44 24 27
44 25 38
44 28 17
44 30 22
44 31 30
44 33 30
44 36 30
44 37 34
44 38 28
44 39 7
44 41 27
44 42 8
44 43 39
45 0 14
45 1 17
45 4 19
45 5 39
45 6 6
45 7 39
45 8 13
45 11 28
45 15 28
45 19 39
45 21 34
45 24 34
45 26 1
45 27 27
45 28 38
45 29 23
45 31 6
45 32 40
45 37 3
45 38 8
45 41 6
45 43 13
45 44 36
46 0 29
46 1 26
46 3 26
46 4 37
46 5 31
46 6 35
46 7 13
46 9 28
46 10 13
46 13 16
46 15 10
46 18 1
46 20 2
46 21 9
46 22 27
46 23 35
46 24 16
46 27 5
46 33 8
46 36 24
46 37 20
46 39 6
46 40 18
46 41 38
46 42 38
46 43 14
46 44 33
46 45 18
47 0 26
47 2 25
47 3 18
47 4 35
47 7 33
47 10 12
47 11 21
47 15 1
47 16 26
47 17 26
47 18 23
47 21 20
47 22 26
47 24 1
47 25 18
47 26 1
47 27 35
47 29 22
47 30 40
47 32 18
47 33 2
47 34 38
47 35 16
47 37 33
47 39 26
47 40 32
47 41 33
47 42 30
47 43 38
47 44 29
47 46 38
48 1 10
48 3 37
48 5 33
48 6 15
48 9 15
48 10 34
48 12 19
48 14 37
48 15 23
48 22 30
48 23 20
48 24 3
48 27 36
48 29 8
48 30 40
48 31 20
48 35 1
48 36 2
48 38 4
48 39 26
48 40 9
48 42 29
48 44 40
49 2 23
49 3 4
49 5 33
49 8 3
49 9 20
49 12 10
49 13 8
49 15 6
49 16 5
49 17 29
49 18 8
49 21 11
49 22 20
49 24 17
49 25 29
49 26 24
49 27 40
49 28 3
49 29 22
49 31 20
49 33 15
49 35 7
49 36 39
49 38 30
49 40 21
49 42 36
49 43 19
49 44 18
49 45 5
49 46 37
49 47 33
49 48 27
50 0 5
50 3 14
50 5 19
50 6 24
50 8 5
50 9 8
50 10 16
50 12 6
50 13 24
50 14 19
50 20 30
50 21 35
50 23 5
50 24 35
50 26 37
50 29 9
50 32 36
50 34 26
50 35 23
50 36 5
50 37 4
50 39 8
50 40 7
50 41 19
50 44 9
50 46 38
50 47 17
50 49 24
51 0 35
51 1 1
51 3 27
51 6 27
51 7 35
51 8 26
51 9 13
51 10 17
51 12 34
51 16 10
51 17 30
51 19 31
51 21 9
51 22 34
51 23 1
51 26 34
51 27 31
51 28 28
51 30 20
51 31 8
51 32 20
51 33 28
51 34 4
51 35 34
51 36 40
51 37 14
51 38 35
51 42 20
51 44 12
51 45 23
51 48 11
51 49 13
51 50 3
52 0 39
52 1 31
52 2 31
52 3 37
52 5 35
52 7 6
52 9 33
52 11 40
52 13 25
52 15 5
52 16 13
52 17 34
52 18 20
52 20 8
52 21 25
52 22 23
52 23 11
52 24 3
52 26 37
52 28 4
52 29 21
52 30 14
52 31 24
52 32 1
52 33 26
52 34 39
52 39 23
52 40 15
52 41 13
52 42 35
52 44 37
52 47 8
52 50 1
53 1 33
53 2 1
53 7 23
53 9 40
53 10 39
53 11 32
53 14 34
53 17 30
53 18 13
53 19 13
53 20 33
53 21 1
53 22 27
53 23 9
53 24 16
53 25 35
53 26 22
53 27 13
53 28 25
53 29 29
53 33 9
53 34 32
53 36 28
53 37 25
53 38 22
53 40 2
53 42 4
53 45 2
53 46 31
53 47 24
53 48 11
53 49 4
53 50 35
53 52 35
54 0 21
54 1 17
54 2 9
54 4 27
54 5 29
54 7 35
54 10 24
54 13 8
54 14 12
54 15 6
54 16 21
54 18 31
54 19 24
54 22 34
54 25 27
54 26 24
54 27 9
54 28 2
54 29 11
54 30 3
54 33 34
54 34 33
54 35 30
54 37 7
54 40 6
54 41 25
54 42 23
54 43 1
54 44 6
54 45 25
54 46 33
54 49 21
54 52 22
54 53 20
55 0 22
55 1 15
55 2 19
55 5 34
55 6 26
55 7 29
55 9 20
55 10 11
55 11 2
55 12 37
55 13 21
55 14 16
55 15 10
55 16 2
55 18 12
55 20 23
55 21 26
55 22 24
55 23 26
55 25 37
55 26 17
55 27 32
55 29 34
55 30 40
55 33 22
55 35 36
55 38 4
55 40 15
55 44 32
55 46 6
55 47 35
55 48 19
55 50 13
55 51 39
56 0 23
56 1 37
56 2 11
56 3 27
56 4 40
56 7 7
56 9 14
56 13 31
56 14 20
56 18 22
56 19 19
56 24 7
56 26 40
56 27 37
56 29 5
56 30 33
56 31 5
56 34 38
56 39 25
56 40 25
56 42 30
56 44 38
56 45 4
56 49 39
56 51 13
56 52 28
57 0 19
57 2 16
57 3 15
57 4 21
57 5 17
57 6 6
57 7 33
57 8 13
57 9 32
57 10 19
57 11 34
57 12 34
57 13 27
57 14 32
57 15 12
57 17 11
57 18 36
57 19 3
57 22 37
57 24 5
57 25 24
57 26 9
57 27 6
57 30 12
57 32 16
57 43 21
57 44 26
57 45 2
57 48 1
57 49 13
57 51 34
57 54 31
57 55 27
58 0 37
58 5 21
58 6 36
58 7 33
58 8 15
58 9 10
58 10 1
58 12 11
58 13 24
58 17 10
58 18 19
58 19 7
58 22 23
58 23 8
58 26 25
58 30 21
58 33 14
58 34 7
58 35 9
58 36 11
58 37 2
58 39 10
58 40 34
58 42 19
58 43 30
58 44 3
58 47 25
58 51 27
58 56 30
59 1 18
59 2 17
59 3 40
59 4 37
59 5 4
59 6 2
59 7 22
59 8 3
59 9 24
59 10 25
59 11 3
59 12 6
59 14 5
59 15 15
59 16 20
59 17 37
59 18 11
59 19 18
59 20 35
59 21 28
59 23 29
59 24 31
59 25 29
59 26 31
59 27 36
59 28 15
59 29 18
59 30 5
59 31 16
59 32 31
59 33 20
59 35 24
59 36 24
59 37 21
59 38 36
59 41 17
59 42 17
59 43 25
59 45 13
59 46 11
59 47 10
59 48 11
59 50 32
59 51 28
59 52 33
59 55 10
59 56 36
59 57 12
59 58 7
60 0 25
60 1 10
60 3 32
60 4 34
60 5 9
60 11 1
60 14 19
60 15 27
60 17 16
60 18 3
60 19 33
60 21 28
60 22 40
60 23 5
60 26 38
60 27 30
60 29 18
60 30 9
60 32 18
60 34 12
60 36 36
60 37 8
60 39 19
60 40 10
60 45 32
60 47 27
60 48 29
60 49 13
60 51 26
60 52 18
60 53 2
60 54 25
60 55 30
60 56 6
60 57 21
60 58 31
60 59 32
61 0 35
61 1 17
61 4 30
61 5 10
61 7 31
61 11 19
61 12 39
61 13 13
61 14 5
61 15 15
61 16 15
61 18 11
61 20 13
61 21 18
61 22 28
61 24 14
61 26 30
61 27 5
61 30 18
61 31 20
61 32 37
61 36 22
61 38 30
61 39 29
61 42 17
61 43 40
61 45 18
61 46 6
61 48 25
61 50 6
61 54 31
61 58 39
61 59 9
61 60 27
62 1 24
62 2 17
62 4 26
62 6 29
62 7 6
62 12 31
62 14 3
62 17 30
62 20 14
62 21 9
62 22 24
62 24 29
62 28 22
62 30 5
62 31 31
62 32 24
62 34 23
62 35 18
62 36 16
62 37 16
62 38 2
62 41 10
62 44 24
62 46 23
62 47 13
62 50 40
62 52 15
62 53 26
62 54 9
62 57 2
62 58 25
62 60 22
62 61 16
63 1 5
63 2 27
63 3 34
63 7 20
63 9 26
63 10 31
63 14 6
63 15 9
63 16 22
63 18 38
63 20 39
63 21 6
63 22 32
63 25 13
63 28 25
63 30 25
63 31 26
63 32 1
63 33 28
63 34 19
63 35 34
63 36 29
63 37 8
63 41 2
63 42 21
63 46 3
63 48 17
63 49 4
63 51 21
63 52 40
63 54 25
63 56 26
63 57 11
63 59 38
64 1 22
64 2 13
64 4 2
64 5 34
64 7 3
64 11 32
64 12 20
64 14 6
64 16 34
64 17 12
64 19 8
64 20 31
64 21 37
64 22 20
64 24 11
64 26 7
64 27 40
64 28 31
64 30 14
64 31 37
64 32 16
64 33 7
64 34 25
64 36 40
64 37 39
64 38 2
64 41 20
64 43 35
64 45 13
64 46 33
64 48 6
64 50 13
64 51 21
64 53 12
64 54 10
64 57 14
64 58 7
64 59 37
64 60 29
64 61 28
64 62 1
64 63 20
65 0 18
65 3 6
65 5 8
65 6 20
65 8 28
65 9 31
65 10 14
65 12 19
65 13 11
65 14 19
65 15 26
65 17 11
65 18 18
65 19 32
65 21 29
65 22 16
65 23 38
65 25 23
65 26 28
65 32 12
65 33 39
65 37 1
65 39 8
65 40 35
65 42 29
65 44 17
65 45 5
65 49 36
65 50 36
65 51 27
65 52 33
65 57 7
65 58 31
65 59 2
65 60 8
65 61 28
65 63 35
66 0 6
66 1 12
66 2 20
66 4 17
66 5 9
66 6 6
66 8 9
66 9 3
66 12 35
66 14 36
66 15 4
66 16 4
66 17 15
66 18 7
66 19 30
66 20 6
66 21 11
66 23 17
66 25 15
66 26 22
66 27 4
66 28 4
66 29 2
66 30 26
66 31 17
66 33 8
66 34 28
66 35 19
66 36 12
66 37 17
66 38 31
66 39 5
66 40 39
66 41 1
66 42 22
66 46 19
66 47 36
66 48 22
66 49 24
66 51 20
66 52 7
66 54 22
66 55 33
66 56 14
66 58 12
66 60 10
66 65 9
67 0 5
67 1 34
67 2 36
67 4 15
67 6 21
67 7 15
67 9 17
67 10 31
67 12 1
67 14 34
67 15 10
67 16 24
67 17 3
67 19 23
67 23 5
67 24 39
67 25 4
67 27 35
67 28 15
67 30 8
67 35 15
67 37 6
67 39 9
67 41 36
67 43 1
67 45 8
67 46 39
67 47 8
67 48 16
67 52 16
67 53 10
67 54 23
67 55 30
67 56 9
67 57 35
67 58 19
67 61 12
67 62 27
67 65 1
67 66 29
68 1 19
68 2 28
68 3 37
68 4 13
68 8 39
68 9 30
68 10 38
68 11 19
68 12 12
68 14 5
68 15 23
68 17 18
68 19 24
68 20 20
68 22 16
68 23 17
68 24 12
68 29 37
68 30 17
68 31 14
68 32 27
68 33 20
68 34 27
68 35 40
68 37 3
68 38 36
68 39 17
68 42 20
68 44 22
68 46 14
68 47 28
68 49 8
68 51 8
68 52 30
68 54 7
68 56 13
68 57 39
68 58 27
68 59 29
68 60 29
68 61 38
68 63 28
68 65 14
68 66 24
69 2 35
69 3 31
69 4 3
69 5 29
69 6 37
69 8 14
69 10 4
69 12 4
69 14 17
69 15 11
69 17 32
69 19 32
69 20 13
69 21 10
69 22 8
69 23 26
69 24 1
69 31 16
69 32 4
69 33 19
69 34 21
69 35 37
69 41 40
69 43 21
69 47 6
69 49 5
69 52 3
69 61 19
69 63 12
69 64 12
69 65 33
69 67 37
69 68 12
