60
2 1 38
5 3 35
6 2 5
6 3 47
6 4 43
8 0 77
8 2 7
8 3 9
9 2 55
9 3 78
9 6 55
10 4 7
11 1 49
11 2 66
11 3 14
11 4 47
11 10 24
12 5 11
12 6 77
12 9 44
13 4 37
13 5 9
14 0 1
14 1 25
14 2 76
14 5 18
14 6 41
14 9 28
15 0 80
15 1 11
15 3 63
15 6 36
15 10 75
15 12 79
16 0 36
16 4 69
16 14 62
17 2 39
17 13 53
17 14 70
17 16 62
18 2 11
18 7 13
18 8 13
18 15 64
18 16 53
18 17 35
19 0 58
19 2 46
19 12 48
20 0 59
20 1 33
20 6 66
20 8 63
20 10 49
20 14 57
21 0 21
21 4 28
21 5 70
21 7 6
21 14 16
21 19 17
22 1 6
22 5 36
22 7 40
22 9 53
22 13 55
22 18 54
22 20 15
22 21 1
23 1 55
23 6 55
24 13 77
24 18 69
24 20 60
25 6 9
25 11 61
25 12 65
26 8 28
26 13 52
26 17 69
26 23 63
27 1 18
27 8 72
27 10 34
27 12 61
27 16 1
27 17 5
27 21 32
28 0 29
28 4 5
28 5 27
28 7 68
29 14 51
29 15 22
29 21 11
29 26 1
29 27 65
30 6 9
30 11 42
30 15 54
30 20 39
31 0 25
31 1 37
31 2 71
31 5 10
31 9 50
31 27 36
31 28 71
32 0 27
32 2 7
32 20 79
32 27 14
32 28 7
32 31 25
33 0 56
33 5 3
33 7 37
33 9 19
33 11 7
33 13 75
33 15 49
33 19 23
33 21 9
33 27 66
33 30 39
34 13 40
34 20 5
34 21 29
34 25 35
34 26 18
34 29 3
34 30 68
34 31 22
35 1 44
35 5 43
35 7 37
35 12 64
35 14 27
35 18 30
35 21 61
35 26 80
35 29 35
35 31 64
36 4 7
36 7 32
36 11 46
36 14 7
36 17 62
36 22 49
36 23 1
36 25 43
36 26 3
37 12 18
37 19 54
37 28 59
37 30 53
38 0 32
38 14 26
38 15 37
38 16 66
38 22 30
38 25 9
38 37 18
39 4 7
39 5 70
39 6 56
39 12 49
39 13 7
39 25 56
39 28 50
39 32 33
39 35 76
39 38 15
40 10 46
40 11 69
40 16 15
40 23 68
40 25 27
40 28 45
40 33 57
40 34 7
40 36 8
41 1 38
41 14 1
41 17 50
41 21 19
41 29 35
41 38 21
42 4 57
42 7 20
42 10 59
42 17 16
42 20 34
42 27 37
42 28 56
42 32 70
42 35 15
42 36 60
43 2 79
43 7 54
43 11 76
43 18 28
43 19 55
43 21 68
44 3 73
44 8 10
44 9 53
44 17 46
44 24 4
44 28 61
44 29 19
44 33 62
44 34 72
44 36 31
44 43 19
45 7 48
45 29 36
45 30 14
45 38 59
45 42 28
46 5 13
46 18 78
46 27 36
46 37 65
46 38 10
46 39 9
46 45 74
47 3 50
47 4 12
47 13 20
47 18 63
47 22 75
47 24 42
47 32 43
47 37 72
47 40 5
47 44 5
48 2 44
48 5 2
48 6 52
48 7 48
48 12 58
48 14 65
48 15 78
48 17 12
48 19 31
48 24 72
48 27 12
48 30 35
48 39 70
48 41 3
48 45 34
49 2 20
49 5 59
49 18 61
49 23 57
49 24 41
49 29 9
49 32 77
49 36 26
49 37 56
49 38 71
49 41 46
49 44 58
49 46 25
49 48 7
50 3 2
50 5 26
50 11 44
50 13 40
50 16 50
50 19 42
50 25 79
50 27 67
50 36 42
50 41 50
50 42 60
51 5 53
51 15 4
51 19 58
51 20 1
51 24 44
51 29 72
51 36 64
51 41 69
51 48 75
51 50 3
52 33 28
52 40 71
52 43 54
52 44 16
52 51 64
53 3 5
53 7 39
53 9 69
53 18 37
53 22 17
53 34 68
53 35 18
53 39 22
54 7 20
54 13 41
54 19 22
54 26 7
54 29 79
54 38 39
54 43 11
54 48 62
54 51 41
54 52 62
55 2 57
55 3 5
55 6 6
55 11 52
55 13 56
55 17 53
55 18 58
55 20 8
55 23 35
55 25 74
55 27 52
55 48 57
55 53 19
56 10 72
56 11 10
56 16 50
56 17 43
56 21 32
56 23 66
56 28 1
56 34 53
56 40 47
56 43 3
56 45 37
56 48 51
56 52 14
56 55 60
57 0 62
57 1 25
57 4 57
57 9 67
57 19 23
57 21 13
57 25 26
57 31 26
57 39 30
57 43 30
57 47 59
57 53 10
58 6 57
58 11 58
58 14 25
58 21 4
58 35 70
58 37 20
58 55 27
59 1 76
59 2 71
59 22 79
59 24 55
59 25 15
59 27 80
59 30 49
59 31 29
59 41 34
59 42 78
59 49 49
59 57 53
59 58 35
