70
3 0 60
4 1 147
4 2 74
5 0 85
5 2 133
5 3 224
5 4 32
6 5 217
7 0 110
7 5 49
7 6 30
8 0 303
8 3 252
9 0 171
9 3 236
9 5 194
9 6 298
9 7 243
10 9 250
11 1 175
11 4 261
11 8 191
12 4 243
12 6 59
12 7 179
12 11 84
13 2 33
13 12 293
14 4 168
14 6 131
14 11 205
14 12 49
15 0 210
15 1 130
15 2 60
15 4 12
15 7 275
15 13 80
15 14 21
16 0 122
16 4 86
16 5 231
16 9 51
16 10 52
16 13 92
16 14 104
17 5 182
17 9 74
17 10 228
17 12 5
18 4 11
18 6 218
18 7 70
18 10 211
18 16 108
19 4 150
19 6 277
19 9 108
19 10 288
19 11 287
19 17 121
20 3 48
20 4 120
20 5 26
20 7 320
20 10 82
20 12 108
20 13 56
20 16 297
20 17 305
21 0 203
21 1 234
21 6 117
21 7 107
21 9 317
21 10 254
21 14 152
21 16 137
22 0 309
22 4 246
22 5 291
22 8 317
22 10 16
22 13 11
22 19 294
22 20 149
23 4 299
23 6 257
23 10 314
23 14 60
23 15 1
23 22 151
24 2 307
24 3 277
24 8 64
24 9 184
24 18 214
24 19 14
24 21 245
25 0 83
25 2 164
25 3 112
25 9 62
25 14 100
25 17 179
25 23 211
26 4 145
26 5 11
26 10 6
26 11 34
26 12 303
26 15 263
26 16 52
26 17 223
26 20 26
26 21 203
26 24 59
27 1 217
27 8 133
27 12 93
27 13 181
27 14 10
27 16 84
27 17 242
27 20 142
27 25 308
28 1 144
28 5 168
28 6 279
28 9 289
28 11 113
28 12 112
28 14 167
28 15 243
28 16 86
28 17 179
28 18 71
28 21 72
28 23 274
28 26 103
29 2 133
29 3 295
29 6 112
29 15 125
29 17 132
29 23 233
29 25 34
29 28 296
30 2 123
30 13 241
30 16 5
30 21 83
30 24 59
30 27 11
31 2 274
31 5 249
31 6 293
31 7 77
31 8 78
31 11 81
31 13 259
31 17 76
31 20 153
31 22 28
31 23 274
32 1 202
32 2 269
32 3 151
32 4 53
32 7 171
32 11 299
32 18 317
32 20 111
32 30 204
33 3 94
33 13 293
33 17 263
33 22 272
33 28 93
34 4 132
34 6 241
34 7 316
34 9 200
34 14 124
34 23 15
34 33 14
35 3 215
35 4 147
35 6 144
35 10 131
35 12 127
35 14 247
35 15 139
35 21 36
35 30 37
35 34 22
36 0 129
36 2 76
36 6 307
36 11 201
36 14 178
36 19 316
36 20 107
36 21 12
36 26 242
36 29 12
36 30 120
36 31 77
36 32 1
36 33 206
36 34 251
37 0 3
37 2 231
37 3 73
37 6 290
37 9 107
37 10 272
37 18 22
37 19 68
37 26 295
37 30 125
37 32 199
37 33 148
38 4 75
38 6 204
38 10 298
38 17 41
38 18 118
38 20 195
38 23 286
38 29 107
38 32 234
38 34 201
38 36 134
38 37 157
39 1 313
39 3 90
39 5 283
39 8 62
39 12 255
39 13 168
39 21 229
39 23 109
39 28 245
39 37 156
40 2 112
40 3 12
40 7 110
40 18 226
40 27 241
40 35 38
40 39 200
41 0 271
41 4 91
41 9 88
41 12 1
41 14 177
41 21 78
41 27 181
41 28 195
41 31 186
42 0 229
42 4 310
42 5 142
42 8 170
42 9 110
42 12 183
42 24 172
42 25 65
42 30 108
42 35 65
43 2 98
43 5 208
43 6 182
43 8 215
43 10 89
43 12 218
43 13 106
43 15 270
43 20 159
43 21 49
43 23 257
43 28 201
43 29 88
43 31 181
43 37 101
43 39 113
43 40 86
44 0 48
44 7 262
44 15 27
44 17 113
44 21 248
44 23 143
44 25 301
44 29 285
44 30 108
44 32 60
44 34 207
44 37 103
44 41 38
44 42 310
45 0 95
45 2 156
45 4 94
45 6 69
45 8 280
45 9 196
45 11 257
45 15 187
45 17 307
45 21 172
45 23 174
45 24 202
45 32 121
45 33 50
45 34 49
45 39 219
46 5 102
46 8 185
46 10 18
46 11 132
46 12 85
46 16 99
46 17 56
46 19 211
46 22 224
46 24 105
46 26 194
46 27 308
46 35 16
46 37 13
46 38 173
46 40 263
46 44 22
47 0 129
47 1 183
47 6 125
47 11 166
47 12 81
47 15 96
47 20 119
47 23 67
47 25 26
47 29 95
47 30 227
47 32 212
47 35 222
47 36 272
47 40 121
48 2 259
48 4 79
48 8 175
48 9 3
48 14 188
48 23 263
48 28 38
48 29 319
48 30 276
48 31 250
48 35 67
48 38 19
48 39 204
48 41 183
48 42 22
48 45 189
48 47 317
49 0 284
49 1 87
49 8 242
49 10 261
49 11 112
49 16 114
49 17 132
49 30 195
49 32 32
49 35 293
49 36 179
49 38 259
49 41 159
49 42 226
49 44 122
49 46 296
49 47 270
50 1 126
50 5 302
50 6 7
50 7 229
50 9 156
50 13 179
50 17 101
50 22 259
50 25 225
50 26 30
50 34 30
50 36 101
50 38 60
50 39 150
50 44 168
50 45 175
50 49 221
51 4 319
51 6 129
51 8 79
51 15 157
51 27 314
51 33 270
51 36 18
51 37 79
51 43 13
51 44 141
51 46 134
51 47 108
51 50 34
52 2 312
52 5 69
52 7 248
52 11 4
52 13 158
52 16 13
52 17 210
52 19 157
52 21 136
52 23 73
52 24 274
52 29 275
52 31 2
52 38 92
52 42 219
52 44 84
52 45 220
52 46 29
52 48 4
53 3 96
53 8 252
53 10 74
53 13 225
53 14 20
53 17 110
53 18 266
53 19 135
53 20 224
53 26 312
53 29 184
53 30 69
53 31 317
53 32 184
53 35 89
53 39 146
53 41 227
53 45 251
53 46 242
53 47 119
53 49 182
53 50 36
53 52 245
54 2 84
54 3 290
54 4 261
54 11 249
54 14 245
54 17 91
54 21 76
54 23 119
54 24 58
54 30 313
54 31 152
54 34 104
54 36 215
54 42 246
54 44 85
54 46 141
54 49 156
54 50 6
54 52 286
54 53 197
55 2 237
55 4 319
55 11 62
55 17 3
55 20 233
55 21 198
55 28 308
55 29 24
55 31 145
55 32 132
55 37 270
55 39 123
55 41 111
55 42 290
55 45 61
55 48 196
55 50 3
56 5 295
56 19 305
56 24 287
56 27 108
56 30 29
56 31 314
56 32 145
56 33 76
56 40 215
56 45 1
56 53 81
56 55 258
57 1 302
57 2 233
57 7 26
57 8 116
57 12 7
57 15 65
57 16 45
57 18 76
57 19 47
57 23 17
57 25 238
57 26 246
57 28 286
57 30 267
57 31 197
57 34 127
57 36 318
57 39 281
57 43 174
57 44 182
57 45 23
57 48 65
57 50 219
57 54 274
57 55 204
58 1 87
58 4 255
58 7 6
58 17 140
58 18 250
58 21 224
58 40 67
58 51 217
58 54 75
59 1 127
59 4 36
59 7 39
59 8 274
59 10 45
59 13 76
59 18 60
59 22 49
59 23 44
59 26 203
59 28 275
59 29 154
59 34 140
59 38 317
59 40 9
59 48 189
59 50 243
59 51 261
59 55 86
59 56 35
60 2 1
60 9 250
60 10 10
60 12 46
60 13 19
60 14 258
60 17 197
60 26 147
60 30 187
60 31 249
60 34 211
60 43 195
60 48 48
60 50 244
60 51 110
60 53 179
60 54 229
60 55 133
61 10 220
61 12 310
61 14 142
61 17 6
61 19 251
61 20 207
61 21 260
61 23 34
61 24 293
61 28 71
61 30 261
61 31 2
61 32 289
61 35 219
61 36 127
61 39 43
61 40 247
61 42 222
61 48 34
61 49 171
61 54 130
62 3 248
62 4 229
62 5 269
62 6 53
62 8 80
62 21 305
62 22 272
62 25 140
62 27 76
62 35 76
62 36 254
62 37 89
62 40 137
62 42 19
62 44 37
62 58 94
62 60 120
63 1 169
63 3 177
63 5 293
63 8 133
63 13 32
63 17 219
63 18 320
63 21 249
63 23 203
63 27 194
63 30 287
63 31 191
63 34 261
63 38 102
63 44 218
63 48 155
63 53 222
63 55 269
63 56 166
64 5 250
64 7 19
64 8 89
64 9 175
64 13 212
64 14 187
64 19 151
64 23 187
64 25 162
64 26 295
64 29 259
64 32 171
64 33 50
64 34 178
64 37 260
64 39 81
64 40 106
64 43 199
64 47 207
64 49 224
64 55 200
64 58 56
65 0 296
65 8 314
65 12 27
65 20 278
65 22 242
65 26 280
65 27 249
65 30 65
65 31 22
65 32 287
65 33 152
65 34 190
65 37 299
65 38 105
65 41 90
65 42 260
65 44 261
65 49 88
65 50 18
65 52 269
65 55 107
65 57 186
65 58 270
65 60 129
65 61 287
65 62 39
65 63 147
65 64 172
66 1 24
66 3 276
66 9 303
66 14 253
66 15 279
66 17 294
66 18 87
66 20 301
66 23 111
66 25 279
66 49 41
66 52 125
66 58 248
66 63 150
67 3 182
67 8 145
67 9 296
67 12 80
67 13 304
67 30 313
67 31 176
67 32 161
67 36 314
67 43 100
67 45 116
67 47 26
67 48 85
67 50 143
67 52 244
67 55 115
67 57 287
67 59 284
67 61 209
67 62 117
68 0 85
68 1 163
68 2 44
68 3 146
68 5 149
68 8 146
68 12 248
68 13 234
68 19 317
68 20 234
68 21 3
68 22 200
68 24 267
68 25 186
68 29 65
68 32 139
68 35 100
68 37 94
68 38 66
68 40 107
68 44 241
68 47 117
68 51 228
68 52 265
68 53 204
68 59 228
68 60 317
68 62 174
68 67 217
69 3 76
69 4 262
69 5 87
69 7 279
69 19 247
69 23 21
69 24 66
69 30 302
69 32 261
69 33 68
69 35 319
69 36 7
69 38 70
69 55 119
69 57 187
69 58 149
69 63 307
69 65 173
