50
3 0 29
4 0 40
4 1 23
4 2 22
5 3 8
6 1 11
6 3 22
6 4 24
7 1 34
7 4 14
7 6 31
8 1 33
8 5 19
8 6 35
9 3 30
9 8 6
10 2 4
10 5 1
10 6 22
10 9 6
11 3 37
11 5 6
13 1 20
13 5 20
13 7 20
13 11 31
14 0 33
14 13 36
15 2 20
15 3 34
15 6 31
15 14 28
16 0 9
16 5 23
16 10 28
16 14 36
17 6 32
17 11 23
18 0 3
18 10 32
18 17 5
19 1 1
19 2 15
19 3 9
19 14 10
19 17 11
20 0 23
20 3 13
20 9 23
20 13 8
20 14 16
20 15 27
20 17 13
21 5 24
21 9 3
21 15 39
21 16 16
22 0 19
22 1 29
22 3 7
22 9 11
22 11 1
22 13 27
22 18 21
22 21 19
23 2 28
23 13 14
23 16 31
23 17 17
24 2 31
24 8 38
25 1 3
25 9 20
25 11 23
25 12 2
25 14 34
25 17 16
26 4 23
26 16 25
26 17 32
26 22 5
27 0 25
27 5 7
27 16 10
27 24 39
28 13 37
29 5 32
29 10 40
29 11 32
29 15 16
29 27 38
29 28 26
30 2 10
30 3 10
30 5 2
30 7 28
30 16 14
30 19 8
30 22 40
30 24 38
31 5 10
31 6 27
31 16 34
31 17 30
31 18 33
32 4 24
32 7 31
32 9 25
32 10 17
32 22 2
32 23 13
32 26 30
32 27 38
32 30 26
33 4 5
33 8 13
33 15 10
33 17 27
33 23 26
33 25 32
34 0 7
34 3 39
34 5 12
34 17 8
34 26 22
35 2 10
35 26 27
35 27 17
35 34 3
36 2 21
36 8 16
36 15 24
36 18 38
36 21 25
36 23 11
37 5 40
37 11 30
37 18 39
37 25 23
37 29 19
37 31 27
38 1 16
38 8 13
38 9 3
38 11 2
38 12 29
38 13 13
38 15 3
38 21 27
38 27 31
38 30 16
39 5 12
39 7 35
39 15 21
39 16 22
39 19 13
39 24 11
39 32 19
40 0 35
40 9 14
40 13 30
40 14 4
40 17 9
40 20 15
40 21 4
40 34 21
40 36 35
41 0 33
41 4 32
41 7 19
41 21 2
41 22 38
41 25 2
41 30 7
41 34 27
42 5 32
42 9 16
42 21 15
42 25 34
42 26 38
42 29 29
42 30 12
42 31 9
42 33 32
42 34 2
42 38 14
43 3 13
43 4 18
43 5 10
43 7 19
43 9 26
43 18 13
43 22 40
43 31 3
44 5 5
44 7 7
44 14 36
44 15 6
44 16 22
44 27 35
44 35 23
44 37 23
44 41 36
44 43 16
45 10 5
46 1 3
46 9 40
46 10 22
46 17 3
46 21 33
46 23 40
46 27 25
46 29 2
46 43 15
47 0 15
47 13 24
47 14 12
47 16 12
47 21 25
47 28 5
47 30 35
47 34 9
47 40 29
47 42 22
47 46 29
48 18 28
48 19 26
48 27 28
48 36 23
49 5 26
49 8 39
49 13 33
49 28 11
49 32 1
49 35 14
49 40 1
49 43 6
