70
1 0 169
2 1 145
3 0 295
3 1 236
4 2 13
5 0 55
5 3 139
6 0 80
6 2 6
6 3 66
7 0 267
7 3 123
7 4 170
7 6 250
8 1 160
8 3 45
8 4 185
8 6 262
8 7 19
9 1 128
9 3 41
9 4 79
9 8 159
10 1 239
10 2 290
10 4 163
10 5 91
10 7 67
10 8 155
10 9 259
11 0 240
11 1 197
11 2 272
11 3 275
11 7 74
11 8 285
11 10 212
12 0 87
12 1 291
12 2 257
12 3 37
12 4 58
12 6 293
13 0 82
13 1 104
13 2 225
13 4 231
13 5 176
13 9 49
13 10 24
13 12 289
14 2 202
14 3 265
14 5 286
14 6 223
14 7 239
14 8 9
14 9 110
14 10 24
14 11 94
15 0 150
15 1 261
15 4 319
15 7 243
15 9 24
15 11 8
15 13 243
15 14 175
16 0 40
16 2 80
16 3 209
16 6 236
16 7 200
16 10 68
16 11 71
16 13 31
16 15 38
17 1 279
17 2 8
17 3 271
17 4 19
17 5 5
17 8 11
17 10 262
17 12 200
17 13 303
18 0 150
18 2 81
18 3 210
18 6 205
18 9 74
18 10 85
18 11 76
18 12 58
18 14 34
19 0 267
19 1 319
19 5 89
19 8 109
19 11 128
19 12 41
19 13 184
19 16 282
19 17 222
20 3 244
20 4 105
20 6 237
20 8 91
20 9 149
20 10 88
20 13 42
20 14 170
20 15 214
21 0 112
21 1 106
21 3 180
21 5 44
21 6 163
21 7 193
21 13 140
21 14 182
21 17 319
21 18 273
21 20 307
22 0 303
22 3 134
22 6 299
22 8 101
22 11 212
22 12 200
22 14 71
22 15 255
22 16 157
22 19 136
23 0 103
23 1 28
23 6 253
23 7 9
23 13 230
23 14 193
23 16 214
23 17 194
23 19 58
24 0 22
24 4 61
24 7 72
24 13 18
24 17 194
24 18 230
24 20 55
24 21 51
24 22 8
24 23 51
25 0 31
25 1 160
25 6 187
25 7 241
25 9 142
25 12 96
25 14 311
25 15 158
25 18 128
25 19 101
25 22 63
25 23 8
25 24 134
26 0 160
26 1 159
26 5 224
26 7 231
26 8 301
26 9 28
26 11 186
26 13 186
26 14 110
26 17 16
26 20 252
26 21 11
27 0 319
27 1 21
27 2 2
27 4 1
27 7 121
27 9 262
27 10 27
27 13 56
27 15 198
27 17 147
27 22 230
27 23 211
27 24 275
27 25 254
27 26 244
28 0 202
28 1 168
28 4 92
28 6 130
28 13 170
28 14 268
28 15 268
28 17 242
28 19 146
28 20 293
28 22 64
28 23 275
28 24 120
28 25 49
29 2 80
29 6 124
29 14 134
29 15 169
29 16 219
29 18 175
29 23 47
29 24 280
30 4 161
30 8 195
30 10 223
30 13 237
30 15 45
30 17 53
30 18 77
30 19 187
30 22 65
30 23 52
30 24 221
30 26 178
30 27 80
30 29 272
31 2 6
31 3 85
31 11 219
31 12 1
31 15 225
31 18 197
31 19 50
31 20 1
31 21 272
31 22 265
31 23 50
31 27 162
31 28 35
31 29 267
31 30 143
32 1 11
32 2 73
32 7 268
32 12 134
32 14 246
32 15 57
32 18 266
32 21 56
32 23 177
32 24 212
32 25 79
32 26 66
32 28 23
32 29 290
32 30 58
32 31 158
33 2 55
33 4 300
33 6 37
33 7 5
33 8 89
33 9 25
33 11 147
33 13 236
33 16 122
33 18 192
33 19 169
33 20 78
33 22 98
33 23 213
33 27 134
33 28 192
33 29 284
33 32 290
34 1 215
34 2 251
34 3 56
34 4 120
34 5 255
34 8 20
34 9 261
34 11 236
34 14 279
34 17 73
34 19 296
34 21 274
34 22 308
34 24 13
34 26 6
34 30 312
34 33 110
35 2 66
35 4 95
35 5 83
35 6 117
35 7 77
35 9 92
35 10 205
35 11 268
35 12 26
35 13 229
35 16 62
35 17 287
35 21 2
35 27 12
35 28 78
35 30 4
35 31 106
35 32 231
35 33 134
35 34 247
36 2 107
36 4 11
36 8 283
36 11 130
36 12 177
36 16 253
36 18 227
36 20 214
36 24 77
36 26 316
36 27 60
36 30 278
36 31 287
36 32 47
36 33 144
36 35 213
37 0 147
37 1 250
37 3 297
37 11 47
37 15 149
37 18 316
37 19 129
37 20 48
37 26 40
37 29 149
37 30 272
37 33 201
37 35 55
37 36 246
38 1 146
38 5 236
38 6 319
38 7 229
38 8 168
38 10 159
38 11 123
38 13 203
38 14 271
38 15 250
38 16 154
38 18 303
38 19 49
38 20 59
38 21 205
38 22 247
38 25 283
38 27 94
38 29 137
38 30 114
38 36 61
38 37 103
39 1 154
39 2 110
39 3 32
39 6 119
39 7 157
39 11 23
39 12 320
39 13 273
39 14 301
39 17 219
39 20 281
39 21 154
39 24 143
39 27 12
39 28 122
39 29 52
39 30 240
39 33 61
39 34 56
39 37 119
39 38 284
40 1 318
40 3 224
40 4 197
40 9 55
40 12 220
40 17 226
40 18 303
40 21 75
40 22 281
40 23 280
40 24 154
40 25 36
40 27 300
40 28 147
40 29 307
40 32 148
40 34 312
40 35 207
40 36 269
40 37 16
40 39 156
41 1 202
41 14 320
41 15 251
41 17 206
41 18 275
41 20 75
41 22 38
41 24 142
41 25 150
41 26 63
41 28 315
41 29 3
41 38 150
42 0 242
42 3 131
42 5 156
42 9 32
42 10 3
42 11 288
42 12 40
42 13 255
42 14 299
42 15 93
42 16 187
42 20 41
42 22 39
42 24 162
42 25 39
42 26 281
42 28 314
42 30 39
42 32 295
42 34 128
42 35 266
42 36 319
42 38 147
42 39 297
42 40 211
43 7 237
43 8 205
43 9 251
43 11 41
43 13 3
43 15 218
43 18 36
43 19 159
43 23 19
43 24 50
43 25 151
43 27 51
43 28 80
43 32 35
43 34 271
43 35 167
43 36 257
43 37 34
43 38 76
43 40 134
43 41 196
44 3 17
44 4 8
44 5 6
44 6 278
44 11 310
44 12 53
44 13 299
44 17 52
44 22 93
44 27 277
44 30 75
44 32 21
44 33 215
44 36 107
44 38 35
44 39 255
44 40 39
44 41 131
44 42 249
44 43 100
45 0 319
45 3 54
45 4 318
45 5 134
45 7 299
45 9 266
45 13 220
45 14 164
45 15 56
45 16 210
45 18 277
45 19 128
45 21 274
45 24 49
45 26 165
45 28 94
45 29 196
45 31 176
45 32 115
45 33 215
45 34 181
45 35 285
45 36 163
45 37 68
45 38 279
45 40 45
45 41 28
45 42 182
46 0 234
46 1 95
46 2 251
46 3 63
46 4 73
46 5 118
46 7 129
46 12 51
46 13 233
46 16 201
46 17 213
46 20 252
46 21 205
46 23 156
46 24 69
46 27 171
46 29 111
46 32 218
46 38 307
46 39 15
46 40 142
46 42 123
46 44 13
46 45 136
47 1 141
47 5 77
47 10 159
47 11 163
47 12 22
47 14 39
47 16 138
47 19 89
47 25 201
47 26 171
47 28 120
47 29 299
47 32 103
47 33 280
47 34 43
47 35 128
47 37 31
47 40 15
47 41 5
47 42 292
47 44 85
47 45 295
48 5 35
48 7 319
48 8 202
48 12 121
48 13 93
48 15 62
48 16 245
48 17 320
48 18 239
48 19 313
48 20 135
48 22 309
48 24 237
48 25 75
48 26 53
48 27 165
48 28 61
48 29 311
48 30 46
48 31 246
48 33 79
48 34 3
48 35 239
48 36 284
48 39 306
48 40 56
48 41 313
48 42 11
48 45 280
48 46 303
49 0 244
49 1 262
49 2 51
49 3 105
49 4 176
49 7 310
49 8 205
49 9 283
49 14 27
49 20 252
49 22 218
49 23 3
49 27 191
49 31 153
49 35 30
49 37 223
49 38 127
49 39 187
49 41 183
49 42 148
49 44 178
49 45 3
49 47 25
50 0 197
50 7 253
50 8 41
50 10 96
50 12 113
50 13 231
50 14 279
50 16 186
50 19 140
50 22 215
50 25 107
50 27 137
50 29 152
50 30 146
50 31 89
50 32 225
50 34 238
50 35 283
50 36 306
50 40 139
50 41 279
50 43 182
50 44 286
50 45 269
50 46 260
50 49 170
51 0 228
51 1 122
51 2 176
51 3 35
51 5 314
51 7 290
51 9 181
51 10 283
51 11 25
51 12 135
51 14 122
51 15 97
51 16 101
51 17 181
51 18 200
51 19 287
51 21 1
51 22 153
51 25 60
51 29 218
51 32 201
51 33 21
51 35 68
51 37 83
51 38 283
51 42 107
51 46 238
51 48 80
51 50 171
52 1 60
52 2 319
52 7 80
52 10 102
52 11 82
52 14 179
52 15 47
52 17 128
52 23 218
52 26 177
52 27 42
52 28 279
52 30 21
52 32 121
52 34 138
52 37 96
52 41 77
52 42 171
52 43 78
52 45 192
52 46 143
52 48 38
52 49 116
52 50 280
53 3 81
53 4 314
53 7 175
53 9 148
53 12 170
53 13 139
53 20 199
53 21 289
53 24 165
53 25 40
53 26 127
53 27 198
53 28 142
53 30 6
53 31 84
53 32 13
53 33 259
53 36 293
53 38 313
53 39 236
53 42 209
53 43 243
53 44 66
53 47 317
53 48 293
53 50 291
53 51 269
54 0 156
54 4 176
54 5 127
54 6 3
54 7 247
54 8 53
54 9 176
54 10 57
54 11 144
54 13 246
54 14 248
54 17 264
54 20 229
54 22 82
54 24 70
54 27 156
54 28 39
54 30 216
54 34 75
54 37 256
54 41 96
54 42 74
54 43 94
54 44 3
54 46 125
54 47 246
54 49 224
54 51 189
54 52 41
54 53 57
55 1 101
55 3 316
55 4 141
55 6 86
55 7 77
55 8 137
55 9 164
55 11 158
55 16 22
55 18 205
55 21 91
55 25 186
55 29 255
55 35 156
55 36 213
55 37 118
55 41 278
55 44 165
55 45 87
55 49 106
55 50 252
55 52 52
56 0 266
56 4 198
56 12 174
56 14 154
56 18 97
56 19 133
56 20 19
56 21 110
56 22 8
56 24 214
56 26 207
56 28 208
56 29 276
56 30 251
56 31 255
56 34 68
56 37 136
56 39 315
56 40 217
56 41 22
56 51 153
56 55 20
57 1 119
57 2 8
57 3 297
57 5 69
57 6 114
57 10 17
57 13 258
57 14 162
57 15 102
57 16 123
57 17 198
57 19 79
57 21 265
57 22 83
57 23 186
57 25 114
57 26 292
57 27 5
57 28 1
57 30 137
57 33 114
57 34 117
57 35 291
57 36 285
57 37 85
57 38 39
57 40 28
57 41 40
57 44 139
57 45 37
57 47 128
57 52 125
57 53 227
57 54 75
57 56 84
58 1 64
58 3 319
58 4 179
58 5 212
58 6 93
58 12 247
58 13 205
58 18 203
58 20 5
58 21 233
58 22 141
58 24 116
58 26 89
58 28 283
58 29 96
58 32 262
58 41 295
58 42 248
58 44 162
58 49 120
58 53 307
59 4 172
59 5 183
59 8 185
59 11 1
59 12 306
59 13 156
59 18 181
59 19 117
59 22 281
59 23 62
59 24 192
59 25 269
59 28 289
59 29 175
59 34 175
59 36 44
59 37 284
59 38 287
59 39 48
59 40 276
59 41 175
59 42 143
59 43 29
59 44 170
59 47 230
59 48 225
59 50 250
59 52 64
59 53 277
59 55 170
59 56 125
59 57 170
60 2 173
60 3 22
60 4 97
60 5 254
60 6 294
60 7 212
60 8 120
60 9 253
60 17 188
60 18 80
60 19 110
60 20 117
60 21 22
60 22 197
60 23 163
60 27 119
60 29 12
60 35 305
60 36 69
60 37 32
60 40 231
60 41 177
60 43 248
60 45 164
60 47 224
60 48 244
60 51 247
60 53 83
60 55 37
60 56 45
60 57 173
60 58 263
61 3 294
61 4 263
61 5 54
61 6 280
61 8 242
61 9 191
61 12 3
61 13 203
61 16 316
61 20 141
61 21 114
61 22 185
61 23 298
61 24 88
61 27 2
61 29 138
61 32 102
61 39 311
61 41 76
61 42 300
61 43 245
61 44 88
61 47 134
61 49 151
61 51 128
61 52 285
61 54 117
61 55 100
61 57 71
62 0 157
62 1 279
62 2 37
62 3 311
62 4 245
62 6 142
62 8 66
62 13 25
62 14 148
62 17 10
62 19 270
62 21 89
62 22 222
62 23 252
62 25 313
62 27 311
62 28 20
62 29 233
62 32 285
62 33 275
62 36 264
62 37 212
62 39 314
62 40 250
62 43 293
62 45 283
62 48 164
62 49 301
62 54 41
62 55 127
62 58 56
62 59 90
62 60 170
63 4 307
63 6 74
63 13 92
63 14 148
63 16 275
63 17 206
63 24 178
63 25 126
63 26 279
63 32 285
63 33 314
63 35 149
63 36 55
63 40 168
63 41 43
63 43 22
63 45 57
63 47 38
63 50 284
63 52 144
63 57 99
63 58 146
63 61 11
63 62 280
64 0 7
64 2 265
64 5 199
64 9 62
64 10 188
64 11 236
64 12 39
64 13 279
64 15 222
64 17 315
64 19 47
64 20 251
64 21 62
64 27 229
64 28 64
64 29 277
64 30 172
64 31 223
64 33 245
64 34 17
64 35 284
64 37 90
64 41 258
64 44 306
64 45 14
64 49 15
64 51 88
64 52 215
64 55 12
64 56 5
64 57 192
64 58 206
64 60 269
64 62 272
65 0 58
65 2 93
65 3 9
65 5 262
65 6 267
65 8 250
65 10 277
65 11 247
65 12 170
65 15 248
65 17 293
65 18 43
65 19 147
65 20 25
65 22 28
65 24 79
65 25 21
65 26 5
65 29 143
65 30 132
65 32 11
65 33 184
65 34 2
65 36 205
65 38 24
65 39 81
65 41 160
65 42 114
65 46 221
65 47 81
65 51 10
65 52 13
65 53 310
65 54 94
65 55 229
65 57 268
65 59 286
65 61 247
65 63 74
66 0 100
66 1 299
66 5 101
66 8 299
66 12 302
66 13 53
66 14 254
66 15 81
66 19 143
66 20 92
66 21 225
66 22 7
66 24 77
66 25 55
66 28 123
66 31 148
66 35 181
66 38 199
66 40 130
66 42 18
66 45 4
66 46 145
66 47 269
66 48 266
66 50 175
66 54 119
66 55 284
66 64 134
66 65 63
67 2 38
67 3 140
67 6 76
67 7 134
67 10 74
67 11 36
67 12 40
67 15 112
67 16 231
67 17 66
67 19 19
67 20 153
67 22 181
67 23 228
67 25 110
67 29 223
67 31 67
67 35 140
67 36 254
67 37 76
67 41 114
67 42 276
67 45 107
67 46 317
67 47 296
67 49 241
67 50 174
67 51 152
67 53 94
67 54 118
67 56 35
67 59 100
67 64 307
68 1 212
68 2 8
68 3 68
68 4 56
68 5 168
68 7 213
68 8 242
68 9 123
68 13 191
68 14 172
68 16 85
68 17 175
68 20 302
68 21 49
68 23 22
68 28 60
68 31 99
68 33 249
68 34 39
68 35 135
68 37 170
68 38 21
68 39 64
68 40 5
68 41 6
68 43 227
68 46 297
68 54 130
68 56 44
68 58 209
68 60 311
68 61 112
68 62 256
68 65 68
69 1 223
69 4 245
69 8 79
69 10 246
69 14 177
69 15 295
69 16 74
69 17 199
69 18 285
69 19 12
69 20 135
69 23 276
69 26 258
69 29 198
69 30 55
69 32 21
69 33 194
69 34 85
69 35 97
69 36 31
69 40 76
69 42 83
69 50 170
69 51 63
69 53 146
69 55 147
69 57 121
69 58 162
69 60 216
69 63 245
69 65 142
69 67 161
69 68 9
