70
4 1 2
4 3 26
5 1 21
5 2 29
6 3 35
7 3 5
11 10 8
13 1 3
14 13 40
16 0 5
16 1 30
16 13 25
17 10 12
18 1 26
18 11 37
18 17 37
19 4 18
19 10 23
19 15 17
20 1 17
20 15 30
21 1 4
21 4 19
21 13 34
22 7 7
22 13 7
22 16 30
23 15 34
23 17 9
23 21 29
24 4 5
24 5 20
24 10 25
24 14 30
24 21 25
25 5 29
26 7 24
27 22 39
27 24 3
28 11 14
28 12 39
28 17 17
29 20 17
29 23 8
30 3 18
30 19 13
31 3 20
31 6 31
31 9 2
31 27 4
32 17 17
32 19 23
32 20 1
33 12 37
33 16 40
33 19 19
33 29 6
34 28 8
35 6 36
35 14 30
35 23 20
36 3 35
36 24 12
37 8 1
37 9 38
38 14 2
38 16 5
38 32 30
38 35 31
39 2 24
39 8 18
39 15 6
39 16 12
39 25 14
40 1 39
40 13 6
40 16 31
40 20 30
40 28 9
40 33 18
40 37 6
41 7 16
41 10 19
41 24 12
41 34 34
41 35 2
41 36 33
42 9 38
42 23 22
43 16 27
43 19 34
43 20 21
44 14 9
44 37 31
44 42 6
45 0 3
45 11 7
45 16 7
45 17 26
45 18 27
45 22 24
45 23 28
45 31 1
45 41 3
45 44 5
46 0 31
46 1 14
46 7 8
46 9 19
46 21 12
46 39 18
46 45 26
47 2 34
47 10 3
47 23 2
47 45 26
48 4 14
48 9 32
48 13 2
48 18 15
48 21 2
48 46 14
49 21 13
49 27 16
49 28 2
50 0 14
50 12 37
50 22 25
50 26 26
50 35 28
50 37 29
51 4 16
51 5 13
51 43 3
51 44 33
51 48 27
51 49 35
52 1 28
52 3 4
52 5 31
52 8 3
52 10 5
52 16 33
52 50 20
53 11 8
53 35 17
53 36 37
53 52 2
54 5 6
54 6 21
54 9 9
54 10 28
54 12 14
54 13 36
54 26 21
54 34 15
55 2 19
55 16 40
55 19 31
55 21 4
55 26 15
55 29 20
55 45 26
56 1 26
56 8 35
56 21 22
56 30 22
56 31 23
56 32 28
56 52 8
57 30 22
57 37 21
57 42 16
57 52 27
58 8 4
58 22 8
58 29 17
58 30 21
58 34 7
58 35 11
58 50 5
59 13 10
59 28 1
59 31 1
59 43 9
59 58 21
60 17 12
60 20 36
60 23 32
60 43 27
61 6 33
61 15 34
61 19 26
61 27 23
61 30 1
61 52 9
62 3 35
62 7 23
62 9 10
62 13 16
62 18 3
62 20 36
62 23 40
62 32 5
62 43 32
62 45 22
62 52 10
63 28 22
63 32 19
63 40 34
63 60 33
64 7 25
64 10 29
64 22 35
64 28 14
64 33 35
64 39 7
64 43 35
64 45 28
65 2 35
65 35 3
65 36 39
65 38 10
65 64 22
66 4 1
66 35 37
66 38 40
66 39 19
66 46 21
66 54 29
66 56 15
67 4 4
67 10 27
67 45 37
67 66 15
68 8 4
68 12 20
68 14 12
68 36 38
68 45 4
68 48 33
68 51 1
68 56 30
68 62 33
69 4 7
69 15 30
69 16 25
69 25 16
69 28 19
69 31 18
69 66 23
