60
1 0 18
2 0 22
2 1 67
3 0 41
3 1 51
3 2 15
4 0 16
4 1 12
4 2 31
4 3 13
5 0 4
5 1 74
5 2 55
5 3 20
5 4 41
6 0 9
6 1 42
6 2 65
6 3 60
6 4 50
6 5 69
7 0 25
7 1 80
7 2 8
7 3 3
7 4 24
7 5 15
7 6 75
8 0 31
8 1 19
8 2 47
8 3 36
8 4 22
8 5 17
8 6 42
8 7 71
9 0 74
9 1 60
9 2 79
9 3 17
9 4 55
9 5 21
9 6 49
9 7 48
9 8 59
10 0 58
10 1 30
10 2 12
10 3 32
10 4 66
10 5 7
10 6 29
10 7 32
10 8 38
10 9 33
11 0 22
11 1 72
11 2 51
11 3 2
11 4 30
11 5 80
11 6 52
11 7 15
11 8 52
11 9 15
11 10 42
12 0 59
12 1 20
12 2 73
12 3 16
12 4 40
12 5 76
12 6 80
12 7 21
12 8 21
12 9 13
12 10 80
12 11 79
13 0 12
13 1 12
13 2 34
13 3 37
13 4 74
13 5 63
13 6 38
13 7 31
13 8 38
13 9 80
13 10 61
13 11 49
13 12 48
14 0 68
14 1 10
14 2 42
14 3 71
14 4 47
14 5 51
14 6 6
14 7 11
14 8 35
14 9 15
14 10 50
14 11 64
14 12 62
14 13 29
15 0 31
15 1 27
15 2 5
15 3 49
15 4 66
15 5 30
15 6 54
15 7 54
15 8 27
15 9 14
15 10 24
15 11 1
15 12 16
15 13 60
15 14 75
16 0 44
16 1 37
16 2 50
16 3 24
16 4 77
16 5 27
16 6 9
16 7 20
16 8 42
16 9 24
16 10 48
16 11 64
16 12 78
16 13 72
16 14 13
16 15 36
17 0 5
17 1 80
17 2 48
17 3 10
17 4 63
17 5 74
17 6 43
17 7 76
17 8 30
17 9 65
17 10 36
17 11 45
17 12 38
17 13 7
17 14 40
17 15 63
17 16 27
18 0 66
18 1 56
18 2 62
18 3 58
18 4 45
18 5 54
18 6 78
18 7 72
18 8 48
18 9 15
18 10 49
18 11 78
18 12 4
18 13 6
18 14 35
18 15 36
18 16 8
18 17 19
19 0 74
19 1 59
19 2 19
19 3 3
19 4 21
19 5 67
19 6 37
19 7 77
19 8 63
19 9 63
19 10 43
19 11 49
19 12 50
19 13 22
19 14 11
19 15 22
19 16 60
19 17 45
19 18 16
20 0 60
20 1 68
20 2 66
20 3 64
20 4 2
20 5 35
20 6 23
20 7 52
20 8 1
20 9 25
20 10 74
20 11 51
20 12 57
20 13 18
20 14 41
20 15 29
20 16 2
20 17 33
20 18 31
20 19 34
21 0 37
21 1 23
21 2 18
21 3 66
21 4 35
21 5 31
21 6 37
21 7 80
21 8 46
21 9 50
21 10 35
21 11 5
21 12 58
21 13 15
21 14 27
21 15 40
21 16 16
21 17 49
21 18 29
21 19 21
21 20 38
22 0 15
22 1 64
22 2 79
22 3 55
22 4 30
22 5 79
22 6 78
22 7 29
22 8 3
22 9 20
22 10 69
22 11 11
22 12 59
22 13 27
22 14 33
22 15 62
22 16 17
22 17 72
22 18 51
22 19 36
22 20 4
22 21 7
23 0 24
23 1 11
23 2 67
23 3 27
23 4 41
23 5 55
23 6 47
23 7 66
23 8 67
23 9 61
23 10 10
23 11 17
23 12 27
23 13 76
23 14 56
23 15 57
23 16 19
23 17 38
23 18 6
23 19 36
23 20 28
23 21 38
23 22 55
24 0 67
24 1 25
24 2 58
24 3 74
24 4 29
24 5 22
24 6 26
24 7 30
24 8 70
24 9 56
24 10 46
24 11 55
24 12 36
24 13 20
24 14 21
24 15 27
24 16 35
24 17 8
24 18 2
24 19 40
24 20 6
24 21 5
24 22 23
24 23 75
25 0 68
25 1 17
25 2 27
25 3 14
25 4 58
25 5 20
25 6 18
25 7 76
25 8 42
25 9 45
25 10 53
25 11 27
25 12 27
25 13 46
25 14 5
25 15 4
25 16 57
25 17 13
25 18 45
25 19 78
25 20 1
25 21 12
25 22 30
25 23 64
25 24 1
26 0 78
26 1 3
26 2 38
26 3 71
26 4 12
26 5 33
26 6 46
26 7 5
26 8 18
26 9 23
26 10 5
26 11 35
26 12 14
26 13 24
26 14 75
26 15 13
26 16 46
26 17 2
26 18 61
26 19 69
26 20 77
26 21 76
26 22 1
26 23 1
26 24 5
26 25 41
27 0 62
27 1 71
27 2 5
27 3 7
27 4 23
27 5 21
27 6 77
27 7 14
27 8 27
27 9 59
27 10 52
27 11 67
27 12 29
27 13 35
27 14 25
27 15 1
27 16 78
27 17 39
27 18 25
27 19 49
27 20 13
27 21 35
27 22 46
27 23 27
27 24 27
27 25 41
27 26 13
28 0 41
28 1 10
28 2 40
28 3 58
28 4 46
28 5 28
28 6 37
28 7 54
28 8 76
28 9 68
28 10 63
28 11 47
28 12 27
28 13 75
28 14 13
28 15 80
28 16 68
28 17 51
28 18 29
28 19 51
28 20 30
28 21 6
28 22 14
28 23 75
28 24 7
28 25 47
28 26 64
28 27 77
29 0 5
29 1 39
29 2 22
29 3 39
29 4 37
29 5 45
29 6 16
29 7 58
29 8 49
29 9 48
29 10 38
29 11 74
29 12 74
29 13 55
29 14 72
29 15 63
29 16 61
29 17 8
29 18 4
29 19 39
29 20 27
29 21 60
29 22 36
29 23 69
29 24 33
29 25 66
29 26 15
29 27 59
29 28 38
30 0 2
30 1 32
30 2 64
30 3 42
30 4 23
30 5 35
30 6 23
30 7 50
30 8 17
30 9 25
30 10 32
30 11 2
30 12 34
30 13 78
30 14 28
30 15 26
30 16 49
30 17 47
30 18 24
30 19 5
30 20 2
30 21 47
30 22 54
30 23 61
30 24 38
30 25 39
30 26 44
30 27 13
30 28 35
30 29 32
31 0 20
31 1 27
31 2 48
31 3 4
31 4 11
31 5 62
31 6 72
31 7 42
31 8 30
31 9 64
31 10 7
31 11 11
31 12 13
31 13 58
31 14 13
31 15 17
31 16 45
31 17 52
31 18 31
31 19 30
31 20 8
31 21 1
31 22 55
31 23 8
31 24 57
31 25 1
31 26 34
31 27 19
31 28 49
31 29 49
31 30 18
32 0 72
32 1 20
32 2 69
32 3 7
32 4 80
32 5 37
32 6 46
32 7 78
32 8 13
32 9 34
32 10 57
32 11 60
32 12 76
32 13 1
32 14 80
32 15 78
32 16 43
32 17 50
32 18 43
32 19 14
32 20 24
32 21 64
32 22 42
32 23 19
32 24 1
32 25 69
32 26 28
32 27 36
32 28 36
32 29 54
32 30 49
32 31 5
33 0 63
33 1 14
33 2 69
33 3 30
33 4 79
33 5 7
33 6 17
33 7 3
33 8 4
33 9 27
33 10 70
33 11 55
33 12 73
33 13 66
33 14 36
33 15 24
33 16 24
33 17 37
33 18 54
33 19 72
33 20 59
33 21 1
33 22 43
33 23 37
33 24 59
33 25 65
33 26 23
33 27 4
33 28 58
33 29 41
33 30 57
33 31 61
33 32 12
34 0 42
34 1 50
34 2 66
34 3 3
34 4 45
34 5 39
34 6 73
34 7 63
34 8 57
34 9 42
34 10 59
34 11 2
34 12 68
34 13 70
34 14 13
34 15 62
34 16 21
34 17 55
34 18 59
34 19 28
34 20 66
34 21 74
34 22 6
34 23 46
34 24 10
34 25 41
34 26 60
34 27 32
34 28 35
34 29 14
34 30 38
34 31 75
34 32 23
34 33 67
35 0 56
35 1 34
35 2 7
35 3 46
35 4 11
35 5 68
35 6 15
35 7 42
35 8 39
35 9 77
35 10 6
35 11 15
35 12 57
35 13 6
35 14 71
35 15 4
35 16 33
35 17 80
35 18 13
35 19 30
35 20 21
35 21 51
35 22 53
35 23 63
35 24 43
35 25 39
35 26 57
35 27 64
35 28 9
35 29 70
35 30 24
35 31 38
35 32 47
35 33 46
35 34 75
36 0 75
36 1 28
36 2 37
36 3 71
36 4 22
36 5 56
36 6 2
36 7 52
36 8 25
36 9 39
36 10 2
36 11 21
36 12 77
36 13 55
36 14 49
36 15 16
36 16 28
36 17 78
36 18 59
36 19 73
36 20 68
36 21 23
36 22 46
36 23 77
36 24 69
36 25 62
36 26 29
36 27 56
36 28 59
36 29 63
36 30 73
36 31 63
36 32 17
36 33 55
36 34 39
36 35 68
37 0 47
37 1 54
37 2 5
37 3 20
37 4 8
37 5 75
37 6 8
37 7 65
37 8 28
37 9 60
37 10 13
37 11 63
37 12 74
37 13 33
37 14 22
37 15 41
37 16 28
37 17 9
37 18 56
37 19 44
37 20 2
37 21 7
37 22 33
37 23 24
37 24 74
37 25 55
37 26 70
37 27 18
37 28 15
37 29 19
37 30 31
37 31 28
37 32 51
37 33 57
37 34 26
37 35 44
37 36 17
38 0 62
38 1 23
38 2 69
38 3 51
38 4 47
38 5 39
38 6 66
38 7 62
38 8 29
38 9 18
38 10 43
38 11 56
38 12 65
38 13 24
38 14 3
38 15 16
38 16 54
38 17 42
38 18 80
38 19 31
38 20 20
38 21 58
38 22 8
38 23 49
38 24 31
38 25 5
38 26 32
38 27 67
38 28 37
38 29 33
38 30 48
38 31 7
38 32 31
38 33 5
38 34 1
38 35 62
38 36 34
38 37 20
39 0 55
39 1 1
39 2 55
39 3 75
39 4 1
39 5 3
39 6 21
39 7 10
39 8 44
39 9 41
39 10 44
39 11 47
39 12 18
39 13 29
39 14 25
39 15 39
39 16 73
39 17 15
39 18 21
39 19 66
39 20 8
39 21 61
39 22 29
39 23 11
39 24 15
39 25 61
39 26 18
39 27 19
39 28 46
39 29 5
39 30 11
39 31 66
39 32 51
39 33 9
39 34 52
39 35 8
39 36 17
39 37 7
39 38 66
40 0 7
40 1 15
40 2 15
40 3 39
40 4 63
40 5 23
40 6 75
40 7 9
40 8 71
40 9 23
40 10 34
40 11 12
40 12 19
40 13 4
40 14 1
40 15 6
40 16 41
40 17 26
40 18 69
40 19 22
40 20 70
40 21 78
40 22 8
40 23 49
40 24 18
40 25 17
40 26 66
40 27 29
40 28 54
40 29 13
40 30 7
40 31 61
40 32 15
40 33 35
40 34 36
40 35 39
40 36 46
40 37 65
40 38 76
40 39 46
41 0 15
41 1 23
41 2 43
41 3 68
41 4 6
41 5 63
41 6 17
41 7 65
41 8 45
41 9 48
41 10 34
41 11 31
41 12 18
41 13 12
41 14 53
41 15 16
41 16 79
41 17 53
41 18 9
41 19 15
41 20 58
41 21 80
41 22 58
41 23 51
41 24 39
41 25 47
41 26 33
41 27 10
41 28 38
41 29 13
41 30 70
41 31 66
41 32 13
41 33 72
41 34 34
41 35 11
41 36 17
41 37 11
41 38 64
41 39 64
41 40 22
42 0 47
42 1 71
42 2 57
42 3 48
42 4 77
42 5 53
42 6 9
42 7 7
42 8 24
42 9 79
42 10 12
42 11 31
42 12 30
42 13 79
42 14 57
42 15 73
42 16 10
42 17 2
42 18 80
42 19 4
42 20 64
42 21 60
42 22 40
42 23 77
42 24 34
42 25 37
42 26 10
42 27 41
42 28 54
42 29 4
42 30 57
42 31 42
42 32 22
42 33 73
42 34 10
42 35 23
42 36 49
42 37 78
42 38 65
42 39 67
42 40 78
42 41 37
43 0 27
43 1 59
43 2 70
43 3 7
43 4 28
43 5 17
43 6 11
43 7 75
43 8 8
43 9 65
43 10 60
43 11 3
43 12 18
43 13 4
43 14 68
43 15 43
43 16 57
43 17 61
43 18 9
43 19 69
43 20 78
43 21 76
43 22 37
43 23 31
43 24 50
43 25 38
43 26 1
43 27 33
43 28 34
43 29 64
43 30 35
43 31 38
43 32 23
43 33 59
43 34 34
43 35 31
43 36 36
43 37 72
43 38 57
43 39 35
43 40 20
43 41 6
43 42 74
44 0 48
44 1 80
44 2 5
44 3 21
44 4 67
44 5 76
44 6 43
44 7 54
44 8 62
44 9 22
44 10 69
44 11 13
44 12 19
44 13 56
44 14 10
44 15 19
44 16 47
44 17 13
44 18 56
44 19 60
44 20 59
44 21 33
44 22 8
44 23 55
44 24 24
44 25 66
44 26 6
44 27 32
44 28 28
44 29 40
44 30 75
44 31 52
44 32 45
44 33 48
44 34 63
44 35 25
44 36 68
44 37 38
44 38 14
44 39 46
44 40 64
44 41 73
44 42 14
44 43 80
45 0 32
45 1 64
45 2 73
45 3 71
45 4 69
45 5 56
45 6 25
45 7 56
45 8 55
45 9 35
45 10 18
45 11 37
45 12 15
45 13 49
45 14 33
45 15 41
45 16 75
45 17 42
45 18 11
45 19 74
45 20 17
45 21 76
45 22 79
45 23 44
45 24 15
45 25 72
45 26 50
45 27 26
45 28 29
45 29 20
45 30 20
45 31 51
45 32 53
45 33 55
45 34 10
45 35 43
45 36 15
45 37 48
45 38 32
45 39 16
45 40 32
45 41 57
45 42 6
45 43 10
45 44 20
46 0 57
46 1 1
46 2 52
46 3 63
46 4 3
46 5 77
46 6 79
46 7 75
46 8 47
46 9 29
46 10 67
46 11 46
46 12 19
46 13 28
46 14 19
46 15 14
46 16 3
46 17 73
46 18 13
46 19 54
46 20 70
46 21 43
46 22 9
46 23 9
46 24 58
46 25 46
46 26 57
46 27 34
46 28 60
46 29 10
46 30 2
46 31 37
46 32 12
46 33 25
46 34 1
46 35 61
46 36 16
46 37 13
46 38 45
46 39 9
46 40 6
46 41 36
46 42 65
46 43 54
46 44 22
46 45 22
47 0 62
47 1 17
47 2 74
47 3 19
47 4 41
47 5 58
47 6 2
47 7 28
47 8 24
47 9 44
47 10 51
47 11 20
47 12 50
47 13 64
47 14 40
47 15 18
47 16 66
47 17 38
47 18 39
47 19 4
47 20 69
47 21 69
47 22 2
47 23 70
47 24 31
47 25 79
47 26 25
47 27 40
47 28 19
47 29 6
47 30 3
47 31 54
47 32 77
47 33 42
47 34 61
47 35 42
47 36 69
47 37 61
47 38 27
47 39 8
47 40 77
47 41 67
47 42 79
47 43 42
47 44 54
47 45 69
47 46 69
48 0 42
48 1 1
48 2 41
48 3 21
48 4 6
48 5 71
48 6 15
48 7 61
48 8 40
48 9 45
48 10 52
48 11 4
48 12 33
48 13 36
48 14 10
48 15 10
48 16 5
48 17 65
48 18 18
48 19 8
48 20 17
48 21 4
48 22 19
48 23 80
48 24 43
48 25 44
48 26 42
48 27 76
48 28 6
48 29 30
48 30 17
48 31 2
48 32 31
48 33 20
48 34 21
48 35 29
48 36 27
48 37 54
48 38 61
48 39 28
48 40 50
48 41 78
48 42 69
48 43 19
48 44 51
48 45 55
48 46 70
48 47 12
49 0 10
49 1 58
49 2 27
49 3 44
49 4 58
49 5 78
49 6 80
49 7 42
49 8 44
49 9 40
49 10 26
49 11 49
49 12 7
49 13 29
49 14 46
49 15 71
49 16 24
49 17 60
49 18 67
49 19 36
49 20 62
49 21 2
49 22 40
49 23 62
49 24 75
49 25 56
49 26 3
49 27 36
49 28 7
49 29 50
49 30 79
49 31 14
49 32 48
49 33 70
49 34 59
49 35 12
49 36 37
49 37 78
49 38 21
49 39 18
49 40 7
49 41 48
49 42 3
49 43 31
49 44 12
49 45 69
49 46 62
49 47 39
49 48 60
50 0 61
50 1 49
50 2 29
50 3 13
50 4 36
50 5 11
50 6 41
50 7 7
50 8 32
50 9 5
50 10 23
50 11 80
50 12 52
50 13 50
50 14 5
50 15 18
50 16 51
50 17 3
50 18 71
50 19 48
50 20 23
50 21 37
50 22 48
50 23 2
50 24 39
50 25 33
50 26 32
50 27 14
50 28 7
50 29 44
50 30 31
50 31 13
50 32 72
50 33 13
50 34 40
50 35 9
50 36 39
50 37 3
50 38 73
50 39 53
50 40 59
50 41 23
50 42 61
50 43 72
50 44 29
50 45 29
50 46 74
50 47 46
50 48 80
50 49 42
51 0 77
51 1 10
51 2 33
51 3 14
51 4 56
51 5 9
51 6 78
51 7 9
51 8 74
51 9 21
51 10 48
51 11 43
51 12 7
51 13 62
51 14 48
51 15 15
51 16 23
51 17 72
51 18 17
51 19 15
51 20 50
51 21 3
51 22 63
51 23 30
51 24 61
51 25 40
51 26 74
51 27 10
51 28 39
51 29 3
51 30 76
51 31 3
51 32 25
51 33 48
51 34 44
51 35 1
51 36 48
51 37 67
51 38 39
51 39 44
51 40 62
51 41 55
51 42 61
51 43 11
51 44 34
51 45 46
51 46 41
51 47 31
51 48 40
51 49 34
51 50 43
52 0 8
52 1 77
52 2 24
52 3 35
52 4 21
52 5 32
52 6 45
52 7 39
52 8 2
52 9 45
52 10 55
52 11 71
52 12 69
52 13 76
52 14 15
52 15 77
52 16 46
52 17 61
52 18 30
52 19 38
52 20 68
52 21 58
52 22 56
52 23 11
52 24 35
52 25 78
52 26 17
52 27 71
52 28 32
52 29 59
52 30 4
52 31 56
52 32 52
52 33 30
52 34 15
52 35 63
52 36 79
52 37 33
52 38 67
52 39 48
52 40 26
52 41 29
52 42 16
52 43 2
52 44 55
52 45 32
52 46 41
52 47 35
52 48 23
52 49 33
52 50 36
52 51 64
53 0 58
53 1 70
53 2 41
53 3 69
53 4 10
53 5 40
53 6 69
53 7 2
53 8 53
53 9 64
53 10 49
53 11 50
53 12 5
53 13 63
53 14 75
53 15 45
53 16 53
53 17 52
53 18 78
53 19 50
53 20 27
53 21 1
53 22 59
53 23 66
53 24 36
53 25 7
53 26 43
53 27 52
53 28 29
53 29 5
53 30 24
53 31 13
53 32 34
53 33 9
53 34 16
53 35 8
53 36 27
53 37 24
53 38 12
53 39 51
53 40 29
53 41 7
53 42 19
53 43 27
53 44 61
53 45 5
53 46 16
53 47 43
53 48 29
53 49 30
53 50 33
53 51 10
53 52 26
54 0 68
54 1 70
54 2 29
54 3 24
54 4 61
54 5 41
54 6 48
54 7 54
54 8 61
54 9 43
54 10 39
54 11 45
54 12 37
54 13 45
54 14 34
54 15 52
54 16 51
54 17 7
54 18 21
54 19 25
54 20 3
54 21 20
54 22 32
54 23 24
54 24 29
54 25 2
54 26 73
54 27 1
54 28 60
54 29 23
54 30 20
54 31 30
54 32 73
54 33 42
54 34 62
54 35 37
54 36 70
54 37 71
54 38 77
54 39 56
54 40 51
54 41 3
54 42 28
54 43 8
54 44 45
54 45 3
54 46 15
54 47 76
54 48 13
54 49 75
54 50 56
54 51 71
54 52 41
54 53 13
55 0 20
55 1 22
55 2 46
55 3 52
55 4 57
55 5 26
55 6 15
55 7 30
55 8 17
55 9 28
55 10 26
55 11 63
55 12 49
55 13 13
55 14 2
55 15 12
55 16 47
55 17 29
55 18 18
55 19 73
55 20 28
55 21 18
55 22 79
55 23 53
55 24 2
55 25 24
55 26 24
55 27 13
55 28 33
55 29 71
55 30 13
55 31 38
55 32 55
55 33 16
55 34 60
55 35 39
55 36 20
55 37 54
55 38 65
55 39 74
55 40 51
55 41 63
55 42 52
55 43 75
55 44 24
55 45 42
55 46 27
55 47 66
55 48 65
55 49 1
55 50 70
55 51 30
55 52 47
55 53 20
55 54 58
56 0 75
56 1 13
56 2 73
56 3 52
56 4 21
56 5 69
56 6 40
56 7 75
56 8 54
56 9 19
56 10 37
56 11 34
56 12 1
56 13 37
56 14 2
56 15 66
56 16 51
56 17 76
56 18 64
56 19 32
56 20 19
56 21 41
56 22 40
56 23 70
56 24 26
56 25 75
56 26 22
56 27 17
56 28 49
56 29 77
56 30 40
56 31 42
56 32 57
56 33 70
56 34 80
56 35 33
56 36 62
56 37 3
56 38 11
56 39 31
56 40 6
56 41 43
56 42 14
56 43 9
56 44 53
56 45 30
56 46 67
56 47 73
56 48 41
56 49 70
56 50 76
56 51 25
56 52 72
56 53 48
56 54 59
56 55 4
57 0 67
57 1 45
57 2 1
57 3 39
57 4 62
57 5 56
57 6 22
57 7 31
57 8 11
57 9 68
57 10 59
57 11 64
57 12 8
57 13 61
57 14 34
57 15 10
57 16 60
57 17 64
57 18 11
57 19 55
57 20 59
57 21 36
57 22 76
57 23 52
57 24 66
57 25 57
57 26 16
57 27 72
57 28 2
57 29 77
57 30 40
57 31 2
57 32 23
57 33 6
57 34 11
57 35 80
57 36 65
57 37 52
57 38 58
57 39 68
57 40 44
57 41 54
57 42 9
57 43 34
57 44 35
57 45 10
57 46 2
57 47 17
57 48 35
57 49 13
57 50 54
57 51 59
57 52 25
57 53 5
57 54 41
57 55 78
57 56 75
58 0 69
58 1 64
58 2 58
58 3 33
58 4 40
58 5 49
58 6 10
58 7 17
58 8 80
58 9 52
58 10 43
58 11 32
58 12 61
58 13 57
58 14 42
58 15 29
58 16 12
58 17 69
58 18 54
58 19 57
58 20 72
58 21 48
58 22 46
58 23 35
58 24 11
58 25 50
58 26 4
58 27 13
58 28 68
58 29 72
58 30 37
58 31 24
58 32 14
58 33 17
58 34 71
58 35 44
58 36 79
58 37 25
58 38 18
58 39 54
58 40 34
58 41 35
58 42 58
58 43 70
58 44 38
58 45 66
58 46 30
58 47 80
58 48 60
58 49 30
58 50 16
58 51 36
58 52 78
58 53 56
58 54 34
58 55 43
58 56 79
58 57 12
59 0 78
59 1 50
59 2 10
59 3 47
59 4 70
59 5 24
59 6 28
59 7 79
59 8 33
59 9 39
59 10 38
59 11 14
59 12 16
59 13 13
59 14 31
59 15 16
59 16 37
59 17 7
59 18 9
59 19 13
59 20 20
59 21 64
59 22 1
59 23 48
59 24 20
59 25 55
59 26 55
59 27 54
59 28 49
59 29 74
59 30 11
59 31 60
59 32 65
59 33 45
59 34 26
59 35 4
59 36 36
59 37 15
59 38 29
59 39 54
59 40 51
59 41 59
59 42 59
59 43 3
59 44 21
59 45 39
59 46 26
59 47 33
59 48 28
59 49 27
59 50 23
59 51 26
59 52 15
59 53 72
59 54 77
59 55 74
59 56 10
59 57 72
59 58 25
