60
1 0 32
3 0 81
3 1 118
4 0 59
4 2 141
4 3 159
5 0 133
5 4 47
6 0 19
6 2 55
6 5 14
7 0 152
7 3 154
7 4 43
7 6 90
8 0 19
8 2 146
8 3 134
8 4 82
9 0 136
9 2 103
9 5 119
9 7 153
10 2 148
11 1 138
11 3 57
11 4 65
11 6 160
11 10 63
12 0 25
12 7 111
12 11 37
13 0 128
13 1 101
13 5 50
13 6 80
13 8 60
13 9 29
13 10 133
13 11 111
14 0 140
14 2 158
14 4 134
14 8 41
14 10 65
14 13 2
15 3 52
15 8 145
15 12 54
15 13 131
15 14 110
16 0 39
16 1 84
16 2 153
16 5 150
16 7 39
16 8 111
16 11 80
16 12 113
16 14 27
17 2 77
17 6 139
17 9 148
17 10 112
17 14 4
17 15 122
18 0 9
18 10 23
18 11 107
18 12 48
18 13 42
18 15 22
18 16 14
19 1 80
19 2 41
19 5 85
19 8 120
19 9 31
19 11 39
19 12 92
19 14 142
19 18 67
20 3 18
20 4 138
20 9 68
20 10 53
20 11 10
20 19 110
21 0 120
21 3 114
21 4 145
21 7 126
21 10 69
21 13 7
21 15 149
21 16 72
21 18 58
22 0 123
22 3 112
22 7 81
22 8 28
22 10 66
22 18 143
22 20 100
22 21 7
23 2 153
23 5 36
23 8 29
23 9 152
23 13 34
23 15 124
23 16 30
23 18 116
23 20 31
23 21 39
23 22 134
24 0 52
24 5 155
24 7 138
24 8 136
24 9 98
24 10 155
24 13 130
24 15 75
24 18 155
24 21 13
24 23 118
25 4 73
25 5 4
25 8 115
25 11 50
25 12 108
25 17 97
25 20 122
25 21 58
25 24 56
26 0 134
26 3 126
26 8 48
26 10 19
26 18 31
26 22 135
26 24 127
27 0 48
27 1 73
27 6 26
27 11 48
27 15 117
27 17 57
27 19 74
27 21 53
27 22 49
27 24 103
28 3 136
28 4 89
28 13 157
28 20 68
28 24 152
28 25 89
28 26 37
29 0 8
29 3 83
29 4 100
29 5 153
29 6 116
29 8 22
29 11 118
29 16 143
29 17 75
29 19 7
29 20 9
30 1 40
30 2 54
30 3 38
30 4 117
30 6 144
30 7 71
30 13 83
30 14 68
30 16 42
30 17 159
30 22 66
30 23 46
31 2 114
31 4 36
31 5 109
31 10 100
31 12 158
31 14 67
31 16 13
31 17 66
31 21 136
31 23 102
31 24 19
31 26 65
31 27 107
31 28 119
31 29 13
31 30 107
32 1 70
32 4 56
32 5 121
32 6 101
32 8 151
32 9 27
32 11 44
32 12 122
32 18 99
32 23 118
32 27 156
32 28 26
32 30 131
32 31 160
33 5 139
33 8 150
33 11 156
33 12 66
33 15 123
33 17 127
33 23 19
33 24 45
33 25 135
33 26 65
33 32 106
34 0 45
34 1 86
34 3 95
34 5 116
34 7 90
34 8 82
34 13 84
34 15 158
34 18 157
34 20 144
34 22 133
34 26 144
34 27 30
34 31 152
34 32 104
34 33 17
35 1 38
35 3 138
35 4 100
35 6 74
35 13 146
35 15 97
35 16 52
35 19 129
35 20 102
35 24 107
35 25 33
35 27 55
35 30 73
36 1 105
36 2 112
36 7 159
36 9 42
36 10 10
36 12 86
36 13 133
36 14 3
36 15 23
36 22 152
36 23 93
36 24 78
36 27 132
36 28 152
36 30 7
36 32 113
36 33 10
36 35 126
37 0 77
37 3 99
37 4 108
37 13 46
37 21 15
37 23 127
37 24 152
37 27 65
37 34 132
37 35 92
37 36 56
38 1 149
38 3 88
38 5 141
38 7 55
38 8 30
38 10 72
38 14 87
38 16 138
38 17 145
38 20 75
38 23 70
38 24 49
38 25 27
38 26 116
38 28 37
38 34 68
38 35 87
39 0 55
39 2 114
39 4 141
39 6 109
39 8 96
39 9 120
39 10 6
39 11 121
39 13 121
39 14 55
39 16 89
39 17 66
39 18 143
39 19 118
39 20 12
39 22 6
39 24 138
39 26 36
39 32 23
39 34 153
40 1 149
40 6 40
40 8 140
40 10 114
40 11 151
40 12 100
40 13 33
40 14 77
40 20 54
40 22 10
40 24 98
40 28 139
40 30 57
40 31 45
40 33 32
40 34 55
40 35 158
40 36 2
40 37 140
40 38 157
41 0 127
41 9 44
41 13 99
41 16 111
41 18 31
41 19 17
41 20 50
41 21 107
41 25 107
41 26 135
41 31 95
41 32 155
41 34 77
41 36 146
42 0 146
42 1 53
42 11 146
42 15 147
42 16 114
42 27 11
42 28 10
42 32 102
42 37 129
42 39 46
42 41 100
43 1 149
43 3 78
43 5 146
43 10 100
43 11 115
43 12 156
43 13 130
43 15 59
43 19 158
43 21 21
43 25 26
43 26 147
43 27 18
43 30 21
43 34 111
43 35 63
43 39 138
44 1 122
44 2 104
44 5 140
44 9 84
44 13 150
44 15 135
44 17 107
44 18 58
44 19 30
44 20 73
44 23 95
44 24 31
44 26 138
44 32 114
44 36 2
44 38 81
44 41 115
44 42 132
45 1 60
45 2 27
45 10 150
45 13 77
45 22 134
45 25 83
45 26 59
45 28 45
45 33 89
45 34 135
45 37 58
45 38 45
45 40 140
45 42 91
45 44 92
46 1 50
46 2 15
46 4 142
46 6 50
46 9 66
46 11 5
46 15 34
46 18 106
46 22 68
46 23 84
46 25 6
46 26 86
46 28 124
46 38 103
46 41 156
46 43 38
47 0 109
47 1 75
47 3 58
47 6 1
47 10 84
47 11 26
47 12 53
47 16 31
47 18 62
47 19 119
47 20 25
47 23 124
47 24 12
47 25 88
47 27 111
47 28 16
47 33 55
47 34 142
47 37 29
47 46 96
48 1 6
48 6 91
48 7 49
48 10 4
48 14 156
48 17 26
48 18 129
48 23 63
48 27 42
48 32 24
48 35 5
48 39 121
48 41 116
48 42 69
48 46 67
48 47 140
49 0 44
49 1 53
49 2 150
49 6 105
49 8 116
49 9 5
49 12 118
49 18 122
49 22 89
49 24 147
49 25 125
49 28 32
49 29 85
49 31 17
49 32 41
49 35 69
49 38 47
49 39 96
49 41 52
49 47 48
50 0 121
50 2 12
50 5 65
50 7 148
50 8 45
50 9 23
50 10 83
50 13 14
50 15 121
50 17 113
50 28 151
50 29 152
50 32 25
50 33 81
50 34 33
50 41 142
50 42 28
50 43 55
50 48 72
50 49 93
51 0 45
51 2 115
51 4 5
51 6 73
51 7 67
51 8 55
51 9 64
51 11 28
51 14 51
51 15 5
51 16 95
51 17 94
51 19 47
51 21 108
51 22 85
51 24 48
51 27 123
51 30 90
51 31 149
51 32 157
51 33 24
51 35 44
51 36 120
51 37 115
51 38 66
51 40 10
51 44 77
51 46 45
51 47 49
51 49 151
52 1 18
52 2 52
52 3 38
52 5 89
52 6 131
52 7 76
52 9 54
52 14 120
52 15 76
52 25 53
52 27 42
52 30 26
52 32 67
52 34 29
52 35 84
52 40 90
52 43 27
52 45 91
52 47 11
53 1 36
53 2 100
53 4 47
53 5 121
53 8 52
53 10 67
53 11 54
53 14 133
53 15 134
53 17 17
53 33 30
53 36 8
53 40 109
53 42 38
53 43 149
53 46 124
53 47 97
53 50 84
54 3 77
54 4 25
54 9 64
54 11 14
54 12 124
54 15 25
54 17 153
54 18 147
54 21 25
54 24 21
54 25 12
54 27 133
54 28 146
54 29 81
54 32 24
54 33 76
54 37 5
54 39 55
54 41 123
54 46 64
54 47 59
55 0 42
55 1 139
55 4 147
55 8 71
55 10 127
55 13 28
55 14 134
55 22 141
55 24 126
55 27 79
55 30 82
55 33 105
55 36 22
55 37 129
55 41 36
55 42 157
55 43 56
55 45 40
55 46 149
55 52 146
55 53 150
56 2 44
56 10 38
56 12 151
56 13 63
56 16 121
56 21 157
56 26 143
56 27 59
56 32 61
56 35 148
56 38 7
56 43 107
56 49 49
56 50 55
56 52 55
56 53 75
56 54 60
57 4 19
57 6 53
57 9 22
57 10 18
57 11 134
57 15 34
57 16 107
57 18 159
57 23 137
57 25 143
57 28 148
57 29 22
57 32 94
57 33 99
57 34 155
57 36 22
57 39 42
57 41 28
57 44 40
57 46 108
57 47 97
57 50 79
57 52 4
57 53 72
57 54 46
57 55 142
58 0 131
58 2 95
58 4 57
58 6 40
58 7 115
58 9 127
58 10 60
58 13 56
58 16 104
58 20 122
58 21 157
58 24 28
58 28 40
58 35 92
58 36 27
58 38 109
58 39 8
58 41 41
58 42 20
58 43 20
58 44 9
58 45 101
58 47 27
58 48 37
58 53 95
59 3 105
59 7 10
59 9 136
59 12 151
59 16 29
59 17 96
59 20 64
59 21 81
59 22 11
59 23 123
59 29 51
59 30 64
59 31 125
59 37 72
59 40 6
59 41 146
59 45 37
59 48 58
59 49 130
59 51 97
59 52 49
59 53 136
59 58 107
