20
3 0 61
3 2 14
5 3 93
6 1 113
6 2 97
7 3 150
7 5 143
7 6 119
8 1 3
8 6 131
9 5 9
9 7 138
9 8 48
10 0 131
10 1 119
10 5 47
10 6 78
11 5 81
11 7 72
11 8 86
12 5 82
12 6 86
12 7 158
12 10 117
12 11 96
13 1 88
13 3 55
13 5 131
13 6 16
13 12 62
14 2 118
14 3 63
14 7 124
14 8 145
14 10 122
15 1 58
15 5 117
15 6 157
15 7 117
15 9 112
15 13 73
16 0 117
16 8 149
16 9 77
16 10 142
16 15 66
17 3 150
17 9 32
17 10 113
17 11 62
17 14 64
17 15 116
17 16 43
18 2 14
18 13 74
18 14 5
18 16 149
18 17 10
19 0 15
19 3 109
19 4 121
19 10 34
19 11 17
19 13 150
