40
1 0 26
2 0 23
2 1 35
3 0 25
3 1 38
4 1 1
4 2 14
4 3 31
5 0 30
5 1 14
5 3 22
5 4 31
6 0 31
6 1 40
6 2 17
6 3 33
6 4 38
6 5 29
7 0 31
7 1 25
7 2 34
7 3 27
7 4 17
7 5 26
7 6 29
8 0 16
8 1 11
8 2 23
8 3 12
8 5 13
8 7 6
9 0 3
9 2 18
9 3 9
9 5 31
9 6 24
9 7 1
9 8 30
10 0 24
10 1 23
10 2 30
10 3 28
10 4 40
10 6 14
10 7 21
10 8 16
10 9 24
11 1 23
11 2 5
11 3 38
11 4 30
11 5 34
11 6 23
11 10 24
12 0 27
12 1 3
12 3 35
12 8 23
12 9 36
12 11 5
13 0 34
13 1 28
13 2 28
13 3 20
13 4 40
13 5 1
13 6 6
13 8 21
13 9 19
13 10 38
13 11 21
13 12 8
14 0 22
14 1 35
14 2 30
14 3 32
14 4 10
14 8 7
14 9 23
14 10 29
14 12 19
15 0 25
15 1 12
15 2 31
15 3 23
15 4 33
15 5 9
15 6 25
15 7 38
15 8 23
15 9 3
15 11 12
15 12 24
15 13 24
15 14 30
16 0 21
16 1 27
16 2 25
16 3 16
16 4 32
16 5 32
16 6 40
16 7 5
16 8 35
16 9 26
16 10 12
16 11 39
16 12 25
16 14 20
17 1 21
17 2 5
17 3 7
17 4 20
17 5 29
17 7 33
17 11 37
17 12 22
17 15 35
17 16 13
18 0 6
18 1 8
18 2 2
18 3 2
18 4 37
18 5 38
18 8 38
18 11 23
18 12 8
18 15 8
18 16 3
19 0 5
19 1 34
19 2 29
19 3 16
19 4 29
19 6 5
19 7 1
19 8 5
19 9 24
19 10 4
19 11 26
19 12 10
19 13 31
19 14 6
19 15 39
19 17 39
20 0 20
20 2 36
20 3 1
20 4 28
20 5 36
20 6 19
20 7 37
20 8 28
20 10 33
20 11 6
20 12 23
20 14 34
20 15 40
20 16 17
20 17 9
20 18 22
20 19 12
21 1 16
21 2 14
21 3 27
21 5 11
21 6 5
21 7 24
21 8 16
21 9 7
21 10 30
21 14 36
21 15 16
21 17 2
21 18 12
21 19 13
21 20 31
22 0 37
22 1 31
22 4 33
22 5 23
22 7 9
22 8 7
22 10 37
22 11 8
22 14 14
22 16 34
22 17 6
22 19 15
22 20 18
23 0 16
23 1 8
23 2 15
23 3 3
23 5 17
23 7 19
23 10 20
23 11 15
23 12 15
23 13 6
23 15 11
23 16 8
23 17 36
23 18 36
23 19 9
23 20 34
23 21 18
24 0 40
24 1 22
24 2 35
24 3 19
24 5 24
24 6 3
24 8 22
24 9 30
24 10 21
24 11 6
24 12 1
24 14 22
24 15 36
24 17 22
24 18 23
24 19 14
24 22 25
24 23 22
25 0 35
25 1 16
25 2 2
25 3 4
25 5 15
25 6 32
25 7 17
25 8 7
25 9 9
25 10 9
25 11 1
25 12 16
25 13 10
25 14 24
25 16 34
25 17 11
25 18 14
25 19 4
25 20 29
25 22 6
25 23 35
26 0 15
26 1 24
26 2 16
26 3 29
26 4 8
26 5 1
26 6 12
26 7 29
26 8 38
26 9 2
26 11 23
26 12 35
26 13 22
26 14 29
26 15 33
26 16 1
26 17 16
26 18 34
26 19 20
26 20 3
26 21 2
26 22 27
26 23 21
26 24 18
27 0 26
27 2 15
27 4 10
27 6 9
27 8 5
27 10 14
27 12 6
27 13 7
27 14 34
27 15 1
27 16 37
27 17 38
27 18 35
27 19 22
27 20 31
27 21 26
27 22 35
27 23 33
27 24 35
27 25 6
27 26 26
28 0 10
28 1 39
28 2 1
28 3 9
28 4 34
28 5 23
28 6 38
28 7 29
28 8 9
28 9 5
28 10 39
28 11 18
28 12 10
28 13 12
28 14 16
28 15 23
28 16 22
28 17 24
28 18 19
28 19 32
28 20 7
28 21 25
28 22 11
28 23 18
28 24 22
28 26 9
28 27 3
29 0 9
29 1 35
29 2 19
29 3 26
29 4 27
29 5 36
29 6 27
29 9 18
29 10 36
29 11 13
29 12 39
29 13 21
29 14 25
29 17 13
29 20 5
29 21 18
29 22 25
29 23 5
29 24 36
29 25 15
29 26 13
29 27 21
29 28 16
30 0 39
30 1 39
30 2 27
30 4 30
30 6 36
30 7 8
30 8 2
30 9 30
30 10 36
30 11 32
30 12 34
30 13 12
30 14 10
30 15 10
30 16 35
30 17 16
30 18 6
30 19 37
30 20 34
30 22 33
30 23 33
30 24 16
30 25 34
30 26 6
30 27 30
30 29 35
31 0 30
31 1 34
31 2 12
31 3 14
31 4 28
31 5 3
31 6 17
31 7 29
31 8 4
31 10 1
31 15 7
31 16 22
31 17 14
31 19 24
31 20 36
31 22 34
31 23 22
31 24 3
31 25 12
31 26 37
31 27 38
31 28 15
31 29 33
31 30 25
32 0 40
32 1 37
32 2 22
32 3 3
32 5 20
32 6 5
32 7 32
32 8 9
32 9 6
32 10 4
32 11 14
32 12 21
32 14 1
32 15 8
32 16 32
32 17 10
32 19 3
32 21 13
32 22 30
32 23 22
32 24 23
32 25 6
32 26 39
32 28 1
32 31 8
33 0 37
33 1 31
33 2 30
33 3 33
33 4 34
33 5 9
33 7 22
33 8 37
33 9 29
33 11 17
33 12 21
33 13 14
33 14 15
33 15 2
33 16 8
33 17 38
33 18 22
33 19 8
33 20 9
33 21 15
33 22 18
33 24 34
33 25 37
33 26 13
33 27 2
33 28 22
33 30 28
33 31 14
33 32 10
34 0 40
34 1 27
34 2 10
34 3 24
34 4 33
34 7 32
34 8 3
34 9 27
34 10 1
34 11 16
34 12 25
34 13 19
34 14 11
34 15 36
34 16 7
34 17 27
34 18 20
34 19 11
34 20 30
34 21 3
34 22 27
34 23 33
34 24 39
34 25 27
34 27 18
34 28 16
34 29 9
34 30 22
34 31 16
34 32 22
35 0 33
35 3 37
35 4 34
35 5 23
35 7 30
35 8 7
35 9 19
35 11 40
35 12 5
35 13 23
35 14 21
35 16 17
35 17 27
35 18 4
35 20 14
35 21 32
35 22 14
35 23 24
35 24 19
35 25 35
35 26 19
35 28 13
35 29 18
35 30 32
35 31 37
35 33 9
35 34 5
36 0 8
36 1 33
36 2 19
36 4 21
36 5 35
36 6 10
36 7 4
36 8 27
36 9 30
36 12 5
36 14 14
36 15 23
36 17 19
36 18 21
36 21 21
36 22 12
36 23 2
36 24 3
36 25 15
36 26 27
36 28 23
36 29 21
36 30 21
36 31 1
36 32 21
36 33 15
36 34 34
37 2 34
37 5 6
37 7 5
37 8 40
37 10 38
37 11 3
37 12 32
37 13 11
37 14 3
37 15 31
37 16 40
37 17 35
37 18 11
37 19 1
37 20 23
37 21 39
37 22 11
37 23 38
37 24 37
37 26 38
37 27 14
37 28 34
37 30 32
37 31 7
37 32 33
37 33 9
37 34 8
37 35 14
37 36 31
38 0 9
38 3 12
38 4 10
38 5 34
38 6 8
38 7 15
38 8 27
38 9 33
38 10 3
38 11 34
38 13 19
38 14 24
38 15 30
38 17 8
38 18 20
38 19 31
38 20 10
38 22 36
38 23 19
38 24 17
38 25 9
38 27 1
38 28 20
38 29 27
38 30 10
38 31 15
38 32 19
38 33 35
38 35 1
38 36 19
39 0 16
39 2 32
39 3 12
39 4 13
39 6 10
39 7 26
39 8 27
39 9 8
39 10 8
39 11 12
39 13 2
39 14 35
39 15 39
39 16 39
39 17 16
39 18 25
39 19 17
39 20 35
39 21 34
39 22 15
39 23 39
39 24 38
39 25 4
39 26 19
39 27 1
39 30 34
39 31 25
39 32 6
39 33 27
39 35 13
39 36 34
39 37 27
39 38 25
