60
1 0 46
2 0 8
2 1 2
3 0 48
3 1 6
3 2 23
4 0 18
4 1 29
4 2 59
4 3 31
5 0 78
5 1 70
5 2 62
5 3 52
5 4 17
6 0 49
6 1 71
6 2 36
6 3 58
6 4 33
6 5 12
7 0 3
7 1 26
7 2 26
7 3 23
7 4 69
7 5 13
7 6 39
8 0 12
8 1 42
8 2 72
8 3 33
8 4 2
8 5 26
8 6 41
8 7 30
9 0 72
9 1 69
9 2 12
9 3 5
9 4 70
9 5 17
9 6 27
9 7 49
9 8 45
10 0 52
10 1 7
10 2 39
10 3 60
10 4 77
10 5 6
10 6 3
10 7 7
10 8 55
10 9 75
11 0 52
11 1 25
11 2 1
11 3 6
11 4 62
11 5 25
11 6 2
11 7 57
11 8 20
11 9 16
11 10 49
12 0 9
12 1 66
12 2 76
12 3 19
12 4 11
12 5 45
12 6 38
12 7 16
12 8 44
12 9 64
12 10 6
12 11 34
13 0 58
13 1 51
13 2 52
13 3 48
13 4 65
13 5 15
13 6 24
13 7 29
13 8 24
13 9 18
13 10 68
13 11 64
13 12 52
14 0 54
14 1 51
14 2 34
14 3 42
14 4 18
14 5 55
14 6 48
14 7 48
14 8 9
14 9 74
14 10 54
14 11 6
14 12 59
14 13 15
15 0 62
15 1 27
15 2 44
15 3 77
15 4 53
15 5 50
15 6 52
15 7 37
15 8 14
15 9 13
15 10 65
15 11 22
15 12 33
15 13 45
15 14 74
16 0 38
16 1 20
16 2 26
16 3 13
16 4 36
16 5 17
16 6 46
16 7 20
16 8 31
16 9 49
16 10 52
16 11 50
16 12 24
16 13 39
16 14 69
16 15 45
17 0 15
17 1 73
17 2 69
17 3 24
17 4 35
17 5 35
17 6 18
17 7 71
17 8 68
17 9 72
17 10 17
17 11 23
17 12 56
17 13 73
17 14 70
17 15 75
17 16 58
18 0 54
18 1 73
18 2 57
18 3 4
18 4 72
18 5 5
18 6 13
18 7 35
18 8 7
18 9 59
18 10 26
18 11 21
18 12 28
18 13 29
18 14 44
18 15 10
18 16 46
18 17 42
19 0 13
19 1 12
19 2 48
19 3 75
19 4 62
19 5 13
19 6 64
19 7 67
19 8 64
19 9 41
19 10 3
19 11 22
19 12 15
19 13 6
19 14 79
19 15 36
19 16 58
19 17 53
19 18 39
20 0 1
20 1 12
20 2 10
20 3 1
20 4 7
20 5 17
20 6 52
20 7 64
20 8 22
20 9 13
20 10 3
20 11 4
20 12 78
20 13 30
20 14 7
20 15 12
20 16 75
20 17 27
20 18 26
20 19 11
21 0 46
21 1 59
21 2 54
21 3 40
21 4 46
21 5 62
21 6 65
21 7 20
21 8 10
21 9 69
21 10 23
21 11 67
21 12 22
21 13 12
21 14 61
21 15 21
21 16 44
21 17 54
21 18 66
21 19 46
21 20 1
22 0 15
22 1 16
22 2 35
22 3 77
22 4 57
22 5 41
22 6 53
22 7 13
22 8 42
22 9 63
22 10 62
22 11 44
22 12 10
22 13 13
22 14 74
22 15 26
22 16 25
22 17 77
22 18 75
22 19 18
22 20 47
22 21 54
23 0 8
23 1 26
23 2 17
23 3 51
23 4 5
23 5 41
23 6 76
23 7 46
23 8 3
23 9 56
23 10 14
23 11 5
23 12 80
23 13 18
23 14 68
23 15 69
23 16 56
23 17 13
23 18 50
23 19 29
23 20 50
23 21 31
23 22 79
24 0 66
24 1 23
24 2 51
24 3 30
24 4 12
24 5 36
24 6 76
24 7 34
24 8 13
24 9 8
24 10 20
24 11 78
24 12 69
24 13 28
24 14 64
24 15 39
24 16 4
24 17 49
24 18 76
24 19 67
24 20 16
24 21 49
24 22 36
24 23 65
25 0 50
25 1 18
25 2 1
25 3 56
25 4 17
25 5 4
25 6 9
25 7 66
25 8 26
25 9 24
25 10 12
25 11 71
25 12 44
25 13 38
25 14 34
25 15 37
25 16 49
25 17 62
25 18 50
25 19 3
25 20 26
25 21 20
25 22 48
25 23 33
25 24 51
26 0 12
26 1 72
26 2 36
26 3 10
26 4 10
26 5 12
26 6 28
26 7 21
26 8 79
26 9 19
26 10 77
26 11 56
26 12 19
26 13 3
26 14 75
26 15 1
26 16 64
26 17 74
26 18 46
26 19 65
26 20 31
26 21 43
26 22 60
26 23 27
26 24 44
26 25 32
27 0 27
27 1 48
27 2 31
27 3 28
27 4 66
27 5 72
27 6 28
27 7 80
27 8 18
27 9 22
27 10 63
27 11 44
27 12 29
27 13 12
27 14 74
27 15 57
27 16 18
27 17 26
27 18 51
27 19 56
27 20 72
27 21 69
27 22 17
27 23 27
27 24 23
27 25 70
27 26 53
28 0 67
28 1 51
28 2 78
28 3 59
28 4 66
28 5 49
28 6 66
28 7 30
28 8 53
28 9 28
28 10 36
28 11 15
28 12 3
28 13 64
28 14 72
28 15 52
28 16 43
28 17 26
28 18 35
28 19 48
28 20 45
28 21 20
28 22 45
28 23 29
28 24 60
28 25 75
28 26 29
28 27 71
29 0 80
29 1 39
29 2 79
29 3 24
29 4 39
29 5 23
29 6 33
29 7 80
29 8 31
29 9 62
29 10 48
29 11 13
29 12 15
29 13 33
29 14 70
29 15 22
29 16 75
29 17 44
29 18 74
29 19 1
29 20 43
29 21 50
29 22 77
29 23 47
29 24 5
29 25 14
29 26 72
29 27 47
29 28 69
30 0 24
30 1 35
30 2 46
30 3 54
30 4 49
30 5 42
30 6 16
30 7 14
30 8 77
30 9 54
30 10 53
30 11 51
30 12 26
30 13 77
30 14 41
30 15 48
30 16 59
30 17 50
30 18 25
30 19 59
30 20 5
30 21 73
30 22 60
30 23 35
30 24 3
30 25 13
30 26 70
30 27 46
30 28 76
30 29 49
31 0 76
31 1 51
31 2 60
31 3 24
31 4 61
31 5 11
31 6 39
31 7 75
31 8 48
31 9 77
31 10 42
31 11 69
31 12 19
31 13 17
31 14 60
31 15 14
31 16 24
31 17 33
31 18 54
31 19 77
31 20 37
31 21 36
31 22 41
31 23 76
31 24 62
31 25 36
31 26 9
31 27 1
31 28 24
31 29 34
31 30 58
32 0 59
32 1 77
32 2 41
32 3 71
32 4 36
32 5 12
32 6 10
32 7 59
32 8 54
32 9 37
32 10 18
32 11 66
32 12 1
32 13 56
32 14 48
32 15 74
32 16 62
32 17 3
32 18 76
32 19 56
32 20 65
32 21 62
32 22 1
32 23 6
32 24 42
32 25 37
32 26 8
32 27 46
32 28 70
32 29 71
32 30 63
32 31 18
33 0 78
33 1 35
33 2 53
33 3 49
33 4 40
33 5 79
33 6 18
33 7 16
33 8 1
33 9 70
33 10 44
33 11 4
33 12 5
33 13 2
33 14 13
33 15 44
33 16 28
33 17 14
33 18 18
33 19 59
33 20 57
33 21 48
33 22 13
33 23 27
33 24 39
33 25 79
33 26 4
33 27 58
33 28 36
33 29 27
33 30 54
33 31 16
33 32 45
34 0 70
34 1 73
34 2 40
34 3 9
34 4 43
34 5 64
34 6 24
34 7 6
34 8 38
34 9 54
34 10 17
34 11 55
34 12 39
34 13 80
34 14 43
34 15 41
34 16 47
34 17 69
34 18 48
34 19 54
34 20 75
34 21 26
34 22 56
34 23 74
34 24 63
34 25 4
34 26 68
34 27 53
34 28 30
34 29 60
34 30 66
34 31 17
34 32 68
34 33 52
35 0 16
35 1 72
35 2 37
35 3 70
35 4 39
35 5 51
35 6 67
35 7 29
35 8 40
35 9 23
35 10 9
35 11 68
35 12 32
35 13 66
35 14 76
35 15 78
35 16 32
35 17 12
35 18 75
35 19 48
35 20 60
35 21 3
35 22 75
35 23 67
35 24 51
35 25 44
35 26 17
35 27 22
35 28 5
35 29 3
35 30 38
35 31 56
35 32 71
35 33 29
35 34 17
36 0 3
36 1 53
36 2 7
36 3 74
36 4 23
36 5 55
36 6 64
36 7 9
36 8 78
36 9 55
36 10 52
36 11 10
36 12 7
36 13 75
36 14 71
36 15 18
36 16 46
36 17 61
36 18 10
36 19 48
36 20 2
36 21 45
36 22 19
36 23 70
36 24 4
36 25 10
36 26 31
36 27 58
36 28 23
36 29 49
36 30 58
36 31 36
36 32 28
36 33 40
36 34 26
36 35 33
37 0 79
37 1 45
37 2 56
37 3 17
37 4 12
37 5 29
37 6 5
37 7 47
37 8 6
37 9 13
37 10 69
37 11 29
37 12 21
37 13 79
37 14 33
37 15 28
37 16 4
37 17 28
37 18 59
37 19 54
37 20 19
37 21 70
37 22 66
37 23 75
37 24 70
37 25 61
37 26 75
37 27 36
37 28 24
37 29 77
37 30 51
37 31 13
37 32 59
37 33 27
37 34 67
37 35 12
37 36 36
38 0 20
38 1 66
38 2 68
38 3 1
38 4 38
38 5 13
38 6 17
38 7 4
38 8 11
38 9 80
38 10 56
38 11 2
38 12 22
38 13 77
38 14 48
38 15 28
38 16 13
38 17 80
38 18 12
38 19 11
38 20 33
38 21 38
38 22 44
38 23 49
38 24 50
38 25 53
38 26 50
38 27 39
38 28 2
38 29 29
38 30 1
38 31 22
38 32 33
38 33 16
38 34 66
38 35 8
38 36 18
38 37 74
39 0 29
39 1 44
39 2 61
39 3 60
39 4 29
39 5 55
39 6 54
39 7 46
39 8 55
39 9 8
39 10 28
39 11 43
39 12 40
39 13 65
39 14 62
39 15 27
39 16 35
39 17 20
39 18 8
39 19 19
39 20 17
39 21 60
39 22 69
39 23 54
39 24 53
39 25 12
39 26 42
39 27 74
39 28 22
39 29 48
39 30 8
39 31 17
39 32 43
39 33 41
39 34 54
39 35 17
39 36 64
39 37 22
39 38 26
40 0 70
40 1 39
40 2 28
40 3 47
40 4 79
40 5 57
40 6 51
40 7 47
40 8 72
40 9 57
40 10 22
40 11 39
40 12 26
40 13 58
40 14 37
40 15 58
40 16 20
40 17 14
40 18 57
40 19 29
40 20 7
40 21 15
40 22 57
40 23 38
40 24 76
40 25 79
40 26 61
40 27 26
40 28 42
40 29 41
40 30 37
40 31 62
40 32 61
40 33 34
40 34 79
40 35 26
40 36 56
40 37 33
40 38 18
40 39 42
41 0 66
41 1 13
41 2 60
41 3 58
41 4 77
41 5 60
41 6 79
41 7 41
41 8 48
41 9 14
41 10 47
41 11 12
41 12 2
41 13 17
41 14 38
41 15 74
41 16 63
41 17 74
41 18 8
41 19 19
41 20 24
41 21 42
41 22 19
41 23 70
41 24 50
41 25 18
41 26 66
41 27 53
41 28 61
41 29 47
41 30 4
41 31 46
41 32 2
41 33 20
41 34 52
41 35 80
41 36 7
41 37 6
41 38 76
41 39 45
41 40 15
42 0 26
42 1 22
42 2 77
42 3 22
42 4 1
42 5 55
42 6 40
42 7 5
42 8 73
42 9 14
42 10 33
42 11 44
42 12 59
42 13 67
42 14 7
42 15 15
42 16 25
42 17 43
42 18 62
42 19 69
42 20 77
42 21 18
42 22 42
42 23 37
42 24 38
42 25 63
42 26 17
42 27 41
42 28 8
42 29 12
42 30 7
42 31 23
42 32 53
42 33 8
42 34 13
42 35 34
42 36 58
42 37 67
42 38 20
42 39 52
42 40 20
42 41 34
43 0 57
43 1 49
43 2 32
43 3 50
43 4 75
43 5 41
43 6 16
43 7 45
43 8 25
43 9 18
43 10 35
43 11 43
43 12 21
43 13 12
43 14 64
43 15 57
43 16 25
43 17 63
43 18 18
43 19 40
43 20 42
43 21 75
43 22 6
43 23 6
43 24 63
43 25 3
43 26 30
43 27 75
43 28 45
43 29 73
43 30 34
43 31 77
43 32 22
43 33 79
43 34 34
43 35 1
43 36 31
43 37 66
43 38 77
43 39 78
43 40 65
43 41 39
43 42 38
44 0 20
44 1 22
44 2 3
44 3 5
44 4 46
44 5 59
44 6 10
44 7 21
44 8 72
44 9 79
44 10 65
44 11 49
44 12 65
44 13 77
44 14 48
44 15 16
44 16 41
44 17 47
44 18 47
44 19 36
44 20 40
44 21 76
44 22 26
44 23 70
44 24 30
44 25 24
44 26 39
44 27 43
44 28 35
44 29 6
44 30 54
44 31 40
44 32 8
44 33 78
44 34 69
44 35 30
44 36 9
44 37 66
44 38 27
44 39 70
44 40 13
44 41 52
44 42 12
44 43 80
45 0 39
45 1 26
45 2 29
45 3 13
45 4 37
45 5 51
45 6 55
45 7 29
45 8 19
45 9 53
45 10 24
45 11 26
45 12 74
45 13 61
45 14 68
45 15 19
45 16 5
45 17 51
45 18 1
45 19 26
45 20 11
45 21 14
45 22 11
45 23 40
45 24 39
45 25 16
45 26 53
45 27 72
45 28 71
45 29 12
45 30 51
45 31 77
45 32 53
45 33 29
45 34 22
45 35 23
45 36 78
45 37 48
45 38 33
45 39 44
45 40 62
45 41 68
45 42 38
45 43 24
45 44 54
46 0 47
46 1 13
46 2 7
46 3 29
46 4 9
46 5 73
46 6 43
46 7 51
46 8 37
46 9 79
46 10 25
46 11 16
46 12 16
46 13 61
46 14 70
46 15 35
46 16 3
46 17 28
46 18 54
46 19 19
46 20 74
46 21 73
46 22 5
46 23 32
46 24 29
46 25 4
46 26 17
46 27 2
46 28 67
46 29 24
46 30 51
46 31 21
46 32 51
46 33 43
46 34 19
46 35 9
46 36 50
46 37 66
46 38 72
46 39 5
46 40 48
46 41 9
46 42 14
46 43 4
46 44 22
46 45 44
47 0 27
47 1 61
47 2 8
47 3 51
47 4 11
47 5 30
47 6 42
47 7 28
47 8 73
47 9 20
47 10 14
47 11 74
47 12 57
47 13 9
47 14 22
47 15 73
47 16 75
47 17 76
47 18 21
47 19 62
47 20 32
47 21 23
47 22 18
47 23 15
47 24 66
47 25 71
47 26 76
47 27 52
47 28 25
47 29 78
47 30 29
47 31 12
47 32 22
47 33 29
47 34 69
47 35 79
47 36 49
47 37 28
47 38 66
47 39 8
47 40 42
47 41 79
47 42 8
47 43 19
47 44 3
47 45 23
47 46 44
48 0 10
48 1 76
48 2 36
48 3 57
48 4 26
48 5 19
48 6 78
48 7 21
48 8 23
48 9 52
48 10 46
48 11 68
48 12 8
48 13 25
48 14 80
48 15 29
48 16 62
48 17 43
48 18 13
48 19 74
48 20 4
48 21 1
48 22 39
48 23 80
48 24 77
48 25 26
48 26 2
48 27 31
48 28 80
48 29 13
48 30 66
48 31 11
48 32 25
48 33 78
48 34 70
48 35 44
48 36 16
48 37 61
48 38 20
48 39 68
48 40 16
48 41 16
48 42 36
48 43 6
48 44 18
48 45 34
48 46 9
48 47 38
49 0 54
49 1 19
49 2 35
49 3 31
49 4 31
49 5 26
49 6 8
49 7 12
49 8 80
49 9 64
49 10 46
49 11 71
49 12 77
49 13 39
49 14 73
49 15 6
49 16 22
49 17 22
49 18 50
49 19 4
49 20 66
49 21 62
49 22 7
49 23 14
49 24 55
49 25 4
49 26 48
49 27 13
49 28 78
49 29 3
49 30 18
49 31 52
49 32 77
49 33 13
49 34 57
49 35 22
49 36 43
49 37 78
49 38 27
49 39 58
49 40 33
49 41 1
49 42 46
49 43 39
49 44 39
49 45 19
49 46 49
49 47 25
49 48 16
50 0 40
50 1 26
50 2 45
50 3 79
50 4 17
50 5 24
50 6 2
50 7 8
50 8 2
50 9 64
50 10 74
50 11 30
50 12 3
50 13 80
50 14 78
50 15 47
50 16 11
50 17 52
50 18 73
50 19 62
50 20 22
50 21 10
50 22 72
50 23 35
50 24 73
50 25 50
50 26 38
50 27 39
50 28 67
50 29 57
50 30 14
50 31 43
50 32 3
50 33 56
50 34 79
50 35 59
50 36 49
50 37 32
50 38 8
50 39 24
50 40 47
50 41 33
50 42 59
50 43 33
50 44 22
50 45 66
50 46 6
50 47 20
50 48 39
50 49 1
51 0 29
51 1 12
51 2 67
51 3 5
51 4 1
51 5 21
51 6 64
51 7 66
51 8 76
51 9 23
51 10 30
51 11 53
51 12 57
51 13 74
51 14 40
51 15 38
51 16 13
51 17 24
51 18 38
51 19 45
51 20 37
51 21 42
51 22 17
51 23 22
51 24 4
51 25 80
51 26 71
51 27 53
51 28 42
51 29 20
51 30 36
51 31 39
51 32 66
51 33 22
51 34 74
51 35 27
51 36 75
51 37 75
51 38 55
51 39 59
51 40 21
51 41 47
51 42 75
51 43 35
51 44 11
51 45 6
51 46 4
51 47 24
51 48 18
51 49 77
51 50 56
52 0 36
52 1 74
52 2 28
52 3 66
52 4 52
52 5 57
52 6 67
52 7 65
52 8 3
52 9 24
52 10 34
52 11 40
52 12 54
52 13 80
52 14 26
52 15 74
52 16 48
52 17 44
52 18 20
52 19 61
52 20 21
52 21 32
52 22 24
52 23 9
52 24 42
52 25 18
52 26 54
52 27 71
52 28 55
52 29 6
52 30 78
52 31 80
52 32 17
52 33 38
52 34 44
52 35 16
52 36 6
52 37 33
52 38 26
52 39 7
52 40 66
52 41 7
52 42 5
52 43 69
52 44 74
52 45 44
52 46 72
52 47 55
52 48 75
52 49 3
52 50 56
52 51 58
53 0 47
53 1 31
53 2 43
53 3 21
53 4 60
53 5 59
53 6 27
53 7 46
53 8 65
53 9 60
53 10 41
53 11 21
53 12 25
53 13 52
53 14 2
53 15 28
53 16 26
53 17 11
53 18 38
53 19 24
53 20 23
53 21 62
53 22 64
53 23 66
53 24 23
53 25 41
53 26 74
53 27 1
53 28 56
53 29 33
53 30 26
53 31 21
53 32 3
53 33 55
53 34 37
53 35 6
53 36 17
53 37 62
53 38 37
53 39 39
53 40 46
53 41 66
53 42 39
53 43 79
53 44 38
53 45 80
53 46 56
53 47 76
53 48 21
53 49 36
53 50 64
53 51 4
53 52 70
54 0 66
54 1 44
54 2 16
54 3 33
54 4 50
54 5 45
54 6 78
54 7 36
54 8 66
54 9 53
54 10 33
54 11 1
54 12 52
54 13 14
54 14 69
54 15 19
54 16 21
54 17 13
54 18 20
54 19 28
54 20 69
54 21 44
54 22 57
54 23 47
54 24 34
54 25 36
54 26 61
54 27 64
54 28 3
54 29 22
54 30 19
54 31 16
54 32 56
54 33 27
54 34 59
54 35 35
54 36 66
54 37 13
54 38 30
54 39 71
54 40 4
54 41 52
54 42 78
54 43 71
54 44 68
54 45 56
54 46 1
54 47 14
54 48 22
54 49 12
54 50 4
54 51 1
54 52 61
54 53 75
55 0 28
55 1 49
55 2 50
55 3 79
55 4 79
55 5 62
55 6 1
55 7 13
55 8 46
55 9 71
55 10 17
55 11 23
55 12 37
55 13 73
55 14 49
55 15 6
55 16 12
55 17 57
55 18 66
55 19 38
55 20 74
55 21 74
55 22 45
55 23 66
55 24 31
55 25 33
55 26 41
55 27 54
55 28 11
55 29 61
55 30 16
55 31 32
55 32 55
55 33 38
55 34 40
55 35 60
55 36 57
55 37 66
55 38 30
55 39 79
55 40 75
55 41 43
55 42 1
55 43 40
55 44 15
55 45 55
55 46 36
55 47 54
55 48 59
55 49 43
55 50 24
55 51 47
55 52 66
55 53 14
55 54 8
56 0 1
56 1 59
56 2 20
56 3 51
56 4 33
56 5 15
56 6 8
56 7 3
56 8 8
56 9 56
56 10 78
56 11 44
56 12 67
56 13 27
56 14 31
56 15 32
56 16 33
56 17 63
56 18 48
56 19 74
56 20 77
56 21 64
56 22 68
56 23 15
56 24 11
56 25 44
56 26 65
56 27 34
56 28 39
56 29 18
56 30 29
56 31 25
56 32 27
56 33 8
56 34 60
56 35 61
56 36 29
56 37 57
56 38 52
56 39 57
56 40 41
56 41 4
56 42 55
56 43 23
56 44 76
56 45 73
56 46 39
56 47 3
56 48 12
56 49 48
56 50 22
56 51 33
56 52 33
56 53 62
56 54 49
56 55 35
57 0 39
57 1 25
57 2 61
57 3 29
57 4 57
57 5 5
57 6 68
57 7 70
57 8 30
57 9 16
57 10 59
57 11 63
57 12 61
57 13 37
57 14 13
57 15 52
57 16 30
57 17 33
57 18 73
57 19 50
57 20 15
57 21 49
57 22 61
57 23 29
57 24 67
57 25 16
57 26 36
57 27 75
57 28 26
57 29 41
57 30 14
57 31 2
57 32 29
57 33 40
57 34 16
57 35 72
57 36 59
57 37 6
57 38 39
57 39 63
57 40 7
57 41 68
57 42 49
57 43 66
57 44 1
57 45 69
57 46 27
57 47 53
57 48 41
57 49 74
57 50 41
57 51 25
57 52 6
57 53 6
57 54 21
57 55 71
57 56 2
58 0 20
58 1 45
58 2 30
58 3 59
58 4 63
58 5 59
58 6 32
58 7 2
58 8 61
58 9 43
58 10 68
58 11 66
58 12 15
58 13 42
58 14 61
58 15 63
58 16 33
58 17 27
58 18 52
58 19 44
58 20 29
58 21 63
58 22 31
58 23 65
58 24 45
58 25 70
58 26 25
58 27 31
58 28 72
58 29 34
58 30 7
58 31 78
58 32 50
58 33 42
58 34 35
58 35 17
58 36 8
58 37 24
58 38 76
58 39 18
58 40 24
58 41 47
58 42 34
58 43 80
58 44 78
58 45 45
58 46 47
58 47 79
58 48 8
58 49 23
58 50 1
58 51 63
58 52 71
58 53 72
58 54 51
58 55 9
58 56 48
58 57 63
59 0 18
59 1 8
59 2 77
59 3 78
59 4 57
59 5 54
59 6 63
59 7 55
59 8 8
59 9 57
59 10 11
59 11 50
59 12 42
59 13 8
59 14 21
59 15 47
59 16 57
59 17 73
59 18 1
59 19 32
59 20 46
59 21 24
59 22 40
59 23 16
59 24 12
59 25 78
59 26 19
59 27 63
59 28 68
59 29 9
59 30 76
59 31 28
59 32 56
59 33 22
59 34 71
59 35 62
59 36 17
59 37 52
59 38 20
59 39 50
59 40 73
59 41 44
59 42 14
59 43 10
59 44 63
59 45 10
59 46 15
59 47 1
59 48 1
59 49 60
59 50 23
59 51 78
59 52 77
59 53 34
59 54 71
59 55 2
59 56 10
59 57 12
59 58 39
