30
1 0 42
2 0 67
2 1 35
3 0 46
4 0 70
4 2 75
4 3 32
5 0 80
5 1 51
5 2 26
5 4 17
6 0 23
6 1 11
6 2 31
6 3 80
6 4 27
6 5 19
7 2 5
7 4 45
8 0 12
8 1 9
8 2 16
8 4 76
8 7 44
9 0 65
9 1 9
9 2 78
9 3 63
9 4 78
9 5 16
9 7 18
10 1 38
10 2 12
10 3 69
10 4 24
10 5 76
10 6 15
10 7 40
10 8 57
11 0 40
11 1 43
11 3 63
11 5 79
11 6 16
12 0 66
12 1 44
12 2 38
12 3 53
12 4 4
12 5 31
12 6 10
12 7 53
12 9 51
12 11 6
13 0 31
13 2 53
13 3 17
13 4 54
13 5 28
13 6 40
13 8 47
13 10 65
13 11 73
13 12 44
14 0 72
14 1 17
14 2 21
14 3 18
14 4 20
14 8 61
14 9 29
14 11 48
14 13 69
15 0 40
15 2 20
15 3 31
15 4 49
15 5 35
15 6 45
15 9 74
15 11 10
15 12 73
15 13 77
15 14 80
16 0 63
16 1 58
16 2 41
16 3 37
16 4 23
16 5 36
16 6 79
16 7 1
16 9 9
16 10 27
16 11 59
16 12 47
16 13 7
16 14 79
17 0 44
17 1 61
17 2 61
17 3 51
17 4 23
17 5 25
17 6 16
17 7 29
17 8 6
17 9 55
17 10 45
17 13 6
17 14 53
17 15 10
18 0 30
18 1 8
18 2 41
18 4 68
18 5 39
18 9 71
18 12 31
18 13 4
18 14 49
18 15 18
18 16 70
19 0 20
19 2 43
19 4 43
19 5 2
19 6 11
19 7 55
19 8 4
19 10 14
19 11 54
19 13 24
19 16 12
19 17 59
19 18 31
20 0 14
20 1 9
20 2 8
20 3 9
20 4 63
20 5 61
20 6 19
20 7 28
20 8 30
20 10 22
20 11 13
20 12 11
20 14 69
20 16 33
20 17 28
20 18 16
21 0 29
21 1 75
21 2 77
21 3 38
21 4 9
21 6 64
21 7 16
21 10 8
21 11 28
21 14 35
21 15 63
21 16 74
21 17 18
21 18 54
21 19 22
21 20 20
22 0 25
22 3 57
22 4 34
22 5 77
22 6 78
22 7 79
22 8 57
22 9 31
22 10 79
22 12 79
22 13 26
22 14 72
22 18 33
22 19 45
22 20 40
23 0 33
23 1 22
23 2 69
23 4 35
23 5 24
23 7 48
23 8 15
23 11 77
23 12 75
23 13 43
23 14 49
23 16 24
23 18 32
23 19 79
23 20 52
23 21 64
23 22 30
24 0 25
24 1 43
24 3 20
24 6 69
24 7 13
24 8 37
24 9 53
24 10 79
24 12 50
24 15 11
24 16 59
24 17 32
24 18 59
24 21 62
24 22 22
24 23 79
25 1 70
25 2 11
25 4 5
25 5 9
25 7 9
25 8 17
25 9 33
25 10 53
25 13 30
25 15 56
25 16 19
25 17 47
25 20 41
25 21 37
25 24 51
26 0 20
26 1 8
26 5 22
26 10 54
26 12 2
26 14 8
26 15 69
26 16 15
26 17 79
26 20 73
26 21 53
26 22 26
26 24 14
26 25 65
27 3 44
27 7 60
27 8 59
27 9 17
27 11 10
27 12 53
27 14 30
27 16 20
27 19 80
27 20 80
27 22 68
28 0 25
28 1 72
28 2 64
28 3 12
28 4 70
28 5 61
28 6 20
28 8 80
28 9 62
28 10 21
28 12 74
28 13 19
28 15 25
28 17 11
28 19 19
28 21 10
28 23 55
28 24 40
28 26 47
28 27 67
29 0 52
29 1 69
29 2 37
29 3 60
29 6 39
29 10 5
29 11 4
29 12 27
29 14 49
29 15 27
29 17 61
29 18 51
29 20 68
29 21 79
29 22 43
29 23 69
29 24 59
29 25 75
29 27 33
29 28 22
