40
9 0 4
9 5 10
10 1 4
11 2 15
11 4 12
11 5 16
11 6 10
12 10 23
13 7 38
15 7 26
15 12 13
15 13 31
16 7 27
16 9 1
16 13 34
17 7 7
17 8 20
18 7 40
18 12 27
19 15 24
20 15 9
20 18 7
21 20 6
22 4 8
22 20 10
23 0 21
23 7 40
23 8 34
23 10 24
24 12 4
24 15 25
25 1 4
25 7 7
25 11 26
25 18 13
25 21 8
26 2 16
26 9 28
26 21 12
26 22 10
26 24 38
27 12 2
27 18 12
28 8 29
28 17 30
29 2 4
29 7 19
29 8 39
30 1 15
30 21 21
30 22 28
30 25 28
30 29 6
31 4 11
31 20 23
32 4 9
32 8 1
32 19 39
33 4 39
33 11 25
33 23 20
34 11 14
34 17 22
35 3 33
35 6 17
35 26 9
35 34 17
36 3 3
36 5 36
36 18 1
36 31 17
37 6 38
37 7 39
37 10 11
37 11 13
37 18 12
37 22 30
37 26 17
37 27 5
37 33 26
38 12 1
38 19 2
38 22 35
38 26 25
38 31 27
39 3 7
39 4 29
39 12 1
39 18 17
39 27 38
