50
1 0 2
5 4 13
6 1 9
6 3 1
6 4 1
7 6 10
8 3 1
9 0 7
9 3 6
9 6 7
10 1 1
10 5 16
10 6 13
11 0 3
11 5 7
12 7 11
13 6 5
14 2 18
14 4 14
14 5 9
14 6 13
15 0 20
15 2 10
15 11 15
16 4 17
16 12 4
16 14 1
16 15 15
17 2 20
17 16 17
18 9 5
18 12 8
18 15 3
18 17 11
19 8 7
19 12 7
19 13 11
19 14 1
19 16 18
20 2 1
20 6 2
20 9 9
20 17 10
21 2 8
21 5 11
21 6 1
21 10 10
22 3 1
22 4 8
22 5 3
22 6 17
22 9 16
22 11 5
22 12 15
22 17 2
23 13 13
23 14 3
23 15 12
23 16 3
23 22 16
24 0 16
24 1 14
24 18 13
24 19 18
24 23 9
25 1 6
25 2 7
25 4 11
25 17 3
26 10 11
26 11 10
26 13 14
26 14 2
26 18 12
27 5 6
27 6 4
27 11 20
27 15 1
27 16 7
28 2 11
28 14 20
28 21 17
29 11 10
29 14 16
29 16 12
29 19 1
29 21 12
29 24 1
29 25 5
29 28 14
30 1 10
30 3 13
30 6 11
30 19 13
30 20 10
30 21 19
30 22 12
30 24 17
30 28 13
31 7 17
31 9 18
31 11 1
31 12 4
31 13 17
31 17 13
31 20 9
31 21 8
31 26 20
31 28 7
32 0 16
32 1 2
32 10 17
32 16 18
32 17 14
32 19 20
32 26 18
32 27 10
32 31 18
33 0 18
33 2 16
33 13 18
33 32 18
34 0 8
34 6 10
34 7 13
34 12 19
34 16 5
34 20 17
34 28 2
34 32 4
34 33 9
35 1 18
35 8 16
35 16 6
35 30 18
36 1 7
36 7 13
36 20 20
36 21 7
36 33 12
37 1 7
37 2 12
37 5 2
37 6 11
37 7 5
37 15 13
37 20 17
37 32 2
37 35 7
37 36 19
38 2 20
38 5 4
38 15 7
38 30 15
38 37 12
39 2 5
39 3 20
39 5 6
39 10 17
39 30 17
40 9 13
40 26 15
40 35 19
41 0 10
41 2 7
41 8 2
41 14 2
41 16 10
41 17 19
41 26 7
41 31 20
41 40 14
42 2 16
42 6 13
42 22 13
42 24 1
42 33 11
43 5 7
43 17 3
43 18 18
43 23 7
43 30 13
43 35 13
43 40 7
44 1 8
44 3 8
44 5 8
44 9 7
44 12 1
44 13 9
44 21 7
44 22 20
44 23 16
44 25 17
44 34 10
44 36 6
44 37 10
45 4 17
45 10 12
45 16 8
45 17 8
45 19 7
45 23 11
45 24 4
45 29 18
45 30 1
45 34 7
45 40 9
45 41 11
45 42 14
45 44 16
46 12 11
46 13 1
46 19 10
46 26 2
46 33 19
46 39 10
46 44 1
47 2 16
47 5 3
47 11 16
47 12 7
47 15 5
47 20 5
47 21 6
47 24 6
47 33 18
47 41 7
47 42 17
47 44 19
47 45 12
48 2 11
48 3 11
48 4 1
48 13 1
48 14 5
48 16 4
48 17 16
48 23 20
48 24 10
48 27 18
48 29 10
48 30 8
48 33 6
48 40 2
49 8 2
49 10 2
49 12 19
49 25 7
49 35 13
49 41 6
49 42 1
49 44 13
49 46 14
