60
3 1 54
4 1 84
5 3 103
8 6 78
9 2 71
11 0 61
11 7 112
11 8 62
12 1 105
12 11 68
14 7 36
15 7 25
17 4 114
17 8 8
17 9 100
18 1 99
19 17 76
20 8 155
21 16 123
22 5 7
22 12 80
22 18 96
22 19 16
23 0 121
23 2 125
23 9 91
23 13 39
23 20 78
24 12 99
25 2 142
25 16 35
25 19 91
26 3 35
26 8 46
26 19 147
27 1 130
27 4 140
27 15 11
28 1 50
28 2 49
28 4 68
28 5 102
28 7 91
28 22 42
29 27 96
30 2 31
30 6 40
30 27 66
31 3 1
31 24 10
32 20 63
35 4 74
35 11 94
35 25 72
35 26 93
35 27 160
35 30 149
35 33 158
36 0 109
37 0 55
37 19 106
37 20 124
37 27 111
37 31 93
38 5 139
38 6 21
38 16 144
38 23 114
38 26 121
38 28 41
38 30 103
38 32 52
39 7 59
39 22 14
39 35 22
40 5 123
40 10 62
40 29 8
41 15 3
41 24 130
41 26 135
41 33 14
42 11 92
42 12 157
42 26 28
42 37 41
43 8 138
43 10 88
43 18 128
43 27 20
43 40 131
44 9 3
44 12 136
44 29 137
45 7 69
45 37 53
45 38 2
45 40 85
46 4 40
46 14 45
46 23 160
46 35 63
46 36 36
46 38 4
46 40 81
47 3 154
47 7 22
47 18 20
47 25 98
47 29 18
47 34 23
47 39 146
47 41 66
47 42 129
48 0 138
48 25 139
48 42 75
49 5 6
49 18 36
49 28 32
49 43 127
49 46 83
50 13 30
51 14 11
51 23 44
51 28 67
51 33 62
51 35 67
51 40 23
52 20 115
52 31 10
52 36 149
53 3 125
53 7 152
53 48 109
54 5 69
54 18 17
54 32 83
54 42 139
55 1 122
55 6 66
55 22 127
56 11 24
56 38 127
56 45 132
57 4 94
57 34 16
57 53 89
58 2 30
58 17 126
58 31 160
58 32 49
58 33 86
58 35 62
58 36 21
58 40 99
58 50 81
59 4 25
59 10 3
59 15 139
59 17 88
59 22 93
59 44 58
59 45 150
