50
1 0 8
2 0 1
2 1 10
4 0 5
4 2 5
4 3 5
5 1 6
5 3 4
6 0 5
6 3 7
6 5 1
7 0 5
7 3 2
7 4 6
7 5 5
8 0 5
8 1 7
8 3 9
8 5 7
9 0 3
9 6 9
9 7 8
10 0 4
10 1 8
10 2 10
10 4 2
10 6 7
10 7 4
10 9 7
11 1 6
11 2 4
11 3 2
11 4 7
11 7 7
11 8 5
11 10 4
12 0 6
12 1 7
12 2 5
12 3 6
12 4 10
12 6 9
12 8 9
12 9 9
12 10 10
13 0 7
13 1 4
13 2 6
13 3 2
13 5 4
13 9 1
13 10 3
13 12 8
14 0 5
14 3 2
14 5 7
14 8 3
15 0 2
15 1 7
15 4 9
15 6 6
15 9 10
15 10 9
15 11 3
15 12 10
16 0 6
16 3 2
16 5 10
16 6 10
16 10 1
16 14 6
16 15 8
17 0 3
17 1 4
17 2 5
17 3 9
17 6 8
17 7 3
17 8 5
17 9 6
17 11 7
17 12 9
17 14 2
17 15 1
17 16 1
18 0 9
18 1 6
18 2 5
18 3 6
18 5 3
18 6 10
18 7 2
18 8 1
18 11 2
18 12 6
18 15 1
18 17 8
19 0 2
19 1 4
19 3 6
19 7 8
19 8 2
19 9 5
19 10 2
19 11 7
19 12 3
19 13 8
19 15 9
19 16 8
19 18 3
20 0 2
20 1 8
20 4 4
20 5 8
20 6 8
20 7 10
20 11 9
20 14 9
20 16 10
20 17 2
20 19 4
21 0 2
21 3 8
21 4 9
21 7 7
21 8 8
21 9 9
21 11 1
21 13 10
21 14 5
21 15 2
21 17 9
21 18 9
21 19 2
22 3 10
22 7 2
22 9 10
22 11 2
22 12 2
22 15 1
22 16 8
22 17 7
22 18 6
22 20 3
22 21 2
23 0 5
23 2 8
23 3 6
23 7 9
23 9 7
23 10 3
23 12 7
23 13 3
23 14 10
23 15 5
23 17 9
23 19 9
23 20 5
23 21 9
23 22 8
24 3 9
24 4 6
24 5 4
24 10 4
24 11 3
24 12 6
24 14 2
24 15 8
24 20 9
24 21 2
24 22 9
25 0 9
25 1 5
25 2 9
25 3 1
25 4 3
25 6 7
25 8 2
25 9 6
25 12 7
25 13 3
25 14 1
25 15 6
25 16 2
25 17 9
25 18 7
25 21 6
25 22 2
25 24 3
26 1 10
26 5 6
26 7 8
26 8 1
26 9 10
26 10 2
26 11 5
26 13 4
26 14 3
26 18 4
26 19 4
26 20 6
26 21 6
26 23 4
26 24 10
26 25 8
27 0 4
27 2 3
27 4 2
27 5 1
27 9 8
27 15 6
27 16 9
27 17 8
27 19 4
27 20 8
27 21 4
27 24 1
27 25 3
28 0 8
28 1 5
28 4 2
28 5 4
28 6 10
28 8 7
28 10 3
28 11 5
28 13 6
28 14 10
28 15 3
28 17 4
28 18 1
28 20 1
28 21 2
28 25 1
28 27 6
29 0 2
29 1 7
29 3 4
29 5 2
29 6 10
29 13 4
29 14 6
29 15 2
29 16 6
29 18 1
29 20 3
29 21 3
29 23 5
29 25 6
29 26 5
30 0 1
30 1 2
30 2 4
30 4 8
30 7 4
30 8 4
30 10 8
30 11 9
30 14 5
30 17 4
30 19 2
30 20 6
30 21 7
30 23 6
30 25 10
30 26 7
30 27 10
30 28 5
30 29 1
31 2 3
31 4 4
31 5 7
31 6 10
31 7 2
31 12 8
31 13 4
31 14 6
31 15 7
31 17 8
31 18 8
31 19 6
31 22 5
31 24 5
31 26 1
31 27 3
31 29 4
32 0 4
32 3 7
32 4 3
32 5 6
32 7 1
32 8 10
32 9 1
32 10 7
32 12 7
32 14 10
32 17 2
32 19 6
32 20 6
32 22 1
32 23 10
32 24 4
32 28 2
32 29 1
32 31 5
33 1 4
33 3 3
33 4 3
33 5 3
33 6 1
33 7 7
33 8 8
33 9 10
33 10 4
33 11 5
33 13 9
33 14 4
33 15 2
33 20 8
33 26 6
33 27 1
33 28 8
33 29 3
33 30 9
34 0 9
34 1 1
34 2 8
34 3 4
34 4 2
34 5 3
34 6 8
34 14 8
34 16 6
34 18 4
34 20 4
34 21 10
34 22 1
34 23 1
34 24 9
34 25 4
34 28 7
34 30 9
34 31 10
34 32 7
35 0 4
35 2 1
35 3 8
35 5 9
35 6 7
35 8 5
35 9 2
35 10 6
35 11 3
35 12 2
35 13 1
35 14 3
35 15 2
35 16 1
35 18 1
35 19 1
35 20 2
35 22 8
35 26 3
35 29 7
35 31 3
35 32 5
36 0 10
36 2 3
36 3 2
36 6 4
36 7 6
36 9 3
36 11 5
36 13 6
36 14 2
36 16 7
36 17 4
36 18 8
36 21 5
36 23 9
36 25 6
36 26 1
36 28 8
36 30 10
36 33 4
37 0 4
37 5 3
37 6 1
37 7 9
37 9 5
37 11 2
37 12 8
37 13 9
37 17 6
37 18 1
37 19 6
37 20 10
37 23 7
37 26 1
37 28 8
37 30 8
37 31 5
37 32 6
37 33 10
38 0 1
38 1 9
38 2 4
38 4 10
38 5 4
38 8 1
38 10 4
38 11 10
38 13 3
38 16 4
38 20 9
38 21 4
38 22 1
38 23 4
38 24 2
38 26 1
38 27 9
38 28 1
38 29 7
38 30 10
38 31 4
38 33 3
38 34 7
38 35 4
38 36 2
39 1 5
39 2 3
39 3 1
39 4 8
39 5 6
39 6 9
39 7 6
39 8 5
39 11 3
39 12 6
39 13 6
39 14 3
39 15 5
39 16 4
39 17 5
39 18 7
39 19 3
39 20 5
39 21 2
39 22 3
39 24 10
39 28 6
39 30 7
39 31 9
39 34 4
39 35 2
39 37 7
39 38 9
40 3 8
40 4 10
40 5 7
40 6 1
40 7 1
40 8 4
40 9 7
40 10 6
40 11 10
40 12 6
40 14 4
40 15 4
40 17 1
40 18 7
40 20 1
40 21 5
40 22 1
40 25 7
40 29 6
40 32 4
40 34 2
40 35 7
40 37 9
40 38 4
41 0 1
41 2 5
41 3 10
41 4 6
41 8 10
41 10 5
41 11 3
41 12 9
41 13 6
41 14 5
41 16 8
41 18 7
41 21 8
41 22 8
41 24 5
41 25 1
41 28 1
41 30 9
41 32 8
41 34 6
41 36 4
41 37 10
41 38 2
42 3 3
42 4 1
42 5 1
42 6 8
42 7 9
42 8 10
42 10 1
42 11 2
42 13 5
42 14 9
42 16 3
42 17 1
42 18 10
42 20 8
42 21 1
42 24 5
42 25 1
42 26 1
42 27 8
42 30 8
42 31 3
42 33 10
42 34 1
42 35 2
42 40 5
42 41 10
43 1 2
43 3 8
43 5 5
43 6 4
43 8 9
43 10 3
43 12 1
43 13 4
43 14 4
43 15 9
43 17 4
43 19 3
43 24 7
43 25 7
43 26 6
43 27 1
43 30 6
43 32 7
43 33 8
43 34 9
43 37 7
43 38 10
43 41 8
44 0 9
44 1 10
44 2 8
44 6 5
44 9 10
44 10 7
44 15 2
44 16 2
44 17 2
44 18 3
44 19 1
44 20 5
44 21 9
44 22 2
44 24 3
44 26 10
44 27 2
44 31 3
44 33 10
44 37 10
44 38 2
44 40 7
45 1 9
45 2 2
45 3 9
45 5 7
45 6 4
45 7 1
45 8 5
45 9 5
45 10 7
45 11 5
45 12 3
45 13 8
45 14 5
45 15 4
45 16 4
45 18 9
45 19 7
45 22 4
45 23 4
45 25 3
45 26 8
45 27 4
45 28 6
45 30 3
45 31 6
45 32 10
45 33 4
45 36 2
45 37 5
45 42 9
45 43 1
45 44 8
46 0 5
46 2 10
46 3 9
46 4 7
46 5 5
46 7 3
46 10 3
46 12 10
46 14 4
46 15 4
46 16 3
46 18 7
46 20 9
46 21 8
46 22 1
46 24 3
46 26 6
46 28 3
46 29 5
46 30 8
46 31 8
46 32 5
46 34 6
46 35 1
46 36 8
46 37 2
46 38 3
46 39 9
46 40 7
46 41 3
46 42 2
46 43 8
46 45 3
47 0 6
47 1 5
47 2 6
47 4 1
47 5 9
47 7 8
47 10 6
47 11 4
47 12 6
47 16 4
47 17 4
47 18 7
47 21 5
47 22 4
47 23 7
47 24 1
47 25 8
47 27 10
47 28 4
47 29 7
47 30 3
47 33 7
47 36 2
47 37 3
47 39 10
47 40 1
47 41 8
47 42 4
47 43 4
47 44 3
47 46 9
48 0 10
48 3 2
48 4 5
48 5 3
48 6 5
48 7 10
48 8 1
48 11 2
48 14 3
48 15 6
48 16 9
48 20 7
48 21 7
48 22 10
48 23 7
48 24 5
48 25 6
48 27 9
48 28 1
48 30 7
48 31 1
48 32 7
48 33 8
48 34 7
48 35 7
48 38 3
48 39 4
48 42 10
48 43 6
48 44 9
48 46 4
48 47 4
49 0 10
49 4 7
49 6 7
49 7 7
49 8 5
49 9 8
49 10 10
49 12 9
49 13 5
49 15 8
49 17 3
49 19 8
49 20 5
49 22 4
49 24 8
49 28 5
49 30 6
49 31 1
49 32 3
49 33 8
49 34 8
49 38 4
49 40 4
49 41 5
49 43 6
49 45 6
49 47 10
49 48 10
