30
1 0 12
2 0 17
2 1 40
3 0 23
3 1 34
3 2 22
4 0 16
4 1 14
4 2 24
5 0 36
5 1 26
5 2 38
5 3 9
5 4 33
6 0 17
6 1 22
6 2 27
6 3 20
6 5 9
7 0 27
7 1 31
7 2 23
7 3 30
7 4 39
7 5 21
7 6 16
8 0 22
8 1 33
8 2 23
8 5 2
8 6 28
9 0 13
9 2 7
9 4 23
9 5 9
9 6 8
9 7 40
9 8 2
10 0 7
10 3 5
10 4 13
10 5 2
10 8 13
10 9 31
11 0 35
11 1 13
11 2 35
11 3 12
11 4 40
11 5 33
11 7 32
11 8 23
11 9 36
12 2 33
12 3 36
12 4 23
12 6 32
12 9 39
13 0 35
13 1 2
13 2 2
13 4 38
13 5 28
13 6 7
13 8 1
13 11 14
14 1 35
14 2 40
14 4 1
14 5 10
14 7 15
14 8 16
14 9 21
14 11 16
14 13 11
15 0 23
15 1 16
15 2 15
15 3 23
15 4 6
15 6 30
15 7 6
15 12 25
15 14 2
16 0 14
16 2 17
16 3 3
16 4 27
16 6 23
16 8 6
16 11 5
16 12 28
16 14 35
16 15 5
17 0 19
17 1 32
17 3 38
17 4 28
17 5 24
17 6 10
17 7 39
17 8 24
17 9 29
17 10 2
17 11 40
17 12 30
17 13 25
17 15 27
17 16 19
18 0 21
18 1 34
18 2 20
18 3 16
18 5 14
18 6 15
18 7 32
18 8 16
18 10 21
18 11 23
18 12 8
18 13 37
18 14 13
18 16 14
19 1 20
19 2 31
19 3 37
19 5 1
19 6 29
19 7 35
19 10 36
19 13 15
19 15 2
19 18 9
20 0 36
20 2 38
20 4 37
20 6 4
20 7 31
20 9 28
20 11 38
20 13 36
20 14 1
20 16 35
20 17 30
20 19 27
21 1 17
21 2 40
21 3 7
21 4 4
21 5 6
21 6 4
21 7 4
21 8 39
21 9 1
21 10 11
21 11 40
21 12 34
21 14 22
21 15 26
21 16 22
21 17 3
21 18 14
21 19 33
22 0 27
22 1 36
22 3 35
22 4 3
22 5 36
22 6 33
22 7 6
22 8 7
22 9 9
22 10 16
22 11 39
22 12 29
22 13 4
22 17 34
22 18 22
22 20 30
22 21 37
23 0 34
23 1 14
23 2 38
23 4 38
23 6 34
23 7 20
23 8 3
23 9 5
23 10 30
23 11 2
23 12 20
23 13 31
23 14 28
23 15 35
23 16 14
23 17 7
23 18 40
23 19 4
23 20 8
23 21 21
24 1 28
24 2 15
24 4 25
24 5 14
24 6 19
24 7 39
24 8 38
24 10 18
24 12 2
24 14 24
24 15 15
24 16 20
24 17 35
24 18 14
24 19 23
24 20 13
24 22 7
25 1 39
25 3 20
25 4 31
25 7 34
25 9 12
25 11 33
25 12 13
25 14 2
25 16 39
25 17 7
25 18 14
25 20 28
25 21 17
25 23 8
25 24 30
26 0 5
26 4 29
26 5 23
26 6 26
26 7 10
26 10 38
26 12 5
26 14 28
26 15 8
26 20 26
26 22 14
26 23 29
26 24 29
26 25 25
27 0 18
27 1 31
27 2 3
27 3 27
27 4 34
27 5 26
27 6 36
27 9 30
27 11 35
27 13 11
27 14 24
27 16 13
27 18 40
27 19 19
27 20 25
27 21 9
27 22 7
27 26 7
28 1 35
28 4 21
28 5 37
28 8 32
28 9 31
28 10 23
28 11 31
28 12 30
28 14 30
28 15 32
28 17 27
28 18 34
28 19 18
28 22 17
28 25 22
29 0 7
29 1 4
29 2 5
29 3 22
29 4 13
29 5 3
29 6 5
29 7 30
29 8 3
29 9 26
29 12 31
29 13 22
29 14 5
29 15 28
29 17 7
29 18 1
29 19 38
29 21 18
29 22 24
29 23 3
29 24 39
29 25 11
29 27 37
