70
1 0 7
2 0 7
2 1 9
3 0 7
3 2 9
4 0 9
4 1 6
4 3 8
5 4 8
6 0 3
6 1 1
6 2 8
6 5 2
7 0 5
7 5 7
8 1 3
8 2 9
8 3 8
8 4 3
8 6 6
9 6 3
10 0 6
10 1 3
10 2 5
10 3 10
10 7 3
10 9 3
11 0 1
11 2 2
11 3 4
11 4 1
11 6 2
11 7 2
12 1 10
12 3 8
12 4 3
12 5 2
12 6 6
12 7 3
12 10 7
13 0 6
13 1 8
13 4 8
13 5 2
13 9 6
13 12 9
14 1 10
14 7 1
14 9 4
14 10 6
14 12 2
15 2 7
15 3 4
15 6 5
15 7 4
15 8 2
15 9 5
15 13 8
16 1 10
16 2 5
16 4 7
16 7 2
16 8 3
16 10 6
16 15 2
17 0 1
17 1 2
17 4 10
17 6 9
17 10 1
17 11 2
17 15 1
17 16 7
18 0 1
18 1 4
18 2 7
18 3 7
18 5 9
18 9 10
18 10 6
18 11 9
18 14 6
18 15 1
18 17 1
19 0 3
19 2 1
19 3 9
19 8 8
19 9 2
19 10 6
19 11 5
19 12 4
19 15 8
19 16 10
19 18 8
20 0 6
20 2 8
20 4 5
20 5 6
20 8 7
20 10 5
20 13 3
20 14 3
20 15 4
20 16 2
20 17 5
20 18 4
21 0 9
21 5 8
21 8 2
21 9 8
21 10 5
21 11 4
21 14 5
21 16 8
21 18 7
21 20 7
22 0 3
22 1 1
22 4 9
22 5 1
22 7 7
22 9 2
22 10 8
22 11 8
22 14 2
22 19 1
22 21 10
23 0 2
23 1 8
23 2 4
23 3 8
23 6 8
23 7 8
23 8 7
23 12 4
23 14 5
23 16 1
23 19 2
23 21 6
23 22 1
24 0 6
24 1 4
24 2 10
24 3 7
24 5 10
24 6 10
24 14 8
24 20 7
24 21 6
24 22 4
24 23 3
25 0 10
25 2 4
25 3 3
25 10 1
25 12 2
25 15 3
25 18 8
25 21 10
25 23 5
26 3 10
26 6 2
26 8 8
26 9 6
26 10 1
26 12 8
26 13 1
26 14 4
26 16 10
26 21 1
26 23 8
26 24 7
26 25 5
27 0 7
27 1 1
27 2 7
27 4 2
27 6 3
27 7 3
27 8 1
27 9 5
27 12 4
27 14 3
27 17 3
27 18 1
27 23 9
28 1 1
28 5 5
28 7 6
28 10 5
28 11 4
28 12 10
28 13 4
28 17 6
28 18 10
28 21 7
28 23 1
28 26 3
28 27 1
29 1 1
29 3 3
29 5 8
29 6 3
29 7 4
29 13 2
29 14 1
29 16 3
29 17 9
29 22 2
30 1 8
30 3 2
30 4 3
30 6 6
30 9 5
30 10 8
30 11 7
30 13 3
30 15 9
30 16 8
30 18 8
30 19 3
30 21 7
30 22 4
30 23 4
30 27 3
30 28 2
30 29 7
31 1 2
31 5 1
31 7 4
31 9 9
31 11 5
31 12 10
31 14 3
31 17 5
31 20 7
31 23 10
31 25 7
31 27 4
31 28 8
31 30 2
32 0 7
32 1 1
32 2 9
32 3 10
32 4 2
32 6 6
32 7 1
32 10 5
32 11 9
32 13 9
32 14 6
32 15 7
32 16 10
32 17 9
32 20 9
32 22 5
32 27 5
33 2 8
33 5 6
33 9 6
33 10 8
33 11 9
33 14 2
33 15 3
33 17 9
33 19 6
33 20 2
33 28 7
33 31 2
34 0 2
34 2 3
34 3 1
34 4 1
34 7 10
34 14 2
34 15 9
34 16 9
34 17 7
34 18 4
34 19 2
34 22 3
34 27 3
34 28 2
34 30 5
34 33 7
35 2 10
35 3 2
35 4 6
35 6 5
35 7 2
35 8 4
35 11 8
35 14 10
35 16 3
35 19 1
35 20 9
35 22 5
35 23 3
35 24 8
35 26 7
35 31 3
35 32 10
35 33 10
36 4 2
36 5 2
36 7 10
36 8 4
36 9 8
36 10 8
36 11 8
36 12 10
36 14 5
36 15 3
36 16 6
36 19 4
36 20 9
36 25 6
36 27 5
36 32 10
36 33 2
36 34 4
37 0 2
37 7 7
37 11 8
37 14 3
37 16 5
37 17 10
37 18 1
37 22 9
37 23 2
37 24 5
37 26 8
37 27 3
37 28 7
37 29 10
37 30 2
37 33 1
37 34 2
37 35 8
38 0 2
38 1 1
38 2 5
38 3 5
38 5 9
38 8 2
38 10 3
38 15 4
38 17 2
38 20 10
38 21 4
38 22 7
38 25 4
38 27 6
38 28 3
38 29 4
38 30 6
38 31 7
38 32 1
38 33 8
38 35 7
38 36 8
38 37 6
39 1 5
39 2 7
39 4 8
39 5 2
39 7 6
39 8 7
39 9 1
39 10 6
39 13 4
39 14 1
39 15 6
39 16 3
39 18 5
39 19 8
39 21 9
39 23 8
39 25 10
39 28 9
39 30 7
39 32 6
39 35 7
39 36 9
39 37 7
40 0 10
40 1 4
40 2 8
40 3 4
40 5 9
40 6 4
40 7 6
40 8 10
40 10 7
40 13 2
40 14 2
40 17 10
40 18 7
40 19 3
40 20 2
40 22 1
40 23 3
40 24 3
40 26 3
40 27 5
40 32 7
40 34 9
40 37 9
40 38 6
41 0 8
41 1 3
41 2 3
41 5 3
41 10 6
41 11 1
41 12 1
41 14 3
41 17 8
41 18 8
41 20 3
41 21 6
41 23 6
41 24 2
41 25 7
41 26 4
41 27 4
41 28 8
41 30 9
41 31 7
41 32 2
41 37 6
41 38 2
41 39 2
41 40 4
42 3 4
42 5 8
42 6 2
42 7 4
42 9 8
42 10 4
42 11 10
42 14 1
42 15 1
42 17 4
42 21 3
42 25 1
42 29 8
42 30 3
42 31 3
42 35 3
42 36 6
42 40 4
42 41 7
43 1 8
43 2 2
43 5 10
43 7 9
43 8 4
43 11 8
43 12 1
43 14 2
43 16 8
43 17 5
43 18 4
43 19 5
43 21 9
43 22 8
43 23 1
43 25 9
43 28 10
43 29 5
43 30 7
43 31 5
43 32 9
43 34 5
43 38 10
43 39 6
43 40 10
43 41 1
44 2 8
44 3 3
44 7 3
44 8 2
44 14 1
44 16 7
44 18 10
44 19 2
44 21 6
44 22 10
44 23 5
44 24 1
44 29 4
44 30 10
44 31 10
44 35 10
44 37 10
44 38 8
44 39 10
44 42 8
45 0 2
45 1 5
45 3 9
45 4 6
45 5 4
45 7 1
45 9 8
45 12 4
45 13 1
45 14 6
45 15 2
45 16 6
45 17 7
45 19 2
45 21 2
45 22 2
45 23 3
45 26 2
45 27 3
45 29 8
45 30 5
45 32 5
45 33 6
45 36 4
46 0 8
46 2 9
46 5 2
46 12 3
46 15 3
46 16 6
46 19 7
46 20 6
46 21 8
46 22 8
46 23 9
46 25 3
46 30 9
46 32 4
46 33 2
46 34 10
46 36 1
46 38 3
46 41 10
46 42 10
46 43 1
46 44 1
47 0 4
47 1 1
47 2 4
47 4 7
47 5 5
47 8 9
47 9 10
47 14 7
47 15 10
47 16 8
47 17 10
47 18 1
47 19 7
47 23 7
47 25 2
47 26 8
47 28 6
47 31 7
47 32 2
47 33 4
47 34 6
47 36 5
47 37 1
47 38 10
47 39 2
47 44 7
48 0 6
48 2 2
48 6 3
48 8 3
48 13 4
48 14 9
48 15 6
48 17 3
48 21 9
48 29 10
48 31 10
48 33 7
48 34 3
48 36 9
48 37 8
48 40 4
48 42 4
48 43 4
48 44 10
48 45 5
48 47 3
49 0 8
49 2 8
49 4 7
49 7 4
49 8 8
49 13 5
49 14 1
49 18 9
49 20 9
49 21 8
49 22 8
49 24 2
49 25 6
49 29 9
49 31 1
49 33 9
49 34 10
49 35 4
49 37 2
49 38 2
49 42 10
49 47 9
49 48 3
50 0 9
50 4 1
50 5 4
50 6 2
50 7 5
50 9 3
50 10 3
50 11 7
50 12 9
50 17 5
50 19 1
50 24 1
50 25 3
50 26 10
50 27 1
50 29 8
50 31 7
50 32 1
50 33 7
50 35 1
50 38 3
50 39 2
50 40 7
50 41 6
50 42 6
50 49 2
51 0 5
51 1 10
51 2 3
51 3 8
51 4 5
51 7 2
51 8 8
51 10 5
51 11 9
51 12 10
51 13 10
51 14 10
51 15 3
51 17 3
51 19 7
51 22 4
51 24 2
51 25 3
51 26 3
51 27 10
51 29 3
51 32 6
51 34 3
51 35 1
51 39 8
51 41 3
51 43 2
51 44 3
51 45 8
51 46 10
51 50 7
52 3 10
52 4 2
52 5 4
52 9 3
52 12 1
52 14 2
52 17 6
52 18 8
52 20 7
52 23 2
52 26 9
52 27 4
52 28 9
52 31 3
52 32 10
52 33 6
52 37 9
52 43 2
52 44 10
52 45 3
52 46 5
52 47 5
52 49 3
52 50 7
52 51 5
53 2 8
53 5 7
53 6 1
53 7 7
53 11 6
53 13 1
53 15 4
53 16 2
53 19 7
53 20 3
53 21 5
53 22 7
53 25 5
53 26 6
53 27 6
53 30 6
53 31 1
53 32 7
53 34 7
53 36 4
53 37 1
53 40 5
53 41 1
53 43 9
53 45 4
53 47 1
53 48 9
53 49 5
53 50 10
53 51 3
53 52 7
54 0 8
54 2 10
54 3 1
54 4 4
54 5 8
54 6 8
54 8 2
54 9 3
54 13 4
54 17 6
54 18 4
54 20 1
54 21 3
54 23 7
54 28 4
54 30 5
54 32 3
54 35 4
54 37 7
54 38 8
54 41 4
54 50 8
54 51 1
55 0 6
55 2 2
55 3 7
55 8 5
55 10 2
55 12 10
55 13 10
55 14 9
55 15 6
55 16 8
55 17 10
55 20 3
55 21 6
55 22 8
55 23 7
55 24 10
55 28 2
55 29 8
55 30 3
55 32 3
55 33 1
55 36 1
55 38 10
55 40 3
55 43 9
55 44 7
55 46 8
55 47 6
55 48 5
55 54 1
56 0 8
56 3 7
56 4 5
56 5 10
56 6 10
56 7 8
56 9 10
56 10 3
56 11 3
56 17 4
56 18 5
56 19 7
56 20 4
56 22 5
56 26 2
56 27 7
56 29 2
56 30 7
56 31 8
56 34 2
56 35 7
56 36 2
56 37 1
56 40 10
56 41 4
56 43 2
56 44 7
56 48 3
56 51 8
56 52 5
56 53 4
56 54 9
57 0 10
57 4 5
57 5 1
57 6 7
57 7 3
57 8 8
57 11 4
57 12 6
57 13 3
57 15 5
57 16 4
57 19 1
57 21 2
57 24 2
57 29 1
57 30 3
57 33 3
57 35 1
57 36 6
57 37 4
57 39 7
57 40 5
57 41 1
57 42 8
57 43 4
57 44 6
57 46 10
57 47 3
57 48 10
57 49 3
57 51 9
57 52 10
57 54 7
57 56 1
58 1 9
58 3 5
58 4 5
58 5 4
58 6 6
58 7 4
58 8 4
58 10 2
58 11 3
58 12 8
58 15 1
58 16 5
58 18 9
58 24 8
58 25 2
58 26 3
58 27 4
58 30 8
58 34 9
58 35 2
58 36 2
58 37 10
58 38 6
58 39 10
58 40 10
58 43 8
58 45 1
58 46 2
58 47 7
58 49 5
58 53 7
58 54 10
58 55 4
58 56 6
59 0 1
59 1 1
59 2 9
59 3 3
59 4 8
59 5 6
59 6 4
59 10 10
59 13 4
59 14 5
59 15 1
59 16 6
59 17 1
59 18 10
59 19 4
59 20 7
59 22 3
59 31 1
59 32 5
59 34 5
59 35 3
59 36 8
59 38 3
59 39 10
59 40 4
59 41 3
59 43 6
59 45 4
59 47 8
59 48 5
59 49 2
59 50 4
59 53 1
59 54 5
59 57 5
59 58 4
60 3 9
60 4 7
60 5 2
60 8 2
60 9 10
60 13 9
60 21 3
60 22 4
60 26 8
60 34 5
60 38 9
60 41 4
60 43 8
60 45 8
60 46 5
60 48 10
60 51 5
60 53 7
60 54 2
60 58 5
60 59 7
61 0 7
61 3 6
61 8 10
61 11 6
61 12 9
61 14 7
61 15 7
61 17 3
61 19 2
61 20 2
61 21 8
61 26 5
61 27 2
61 29 2
61 30 8
61 31 4
61 32 10
61 34 1
61 35 5
61 37 3
61 38 6
61 41 10
61 44 6
61 45 7
61 47 8
61 49 5
61 51 5
61 54 10
61 55 6
61 57 5
61 58 3
61 60 6
62 3 3
62 8 2
62 10 6
62 12 9
62 13 6
62 18 1
62 22 4
62 24 9
62 26 2
62 28 8
62 31 7
62 32 7
62 33 7
62 34 2
62 36 6
62 39 9
62 40 8
62 47 10
62 49 9
62 52 10
62 53 1
62 57 3
62 58 10
62 59 1
62 60 1
63 0 6
63 2 2
63 3 6
63 4 10
63 8 2
63 11 9
63 12 1
63 14 2
63 15 5
63 16 2
63 17 7
63 18 10
63 19 5
63 20 5
63 21 1
63 22 4
63 23 6
63 25 8
63 26 10
63 28 3
63 29 5
63 31 6
63 37 10
63 44 7
63 48 9
63 60 6
63 62 6
64 0 8
64 3 2
64 5 5
64 6 6
64 7 2
64 9 8
64 10 2
64 15 3
64 16 9
64 18 8
64 20 3
64 21 1
64 23 9
64 25 5
64 27 2
64 28 10
64 29 7
64 30 8
64 31 6
64 32 2
64 34 5
64 38 3
64 39 5
64 41 4
64 42 4
64 46 10
64 47 1
64 49 10
64 50 9
64 51 7
64 54 9
64 55 10
64 56 3
64 58 1
64 59 10
64 60 5
64 62 4
65 1 2
65 2 10
65 3 10
65 5 7
65 6 1
65 7 4
65 10 10
65 11 1
65 12 1
65 16 9
65 17 4
65 18 8
65 21 8
65 25 6
65 26 1
65 28 5
65 29 6
65 32 8
65 33 10
65 34 1
65 35 4
65 39 8
65 42 10
65 43 7
65 47 1
65 50 4
65 51 9
65 52 9
65 53 2
65 56 1
65 59 6
65 63 9
66 2 9
66 3 4
66 4 6
66 5 7
66 12 7
66 15 9
66 16 2
66 17 5
66 18 2
66 23 4
66 24 8
66 28 5
66 31 6
66 33 7
66 35 7
66 37 8
66 44 1
66 47 5
66 51 6
66 53 3
66 54 3
66 57 5
66 58 10
66 60 8
66 61 3
66 62 4
66 65 10
67 1 4
67 2 3
67 5 6
67 7 4
67 8 6
67 10 9
67 11 2
67 12 9
67 13 6
67 18 1
67 20 1
67 28 6
67 29 3
67 33 9
67 34 5
67 37 5
67 39 1
67 41 3
67 42 6
67 44 9
67 47 6
67 55 2
67 56 3
67 57 4
67 60 6
67 62 4
67 63 6
67 64 7
67 66 4
68 0 10
68 2 8
68 5 10
68 11 7
68 15 5
68 16 8
68 18 3
68 19 5
68 20 10
68 24 5
68 25 8
68 30 2
68 34 3
68 36 7
68 39 4
68 40 3
68 43 3
68 45 5
68 47 6
68 49 6
68 50 9
68 52 1
68 53 1
68 54 1
68 56 6
68 58 1
68 62 2
68 63 3
68 65 5
68 66 2
69 0 10
69 1 1
69 4 5
69 6 5
69 7 5
69 9 1
69 10 4
69 12 7
69 13 1
69 17 9
69 18 2
69 21 1
69 22 10
69 23 3
69 28 9
69 29 2
69 30 7
69 31 1
69 33 5
69 34 2
69 38 1
69 39 7
69 41 9
69 42 3
69 44 9
69 46 7
69 49 4
69 51 6
69 53 1
69 54 4
69 55 8
69 56 2
69 57 10
69 58 3
69 59 7
69 60 2
69 62 5
69 64 6
69 65 8
69 67 2
