30
1 0 3
2 0 2
3 0 8
3 1 4
3 2 7
4 0 9
4 1 6
4 2 5
5 0 7
5 2 3
5 3 10
6 1 6
6 2 10
6 4 8
6 5 6
7 0 5
7 1 3
7 5 5
8 0 8
8 1 5
8 2 9
8 3 4
8 4 5
8 5 3
8 6 5
8 7 5
9 0 2
9 1 10
9 2 9
9 3 6
9 5 5
9 6 8
9 8 9
10 1 1
10 2 9
10 4 10
10 6 9
11 0 6
11 1 3
11 2 7
11 4 8
11 6 9
11 8 10
11 9 9
12 0 8
12 2 9
12 3 3
12 4 8
12 5 7
12 7 2
12 8 5
12 10 10
12 11 10
13 0 6
13 1 7
13 2 8
13 3 3
13 4 5
13 6 9
13 7 6
13 8 8
13 9 6
13 11 2
14 1 5
14 2 8
14 3 4
14 5 6
14 7 7
14 9 4
14 10 9
15 0 4
15 1 3
15 2 2
15 4 10
15 5 4
15 6 6
15 10 1
15 11 7
15 12 7
15 14 10
16 0 4
16 2 2
16 3 7
16 6 9
16 9 2
16 10 4
16 11 9
16 13 3
16 14 1
16 15 10
17 0 7
17 1 5
17 4 7
17 5 4
17 6 9
17 7 8
17 10 10
17 11 3
17 12 3
17 13 10
17 14 3
17 15 4
17 16 9
18 0 4
18 1 3
18 2 7
18 3 7
18 5 1
18 6 8
18 7 9
18 9 3
18 10 5
18 13 10
18 15 10
18 16 2
18 17 3
19 3 9
19 4 10
19 5 5
19 7 1
19 8 6
19 9 3
19 10 2
19 11 2
19 13 8
19 15 2
19 16 5
20 1 8
20 3 2
20 8 10
20 10 1
20 11 1
20 15 6
20 16 5
20 17 9
20 19 9
21 0 9
21 1 1
21 2 9
21 4 8
21 5 7
21 6 10
21 11 1
21 12 4
21 14 4
21 15 6
21 16 3
21 17 4
21 18 7
21 20 1
22 0 6
22 1 1
22 2 1
22 3 1
22 4 6
22 5 9
22 6 3
22 7 1
22 8 9
22 11 2
22 12 9
22 13 9
22 14 5
22 19 9
22 21 8
23 0 5
23 2 4
23 3 2
23 5 3
23 6 7
23 9 8
23 10 3
23 11 5
23 12 6
23 13 4
23 14 10
23 15 4
23 17 1
23 18 3
23 20 4
23 21 4
24 0 9
24 2 5
24 3 3
24 4 5
24 5 5
24 7 7
24 9 8
24 10 6
24 11 1
24 12 3
24 13 8
24 14 8
24 18 3
24 20 7
24 22 6
25 1 7
25 2 4
25 4 5
25 5 2
25 7 9
25 8 5
25 9 10
25 11 9
25 12 1
25 13 6
25 15 6
25 17 8
25 18 6
25 22 2
25 24 10
26 0 4
26 1 5
26 3 4
26 6 1
26 7 7
26 8 3
26 10 8
26 12 9
26 13 6
26 14 8
26 15 1
26 16 6
26 18 4
26 19 2
26 20 9
26 21 8
26 22 8
26 23 7
26 24 1
26 25 9
27 1 6
27 2 9
27 4 2
27 5 4
27 6 8
27 7 8
27 8 10
27 9 6
27 10 3
27 11 9
27 13 9
27 14 8
27 15 2
27 17 10
27 18 7
27 19 2
27 20 9
27 21 9
27 24 5
27 26 9
28 1 7
28 3 5
28 5 4
28 6 7
28 7 8
28 8 2
28 11 9
28 12 5
28 14 6
28 16 5
28 17 4
28 19 4
28 20 6
28 21 4
28 23 10
28 24 1
28 27 5
29 0 10
29 3 9
29 7 8
29 9 8
29 10 1
29 11 2
29 15 9
29 17 7
29 18 2
29 19 2
29 23 4
29 24 6
29 25 2
29 28 10
