50
1 0 39
2 0 94
2 1 140
3 0 23
3 1 111
3 2 79
4 0 127
4 1 53
4 2 53
4 3 153
5 0 61
5 1 9
5 2 88
5 3 86
5 4 103
6 0 101
6 1 66
6 2 111
6 3 123
6 4 56
6 5 92
7 0 64
7 1 19
7 2 10
7 3 160
7 4 149
7 5 153
7 6 91
8 0 93
8 1 97
8 2 86
8 3 79
8 4 3
8 5 112
8 6 112
8 7 62
9 0 91
9 1 156
9 2 160
9 3 14
9 4 92
9 5 79
9 6 13
9 7 112
9 8 125
10 0 97
10 1 145
10 2 107
10 3 153
10 4 59
10 5 129
10 6 136
10 7 38
10 8 110
10 9 108
11 0 77
11 1 47
11 2 7
11 3 127
11 4 84
11 5 31
11 6 85
11 7 147
11 8 128
11 9 79
11 10 86
12 0 114
12 1 123
12 2 16
12 3 67
12 4 126
12 5 159
12 6 127
12 7 131
12 8 114
12 9 103
12 10 77
12 11 109
13 0 140
13 1 71
13 2 99
13 3 153
13 4 13
13 5 11
13 6 49
13 7 93
13 8 28
13 9 137
13 10 11
13 11 52
13 12 30
14 0 40
14 1 43
14 2 70
14 3 108
14 4 78
14 5 104
14 6 49
14 7 50
14 8 48
14 9 90
14 10 84
14 11 155
14 12 121
14 13 115
15 0 3
15 1 114
15 2 76
15 3 100
15 4 40
15 5 81
15 6 122
15 7 15
15 8 89
15 9 99
15 10 92
15 11 47
15 12 18
15 13 144
15 14 27
16 0 68
16 1 40
16 2 83
16 3 156
16 4 149
16 5 143
16 6 129
16 7 1
16 8 118
16 9 76
16 10 41
16 11 129
16 12 8
16 13 102
16 14 143
16 15 137
17 0 109
17 1 69
17 2 80
17 3 126
17 4 136
17 5 150
17 6 69
17 7 153
17 8 3
17 9 78
17 10 5
17 11 29
17 12 34
17 13 146
17 14 141
17 15 104
17 16 125
18 0 79
18 1 54
18 2 65
18 3 109
18 4 85
18 5 24
18 6 127
18 7 103
18 8 111
18 9 14
18 10 133
18 11 139
18 12 105
18 13 141
18 14 78
18 15 6
18 16 89
18 17 142
19 0 21
19 1 137
19 2 60
19 3 51
19 4 124
19 5 66
19 6 34
19 7 145
19 8 137
19 9 1
19 10 17
19 11 50
19 12 107
19 13 43
19 14 138
19 15 129
19 16 103
19 17 123
19 18 155
20 0 133
20 1 23
20 2 56
20 3 114
20 4 88
20 5 82
20 6 149
20 7 146
20 8 96
20 9 68
20 10 88
20 11 154
20 12 74
20 13 140
20 14 129
20 15 20
20 16 51
20 17 46
20 18 8
20 19 39
21 0 34
21 1 106
21 2 149
21 3 37
21 4 153
21 5 105
21 6 25
21 7 25
21 8 10
21 9 12
21 10 102
21 11 112
21 12 98
21 13 23
21 14 48
21 15 44
21 16 154
21 17 83
21 18 30
21 19 18
21 20 80
22 0 157
22 1 131
22 2 28
22 3 4
22 4 25
22 5 122
22 6 96
22 7 71
22 8 132
22 9 144
22 10 4
22 11 119
22 12 96
22 13 155
22 14 21
22 15 87
22 16 160
22 17 34
22 18 19
22 19 102
22 20 46
22 21 47
23 0 2
23 1 58
23 2 91
23 3 130
23 4 2
23 5 105
23 6 151
23 7 3
23 8 36
23 9 32
23 10 136
23 11 107
23 12 99
23 13 152
23 14 119
23 15 6
23 16 150
23 17 157
23 18 134
23 19 79
23 20 138
23 21 75
23 22 93
24 0 39
24 1 138
24 2 30
24 3 154
24 4 27
24 5 50
24 6 142
24 7 158
24 8 119
24 9 142
24 10 64
24 11 125
24 12 81
24 13 60
24 14 59
24 15 36
24 16 102
24 17 62
24 18 146
24 19 13
24 20 92
24 21 79
24 22 105
24 23 159
25 0 108
25 1 148
25 2 146
25 3 134
25 4 59
25 5 133
25 6 158
25 7 45
25 8 68
25 9 101
25 10 126
25 11 92
25 12 15
25 13 8
25 14 59
25 15 140
25 16 61
25 17 143
25 18 153
25 19 106
25 20 109
25 21 86
25 22 103
25 23 4
25 24 81
26 0 129
26 1 132
26 2 149
26 3 6
26 4 109
26 5 151
26 6 113
26 7 123
26 8 145
26 9 49
26 10 44
26 11 74
26 12 106
26 13 143
26 14 13
26 15 19
26 16 102
26 17 70
26 18 89
26 19 127
26 20 45
26 21 39
26 22 95
26 23 62
26 24 19
26 25 86
27 0 76
27 1 121
27 2 44
27 3 40
27 4 24
27 5 118
27 6 111
27 7 84
27 8 127
27 9 5
27 10 108
27 11 72
27 12 9
27 13 153
27 14 112
27 15 116
27 16 77
27 17 81
27 18 107
27 19 36
27 20 154
27 21 46
27 22 8
27 23 130
27 24 34
27 25 37
27 26 81
28 0 115
28 1 94
28 2 28
28 3 12
28 4 58
28 5 132
28 6 102
28 7 145
28 8 93
28 9 77
28 10 81
28 11 21
28 12 65
28 13 18
28 14 60
28 15 74
28 16 7
28 17 81
28 18 122
28 19 74
28 20 100
28 21 85
28 22 71
28 23 102
28 24 134
28 25 64
28 26 106
28 27 137
29 0 99
29 1 53
29 2 152
29 3 109
29 4 67
29 5 7
29 6 119
29 7 91
29 8 120
29 9 82
29 10 25
29 11 26
29 12 9
29 13 133
29 14 70
29 15 160
29 16 10
29 17 41
29 18 25
29 19 71
29 20 34
29 21 111
29 22 3
29 23 103
29 24 126
29 25 32
29 26 133
29 27 118
29 28 131
30 0 46
30 1 20
30 2 130
30 3 153
30 4 18
30 5 69
30 6 20
30 7 130
30 8 127
30 9 21
30 10 105
30 11 85
30 12 77
30 13 71
30 14 22
30 15 85
30 16 143
30 17 5
30 18 143
30 19 113
30 20 76
30 21 21
30 22 54
30 23 79
30 24 58
30 25 49
30 26 138
30 27 113
30 28 131
30 29 40
31 0 71
31 1 145
31 2 135
31 3 24
31 4 51
31 5 118
31 6 10
31 7 87
31 8 68
31 9 95
31 10 33
31 11 124
31 12 82
31 13 72
31 14 111
31 15 61
31 16 24
31 17 116
31 18 20
31 19 12
31 20 1
31 21 90
31 22 121
31 23 20
31 24 13
31 25 139
31 26 39
31 27 48
31 28 134
31 29 158
31 30 36
32 0 114
32 1 68
32 2 140
32 3 79
32 4 28
32 5 55
32 6 17
32 7 142
32 8 151
32 9 55
32 10 21
32 11 16
32 12 155
32 13 55
32 14 94
32 15 11
32 16 155
32 17 110
32 18 94
32 19 107
32 20 3
32 21 8
32 22 46
32 23 121
32 24 74
32 25 118
32 26 26
32 27 154
32 28 37
32 29 42
32 30 123
32 31 99
33 0 10
33 1 71
33 2 154
33 3 129
33 4 5
33 5 51
33 6 134
33 7 68
33 8 74
33 9 116
33 10 132
33 11 104
33 12 36
33 13 52
33 14 119
33 15 57
33 16 117
33 17 46
33 18 117
33 19 38
33 20 66
33 21 25
33 22 60
33 23 115
33 24 54
33 25 65
33 26 75
33 27 155
33 28 43
33 29 118
33 30 19
33 31 85
33 32 61
34 0 45
34 1 41
34 2 62
34 3 52
34 4 8
34 5 118
34 6 85
34 7 84
34 8 66
34 9 89
34 10 47
34 11 113
34 12 73
34 13 138
34 14 9
34 15 27
34 16 72
34 17 132
34 18 7
34 19 48
34 20 126
34 21 88
34 22 55
34 23 42
34 24 20
34 25 88
34 26 68
34 27 147
34 28 106
34 29 74
34 30 108
34 31 63
34 32 103
34 33 19
35 0 124
35 1 142
35 2 100
35 3 9
35 4 159
35 5 89
35 6 19
35 7 9
35 8 104
35 9 100
35 10 82
35 11 68
35 12 54
35 13 16
35 14 88
35 15 3
35 16 110
35 17 99
35 18 101
35 19 30
35 20 116
35 21 69
35 22 127
35 23 34
35 24 18
35 25 70
35 26 24
35 27 152
35 28 142
35 29 143
35 30 7
35 31 93
35 32 58
35 33 22
35 34 51
36 0 142
36 1 70
36 2 61
36 3 59
36 4 53
36 5 63
36 6 104
36 7 148
36 8 140
36 9 148
36 10 18
36 11 117
36 12 53
36 13 14
36 14 100
36 15 84
36 16 112
36 17 40
36 18 24
36 19 7
36 20 124
36 21 56
36 22 41
36 23 149
36 24 142
36 25 1
36 26 20
36 27 119
36 28 120
36 29 49
36 30 80
36 31 81
36 32 93
36 33 38
36 34 104
36 35 65
37 0 14
37 1 31
37 2 48
37 3 112
37 4 159
37 5 2
37 6 154
37 7 133
37 8 10
37 9 56
37 10 45
37 11 55
37 12 156
37 13 79
37 14 39
37 15 28
37 16 66
37 17 139
37 18 57
37 19 40
37 20 26
37 21 131
37 22 29
37 23 101
37 24 36
37 25 65
37 26 131
37 27 88
37 28 24
37 29 65
37 30 33
37 31 12
37 32 16
37 33 97
37 34 60
37 35 49
37 36 53
38 0 28
38 1 154
38 2 43
38 3 32
38 4 114
38 5 107
38 6 148
38 7 121
38 8 24
38 9 74
38 10 9
38 11 97
38 12 124
38 13 111
38 14 128
38 15 95
38 16 146
38 17 73
38 18 21
38 19 77
38 20 7
38 21 123
38 22 115
38 23 108
38 24 82
38 25 87
38 26 117
38 27 101
38 28 157
38 29 56
38 30 97
38 31 100
38 32 43
38 33 66
38 34 153
38 35 133
38 36 67
38 37 62
39 0 154
39 1 10
39 2 144
39 3 138
39 4 5
39 5 83
39 6 63
39 7 97
39 8 93
39 9 64
39 10 100
39 11 1
39 12 20
39 13 49
39 14 11
39 15 40
39 16 17
39 17 112
39 18 97
39 19 26
39 20 27
39 21 138
39 22 58
39 23 123
39 24 121
39 25 24
39 26 54
39 27 157
39 28 35
39 29 85
39 30 105
39 31 158
39 32 144
39 33 91
39 34 58
39 35 41
39 36 130
39 37 68
39 38 35
40 0 34
40 1 138
40 2 89
40 3 150
40 4 155
40 5 135
40 6 31
40 7 115
40 8 127
40 9 81
40 10 106
40 11 14
40 12 2
40 13 81
40 14 41
40 15 65
40 16 107
40 17 14
40 18 31
40 19 83
40 20 21
40 21 109
40 22 128
40 23 68
40 24 55
40 25 140
40 26 10
40 27 153
40 28 93
40 29 63
40 30 16
40 31 127
40 32 129
40 33 8
40 34 38
40 35 61
40 36 157
40 37 127
40 38 116
40 39 81
41 0 155
41 1 57
41 2 44
41 3 102
41 4 141
41 5 17
41 6 2
41 7 45
41 8 158
41 9 8
41 10 67
41 11 152
41 12 84
41 13 29
41 14 69
41 15 77
41 16 12
41 17 94
41 18 128
41 19 135
41 20 52
41 21 157
41 22 40
41 23 102
41 24 49
41 25 95
41 26 33
41 27 149
41 28 92
41 29 99
41 30 2
41 31 23
41 32 129
41 33 97
41 34 151
41 35 18
41 36 129
41 37 75
41 38 67
41 39 93
41 40 150
42 0 15
42 1 44
42 2 110
42 3 65
42 4 110
42 5 152
42 6 37
42 7 154
42 8 36
42 9 149
42 10 131
42 11 148
42 12 136
42 13 140
42 14 22
42 15 99
42 16 147
42 17 33
42 18 148
42 19 92
42 20 12
42 21 16
42 22 70
42 23 28
42 24 105
42 25 28
42 26 74
42 27 76
42 28 23
42 29 51
42 30 35
42 31 75
42 32 94
42 33 68
42 34 93
42 35 8
42 36 28
42 37 160
42 38 97
42 39 53
42 40 59
42 41 146
43 0 33
43 1 28
43 2 48
43 3 116
43 4 74
43 5 7
43 6 49
43 7 65
43 8 157
43 9 85
43 10 138
43 11 55
43 12 33
43 13 35
43 14 38
43 15 157
43 16 101
43 17 103
43 18 102
43 19 74
43 20 53
43 21 99
43 22 113
43 23 20
43 24 36
43 25 19
43 26 91
43 27 122
43 28 4
43 29 75
43 30 143
43 31 147
43 32 126
43 33 102
43 34 85
43 35 108
43 36 73
43 37 115
43 38 132
43 39 123
43 40 140
43 41 16
43 42 95
44 0 134
44 1 28
44 2 117
44 3 55
44 4 44
44 5 74
44 6 84
44 7 53
44 8 151
44 9 33
44 10 152
44 11 58
44 12 105
44 13 131
44 14 18
44 15 102
44 16 57
44 17 41
44 18 8
44 19 139
44 20 34
44 21 112
44 22 6
44 23 90
44 24 22
44 25 90
44 26 160
44 27 32
44 28 75
44 29 74
44 30 74
44 31 104
44 32 132
44 33 142
44 34 94
44 35 18
44 36 48
44 37 96
44 38 35
44 39 56
44 40 95
44 41 28
44 42 153
44 43 17
45 0 112
45 1 17
45 2 119
45 3 140
45 4 38
45 5 56
45 6 81
45 7 78
45 8 97
45 9 52
45 10 110
45 11 20
45 12 76
45 13 116
45 14 136
45 15 122
45 16 52
45 17 96
45 18 115
45 19 22
45 20 14
45 21 97
45 22 24
45 23 121
45 24 2
45 25 64
45 26 15
45 27 84
45 28 65
45 29 82
45 30 72
45 31 1
45 32 125
45 33 43
45 34 59
45 35 71
45 36 99
45 37 82
45 38 74
45 39 151
45 40 130
45 41 35
45 42 139
45 43 96
45 44 62
46 0 45
46 1 47
46 2 52
46 3 25
46 4 4
46 5 50
46 6 120
46 7 57
46 8 39
46 9 104
46 10 70
46 11 81
46 12 135
46 13 33
46 14 38
46 15 146
46 16 56
46 17 159
46 18 95
46 19 103
46 20 131
46 21 59
46 22 9
46 23 138
46 24 9
46 25 19
46 26 59
46 27 143
46 28 3
46 29 43
46 30 140
46 31 57
46 32 143
46 33 124
46 34 16
46 35 37
46 36 43
46 37 70
46 38 110
46 39 118
46 40 36
46 41 100
46 42 34
46 43 64
46 44 70
46 45 112
47 0 62
47 1 100
47 2 94
47 3 44
47 4 120
47 5 107
47 6 88
47 7 92
47 8 142
47 9 144
47 10 43
47 11 110
47 12 112
47 13 102
47 14 50
47 15 56
47 16 48
47 17 3
47 18 68
47 19 94
47 20 96
47 21 104
47 22 92
47 23 65
47 24 94
47 25 15
47 26 68
47 27 47
47 28 144
47 29 41
47 30 18
47 31 38
47 32 38
47 33 64
47 34 128
47 35 87
47 36 95
47 37 46
47 38 61
47 39 107
47 40 79
47 41 102
47 42 55
47 43 123
47 44 100
47 45 159
47 46 97
48 0 128
48 1 91
48 2 90
48 3 138
48 4 45
48 5 89
48 6 124
48 7 127
48 8 18
48 9 63
48 10 73
48 11 11
48 12 158
48 13 3
48 14 160
48 15 22
48 16 58
48 17 60
48 18 141
48 19 18
48 20 1
48 21 70
48 22 60
48 23 51
48 24 94
48 25 112
48 26 54
48 27 42
48 28 124
48 29 75
48 30 70
48 31 27
48 32 142
48 33 99
48 34 30
48 35 37
48 36 11
48 37 129
48 38 96
48 39 48
48 40 63
48 41 45
48 42 71
48 43 104
48 44 89
48 45 109
48 46 46
48 47 5
49 0 150
49 1 93
49 2 144
49 3 27
49 4 36
49 5 101
49 6 107
49 7 51
49 8 147
49 9 82
49 10 11
49 11 118
49 12 52
49 13 15
49 14 69
49 15 157
49 16 147
49 17 88
49 18 71
49 19 78
49 20 35
49 21 36
49 22 31
49 23 140
49 24 74
49 25 92
49 26 105
49 27 128
49 28 121
49 29 78
49 30 153
49 31 73
49 32 88
49 33 121
49 34 138
49 35 155
49 36 85
49 37 85
49 38 25
49 39 38
49 40 55
49 41 4
49 42 10
49 43 11
49 44 106
49 45 133
49 46 124
49 47 99
49 48 97
