20
1 0 10
2 0 8
2 1 10
3 1 2
3 2 10
4 0 8
4 1 9
4 2 6
4 3 9
5 0 5
5 1 6
5 2 5
5 3 8
6 0 9
6 1 5
6 2 5
6 3 2
6 4 5
6 5 10
7 0 7
7 2 6
7 3 1
7 4 5
7 5 5
7 6 3
8 0 7
8 1 9
8 2 10
8 3 7
8 4 3
8 5 4
8 6 9
9 0 1
9 2 3
9 3 1
9 4 9
9 5 4
9 6 8
9 8 2
10 0 4
10 1 1
10 2 10
10 3 5
10 4 10
10 5 7
10 6 5
10 7 5
10 8 7
10 9 5
11 0 1
11 2 5
11 3 7
11 4 3
11 5 8
11 6 9
11 7 7
11 8 10
11 10 9
12 0 2
12 1 8
12 2 1
12 3 3
12 4 3
12 5 6
12 6 6
12 7 9
12 8 6
12 9 7
12 10 5
12 11 3
13 1 2
13 2 4
13 3 4
13 4 2
13 5 6
13 6 2
13 7 2
13 8 6
13 9 1
13 11 1
14 0 8
14 1 1
14 2 8
14 3 6
14 4 5
14 5 2
14 6 5
14 7 4
14 8 5
14 9 6
14 10 2
14 11 10
14 12 2
14 13 4
15 0 1
15 2 7
15 3 5
15 4 1
15 5 5
15 6 6
15 7 8
15 8 4
15 9 4
15 10 2
15 11 3
15 12 3
15 13 4
15 14 5
16 0 10
16 1 5
16 2 9
16 4 6
16 5 8
16 6 6
16 7 5
16 8 2
16 9 10
16 11 7
16 12 6
16 13 8
16 15 5
17 0 3
17 1 8
17 2 9
17 4 5
17 6 8
17 7 2
17 8 9
17 10 2
17 11 5
17 12 8
17 13 8
17 14 10
17 15 3
17 16 4
18 0 9
18 1 3
18 2 9
18 4 6
18 5 8
18 6 8
18 7 5
18 8 8
18 9 1
18 11 1
18 12 3
18 13 6
18 14 7
18 16 1
18 17 3
19 0 8
19 1 4
19 2 7
19 3 4
19 4 1
19 5 3
19 6 10
19 7 7
19 9 8
19 10 7
19 11 2
19 12 7
19 13 8
19 14 4
19 15 3
19 16 10
19 17 5
19 18 8
