40
1 0 8
2 1 1
3 0 9
3 1 9
4 0 6
4 2 3
4 3 7
5 0 7
5 1 2
5 4 10
6 0 1
6 1 8
6 2 9
6 3 10
6 4 10
6 5 1
7 0 7
7 1 10
7 3 8
7 5 6
7 6 10
8 1 5
8 2 8
8 3 2
8 5 1
8 6 10
8 7 7
9 0 5
9 1 2
9 3 3
9 4 2
9 5 9
9 6 4
9 7 10
9 8 4
10 0 8
10 2 5
10 3 10
10 4 9
10 5 2
10 6 7
10 7 1
10 9 8
11 0 4
11 1 2
11 5 3
11 7 5
11 8 2
11 9 6
11 10 6
12 0 10
12 2 5
12 3 4
12 4 7
12 5 9
12 6 2
12 8 4
12 10 6
12 11 1
13 0 3
13 1 1
13 2 7
13 3 2
13 4 1
13 6 8
13 7 8
13 8 7
13 9 10
13 10 5
13 11 9
13 12 7
14 0 6
14 1 6
14 2 6
14 3 3
14 4 7
14 5 7
14 6 8
14 7 1
14 8 8
14 9 3
14 10 8
14 11 4
14 13 7
15 0 7
15 1 9
15 2 6
15 3 3
15 4 3
15 5 6
15 6 1
15 7 7
15 8 7
15 9 1
15 10 3
15 11 3
15 12 8
15 13 4
15 14 5
16 0 1
16 1 3
16 3 6
16 4 7
16 5 2
16 6 6
16 7 8
16 8 7
16 9 4
16 11 5
16 12 2
16 13 9
16 14 4
16 15 5
17 0 4
17 1 9
17 3 7
17 4 4
17 7 7
17 8 10
17 9 3
17 11 4
17 12 2
17 13 2
17 14 8
17 15 6
18 0 2
18 2 5
18 3 9
18 4 7
18 6 7
18 7 8
18 9 9
18 10 2
18 12 2
18 13 5
18 15 2
19 0 6
19 1 3
19 2 8
19 3 9
19 4 8
19 5 1
19 6 8
19 8 4
19 9 1
19 10 4
19 11 5
19 14 4
19 15 10
19 16 10
19 17 8
19 18 10
20 0 8
20 1 10
20 2 1
20 3 2
20 4 4
20 6 7
20 7 8
20 8 4
20 10 10
20 11 2
20 12 2
20 13 8
20 14 2
20 15 6
20 16 5
20 17 2
20 19 10
21 0 8
21 1 4
21 2 8
21 3 5
21 4 5
21 5 3
21 6 5
21 8 2
21 9 1
21 10 8
21 12 7
21 13 5
21 14 5
21 15 2
21 16 2
21 17 8
21 18 4
21 19 5
21 20 6
22 0 8
22 1 10
22 2 4
22 3 2
22 4 9
22 5 3
22 7 4
22 8 2
22 10 7
22 11 8
22 12 10
22 13 9
22 14 9
22 15 8
22 16 4
22 17 8
22 18 7
22 19 1
22 21 8
23 0 5
23 1 5
23 2 5
23 3 2
23 5 10
23 6 3
23 7 3
23 8 4
23 9 10
23 10 9
23 11 10
23 12 5
23 14 8
23 15 8
23 16 10
23 17 3
23 18 9
23 22 8
24 0 1
24 1 5
24 2 10
24 3 3
24 4 9
24 5 1
24 6 5
24 7 4
24 8 7
24 9 4
24 10 10
24 11 10
24 12 5
24 13 9
24 14 1
24 15 9
24 17 3
24 18 10
24 19 4
24 20 8
24 22 8
25 0 10
25 1 1
25 2 9
25 3 8
25 4 9
25 5 2
25 6 6
25 7 3
25 9 6
25 10 9
25 11 2
25 13 6
25 14 2
25 15 5
25 16 4
25 17 10
25 18 5
25 19 8
25 20 8
25 21 3
25 22 4
25 23 7
25 24 2
26 0 8
26 3 10
26 4 1
26 5 5
26 6 6
26 7 9
26 8 10
26 10 6
26 11 6
26 13 9
26 15 3
26 16 10
26 17 7
26 18 8
26 19 10
26 20 7
26 21 8
26 22 4
26 23 2
26 24 6
26 25 1
27 0 5
27 1 8
27 2 10
27 3 6
27 4 8
27 5 6
27 6 1
27 7 8
27 8 3
27 9 10
27 11 1
27 12 1
27 13 1
27 15 6
27 16 5
27 17 2
27 18 1
27 19 5
27 22 6
27 23 2
27 24 2
27 25 1
27 26 9
28 0 8
28 1 6
28 2 5
28 3 5
28 5 1
28 6 3
28 8 5
28 9 7
28 10 3
28 11 4
28 12 5
28 13 1
28 14 7
28 16 5
28 17 9
28 18 7
28 20 2
28 22 6
28 23 8
28 24 1
28 25 9
28 26 9
28 27 9
29 0 2
29 1 5
29 2 10
29 5 1
29 6 3
29 7 3
29 8 4
29 9 5
29 10 5
29 11 2
29 12 6
29 13 5
29 14 6
29 16 10
29 17 1
29 18 7
29 19 2
29 20 8
29 21 5
29 22 10
29 23 6
29 24 2
29 25 4
29 26 7
29 27 3
29 28 1
30 0 2
30 1 7
30 3 7
30 4 8
30 5 6
30 7 8
30 8 10
30 9 8
30 13 3
30 14 8
30 15 3
30 16 3
30 17 9
30 18 6
30 19 1
30 20 5
30 22 6
30 23 2
30 24 3
30 25 7
30 27 7
30 28 4
31 0 3
31 1 7
31 3 1
31 4 8
31 5 8
31 6 5
31 8 9
31 9 7
31 10 8
31 13 7
31 14 6
31 16 7
31 17 9
31 20 2
31 21 5
31 22 7
31 23 3
31 25 5
31 27 10
31 28 3
31 29 7
31 30 8
32 1 2
32 2 1
32 4 10
32 5 3
32 7 5
32 8 10
32 9 8
32 11 10
32 12 2
32 13 2
32 15 8
32 16 10
32 18 3
32 19 6
32 20 8
32 23 2
32 24 10
32 25 3
32 26 7
32 28 8
32 29 4
32 30 4
32 31 2
33 0 1
33 1 4
33 2 4
33 3 1
33 4 3
33 5 5
33 6 2
33 7 1
33 8 2
33 9 10
33 10 1
33 11 7
33 12 10
33 17 1
33 19 1
33 20 8
33 21 7
33 23 1
33 24 4
33 25 9
33 27 2
33 30 8
33 31 4
33 32 10
34 0 8
34 1 2
34 2 5
34 4 9
34 5 4
34 6 4
34 7 2
34 8 8
34 10 3
34 11 5
34 12 2
34 13 1
34 14 4
34 15 2
34 17 3
34 19 9
34 20 5
34 22 6
34 23 9
34 25 5
34 26 5
34 27 7
34 28 1
34 29 3
34 31 7
34 32 10
34 33 8
35 1 5
35 2 2
35 3 1
35 5 1
35 6 2
35 7 8
35 8 9
35 9 5
35 11 8
35 12 7
35 13 6
35 14 9
35 15 1
35 16 3
35 19 2
35 20 7
35 21 8
35 22 7
35 23 4
35 24 9
35 25 2
35 26 9
35 27 1
35 28 10
35 29 5
35 30 2
35 31 10
35 32 6
35 34 10
36 0 3
36 1 9
36 2 8
36 4 5
36 5 9
36 7 7
36 8 2
36 9 5
36 10 6
36 11 7
36 12 10
36 13 8
36 14 8
36 16 4
36 18 4
36 19 7
36 20 8
36 21 4
36 22 4
36 23 8
36 24 2
36 26 6
36 27 9
36 28 3
36 29 10
36 30 8
36 31 8
36 33 8
36 34 7
36 35 7
37 0 1
37 2 6
37 3 7
37 4 4
37 5 1
37 6 9
37 9 3
37 10 9
37 12 1
37 13 10
37 16 8
37 17 1
37 18 7
37 19 3
37 20 3
37 21 7
37 22 4
37 23 3
37 24 10
37 25 7
37 29 8
37 30 9
37 31 5
37 33 8
37 34 9
37 36 10
38 0 5
38 2 10
38 3 1
38 4 9
38 6 8
38 7 2
38 8 10
38 10 10
38 11 2
38 13 8
38 14 4
38 15 9
38 16 2
38 18 10
38 19 6
38 20 1
38 21 3
38 22 7
38 23 3
38 24 1
38 25 7
38 26 9
38 27 8
38 29 7
38 30 5
38 31 6
38 32 2
38 34 9
38 35 9
38 36 7
39 0 4
39 1 9
39 4 4
39 5 4
39 6 10
39 7 7
39 8 4
39 9 9
39 10 9
39 11 10
39 12 3
39 13 4
39 15 1
39 16 2
39 18 1
39 19 7
39 20 2
39 21 5
39 22 8
39 26 2
39 28 3
39 30 10
39 31 2
39 32 5
39 34 2
39 36 5
39 37 5
39 38 1
