30
1 0 17
2 0 33
2 1 20
3 0 28
3 1 33
3 2 26
4 0 23
4 1 1
4 2 23
4 3 19
5 0 40
5 1 18
5 2 18
5 3 8
5 4 16
6 0 38
6 1 40
6 2 2
6 3 36
6 4 24
6 5 17
7 0 35
7 1 19
7 2 34
7 3 21
7 4 2
7 5 2
7 6 3
8 0 12
8 1 14
8 2 8
8 3 24
8 4 28
8 5 10
8 6 11
8 7 4
9 0 31
9 1 26
9 2 1
9 3 2
9 4 18
9 5 37
9 6 6
9 7 35
9 8 12
10 0 33
10 1 21
10 2 23
10 3 18
10 4 26
10 5 35
10 6 19
10 7 2
10 8 23
10 9 2
11 0 38
11 1 8
11 2 13
11 3 19
11 4 19
11 5 14
11 6 10
11 7 37
11 8 17
11 9 17
11 10 33
12 0 14
12 1 3
12 2 7
12 3 34
12 4 1
12 5 13
12 6 18
12 7 38
12 8 35
12 9 28
12 10 22
12 11 15
13 0 33
13 1 25
13 2 37
13 3 32
13 4 14
13 5 10
13 6 24
13 7 3
13 8 7
13 9 8
13 10 8
13 11 26
13 12 2
14 0 38
14 1 26
14 2 15
14 3 8
14 4 39
14 5 23
14 6 8
14 7 33
14 8 21
14 9 10
14 10 13
14 11 2
14 12 33
14 13 26
15 0 10
15 1 22
15 2 9
15 3 28
15 4 32
15 5 31
15 6 11
15 7 35
15 8 35
15 9 5
15 10 2
15 11 38
15 12 20
15 13 3
15 14 39
16 0 9
16 1 32
16 2 20
16 3 40
16 4 34
16 5 16
16 6 7
16 7 4
16 8 34
16 9 25
16 10 2
16 11 12
16 12 32
16 13 40
16 14 20
16 15 16
17 0 39
17 1 38
17 2 7
17 3 28
17 4 26
17 5 13
17 6 24
17 7 3
17 8 37
17 9 14
17 10 5
17 11 38
17 12 2
17 13 18
17 14 27
17 15 23
17 16 5
18 0 22
18 1 3
18 2 6
18 3 10
18 4 30
18 5 23
18 6 3
18 7 13
18 8 8
18 9 15
18 10 9
18 11 1
18 12 37
18 13 13
18 14 31
18 15 37
18 16 30
18 17 6
19 0 18
19 1 10
19 2 19
19 3 40
19 4 1
19 5 14
19 6 8
19 7 2
19 8 6
19 9 20
19 10 7
19 11 13
19 12 10
19 13 27
19 14 35
19 15 10
19 16 3
19 17 18
19 18 37
20 0 19
20 1 27
20 2 7
20 3 39
20 4 32
20 5 15
20 6 5
20 7 15
20 8 25
20 9 32
20 10 6
20 11 6
20 12 37
20 13 3
20 14 2
20 15 14
20 16 32
20 17 32
20 18 32
20 19 36
21 0 1
21 1 4
21 2 10
21 3 32
21 4 14
21 5 19
21 6 6
21 7 3
21 8 14
21 9 32
21 10 3
21 11 16
21 12 33
21 13 18
21 14 8
21 15 7
21 16 20
21 17 7
21 18 37
21 19 2
21 20 14
22 0 24
22 1 9
22 2 23
22 3 25
22 4 22
22 5 37
22 6 29
22 7 21
22 8 32
22 9 37
22 10 25
22 11 11
22 12 28
22 13 8
22 14 14
22 15 31
22 16 2
22 17 39
22 18 39
22 19 8
22 20 32
22 21 15
23 0 1
23 1 8
23 2 32
23 3 24
23 4 11
23 5 27
23 6 23
23 7 24
23 8 8
23 9 40
23 10 28
23 11 8
23 12 20
23 13 27
23 14 16
23 15 26
23 16 10
23 17 7
23 18 18
23 19 4
23 20 20
23 21 31
23 22 20
24 0 36
24 1 3
24 2 37
24 3 9
24 4 22
24 5 40
24 6 31
24 7 7
24 8 36
24 9 1
24 10 18
24 11 5
24 12 23
24 13 9
24 14 40
24 15 7
24 16 9
24 17 30
24 18 9
24 19 6
24 20 12
24 21 27
24 22 22
24 23 33
25 0 30
25 1 20
25 2 33
25 3 9
25 4 1
25 5 22
25 6 38
25 7 29
25 8 8
25 9 18
25 10 7
25 11 38
25 12 24
25 13 17
25 14 36
25 15 35
25 16 9
25 17 8
25 18 10
25 19 2
25 20 38
25 21 20
25 22 20
25 23 16
25 24 22
26 0 22
26 1 19
26 2 30
26 3 25
26 4 6
26 5 13
26 6 40
26 7 37
26 8 13
26 9 11
26 10 36
26 11 15
26 12 2
26 13 9
26 14 21
26 15 35
26 16 16
26 17 20
26 18 37
26 19 7
26 20 20
26 21 35
26 22 28
26 23 17
26 24 5
26 25 37
27 0 21
27 1 37
27 2 17
27 3 40
27 4 28
27 5 24
27 6 18
27 7 26
27 8 8
27 9 26
27 10 26
27 11 17
27 12 40
27 13 35
27 14 31
27 15 28
27 16 26
27 17 19
27 18 25
27 19 32
27 20 7
27 21 14
27 22 21
27 23 7
27 24 33
27 25 1
27 26 23
28 0 5
28 1 24
28 2 37
28 3 8
28 4 38
28 5 39
28 6 27
28 7 8
28 8 37
28 9 25
28 10 13
28 11 19
28 12 35
28 13 8
28 14 5
28 15 19
28 16 8
28 17 6
28 18 35
28 19 18
28 20 13
28 21 9
28 22 39
28 23 13
28 24 9
28 25 2
28 26 10
28 27 3
29 0 19
29 1 19
29 2 16
29 3 13
29 4 36
29 5 33
29 6 2
29 7 38
29 8 28
29 9 20
29 10 37
29 11 3
29 12 35
29 13 40
29 14 10
29 15 40
29 16 38
29 17 27
29 18 21
29 19 34
29 20 27
29 21 5
29 22 18
29 23 21
29 24 4
29 25 3
29 26 20
29 27 36
29 28 4
