70
1 0 31
3 0 10
3 1 29
3 2 25
4 0 25
4 1 14
4 2 25
4 3 37
5 0 34
5 1 20
5 2 38
5 3 20
6 1 2
6 2 39
6 3 6
6 4 14
7 2 33
7 3 21
7 4 3
7 5 29
7 6 1
8 0 26
8 1 16
8 2 37
8 3 23
8 4 20
8 6 27
8 7 7
9 0 11
9 1 38
9 2 19
9 3 37
9 4 24
9 5 4
9 6 23
9 7 11
9 8 16
10 1 28
10 2 10
10 3 12
10 4 12
10 5 28
10 6 40
10 7 22
11 0 19
11 1 35
11 2 28
11 3 35
11 5 28
11 6 18
11 7 23
11 8 31
11 9 39
12 0 22
12 1 26
12 2 33
12 3 20
12 4 36
12 7 6
12 8 11
12 9 18
12 10 10
12 11 14
13 0 5
13 2 37
13 3 14
13 4 16
13 7 14
13 8 29
13 9 23
13 10 8
13 11 9
13 12 8
14 0 31
14 1 38
14 3 15
14 5 7
14 6 14
14 7 35
14 8 16
14 9 39
14 10 40
14 11 7
14 13 3
15 0 11
15 1 39
15 5 21
15 8 22
15 9 30
15 10 36
15 11 16
15 12 18
15 13 1
15 14 38
16 0 23
16 1 40
16 2 2
16 3 7
16 4 26
16 6 7
16 7 27
16 8 5
16 9 11
16 10 38
16 12 11
16 14 35
16 15 15
17 0 24
17 1 13
17 2 28
17 3 9
17 5 15
17 6 4
17 7 27
17 8 11
17 9 6
17 10 39
17 11 20
17 12 36
17 14 38
17 15 11
17 16 1
18 0 35
18 1 12
18 2 3
18 3 34
18 4 25
18 5 3
18 8 34
18 9 22
18 12 3
18 13 27
18 14 4
18 15 16
19 2 19
19 3 24
19 7 24
19 8 11
19 9 19
19 10 2
19 11 36
19 12 13
19 14 18
19 15 30
19 16 31
19 17 9
19 18 19
20 0 33
20 1 14
20 4 7
20 5 12
20 6 8
20 7 5
20 8 3
20 9 18
20 10 5
20 11 6
20 12 31
20 13 29
20 14 25
20 15 2
20 16 36
20 17 6
20 18 17
20 19 28
21 0 25
21 1 39
21 2 7
21 3 31
21 6 7
21 7 39
21 9 29
21 10 25
21 11 38
21 12 23
21 14 36
21 15 18
21 16 8
21 17 14
21 18 39
21 19 18
21 20 37
22 0 11
22 1 30
22 2 30
22 3 23
22 4 24
22 5 31
22 6 9
22 7 18
22 8 3
22 9 9
22 10 39
22 11 29
22 12 25
22 13 34
22 14 40
22 15 7
22 16 22
22 17 31
22 18 40
22 19 8
22 20 33
22 21 28
23 0 33
23 1 30
23 2 7
23 3 31
23 5 38
23 6 23
23 7 3
23 8 13
23 9 35
23 10 30
23 11 6
23 12 21
23 14 37
23 15 26
23 16 29
23 17 6
23 18 34
23 19 31
23 22 33
24 0 12
24 1 35
24 2 4
24 5 21
24 7 5
24 8 13
24 9 32
24 10 18
24 11 32
24 12 1
24 14 12
24 15 32
24 16 32
24 17 24
24 18 36
24 19 38
24 20 13
24 21 7
24 22 34
24 23 39
25 0 39
25 1 19
25 3 22
25 4 29
25 6 12
25 7 26
25 8 15
25 9 17
25 10 28
25 11 1
25 12 12
25 13 24
25 14 1
25 15 16
25 16 32
25 17 40
25 18 40
25 20 26
25 21 9
25 22 7
25 23 21
25 24 31
26 0 5
26 1 2
26 3 39
26 4 26
26 5 36
26 7 39
26 8 17
26 9 26
26 10 30
26 11 8
26 12 24
26 14 32
26 15 6
26 17 22
26 19 11
26 20 40
26 21 13
26 22 38
26 23 31
26 24 36
26 25 9
27 0 29
27 1 19
27 2 10
27 3 25
27 4 26
27 6 12
27 7 3
27 8 5
27 9 1
27 10 2
27 11 29
27 12 33
27 13 30
27 14 2
27 15 11
27 16 11
27 17 27
27 18 36
27 19 34
27 20 5
27 21 4
27 22 26
27 23 24
27 24 4
27 25 40
27 26 20
28 0 29
28 1 12
28 2 9
28 3 28
28 4 13
28 5 29
28 7 10
28 9 17
28 11 32
28 12 26
28 13 33
28 14 2
28 16 13
28 17 24
28 18 14
28 20 10
28 22 10
28 23 35
28 24 38
28 25 32
28 26 17
28 27 8
29 0 35
29 1 6
29 3 27
29 5 19
29 7 17
29 9 32
29 10 9
29 11 40
29 12 40
29 13 7
29 14 13
29 16 24
29 18 31
29 20 26
29 21 13
29 23 4
29 25 25
29 26 17
29 27 30
29 28 5
30 0 33
30 1 31
30 2 25
30 3 33
30 5 21
30 6 9
30 7 20
30 8 17
30 9 2
30 14 8
30 15 13
30 16 36
30 17 15
30 20 12
30 21 10
30 22 2
30 23 35
30 25 21
30 26 1
30 28 26
30 29 25
31 0 22
31 1 23
31 2 17
31 3 3
31 6 13
31 7 5
31 10 25
31 11 5
31 12 13
31 13 14
31 14 17
31 15 37
31 16 23
31 17 4
31 18 16
31 19 40
31 21 16
31 22 29
31 23 29
31 26 9
31 27 13
31 28 33
31 29 27
32 1 13
32 3 9
32 4 23
32 5 2
32 6 21
32 8 17
32 9 36
32 10 10
32 11 10
32 12 15
32 14 5
32 15 4
32 16 33
32 17 20
32 18 1
32 19 5
32 20 30
32 21 8
32 22 18
32 23 5
32 24 34
32 25 35
32 26 29
32 27 9
32 29 29
32 30 16
32 31 25
33 0 21
33 1 15
33 2 36
33 5 38
33 6 18
33 7 34
33 9 23
33 10 29
33 11 25
33 12 18
33 13 34
33 14 38
33 15 21
33 16 10
33 18 29
33 19 7
33 20 7
33 21 4
33 22 7
33 23 16
33 24 8
33 25 27
33 26 11
33 27 33
33 28 13
33 29 23
33 30 29
33 31 5
33 32 31
34 0 22
34 1 19
34 2 10
34 3 15
34 4 9
34 5 3
34 7 4
34 8 27
34 10 16
34 11 40
34 12 10
34 13 23
34 14 23
34 15 18
34 16 3
34 18 25
34 19 27
34 20 20
34 21 32
34 22 39
34 23 16
34 25 37
34 26 30
34 27 13
34 28 23
34 29 24
34 30 39
34 31 40
34 32 31
34 33 25
35 0 3
35 1 24
35 2 31
35 3 3
35 4 27
35 5 2
35 6 3
35 7 20
35 8 33
35 9 6
35 10 39
35 11 3
35 12 14
35 13 39
35 14 22
35 15 39
35 16 31
35 17 7
35 20 9
35 21 37
35 23 32
35 25 12
35 26 3
35 27 15
35 28 12
35 29 14
35 31 22
35 32 2
35 33 7
36 0 27
36 1 20
36 4 31
36 6 24
36 7 13
36 9 38
36 11 37
36 13 28
36 14 1
36 15 23
36 16 27
36 17 25
36 18 8
36 19 29
36 20 27
36 21 21
36 22 27
36 23 20
36 25 3
36 26 8
36 27 17
36 31 37
36 32 24
36 34 31
36 35 6
37 0 29
37 1 10
37 2 1
37 3 17
37 4 1
37 5 25
37 6 35
37 7 37
37 8 35
37 9 8
37 10 7
37 11 7
37 12 9
37 14 1
37 15 3
37 17 36
37 18 11
37 19 37
37 20 25
37 21 34
37 22 21
37 23 34
37 24 18
37 25 38
37 26 22
37 29 26
37 30 26
37 31 1
37 32 9
37 34 21
37 35 30
37 36 16
38 1 39
38 2 32
38 3 21
38 5 3
38 6 1
38 7 35
38 9 19
38 11 36
38 12 14
38 13 28
38 14 23
38 15 14
38 17 32
38 18 26
38 19 40
38 20 37
38 22 9
38 23 8
38 24 9
38 25 38
38 26 2
38 28 22
38 29 30
38 30 38
38 31 34
38 33 20
38 37 15
39 1 9
39 2 7
39 3 3
39 4 6
39 5 21
39 6 26
39 7 4
39 8 35
39 9 23
39 10 39
39 11 13
39 12 15
39 13 7
39 14 21
39 15 2
39 16 18
39 17 4
39 18 11
39 19 39
39 20 22
39 21 26
39 23 32
39 24 29
39 25 6
39 26 3
39 28 25
39 29 25
39 34 12
39 35 1
39 36 21
39 38 1
40 0 30
40 1 36
40 3 10
40 6 27
40 7 11
40 8 40
40 9 27
40 11 28
40 12 38
40 13 38
40 14 3
40 15 40
40 16 17
40 17 29
40 19 5
40 20 6
40 21 15
40 23 36
40 24 37
40 25 38
40 26 12
40 27 22
40 28 23
40 29 15
40 30 16
40 31 3
40 32 23
40 33 33
40 34 21
40 36 28
40 37 4
40 39 22
41 0 23
41 1 10
41 3 14
41 4 40
41 5 18
41 6 29
41 7 17
41 8 26
41 9 25
41 10 8
41 11 14
41 12 28
41 13 22
41 14 12
41 15 5
41 16 32
41 17 13
41 18 3
41 19 23
41 20 34
41 21 29
41 22 28
41 23 10
41 24 27
41 26 13
41 27 9
41 28 22
41 29 30
41 30 36
41 31 37
41 33 15
41 34 12
41 35 36
41 36 18
41 37 17
41 38 21
41 39 36
41 40 15
42 0 10
42 1 19
42 2 4
42 3 28
42 4 23
42 6 35
42 7 6
42 8 25
42 9 15
42 10 27
42 12 15
42 13 15
42 14 11
42 15 31
42 16 8
42 17 14
42 18 37
42 19 30
42 20 6
42 21 14
42 22 24
42 24 18
42 25 39
42 26 22
42 27 29
42 29 8
42 30 18
42 31 16
42 32 5
42 33 15
42 34 15
42 36 7
42 37 25
42 38 13
42 39 20
42 40 12
42 41 32
43 0 11
43 1 33
43 2 3
43 3 7
43 4 37
43 5 38
43 6 11
43 7 29
43 8 16
43 9 34
43 10 15
43 11 24
43 12 6
43 13 9
43 14 10
43 15 25
43 16 27
43 18 34
43 19 5
43 20 32
43 21 7
43 23 33
43 24 14
43 25 23
43 26 14
43 27 2
43 28 26
43 29 12
43 30 4
43 31 22
43 32 9
43 33 17
43 35 40
43 36 12
43 39 19
43 40 34
43 41 13
43 42 25
44 0 18
44 1 15
44 2 11
44 3 37
44 4 18
44 6 22
44 8 35
44 10 25
44 11 31
44 13 33
44 14 36
44 15 39
44 16 30
44 17 31
44 18 12
44 19 34
44 20 10
44 22 34
44 23 21
44 25 30
44 26 39
44 27 11
44 28 37
44 29 26
44 30 4
44 32 8
44 33 26
44 34 3
44 35 15
44 36 10
44 37 25
44 39 16
44 40 23
44 41 11
44 42 27
45 0 13
45 1 23
45 2 23
45 3 26
45 6 35
45 7 3
45 8 40
45 10 32
45 11 36
45 13 34
45 14 39
45 15 32
45 16 38
45 17 1
45 18 23
45 19 40
45 20 20
45 21 5
45 23 37
45 25 35
45 27 22
45 28 32
45 29 29
45 30 16
45 31 25
45 32 9
45 34 4
45 35 14
45 36 20
45 37 10
45 39 9
45 40 30
45 41 13
45 42 19
45 44 28
46 0 9
46 1 38
46 2 32
46 3 12
46 5 40
46 6 4
46 7 33
46 9 18
46 10 24
46 11 8
46 12 9
46 13 20
46 14 10
46 17 1
46 18 10
46 19 26
46 20 4
46 23 12
46 24 6
46 26 9
46 28 16
46 30 26
46 31 32
46 32 6
46 33 31
46 34 15
46 35 6
46 38 12
46 39 19
46 40 22
46 41 3
46 42 37
46 43 34
46 44 34
46 45 14
47 1 25
47 2 2
47 4 40
47 5 22
47 6 40
47 7 15
47 10 1
47 11 35
47 12 28
47 13 17
47 15 2
47 16 12
47 17 25
47 19 39
47 20 33
47 21 39
47 22 28
47 23 18
47 24 31
47 25 20
47 26 30
47 27 32
47 29 34
47 31 27
47 33 18
47 34 31
47 35 26
47 37 22
47 38 36
47 39 34
47 40 2
47 41 21
47 43 12
47 44 37
47 45 8
48 0 35
48 1 3
48 2 30
48 3 35
48 4 19
48 5 7
48 7 14
48 8 2
48 9 37
48 10 13
48 11 21
48 12 22
48 13 7
48 14 25
48 15 12
48 16 18
48 17 3
48 19 3
48 20 14
48 21 20
48 22 30
48 23 16
48 24 4
48 25 9
48 27 37
48 29 26
48 30 19
48 31 17
48 32 22
48 33 1
48 34 34
48 35 38
48 37 6
48 38 3
48 39 35
48 41 3
48 43 13
48 45 6
48 46 22
48 47 30
49 0 15
49 1 26
49 2 5
49 3 14
49 4 12
49 5 5
49 6 16
49 8 18
49 9 31
49 10 21
49 12 15
49 13 17
49 14 13
49 15 5
49 16 13
49 17 27
49 18 22
49 19 13
49 20 31
49 21 12
49 22 9
49 23 27
49 24 34
49 25 33
49 27 31
49 30 27
49 31 7
49 32 18
49 33 25
49 34 19
49 35 30
49 37 11
49 39 36
49 41 22
49 43 1
49 44 18
49 45 12
49 46 26
50 0 11
50 1 34
50 2 4
50 3 25
50 4 8
50 5 6
50 7 30
50 8 1
50 9 32
50 10 7
50 11 1
50 12 30
50 13 34
50 14 20
50 15 12
50 16 3
50 18 31
50 19 40
50 20 32
50 21 33
50 22 40
50 23 13
50 24 16
50 25 38
50 26 24
50 27 21
50 29 20
50 32 36
50 35 34
50 36 25
50 37 5
50 38 11
50 39 39
50 41 34
50 42 1
50 44 15
50 47 35
50 48 13
50 49 12
51 0 13
51 2 13
51 3 3
51 4 5
51 5 7
51 7 8
51 8 39
51 12 35
51 13 4
51 14 10
51 15 33
51 16 15
51 17 39
51 18 8
51 19 24
51 20 19
51 21 31
51 24 20
51 26 38
51 27 4
51 28 15
51 29 37
51 30 29
51 32 29
51 33 10
51 34 24
51 36 4
51 38 24
51 39 16
51 40 13
51 41 24
51 43 1
51 44 10
51 45 20
51 46 9
51 48 18
51 49 8
51 50 34
52 0 1
52 2 25
52 4 6
52 6 40
52 7 33
52 8 15
52 9 26
52 12 13
52 16 28
52 17 33
52 18 29
52 20 20
52 21 11
52 23 5
52 24 23
52 26 20
52 28 4
52 30 24
52 31 28
52 32 26
52 33 13
52 34 21
52 35 40
52 37 18
52 38 32
52 39 38
52 41 26
52 42 25
52 44 14
52 45 33
52 46 4
52 47 3
52 48 34
52 49 7
52 51 25
53 1 34
53 2 18
53 3 6
53 4 10
53 5 38
53 6 7
53 7 35
53 8 13
53 10 12
53 11 11
53 12 9
53 14 6
53 16 30
53 17 28
53 18 13
53 20 33
53 21 14
53 23 3
53 24 25
53 25 39
53 26 35
53 27 20
53 28 16
53 29 5
53 30 22
53 31 32
53 32 22
53 33 21
53 34 26
53 35 15
53 36 7
53 38 11
53 39 20
53 40 16
53 41 16
53 42 12
53 43 38
53 44 10
53 46 31
53 47 40
53 49 5
53 50 20
53 52 11
54 0 4
54 1 39
54 2 22
54 3 16
54 4 28
54 5 27
54 7 13
54 8 28
54 9 16
54 10 38
54 11 10
54 16 34
54 17 27
54 20 40
54 21 20
54 22 9
54 24 22
54 25 11
54 27 13
54 29 35
54 30 35
54 31 29
54 32 23
54 33 4
54 34 31
54 36 2
54 37 35
54 38 18
54 39 18
54 41 27
54 42 17
54 43 19
54 44 4
54 45 26
54 46 13
54 47 4
54 48 40
54 49 4
54 50 13
54 51 34
54 52 19
54 53 24
55 0 16
55 1 20
55 2 19
55 3 31
55 4 34
55 7 11
55 8 28
55 9 20
55 10 25
55 13 27
55 14 31
55 15 37
55 17 34
55 18 29
55 19 6
55 21 34
55 22 31
55 24 4
55 25 27
55 27 18
55 28 2
55 29 30
55 30 12
55 32 3
55 34 30
55 35 30
55 36 38
55 38 14
55 39 23
55 40 23
55 41 31
55 42 13
55 43 23
55 44 22
55 45 32
55 46 38
55 48 22
55 49 28
55 51 32
55 52 25
55 54 8
56 3 7
56 4 34
56 5 22
56 6 14
56 7 7
56 9 29
56 10 11
56 12 38
56 13 25
56 15 21
56 16 30
56 17 12
56 19 14
56 20 25
56 21 20
56 23 18
56 24 16
56 26 10
56 27 30
56 28 6
56 29 18
56 30 38
56 31 5
56 32 6
56 33 2
56 34 1
56 35 21
56 36 37
56 37 16
56 39 36
56 40 39
56 42 13
56 43 18
56 44 2
56 46 23
56 47 40
56 49 27
56 50 9
56 52 13
56 55 37
57 0 17
57 1 3
57 2 32
57 3 39
57 4 30
57 5 15
57 6 11
57 8 11
57 9 23
57 10 20
57 11 30
57 12 8
57 13 40
57 15 14
57 16 31
57 17 30
57 18 27
57 20 26
57 21 38
57 22 1
57 23 34
57 24 36
57 25 15
57 26 22
57 27 31
57 28 39
57 29 38
57 30 36
57 31 37
57 32 10
57 33 7
57 34 24
57 35 6
57 36 8
57 37 4
57 38 26
57 39 24
57 40 33
57 41 30
57 42 21
57 43 10
57 45 8
57 47 25
57 49 2
57 50 18
57 51 30
57 52 29
57 53 36
57 54 14
57 55 40
57 56 21
58 0 24
58 1 26
58 2 40
58 3 24
58 4 29
58 5 31
58 6 2
58 7 35
58 8 37
58 10 27
58 11 33
58 12 40
58 13 24
58 14 35
58 15 28
58 16 31
58 19 15
58 21 12
58 22 30
58 23 35
58 24 16
58 26 9
58 27 2
58 29 20
58 30 9
58 31 29
58 32 37
58 33 11
58 34 25
58 35 16
58 37 21
58 38 12
58 39 37
58 41 29
58 42 6
58 43 38
58 44 1
58 46 5
58 47 19
58 48 38
58 49 2
58 51 36
58 52 8
58 53 34
58 55 36
58 56 32
59 0 23
59 3 38
59 4 32
59 5 23
59 6 31
59 7 29
59 8 39
59 9 22
59 10 12
59 11 25
59 12 32
59 13 19
59 14 13
59 16 20
59 19 23
59 20 27
59 21 10
59 22 17
59 24 32
59 26 23
59 27 3
59 30 19
59 31 15
59 33 19
59 35 25
59 36 29
59 37 3
59 38 15
59 39 8
59 40 10
59 41 32
59 42 2
59 43 15
59 44 26
59 45 35
59 46 11
59 47 33
59 48 32
59 49 15
59 51 40
59 53 3
59 54 32
59 56 16
59 57 10
59 58 26
60 0 9
60 1 6
60 2 35
60 3 8
60 4 30
60 5 39
60 6 21
60 7 18
60 8 10
60 9 6
60 10 13
60 11 17
60 13 24
60 14 14
60 16 9
60 17 15
60 18 20
60 19 13
60 20 20
60 21 2
60 22 11
60 23 22
60 24 11
60 25 4
60 27 3
60 28 22
60 29 35
60 30 36
60 32 16
60 35 2
60 36 36
60 37 19
60 39 25
60 40 20
60 41 19
60 42 22
60 43 34
60 44 18
60 45 28
60 46 12
60 47 25
60 48 9
60 49 11
60 50 30
60 53 19
60 54 12
60 56 13
60 57 8
60 58 12
60 59 11
61 0 37
61 1 2
61 2 17
61 3 5
61 4 33
61 5 16
61 6 10
61 8 1
61 10 35
61 11 16
61 12 2
61 13 5
61 14 34
61 15 10
61 16 22
61 17 13
61 19 33
61 20 16
61 21 1
61 23 1
61 24 24
61 26 38
61 27 16
61 28 33
61 29 27
61 32 31
61 33 7
61 34 33
61 35 33
61 36 13
61 39 30
61 41 1
61 42 16
61 43 15
61 44 22
61 45 16
61 46 36
61 47 18
61 48 28
61 49 31
61 50 16
61 51 32
61 53 16
61 54 4
61 55 20
61 56 15
61 57 29
61 58 3
61 59 34
62 0 6
62 1 26
62 2 7
62 3 13
62 5 40
62 6 11
62 7 6
62 8 2
62 10 15
62 11 23
62 13 5
62 14 25
62 15 34
62 16 24
62 17 1
62 19 5
62 20 8
62 22 25
62 25 3
62 27 17
62 28 36
62 29 34
62 30 23
62 33 5
62 34 24
62 35 22
62 36 1
62 37 3
62 38 31
62 39 5
62 40 17
62 42 35
62 43 15
62 45 20
62 46 5
62 48 20
62 49 7
62 51 24
62 53 36
62 55 31
62 61 30
63 0 18
63 1 26
63 2 2
63 3 21
63 5 9
63 6 34
63 7 17
63 8 15
63 9 11
63 10 25
63 11 26
63 13 40
63 14 24
63 15 35
63 17 30
63 18 3
63 19 29
63 21 27
63 23 35
63 24 26
63 25 12
63 27 30
63 29 28
63 30 8
63 31 9
63 32 10
63 37 30
63 38 3
63 39 19
63 40 12
63 41 36
63 42 7
63 43 31
63 44 17
63 45 20
63 46 28
63 47 19
63 48 35
63 49 13
63 50 9
63 51 32
63 52 39
63 53 18
63 54 11
63 55 23
63 56 40
63 57 1
63 59 11
63 60 30
63 61 27
63 62 1
64 0 24
64 1 6
64 2 19
64 3 8
64 4 29
64 5 33
64 6 3
64 8 26
64 9 26
64 11 17
64 12 18
64 13 17
64 14 3
64 15 13
64 16 18
64 17 5
64 18 19
64 21 31
64 23 10
64 24 37
64 25 38
64 27 13
64 28 27
64 31 10
64 32 12
64 33 12
64 34 11
64 36 25
64 37 32
64 38 38
64 40 26
64 42 39
64 45 35
64 46 16
64 49 3
64 50 38
64 51 24
64 52 22
64 53 4
64 55 31
64 56 32
64 58 19
64 61 12
64 62 7
64 63 35
65 0 18
65 1 5
65 2 35
65 3 26
65 5 12
65 6 7
65 7 25
65 8 39
65 9 26
65 11 35
65 12 6
65 13 14
65 14 28
65 16 23
65 17 19
65 19 35
65 20 25
65 21 20
65 23 31
65 24 30
65 25 16
65 26 14
65 28 20
65 30 23
65 31 33
65 32 11
65 33 31
65 34 29
65 35 5
65 36 17
65 37 11
65 39 17
65 40 3
65 42 19
65 43 9
65 44 8
65 45 36
65 46 27
65 48 12
65 49 15
65 50 5
65 51 2
65 52 33
65 53 25
65 54 12
65 55 21
65 56 7
65 57 25
65 58 40
65 60 22
65 61 24
65 62 17
65 63 25
65 64 7
66 0 37
66 1 9
66 2 39
66 3 14
66 4 3
66 6 16
66 7 3
66 9 4
66 10 32
66 12 13
66 13 2
66 14 40
66 15 28
66 16 6
66 17 18
66 18 31
66 20 14
66 22 28
66 23 2
66 25 40
66 26 23
66 27 13
66 29 17
66 30 36
66 31 27
66 32 2
66 33 23
66 34 18
66 36 36
66 37 10
66 38 39
66 40 6
66 41 21
66 42 3
66 43 10
66 44 8
66 45 39
66 46 37
66 47 21
66 48 8
66 50 16
66 51 18
66 52 34
66 53 31
66 54 34
66 55 15
66 57 24
66 58 21
66 59 3
66 60 40
66 63 33
66 64 37
66 65 7
67 0 13
67 1 35
67 2 21
67 3 23
67 4 35
67 5 19
67 6 22
67 8 38
67 10 35
67 11 34
67 12 40
67 13 22
67 14 10
67 15 2
67 16 14
67 17 29
67 19 7
67 20 13
67 21 9
67 22 15
67 23 4
67 24 22
67 25 31
67 26 38
67 28 30
67 30 12
67 31 24
67 32 13
67 33 11
67 34 22
67 35 13
67 36 23
67 38 6
67 39 23
67 40 4
67 41 4
67 42 17
67 44 17
67 45 2
67 47 16
67 48 23
67 49 9
67 50 34
67 51 23
67 52 12
67 53 40
67 54 34
67 55 12
67 56 27
67 58 2
67 59 36
67 60 17
67 61 17
67 62 15
67 64 2
67 65 31
67 66 10
68 0 22
68 1 24
68 2 9
68 3 31
68 4 10
68 5 11
68 6 39
68 7 21
68 8 39
68 9 16
68 10 18
68 11 5
68 12 16
68 13 25
68 14 22
68 15 4
68 16 28
68 17 33
68 18 18
68 19 34
68 20 17
68 22 23
68 23 37
68 24 35
68 25 21
68 26 20
68 27 33
68 28 10
68 30 24
68 31 26
68 32 31
68 33 26
68 34 35
68 37 39
68 38 16
68 40 28
68 42 1
68 43 10
68 44 29
68 46 6
68 47 28
68 49 13
68 50 32
68 51 29
68 52 28
68 53 1
68 55 37
68 58 5
68 60 4
68 61 40
68 62 39
68 64 2
68 65 6
68 67 25
69 1 30
69 2 9
69 3 31
69 4 17
69 6 24
69 7 29
69 8 29
69 10 1
69 11 32
69 13 36
69 16 23
69 18 37
69 20 3
69 21 24
69 22 5
69 24 32
69 25 16
69 27 6
69 28 35
69 29 3
69 30 7
69 31 31
69 32 12
69 33 10
69 34 26
69 35 17
69 37 33
69 38 33
69 39 35
69 40 1
69 42 6
69 44 24
69 45 15
69 47 18
69 48 38
69 50 13
69 51 12
69 52 34
69 53 14
69 55 18
69 56 26
69 57 3
69 58 35
69 59 20
69 62 1
69 65 30
