60
1 0 40
2 0 45
2 1 37
4 0 6
4 1 30
4 3 9
5 1 13
5 3 47
5 4 78
6 1 62
6 2 3
6 3 4
6 4 28
6 5 63
7 0 40
7 3 80
7 4 48
7 5 59
7 6 78
8 1 17
8 2 60
8 5 31
8 6 12
8 7 27
9 0 60
9 6 79
9 8 2
10 1 3
10 4 32
10 5 80
11 0 33
11 2 41
11 5 48
11 6 63
11 7 48
11 8 73
11 10 2
12 0 60
12 2 15
12 3 68
12 4 13
12 7 39
12 10 15
12 11 50
13 0 74
13 6 54
13 8 51
13 10 39
13 11 30
13 12 23
14 0 22
14 1 62
14 2 73
14 3 77
14 4 12
14 6 5
14 8 22
14 10 4
14 13 73
15 0 76
15 1 31
15 5 65
15 8 3
15 10 15
15 11 66
15 13 17
16 2 13
16 3 2
16 4 16
16 5 12
16 7 5
16 9 48
16 10 4
16 11 23
16 12 29
16 13 9
16 14 3
16 15 24
17 0 36
17 4 74
17 5 56
17 7 73
17 8 50
17 10 65
17 11 71
17 12 35
17 13 46
17 14 24
17 15 74
17 16 80
18 0 52
18 3 64
18 5 38
18 6 35
18 7 21
18 10 28
18 12 6
18 15 70
18 16 77
18 17 50
19 1 38
19 4 71
19 5 32
19 11 33
19 14 23
19 17 60
19 18 73
20 0 62
20 1 8
20 3 11
20 5 22
20 6 73
20 8 18
20 9 65
20 10 65
20 11 29
20 12 62
20 15 26
20 17 12
20 18 75
20 19 14
21 0 27
21 2 32
21 3 38
21 4 23
21 5 68
21 6 40
21 7 39
21 10 18
21 11 74
21 14 10
21 15 25
21 16 37
21 18 49
21 20 32
22 0 23
22 2 57
22 3 49
22 4 12
22 10 56
22 11 68
22 12 55
22 13 56
22 14 2
22 16 32
22 20 2
23 1 46
23 2 80
23 3 69
23 4 41
23 5 66
23 6 9
23 8 52
23 9 38
23 11 66
23 13 3
23 14 79
23 15 28
23 16 75
23 17 11
23 19 27
23 20 33
23 21 61
24 0 49
24 3 62
24 4 64
24 5 74
24 6 1
24 7 52
24 8 4
24 13 17
24 14 65
24 15 28
24 17 60
24 18 78
24 19 75
24 20 33
24 21 11
24 22 42
25 0 73
25 2 27
25 3 31
25 4 18
25 5 35
25 6 21
25 8 53
25 9 11
25 11 80
25 12 60
25 15 47
25 17 20
25 21 40
25 23 65
26 1 1
26 2 75
26 6 67
26 7 2
26 8 57
26 9 55
26 10 51
26 13 48
26 14 37
26 16 6
26 18 38
26 19 43
26 21 4
26 22 35
26 25 71
27 0 45
27 3 67
27 4 15
27 8 59
27 9 3
27 10 8
27 12 26
27 13 31
27 19 59
27 20 34
27 23 77
27 24 5
27 25 14
27 26 39
28 1 55
28 2 21
28 3 9
28 4 66
28 5 16
28 6 51
28 7 27
28 10 7
28 11 65
28 12 61
28 14 54
28 15 58
28 17 48
28 18 2
28 19 20
28 20 32
28 21 10
28 22 66
28 23 24
28 24 77
28 25 29
28 27 49
29 0 19
29 1 69
29 2 59
29 3 39
29 4 46
29 5 30
29 7 49
29 9 75
29 10 66
29 16 75
29 22 55
29 23 59
29 27 49
29 28 15
30 0 10
30 1 19
30 2 77
30 3 20
30 4 65
30 7 52
30 11 58
30 14 44
30 15 63
30 16 36
30 17 54
30 18 22
30 19 19
30 20 31
30 21 13
30 23 61
30 25 15
30 26 20
30 28 11
31 0 6
31 1 14
31 3 72
31 4 3
31 5 27
31 6 63
31 7 5
31 10 36
31 11 52
31 13 35
31 15 5
31 17 56
31 18 57
31 19 65
31 24 11
31 27 65
31 28 14
31 29 63
31 30 23
32 0 10
32 1 4
32 2 50
32 3 26
32 4 19
32 7 74
32 8 34
32 9 54
32 10 8
32 11 14
32 12 69
32 14 13
32 15 11
32 21 55
32 23 58
32 24 67
32 25 78
32 26 71
32 29 10
33 1 8
33 2 77
33 4 62
33 7 51
33 8 54
33 11 2
33 12 43
33 15 57
33 16 17
33 17 12
33 18 15
33 19 64
33 22 43
33 23 6
33 25 3
33 26 27
33 27 69
33 30 54
33 31 16
34 0 14
34 1 54
34 2 67
34 4 45
34 5 62
34 7 70
34 8 38
34 11 9
34 12 21
34 14 52
34 16 27
34 17 72
34 18 31
34 19 77
34 20 12
34 21 51
34 24 24
34 25 49
34 26 34
34 28 8
34 29 12
34 31 49
34 32 28
34 33 32
35 0 61
35 1 20
35 3 75
35 4 37
35 5 62
35 8 21
35 9 80
35 10 9
35 14 79
35 15 58
35 16 55
35 18 72
35 19 39
35 21 9
35 23 46
35 25 1
35 29 60
35 30 1
35 31 74
35 32 54
35 33 36
35 34 55
36 0 69
36 2 52
36 3 34
36 4 61
36 5 52
36 8 10
36 9 17
36 11 21
36 12 37
36 13 75
36 14 35
36 20 75
36 21 35
36 22 31
36 24 1
36 25 19
36 27 8
36 28 9
36 29 68
36 30 71
36 31 67
36 32 13
36 34 18
36 35 33
37 1 79
37 2 46
37 3 43
37 6 4
37 7 47
37 8 3
37 9 26
37 10 57
37 12 12
37 15 3
37 16 59
37 19 52
37 20 49
37 21 44
37 23 12
37 27 49
37 28 80
37 29 79
37 32 52
37 33 49
37 34 42
37 35 15
38 0 6
38 2 72
38 3 23
38 4 12
38 5 1
38 6 34
38 8 30
38 10 67
38 11 80
38 13 46
38 15 77
38 16 61
38 17 32
38 19 50
38 20 75
38 21 18
38 23 24
38 24 63
38 26 6
38 30 13
38 32 21
38 34 58
38 35 9
38 36 38
38 37 50
39 2 13
39 3 50
39 5 15
39 8 61
39 9 26
39 10 17
39 11 72
39 12 49
39 13 45
39 16 1
39 17 4
39 20 23
39 21 42
39 22 70
39 26 57
39 27 27
39 29 29
39 30 60
39 31 22
39 33 40
39 34 6
39 35 38
39 36 66
39 37 31
39 38 75
40 1 7
40 2 50
40 4 50
40 8 60
40 9 22
40 10 80
40 13 70
40 15 61
40 19 72
40 20 48
40 22 58
40 25 61
40 26 44
40 27 24
40 29 39
40 30 50
40 32 54
40 33 41
40 37 29
40 39 32
41 3 22
41 4 34
41 5 22
41 7 77
41 8 47
41 10 9
41 11 6
41 12 55
41 14 7
41 15 76
41 16 70
41 19 24
41 20 58
41 23 40
41 25 16
41 26 65
41 27 35
41 28 9
41 29 38
41 30 9
41 32 58
41 35 29
41 36 5
41 38 52
41 39 29
42 0 29
42 1 62
42 2 51
42 3 58
42 6 25
42 9 60
42 10 15
42 13 36
42 14 14
42 15 53
42 19 5
42 21 72
42 22 6
42 24 47
42 26 30
42 27 16
42 29 25
42 30 60
42 34 19
42 35 31
42 37 36
42 39 24
42 40 46
43 0 29
43 5 74
43 8 48
43 10 68
43 11 49
43 14 69
43 15 79
43 20 32
43 22 18
43 23 7
43 24 4
43 29 3
43 30 50
43 31 19
43 32 44
43 33 43
43 34 71
43 37 6
43 39 52
43 40 42
43 41 18
44 0 50
44 2 26
44 3 71
44 8 61
44 9 5
44 10 34
44 11 3
44 12 42
44 13 42
44 14 20
44 15 20
44 17 24
44 20 68
44 21 45
44 24 71
44 28 1
44 29 36
44 31 72
44 32 49
44 33 42
44 35 62
44 37 2
44 40 50
44 41 73
44 42 40
44 43 28
45 0 17
45 1 66
45 3 47
45 4 35
45 5 8
45 6 25
45 9 57
45 10 64
45 11 1
45 13 55
45 14 8
45 15 72
45 16 7
45 18 52
45 19 26
45 20 50
45 22 27
45 23 36
45 26 68
45 30 10
45 31 73
45 32 2
45 34 29
45 37 75
45 39 3
45 40 52
45 42 35
45 44 58
46 0 37
46 3 42
46 5 13
46 11 71
46 13 72
46 14 78
46 16 38
46 17 46
46 21 53
46 22 49
46 23 60
46 25 34
46 28 33
46 29 70
46 30 80
46 31 1
46 32 15
46 34 44
46 37 42
46 41 14
46 42 45
46 44 36
46 45 38
47 0 30
47 1 2
47 2 39
47 3 61
47 5 16
47 6 54
47 8 56
47 9 78
47 10 16
47 13 18
47 14 18
47 15 70
47 17 33
47 20 45
47 23 35
47 24 2
47 25 6
47 27 29
47 30 54
47 31 32
47 32 72
47 33 72
47 38 32
47 46 61
48 0 22
48 4 40
48 6 8
48 7 60
48 9 14
48 12 30
48 15 73
48 17 59
48 18 6
48 22 56
48 23 52
48 25 51
48 26 73
48 28 73
48 30 34
48 32 55
48 36 16
48 37 28
48 40 20
48 41 14
48 42 2
48 45 58
48 46 18
48 47 75
49 0 67
49 2 24
49 4 2
49 5 76
49 6 14
49 7 29
49 9 57
49 15 75
49 17 10
49 18 13
49 19 2
49 20 43
49 23 8
49 24 14
49 25 64
49 26 34
49 27 55
49 29 63
49 31 32
49 32 42
49 33 6
49 35 17
49 36 21
49 37 71
49 39 31
49 40 75
49 43 70
49 45 73
49 46 73
49 47 16
49 48 72
50 1 76
50 5 25
50 6 39
50 8 64
50 11 8
50 12 74
50 15 51
50 16 46
50 17 31
50 21 5
50 24 7
50 27 60
50 29 44
50 30 11
50 31 54
50 32 14
50 34 64
50 35 31
50 36 21
50 38 25
50 40 61
50 41 27
50 44 21
50 46 57
50 47 15
51 0 10
51 2 43
51 3 30
51 4 50
51 5 54
51 6 6
51 8 6
51 10 42
51 11 15
51 12 26
51 13 63
51 14 55
51 17 6
51 18 15
51 19 39
51 20 53
51 23 54
51 24 21
51 25 3
51 27 51
51 31 30
51 33 67
51 34 59
51 35 27
51 36 75
51 37 63
51 38 65
51 40 41
51 41 61
51 42 24
51 43 64
51 44 53
51 45 56
51 46 24
51 48 66
51 49 11
52 0 53
52 1 73
52 2 55
52 5 13
52 7 19
52 8 59
52 9 19
52 10 65
52 11 37
52 12 59
52 13 38
52 14 32
52 15 20
52 17 4
52 18 34
52 20 68
52 21 30
52 22 55
52 23 41
52 24 31
52 27 48
52 28 5
52 30 5
52 32 17
52 36 24
52 38 51
52 39 46
52 40 64
52 42 41
52 44 23
52 45 31
52 46 49
52 48 9
52 49 25
52 50 69
52 51 67
53 0 25
53 2 80
53 9 41
53 10 30
53 11 66
53 12 22
53 14 19
53 15 38
53 16 10
53 17 2
53 20 18
53 22 77
53 23 41
53 24 77
53 27 61
53 28 68
53 30 60
53 32 50
53 33 68
53 35 42
53 37 1
53 38 31
53 39 14
53 40 29
53 42 9
53 44 60
53 45 69
53 47 25
53 49 12
53 51 54
54 0 61
54 1 7
54 2 20
54 3 52
54 4 45
54 5 44
54 6 58
54 7 36
54 8 70
54 11 35
54 13 26
54 14 30
54 15 29
54 17 4
54 18 35
54 20 51
54 21 76
54 22 29
54 24 7
54 25 48
54 26 35
54 31 26
54 34 46
54 37 23
54 40 40
54 41 69
54 46 7
54 47 76
54 48 57
54 49 11
54 50 2
54 51 7
55 0 80
55 2 54
55 4 53
55 5 65
55 6 36
55 8 34
55 9 38
55 10 6
55 11 7
55 12 36
55 13 21
55 14 11
55 19 51
55 21 39
55 22 20
55 23 2
55 25 9
55 26 26
55 27 18
55 28 75
55 31 36
55 33 75
55 35 75
55 36 42
55 38 3
55 39 12
55 40 20
55 42 62
55 43 70
55 44 47
55 45 70
55 46 24
55 48 41
55 49 14
55 50 41
55 51 48
55 54 74
56 0 30
56 1 59
56 2 35
56 4 43
56 5 80
56 7 73
56 8 6
56 12 9
56 15 31
56 16 53
56 17 1
56 20 65
56 21 64
56 23 5
56 24 45
56 25 54
56 26 78
56 28 17
56 30 65
56 32 22
56 34 31
56 35 11
56 37 71
56 39 70
56 40 20
56 42 76
56 44 79
56 45 35
56 48 27
56 51 18
56 52 27
56 55 57
57 1 19
57 3 3
57 4 12
57 6 15
57 8 75
57 9 27
57 10 37
57 11 3
57 12 28
57 15 74
57 16 57
57 17 54
57 19 31
57 22 48
57 24 4
57 25 48
57 26 29
57 29 62
57 30 6
57 33 26
57 34 73
57 35 65
57 37 65
57 38 41
57 39 62
57 40 79
57 41 5
57 42 74
57 43 8
57 44 52
57 49 49
57 50 18
57 51 8
57 52 25
57 53 70
57 54 13
58 0 26
58 3 12
58 4 39
58 6 36
58 7 37
58 9 27
58 10 4
58 12 39
58 13 1
58 14 10
58 15 70
58 16 67
58 19 6
58 20 14
58 21 10
58 22 9
58 24 7
58 25 48
58 26 34
58 27 63
58 30 52
58 31 9
58 34 28
58 39 48
58 42 28
58 43 49
58 44 55
58 46 47
58 48 37
58 50 8
58 51 33
58 54 54
58 55 51
59 3 77
59 5 24
59 6 69
59 7 21
59 9 26
59 10 22
59 13 76
59 14 14
59 16 29
59 17 19
59 18 49
59 20 73
59 23 79
59 24 29
59 25 80
59 28 26
59 29 48
59 30 70
59 32 40
59 33 26
59 35 31
59 36 69
59 38 62
59 40 13
59 45 17
59 46 73
59 47 59
59 48 22
59 49 18
59 52 4
59 53 68
59 54 80
59 55 61
59 56 50
59 57 73
