30
3 0 8
3 2 17
4 1 16
4 3 21
5 0 1
5 2 24
5 3 8
5 4 26
6 1 32
6 2 8
6 4 20
6 5 29
7 0 39
7 2 28
7 4 21
7 6 7
8 1 28
8 2 28
8 3 10
8 4 1
8 5 24
9 0 36
9 1 36
9 2 33
9 4 35
9 5 20
9 6 1
9 8 28
10 0 2
10 1 31
10 2 37
10 3 37
10 4 39
10 5 8
10 6 18
10 9 29
11 0 11
11 1 32
11 2 2
11 4 14
11 7 20
11 8 40
11 9 12
12 2 9
12 4 15
12 6 28
12 7 40
12 9 38
12 11 21
13 1 24
13 2 36
13 3 14
13 5 32
13 6 36
13 9 21
13 11 28
13 12 32
14 1 32
14 2 14
14 5 15
14 6 40
14 9 22
14 10 39
14 11 4
14 12 32
15 0 39
15 1 12
15 2 5
15 4 30
15 5 18
15 6 23
15 7 8
15 8 39
15 9 25
15 10 27
15 13 40
16 0 21
16 1 10
16 4 23
16 6 23
16 8 8
16 9 8
16 10 37
16 12 26
16 15 15
17 0 14
17 3 3
17 4 34
17 6 1
17 11 15
17 12 4
17 13 33
17 14 9
17 15 13
17 16 35
18 0 17
18 1 39
18 2 10
18 3 39
18 4 1
18 5 20
18 10 30
18 11 9
18 13 33
18 16 31
18 17 32
19 1 16
19 2 6
19 3 11
19 4 13
19 5 16
19 7 18
19 9 30
19 11 32
19 14 27
19 15 22
19 18 34
20 0 9
20 1 38
20 4 37
20 5 7
20 6 24
20 8 13
20 9 36
20 12 10
20 13 4
20 15 28
20 17 27
20 18 15
20 19 30
21 0 4
21 1 5
21 2 36
21 3 30
21 4 40
21 5 15
21 6 14
21 10 40
21 11 2
21 12 9
21 14 40
21 15 32
21 18 11
21 19 30
21 20 35
22 0 36
22 1 38
22 3 11
22 6 29
22 7 2
22 8 37
22 10 20
22 11 3
22 12 37
22 15 38
22 17 4
22 18 40
22 19 1
22 20 6
22 21 9
23 2 30
23 4 18
23 5 32
23 6 27
23 7 1
23 9 20
23 10 20
23 11 39
23 12 35
23 14 13
23 15 24
23 16 38
23 17 6
23 18 25
23 20 29
23 21 22
24 1 11
24 3 21
24 4 5
24 10 15
24 13 20
24 14 6
24 15 39
24 17 34
24 19 14
24 20 25
24 21 1
24 22 24
24 23 18
25 1 10
25 2 38
25 4 19
25 5 19
25 6 19
25 9 8
25 10 23
25 11 22
25 12 12
25 13 8
25 14 2
25 16 40
25 17 23
25 20 40
25 21 31
25 23 38
26 0 8
26 3 21
26 4 14
26 6 40
26 7 23
26 9 8
26 10 36
26 11 14
26 12 19
26 13 22
26 15 17
26 16 5
26 18 17
26 19 1
26 20 38
26 22 17
26 23 20
26 24 30
26 25 8
27 0 17
27 1 2
27 3 4
27 4 21
27 6 37
27 7 21
27 8 26
27 9 1
27 12 31
27 13 3
27 14 35
27 15 2
27 16 36
27 17 33
27 18 38
27 22 38
27 23 22
27 24 24
27 25 6
27 26 18
28 2 4
28 6 18
28 7 13
28 11 9
28 12 6
28 14 26
28 15 7
28 16 39
28 17 40
28 18 36
28 20 37
28 21 27
28 22 1
28 23 29
28 26 36
28 27 33
29 3 8
29 5 17
29 10 22
29 12 12
29 15 16
29 18 32
29 22 27
29 23 29
29 25 5
29 26 1
