20
1 0 9
2 0 9
3 0 5
3 1 17
4 0 13
4 2 12
4 3 10
5 0 5
5 1 8
5 2 14
5 3 3
5 4 4
6 0 12
6 1 10
6 2 13
6 3 20
6 4 15
6 5 19
7 0 6
7 1 8
7 2 4
7 3 16
7 4 18
7 5 15
7 6 2
8 0 4
8 1 17
8 2 18
8 3 13
8 4 1
8 5 2
8 6 13
8 7 1
9 1 18
9 2 7
9 3 4
9 4 6
9 5 18
9 6 17
9 7 10
9 8 5
10 0 17
10 1 4
10 2 4
10 3 8
10 4 20
10 5 15
10 6 19
10 7 17
10 8 2
10 9 8
11 0 2
11 1 2
11 2 17
11 3 18
11 4 8
11 5 15
11 6 17
11 7 7
11 8 19
11 9 13
11 10 19
12 0 11
12 2 17
12 3 20
12 4 11
12 5 2
12 6 17
12 7 19
12 8 7
12 9 7
12 10 16
12 11 2
13 0 20
13 1 11
13 2 10
13 3 14
13 4 9
13 5 18
13 6 6
13 7 16
13 10 1
13 11 19
13 12 12
14 0 4
14 1 4
14 2 13
14 3 1
14 4 5
14 5 2
14 7 3
14 8 12
14 9 3
14 10 9
14 11 1
14 12 10
14 13 15
15 0 3
15 1 8
15 2 16
15 3 18
15 4 6
15 5 16
15 6 2
15 7 19
15 8 5
15 9 15
15 10 16
15 11 18
15 12 8
15 13 14
15 14 19
16 1 17
16 2 10
16 4 4
16 5 9
16 6 5
16 7 18
16 8 12
16 9 2
16 10 18
16 11 16
16 12 5
16 13 16
16 14 17
16 15 5
17 0 20
17 1 11
17 2 19
17 3 6
17 4 16
17 5 14
17 6 17
17 7 6
17 8 12
17 9 2
17 10 17
17 11 19
17 12 10
17 13 5
17 14 3
17 15 1
17 16 9
18 0 18
18 1 15
18 3 14
18 4 15
18 5 18
18 6 15
18 7 10
18 8 11
18 9 3
18 10 15
18 11 18
18 13 9
18 15 6
18 16 5
19 0 6
19 1 11
19 2 20
19 4 5
19 5 16
19 6 15
19 7 4
19 10 15
19 11 15
19 12 4
19 13 17
19 14 12
19 15 9
19 16 9
19 17 13
19 18 11
