60
2 1 122
4 0 136
4 1 286
4 2 24
4 3 39
5 0 207
5 3 286
5 4 88
6 0 120
6 1 295
6 3 305
6 5 283
7 1 58
7 2 184
7 3 229
7 4 189
7 5 126
8 2 236
8 3 28
8 4 189
9 6 307
10 1 180
10 2 203
10 4 6
10 8 92
11 2 148
11 5 16
11 6 194
11 8 98
11 9 74
12 1 151
12 2 274
12 4 291
12 5 21
12 7 303
12 8 146
12 9 5
12 10 316
13 3 271
13 8 35
13 9 232
14 0 166
14 2 57
14 4 24
14 6 274
14 11 313
14 12 138
15 0 268
15 1 26
15 2 218
15 3 148
15 4 140
15 5 79
15 6 2
15 9 177
16 1 90
16 2 81
16 4 139
16 6 224
16 7 222
16 8 74
16 12 180
16 13 313
16 14 125
16 15 118
17 0 258
17 2 117
17 3 182
17 6 22
17 8 160
17 10 254
17 13 128
17 14 97
17 15 92
18 3 207
18 4 240
18 5 67
18 7 90
18 10 237
18 12 148
18 14 99
18 15 293
19 0 58
19 1 285
19 3 307
19 5 198
19 6 71
19 7 168
19 9 210
19 14 60
19 17 17
19 18 255
20 0 14
20 1 18
20 7 203
20 8 127
20 9 270
20 11 47
20 13 117
20 14 194
20 15 136
20 18 284
20 19 276
21 3 105
21 4 291
21 5 118
21 8 42
21 9 100
21 10 173
21 11 26
21 14 23
21 15 260
21 16 39
21 17 8
22 1 141
22 2 259
22 3 173
22 4 267
22 6 35
22 9 290
22 10 109
22 11 74
22 13 139
22 14 288
22 16 240
22 17 154
22 20 226
23 2 190
23 3 111
23 6 130
23 9 174
23 11 103
23 12 185
23 13 20
23 14 36
23 17 220
23 18 107
23 22 168
24 0 166
24 2 57
24 4 9
24 6 100
24 7 174
24 8 228
24 10 121
24 13 294
24 16 63
24 17 188
24 19 138
24 21 112
24 22 93
25 1 299
25 3 183
25 5 157
25 8 207
25 14 78
25 18 2
25 19 295
25 20 54
25 22 158
25 24 121
26 1 156
26 5 33
26 8 263
26 9 1
26 11 75
26 12 148
26 15 139
26 17 259
26 19 286
26 21 71
26 23 275
27 0 97
27 2 21
27 5 232
27 6 289
27 7 52
27 12 234
27 16 286
27 18 281
27 21 160
27 24 48
27 26 96
28 0 235
28 1 197
28 2 289
28 3 229
28 4 186
28 6 89
28 9 4
28 12 162
28 14 109
28 16 93
28 18 190
28 23 244
28 25 149
29 0 172
29 1 271
29 2 72
29 3 142
29 5 260
29 6 157
29 7 135
29 9 172
29 10 85
29 12 205
29 13 116
29 18 257
29 20 129
29 21 53
29 23 197
29 24 136
29 25 317
30 1 257
30 5 282
30 11 197
30 12 36
30 13 301
30 15 157
30 16 51
30 18 269
30 19 48
30 22 104
30 24 221
30 25 208
30 26 118
30 28 73
31 0 164
31 1 311
31 3 30
31 4 197
31 8 135
31 9 17
31 10 199
31 11 9
31 13 220
31 15 56
31 20 88
31 22 23
31 23 246
31 24 295
31 25 283
31 26 39
31 27 190
31 29 18
31 30 134
32 0 293
32 1 86
32 2 61
32 3 170
32 5 232
32 6 81
32 9 191
32 10 265
32 14 241
32 15 204
32 20 2
32 21 263
32 22 297
32 25 48
32 27 3
32 28 168
32 30 274
32 31 73
33 0 70
33 2 154
33 5 32
33 6 188
33 7 160
33 8 186
33 11 130
33 12 245
33 13 313
33 15 233
33 18 165
33 21 36
33 22 117
33 23 53
33 26 158
33 29 259
33 30 295
34 1 80
34 2 8
34 4 197
34 5 9
34 6 57
34 7 170
34 11 275
34 16 95
34 17 121
34 19 52
34 24 219
34 25 316
34 27 279
34 28 98
34 29 123
34 31 86
34 33 233
35 2 259
35 5 186
35 6 45
35 7 27
35 8 57
35 9 27
35 15 272
35 16 58
35 17 10
35 18 24
35 21 285
35 25 157
35 26 153
35 28 25
35 29 20
35 31 72
35 34 286
36 0 301
36 1 148
36 3 205
36 9 263
36 10 131
36 11 229
36 12 294
36 13 99
36 15 1
36 18 55
36 20 102
36 22 89
36 25 90
36 26 215
36 28 26
36 30 43
36 32 69
36 34 27
37 1 210
37 2 214
37 6 61
37 10 102
37 11 252
37 12 127
37 13 213
37 15 137
37 18 122
37 20 240
37 22 74
37 23 206
37 24 52
37 25 37
37 27 263
37 30 102
37 32 80
37 33 162
37 35 31
37 36 223
38 1 223
38 2 153
38 4 28
38 5 299
38 6 319
38 7 33
38 8 269
38 14 219
38 16 313
38 17 119
38 19 247
38 20 275
38 22 245
38 24 273
38 27 96
38 28 162
38 33 278
38 35 263
38 36 105
39 2 115
39 4 4
39 6 237
39 7 17
39 9 21
39 12 142
39 13 114
39 16 27
39 17 305
39 18 141
39 31 231
39 35 99
39 37 278
40 0 10
40 3 114
40 6 251
40 7 266
40 13 303
40 15 44
40 16 4
40 17 292
40 21 56
40 22 102
40 26 261
40 27 249
40 28 203
40 29 293
40 31 264
40 34 170
40 37 215
40 39 189
41 1 264
41 2 197
41 4 180
41 6 265
41 7 84
41 9 113
41 12 285
41 13 101
41 14 309
41 15 236
41 16 24
41 19 245
41 21 22
41 24 316
41 27 60
41 31 127
41 33 75
41 34 54
41 35 206
41 36 206
41 37 315
41 39 131
42 1 21
42 4 105
42 5 185
42 8 79
42 9 47
42 10 142
42 13 139
42 14 314
42 15 316
42 27 277
42 30 281
42 34 271
42 36 208
42 37 15
42 41 158
43 0 10
43 1 217
43 2 260
43 4 41
43 6 155
43 7 41
43 8 270
43 10 267
43 11 92
43 12 259
43 13 77
43 16 193
43 17 158
43 18 128
43 19 106
43 23 210
43 24 7
43 26 273
43 27 240
43 28 207
43 30 116
43 31 31
43 32 36
43 33 220
43 34 142
43 36 22
43 38 16
43 39 20
43 40 227
43 41 149
43 42 165
44 1 88
44 5 129
44 9 239
44 10 302
44 11 226
44 12 278
44 14 253
44 15 229
44 17 218
44 18 236
44 19 196
44 23 158
44 25 34
44 28 118
44 32 206
44 35 261
44 36 126
44 37 217
44 38 289
44 39 317
44 42 122
45 0 267
45 5 11
45 6 126
45 10 242
45 11 9
45 12 229
45 15 4
45 17 152
45 21 45
45 22 9
45 27 138
45 28 123
45 30 314
45 31 276
45 32 178
45 34 199
45 36 113
45 37 287
45 38 289
45 41 140
45 43 291
46 3 210
46 6 197
46 8 287
46 9 313
46 10 27
46 11 55
46 20 246
46 21 167
46 24 184
46 26 170
46 28 219
46 31 282
46 32 293
46 34 158
46 35 196
46 36 78
46 38 298
46 39 28
46 41 96
46 42 247
46 43 213
46 44 6
46 45 124
47 1 9
47 2 101
47 9 262
47 11 202
47 13 68
47 16 123
47 17 154
47 18 149
47 20 194
47 21 108
47 23 304
47 24 77
47 26 126
47 28 30
47 29 264
47 30 88
47 34 55
47 35 105
47 36 293
47 37 148
47 39 225
47 40 66
47 44 235
47 46 279
48 1 42
48 2 112
48 3 65
48 4 71
48 5 116
48 9 266
48 10 94
48 14 173
48 15 304
48 16 123
48 18 238
48 19 242
48 20 138
48 21 89
48 22 175
48 23 222
48 24 152
48 25 229
48 26 91
48 30 315
48 36 239
48 37 175
48 39 269
48 40 38
48 43 77
48 45 254
48 46 199
48 47 218
49 2 2
49 5 226
49 8 295
49 11 139
49 12 33
49 14 296
49 15 267
49 17 210
49 19 270
49 24 263
49 26 7
49 29 17
49 30 143
49 31 69
49 32 75
49 35 173
49 36 250
49 37 283
49 38 99
49 39 200
49 41 143
49 43 191
50 0 4
50 2 7
50 3 63
50 4 267
50 5 244
50 7 15
50 10 114
50 16 269
50 17 213
50 20 169
50 21 312
50 25 19
50 26 290
50 27 7
50 28 185
50 30 294
50 34 60
50 35 73
50 38 186
50 40 300
50 41 33
50 43 122
50 44 11
50 46 217
50 48 135
50 49 177
51 0 266
51 1 134
51 2 51
51 3 142
51 4 13
51 5 177
51 8 143
51 9 15
51 10 214
51 11 159
51 16 136
51 17 165
51 18 290
51 19 85
51 24 315
51 26 49
51 28 84
51 30 78
51 34 45
51 35 212
51 38 61
51 40 253
51 41 245
51 43 287
51 44 320
51 45 231
52 1 151
52 3 97
52 5 99
52 6 221
52 7 313
52 9 92
52 10 159
52 11 45
52 12 211
52 14 219
52 17 186
52 18 55
52 19 294
52 26 93
52 29 264
52 30 245
52 32 177
52 34 275
52 40 17
52 45 317
52 47 216
52 49 190
52 50 317
52 51 227
53 0 279
53 1 255
53 2 29
53 10 96
53 11 198
53 13 285
53 14 93
53 18 108
53 19 100
53 23 255
53 24 75
53 27 23
53 28 232
53 31 103
53 32 48
53 33 313
53 34 49
53 35 231
53 36 309
53 38 71
53 39 277
53 40 152
53 41 194
53 45 100
53 47 251
53 48 51
53 49 301
53 51 154
54 8 272
54 9 34
54 10 263
54 16 49
54 18 129
54 20 286
54 23 292
54 26 56
54 28 2
54 32 188
54 34 90
54 40 52
54 42 59
54 43 230
54 45 12
54 47 76
54 49 96
54 50 64
54 52 149
54 53 17
55 0 276
55 1 239
55 5 119
55 9 5
55 12 4
55 13 39
55 14 275
55 16 32
55 18 225
55 19 167
55 21 108
55 22 304
55 24 55
55 26 287
55 27 151
55 28 128
55 29 75
55 30 180
55 33 240
55 35 5
55 37 145
55 38 98
55 39 58
55 40 265
55 44 69
55 45 4
55 48 302
55 49 160
55 50 275
55 52 266
55 53 255
55 54 202
56 3 2
56 4 78
56 5 295
56 6 16
56 7 240
56 9 273
56 10 29
56 11 20
56 12 246
56 14 304
56 15 182
56 19 253
56 20 8
56 21 139
56 22 96
56 23 155
56 24 301
56 25 202
56 29 105
56 31 113
56 33 212
56 34 94
56 35 48
56 37 237
56 40 287
56 41 71
56 43 173
56 45 99
56 48 176
56 49 188
56 51 35
56 55 182
57 1 214
57 3 209
57 5 242
57 8 159
57 10 61
57 14 129
57 16 168
57 18 266
57 19 271
57 24 126
57 27 296
57 29 30
57 30 302
57 31 265
57 32 132
57 33 36
57 39 96
57 41 92
57 42 46
57 43 47
57 44 69
57 47 37
57 49 68
57 51 105
57 52 179
57 53 315
57 56 20
58 0 317
58 1 107
58 2 22
58 3 143
58 8 43
58 9 84
58 10 148
58 12 293
58 13 6
58 14 180
58 15 159
58 19 94
58 20 316
58 23 112
58 24 299
58 25 272
58 26 207
58 27 112
58 30 14
58 33 244
58 34 197
58 36 15
58 38 237
58 45 74
58 48 258
58 50 4
58 51 80
58 52 242
58 54 241
58 55 288
58 56 163
59 1 161
59 3 111
59 4 137
59 6 186
59 7 247
59 8 66
59 9 106
59 15 251
59 16 58
59 18 238
59 25 165
59 28 298
59 29 266
59 33 8
59 35 85
59 36 282
59 37 7
59 39 261
59 41 252
59 43 95
59 48 39
59 49 21
59 51 116
59 53 126
59 54 16
59 56 252
59 58 289
