60
2 1 10
3 0 20
4 0 21
5 0 45
5 2 43
6 1 21
6 2 16
7 2 13
7 3 70
7 6 41
8 2 31
9 0 51
9 3 58
9 4 78
10 1 75
10 2 1
10 3 41
10 5 66
10 6 10
10 7 9
11 1 5
11 2 44
11 4 19
11 6 26
12 5 59
12 9 4
13 0 47
13 2 14
13 4 11
13 6 68
13 8 78
13 10 35
14 4 24
14 13 11
15 12 40
16 1 14
16 2 51
16 4 4
16 5 65
16 12 63
16 14 78
17 1 53
17 6 18
17 13 49
17 16 49
18 2 32
18 9 45
18 15 38
18 16 4
19 0 42
19 1 16
19 2 33
19 6 71
19 8 1
19 16 1
20 10 26
20 11 51
20 12 32
20 13 79
20 14 43
21 4 68
22 3 14
22 4 39
22 5 34
22 11 18
22 15 71
22 17 14
22 18 72
22 20 71
22 21 10
23 1 70
23 2 1
23 3 17
23 10 48
23 16 76
24 10 31
24 14 6
24 17 10
24 18 30
24 20 47
24 22 62
25 0 58
25 2 43
25 10 47
25 11 53
25 12 11
25 17 71
25 20 74
25 23 19
26 0 1
26 3 68
26 11 7
26 22 18
26 23 56
27 0 17
27 1 71
27 9 28
27 15 15
27 22 64
27 25 36
27 26 50
28 1 18
28 9 32
28 10 22
28 12 65
28 17 37
28 21 20
28 22 31
28 23 14
29 3 32
29 4 19
29 6 63
29 10 75
29 13 75
29 15 63
29 16 69
29 17 77
29 18 19
29 21 71
29 28 35
30 7 33
30 8 38
30 11 43
30 12 63
30 13 11
30 15 39
30 17 25
30 21 67
30 23 36
31 0 30
31 7 5
31 15 19
31 16 32
31 21 1
31 22 4
31 23 70
31 27 52
32 2 21
32 5 26
32 8 30
32 13 66
32 15 8
32 20 67
32 24 78
32 26 77
33 1 46
33 6 14
33 10 62
33 15 20
33 16 71
33 20 24
33 23 61
33 25 26
33 26 55
33 27 43
34 2 71
34 6 54
34 9 27
34 10 41
34 12 11
34 15 17
34 16 19
34 18 3
34 24 6
34 26 30
34 28 59
34 30 40
34 33 64
35 0 24
35 4 7
35 21 28
35 25 77
35 26 42
36 2 25
36 5 40
36 13 20
36 15 27
36 18 37
36 21 18
36 23 23
36 25 64
36 29 16
36 32 49
37 0 47
37 1 20
37 2 44
37 4 18
37 5 79
37 8 39
37 10 11
37 11 14
37 13 48
37 16 60
37 20 17
37 21 21
37 24 14
37 25 59
37 30 13
37 35 72
37 36 60
38 1 53
38 2 20
38 4 65
38 6 72
38 7 27
38 8 76
38 9 1
38 12 69
38 14 51
38 19 50
38 21 21
38 23 52
38 24 65
38 25 34
38 26 66
38 29 42
38 31 23
38 32 18
38 34 31
38 35 5
38 37 65
39 4 17
39 7 51
39 9 42
39 11 64
39 13 43
39 15 55
39 21 15
39 31 28
39 33 55
39 37 30
40 4 73
40 12 15
40 19 44
40 27 69
40 28 3
40 29 78
40 38 23
41 0 75
41 5 18
41 6 51
41 7 23
41 8 51
41 10 36
41 11 36
41 12 59
41 15 38
41 20 13
41 27 69
41 31 32
41 32 68
42 2 76
42 8 25
42 9 13
42 11 30
42 12 58
42 18 45
42 21 77
42 28 47
42 30 67
42 37 17
43 0 5
43 2 41
43 8 23
43 10 25
43 25 27
43 26 10
43 29 13
43 30 57
43 35 12
43 39 43
44 0 26
44 6 54
44 7 49
44 8 45
44 9 46
44 10 71
44 14 71
44 15 64
44 16 19
44 23 59
44 24 40
44 25 55
44 26 66
44 39 10
44 40 3
45 4 7
45 6 24
45 9 57
45 12 78
45 13 59
45 15 10
45 20 52
45 21 39
45 25 34
45 30 37
45 32 29
45 38 11
45 39 20
45 41 11
46 1 65
46 4 18
46 9 54
46 10 49
46 13 58
46 15 66
46 21 68
46 25 26
46 27 23
46 29 23
46 31 52
46 37 35
46 42 65
46 44 8
47 0 52
47 4 77
47 7 18
47 10 64
47 11 66
47 21 48
47 23 9
47 25 56
47 26 64
47 27 11
47 35 63
47 45 5
47 46 32
48 1 70
48 2 34
48 5 28
48 6 9
48 8 68
48 15 40
48 16 54
48 17 40
48 22 43
48 24 33
48 29 33
48 35 10
48 37 79
48 42 36
48 46 62
49 6 15
49 16 8
49 21 32
49 22 65
49 24 60
49 25 46
49 28 31
49 34 21
49 41 57
49 42 45
50 2 78
50 4 62
50 5 7
50 7 51
50 9 18
50 13 77
50 14 37
50 18 64
50 20 50
50 24 8
50 29 15
50 30 65
50 32 65
50 33 9
50 36 3
50 37 45
50 45 44
51 1 43
51 3 11
51 4 25
51 5 36
51 7 2
51 12 73
51 14 76
51 15 24
51 20 39
51 23 24
51 24 26
51 36 16
51 37 58
51 39 11
51 40 55
51 41 24
51 43 42
51 50 48
52 1 16
52 2 22
52 3 39
52 4 47
52 20 12
52 23 14
52 26 38
52 27 63
52 28 38
52 36 46
52 41 65
52 47 7
53 1 55
53 3 62
53 4 21
53 5 29
53 8 35
53 11 75
53 31 73
53 33 78
53 38 22
53 45 23
53 46 59
53 47 61
53 50 74
54 4 30
54 19 32
54 22 44
54 25 40
54 26 19
54 27 70
54 31 8
54 39 61
54 41 75
54 43 47
54 44 56
54 47 21
54 48 63
54 51 38
55 4 25
55 7 32
55 24 69
55 26 68
55 32 39
55 43 50
55 46 57
56 0 56
56 5 61
56 6 73
56 9 55
56 21 62
56 24 67
56 25 6
56 27 49
56 28 62
56 30 3
56 33 35
56 34 12
56 35 80
56 37 70
56 38 49
56 40 63
56 42 17
56 44 15
56 45 27
56 46 78
56 49 37
56 50 77
56 55 2
57 0 39
57 8 53
57 12 57
57 17 43
57 24 49
57 30 16
57 35 23
57 38 47
57 40 18
57 42 58
57 45 73
57 50 48
57 52 33
57 53 59
57 54 41
57 56 38
58 2 63
58 7 80
58 8 17
58 15 68
58 18 10
58 24 40
58 28 73
58 34 41
58 41 71
58 42 76
58 45 75
58 49 32
58 50 45
58 54 36
59 4 76
59 8 44
59 10 11
59 11 53
59 14 78
59 20 39
59 24 26
59 26 29
59 28 19
59 29 50
59 30 17
59 32 27
59 33 25
59 39 75
59 40 80
59 43 13
59 44 66
59 45 78
59 47 39
59 53 20
59 57 36
