70
1 0 3
2 0 4
3 0 7
3 1 7
3 2 10
4 0 3
4 1 1
4 2 1
4 3 7
5 0 7
5 1 6
5 2 3
5 3 9
5 4 1
6 0 1
6 2 4
7 0 10
7 1 10
7 2 2
7 3 4
7 4 10
7 6 10
8 0 6
8 1 10
8 2 3
8 3 5
8 4 3
8 6 3
8 7 10
9 0 10
9 1 6
9 2 1
9 3 10
9 4 7
9 5 2
9 6 8
9 8 3
10 0 2
10 1 10
10 2 5
10 3 5
10 4 5
10 5 3
10 6 9
10 7 7
11 0 2
11 1 1
11 2 2
11 3 10
11 4 3
11 7 2
11 8 2
11 9 6
11 10 2
12 0 4
12 2 9
12 4 1
12 5 3
12 6 6
12 7 5
12 8 10
12 9 3
12 11 6
13 2 9
13 3 5
13 4 2
13 5 10
13 8 9
13 9 2
13 10 2
13 11 4
14 0 7
14 1 8
14 3 3
14 4 10
14 5 9
14 7 5
14 9 3
14 10 10
14 12 1
14 13 5
15 0 10
15 2 7
15 3 6
15 4 7
15 5 2
15 6 5
15 7 5
15 8 5
15 10 8
15 11 7
15 12 2
15 14 9
16 1 6
16 2 9
16 3 1
16 4 8
16 5 9
16 6 8
16 7 6
16 9 3
16 10 8
16 11 7
16 12 8
16 13 4
16 14 7
17 0 7
17 2 7
17 3 6
17 5 4
17 7 7
17 8 9
17 9 1
17 10 2
17 11 9
17 12 7
17 13 4
17 14 3
17 16 5
18 0 8
18 1 9
18 2 8
18 3 6
18 5 4
18 6 10
18 8 8
18 9 10
18 10 3
18 11 1
18 12 2
18 14 8
18 15 9
18 16 10
18 17 9
19 0 1
19 1 3
19 3 5
19 4 1
19 5 8
19 6 9
19 7 2
19 8 7
19 9 1
19 10 7
19 11 8
19 12 5
19 13 7
19 14 6
19 15 1
19 16 4
19 17 10
19 18 7
20 0 9
20 3 3
20 4 7
20 5 1
20 6 2
20 8 2
20 9 5
20 12 8
20 13 10
20 14 7
20 15 1
20 16 5
20 17 5
20 18 4
20 19 5
21 0 9
21 1 8
21 2 1
21 3 9
21 4 9
21 5 10
21 6 1
21 7 9
21 8 4
21 9 8
21 10 3
21 12 7
21 15 3
21 16 2
21 18 10
21 20 4
22 1 1
22 2 3
22 3 6
22 5 4
22 8 2
22 10 3
22 11 4
22 12 2
22 13 8
22 14 7
22 15 10
22 16 1
22 17 5
22 18 8
22 19 8
22 20 4
22 21 8
23 0 10
23 1 5
23 3 2
23 4 7
23 5 1
23 6 7
23 7 6
23 10 2
23 11 1
23 12 5
23 13 9
23 15 9
23 16 4
23 18 3
23 20 4
23 21 9
23 22 1
24 0 10
24 2 8
24 3 7
24 4 2
24 8 1
24 10 3
24 11 4
24 13 7
24 14 1
24 15 2
24 16 6
24 18 9
24 19 9
24 20 6
24 21 9
24 22 9
24 23 8
25 0 10
25 1 6
25 2 2
25 3 9
25 4 7
25 5 5
25 7 4
25 8 7
25 11 3
25 12 3
25 13 9
25 14 8
25 15 1
25 16 2
25 17 3
25 19 9
25 20 9
25 21 4
25 22 10
25 23 5
25 24 9
26 0 6
26 1 2
26 3 8
26 4 6
26 5 1
26 6 5
26 7 2
26 8 10
26 10 6
26 11 1
26 12 9
26 13 8
26 14 10
26 15 6
26 16 10
26 17 8
26 18 7
26 19 8
26 20 6
26 22 9
26 23 5
26 24 6
27 0 6
27 1 6
27 2 8
27 3 4
27 4 8
27 5 9
27 6 10
27 7 3
27 8 8
27 9 6
27 10 10
27 12 3
27 13 5
27 14 3
27 15 6
27 16 8
27 17 5
27 18 9
27 19 10
27 20 9
27 21 10
27 22 7
27 23 3
27 25 4
27 26 5
28 1 9
28 3 10
28 4 9
28 6 9
28 7 2
28 8 5
28 10 10
28 11 3
28 12 6
28 13 1
28 14 9
28 16 7
28 18 5
28 21 8
28 22 8
29 0 9
29 1 3
29 4 5
29 6 4
29 8 5
29 9 10
29 10 5
29 11 10
29 12 3
29 13 6
29 14 5
29 15 9
29 17 10
29 18 5
29 19 8
29 20 8
29 21 7
29 22 6
29 23 5
29 24 1
29 25 9
29 26 2
29 28 4
30 0 8
30 1 4
30 2 8
30 3 2
30 4 6
30 5 4
30 7 2
30 8 7
30 9 7
30 11 4
30 12 6
30 13 8
30 14 2
30 15 9
30 17 5
30 19 1
30 20 10
30 21 5
30 22 5
30 24 6
30 26 1
30 27 3
30 28 2
30 29 6
31 0 1
31 1 2
31 2 2
31 4 4
31 5 4
31 6 7
31 7 9
31 8 5
31 9 2
31 10 4
31 11 1
31 12 10
31 13 6
31 14 3
31 15 8
31 16 2
31 17 6
31 18 4
31 20 6
31 21 5
31 22 2
31 23 6
31 24 3
31 25 7
31 26 3
31 28 4
31 29 8
32 2 2
32 4 7
32 5 6
32 6 9
32 7 10
32 8 3
32 9 4
32 11 1
32 13 6
32 14 10
32 15 2
32 17 10
32 18 3
32 19 9
32 20 8
32 22 4
32 23 7
32 24 9
32 25 5
32 26 3
32 27 1
32 28 5
32 29 9
32 30 2
32 31 1
33 0 2
33 1 10
33 2 5
33 3 4
33 4 1
33 6 3
33 8 2
33 9 3
33 10 2
33 12 5
33 13 4
33 14 7
33 15 1
33 17 4
33 18 1
33 19 6
33 20 3
33 21 3
33 23 5
33 24 3
33 25 10
33 27 7
33 28 9
33 29 6
33 30 6
33 31 4
33 32 5
34 0 5
34 1 8
34 3 9
34 4 4
34 5 9
34 6 6
34 7 8
34 8 2
34 9 6
34 10 8
34 11 3
34 12 4
34 14 3
34 16 7
34 17 9
34 18 5
34 20 10
34 21 5
34 22 6
34 23 9
34 24 6
34 25 5
34 26 7
34 28 7
34 29 3
34 30 8
34 32 1
34 33 9
35 1 4
35 2 6
35 3 10
35 4 4
35 5 10
35 6 7
35 7 4
35 8 10
35 9 9
35 10 4
35 11 10
35 13 5
35 15 7
35 17 8
35 18 1
35 19 2
35 20 10
35 21 9
35 22 10
35 23 7
35 24 4
35 26 3
35 27 8
35 28 1
35 29 2
35 30 8
35 33 4
35 34 10
36 0 1
36 1 5
36 2 5
36 3 9
36 4 8
36 5 3
36 6 9
36 9 1
36 10 8
36 11 3
36 13 8
36 14 9
36 15 3
36 17 9
36 20 1
36 21 9
36 22 8
36 23 4
36 24 3
36 25 6
36 26 2
36 27 9
36 28 7
36 29 3
36 30 6
36 31 1
36 33 1
36 34 8
36 35 6
37 0 10
37 1 8
37 2 3
37 5 8
37 6 9
37 7 8
37 8 10
37 9 4
37 11 6
37 13 8
37 15 7
37 16 10
37 17 10
37 19 10
37 20 1
37 21 3
37 23 10
37 24 9
37 26 7
37 28 1
37 29 2
37 30 7
37 31 5
37 32 7
37 33 10
37 34 6
37 35 1
37 36 9
38 0 10
38 1 7
38 3 6
38 4 9
38 5 3
38 6 4
38 7 8
38 8 6
38 9 7
38 10 10
38 11 10
38 12 7
38 15 5
38 16 2
38 17 8
38 18 1
38 19 8
38 20 5
38 21 3
38 22 9
38 23 4
38 24 7
38 25 1
38 26 7
38 28 6
38 29 9
38 30 4
38 31 3
38 32 10
38 33 6
38 36 1
38 37 5
39 0 4
39 1 8
39 2 3
39 3 8
39 4 4
39 6 8
39 7 4
39 9 1
39 11 7
39 12 7
39 13 9
39 17 4
39 18 3
39 19 5
39 20 5
39 21 3
39 22 10
39 23 10
39 25 2
39 28 3
39 30 8
39 31 5
39 32 3
39 33 3
39 34 4
39 35 10
39 36 7
39 37 8
40 0 3
40 1 4
40 2 7
40 3 6
40 4 8
40 5 7
40 7 8
40 8 5
40 9 7
40 11 3
40 14 6
40 17 10
40 18 9
40 19 6
40 20 4
40 21 5
40 22 10
40 24 1
40 25 8
40 26 4
40 28 1
40 29 9
40 30 3
40 31 4
40 32 3
40 33 4
40 34 2
40 35 10
40 36 5
40 38 6
40 39 7
41 0 3
41 1 10
41 2 9
41 3 10
41 5 7
41 6 1
41 7 5
41 9 2
41 10 2
41 11 3
41 12 2
41 13 2
41 14 7
41 16 10
41 18 8
41 19 9
41 20 5
41 21 5
41 22 3
41 23 10
41 24 2
41 25 5
41 26 5
41 27 9
41 28 9
41 29 3
41 30 1
41 31 3
41 32 9
41 33 8
41 34 9
41 35 2
41 36 7
41 37 4
41 38 9
41 39 10
42 1 5
42 2 8
42 3 8
42 6 10
42 7 8
42 8 5
42 9 10
42 12 3
42 14 6
42 16 5
42 17 2
42 18 4
42 19 6
42 20 2
42 21 10
42 23 4
42 24 3
42 25 1
42 26 4
42 27 1
42 29 6
42 30 1
42 31 2
42 32 10
42 34 3
42 35 7
42 36 1
42 38 4
42 39 1
42 40 8
43 0 4
43 2 7
43 3 5
43 4 2
43 5 1
43 6 6
43 7 6
43 9 4
43 10 2
43 12 10
43 13 2
43 14 6
43 16 7
43 18 9
43 19 10
43 22 7
43 23 8
43 24 6
43 25 4
43 27 3
43 28 8
43 29 8
43 31 10
43 32 8
43 33 8
43 34 9
43 35 2
43 36 9
43 38 10
43 40 7
43 41 3
43 42 2
44 0 7
44 1 1
44 4 3
44 5 8
44 6 7
44 7 4
44 9 9
44 10 2
44 11 6
44 12 7
44 13 10
44 14 4
44 17 6
44 19 4
44 20 10
44 22 3
44 24 1
44 26 1
44 27 7
44 28 1
44 29 3
44 30 10
44 31 9
44 33 2
44 34 2
44 35 1
44 36 7
44 37 4
44 39 7
44 40 2
44 41 10
44 42 2
44 43 9
45 0 10
45 1 4
45 2 8
45 3 4
45 4 3
45 7 3
45 9 8
45 10 8
45 11 4
45 12 1
45 14 8
45 15 8
45 17 4
45 18 5
45 19 8
45 22 6
45 23 10
45 25 8
45 26 2
45 27 2
45 29 6
45 30 9
45 31 6
45 32 5
45 33 1
45 35 7
45 36 10
45 37 9
45 39 7
45 42 8
45 43 6
45 44 10
46 0 4
46 1 8
46 2 4
46 3 10
46 4 4
46 5 9
46 7 4
46 9 5
46 11 7
46 12 1
46 13 6
46 14 9
46 15 4
46 16 6
46 17 2
46 18 7
46 19 2
46 20 5
46 21 4
46 22 1
46 23 10
46 24 7
46 25 9
46 26 2
46 27 7
46 29 10
46 30 2
46 31 10
46 36 3
46 37 6
46 38 8
46 39 2
46 40 1
46 42 3
46 43 7
46 44 6
47 0 1
47 1 6
47 2 6
47 3 9
47 4 6
47 5 9
47 7 5
47 8 7
47 9 10
47 11 1
47 12 3
47 14 8
47 15 7
47 17 5
47 19 7
47 21 4
47 22 10
47 23 4
47 24 10
47 26 9
47 27 8
47 29 8
47 30 2
47 31 10
47 32 5
47 33 9
47 34 6
47 36 6
47 38 8
47 40 7
47 43 2
47 44 8
47 46 3
48 0 4
48 1 3
48 2 6
48 3 6
48 4 4
48 5 4
48 6 5
48 7 1
48 8 10
48 9 2
48 10 4
48 11 3
48 12 10
48 13 10
48 14 7
48 15 9
48 16 3
48 18 5
48 19 5
48 20 4
48 21 7
48 22 9
48 23 6
48 24 9
48 25 2
48 26 6
48 27 4
48 28 4
48 29 7
48 31 3
48 32 2
48 33 4
48 37 8
48 38 7
48 39 6
48 40 6
48 41 10
48 42 4
48 43 4
48 44 9
48 45 1
48 46 5
48 47 9
49 0 2
49 2 4
49 6 10
49 7 3
49 8 6
49 9 4
49 10 2
49 11 10
49 12 9
49 13 3
49 14 3
49 16 9
49 17 10
49 18 7
49 19 9
49 21 7
49 22 8
49 24 9
49 25 2
49 26 1
49 27 1
49 28 10
49 29 3
49 30 6
49 32 3
49 33 6
49 34 6
49 36 4
49 37 2
49 38 10
49 39 4
49 40 7
49 42 9
49 43 7
49 45 7
49 46 8
49 47 10
49 48 6
50 0 1
50 1 1
50 2 9
50 3 7
50 5 9
50 6 1
50 7 7
50 8 2
50 9 5
50 10 3
50 11 7
50 12 4
50 13 6
50 14 5
50 15 8
50 16 5
50 17 6
50 18 10
50 19 10
50 21 8
50 22 2
50 23 9
50 25 4
50 26 7
50 27 5
50 28 2
50 30 4
50 31 10
50 32 4
50 33 6
50 34 9
50 36 6
50 37 5
50 38 4
50 39 9
50 40 7
50 41 8
50 42 3
50 43 5
50 44 6
50 45 10
50 46 6
50 47 6
50 48 1
50 49 3
51 0 1
51 1 1
51 8 4
51 9 1
51 10 2
51 11 8
51 12 5
51 14 1
51 17 8
51 18 10
51 19 4
51 20 7
51 22 9
51 23 7
51 24 1
51 25 5
51 28 3
51 30 5
51 31 5
51 32 9
51 33 5
51 34 3
51 36 3
51 37 10
51 38 3
51 40 7
51 41 4
51 42 5
51 43 5
51 44 5
51 45 10
51 46 2
51 48 9
51 49 1
51 50 5
52 0 6
52 2 9
52 3 5
52 4 9
52 5 3
52 6 6
52 7 2
52 8 2
52 9 3
52 10 10
52 11 9
52 12 9
52 13 3
52 14 4
52 15 3
52 16 3
52 17 6
52 18 5
52 19 5
52 20 3
52 21 6
52 22 6
52 23 10
52 24 1
52 25 2
52 26 2
52 27 2
52 29 5
52 30 4
52 32 2
52 33 7
52 34 4
52 35 8
52 36 8
52 37 6
52 38 5
52 39 9
52 41 1
52 42 2
52 43 5
52 44 4
52 47 3
52 49 7
52 50 1
52 51 7
53 0 10
53 1 9
53 3 9
53 4 9
53 5 6
53 6 7
53 7 5
53 8 2
53 9 6
53 11 9
53 12 9
53 13 7
53 14 3
53 16 9
53 17 10
53 18 6
53 21 2
53 22 10
53 23 7
53 24 9
53 26 9
53 28 3
53 29 5
53 30 9
53 31 9
53 32 1
53 33 6
53 34 5
53 36 9
53 37 7
53 39 3
53 40 10
53 41 5
53 43 2
53 44 1
53 45 3
53 46 6
53 48 3
53 49 8
53 50 6
53 51 8
53 52 3
54 0 10
54 1 5
54 2 4
54 3 6
54 7 4
54 8 3
54 10 9
54 11 1
54 13 8
54 14 9
54 15 1
54 16 10
54 18 6
54 19 10
54 20 9
54 21 7
54 22 7
54 23 9
54 24 6
54 25 1
54 26 3
54 27 8
54 28 5
54 29 4
54 30 7
54 31 4
54 32 1
54 33 6
54 34 8
54 35 7
54 36 8
54 37 5
54 41 3
54 42 4
54 43 5
54 44 8
54 46 6
54 47 6
54 48 2
54 49 5
54 50 7
54 51 2
54 52 7
55 0 7
55 1 7
55 2 7
55 6 7
55 7 2
55 8 7
55 9 4
55 10 2
55 11 1
55 13 5
55 14 4
55 15 9
55 16 7
55 17 8
55 20 4
55 21 6
55 22 7
55 23 5
55 25 10
55 26 9
55 27 5
55 28 6
55 29 6
55 30 10
55 31 8
55 32 6
55 33 6
55 34 4
55 35 3
55 36 7
55 37 3
55 38 6
55 39 5
55 40 9
55 41 6
55 42 6
55 43 7
55 44 10
55 45 1
55 46 3
55 47 5
55 48 9
55 50 2
55 51 7
55 52 8
56 0 8
56 1 10
56 2 4
56 4 10
56 5 2
56 6 3
56 7 1
56 8 10
56 9 10
56 11 1
56 14 7
56 15 1
56 16 4
56 17 8
56 18 10
56 19 7
56 20 4
56 21 1
56 23 1
56 24 8
56 25 6
56 26 9
56 27 1
56 30 1
56 31 10
56 32 9
56 33 10
56 34 8
56 35 5
56 36 8
56 39 9
56 40 6
56 42 2
56 43 4
56 45 4
56 46 8
56 47 10
56 48 10
56 49 7
56 50 1
56 51 7
56 52 8
56 53 3
56 55 5
57 0 8
57 1 2
57 2 3
57 3 4
57 5 5
57 6 5
57 7 9
57 8 1
57 11 9
57 13 3
57 14 1
57 15 6
57 16 4
57 18 4
57 19 10
57 21 1
57 23 3
57 24 6
57 26 3
57 28 4
57 29 7
57 30 10
57 31 10
57 33 10
57 34 1
57 35 2
57 36 2
57 37 6
57 38 9
57 40 6
57 41 10
57 42 6
57 43 10
57 44 5
57 45 4
57 47 5
57 48 8
57 49 10
57 51 10
57 52 8
57 53 1
57 54 5
57 56 1
58 4 5
58 6 5
58 10 10
58 11 4
58 12 2
58 14 2
58 15 7
58 16 1
58 18 3
58 19 1
58 22 7
58 23 4
58 24 7
58 25 5
58 26 1
58 27 10
58 28 8
58 29 6
58 30 1
58 32 6
58 33 4
58 34 2
58 35 3
58 36 4
58 37 1
58 38 8
58 39 8
58 40 3
58 41 8
58 42 10
58 43 8
58 44 3
58 45 10
58 46 2
58 47 6
58 48 6
58 49 8
58 50 10
58 51 8
58 52 9
58 53 9
58 54 7
58 56 3
58 57 7
59 0 10
59 1 6
59 2 9
59 3 4
59 4 5
59 5 2
59 6 7
59 7 1
59 8 9
59 9 6
59 10 6
59 11 4
59 12 3
59 13 7
59 16 7
59 18 6
59 19 9
59 20 9
59 21 10
59 22 5
59 23 9
59 24 6
59 25 9
59 27 9
59 28 6
59 30 4
59 31 8
59 32 8
59 34 9
59 35 7
59 36 5
59 37 10
59 38 3
59 39 4
59 40 8
59 41 1
59 42 6
59 43 1
59 44 6
59 45 7
59 47 9
59 48 7
59 50 10
59 51 2
59 52 6
59 53 4
59 54 3
59 55 6
59 57 1
60 0 8
60 1 5
60 2 2
60 4 6
60 5 1
60 8 6
60 9 2
60 10 4
60 13 9
60 14 1
60 16 6
60 17 5
60 18 9
60 19 9
60 20 3
60 21 7
60 22 9
60 23 10
60 25 5
60 26 7
60 27 2
60 28 5
60 29 7
60 30 8
60 31 9
60 32 3
60 33 5
60 34 3
60 35 4
60 36 2
60 37 8
60 38 5
60 39 6
60 40 2
60 41 7
60 42 4
60 43 4
60 44 3
60 45 7
60 46 5
60 47 7
60 48 7
60 49 10
60 50 10
60 52 3
60 53 9
60 54 4
60 55 1
60 56 9
60 57 5
60 58 7
60 59 3
61 0 3
61 1 10
61 2 10
61 3 4
61 6 4
61 7 6
61 8 8
61 9 10
61 10 5
61 11 4
61 12 7
61 13 7
61 14 10
61 15 2
61 18 4
61 20 4
61 21 6
61 22 1
61 23 10
61 24 5
61 25 1
61 26 6
61 27 7
61 28 9
61 32 9
61 35 3
61 37 4
61 38 10
61 39 10
61 40 9
61 41 6
61 44 5
61 45 4
61 46 4
61 47 7
61 48 8
61 50 8
61 51 8
61 52 8
61 53 7
61 54 1
61 55 7
61 56 10
61 57 5
61 58 8
61 59 3
61 60 1
62 1 7
62 3 10
62 4 9
62 5 10
62 6 2
62 7 5
62 8 9
62 9 5
62 10 4
62 11 9
62 12 10
62 13 5
62 15 9
62 16 10
62 17 7
62 18 10
62 19 10
62 20 8
62 21 1
62 23 8
62 25 9
62 26 1
62 27 5
62 30 4
62 31 9
62 33 2
62 34 9
62 35 3
62 36 4
62 38 10
62 39 7
62 41 9
62 42 8
62 43 9
62 44 8
62 45 6
62 47 10
62 49 9
62 52 3
62 53 3
62 54 1
62 55 1
62 56 9
62 57 9
62 58 5
62 59 5
62 60 9
63 1 8
63 3 7
63 4 3
63 5 1
63 6 7
63 7 5
63 9 8
63 10 8
63 11 10
63 12 7
63 13 8
63 14 6
63 15 8
63 16 10
63 17 5
63 20 1
63 21 3
63 22 4
63 23 1
63 26 1
63 27 3
63 28 6
63 29 2
63 30 10
63 31 5
63 33 3
63 35 1
63 37 7
63 38 3
63 39 4
63 40 8
63 41 7
63 42 5
63 43 7
63 45 7
63 46 4
63 48 7
63 49 8
63 50 3
63 52 10
63 53 8
63 54 7
63 55 2
63 56 4
63 57 9
63 58 6
63 60 10
63 61 8
63 62 3
64 0 4
64 1 1
64 2 2
64 3 7
64 4 7
64 7 9
64 8 6
64 9 9
64 11 6
64 12 2
64 14 5
64 16 7
64 17 5
64 18 7
64 19 7
64 20 5
64 21 7
64 22 6
64 23 4
64 26 6
64 28 2
64 29 7
64 30 7
64 31 1
64 32 6
64 34 9
64 36 4
64 37 7
64 38 9
64 40 7
64 41 2
64 42 4
64 43 8
64 44 10
64 45 2
64 46 3
64 47 6
64 48 7
64 49 2
64 52 1
64 53 1
64 54 8
64 56 3
64 57 8
64 58 9
64 59 9
64 60 7
64 61 6
64 62 8
64 63 7
65 0 10
65 1 6
65 2 4
65 3 10
65 4 9
65 5 3
65 6 6
65 7 9
65 8 5
65 9 3
65 10 5
65 12 10
65 13 5
65 14 10
65 15 6
65 16 8
65 17 3
65 18 3
65 19 10
65 20 6
65 22 7
65 23 10
65 26 10
65 27 6
65 29 6
65 30 8
65 31 1
65 32 8
65 35 6
65 36 10
65 37 10
65 39 9
65 40 2
65 41 3
65 42 7
65 43 2
65 44 4
65 45 1
65 47 6
65 48 9
65 50 7
65 51 3
65 52 1
65 53 10
65 55 3
65 56 10
65 57 2
65 58 9
65 59 3
65 60 2
65 61 5
65 62 10
65 63 2
66 1 9
66 2 6
66 3 1
66 4 3
66 6 3
66 7 5
66 8 5
66 9 9
66 10 8
66 11 7
66 12 8
66 13 3
66 14 9
66 15 5
66 16 5
66 17 4
66 20 10
66 23 6
66 25 8
66 26 6
66 27 5
66 28 3
66 29 5
66 30 7
66 31 2
66 32 7
66 33 6
66 34 1
66 36 10
66 37 2
66 38 9
66 39 4
66 40 1
66 41 5
66 42 9
66 44 2
66 45 2
66 46 8
66 49 3
66 51 1
66 52 4
66 53 2
66 54 5
66 55 6
66 56 3
66 59 8
66 60 1
66 61 6
66 63 5
66 64 6
66 65 4
67 0 1
67 1 8
67 3 1
67 6 7
67 7 9
67 8 4
67 9 6
67 10 8
67 12 5
67 13 2
67 14 6
67 15 10
67 17 9
67 18 1
67 19 6
67 20 3
67 21 6
67 22 2
67 23 9
67 24 9
67 25 2
67 26 4
67 27 4
67 28 1
67 29 1
67 30 8
67 31 2
67 32 10
67 33 6
67 34 8
67 35 4
67 36 5
67 37 8
67 38 4
67 39 10
67 41 9
67 42 8
67 43 10
67 44 4
67 45 8
67 46 10
67 47 10
67 48 4
67 49 3
67 50 4
67 52 10
67 53 2
67 54 2
67 55 4
67 56 2
67 57 5
67 58 10
67 59 8
67 60 7
67 61 4
67 63 6
67 64 9
67 65 8
67 66 8
68 0 10
68 1 6
68 2 6
68 4 4
68 5 2
68 6 1
68 7 2
68 8 5
68 9 2
68 11 1
68 12 7
68 13 2
68 14 3
68 15 3
68 16 8
68 17 8
68 20 7
68 22 6
68 23 9
68 24 1
68 25 1
68 26 5
68 27 2
68 29 10
68 30 2
68 31 7
68 32 3
68 33 9
68 34 4
68 35 9
68 37 6
68 38 4
68 39 10
68 40 4
68 41 3
68 42 2
68 44 7
68 45 1
68 46 8
68 48 7
68 49 9
68 50 3
68 52 6
68 53 10
68 54 1
68 55 4
68 57 4
68 59 2
68 60 8
68 61 8
68 62 8
68 63 10
68 64 3
68 66 3
68 67 9
69 0 10
69 1 4
69 2 4
69 6 2
69 8 6
69 9 7
69 10 3
69 11 3
69 12 6
69 13 10
69 14 5
69 16 2
69 17 5
69 19 2
69 20 7
69 21 3
69 24 10
69 25 1
69 26 5
69 27 9
69 28 1
69 29 1
69 30 8
69 31 3
69 32 1
69 35 2
69 36 8
69 37 7
69 38 8
69 39 8
69 40 5
69 41 4
69 42 5
69 43 2
69 44 10
69 45 3
69 47 9
69 49 8
69 50 7
69 51 3
69 53 6
69 54 6
69 56 3
69 58 4
69 59 7
69 60 10
69 61 9
69 62 6
69 63 2
69 65 4
69 66 9
69 68 5
