30
1 0 6
2 0 61
2 1 35
3 0 30
3 2 27
4 0 19
4 1 3
4 2 39
5 0 59
5 1 63
5 2 35
5 3 21
6 0 67
6 1 48
6 2 59
6 4 64
7 0 67
7 1 70
7 3 8
7 4 67
7 6 56
8 0 27
8 1 11
8 3 63
8 7 46
9 1 74
9 2 63
9 3 21
9 5 70
9 6 18
9 7 74
10 0 7
10 1 42
10 3 27
10 5 50
10 6 50
10 8 25
10 9 56
11 0 60
11 1 49
11 2 26
11 3 10
11 4 3
11 6 12
11 7 18
11 8 40
11 9 45
11 10 10
12 3 47
12 4 25
12 5 56
12 6 61
12 7 41
12 8 9
13 0 28
13 1 34
13 2 41
13 4 79
13 6 61
13 7 43
13 8 48
13 10 23
13 11 19
13 12 32
14 0 73
14 1 60
14 2 13
14 3 77
14 7 35
14 8 52
14 9 50
14 11 78
14 12 38
14 13 51
15 0 63
15 2 41
15 3 12
15 5 23
15 6 74
15 8 47
15 9 39
15 10 20
15 11 40
15 13 23
15 14 49
16 0 80
16 2 70
16 3 21
16 5 69
16 6 35
16 7 52
16 8 33
16 9 59
16 10 12
16 11 18
16 12 78
16 13 49
16 14 62
17 0 3
17 1 58
17 2 14
17 3 50
17 4 9
17 5 53
17 6 50
17 7 41
17 8 44
17 9 57
17 12 25
17 13 23
17 15 52
17 16 22
18 1 13
18 2 67
18 3 30
18 4 45
18 5 73
18 6 57
18 7 40
18 8 56
18 9 21
18 10 25
18 11 23
18 12 53
18 13 10
18 14 28
18 15 51
18 16 27
19 1 35
19 3 9
19 4 59
19 6 7
19 7 4
19 8 13
19 11 43
19 12 7
19 14 25
19 15 19
19 16 24
19 17 79
19 18 46
20 0 10
20 1 50
20 2 43
20 3 1
20 4 60
20 5 21
20 6 18
20 7 80
20 9 20
20 10 74
20 11 73
20 13 65
20 14 21
20 15 74
20 19 6
21 0 11
21 3 39
21 4 10
21 5 18
21 6 45
21 7 13
21 9 30
21 10 78
21 11 65
21 13 20
21 14 33
21 15 3
21 16 62
21 17 3
21 18 56
22 4 33
22 6 12
22 7 9
22 8 33
22 9 46
22 10 58
22 11 24
22 14 57
22 15 25
22 16 48
22 17 78
22 18 36
22 20 78
22 21 39
23 2 44
23 3 41
23 4 31
23 5 55
23 6 31
23 7 55
23 8 80
23 9 53
23 11 66
23 12 34
23 13 18
23 15 66
23 16 51
23 18 39
23 19 17
23 20 72
23 22 74
24 0 32
24 1 60
24 2 13
24 7 17
24 8 40
24 9 63
24 10 9
24 11 36
24 13 46
24 14 10
24 15 52
24 16 15
24 17 31
24 18 49
24 20 14
24 21 68
24 22 29
25 1 73
25 2 32
25 3 50
25 4 15
25 5 28
25 6 41
25 7 31
25 9 77
25 10 69
25 16 23
25 17 63
25 18 18
25 20 62
25 21 16
25 22 16
25 23 54
25 24 48
26 0 24
26 1 40
26 2 35
26 3 13
26 4 40
26 6 13
26 7 36
26 8 37
26 9 79
26 10 52
26 11 77
26 12 71
26 13 66
26 14 32
26 15 63
26 16 73
26 18 46
26 19 74
26 20 20
26 21 14
26 22 3
26 23 63
26 24 42
26 25 56
27 2 4
27 3 25
27 6 4
27 7 15
27 9 79
27 10 53
27 11 13
27 13 55
27 14 38
27 15 18
27 16 54
27 19 70
27 20 35
27 22 65
27 23 62
27 24 48
27 25 1
27 26 41
28 0 25
28 1 37
28 3 64
28 4 72
28 5 51
28 6 27
28 7 4
28 9 30
28 11 51
28 12 6
28 14 42
28 15 63
28 16 41
28 18 70
28 20 76
28 23 24
28 24 47
28 25 17
28 27 78
29 0 16
29 1 17
29 2 4
29 3 38
29 4 42
29 5 23
29 6 75
29 7 48
29 10 60
29 12 42
29 13 42
29 17 34
29 18 28
29 22 46
29 23 73
29 24 71
29 25 72
29 27 36
