40
3 1 4
4 2 3
5 0 4
5 2 2
6 3 6
7 3 8
7 6 3
8 2 6
8 4 8
8 5 1
9 5 4
9 7 5
10 5 5
11 2 6
11 6 7
12 6 6
12 9 2
13 4 1
13 8 2
13 9 7
13 11 9
14 0 7
14 10 5
14 13 5
15 3 4
15 6 3
15 7 3
15 13 5
16 0 8
16 1 9
16 2 10
16 3 6
16 10 10
16 12 9
16 14 5
16 15 8
17 4 5
17 5 9
17 6 5
17 10 2
17 15 10
18 0 4
18 1 9
18 5 2
18 7 9
18 11 8
19 4 10
19 5 1
19 7 1
19 9 3
19 11 6
19 12 9
19 16 9
19 17 8
20 7 6
20 10 8
20 11 2
21 0 6
21 1 1
21 6 9
21 7 4
21 8 1
21 10 2
21 11 10
21 12 1
21 15 9
21 18 1
21 19 10
22 0 2
22 4 2
22 7 8
22 11 4
22 14 6
22 16 5
22 19 5
23 5 8
23 6 7
23 8 5
23 11 3
23 15 7
23 19 3
24 1 8
24 2 2
24 3 10
24 4 2
24 6 3
24 7 5
24 8 4
24 9 4
24 12 6
24 13 1
24 16 6
24 23 10
25 2 5
25 3 8
25 20 4
26 1 1
26 2 10
26 4 1
26 7 7
26 10 7
26 14 3
26 17 10
26 18 8
27 0 10
27 1 6
27 6 6
27 8 3
27 10 8
27 13 5
27 18 8
27 22 8
27 23 2
27 24 10
27 25 5
28 2 2
28 3 9
28 8 4
28 9 4
28 13 7
28 19 8
29 6 5
29 7 6
29 9 10
29 10 9
29 14 3
29 15 2
29 16 4
29 21 2
29 23 2
29 25 5
30 0 4
30 7 2
30 9 5
30 10 1
30 11 9
30 23 6
30 25 10
31 2 5
31 3 9
31 5 3
31 7 4
31 14 10
31 18 7
31 20 2
31 28 4
32 6 9
32 11 10
32 12 6
32 17 4
32 20 7
32 21 9
32 25 10
32 26 1
32 27 9
32 31 6
33 0 7
33 6 7
33 7 9
33 11 4
33 15 10
33 16 10
33 19 10
33 20 2
33 30 5
33 31 5
34 1 1
34 3 3
34 6 10
34 8 6
34 9 5
34 10 4
34 13 10
34 29 2
34 31 4
34 32 8
35 2 7
35 4 3
35 11 9
35 12 5
35 15 7
35 16 6
35 19 4
35 22 10
35 24 10
35 25 7
35 27 4
36 2 1
36 4 10
36 17 6
36 18 10
36 22 1
36 23 1
36 27 10
36 30 2
36 34 4
36 35 5
37 0 3
37 1 2
37 2 9
37 4 1
37 8 3
37 12 8
37 16 10
37 17 6
37 21 9
37 24 1
37 29 10
37 30 8
37 31 4
37 34 2
37 35 9
38 1 1
38 2 5
38 4 5
38 13 6
38 14 7
38 18 2
38 20 9
38 22 9
38 27 7
38 34 9
39 0 9
39 2 10
39 3 3
39 6 10
39 7 3
39 11 5
39 18 7
39 29 10
39 30 7
39 35 1
39 36 9
