50
2 1 6
3 1 5
4 0 9
5 1 15
5 3 5
6 1 9
6 2 20
8 5 4
8 7 8
9 4 8
9 5 5
9 6 20
9 7 13
10 3 6
10 5 13
10 6 11
10 9 18
11 4 17
11 9 20
12 7 7
13 4 3
13 7 3
13 11 4
14 0 12
14 6 8
14 8 4
14 9 11
14 10 8
15 0 2
15 2 15
15 4 12
16 1 5
16 2 18
16 10 12
17 1 20
17 9 10
17 11 4
17 16 8
18 1 8
18 2 1
18 3 20
18 5 13
18 7 10
18 8 18
18 15 17
19 0 4
19 2 15
19 5 6
19 7 16
19 8 5
19 12 12
19 15 4
19 17 6
20 8 18
20 9 14
20 10 17
20 11 8
21 3 1
21 9 16
21 12 15
21 13 18
21 17 2
21 18 8
22 2 4
22 3 3
22 4 16
22 6 19
22 14 17
22 18 18
22 20 2
23 2 6
23 4 14
23 5 12
23 8 16
23 9 15
23 10 7
23 11 4
23 13 11
23 14 1
23 17 15
23 21 12
24 0 3
24 3 15
24 9 18
24 11 14
24 14 1
24 21 18
25 3 16
25 7 8
25 18 17
25 22 6
26 3 16
26 7 14
26 9 4
26 14 9
26 18 11
26 20 19
26 23 11
26 25 9
27 10 13
27 12 1
27 14 12
27 15 7
27 18 12
27 22 2
27 24 5
28 5 20
28 7 1
28 15 7
28 19 4
28 25 15
28 27 11
29 0 9
29 10 14
29 11 12
29 15 10
29 16 3
29 17 11
29 18 18
29 20 1
29 21 9
29 22 15
29 26 9
29 28 10
30 5 10
30 11 8
30 19 18
30 21 16
30 22 12
30 28 11
30 29 9
31 6 8
31 11 14
31 12 8
31 16 9
31 30 6
32 4 13
32 6 18
32 7 17
32 12 8
32 14 14
32 19 2
32 21 9
32 22 11
32 25 20
32 27 16
32 30 1
33 2 18
33 6 3
33 11 20
33 13 3
33 14 5
33 16 3
33 18 13
33 20 18
33 22 15
33 23 10
33 28 18
33 31 12
34 0 12
34 3 8
34 4 7
34 5 5
34 6 17
34 7 4
34 9 2
34 12 14
34 14 17
34 18 18
34 20 19
35 0 2
35 7 14
35 9 18
35 10 17
35 12 11
35 14 16
35 16 2
35 19 16
35 25 7
35 30 14
36 5 20
36 7 8
36 11 14
36 12 2
36 13 11
36 29 13
36 30 16
37 2 11
37 8 17
37 9 19
37 12 14
37 15 4
37 17 4
37 21 11
37 24 14
37 27 6
37 28 15
37 35 15
38 7 9
38 15 14
38 17 5
38 18 16
38 21 15
38 25 18
38 28 9
38 35 11
39 0 5
39 3 13
39 6 9
39 8 18
39 11 17
39 12 17
39 18 4
39 24 1
39 25 11
39 28 5
39 29 4
39 30 9
39 32 1
39 34 8
39 35 11
39 36 11
39 38 19
40 3 8
40 5 6
40 7 2
40 8 4
40 10 7
40 15 7
40 16 2
40 17 4
40 21 10
40 26 2
40 27 16
40 30 1
40 33 15
40 36 4
41 7 10
41 10 3
41 11 5
41 15 9
41 18 6
41 20 20
41 25 6
41 33 17
42 16 9
42 19 8
42 21 10
42 23 11
42 24 3
42 27 1
42 28 19
42 34 1
42 37 9
43 0 5
43 4 2
43 5 20
43 8 3
43 11 18
43 13 19
43 15 1
43 23 7
43 24 8
43 25 19
43 30 9
43 32 16
43 36 1
43 37 2
43 38 11
44 0 6
44 1 8
44 4 13
44 7 2
44 12 12
44 15 7
44 16 11
44 17 13
44 18 17
44 23 5
44 25 18
44 30 11
44 32 15
44 34 17
44 35 14
44 42 10
44 43 12
45 0 1
45 1 4
45 4 15
45 6 20
45 13 12
45 16 2
45 19 11
45 20 7
45 21 15
45 24 1
45 26 4
45 27 16
45 30 16
45 39 16
45 42 18
46 6 5
46 8 10
46 9 9
46 13 17
46 16 5
46 18 13
46 21 4
46 26 7
46 32 18
46 35 11
46 36 8
46 37 11
46 38 6
46 40 11
46 43 1
47 0 7
47 2 19
47 3 20
47 7 1
47 11 13
47 12 2
47 13 14
47 14 12
47 17 9
47 21 7
47 22 14
47 24 12
47 26 3
47 27 5
47 31 5
47 32 7
47 34 2
47 42 12
47 45 1
48 1 15
48 3 5
48 5 5
48 9 14
48 10 7
48 12 5
48 17 2
48 18 16
48 21 14
48 22 2
48 24 2
48 25 1
48 33 2
48 36 19
48 42 14
49 3 20
49 4 1
49 5 20
49 6 4
49 7 15
49 9 12
49 18 3
49 22 14
49 25 15
49 28 20
49 35 6
49 43 14
49 46 5
