60
4 1 39
4 3 36
5 2 16
5 3 37
6 0 2
6 2 33
6 5 13
7 0 2
7 1 15
7 4 4
7 6 11
8 2 31
8 5 22
9 2 39
9 6 23
9 7 2
10 5 17
10 8 3
11 0 18
11 4 2
11 5 1
11 6 13
11 8 27
12 6 24
12 7 9
12 10 15
13 0 36
13 1 17
13 3 7
13 4 12
13 5 9
13 7 29
13 9 20
13 11 37
13 12 20
14 4 38
14 6 23
14 9 36
14 12 1
15 0 20
15 2 11
15 6 31
16 0 19
16 1 8
16 4 4
16 7 30
16 8 31
16 9 8
16 15 22
17 0 32
17 2 20
17 7 20
17 14 12
18 0 30
18 4 4
18 11 17
18 13 24
18 14 34
18 17 32
19 0 27
19 6 16
19 7 8
19 8 6
19 11 15
20 4 3
20 8 27
20 14 3
20 16 2
20 17 35
21 2 20
21 3 13
21 5 20
21 7 10
21 9 9
21 10 25
21 13 23
21 14 3
21 15 3
21 17 12
21 18 28
21 20 10
22 0 18
22 2 14
22 6 34
22 7 36
22 9 30
22 11 2
22 16 35
22 17 23
22 18 17
22 19 13
22 21 13
23 0 8
23 2 40
23 3 20
23 21 24
24 0 38
24 1 18
24 2 29
24 8 29
24 9 10
24 11 14
24 20 38
24 21 33
24 23 12
25 1 10
25 9 26
25 12 33
25 13 37
25 14 32
25 16 6
25 21 26
25 23 7
25 24 14
26 0 35
26 2 27
26 5 34
26 6 3
26 9 4
26 11 35
26 12 24
26 15 14
26 19 23
26 20 20
26 21 8
26 22 8
26 24 21
27 2 4
27 3 32
27 4 29
27 7 24
27 8 1
27 9 11
27 12 16
27 13 24
27 14 15
27 15 1
27 17 23
27 19 24
27 20 13
27 24 29
27 25 5
27 26 9
28 2 26
28 5 35
28 8 35
28 11 6
28 12 25
28 13 29
28 15 28
28 19 20
28 20 19
28 21 4
28 26 32
29 5 2
29 8 6
29 17 10
29 21 21
29 23 30
29 26 10
29 27 12
30 1 13
30 3 17
30 5 24
30 6 5
30 9 34
30 14 18
30 15 29
30 16 38
30 17 10
30 20 18
30 22 30
30 23 27
30 24 1
30 26 26
30 27 29
30 29 36
31 1 9
31 5 5
31 6 38
31 8 14
31 12 39
31 14 29
31 15 15
31 16 2
31 17 37
31 18 26
31 20 24
31 22 15
31 24 2
31 25 8
31 29 28
31 30 22
32 1 30
32 2 18
32 3 1
32 4 30
32 5 38
32 15 17
32 16 30
32 17 1
32 18 24
32 22 30
32 23 29
32 25 36
32 30 1
33 0 26
33 1 34
33 2 14
33 4 25
33 5 2
33 8 34
33 9 25
33 14 36
33 17 7
33 21 20
33 25 9
33 28 5
33 31 36
34 0 13
34 7 3
34 8 18
34 11 1
34 12 6
34 13 7
34 18 13
34 19 18
34 20 36
34 22 37
34 23 20
34 24 36
34 25 34
34 27 26
34 29 36
34 30 10
34 32 29
34 33 17
35 2 29
35 6 24
35 7 10
35 10 27
35 11 7
35 15 15
35 17 40
35 20 37
35 21 21
35 22 26
35 23 9
35 29 15
35 31 12
36 1 7
36 5 26
36 9 30
36 26 21
36 27 38
36 28 40
36 29 35
36 31 17
36 35 26
37 2 37
37 9 4
37 14 12
37 18 25
37 23 32
37 24 36
37 25 39
37 27 24
37 29 21
37 32 23
37 33 19
37 36 22
38 0 3
38 2 16
38 4 28
38 7 10
38 8 4
38 9 15
38 10 3
38 13 15
38 16 7
38 19 20
38 20 1
38 21 40
38 23 17
38 24 6
38 26 20
38 27 8
38 29 35
38 31 9
39 6 9
39 11 21
39 19 2
39 20 37
39 25 31
39 28 29
39 31 39
39 32 37
39 35 4
39 38 38
40 0 40
40 7 22
40 9 40
40 12 13
40 13 25
40 14 9
40 17 10
40 18 31
40 19 2
40 21 36
40 22 12
40 26 5
40 27 22
40 28 31
40 29 4
40 32 40
40 35 17
40 38 33
41 1 9
41 2 36
41 8 29
41 12 16
41 13 27
41 15 15
41 17 7
41 20 21
41 21 11
41 32 23
41 35 27
42 2 33
42 6 10
42 7 14
42 8 16
42 11 1
42 12 9
42 13 17
42 16 39
42 20 30
42 23 19
42 25 2
42 31 24
42 32 21
42 35 18
42 38 27
42 41 32
43 0 28
43 3 40
43 4 11
43 6 34
43 7 24
43 11 38
43 13 5
43 15 12
43 17 7
43 22 36
43 24 6
43 25 33
43 26 40
43 28 23
43 30 9
43 31 36
43 33 29
43 37 28
43 38 3
43 41 13
44 0 31
44 1 26
44 6 11
44 13 13
44 14 31
44 15 10
44 17 24
44 19 15
44 20 24
44 22 18
44 23 13
44 27 28
44 28 7
44 30 34
44 32 17
44 33 14
44 35 3
44 39 31
44 40 40
45 4 21
45 7 17
45 10 6
45 13 22
45 17 15
45 18 1
45 20 26
45 21 14
45 22 9
45 23 25
45 26 22
45 28 7
45 31 22
45 33 28
45 38 4
45 43 32
46 2 30
46 7 24
46 10 7
46 11 23
46 14 21
46 15 33
46 17 31
46 26 32
46 27 13
46 29 37
46 31 17
46 32 24
46 34 16
46 37 13
46 38 1
46 39 20
46 43 13
47 0 13
47 6 5
47 7 8
47 8 11
47 9 16
47 10 24
47 11 3
47 15 16
47 16 12
47 19 23
47 20 9
47 24 23
47 25 36
47 30 3
47 33 15
47 34 9
47 40 23
47 41 7
47 42 19
47 43 21
47 45 10
48 2 32
48 3 33
48 4 40
48 5 16
48 6 2
48 10 37
48 12 17
48 13 7
48 21 30
48 22 31
48 23 28
48 24 37
48 26 19
48 27 20
48 29 2
48 36 26
48 41 31
48 42 23
48 44 12
48 45 35
49 3 36
49 7 33
49 12 1
49 13 10
49 14 39
49 15 28
49 17 13
49 18 16
49 19 31
49 21 5
49 22 16
49 24 5
49 25 31
49 34 31
49 38 23
49 39 4
49 43 30
49 46 4
49 47 9
50 4 35
50 5 21
50 11 36
50 12 17
50 13 26
50 16 38
50 18 24
50 19 35
50 25 25
50 29 33
50 30 21
50 32 12
50 34 4
50 41 5
50 43 19
50 44 2
50 45 33
50 48 1
50 49 1
51 2 28
51 4 1
51 5 7
51 7 28
51 10 4
51 11 1
51 13 27
51 17 21
51 23 8
51 25 40
51 26 31
51 27 40
51 28 34
51 29 23
51 31 14
51 32 2
51 34 27
51 37 13
51 38 18
51 41 15
51 43 1
51 44 20
51 45 17
51 46 24
52 0 27
52 2 5
52 3 13
52 6 19
52 7 13
52 11 6
52 12 25
52 13 3
52 15 1
52 16 39
52 19 22
52 20 11
52 22 3
52 29 5
52 30 12
52 33 2
52 34 35
52 35 38
52 39 39
52 40 15
52 42 31
52 43 36
52 46 11
52 47 29
52 50 20
53 0 40
53 2 13
53 6 21
53 16 27
53 17 7
53 20 21
53 24 14
53 27 28
53 28 1
53 33 9
53 35 1
53 36 15
53 37 24
53 38 16
53 43 25
53 49 31
53 52 38
54 0 22
54 2 4
54 5 27
54 6 25
54 7 3
54 9 24
54 10 23
54 11 40
54 14 17
54 16 28
54 20 3
54 22 40
54 31 24
54 32 8
54 33 24
54 37 8
54 38 26
54 39 30
54 41 4
54 44 5
54 46 1
54 50 5
54 51 35
55 9 40
55 11 1
55 12 4
55 15 26
55 17 21
55 18 40
55 21 34
55 23 30
55 26 30
55 28 21
55 29 5
55 30 8
55 37 16
55 44 15
55 45 18
56 0 22
56 1 3
56 2 5
56 6 11
56 7 26
56 10 28
56 13 12
56 14 9
56 17 4
56 18 21
56 21 35
56 22 38
56 23 10
56 24 10
56 28 39
56 29 39
56 35 32
56 44 18
56 45 25
56 46 3
56 51 6
56 55 37
57 7 34
57 13 31
57 14 19
57 18 25
57 22 16
57 24 8
57 26 18
57 28 7
57 31 13
57 34 33
57 35 14
57 39 30
57 43 17
57 45 10
57 46 23
57 48 21
57 51 26
57 55 40
58 0 9
58 1 15
58 5 35
58 8 6
58 13 6
58 16 15
58 19 32
58 20 19
58 23 25
58 25 16
58 27 15
58 29 24
58 31 34
58 32 29
58 35 24
58 36 12
58 37 10
58 39 28
58 41 4
58 44 27
58 45 38
58 46 2
58 48 21
58 49 24
58 50 1
59 2 1
59 3 1
59 4 1
59 7 5
59 8 8
59 9 34
59 14 26
59 21 13
59 25 20
59 26 18
59 27 36
59 28 11
59 30 12
59 33 13
59 37 38
59 39 26
59 40 7
59 41 8
59 43 10
59 44 36
59 45 22
59 55 30
59 57 31
