40
3 0 18
4 0 7
4 2 7
4 3 18
5 1 11
6 0 17
6 3 16
7 0 4
7 1 18
7 5 6
7 6 1
8 3 1
8 5 5
9 0 11
9 1 20
9 3 15
9 4 3
9 5 8
9 6 1
9 8 3
10 0 13
10 1 7
10 3 19
10 4 8
10 6 5
10 7 10
10 8 14
11 1 9
11 7 5
11 10 20
12 1 11
12 2 6
12 4 7
12 8 1
12 9 7
12 11 19
13 1 10
13 2 8
13 7 14
13 8 19
13 9 2
13 10 1
13 12 13
14 0 9
14 4 14
14 7 13
14 9 2
14 11 9
14 12 9
15 0 1
15 3 8
15 7 20
15 8 15
15 10 6
15 11 9
15 12 13
15 13 18
16 0 19
16 4 14
16 5 9
17 3 3
17 5 11
17 10 10
17 11 1
17 12 4
17 13 4
17 15 3
18 1 13
18 2 5
18 3 10
18 4 5
18 6 10
18 8 12
18 9 12
18 10 3
18 12 18
19 3 2
19 4 8
19 11 18
19 16 6
20 1 3
20 3 20
20 4 17
20 6 5
20 8 18
20 9 13
20 10 15
20 12 14
20 13 12
20 17 16
20 19 1
21 1 12
21 4 15
21 8 3
21 9 13
21 11 12
21 12 13
21 14 2
21 15 17
21 16 2
21 18 14
21 20 12
22 0 13
22 1 8
22 2 8
22 6 7
22 9 11
22 11 18
22 18 15
22 21 17
23 0 6
23 1 15
23 2 9
23 6 13
23 8 7
23 11 10
23 13 18
23 14 5
23 15 6
23 16 10
23 17 1
23 18 11
23 20 16
24 4 11
24 9 15
24 12 19
24 15 15
24 16 3
24 17 15
24 19 5
24 20 2
24 22 1
25 0 7
25 1 10
25 2 8
25 4 4
25 7 2
25 8 5
25 9 4
25 10 1
25 11 15
25 14 7
25 17 15
25 23 10
26 2 9
26 6 11
26 7 10
26 12 17
26 14 12
26 15 11
26 17 20
26 22 19
26 23 8
27 0 10
27 4 17
27 5 5
27 9 2
27 12 6
27 14 3
27 21 17
27 22 13
28 0 7
28 6 19
28 9 2
28 15 12
28 16 9
28 21 4
28 27 3
29 0 9
29 1 16
29 2 1
29 4 15
29 5 3
29 6 7
29 7 16
29 8 13
29 9 14
29 12 7
29 14 10
29 15 3
29 22 7
29 23 15
29 25 3
29 26 1
29 27 2
29 28 6
30 0 17
30 1 5
30 5 16
30 6 6
30 7 16
30 8 20
30 10 11
30 13 19
30 15 15
30 19 8
30 21 8
30 23 5
30 24 19
30 25 8
30 26 15
30 27 11
30 29 14
31 0 15
31 1 20
31 4 10
31 5 2
31 10 20
31 12 10
31 17 15
31 19 16
31 21 6
31 22 16
31 23 10
31 28 11
32 2 1
32 6 9
32 7 9
32 11 10
32 15 13
32 16 8
32 17 3
32 19 15
32 21 5
32 22 8
32 23 12
32 27 4
32 30 17
32 31 16
33 0 18
33 2 20
33 5 4
33 12 8
33 15 5
33 17 15
33 18 18
33 19 8
33 20 17
33 23 14
33 24 13
33 25 11
33 26 14
33 30 19
33 31 10
34 0 10
34 1 18
34 2 2
34 3 3
34 10 5
34 12 15
34 14 16
34 20 3
34 22 16
34 23 13
34 24 5
34 25 4
34 29 10
34 30 15
35 2 12
35 9 2
35 10 3
35 12 10
35 21 2
35 22 15
35 29 10
35 34 12
36 0 7
36 1 19
36 2 4
36 7 15
36 9 3
36 12 4
36 15 6
36 16 10
36 17 4
36 20 3
36 22 8
36 26 18
36 29 3
36 30 17
36 32 5
36 33 14
37 4 12
37 7 20
37 10 7
37 20 17
37 21 2
37 27 17
37 30 8
37 32 19
37 36 3
38 1 5
38 2 14
38 3 3
38 5 15
38 9 7
38 12 2
38 13 13
38 14 5
38 19 10
38 20 19
38 21 14
38 24 14
38 26 18
38 27 18
38 28 4
38 32 13
38 35 7
39 6 18
39 7 17
39 10 4
39 11 7
39 14 3
39 15 17
39 18 15
39 19 19
39 22 17
39 25 18
39 26 8
39 30 8
39 31 5
39 33 3
39 36 3
