30
1 0 25
2 0 19
2 1 27
3 0 4
3 1 10
3 2 39
4 0 3
4 1 19
4 2 35
4 3 30
5 0 10
5 1 39
5 2 36
5 3 37
5 4 15
6 0 16
6 1 28
6 2 18
6 3 12
6 4 36
6 5 10
7 0 39
7 1 25
7 2 33
7 3 9
7 4 16
7 5 26
7 6 9
8 0 38
8 1 40
8 2 14
8 3 38
8 4 4
8 5 1
8 6 35
8 7 11
9 0 17
9 1 34
9 2 25
9 3 27
9 4 16
9 5 14
9 6 2
9 7 40
9 8 26
10 0 36
10 1 9
10 2 8
10 3 2
10 4 18
10 5 35
10 6 7
10 7 7
10 8 7
10 9 14
11 0 40
11 1 25
11 2 38
11 3 17
11 4 35
11 5 7
11 6 28
11 7 17
11 8 35
11 9 31
11 10 2
12 0 30
12 1 19
12 2 37
12 3 40
12 4 20
12 5 8
12 6 40
12 7 30
12 8 32
12 9 1
12 10 18
12 11 21
13 0 33
13 1 10
13 2 2
13 3 14
13 4 3
13 5 3
13 6 17
13 7 1
13 8 39
13 9 40
13 10 30
13 11 15
13 12 1
14 0 38
14 1 13
14 2 13
14 3 6
14 4 26
14 5 11
14 6 26
14 7 31
14 8 15
14 9 27
14 10 29
14 11 1
14 12 30
14 13 36
15 0 29
15 1 32
15 2 25
15 3 34
15 4 33
15 5 32
15 6 11
15 7 19
15 8 29
15 9 33
15 10 38
15 11 30
15 12 4
15 13 29
15 14 36
16 0 38
16 1 10
16 2 32
16 3 27
16 4 39
16 5 29
16 6 36
16 7 17
16 8 35
16 9 35
16 10 1
16 11 15
16 12 4
16 13 16
16 14 22
16 15 24
17 0 38
17 1 25
17 2 8
17 3 37
17 4 12
17 5 5
17 6 20
17 7 28
17 8 19
17 9 6
17 10 1
17 11 18
17 12 2
17 13 8
17 14 10
17 15 32
17 16 35
18 0 29
18 1 13
18 2 10
18 3 13
18 4 6
18 5 5
18 6 28
18 7 3
18 8 38
18 9 32
18 10 25
18 11 24
18 12 29
18 13 4
18 14 19
18 15 3
18 16 21
18 17 24
19 0 24
19 1 28
19 2 1
19 3 24
19 4 33
19 5 13
19 6 22
19 7 5
19 8 25
19 9 10
19 10 19
19 11 7
19 12 40
19 13 7
19 14 30
19 15 33
19 16 7
19 17 36
19 18 7
20 0 40
20 1 17
20 2 12
20 3 16
20 4 15
20 5 13
20 6 16
20 7 37
20 8 5
20 9 38
20 10 3
20 11 12
20 12 24
20 13 5
20 14 5
20 15 27
20 16 37
20 17 1
20 18 1
20 19 7
21 0 32
21 1 1
21 2 30
21 3 26
21 4 37
21 5 3
21 6 9
21 7 9
21 8 1
21 9 8
21 10 11
21 11 39
21 12 2
21 13 4
21 14 21
21 15 12
21 16 24
21 17 31
21 18 4
21 19 29
21 20 5
22 0 20
22 1 8
22 2 34
22 3 25
22 4 36
22 5 20
22 6 33
22 7 36
22 8 33
22 9 39
22 10 32
22 11 28
22 12 40
22 13 10
22 14 6
22 15 9
22 16 6
22 17 23
22 18 5
22 19 26
22 20 26
22 21 25
23 0 19
23 1 33
23 2 5
23 3 1
23 4 10
23 5 20
23 6 22
23 7 14
23 8 30
23 9 11
23 10 24
23 11 35
23 12 11
23 13 17
23 14 16
23 15 7
23 16 3
23 17 14
23 18 5
23 19 25
23 20 39
23 21 40
23 22 29
24 0 12
24 1 9
24 2 34
24 3 37
24 4 36
24 5 27
24 6 8
24 7 18
24 8 16
24 9 19
24 10 24
24 11 28
24 12 34
24 13 27
24 14 2
24 15 29
24 16 22
24 17 18
24 18 4
24 19 40
24 20 12
24 21 38
24 22 36
24 23 15
25 0 27
25 1 1
25 2 6
25 3 14
25 4 5
25 5 3
25 6 3
25 7 16
25 8 40
25 9 5
25 10 10
25 11 37
25 12 16
25 13 19
25 14 22
25 15 16
25 16 2
25 17 34
25 18 39
25 19 9
25 20 26
25 21 40
25 22 31
25 23 39
25 24 16
26 0 17
26 1 5
26 2 33
26 3 6
26 4 32
26 5 23
26 6 36
26 7 10
26 8 13
26 9 31
26 10 22
26 11 1
26 12 21
26 13 10
26 14 17
26 15 27
26 16 11
26 17 7
26 18 27
26 19 22
26 20 28
26 21 24
26 22 9
26 23 25
26 24 26
26 25 20
27 0 10
27 1 10
27 2 25
27 3 14
27 4 28
27 5 29
27 6 20
27 7 20
27 8 29
27 9 6
27 10 11
27 11 15
27 12 27
27 13 25
27 14 38
27 15 3
27 16 27
27 17 34
27 18 34
27 19 12
27 20 21
27 21 18
27 22 18
27 23 16
27 24 31
27 25 33
27 26 11
28 0 39
28 1 33
28 2 17
28 3 12
28 4 17
28 5 32
28 6 14
28 7 13
28 8 15
28 9 10
28 10 37
28 11 35
28 12 32
28 13 1
28 14 34
28 15 30
28 16 10
28 17 3
28 18 27
28 19 12
28 20 33
28 21 22
28 22 35
28 23 40
28 24 8
28 25 39
28 26 39
28 27 35
29 0 13
29 1 1
29 2 9
29 3 38
29 4 25
29 5 15
29 6 28
29 7 28
29 8 13
29 9 16
29 10 5
29 11 8
29 12 37
29 13 2
29 14 33
29 15 13
29 16 18
29 17 36
29 18 8
29 19 18
29 20 34
29 21 13
29 22 36
29 23 16
29 24 21
29 25 8
29 26 24
29 27 14
29 28 34
