50
2 0 127
2 1 132
3 1 118
3 2 77
4 1 27
4 2 62
4 3 7
5 1 89
6 0 98
6 1 58
6 2 142
6 3 145
6 4 125
7 1 126
7 2 143
7 5 134
8 0 123
8 4 92
8 5 22
9 3 91
9 4 80
9 6 159
10 2 113
10 4 74
10 5 101
11 1 18
11 4 44
11 10 120
12 1 94
12 7 66
12 8 94
12 9 40
13 0 37
13 1 8
13 3 126
13 5 10
13 6 55
13 7 122
13 8 1
13 12 54
14 4 115
14 7 97
14 9 22
15 1 24
15 2 148
15 3 72
15 6 5
16 0 116
16 2 40
16 4 138
16 6 34
16 8 98
16 11 83
16 14 4
17 1 123
17 4 140
17 6 95
17 8 2
17 9 31
17 13 85
17 14 6
17 15 105
17 16 45
18 1 63
18 3 154
18 5 34
18 8 21
18 9 57
18 11 71
18 13 66
19 0 27
19 4 52
19 5 135
19 6 42
19 7 32
19 8 159
19 10 13
19 12 133
19 13 126
19 15 57
19 17 121
20 1 7
20 2 61
20 3 143
20 5 5
20 10 10
20 11 103
20 12 99
20 13 44
20 14 88
20 16 13
20 17 58
20 18 60
21 1 110
21 2 130
21 6 141
21 8 3
21 12 136
22 1 123
22 2 34
22 5 144
22 6 23
22 10 100
22 11 158
22 12 59
22 13 24
22 15 48
22 19 113
22 20 106
23 0 160
23 1 19
23 5 82
23 6 70
23 7 117
23 10 68
23 15 158
23 17 110
23 20 56
23 21 57
23 22 46
24 1 12
24 2 149
24 5 75
24 9 117
24 10 132
24 11 150
24 14 62
24 15 16
24 16 10
24 20 32
24 23 68
25 0 22
25 5 39
25 6 80
25 10 61
25 13 45
25 14 65
25 15 132
25 17 1
25 18 8
25 19 136
25 20 27
25 21 104
25 24 43
26 7 148
26 10 64
26 13 2
26 14 47
26 19 41
27 3 12
27 4 69
27 5 51
27 13 115
27 14 127
27 15 55
27 20 68
27 23 102
27 25 7
28 2 40
28 4 42
28 6 36
28 7 87
28 8 69
28 10 77
28 13 100
28 15 19
28 16 43
28 20 19
28 22 131
28 23 96
28 24 6
28 27 102
29 1 84
29 5 45
29 9 156
29 11 40
29 12 57
29 16 133
29 18 148
29 19 95
29 26 139
29 27 81
29 28 155
30 0 75
30 4 22
30 12 50
30 17 151
30 19 157
30 23 134
30 25 103
30 26 7
30 27 95
30 28 41
31 0 103
31 2 51
31 5 106
31 6 2
31 7 46
31 8 59
31 12 18
31 13 5
31 14 48
31 15 18
31 17 106
31 18 135
31 20 57
31 21 144
31 22 39
31 24 65
31 27 58
31 30 119
32 3 82
32 6 78
32 7 59
32 8 52
32 11 57
32 12 72
32 13 14
32 15 116
32 17 136
32 19 61
32 21 55
32 22 17
32 23 134
32 24 157
32 25 90
32 29 116
33 2 109
33 4 52
33 5 132
33 6 121
33 7 102
33 8 5
33 9 115
33 10 108
33 16 123
33 17 103
33 19 56
33 20 61
33 22 75
33 29 148
33 30 112
33 32 128
34 0 132
34 2 122
34 3 37
34 4 153
34 5 98
34 6 135
34 8 75
34 11 112
34 14 62
34 16 150
34 17 148
34 23 108
34 24 69
34 25 48
34 26 113
34 27 150
34 29 126
34 30 21
35 4 154
35 9 144
35 10 36
35 11 109
35 14 60
35 20 89
35 22 127
35 23 4
35 29 14
35 32 152
36 0 66
36 3 54
36 4 157
36 7 142
36 22 94
36 24 110
36 26 116
36 30 65
36 31 131
36 32 103
36 33 124
37 5 108
37 6 7
37 9 120
37 10 146
37 12 70
37 14 80
37 18 138
37 22 30
37 30 114
37 34 18
37 35 2
37 36 51
38 0 45
38 2 36
38 5 35
38 7 114
38 10 145
38 11 1
38 16 92
38 17 17
38 23 49
38 28 89
38 29 83
38 30 25
38 31 4
38 32 117
39 0 143
39 6 132
39 8 151
39 9 112
39 16 123
39 17 41
39 21 23
39 25 148
39 30 50
39 32 117
39 38 43
40 1 75
40 3 38
40 8 111
40 13 72
40 14 20
40 15 135
40 16 3
40 18 125
40 19 95
40 20 88
40 21 81
40 27 75
40 31 19
40 32 88
40 33 64
40 36 122
40 37 22
40 39 160
41 0 98
41 3 98
41 7 109
41 13 65
41 17 120
41 19 56
41 21 55
41 26 24
41 27 8
41 31 8
41 32 120
41 34 80
41 35 25
41 36 147
41 38 86
41 40 117
42 2 70
42 8 23
42 9 152
42 11 13
42 12 39
42 13 122
42 17 128
42 19 21
42 20 131
42 25 113
42 32 99
42 36 12
42 39 2
42 40 122
42 41 78
43 2 93
43 3 149
43 4 36
43 10 82
43 14 130
43 16 143
43 18 120
43 20 143
43 22 157
43 23 61
43 26 74
43 34 48
43 35 7
43 37 146
43 38 63
43 39 156
43 40 155
44 0 56
44 1 62
44 2 153
44 4 43
44 8 89
44 12 2
44 16 127
44 18 20
44 24 38
44 25 65
44 31 34
44 32 117
44 33 83
44 36 32
44 39 52
44 40 118
44 43 9
45 0 54
45 1 49
45 6 70
45 10 81
45 11 144
45 14 42
45 15 121
45 16 105
45 19 129
45 27 136
45 28 152
45 29 140
45 31 133
45 43 26
46 0 20
46 1 125
46 2 104
46 6 122
46 9 105
46 10 29
46 14 72
46 15 126
46 18 8
46 19 157
46 23 150
46 25 146
46 27 90
46 29 107
46 31 88
46 32 17
46 36 98
46 44 47
47 0 43
47 6 119
47 9 150
47 11 92
47 15 53
47 17 66
47 18 51
47 20 7
47 21 21
47 26 79
47 30 73
47 34 14
47 36 30
47 37 103
47 40 150
47 43 108
47 44 152
47 45 81
48 0 94
48 2 4
48 15 15
48 16 80
48 21 62
48 23 80
48 26 119
48 27 117
48 32 58
48 35 53
48 38 52
48 41 48
48 43 103
48 46 38
49 1 110
49 3 101
49 5 69
49 8 121
49 10 8
49 11 4
49 16 136
49 17 105
49 20 8
49 21 64
49 23 148
49 24 36
49 30 41
49 31 130
49 32 36
49 33 12
49 35 132
49 38 122
49 41 121
49 42 20
49 43 17
49 46 57
