40
3 0 4
3 2 8
4 0 18
4 2 6
4 3 2
5 2 7
5 3 7
6 0 13
6 3 6
6 4 3
7 0 2
7 2 18
7 3 1
7 4 1
8 0 20
8 3 12
8 4 5
8 7 18
9 0 16
9 1 9
9 3 1
9 5 3
9 6 8
9 7 11
10 0 9
10 1 10
10 6 12
10 9 2
11 1 8
11 2 13
11 3 3
11 4 2
11 5 8
11 6 17
11 9 19
12 1 10
12 2 5
12 3 14
12 9 2
12 10 20
12 11 13
13 2 11
13 7 17
13 11 11
14 2 7
14 3 12
14 5 8
14 7 10
14 9 3
15 1 9
15 2 7
15 3 20
15 4 2
15 5 4
15 7 11
15 9 5
15 13 16
15 14 4
16 0 16
16 3 19
16 7 14
16 11 20
16 12 5
17 0 3
17 1 20
17 2 5
17 6 9
17 7 8
17 8 18
17 9 12
17 10 20
17 12 16
17 13 3
17 15 6
17 16 14
18 1 17
18 2 7
18 3 16
18 4 5
18 6 18
18 8 16
18 9 14
18 13 11
18 14 5
18 16 2
19 1 15
19 2 6
19 4 2
19 5 1
19 7 14
19 13 19
19 18 13
20 0 8
20 1 20
20 7 2
20 8 2
20 10 5
20 11 4
20 13 20
20 15 1
20 17 10
21 3 13
21 5 20
21 6 11
21 8 3
21 10 4
21 12 11
21 13 2
21 15 5
21 16 17
21 17 2
21 20 16
22 4 13
22 5 10
22 9 6
22 11 6
22 12 10
22 14 17
22 15 19
22 18 1
22 19 11
23 2 18
23 3 7
23 4 1
23 6 14
23 8 4
23 9 11
23 11 2
23 14 9
23 15 17
23 20 8
23 21 15
23 22 8
24 3 17
24 6 10
24 8 3
24 9 9
24 12 19
24 15 13
24 16 20
24 20 7
24 21 19
24 22 16
25 0 3
25 1 17
25 4 4
25 5 7
25 7 19
25 8 7
25 10 4
25 11 15
25 13 18
25 15 7
25 16 17
25 20 18
25 21 7
25 22 15
25 24 10
26 1 20
26 6 18
26 8 17
26 10 15
26 12 6
26 13 18
26 14 18
26 15 20
26 18 14
26 21 11
27 0 6
27 1 5
27 4 13
27 5 6
27 6 4
27 7 16
27 8 15
27 9 20
27 10 16
27 12 17
27 13 15
27 15 9
27 22 19
27 25 17
27 26 7
28 4 13
28 6 9
28 9 1
28 10 6
28 11 8
28 12 19
28 15 4
28 18 13
28 19 16
28 21 17
28 23 3
29 0 4
29 4 6
29 8 18
29 9 13
29 12 10
29 14 13
29 16 15
29 18 1
29 19 13
29 23 20
29 24 4
29 26 3
29 27 18
30 0 6
30 3 4
30 4 8
30 5 8
30 7 10
30 8 8
30 9 15
30 10 10
30 11 19
30 16 16
30 21 17
30 24 19
30 26 1
30 27 2
31 1 9
31 3 13
31 6 18
31 7 19
31 8 9
31 10 13
31 15 8
31 16 20
31 22 3
31 23 20
31 24 4
31 26 1
31 28 17
31 29 1
32 0 1
32 1 2
32 2 20
32 4 6
32 9 17
32 11 11
32 12 18
32 16 13
32 17 14
32 18 11
32 20 3
32 21 20
32 23 6
32 25 10
32 27 1
32 28 13
32 30 11
33 0 2
33 1 19
33 2 10
33 3 17
33 5 2
33 6 18
33 8 11
33 12 8
33 13 15
33 14 13
33 17 17
33 18 3
33 19 20
33 21 19
33 32 6
34 1 15
34 4 15
34 5 9
34 7 14
34 12 10
34 13 16
34 15 5
34 17 6
34 18 7
34 24 19
34 25 5
34 28 7
34 29 11
34 31 11
34 32 10
34 33 10
35 1 11
35 2 9
35 7 18
35 8 4
35 9 3
35 10 2
35 11 10
35 13 3
35 17 3
35 18 16
35 20 16
35 21 11
35 25 5
35 29 8
35 31 16
35 32 19
35 33 6
35 34 9
36 0 6
36 2 13
36 3 2
36 5 14
36 7 1
36 8 7
36 9 10
36 11 16
36 15 19
36 19 19
36 21 19
36 22 4
36 26 5
36 27 9
36 29 16
36 30 11
36 31 10
36 35 19
37 0 5
37 6 2
37 7 16
37 8 3
37 9 5
37 10 2
37 11 11
37 14 17
37 20 19
37 21 16
37 22 19
37 27 1
37 28 10
37 33 13
37 35 8
38 2 17
38 5 2
38 10 2
38 12 15
38 16 15
38 17 20
38 18 10
38 19 3
38 20 17
38 21 6
38 25 17
38 26 10
38 28 4
38 29 2
38 32 13
38 33 20
38 34 5
39 1 16
39 2 12
39 6 15
39 7 13
39 8 17
39 9 16
39 10 2
39 11 17
39 12 6
39 14 5
39 19 5
39 22 19
39 23 13
39 25 4
39 26 8
39 27 14
39 29 14
39 34 4
39 36 3
