40
3 0 60
3 2 6
4 1 27
4 3 13
5 3 46
5 4 159
6 1 160
6 2 103
6 3 38
7 0 110
7 4 145
7 6 155
8 1 48
8 4 152
8 6 130
9 4 123
9 6 106
9 8 118
10 1 28
10 5 20
10 7 80
10 9 158
11 1 95
11 6 37
11 8 2
11 9 102
12 0 111
12 1 88
12 3 68
12 5 118
12 6 160
12 9 123
13 1 4
13 3 106
13 7 70
13 8 9
13 9 141
14 4 128
14 5 105
14 7 83
14 9 30
14 12 59
14 13 95
15 4 64
15 6 153
15 7 46
15 10 114
15 12 160
16 4 71
16 6 150
16 8 103
16 10 154
17 1 139
17 2 31
17 6 133
17 7 98
17 10 43
17 12 77
17 16 63
18 2 139
18 6 1
18 7 68
18 11 159
18 13 137
18 14 43
18 15 127
18 17 44
19 1 67
19 2 41
19 4 94
19 6 116
19 8 78
19 9 118
19 12 128
19 14 65
19 17 100
20 2 7
20 3 117
20 4 43
20 7 33
20 8 44
20 14 28
20 16 72
20 17 56
20 19 131
21 1 158
21 2 19
21 3 71
21 4 132
21 5 147
21 7 112
21 8 74
21 13 107
21 17 80
21 18 128
21 19 57
22 6 120
22 8 28
22 11 3
22 12 66
22 14 84
22 18 121
22 19 11
22 20 95
23 2 80
23 3 15
23 5 57
23 9 35
23 10 143
23 11 72
23 12 126
23 14 151
23 15 61
23 16 16
23 17 55
23 18 69
23 19 142
24 1 154
24 4 113
24 7 117
24 8 142
24 9 87
24 11 148
24 12 146
24 13 93
24 14 81
24 17 156
24 21 120
24 22 132
24 23 27
25 0 67
25 3 137
25 8 123
25 10 101
25 16 121
25 17 109
25 18 26
25 22 104
26 2 107
26 10 68
26 11 120
26 12 126
26 13 113
26 16 160
26 22 82
26 23 144
26 24 125
27 0 152
27 1 52
27 2 155
27 4 101
27 8 51
27 11 83
27 12 148
27 18 58
27 19 113
27 24 99
27 26 49
28 1 32
28 4 124
28 9 141
28 11 43
28 16 39
28 23 99
28 24 12
28 27 111
29 0 115
29 6 135
29 7 111
29 11 33
29 14 83
29 15 118
29 16 63
29 17 88
29 20 146
29 21 154
29 23 96
29 25 117
29 27 37
30 0 55
30 1 53
30 5 64
30 6 14
30 8 11
30 10 42
30 12 5
30 14 7
30 17 21
30 24 32
31 1 11
31 3 145
31 4 116
31 5 37
31 8 89
31 9 34
31 13 147
31 15 106
31 21 58
31 22 128
31 24 34
31 25 132
31 29 29
32 2 81
32 4 126
32 5 149
32 9 63
32 10 74
32 11 21
32 13 79
32 14 1
32 16 51
32 17 123
32 20 65
32 21 29
32 26 95
32 27 70
32 28 103
32 29 110
33 1 28
33 7 61
33 8 134
33 10 107
33 14 140
33 16 22
33 17 158
33 19 159
33 26 66
33 27 23
33 28 139
33 29 101
33 31 36
34 1 50
34 3 153
34 5 98
34 11 65
34 12 135
34 13 45
34 17 99
34 18 85
34 25 10
34 28 97
34 29 108
34 30 158
34 31 153
34 33 114
35 0 3
35 1 160
35 4 50
35 5 156
35 6 13
35 10 110
35 13 65
35 14 20
35 17 53
35 18 106
35 21 25
35 23 93
35 24 77
35 29 97
35 30 150
35 31 106
35 33 70
35 34 12
36 0 128
36 2 131
36 3 157
36 6 122
36 10 76
36 16 8
36 17 158
36 18 94
36 19 50
36 22 64
36 23 154
36 27 7
36 31 40
37 0 122
37 1 49
37 2 43
37 3 42
37 7 67
37 8 71
37 13 77
37 19 73
37 20 103
37 25 119
37 26 154
37 27 140
37 28 1
37 31 57
37 32 78
37 36 25
38 1 19
38 2 137
38 3 114
38 7 156
38 10 117
38 12 80
38 16 146
38 23 42
38 26 3
38 30 26
38 33 153
38 34 127
38 36 122
39 6 140
39 7 83
39 8 86
39 10 7
39 12 17
39 16 2
39 19 75
39 20 52
39 24 130
39 25 125
39 28 117
39 30 81
