50
1 0 12
2 0 26
2 1 2
3 0 39
3 1 69
3 2 47
4 0 75
4 1 68
4 2 49
4 3 71
5 0 17
5 1 54
5 2 39
5 3 80
5 4 13
6 0 64
6 1 35
6 2 33
6 3 5
6 4 43
6 5 76
7 0 16
7 1 67
7 2 31
7 3 47
7 4 54
7 5 8
7 6 73
8 0 63
8 1 72
8 2 47
8 3 34
8 4 33
8 5 29
8 6 73
8 7 39
9 0 54
9 1 18
9 2 20
9 3 26
9 4 40
9 5 24
9 6 18
9 7 49
9 8 50
10 0 29
10 1 16
10 2 23
10 3 63
10 4 33
10 5 71
10 6 31
10 7 65
10 8 26
10 9 55
11 0 75
11 1 50
11 2 56
11 3 31
11 4 42
11 5 27
11 6 78
11 7 3
11 8 80
11 9 2
11 10 3
12 0 17
12 1 37
12 2 58
12 3 1
12 4 74
12 5 41
12 6 72
12 7 74
12 8 64
12 9 23
12 10 31
12 11 24
13 0 40
13 1 1
13 2 38
13 3 3
13 4 27
13 5 69
13 6 59
13 7 9
13 8 47
13 9 28
13 10 55
13 11 68
13 12 4
14 0 64
14 1 32
14 2 67
14 3 53
14 4 29
14 5 62
14 6 70
14 7 38
14 8 52
14 9 73
14 10 32
14 11 3
14 12 13
14 13 65
15 0 12
15 1 14
15 2 69
15 3 46
15 4 26
15 5 56
15 6 42
15 7 40
15 8 21
15 9 31
15 10 4
15 11 74
15 12 37
15 13 36
15 14 45
16 0 65
16 1 44
16 2 14
16 3 80
16 4 14
16 5 23
16 6 51
16 7 54
16 8 1
16 9 80
16 10 37
16 11 76
16 12 27
16 13 74
16 14 15
16 15 70
17 0 34
17 1 17
17 2 50
17 3 51
17 4 30
17 5 61
17 6 25
17 7 9
17 8 50
17 9 6
17 10 77
17 11 52
17 12 79
17 13 62
17 14 32
17 15 19
17 16 31
18 0 42
18 1 50
18 2 37
18 3 30
18 4 31
18 5 53
18 6 71
18 7 80
18 8 1
18 9 47
18 10 68
18 11 58
18 12 8
18 13 72
18 14 71
18 15 34
18 16 3
18 17 76
19 0 1
19 1 53
19 2 51
19 3 11
19 4 62
19 5 61
19 6 34
19 7 23
19 8 74
19 9 28
19 10 73
19 11 19
19 12 57
19 13 43
19 14 54
19 15 36
19 16 46
19 17 52
19 18 30
20 0 37
20 1 40
20 2 31
20 3 74
20 4 22
20 5 29
20 6 67
20 7 27
20 8 5
20 9 6
20 10 39
20 11 16
20 12 63
20 13 25
20 14 36
20 15 49
20 16 51
20 17 7
20 18 29
20 19 10
21 0 28
21 1 45
21 2 57
21 3 4
21 4 60
21 5 70
21 6 45
21 7 76
21 8 22
21 9 50
21 10 78
21 11 44
21 12 11
21 13 49
21 14 45
21 15 5
21 16 32
21 17 67
21 18 67
21 19 68
21 20 20
22 0 67
22 1 49
22 2 64
22 3 8
22 4 61
22 5 22
22 6 68
22 7 32
22 8 8
22 9 69
22 10 60
22 11 21
22 12 50
22 13 28
22 14 52
22 15 15
22 16 6
22 17 24
22 18 27
22 19 58
22 20 58
22 21 6
23 0 14
23 1 47
23 2 58
23 3 6
23 4 79
23 5 55
23 6 79
23 7 63
23 8 44
23 9 18
23 10 75
23 11 48
23 12 31
23 13 43
23 14 29
23 15 50
23 16 76
23 17 40
23 18 20
23 19 3
23 20 41
23 21 55
23 22 33
24 0 49
24 1 25
24 2 53
24 3 2
24 4 46
24 5 55
24 6 66
24 7 60
24 8 63
24 9 33
24 10 71
24 11 56
24 12 4
24 13 27
24 14 7
24 15 57
24 16 74
24 17 76
24 18 24
24 19 42
24 20 32
24 21 70
24 22 69
24 23 64
25 0 28
25 1 70
25 2 71
25 3 25
25 4 37
25 5 21
25 6 22
25 7 30
25 8 26
25 9 56
25 10 43
25 11 59
25 12 47
25 13 53
25 14 32
25 15 14
25 16 45
25 17 19
25 18 61
25 19 53
25 20 48
25 21 64
25 22 21
25 23 1
25 24 16
26 0 9
26 1 59
26 2 75
26 3 44
26 4 31
26 5 25
26 6 28
26 7 2
26 8 64
26 9 70
26 10 17
26 11 70
26 12 21
26 13 79
26 14 6
26 15 10
26 16 38
26 17 65
26 18 31
26 19 26
26 20 51
26 21 41
26 22 4
26 23 59
26 24 22
26 25 74
27 0 71
27 1 17
27 2 3
27 3 70
27 4 74
27 5 47
27 6 38
27 7 12
27 8 53
27 9 46
27 10 22
27 11 8
27 12 64
27 13 32
27 14 5
27 15 36
27 16 4
27 17 50
27 18 18
27 19 47
27 20 2
27 21 74
27 22 10
27 23 48
27 24 19
27 25 74
27 26 48
28 0 65
28 1 69
28 2 4
28 3 62
28 4 41
28 5 56
28 6 12
28 7 38
28 8 8
28 9 34
28 10 43
28 11 68
28 12 76
28 13 19
28 14 31
28 15 71
28 16 56
28 17 26
28 18 65
28 19 4
28 20 59
28 21 72
28 22 80
28 23 8
28 24 79
28 25 48
28 26 26
28 27 77
29 0 36
29 1 44
29 2 14
29 3 4
29 4 80
29 5 38
29 6 2
29 7 41
29 8 40
29 9 34
29 10 72
29 11 29
29 12 78
29 13 26
29 14 30
29 15 21
29 16 57
29 17 10
29 18 56
29 19 48
29 20 29
29 21 34
29 22 43
29 23 9
29 24 32
29 25 61
29 26 60
29 27 8
29 28 58
30 0 80
30 1 77
30 2 77
30 3 64
30 4 41
30 5 66
30 6 73
30 7 16
30 8 79
30 9 25
30 10 52
30 11 5
30 12 20
30 13 42
30 14 44
30 15 68
30 16 11
30 17 56
30 18 70
30 19 48
30 20 54
30 21 33
30 22 52
30 23 35
30 24 65
30 25 19
30 26 40
30 27 3
30 28 40
30 29 32
31 0 38
31 1 21
31 2 8
31 3 80
31 4 58
31 5 32
31 6 7
31 7 3
31 8 38
31 9 29
31 10 57
31 11 15
31 12 55
31 13 5
31 14 12
31 15 9
31 16 38
31 17 57
31 18 7
31 19 63
31 20 73
31 21 62
31 22 78
31 23 4
31 24 4
31 25 68
31 26 26
31 27 30
31 28 14
31 29 44
31 30 56
32 0 53
32 1 44
32 2 41
32 3 31
32 4 36
32 5 26
32 6 53
32 7 77
32 8 63
32 9 18
32 10 57
32 11 79
32 12 73
32 13 28
32 14 28
32 15 62
32 16 12
32 17 2
32 18 54
32 19 72
32 20 2
32 21 43
32 22 62
32 23 63
32 24 12
32 25 42
32 26 35
32 27 67
32 28 48
32 29 67
32 30 53
32 31 45
33 0 74
33 1 43
33 2 12
33 3 67
33 4 52
33 5 19
33 6 11
33 7 35
33 8 23
33 9 66
33 10 6
33 11 15
33 12 8
33 13 40
33 14 23
33 15 33
33 16 78
33 17 37
33 18 30
33 19 62
33 20 21
33 21 64
33 22 77
33 23 35
33 24 54
33 25 30
33 26 33
33 27 12
33 28 13
33 29 60
33 30 14
33 31 70
33 32 44
34 0 38
34 1 6
34 2 69
34 3 47
34 4 23
34 5 66
34 6 30
34 7 28
34 8 78
34 9 31
34 10 43
34 11 18
34 12 3
34 13 5
34 14 65
34 15 8
34 16 28
34 17 25
34 18 24
34 19 23
34 20 40
34 21 72
34 22 60
34 23 34
34 24 35
34 25 61
34 26 73
34 27 24
34 28 53
34 29 41
34 30 70
34 31 28
34 32 11
34 33 62
35 0 13
35 1 34
35 2 39
35 3 55
35 4 2
35 5 67
35 6 27
35 7 2
35 8 5
35 9 75
35 10 64
35 11 9
35 12 13
35 13 58
35 14 33
35 15 26
35 16 26
35 17 14
35 18 8
35 19 61
35 20 74
35 21 32
35 22 75
35 23 48
35 24 43
35 25 53
35 26 60
35 27 1
35 28 12
35 29 77
35 30 75
35 31 63
35 32 57
35 33 62
35 34 79
36 0 79
36 1 80
36 2 3
36 3 35
36 4 18
36 5 42
36 6 39
36 7 39
36 8 47
36 9 75
36 10 4
36 11 38
36 12 79
36 13 68
36 14 58
36 15 53
36 16 60
36 17 35
36 18 23
36 19 33
36 20 52
36 21 4
36 22 60
36 23 37
36 24 35
36 25 46
36 26 23
36 27 67
36 28 4
36 29 45
36 30 17
36 31 78
36 32 56
36 33 12
36 34 7
36 35 46
37 0 41
37 1 21
37 2 15
37 3 45
37 4 53
37 5 68
37 6 60
37 7 27
37 8 78
37 9 80
37 10 68
37 11 58
37 12 40
37 13 80
37 14 62
37 15 52
37 16 47
37 17 7
37 18 20
37 19 38
37 20 23
37 21 14
37 22 69
37 23 20
37 24 28
37 25 68
37 26 48
37 27 46
37 28 78
37 29 38
37 30 30
37 31 57
37 32 8
37 33 10
37 34 58
37 35 12
37 36 3
38 0 61
38 1 26
38 2 59
38 3 40
38 4 70
38 5 80
38 6 17
38 7 37
38 8 33
38 9 4
38 10 44
38 11 39
38 12 58
38 13 39
38 14 48
38 15 22
38 16 7
38 17 21
38 18 74
38 19 55
38 20 50
38 21 45
38 22 60
38 23 35
38 24 5
38 25 75
38 26 34
38 27 21
38 28 32
38 29 52
38 30 75
38 31 23
38 32 43
38 33 45
38 34 18
38 35 58
38 36 38
38 37 43
39 0 29
39 1 27
39 2 36
39 3 10
39 4 4
39 5 17
39 6 34
39 7 66
39 8 51
39 9 56
39 10 32
39 11 44
39 12 72
39 13 58
39 14 65
39 15 67
39 16 17
39 17 56
39 18 73
39 19 72
39 20 61
39 21 63
39 22 56
39 23 60
39 24 8
39 25 22
39 26 79
39 27 71
39 28 1
39 29 12
39 30 47
39 31 17
39 32 48
39 33 39
39 34 70
39 35 23
39 36 2
39 37 66
39 38 74
40 0 6
40 1 29
40 2 67
40 3 9
40 4 52
40 5 30
40 6 13
40 7 5
40 8 58
40 9 27
40 10 57
40 11 75
40 12 66
40 13 12
40 14 30
40 15 70
40 16 37
40 17 15
40 18 45
40 19 62
40 20 64
40 21 80
40 22 4
40 23 59
40 24 37
40 25 37
40 26 25
40 27 17
40 28 41
40 29 18
40 30 79
40 31 12
40 32 71
40 33 27
40 34 33
40 35 4
40 36 61
40 37 49
40 38 12
40 39 57
41 0 37
41 1 6
41 2 15
41 3 65
41 4 12
41 5 28
41 6 1
41 7 73
41 8 20
41 9 5
41 10 68
41 11 26
41 12 24
41 13 46
41 14 66
41 15 5
41 16 74
41 17 43
41 18 53
41 19 60
41 20 66
41 21 9
41 22 30
41 23 9
41 24 14
41 25 73
41 26 72
41 27 56
41 28 59
41 29 70
41 30 59
41 31 54
41 32 52
41 33 67
41 34 79
41 35 72
41 36 51
41 37 24
41 38 33
41 39 66
41 40 5
42 0 60
42 1 25
42 2 57
42 3 20
42 4 46
42 5 36
42 6 16
42 7 61
42 8 23
42 9 22
42 10 31
42 11 61
42 12 68
42 13 7
42 14 67
42 15 39
42 16 5
42 17 5
42 18 16
42 19 44
42 20 24
42 21 16
42 22 25
42 23 52
42 24 32
42 25 44
42 26 10
42 27 55
42 28 7
42 29 31
42 30 48
42 31 56
42 32 33
42 33 5
42 34 45
42 35 64
42 36 14
42 37 72
42 38 18
42 39 11
42 40 2
42 41 12
43 0 48
43 1 59
43 2 13
43 3 2
43 4 20
43 5 39
43 6 26
43 7 17
43 8 14
43 9 53
43 10 66
43 11 39
43 12 32
43 13 78
43 14 66
43 15 24
43 16 76
43 17 66
43 18 63
43 19 24
43 20 7
43 21 18
43 22 16
43 23 44
43 24 1
43 25 63
43 26 64
43 27 38
43 28 46
43 29 43
43 30 65
43 31 77
43 32 22
43 33 37
43 34 17
43 35 26
43 36 7
43 37 20
43 38 56
43 39 61
43 40 55
43 41 33
43 42 7
44 0 54
44 1 79
44 2 59
44 3 30
44 4 1
44 5 16
44 6 4
44 7 33
44 8 34
44 9 70
44 10 31
44 11 14
44 12 75
44 13 44
44 14 16
44 15 2
44 16 24
44 17 72
44 18 21
44 19 27
44 20 39
44 21 54
44 22 29
44 23 47
44 24 63
44 25 64
44 26 63
44 27 44
44 28 41
44 29 12
44 30 36
44 31 26
44 32 21
44 33 25
44 34 2
44 35 33
44 36 22
44 37 4
44 38 24
44 39 66
44 40 32
44 41 21
44 42 2
44 43 20
45 0 43
45 1 75
45 2 38
45 3 39
45 4 54
45 5 79
45 6 64
45 7 67
45 8 76
45 9 27
45 10 76
45 11 11
45 12 17
45 13 36
45 14 29
45 15 42
45 16 10
45 17 15
45 18 13
45 19 24
45 20 55
45 21 57
45 22 23
45 23 22
45 24 69
45 25 68
45 26 64
45 27 49
45 28 46
45 29 8
45 30 35
45 31 1
45 32 16
45 33 12
45 34 79
45 35 63
45 36 40
45 37 58
45 38 17
45 39 80
45 40 41
45 41 75
45 42 22
45 43 73
45 44 70
46 0 54
46 1 76
46 2 37
46 3 39
46 4 46
46 5 2
46 6 16
46 7 54
46 8 43
46 9 65
46 10 19
46 11 13
46 12 7
46 13 40
46 14 79
46 15 39
46 16 57
46 17 67
46 18 60
46 19 59
46 20 21
46 21 35
46 22 33
46 23 54
46 24 73
46 25 44
46 26 71
46 27 51
46 28 18
46 29 25
46 30 5
46 31 72
46 32 40
46 33 47
46 34 20
46 35 15
46 36 11
46 37 4
46 38 40
46 39 52
46 40 6
46 41 4
46 42 29
46 43 43
46 44 22
46 45 39
47 0 62
47 1 15
47 2 68
47 3 61
47 4 19
47 5 25
47 6 26
47 7 20
47 8 48
47 9 40
47 10 20
47 11 23
47 12 65
47 13 38
47 14 77
47 15 27
47 16 59
47 17 52
47 18 25
47 19 69
47 20 64
47 21 66
47 22 53
47 23 13
47 24 76
47 25 12
47 26 31
47 27 5
47 28 36
47 29 63
47 30 70
47 31 30
47 32 15
47 33 58
47 34 41
47 35 33
47 36 58
47 37 69
47 38 26
47 39 79
47 40 24
47 41 8
47 42 14
47 43 55
47 44 22
47 45 24
47 46 61
48 0 31
48 1 80
48 2 15
48 3 61
48 4 20
48 5 73
48 6 40
48 7 64
48 8 53
48 9 34
48 10 19
48 11 23
48 12 75
48 13 74
48 14 42
48 15 12
48 16 56
48 17 68
48 18 41
48 19 75
48 20 10
48 21 64
48 22 38
48 23 4
48 24 59
48 25 3
48 26 67
48 27 68
48 28 20
48 29 68
48 30 74
48 31 5
48 32 51
48 33 59
48 34 50
48 35 50
48 36 43
48 37 17
48 38 13
48 39 77
48 40 43
48 41 66
48 42 72
48 43 18
48 44 14
48 45 59
48 46 47
48 47 11
49 0 28
49 1 51
49 2 58
49 3 37
49 4 61
49 5 26
49 6 66
49 7 1
49 8 43
49 9 67
49 10 53
49 11 79
49 12 7
49 13 8
49 14 4
49 15 76
49 16 64
49 17 44
49 18 44
49 19 62
49 20 19
49 21 80
49 22 5
49 23 19
49 24 79
49 25 3
49 26 34
49 27 14
49 28 8
49 29 22
49 30 35
49 31 42
49 32 79
49 33 49
49 34 59
49 35 36
49 36 7
49 37 24
49 38 46
49 39 29
49 40 64
49 41 12
49 42 47
49 43 64
49 44 26
49 45 38
49 46 61
49 47 14
49 48 43
