40
3 0 111
3 1 271
5 1 249
6 1 268
6 2 288
6 3 96
7 0 309
7 1 58
8 1 291
8 3 154
9 2 318
9 3 157
9 4 78
9 6 1
9 7 297
9 8 216
10 0 140
10 2 85
10 3 37
10 4 187
11 0 28
11 2 258
11 8 207
12 0 132
12 5 102
12 6 112
12 8 131
13 2 199
13 8 266
13 11 255
13 12 86
14 2 154
14 4 57
14 5 262
14 10 256
15 5 75
15 7 187
15 12 6
15 13 171
16 1 43
16 4 226
16 12 257
17 3 178
17 4 123
17 5 177
17 8 107
17 14 204
18 1 279
18 2 58
18 3 32
18 4 181
18 7 183
18 9 36
18 12 129
18 13 302
18 14 61
18 16 85
19 1 114
19 5 147
19 8 183
19 10 30
19 11 316
19 12 168
19 14 140
19 15 67
20 0 308
20 1 195
20 4 77
20 6 228
20 7 157
20 15 46
20 18 228
20 19 226
21 2 263
21 3 300
21 4 122
21 7 70
21 8 122
21 13 305
21 15 259
21 16 24
21 17 55
22 1 23
22 3 82
22 4 112
22 5 26
22 6 279
22 7 217
22 9 188
22 11 99
22 12 50
22 15 222
22 18 112
22 21 109
23 0 260
23 1 10
23 3 297
23 4 137
23 7 217
23 10 179
23 12 89
23 14 58
23 16 225
23 18 184
23 21 260
23 22 273
24 0 161
24 1 23
24 2 147
24 9 197
24 10 164
24 11 114
24 14 281
24 17 40
24 19 295
24 20 250
24 22 182
24 23 38
25 0 316
25 4 280
25 10 77
25 12 177
25 13 161
25 17 188
25 19 286
25 20 306
26 3 235
26 6 264
26 7 96
26 8 151
26 19 51
26 21 207
26 22 143
26 23 177
26 25 217
27 3 84
27 5 39
27 9 261
27 12 136
27 17 131
27 18 290
27 25 141
28 5 276
28 7 299
28 9 163
28 11 256
28 12 113
28 14 161
28 19 148
28 23 29
28 27 276
29 1 308
29 3 128
29 4 270
29 5 187
29 6 187
29 7 237
29 9 132
29 13 125
29 14 268
29 16 293
29 17 138
29 27 192
29 28 61
30 1 106
30 2 87
30 3 230
30 5 306
30 7 237
30 9 1
30 12 137
30 13 140
30 15 197
30 18 66
30 19 109
30 20 90
30 21 189
30 22 78
30 26 286
30 27 49
30 29 144
31 4 141
31 5 163
31 7 141
31 9 134
31 10 1
31 15 302
31 16 98
31 18 40
31 19 177
31 21 293
31 23 262
31 25 52
31 28 220
32 2 130
32 6 163
32 7 30
32 13 136
32 18 289
32 20 294
32 23 80
32 26 137
33 1 200
33 2 95
33 3 231
33 11 315
33 16 69
33 18 310
33 19 241
33 21 263
33 22 319
33 23 102
33 24 144
33 27 242
33 32 226
34 2 157
34 3 70
34 6 171
34 10 74
34 16 41
34 17 67
34 22 148
34 24 279
34 31 73
35 0 293
35 7 12
35 8 179
35 15 115
35 17 247
35 24 235
35 26 110
35 31 259
35 34 147
36 5 278
36 10 64
36 11 169
36 19 143
36 22 104
36 23 89
36 26 295
36 28 142
36 29 131
36 30 291
36 31 111
36 32 173
37 1 288
37 2 26
37 4 102
37 5 247
37 8 104
37 10 170
37 14 82
37 16 71
37 18 62
37 19 206
37 20 274
37 21 302
37 23 223
37 26 305
37 29 95
37 30 268
37 31 81
37 32 205
37 33 80
37 34 233
38 0 212
38 1 185
38 2 78
38 3 114
38 5 184
38 7 312
38 8 281
38 10 305
38 11 177
38 15 275
38 17 272
38 18 150
38 28 89
38 32 269
38 36 223
38 37 86
39 0 44
39 1 25
39 3 8
39 6 42
39 9 155
39 15 271
39 16 44
39 21 75
39 22 234
39 23 75
39 30 280
39 31 114
39 33 201
39 34 111
39 36 203
39 38 66
