50
1 0 7
2 0 3
2 1 9
3 1 9
3 2 6
4 0 8
4 1 10
4 2 4
4 3 6
5 2 6
5 3 9
5 4 6
6 0 9
6 1 2
6 2 7
6 3 2
6 4 6
6 5 3
7 0 10
7 1 8
7 3 1
7 4 2
7 6 9
8 0 10
8 1 4
8 2 1
8 3 3
8 4 9
8 5 4
8 7 5
9 0 2
9 1 8
9 4 9
9 5 1
9 6 3
9 7 6
10 1 2
10 2 4
10 4 10
10 5 10
10 6 9
10 7 1
10 8 7
10 9 10
11 0 2
11 1 4
11 2 5
11 3 10
11 5 2
11 6 10
11 7 4
11 8 9
11 9 2
11 10 7
12 0 9
12 2 2
12 3 4
12 4 2
12 5 7
12 8 7
12 9 9
12 10 9
12 11 3
13 0 6
13 1 2
13 2 6
13 3 3
13 4 5
13 5 10
13 7 6
13 9 1
13 10 3
13 11 4
13 12 10
14 1 1
14 2 6
14 3 10
14 6 8
14 7 3
14 8 10
14 9 8
14 10 9
14 11 1
14 12 7
14 13 10
15 1 1
15 2 1
15 3 10
15 4 3
15 5 6
15 6 3
15 7 6
15 9 4
15 11 7
15 12 9
15 13 4
16 0 6
16 1 3
16 2 3
16 3 7
16 4 6
16 6 8
16 9 6
16 10 5
16 11 4
16 12 9
16 13 9
16 14 1
16 15 8
17 0 4
17 1 4
17 2 10
17 3 7
17 4 2
17 5 9
17 6 1
17 7 5
17 8 6
17 9 2
17 11 9
17 13 2
17 15 5
17 16 7
18 0 6
18 1 6
18 2 8
18 3 5
18 4 4
18 5 5
18 6 4
18 7 1
18 8 3
18 9 7
18 10 8
18 11 7
18 12 9
18 13 1
18 14 7
18 16 6
18 17 10
19 0 4
19 2 8
19 3 4
19 5 2
19 6 1
19 7 4
19 9 2
19 10 4
19 12 7
19 13 8
19 14 8
19 15 8
19 16 5
19 17 10
19 18 4
20 0 9
20 1 8
20 2 5
20 4 9
20 5 1
20 6 6
20 7 6
20 8 4
20 9 7
20 10 8
20 11 8
20 15 7
20 16 2
20 17 3
20 18 6
20 19 6
21 0 7
21 1 4
21 2 4
21 3 3
21 4 2
21 5 1
21 6 2
21 9 8
21 10 8
21 11 3
21 16 3
21 19 8
21 20 8
22 0 6
22 1 7
22 2 9
22 3 4
22 4 4
22 5 10
22 6 7
22 7 3
22 8 5
22 9 9
22 10 4
22 11 9
22 12 6
22 13 10
22 14 1
22 15 7
22 16 4
22 18 3
22 20 5
22 21 6
23 0 2
23 1 3
23 2 2
23 3 1
23 4 1
23 5 8
23 6 5
23 7 2
23 8 10
23 9 8
23 10 9
23 11 8
23 12 5
23 14 5
23 15 4
23 16 4
23 18 3
23 20 7
23 21 3
23 22 1
24 0 6
24 1 7
24 3 6
24 4 7
24 5 4
24 6 5
24 7 9
24 9 7
24 10 10
24 11 5
24 12 7
24 13 4
24 14 2
24 15 4
24 16 5
24 17 5
24 18 7
24 19 9
24 20 2
24 21 9
24 22 1
24 23 3
25 0 4
25 2 7
25 3 1
25 5 3
25 9 6
25 10 2
25 11 8
25 12 6
25 14 3
25 15 6
25 16 7
25 17 1
25 18 4
25 21 6
25 22 5
25 23 8
25 24 10
26 0 10
26 1 2
26 2 3
26 3 9
26 4 5
26 5 3
26 6 7
26 7 7
26 8 1
26 9 7
26 10 7
26 11 4
26 12 8
26 13 9
26 14 2
26 16 3
26 18 2
26 19 5
26 20 8
26 21 3
26 22 9
26 23 3
26 24 4
27 0 1
27 1 4
27 2 8
27 3 3
27 4 10
27 6 2
27 7 9
27 9 3
27 10 8
27 11 2
27 12 8
27 15 10
27 16 6
27 17 7
27 18 4
27 19 7
27 20 8
27 21 6
27 24 2
27 25 3
27 26 5
28 0 6
28 1 4
28 2 3
28 3 10
28 4 7
28 5 1
28 6 10
28 7 3
28 8 8
28 9 5
28 10 4
28 13 5
28 14 7
28 15 6
28 17 7
28 18 6
28 19 4
28 20 10
28 21 6
28 22 10
28 23 7
28 24 6
28 25 8
28 26 7
28 27 4
29 0 5
29 1 5
29 2 3
29 3 4
29 4 2
29 5 1
29 6 6
29 7 7
29 8 9
29 9 2
29 10 9
29 11 8
29 12 8
29 13 7
29 14 6
29 15 1
29 16 2
29 17 9
29 18 10
29 19 7
29 20 7
29 21 7
29 22 4
29 23 8
29 24 9
29 25 10
29 26 10
29 28 6
30 0 1
30 1 9
30 3 5
30 5 8
30 6 7
30 7 9
30 8 9
30 9 10
30 10 5
30 11 7
30 13 7
30 14 2
30 15 5
30 16 3
30 17 4
30 18 9
30 19 6
30 20 3
30 21 1
30 22 4
30 23 6
30 24 8
30 25 8
30 26 8
30 27 9
30 28 1
30 29 5
31 0 10
31 1 8
31 2 3
31 4 5
31 5 9
31 6 8
31 7 4
31 9 5
31 10 9
31 12 7
31 13 2
31 14 4
31 15 1
31 16 6
31 17 4
31 18 4
31 19 10
31 21 9
31 22 7
31 23 5
31 24 7
31 25 6
31 26 10
31 28 8
31 29 6
31 30 10
32 0 5
32 4 9
32 5 4
32 6 10
32 8 10
32 9 9
32 11 9
32 12 7
32 13 9
32 15 9
32 16 4
32 17 3
32 18 5
32 20 5
32 22 2
32 23 9
32 24 3
32 25 4
32 26 6
32 27 1
32 28 8
32 29 5
32 30 6
32 31 4
33 0 4
33 1 4
33 2 1
33 3 9
33 4 1
33 5 3
33 6 4
33 7 10
33 9 7
33 10 9
33 11 9
33 13 8
33 14 4
33 15 2
33 16 2
33 17 3
33 18 4
33 19 8
33 20 4
33 22 1
33 24 3
33 25 4
33 26 9
33 27 4
33 29 5
33 30 3
33 31 7
33 32 10
34 0 2
34 1 2
34 2 8
34 3 10
34 6 3
34 9 2
34 11 1
34 12 8
34 14 4
34 15 2
34 16 10
34 17 7
34 18 2
34 20 7
34 21 4
34 22 3
34 23 2
34 24 8
34 25 1
34 26 3
34 27 8
34 28 3
34 29 3
34 31 10
34 32 4
35 0 3
35 1 4
35 2 9
35 4 9
35 6 9
35 7 8
35 8 5
35 9 1
35 10 8
35 11 4
35 12 3
35 13 4
35 15 4
35 16 9
35 17 1
35 18 4
35 19 5
35 20 10
35 21 6
35 22 2
35 23 4
35 24 4
35 25 4
35 26 1
35 27 5
35 28 5
35 29 10
35 30 8
35 31 7
35 32 2
35 33 8
35 34 10
36 0 6
36 2 2
36 3 9
36 4 8
36 5 3
36 6 6
36 7 1
36 8 1
36 9 9
36 10 6
36 11 5
36 12 2
36 13 9
36 14 8
36 15 3
36 16 4
36 18 8
36 19 3
36 20 4
36 21 3
36 22 4
36 23 9
36 24 7
36 26 9
36 27 9
36 28 1
36 29 1
36 30 7
36 31 4
36 32 2
36 33 1
36 34 1
36 35 1
37 0 10
37 1 5
37 2 10
37 4 7
37 5 1
37 7 3
37 8 9
37 9 2
37 13 1
37 15 3
37 16 8
37 17 4
37 19 6
37 21 1
37 22 8
37 24 3
37 25 5
37 26 4
37 27 1
37 28 9
37 32 5
37 34 8
37 35 4
37 36 10
38 0 8
38 1 1
38 2 10
38 3 5
38 4 8
38 5 6
38 6 3
38 8 1
38 9 9
38 10 7
38 11 10
38 12 1
38 13 9
38 14 1
38 15 6
38 16 2
38 17 5
38 19 7
38 20 6
38 23 7
38 24 9
38 26 1
38 27 2
38 28 6
38 29 4
38 30 5
38 31 5
38 32 4
38 33 5
38 34 2
38 35 5
38 36 9
38 37 6
39 2 7
39 3 6
39 4 2
39 5 4
39 6 7
39 8 2
39 10 8
39 11 8
39 12 1
39 13 7
39 15 9
39 16 3
39 17 7
39 19 4
39 20 8
39 21 3
39 24 9
39 25 4
39 26 8
39 28 4
39 29 4
39 31 4
39 32 8
39 33 9
39 34 7
39 35 4
39 36 1
39 38 5
40 1 1
40 2 1
40 3 6
40 4 10
40 5 10
40 6 1
40 7 9
40 8 10
40 9 4
40 11 7
40 12 10
40 13 5
40 15 5
40 16 6
40 17 5
40 18 2
40 19 8
40 20 8
40 21 10
40 22 1
40 23 8
40 26 8
40 27 10
40 28 6
40 29 8
40 32 2
40 34 8
40 35 10
40 36 9
40 37 6
40 38 4
41 0 1
41 1 7
41 2 6
41 4 9
41 5 3
41 6 1
41 7 3
41 8 3
41 11 10
41 12 2
41 13 9
41 14 2
41 15 3
41 16 1
41 17 9
41 19 9
41 20 7
41 21 1
41 22 8
41 23 5
41 27 7
41 28 2
41 30 2
41 31 4
41 32 2
41 33 6
41 34 1
41 35 5
41 37 8
41 40 3
42 0 6
42 1 10
42 2 8
42 3 7
42 4 3
42 5 2
42 6 2
42 7 8
42 8 3
42 9 7
42 11 7
42 12 5
42 13 6
42 14 1
42 15 6
42 17 5
42 18 8
42 19 4
42 20 9
42 21 9
42 22 9
42 24 10
42 25 10
42 26 9
42 27 2
42 28 2
42 29 8
42 30 4
42 32 5
42 33 6
42 34 8
42 35 2
42 36 6
42 37 6
42 39 4
42 41 9
43 1 5
43 2 1
43 4 3
43 6 4
43 7 10
43 8 3
43 10 2
43 11 7
43 12 1
43 13 1
43 14 10
43 16 10
43 17 2
43 18 1
43 19 3
43 20 4
43 23 5
43 25 3
43 26 9
43 27 5
43 29 5
43 30 10
43 33 5
43 35 1
43 36 6
43 37 4
43 38 4
43 39 3
43 40 10
43 41 2
43 42 1
44 0 1
44 2 4
44 3 3
44 4 8
44 5 2
44 6 5
44 7 7
44 8 6
44 9 5
44 11 2
44 15 4
44 16 8
44 18 1
44 19 10
44 20 7
44 21 4
44 22 7
44 23 1
44 25 1
44 26 2
44 27 6
44 28 4
44 29 2
44 32 10
44 33 9
44 34 9
44 35 3
44 36 5
44 37 2
44 38 9
44 39 9
44 40 6
44 41 10
44 42 1
44 43 3
45 0 2
45 1 8
45 2 8
45 4 7
45 5 8
45 6 8
45 7 7
45 8 2
45 9 7
45 10 7
45 11 10
45 12 3
45 13 9
45 14 2
45 15 2
45 16 7
45 17 2
45 18 6
45 19 9
45 20 5
45 21 9
45 22 7
45 23 6
45 24 7
45 26 1
45 27 2
45 28 8
45 30 2
45 31 2
45 32 2
45 33 9
45 34 2
45 36 2
45 38 8
45 39 1
45 42 8
45 44 7
46 0 10
46 1 7
46 2 8
46 3 6
46 4 9
46 5 4
46 6 7
46 7 10
46 10 5
46 11 4
46 12 1
46 13 1
46 14 5
46 15 7
46 18 5
46 20 6
46 21 4
46 23 1
46 24 6
46 25 5
46 26 9
46 27 2
46 28 2
46 29 6
46 30 1
46 31 6
46 33 6
46 34 3
46 35 10
46 36 6
46 37 1
46 38 10
46 40 5
46 41 9
46 42 10
46 43 6
47 0 3
47 3 9
47 4 5
47 5 3
47 6 3
47 7 7
47 8 8
47 10 4
47 11 7
47 12 2
47 13 3
47 14 6
47 15 9
47 16 6
47 17 8
47 18 6
47 20 6
47 21 10
47 22 2
47 24 6
47 25 3
47 26 3
47 27 5
47 28 4
47 29 4
47 31 2
47 32 4
47 33 4
47 34 7
47 35 9
47 36 5
47 37 8
47 39 4
47 40 4
47 42 8
47 43 6
47 45 10
47 46 8
48 0 9
48 1 6
48 2 7
48 3 4
48 4 4
48 7 2
48 9 4
48 10 9
48 11 4
48 12 6
48 14 3
48 15 5
48 16 10
48 17 7
48 18 4
48 20 3
48 21 2
48 22 3
48 24 7
48 25 9
48 26 8
48 28 10
48 32 8
48 33 1
48 34 4
48 35 2
48 36 6
48 37 6
48 39 10
48 40 3
48 41 1
48 42 7
48 43 8
48 44 6
48 45 8
48 46 1
48 47 6
49 1 6
49 2 1
49 3 5
49 5 9
49 6 1
49 7 6
49 8 9
49 9 6
49 11 6
49 15 1
49 16 4
49 18 2
49 19 8
49 20 8
49 22 3
49 23 3
49 24 7
49 25 7
49 27 5
49 28 10
49 29 6
49 30 7
49 31 6
49 33 8
49 34 4
49 35 9
49 36 9
49 38 3
49 39 6
49 40 1
49 41 6
49 42 2
49 43 2
49 44 6
49 46 2
49 47 4
