70
1 0 12
2 0 11
2 1 19
3 0 14
3 2 2
4 1 13
4 3 15
5 3 15
5 4 2
6 5 20
7 2 19
7 3 6
7 4 4
7 5 16
7 6 13
8 1 19
8 4 9
8 6 5
9 0 15
9 1 1
9 2 13
9 3 17
9 7 6
9 8 4
10 0 13
10 2 2
10 5 6
10 7 2
10 9 20
11 2 6
11 4 13
11 7 3
11 8 11
11 9 5
11 10 2
12 0 16
12 1 4
12 2 3
12 3 4
12 7 19
12 8 3
12 10 20
13 1 9
13 2 18
13 3 9
13 5 16
13 6 16
13 8 11
13 9 17
13 10 8
13 12 6
14 1 15
14 3 13
14 5 12
14 6 17
14 7 10
15 0 9
15 4 7
15 5 5
15 7 11
15 9 19
15 11 18
15 14 6
16 1 8
16 2 5
16 4 12
16 6 19
16 9 12
16 10 14
16 13 7
16 15 1
17 2 9
17 3 17
17 6 11
17 7 3
17 11 11
17 12 9
17 15 19
18 1 2
18 3 10
18 5 8
18 6 18
18 7 10
18 8 8
18 13 3
18 14 3
18 15 9
19 2 1
19 4 15
19 7 10
19 9 8
19 10 9
20 0 12
20 5 7
20 6 3
20 8 11
20 10 6
20 11 13
20 13 20
20 14 19
20 16 3
20 18 12
21 0 2
21 3 13
21 8 10
21 9 4
21 11 8
21 12 3
21 15 7
21 18 14
21 20 9
22 2 12
22 4 18
22 7 10
22 8 6
22 10 1
22 11 8
22 12 8
22 14 16
22 15 17
22 17 8
22 19 2
23 3 14
23 4 17
23 5 4
23 8 20
23 9 10
23 11 19
23 12 7
23 15 3
23 17 3
23 18 7
23 22 17
24 0 13
24 1 4
24 7 13
24 8 18
24 11 10
24 15 2
24 16 9
24 20 19
24 21 17
24 22 13
24 23 9
25 1 20
25 4 4
25 5 15
25 8 9
25 9 10
25 10 8
25 11 4
25 12 5
25 13 10
25 15 18
25 16 19
25 17 5
25 19 20
25 20 3
25 21 17
25 23 4
25 24 17
26 0 7
26 1 3
26 2 18
26 3 16
26 11 16
26 13 9
26 14 10
26 16 8
26 17 4
26 22 5
26 23 18
26 25 1
27 0 11
27 3 9
27 4 4
27 6 11
27 8 13
27 10 12
27 14 11
27 16 6
27 17 9
27 18 9
27 19 4
27 20 8
27 21 2
27 22 15
27 23 5
28 2 10
28 6 4
28 7 20
28 8 19
28 10 20
28 12 16
28 13 12
28 14 8
28 15 9
28 17 14
28 23 1
28 24 3
28 25 14
29 1 2
29 4 2
29 6 15
29 7 1
29 8 10
29 9 19
29 10 17
29 13 4
29 15 1
29 16 13
29 17 13
29 18 18
29 20 12
29 23 9
29 24 15
29 26 17
29 27 15
29 28 9
30 0 3
30 2 1
30 5 4
30 7 17
30 8 10
30 10 5
30 17 13
30 19 18
30 21 7
30 23 8
30 25 2
30 26 14
30 27 12
31 0 20
31 1 20
31 3 17
31 4 8
31 5 8
31 7 19
31 8 14
31 10 2
31 11 2
31 12 7
31 14 10
31 15 5
31 17 17
31 18 7
31 20 6
31 22 6
31 23 5
32 0 13
32 3 7
32 4 16
32 7 4
32 8 5
32 10 5
32 18 1
32 19 8
32 20 20
32 21 17
32 22 4
32 23 10
32 24 3
32 26 5
32 29 16
32 31 1
33 0 2
33 1 8
33 5 4
33 6 14
33 7 6
33 8 9
33 9 5
33 12 18
33 13 5
33 14 13
33 15 9
33 16 18
33 18 3
33 19 10
33 20 15
33 22 4
33 23 8
33 24 5
33 25 13
33 27 9
33 28 12
33 30 20
33 31 19
34 1 17
34 2 10
34 3 11
34 5 9
34 11 19
34 13 10
34 14 2
34 17 7
34 18 15
34 20 12
34 22 6
34 23 15
34 24 3
34 26 14
34 31 5
34 33 10
35 2 18
35 3 9
35 6 14
35 7 13
35 8 17
35 12 19
35 15 7
35 18 15
35 19 3
35 23 19
35 25 2
35 27 8
35 28 5
35 29 9
35 30 14
35 32 2
35 33 7
36 0 5
36 2 17
36 3 20
36 4 11
36 7 12
36 8 9
36 10 18
36 11 3
36 12 15
36 14 15
36 18 18
36 19 17
36 21 15
36 23 7
36 27 13
36 28 10
36 30 16
36 31 11
36 34 20
36 35 10
37 3 13
37 5 7
37 6 14
37 7 4
37 8 9
37 9 11
37 12 7
37 16 4
37 18 16
37 19 16
37 23 3
37 24 16
37 25 4
37 27 15
37 28 14
37 30 14
37 32 20
37 33 12
37 35 2
38 0 5
38 1 9
38 4 4
38 6 1
38 7 11
38 10 7
38 11 3
38 12 1
38 13 6
38 15 8
38 16 19
38 17 10
38 18 9
38 21 17
38 24 15
38 25 8
38 26 2
38 28 11
38 30 9
38 33 11
38 34 16
38 36 7
38 37 7
39 0 17
39 2 8
39 3 1
39 5 15
39 7 4
39 8 5
39 9 16
39 10 8
39 11 4
39 12 2
39 14 16
39 16 19
39 17 14
39 18 8
39 19 10
39 20 12
39 22 14
39 24 8
39 29 15
39 30 12
39 31 16
39 33 13
39 34 9
39 37 17
39 38 16
40 0 15
40 2 5
40 8 18
40 10 6
40 11 2
40 14 2
40 15 6
40 16 8
40 17 18
40 22 7
40 23 14
40 28 11
40 35 17
40 36 9
40 37 15
40 38 9
41 0 7
41 3 14
41 6 20
41 8 13
41 9 15
41 10 2
41 12 13
41 17 9
41 18 5
41 22 20
41 23 12
41 24 1
41 25 16
41 26 16
41 27 18
41 30 7
41 33 11
41 35 14
41 37 6
41 40 18
42 2 20
42 3 11
42 5 15
42 7 18
42 8 3
42 9 6
42 11 1
42 12 6
42 14 1
42 15 12
42 16 3
42 17 18
42 21 5
42 26 5
42 28 1
42 29 5
42 32 20
42 35 8
42 36 1
42 40 17
43 0 12
43 2 8
43 3 20
43 6 1
43 7 14
43 9 18
43 10 8
43 11 18
43 12 13
43 13 2
43 15 19
43 19 19
43 20 1
43 21 5
43 23 10
43 25 7
43 26 18
43 30 6
43 32 8
43 33 5
43 34 4
43 37 15
43 38 8
43 40 20
43 41 12
44 1 2
44 2 8
44 3 3
44 5 18
44 6 7
44 7 11
44 10 7
44 11 5
44 14 20
44 16 7
44 17 7
44 18 14
44 24 17
44 25 18
44 27 7
44 28 8
44 30 4
44 31 18
44 32 18
44 35 20
44 36 8
44 37 5
44 40 12
44 42 18
44 43 4
45 1 8
45 2 15
45 4 17
45 9 13
45 10 6
45 12 17
45 13 7
45 14 6
45 18 18
45 24 8
45 26 20
45 27 5
45 29 3
45 31 16
45 32 19
45 34 13
45 35 1
45 37 6
45 39 15
45 40 10
45 44 2
46 0 5
46 1 12
46 3 8
46 8 10
46 10 17
46 11 19
46 13 17
46 16 18
46 17 10
46 19 19
46 21 2
46 23 17
46 25 14
46 26 18
46 30 14
46 32 18
46 34 20
46 35 12
46 36 15
46 37 18
46 40 20
46 41 14
46 42 15
46 43 16
46 44 6
47 0 16
47 1 18
47 2 17
47 3 16
47 4 5
47 5 16
47 6 3
47 7 16
47 9 13
47 11 8
47 13 10
47 17 7
47 18 18
47 20 3
47 21 16
47 22 7
47 23 20
47 25 14
47 26 13
47 31 15
47 32 18
47 37 20
47 38 7
47 40 8
47 42 15
47 43 10
47 44 18
47 45 11
48 1 14
48 4 16
48 5 16
48 6 7
48 7 12
48 8 14
48 10 10
48 11 9
48 12 10
48 14 5
48 15 4
48 17 16
48 19 20
48 20 19
48 23 20
48 25 15
48 32 7
48 35 19
48 36 18
48 37 11
48 38 15
48 43 6
48 45 14
49 2 9
49 4 2
49 5 14
49 8 7
49 10 11
49 11 10
49 14 9
49 15 17
49 17 12
49 18 13
49 19 7
49 20 2
49 21 9
49 24 14
49 25 20
49 27 10
49 28 5
49 29 6
49 30 4
49 31 20
49 32 8
49 33 15
49 34 16
49 37 8
49 39 8
49 40 6
49 41 8
49 44 13
49 46 15
49 48 16
50 0 17
50 2 5
50 10 4
50 12 11
50 13 7
50 15 12
50 18 6
50 21 20
50 22 19
50 24 20
50 26 15
50 28 1
50 29 8
50 30 20
50 32 9
50 33 9
50 34 8
50 35 15
50 36 5
50 38 1
50 39 5
50 45 16
50 46 19
50 48 10
50 49 9
51 1 3
51 2 14
51 3 20
51 5 2
51 8 10
51 9 17
51 10 20
51 11 1
51 12 3
51 17 9
51 18 3
51 23 3
51 26 8
51 28 14
51 29 15
51 30 19
51 31 15
51 32 8
51 33 2
51 34 9
51 35 12
51 36 1
51 37 12
51 40 7
51 42 11
51 47 7
51 48 6
52 4 15
52 13 12
52 14 14
52 15 13
52 19 5
52 24 7
52 26 17
52 27 6
52 28 7
52 30 14
52 31 16
52 33 16
52 34 11
52 35 1
52 36 17
52 37 17
52 39 10
52 40 19
52 42 9
52 44 1
52 46 2
52 47 7
52 50 3
52 51 9
53 0 18
53 2 6
53 4 7
53 8 20
53 9 15
53 10 15
53 11 18
53 12 17
53 13 4
53 15 11
53 16 14
53 17 12
53 19 20
53 22 9
53 25 15
53 26 14
53 27 11
53 28 20
53 29 5
53 30 6
53 32 6
53 34 20
53 37 11
53 39 10
53 40 10
53 41 14
53 45 4
53 49 17
53 50 3
53 52 10
54 2 3
54 5 18
54 6 19
54 7 5
54 9 18
54 10 5
54 13 6
54 15 2
54 16 15
54 17 7
54 19 11
54 21 2
54 24 10
54 25 7
54 29 20
54 30 20
54 32 11
54 33 5
54 34 5
54 36 3
54 37 3
54 38 8
54 39 20
54 41 11
54 42 8
54 43 2
54 44 17
54 46 9
54 47 6
54 53 5
55 1 10
55 3 15
55 5 5
55 6 14
55 7 20
55 9 20
55 12 16
55 14 5
55 15 14
55 19 8
55 20 1
55 22 16
55 23 17
55 25 5
55 28 18
55 30 18
55 34 8
55 35 4
55 37 11
55 42 9
55 43 16
55 46 16
55 47 15
55 48 17
55 52 7
55 53 15
56 1 16
56 2 17
56 3 4
56 4 12
56 5 17
56 6 17
56 12 10
56 13 10
56 17 10
56 18 8
56 20 6
56 21 16
56 25 6
56 26 19
56 28 2
56 30 18
56 31 12
56 33 17
56 34 14
56 37 16
56 38 8
56 39 6
56 41 18
56 43 2
56 45 6
56 46 20
56 47 16
56 50 12
56 51 4
56 52 13
56 54 16
56 55 15
57 0 16
57 1 18
57 2 9
57 3 13
57 4 8
57 5 15
57 6 1
57 9 5
57 10 17
57 14 20
57 16 6
57 17 12
57 18 20
57 19 17
57 20 16
57 23 7
57 26 13
57 27 4
57 29 14
57 30 16
57 32 12
57 33 19
57 34 12
57 38 20
57 41 3
57 45 8
57 46 2
57 49 17
57 50 16
57 51 17
57 55 20
58 1 3
58 3 13
58 4 10
58 7 3
58 9 15
58 10 15
58 11 11
58 13 6
58 15 18
58 16 2
58 17 1
58 18 13
58 20 19
58 23 14
58 24 15
58 25 19
58 27 13
58 31 20
58 32 11
58 35 10
58 40 3
58 41 5
58 42 18
58 44 9
58 45 1
58 46 5
58 51 2
58 52 1
58 54 7
58 55 1
59 1 9
59 3 17
59 4 9
59 6 20
59 9 12
59 10 17
59 11 7
59 12 7
59 15 4
59 17 8
59 18 18
59 21 7
59 24 10
59 25 20
59 27 2
59 28 17
59 29 16
59 32 13
59 33 9
59 34 18
59 37 4
59 39 1
59 41 17
59 42 19
59 44 9
59 45 16
59 48 18
59 50 16
59 52 3
59 56 1
59 57 2
60 0 2
60 1 3
60 5 19
60 6 5
60 8 15
60 10 6
60 11 17
60 13 7
60 14 12
60 18 19
60 20 2
60 22 7
60 23 5
60 26 7
60 27 15
60 28 11
60 33 1
60 37 19
60 38 15
60 39 8
60 40 4
60 41 1
60 43 6
60 44 16
60 47 15
60 50 4
60 52 2
60 53 10
60 54 16
60 55 19
60 57 5
61 3 11
61 4 1
61 6 19
61 7 18
61 8 4
61 12 11
61 15 12
61 16 6
61 17 4
61 22 19
61 23 3
61 24 17
61 27 5
61 29 17
61 30 8
61 31 15
61 32 12
61 34 20
61 35 11
61 36 18
61 38 5
61 39 12
61 41 12
61 43 2
61 44 17
61 45 4
61 46 2
61 47 12
61 48 17
61 53 18
61 54 9
62 2 18
62 3 19
62 4 14
62 7 12
62 9 18
62 10 13
62 11 5
62 12 4
62 14 1
62 15 11
62 17 2
62 18 4
62 19 19
62 21 8
62 28 17
62 31 18
62 32 17
62 34 2
62 35 10
62 36 12
62 37 12
62 39 20
62 40 6
62 42 7
62 43 19
62 45 6
62 46 12
62 47 2
62 49 4
62 50 7
62 51 18
62 56 15
62 57 1
63 1 3
63 2 1
63 4 11
63 5 11
63 7 1
63 9 11
63 10 2
63 17 19
63 21 6
63 22 12
63 24 15
63 25 11
63 27 1
63 28 16
63 29 11
63 30 8
63 31 11
63 36 16
63 37 8
63 39 20
63 44 4
63 47 16
63 50 3
63 51 6
63 52 15
63 53 18
63 54 3
63 55 13
63 56 19
63 58 16
63 62 6
64 4 20
64 5 13
64 6 16
64 9 17
64 10 20
64 13 1
64 15 3
64 16 13
64 21 3
64 24 2
64 25 16
64 29 3
64 31 20
64 33 12
64 35 9
64 37 9
64 40 19
64 43 10
64 44 7
64 45 13
64 47 8
64 52 19
64 53 13
64 54 4
64 56 17
64 57 17
64 58 13
64 59 15
64 61 17
65 1 8
65 2 11
65 5 11
65 10 4
65 12 20
65 17 17
65 19 19
65 20 6
65 21 5
65 24 15
65 25 19
65 26 16
65 32 17
65 33 5
65 34 5
65 35 18
65 36 16
65 37 9
65 38 11
65 39 2
65 43 18
65 50 15
65 53 9
65 55 20
65 58 1
65 59 5
65 60 16
65 61 3
65 62 15
65 63 3
65 64 20
66 0 14
66 1 12
66 6 8
66 9 9
66 12 1
66 14 1
66 16 8
66 20 5
66 21 10
66 25 6
66 26 6
66 27 11
66 28 17
66 30 1
66 33 12
66 34 19
66 36 9
66 37 10
66 38 17
66 40 16
66 43 10
66 44 1
66 45 6
66 46 19
66 47 4
66 48 18
66 52 10
66 53 13
66 54 14
66 55 5
66 56 19
66 57 15
66 60 9
66 65 4
67 1 11
67 2 18
67 3 6
67 6 20
67 10 12
67 12 1
67 13 14
67 14 12
67 15 4
67 16 1
67 17 12
67 19 15
67 20 13
67 21 8
67 22 17
67 25 12
67 27 6
67 30 18
67 31 14
67 33 7
67 35 15
67 36 2
67 39 10
67 40 16
67 41 2
67 44 9
67 48 10
67 53 3
67 54 4
67 58 14
67 61 20
67 65 3
67 66 19
68 0 8
68 4 8
68 5 17
68 6 15
68 8 6
68 10 18
68 12 5
68 13 18
68 16 20
68 17 7
68 19 17
68 20 12
68 21 15
68 24 18
68 25 2
68 28 11
68 29 4
68 30 19
68 32 14
68 33 20
68 34 8
68 35 4
68 36 6
68 39 6
68 42 19
68 46 17
68 49 18
68 50 4
68 51 17
68 53 9
68 54 2
68 55 14
68 56 15
68 57 20
68 60 8
68 62 15
68 66 12
68 67 3
69 0 5
69 1 15
69 3 17
69 6 3
69 7 19
69 9 9
69 10 15
69 12 17
69 13 18
69 16 20
69 19 8
69 23 20
69 24 2
69 26 6
69 29 3
69 30 4
69 32 13
69 33 20
69 34 5
69 40 11
69 41 18
69 44 15
69 47 17
69 57 6
69 59 13
69 60 19
69 62 2
69 63 19
69 66 18
69 67 16
