40
2 1 20
4 0 18
5 0 7
5 2 18
5 3 12
6 0 13
6 3 18
6 5 15
7 1 5
8 1 17
8 2 9
9 2 20
9 3 10
10 1 9
10 5 2
10 9 8
11 0 1
11 6 12
11 10 18
12 5 11
12 8 18
12 9 15
13 10 20
14 0 9
14 2 8
14 8 6
15 4 6
15 7 18
15 8 3
15 9 11
16 1 14
16 3 3
16 4 8
16 12 10
16 13 12
16 14 3
17 1 15
17 11 18
17 13 10
17 15 2
18 2 14
18 4 17
18 6 8
18 8 14
18 10 18
18 13 3
18 15 8
18 16 9
19 0 1
19 11 12
19 14 1
19 16 11
19 17 4
20 4 13
20 5 17
20 6 14
20 8 2
20 10 9
20 11 14
20 13 1
20 17 16
20 18 18
20 19 2
21 1 3
21 2 14
21 3 18
21 4 5
21 11 7
21 13 6
21 17 7
21 20 12
22 4 16
22 15 13
22 19 7
22 20 11
23 0 20
23 1 8
23 2 7
23 11 7
23 15 11
23 16 18
23 21 12
24 10 19
24 12 15
24 13 8
24 15 13
24 16 17
24 21 4
25 2 11
25 3 17
25 13 3
25 17 13
25 18 3
25 20 11
25 21 17
25 22 11
26 0 17
26 3 3
26 6 11
26 7 13
26 12 3
26 13 19
26 19 1
27 0 18
27 1 18
27 5 9
27 6 9
27 15 2
27 16 2
27 18 2
27 19 9
27 20 16
27 21 15
27 23 4
27 25 11
28 1 4
28 2 12
28 4 4
28 9 6
28 11 1
28 14 2
28 17 13
28 18 6
28 23 19
28 25 10
29 1 2
29 5 6
29 8 20
29 10 15
29 11 9
29 16 17
29 17 10
29 18 3
29 19 2
29 21 3
29 23 17
29 28 15
30 7 15
30 10 3
30 13 7
30 16 5
30 21 19
30 22 1
30 24 4
31 1 8
31 5 12
31 7 15
31 8 6
31 11 18
31 12 18
31 15 20
31 17 17
31 22 20
31 24 13
31 28 7
31 30 14
32 0 11
32 2 8
32 9 12
32 13 15
32 14 16
32 16 14
32 17 15
32 23 18
32 25 16
32 26 9
33 1 19
33 2 20
33 4 16
33 7 1
33 8 16
33 11 6
33 20 1
33 21 10
33 24 12
33 28 7
33 29 18
33 30 9
34 0 18
34 2 20
34 8 15
34 13 15
34 19 12
34 20 19
34 22 9
34 27 16
34 33 14
35 1 1
35 11 19
35 12 2
35 16 17
35 22 18
35 25 8
35 26 11
35 31 12
35 32 3
36 0 10
36 12 9
36 13 3
36 15 3
36 17 15
36 26 4
36 28 16
36 32 18
36 34 18
36 35 14
37 0 6
37 6 13
37 7 10
37 8 15
37 14 10
37 27 7
37 36 3
38 1 7
38 2 9
38 9 8
38 17 19
38 28 5
38 29 9
38 37 20
39 7 3
39 9 17
39 14 4
39 18 14
39 19 5
39 31 18
39 32 2
39 34 17
39 35 19
39 38 2
