70
3 2 5
4 0 10
4 1 8
4 2 4
5 0 7
5 1 1
5 2 9
5 3 4
6 2 7
6 3 1
6 5 3
7 0 8
7 1 7
7 3 2
7 4 10
7 5 1
7 6 7
8 0 3
8 3 10
8 5 8
9 0 8
9 2 4
9 3 1
9 5 7
9 7 9
10 2 8
10 4 1
10 5 8
10 7 8
11 4 4
11 9 9
12 1 1
12 2 1
12 3 3
12 4 6
12 6 1
12 7 5
12 10 9
12 11 5
13 0 7
13 1 5
13 4 10
13 5 8
13 6 7
13 7 7
13 9 6
13 10 9
13 11 1
13 12 6
14 0 4
14 2 6
14 3 2
14 4 8
14 5 7
14 6 7
14 7 3
14 8 7
14 9 6
14 10 5
14 12 10
14 13 4
15 1 7
15 2 3
15 4 9
15 5 10
15 6 1
15 7 1
15 9 7
15 10 5
15 11 4
15 14 6
16 0 6
16 1 5
16 2 10
16 3 4
16 4 4
16 6 10
16 7 8
16 10 9
16 11 8
16 13 9
16 14 7
17 7 8
17 8 9
17 10 6
17 13 10
18 1 5
18 2 9
18 3 6
18 4 5
18 5 1
18 6 6
18 7 4
18 8 5
18 10 9
18 11 6
18 12 8
18 14 9
18 15 6
18 17 8
19 1 4
19 2 10
19 5 10
19 7 7
19 9 4
19 11 2
19 15 6
19 16 8
19 18 5
20 0 10
20 1 6
20 2 5
20 4 9
20 5 5
20 6 4
20 7 5
20 10 5
20 11 7
20 12 10
20 16 3
20 18 1
20 19 8
21 0 1
21 1 4
21 2 10
21 5 4
21 13 9
21 15 8
21 17 6
22 0 10
22 1 6
22 2 1
22 3 6
22 4 1
22 5 4
22 6 7
22 7 2
22 8 7
22 12 2
22 14 8
22 15 7
22 16 1
22 17 10
22 18 6
22 20 1
22 21 1
23 1 7
23 2 1
23 3 6
23 4 9
23 5 2
23 6 6
23 7 3
23 8 10
23 9 10
23 10 9
23 14 5
23 15 9
23 16 5
23 17 6
23 19 4
23 20 9
23 22 2
24 3 9
24 5 9
24 6 7
24 7 6
24 8 7
24 9 10
24 10 5
24 11 6
24 13 10
24 16 6
24 17 9
24 18 4
24 19 6
24 20 4
24 21 1
24 22 7
24 23 10
25 0 5
25 1 5
25 3 10
25 4 10
25 5 8
25 6 6
25 7 1
25 9 9
25 10 7
25 11 1
25 12 8
25 15 2
25 16 6
25 22 1
26 0 7
26 4 1
26 9 7
26 11 9
26 12 9
26 13 1
26 14 1
26 16 4
26 18 3
26 22 9
26 24 6
26 25 3
27 0 10
27 2 4
27 3 6
27 4 4
27 5 7
27 6 3
27 7 2
27 10 10
27 12 6
27 14 4
27 15 10
27 16 2
27 18 4
27 19 4
27 20 8
27 21 9
27 22 9
27 24 3
28 0 5
28 1 4
28 2 1
28 3 2
28 4 5
28 7 10
28 9 10
28 10 8
28 12 7
28 13 4
28 14 2
28 15 2
28 16 1
28 17 9
28 19 3
28 20 10
28 21 8
28 23 6
28 24 4
28 26 5
29 0 5
29 1 8
29 3 5
29 4 8
29 5 5
29 6 3
29 7 10
29 8 1
29 9 5
29 10 2
29 14 1
29 15 9
29 16 8
29 18 6
29 19 8
29 20 1
29 24 2
29 26 8
30 0 5
30 1 10
30 2 1
30 4 10
30 5 10
30 7 10
30 8 6
30 10 2
30 11 5
30 15 6
30 16 1
30 19 2
30 21 8
30 23 4
30 25 3
30 26 1
30 27 6
30 28 8
31 0 4
31 3 6
31 5 9
31 6 4
31 7 9
31 8 7
31 9 6
31 10 10
31 12 5
31 13 7
31 15 4
31 16 8
31 18 8
31 19 8
31 20 5
31 22 9
31 24 5
31 25 5
31 28 1
31 30 3
32 1 9
32 2 9
32 4 3
32 7 10
32 8 9
32 9 7
32 11 8
32 13 9
32 14 7
32 15 5
32 16 9
32 17 7
32 18 7
32 20 1
32 22 6
32 23 8
32 24 5
32 27 6
32 29 6
32 30 8
33 2 9
33 3 6
33 4 10
33 5 10
33 7 9
33 9 8
33 16 9
33 18 8
33 19 2
33 21 4
33 22 9
33 23 9
33 25 5
33 26 8
33 27 7
33 28 6
33 32 2
34 1 4
34 3 8
34 4 9
34 7 1
34 11 2
34 13 3
34 14 3
34 15 7
34 18 8
34 19 3
34 20 6
34 21 9
34 24 2
34 25 10
34 29 4
34 30 9
35 0 2
35 1 2
35 3 10
35 4 2
35 7 9
35 8 4
35 9 8
35 11 1
35 12 10
35 14 6
35 15 9
35 18 6
35 19 5
35 21 5
35 22 2
35 23 10
35 24 1
35 27 3
35 28 1
35 31 3
35 33 3
35 34 9
36 0 3
36 2 10
36 3 10
36 4 2
36 5 9
36 9 6
36 10 7
36 11 1
36 12 5
36 13 9
36 15 2
36 17 7
36 18 4
36 19 10
36 22 9
36 23 2
36 27 5
36 32 2
36 33 6
36 34 4
37 0 2
37 2 8
37 3 3
37 4 4
37 5 5
37 7 8
37 8 4
37 10 4
37 11 4
37 13 1
37 15 1
37 16 2
37 17 6
37 18 3
37 19 4
37 20 4
37 22 3
37 25 6
37 28 7
37 30 3
37 33 5
37 34 10
37 35 7
37 36 5
38 4 6
38 5 10
38 6 1
38 9 8
38 12 10
38 13 5
38 14 5
38 15 10
38 16 5
38 17 8
38 18 4
38 19 1
38 22 10
38 24 7
38 25 9
38 27 5
38 28 9
38 29 10
38 32 6
38 34 3
38 36 6
38 37 5
39 0 8
39 2 7
39 3 7
39 6 8
39 8 5
39 14 5
39 18 3
39 19 1
39 21 8
39 22 1
39 23 7
39 24 1
39 25 6
39 28 4
39 29 4
39 30 8
39 31 6
39 33 6
39 35 3
39 38 7
40 0 9
40 1 7
40 4 1
40 7 2
40 8 9
40 9 3
40 10 5
40 11 1
40 13 9
40 15 3
40 16 7
40 18 1
40 19 7
40 21 2
40 22 3
40 25 7
40 27 5
40 29 7
40 30 9
40 31 1
40 36 2
40 37 4
40 38 6
41 0 3
41 1 1
41 2 6
41 3 8
41 5 10
41 6 8
41 7 6
41 8 4
41 9 6
41 10 6
41 11 10
41 14 5
41 15 1
41 17 7
41 18 7
41 19 5
41 22 4
41 24 1
41 25 7
41 26 1
41 29 2
41 30 7
41 32 7
41 35 3
41 37 3
41 39 2
41 40 5
42 2 10
42 3 9
42 4 5
42 6 10
42 7 8
42 9 6
42 10 1
42 12 4
42 15 7
42 16 2
42 17 6
42 18 10
42 19 5
42 20 9
42 21 7
42 24 9
42 25 6
42 28 6
42 30 7
42 31 5
42 32 10
42 33 7
42 35 1
42 37 8
42 40 8
43 1 2
43 4 6
43 5 10
43 7 10
43 8 4
43 10 9
43 12 10
43 13 8
43 14 10
43 15 5
43 16 5
43 19 8
43 23 6
43 25 7
43 27 2
43 28 9
43 31 5
43 33 7
43 35 1
43 38 6
43 39 7
43 40 9
43 41 10
43 42 2
44 0 8
44 5 2
44 6 2
44 7 4
44 8 5
44 9 1
44 10 4
44 11 3
44 13 4
44 15 3
44 16 6
44 17 5
44 18 3
44 19 8
44 21 5
44 22 1
44 24 6
44 25 1
44 26 10
44 27 7
44 28 2
44 29 1
44 30 10
44 32 2
44 34 8
44 35 5
44 38 5
44 40 4
44 41 1
44 43 7
45 0 2
45 1 8
45 2 4
45 3 6
45 6 6
45 7 3
45 8 1
45 10 10
45 11 9
45 12 9
45 13 9
45 14 6
45 17 3
45 18 9
45 19 7
45 20 5
45 22 7
45 23 5
45 27 2
45 29 7
45 30 10
45 31 5
45 35 8
45 37 6
45 39 9
45 40 6
45 41 6
45 42 1
45 43 6
46 0 4
46 1 2
46 2 5
46 5 2
46 6 9
46 10 9
46 14 10
46 15 5
46 16 1
46 17 10
46 18 8
46 21 8
46 22 7
46 23 5
46 25 9
46 26 3
46 27 9
46 30 7
46 32 10
46 33 4
46 34 9
46 36 6
46 38 8
46 39 8
46 41 8
46 42 10
46 43 6
46 44 8
46 45 3
47 2 6
47 6 1
47 8 9
47 9 6
47 10 5
47 11 3
47 12 8
47 15 7
47 16 8
47 17 6
47 18 6
47 20 9
47 22 7
47 23 7
47 28 4
47 30 2
47 32 1
47 36 6
47 38 7
47 39 4
47 40 3
47 41 4
47 42 9
47 43 2
47 45 5
48 0 1
48 3 6
48 6 2
48 8 6
48 9 3
48 10 6
48 11 10
48 14 9
48 15 2
48 16 5
48 17 5
48 19 2
48 20 8
48 21 2
48 23 6
48 26 7
48 28 7
48 29 4
48 30 7
48 31 5
48 32 8
48 33 6
48 34 6
48 36 8
48 37 10
48 43 7
48 46 1
49 0 10
49 1 9
49 2 8
49 3 3
49 5 5
49 6 4
49 7 2
49 9 9
49 12 8
49 15 10
49 16 6
49 17 10
49 19 8
49 20 5
49 21 8
49 23 4
49 24 5
49 25 10
49 26 4
49 27 5
49 31 4
49 33 7
49 36 7
49 37 2
49 38 6
49 39 10
49 40 3
49 42 5
49 44 7
49 47 2
49 48 3
50 1 1
50 3 8
50 5 4
50 7 5
50 9 7
50 10 9
50 11 8
50 12 10
50 13 5
50 15 9
50 16 2
50 18 7
50 19 2
50 20 10
50 21 9
50 22 5
50 23 6
50 25 2
50 26 5
50 27 6
50 28 2
50 30 6
50 31 10
50 34 7
50 35 6
50 36 8
50 38 8
50 43 6
50 47 10
50 48 9
51 2 5
51 4 3
51 6 10
51 9 8
51 11 8
51 12 7
51 13 8
51 14 1
51 17 9
51 18 3
51 19 8
51 20 2
51 21 3
51 22 2
51 24 9
51 25 7
51 26 5
51 28 8
51 31 4
51 32 8
51 33 9
51 34 8
51 37 5
51 38 2
51 41 9
51 42 1
51 43 9
51 46 7
51 47 1
51 49 10
52 1 1
52 2 3
52 4 8
52 6 6
52 7 6
52 8 9
52 9 1
52 10 8
52 11 8
52 12 2
52 13 9
52 15 6
52 16 5
52 17 10
52 18 1
52 19 10
52 20 7
52 21 6
52 23 8
52 24 6
52 25 10
52 27 8
52 28 8
52 33 3
52 38 7
52 40 10
52 41 3
52 46 3
52 48 4
52 49 6
53 0 4
53 1 3
53 2 1
53 4 3
53 5 4
53 7 10
53 10 4
53 11 2
53 12 6
53 13 3
53 14 4
53 15 10
53 19 6
53 21 8
53 23 8
53 25 5
53 26 2
53 28 8
53 29 3
53 31 8
53 33 10
53 35 10
53 36 6
53 37 3
53 38 8
53 39 9
53 40 7
53 42 2
53 44 9
53 47 10
53 48 6
53 51 2
53 52 3
54 0 3
54 2 4
54 3 4
54 5 10
54 6 10
54 7 9
54 8 10
54 11 7
54 12 2
54 13 7
54 14 6
54 18 6
54 20 7
54 22 10
54 24 9
54 26 10
54 28 6
54 32 3
54 35 10
54 37 9
54 38 5
54 39 10
54 40 1
54 42 7
54 43 7
54 44 2
54 45 8
54 47 5
54 48 3
54 49 7
54 50 9
54 51 9
54 53 3
55 0 3
55 2 5
55 4 4
55 6 6
55 8 1
55 9 4
55 10 5
55 11 8
55 12 2
55 15 10
55 16 8
55 18 2
55 19 4
55 21 7
55 22 4
55 23 1
55 24 6
55 26 9
55 33 7
55 36 6
55 37 6
55 38 6
55 39 8
55 40 9
55 41 3
55 43 10
55 46 10
55 47 3
55 48 6
55 49 10
55 50 2
55 54 7
56 2 4
56 4 3
56 5 10
56 7 10
56 8 6
56 10 3
56 11 7
56 14 8
56 15 7
56 16 4
56 18 7
56 19 2
56 20 5
56 21 9
56 23 7
56 27 1
56 28 3
56 30 4
56 31 5
56 32 2
56 33 7
56 34 3
56 35 1
56 37 4
56 38 3
56 39 7
56 41 5
56 43 2
56 44 4
56 46 3
56 47 1
56 48 7
56 51 4
56 52 3
56 54 3
56 55 1
57 0 10
57 1 2
57 2 3
57 3 1
57 4 10
57 5 2
57 6 6
57 10 3
57 11 9
57 13 8
57 15 7
57 17 2
57 18 3
57 21 4
57 22 6
57 23 7
57 24 8
57 25 6
57 27 4
57 28 6
57 29 2
57 30 3
57 31 6
57 33 3
57 37 3
57 38 5
57 40 1
57 42 4
57 43 9
57 45 1
57 47 2
57 48 5
57 50 3
57 51 6
57 53 10
57 54 4
57 55 9
57 56 7
58 0 7
58 1 6
58 3 2
58 6 9
58 7 3
58 9 9
58 10 1
58 11 5
58 12 10
58 14 5
58 15 7
58 16 3
58 17 5
58 19 5
58 21 6
58 22 8
58 24 9
58 25 8
58 26 9
58 28 2
58 30 6
58 31 4
58 32 4
58 35 2
58 36 9
58 37 2
58 38 9
58 39 10
58 40 9
58 41 4
58 43 1
58 46 10
58 47 10
58 48 9
58 49 4
58 51 10
58 54 4
58 56 3
58 57 2
59 2 5
59 3 2
59 4 3
59 6 3
59 7 1
59 8 5
59 9 1
59 11 6
59 12 6
59 13 5
59 14 5
59 17 4
59 19 6
59 20 7
59 22 4
59 23 6
59 24 10
59 25 7
59 26 4
59 27 1
59 28 9
59 29 4
59 30 5
59 31 1
59 32 10
59 34 2
59 36 6
59 38 4
59 43 10
59 45 1
59 46 10
59 48 1
59 49 3
59 50 6
59 51 2
59 52 4
59 53 7
59 54 1
59 55 5
59 57 10
59 58 2
60 0 6
60 2 1
60 3 5
60 4 2
60 5 6
60 7 7
60 11 4
60 12 6
60 13 9
60 15 7
60 16 5
60 19 10
60 21 2
60 22 8
60 23 8
60 24 5
60 26 1
60 33 6
60 38 5
60 39 6
60 40 4
60 42 9
60 44 8
60 49 1
60 53 2
60 54 10
60 56 4
60 57 4
60 58 5
61 0 6
61 1 8
61 3 5
61 6 2
61 7 9
61 8 2
61 9 10
61 11 6
61 12 5
61 13 9
61 14 8
61 16 1
61 19 9
61 20 2
61 21 9
61 22 9
61 23 2
61 24 5
61 26 1
61 27 5
61 28 3
61 30 7
61 31 7
61 32 4
61 33 9
61 36 10
61 37 6
61 38 4
61 39 8
61 40 5
61 42 8
61 43 2
61 44 10
61 45 6
61 46 4
61 49 7
61 53 3
61 54 6
61 55 2
61 57 3
61 59 5
61 60 3
62 3 9
62 5 2
62 6 6
62 7 8
62 8 5
62 9 8
62 11 2
62 12 2
62 13 1
62 14 4
62 15 2
62 17 7
62 19 4
62 20 10
62 21 3
62 24 4
62 25 9
62 27 9
62 28 8
62 29 10
62 34 7
62 36 2
62 37 9
62 38 10
62 40 1
62 41 9
62 43 8
62 44 5
62 45 1
62 50 6
62 51 8
62 53 9
62 56 3
62 58 7
62 59 6
62 60 1
63 1 8
63 2 5
63 3 7
63 4 1
63 5 6
63 7 3
63 9 9
63 10 7
63 12 1
63 13 6
63 14 5
63 16 9
63 17 9
63 20 6
63 21 6
63 22 8
63 23 1
63 24 1
63 25 6
63 26 3
63 27 7
63 28 7
63 29 5
63 30 8
63 36 6
63 37 8
63 39 9
63 40 6
63 42 6
63 43 9
63 44 2
63 45 9
63 46 2
63 47 3
63 48 7
63 49 8
63 50 3
63 51 1
63 52 6
63 54 4
63 55 2
63 57 9
63 58 10
63 59 5
63 60 1
63 61 6
63 62 7
64 2 3
64 5 1
64 8 9
64 9 10
64 13 5
64 14 3
64 17 5
64 18 4
64 19 4
64 20 9
64 21 2
64 22 9
64 23 1
64 25 10
64 27 6
64 28 8
64 29 3
64 30 1
64 31 5
64 32 1
64 34 2
64 35 4
64 36 7
64 37 2
64 41 7
64 42 3
64 43 9
64 45 7
64 48 3
64 50 9
64 52 1
64 54 4
64 57 4
64 59 3
64 60 6
64 61 4
64 62 10
65 1 2
65 2 3
65 6 2
65 8 3
65 10 4
65 11 3
65 12 10
65 13 3
65 15 3
65 17 1
65 18 3
65 21 1
65 22 4
65 23 3
65 24 1
65 26 8
65 28 8
65 29 9
65 30 5
65 32 6
65 33 1
65 34 8
65 35 8
65 36 9
65 38 4
65 45 10
65 46 3
65 50 10
65 51 3
65 52 5
65 53 3
65 54 2
65 55 4
65 61 4
65 62 8
65 64 5
66 1 9
66 2 5
66 4 10
66 6 4
66 9 1
66 11 8
66 13 1
66 14 7
66 15 3
66 16 5
66 18 3
66 20 3
66 21 5
66 23 1
66 24 4
66 26 9
66 27 9
66 30 10
66 31 4
66 34 6
66 35 7
66 36 5
66 37 8
66 38 8
66 41 1
66 43 9
66 44 7
66 45 3
66 46 8
66 51 4
66 52 6
66 53 2
66 55 9
66 56 8
66 58 6
66 59 2
66 60 5
66 61 6
66 62 8
66 65 8
67 1 3
67 3 1
67 4 1
67 5 7
67 7 10
67 10 9
67 11 3
67 12 8
67 13 5
67 14 1
67 16 1
67 17 6
67 20 1
67 22 6
67 23 1
67 24 8
67 27 7
67 28 3
67 29 1
67 35 5
67 37 8
67 39 3
67 40 7
67 43 8
67 44 5
67 45 8
67 46 3
67 48 1
67 50 4
67 52 5
67 53 3
67 55 8
67 56 9
67 58 8
67 59 3
67 61 8
67 63 1
67 64 4
67 65 10
67 66 5
68 2 9
68 3 5
68 4 8
68 7 9
68 8 7
68 10 8
68 13 10
68 14 7
68 15 2
68 17 6
68 20 1
68 24 5
68 25 1
68 26 10
68 27 1
68 28 6
68 30 7
68 31 10
68 32 2
68 34 5
68 35 3
68 36 1
68 37 6
68 39 8
68 41 9
68 42 4
68 44 8
68 45 6
68 46 5
68 47 10
68 48 9
68 51 1
68 56 3
68 60 2
68 65 6
68 66 9
68 67 8
69 0 3
69 2 10
69 4 3
69 7 5
69 15 7
69 16 7
69 18 5
69 19 2
69 20 2
69 21 4
69 24 2
69 26 5
69 27 5
69 29 3
69 31 9
69 36 7
69 38 6
69 39 9
69 40 9
69 42 8
69 44 9
69 45 7
69 48 10
69 49 7
69 50 9
69 52 2
69 53 10
69 54 7
69 55 5
69 56 5
69 57 4
69 59 7
69 60 2
69 63 10
69 65 7
69 67 8
